0 37
1 45
2 50
3 1580
4 51
5 51
6 7
7 1580
8 3297
9 88
10 4105
11 4105
12 788
13 36
14 97
15 37
16 37
17 28
18 488
19 488
20 807
21 37
22 37
23 92
24 486
25 189
26 92
27 92
28 1747
29 45
30 47
31 781
32 27
33 481
34 4060
35 4036
36 20
37 255
38 4894
39 1536
40 2507
41 36
42 100
43 1
44 1743
45 92
46 92
47 4060
48 1743
49 37
50 37
51 60
52 88
53 37
54 37
55 92
56 37
57 92
58 37
59 92
60 1536
61 2463
62 1579
63 179
64 1535
65 1512
66 4061
67 3327
68 51
69 2507
70 2939
71 1743
72 1743
73 88
74 1579
75 35
76 0
77 36
78 1746
79 809
80 781
81 782
82 781
83 37
84 37
85 1579
86 14
87 2463
88 2463
89 92
90 92
91 92
92 92
93 92
94 47
95 114
96 18
97 53
98 38
99 2527
100 35
101 1579
102 162
103 133
104 436
105 1582
106 103
107 35
108 34
109 2495
110 92
111 1579
112 129
113 7
114 2503
115 97
116 1743
117 1747
118 4062
119 481
120 1743
121 1537
122 1743
123 36
124 86
125 1580
126 129
127 481
128 51
129 0
130 28
131 1535
132 179
133 2527
134 1742
135 128
136 92
137 92
138 558
139 481
140 1
141 87
142 1536
143 79
144 13
145 2460
146 1579
147 4105
148 1536
149 2463
150 2940
151 1512
152 427
153 2939
154 51
155 7
156 51
157 88
158 35
159 97
160 36
161 100
162 1747
163 37
164 37
165 37
166 37
167 37
168 37
169 21
170 21
171 181
172 37
173 37
174 37
175 21
176 140
177 155
178 154
179 174
180 154
181 781
182 781
183 782
184 1287
185 782
186 809
187 37
188 21
189 21
190 782
191 782
192 73
193 1287
194 154
195 142
196 174
197 46
198 46
199 46
200 154
201 782
202 782
203 782
204 142
205 154
206 2322
207 46
208 46
209 37
210 37
211 37
212 37
213 37
214 37
215 37
216 140
217 782
218 46
219 140
220 24
221 3021
222 2390
223 2383
224 4030
225 856
226 3868
227 2978
228 2642
229 2866
230 1435
231 3951
232 2590
233 4013
234 4721
235 2688
236 4029
237 3005
238 4721
239 3852
240 3262
241 2688
242 2932
243 2935
244 4031
245 2294
246 2381
247 3005
248 3947
249 1587
250 3262
251 2646
252 4031
253 673
254 4991
255 4032
256 3947
257 3977
258 3815
259 3275
260 3275
261 3275
262 3944
263 3873
264 856
265 3951
266 2642
267 3866
268 3947
269 2866
270 1465
271 4307
272 261
273 3958
274 4887
275 1725
276 3325
277 4062
278 3050
279 2156
280 4734
281 3050
282 4708
283 4708
284 629
285 4994
286 1463
287 4751
288 3106
289 3130
290 4742
291 1716
292 3109
293 4268
294 4268
295 1590
296 1590
297 2697
298 2701
299 2883
300 4754
301 3130
302 3130
303 456
304 4671
305 803
306 803
307 1348
308 3948
309 1465
310 455
311 635
312 4149
313 2909
314 569
315 2866
316 2978
317 3107
318 4754
319 2682
320 4673
321 2964
322 4156
323 3130
324 4695
325 4695
326 4754
327 4802
328 4697
329 2683
330 4149
331 2682
332 4168
333 4792
334 4156
335 4792
336 4673
337 4673
338 4673
339 2973
340 2822
341 2974
342 2975
343 2725
344 4700
345 2717
346 3116
347 4700
348 2717
349 3116
350 3057
351 4168
352 4168
353 4168
354 4690
355 4136
356 4690
357 4690
358 3057
359 2721
360 2725
361 4707
362 2977
363 2837
364 2717
365 3116
366 2717
367 3059
368 2791
369 4707
370 4707
371 2837
372 4202
373 4201
374 4202
375 4814
376 4187
377 4814
378 4814
379 4185
380 3161
381 4814
382 3162
383 3162
384 4175
385 4816
386 2789
387 2789
388 4816
389 4816
390 4175
391 2796
392 4184
393 2789
394 4185
395 4235
396 4235
397 2985
398 2781
399 4225
400 3096
401 2801
402 2781
403 2781
404 4233
405 4235
406 4233
407 4233
408 2781
409 2781
410 4234
411 634
412 270
413 3039
414 4156
415 4674
416 2721
417 4700
418 2791
419 3162
420 3081
421 2789
422 4182
423 4225
424 2801
425 3109
426 2684
427 4700
428 4700
429 4174
430 4674
431 4674
432 2721
433 2719
434 2977
435 4201
436 2717
437 2717
438 2717
439 2838
440 3162
441 4814
442 3162
443 4187
444 3162
445 4814
446 4187
447 4168
448 3262
449 3262
450 4952
451 4952
452 3852
453 3867
454 1725
455 1724
456 4895
457 621
458 2914
459 2911
460 2700
461 1538
462 1701
463 4251
464 4897
465 4882
466 4727
467 3239
468 3881
469 4307
470 3388
471 4283
472 2395
473 2994
474 4708
475 4684
476 4283
477 3867
478 3867
479 3262
480 4031
481 3275
482 2913
483 3111
484 4243
485 3126
486 2685
487 262
488 3122
489 2701
490 2168
491 4149
492 4260
493 3942
494 3945
495 3275
496 3275
497 3275
498 4031
499 4030
500 4031
501 4032
502 203
503 1587
504 1587
505 4924
506 1425
507 880
508 1584
509 4109
510 3258
511 1491
512 3258
513 2328
514 3942
515 2406
516 4700
517 2725
518 3948
519 2935
520 2140
521 4722
522 4952
523 3275
524 3947
525 3262
526 3799
527 455
528 4749
529 456
530 4746
531 2192
532 2892
533 2884
534 2193
535 790
536 4686
537 4671
538 4673
539 4168
540 3122
541 2720
542 2725
543 2719
544 2975
545 4707
546 4202
547 4187
548 4817
549 4179
550 4184
551 2782
552 2616
553 3124
554 3239
555 3219
556 3255
557 3255
558 2642
559 4952
560 4952
561 2994
562 3873
563 3945
564 2646
565 4952
566 2646
567 559
568 3951
569 3262
570 3262
571 4984
572 4309
573 3955
574 2978
575 3945
576 2891
577 569
578 1725
579 1463
580 1724
581 2913
582 4747
583 2913
584 3846
585 286
586 286
587 286
588 1725
589 4164
590 4802
591 4686
592 4686
593 4695
594 4673
595 2724
596 4168
597 2974
598 2974
599 4174
600 3122
601 4156
602 4156
603 2973
604 2721
605 2863
606 4201
607 2791
608 4175
609 3162
610 3162
611 2789
612 3162
613 2789
614 2789
615 4181
616 4181
617 4184
618 4184
619 2985
620 4183
621 2985
622 2985
623 4181
624 3091
625 4235
626 2207
627 4746
628 790
629 3180
630 4882
631 2684
632 2134
633 3037
634 3037
635 4888
636 4157
637 2720
638 2724
639 4168
640 3122
641 3055
642 4283
643 4283
644 1724
645 4256
646 3110
647 2950
648 4753
649 4753
650 4997
651 4727
652 3817
653 3817
654 3963
655 3873
656 3796
657 3950
658 3254
659 3796
660 1725
661 512
662 3126
663 2973
664 4168
665 2724
666 2723
667 2719
668 2717
669 2717
670 4816
671 4183
672 2782
673 455
674 4728
675 635
676 635
677 3300
678 574
679 270
680 2351
681 3852
682 3275
683 2698
684 3949
685 1597
686 420
687 2883
688 4742
689 2592
690 3951
691 2698
692 3852
693 3222
694 3914
695 3918
696 3424
697 3900
698 3234
699 3233
700 3550
701 3909
702 3917
703 3253
704 3190
705 3911
706 3907
707 4074
708 3895
709 3237
710 3234
711 3257
712 4063
713 3424
714 4063
715 3257
716 3895
717 3259
718 2658
719 3981
720 3210
721 3279
722 4277
723 2649
724 2616
725 3821
726 3981
727 2649
728 3890
729 3914
730 3916
731 3257
732 3260
733 3424
734 3237
735 3257
736 3257
737 3210
738 4277
739 4277
740 3211
741 3210
742 3981
743 2649
744 3190
745 3426
746 3914
747 3910
748 3190
749 3895
750 3981
751 3887
752 2658
753 4076
754 3916
755 3914
756 2649
757 3254
758 3902
759 2658
760 3889
761 3259
762 3237
763 4063
764 3279
765 2658
766 2658
767 3410
768 3230
769 3195
770 3550
771 3218
772 3424
773 4277
774 3260
775 2658
776 4277
777 3424
778 3888
779 2824
780 3867
781 2646
782 3275
783 3866
784 3124
785 3951
786 3852
787 3852
788 3257
789 3887
790 4277
791 3262
792 37
793 37
794 558
795 37
796 781
797 35
798 2939
799 2290
800 2518
801 788
802 629
803 140
804 21
805 37
806 479
807 4307
808 1491
809 1538
810 21
811 1597
812 37
813 37
814 37
815 21
816 781
817 1286
818 37
819 37
820 46
821 1729
822 2308
823 629
824 569
825 1463
826 3984
827 3984
828 3942
829 3942
830 2939
831 189
832 788
833 3297
834 51
835 2390
836 2348
837 4109
838 4046
839 3960
840 4967
841 4980
842 2353
843 3817
844 3854
845 3033
846 2951
847 2591
848 3961
849 4016
850 4016
851 3275
852 3275
853 3275
854 3852
855 3275
856 2646
857 3817
858 3852
859 3852
860 3275
861 3275
862 4016
863 3275
864 3275
865 3817
866 4016
867 4031
868 2698
869 3817
870 3005
871 3005
872 4956
873 4952
874 4952
875 4952
876 3335
877 3409
878 3815
879 4952
880 3815
881 3815
882 4952
883 4952
884 3852
885 3852
886 3961
887 3817
888 4031
889 3961
890 3381
891 3144
892 3366
893 3013
894 3366
895 3142
896 3837
897 3837
898 3005
899 2387
900 4965
901 2891
902 3005
903 4029
904 3005
905 3852
906 3852
907 3852
908 3852
909 3275
910 3275
911 3275
912 3261
913 3951
914 3950
915 3239
916 2616
917 3981
918 3814
919 3243
920 3981
921 2463
922 4105
923 4105
924 3424
925 3237
926 3888
927 3907
928 3197
929 3904
930 3194
931 3419
932 3253
933 3907
934 3904
935 3234
936 3436
937 3437
938 3437
939 3930
940 3436
941 3436
942 3433
943 3920
944 3920
945 3436
946 3436
947 3433
948 3937
949 3927
950 3919
951 3930
952 3929
953 3923
954 3919
955 3433
956 3935
957 3927
958 3433
959 3489
960 3464
961 3461
962 3778
963 3463
964 3466
965 3466
966 3465
967 3624
968 3600
969 3464
970 3503
971 3780
972 3454
973 3466
974 3788
975 3464
976 3780
977 3466
978 3454
979 3489
980 3526
981 3503
982 3935
983 3546
984 3466
985 3592
986 3759
987 3547
988 3764
989 3546
990 3609
991 3776
992 3788
993 3746
994 3725
995 3634
996 3787
997 3546
998 3759
999 3759
1000 3612
1001 3749
1002 3780
1003 3546
1004 3464
1005 3776
1006 3454
1007 3466
1008 3933
1009 3490
1010 3728
1011 3624
1012 3624
1013 3686
1014 3537
1015 3454
1016 3503
1017 3489
1018 3933
1019 3546
1020 3437
1021 3430
1022 3430
1023 3430
1024 3932
1025 3935
1026 3430
1027 3641
1028 3546
1029 3465
1030 3759
1031 3725
1032 3478
1033 3641
1034 3464
1035 3787
1036 3709
1037 3759
1038 3767
1039 3444
1040 3624
1041 3728
1042 3698
1043 3609
1044 3464
1045 3759
1046 3464
1047 3624
1048 3612
1049 3624
1050 3686
1051 3454
1052 3624
1053 3465
1054 3624
1055 3465
1056 3501
1057 3429
1058 3437
1059 3546
1060 3546
1061 3767
1062 3745
1063 3552
1064 3722
1065 3624
1066 3602
1067 3520
1068 3780
1069 3783
1070 3605
1071 3749
1072 3927
1073 3504
1074 3745
1075 3759
1076 3624
1077 3624
1078 3624
1079 3624
1080 3624
1081 3624
1082 3624
1083 3624
1084 3624
1085 3624
1086 3624
1087 3624
1088 3624
1089 3624
1090 3624
1091 3624
1092 3624
1093 3624
1094 3624
1095 3624
1096 3624
1097 3624
1098 3624
1099 3624
1100 3630
1101 3588
1102 3709
1103 3552
1104 3576
1105 3588
1106 3552
1107 3630
1108 3598
1109 3624
1110 3588
1111 3686
1112 3624
1113 3686
1114 3624
1115 3624
1116 3624
1117 3624
1118 3624
1119 3624
1120 3624
1121 3532
1122 3609
1123 3579
1124 3624
1125 3609
1126 3624
1127 3624
1128 3624
1129 3624
1130 3624
1131 3471
1132 3632
1133 3609
1134 3624
1135 3624
1136 3624
1137 3624
1138 3624
1139 3624
1140 3624
1141 3624
1142 3624
1143 3624
1144 3624
1145 3624
1146 3624
1147 3624
1148 3624
1149 3624
1150 3624
1151 3624
1152 3624
1153 3624
1154 3624
1155 3624
1156 3624
1157 3624
1158 3575
1159 3630
1160 3610
1161 3632
1162 3641
1163 3598
1164 3641
1165 3532
1166 3758
1167 3542
1168 3576
1169 3532
1170 3641
1171 3725
1172 3761
1173 3780
1174 3624
1175 3530
1176 3624
1177 3756
1178 3514
1179 3544
1180 3560
1181 3624
1182 3509
1183 3624
1184 3624
1185 3624
1186 3532
1187 3514
1188 3641
1189 3624
1190 3610
1191 3624
1192 3624
1193 3624
1194 3610
1195 3624
1196 3641
1197 3624
1198 3478
1199 3610
1200 3624
1201 3624
1202 3624
1203 3624
1204 3624
1205 3624
1206 3624
1207 3624
1208 3624
1209 3624
1210 3624
1211 3624
1212 3624
1213 3624
1214 3624
1215 3624
1216 3624
1217 3624
1218 3624
1219 3624
1220 3624
1221 3624
1222 3624
1223 3717
1224 3554
1225 3686
1226 3686
1227 3764
1228 3722
1229 3638
1230 3641
1231 3577
1232 3560
1233 3759
1234 3746
1235 3745
1236 3749
1237 3764
1238 3756
1239 3512
1240 3650
1241 3728
1242 3787
1243 3469
1244 3482
1245 3756
1246 3574
1247 3512
1248 3544
1249 3736
1250 3540
1251 3577
1252 3482
1253 3483
1254 3483
1255 3483
1256 3544
1257 3544
1258 3483
1259 3483
1260 3483
1261 3483
1262 3483
1263 3483
1264 3544
1265 3577
1266 3577
1267 3483
1268 3483
1269 3788
1270 3787
1271 3746
1272 3777
1273 3776
1274 3788
1275 3787
1276 3780
1277 3780
1278 3780
1279 3780
1280 3463
1281 3463
1282 3780
1283 3780
1284 3463
1285 3463
1286 3463
1287 3464
1288 3511
1289 3511
1290 3511
1291 3464
1292 3511
1293 3464
1294 3511
1295 3511
1296 3511
1297 3511
1298 3511
1299 3511
1300 3463
1301 3463
1302 3464
1303 3464
1304 3511
1305 3511
1306 3511
1307 3454
1308 3745
1309 3788
1310 3464
1311 3750
1312 3776
1313 3464
1314 3780
1315 3546
1316 3546
1317 3776
1318 3546
1319 3788
1320 3787
1321 3787
1322 3464
1323 3465
1324 3546
1325 3454
1326 3776
1327 3463
1328 3464
1329 3486
1330 3785
1331 3454
1332 3785
1333 3546
1334 3454
1335 3489
1336 3466
1337 3466
1338 3786
1339 3465
1340 3466
1341 3489
1342 3526
1343 3503
1344 3785
1345 3780
1346 100
1347 40
1348 40
1349 100
1350 781
1351 781
1352 37
1353 75
1354 1290
1355 3215
1356 2592
1357 2592
1358 2642
1359 3802
1360 3255
1361 2994
1362 2885
1363 3215
1364 3124
1365 2885
1366 2592
1367 3239
1368 3254
1369 3255
1370 3862
1371 3944
1372 2896
1373 3949
1374 3945
1375 3945
1376 3796
1377 3866
1378 3944
1379 2994
1380 3244
1381 3944
1382 3873
1383 2885
1384 3859
1385 3948
1386 2866
1387 3859
1388 4283
1389 3869
1390 3869
1391 3868
1392 3948
1393 3948
1394 3868
1395 3282
1396 3868
1397 3874
1398 4013
1399 1436
1400 1435
1401 1435
1402 2646
1403 192
1404 756
1405 3262
1406 3262
1407 3262
1408 4918
1409 3241
1410 3890
1411 3904
1412 3197
1413 3904
1414 3234
1415 3887
1416 3234
1417 3194
1418 3194
1419 3890
1420 3897
1421 3234
1422 3234
1423 3907
1424 3911
1425 3911
1426 3906
1427 3190
1428 3190
1429 3911
1430 3233
1431 3917
1432 3190
1433 3190
1434 3190
1435 3911
1436 3190
1437 3924
1438 3550
1439 3914
1440 3909
1441 3914
1442 3550
1443 3914
1444 3550
1445 3909
1446 3550
1447 3550
1448 3914
1449 3927
1450 3927
1451 3927
1452 3920
1453 3433
1454 3550
1455 3920
1456 3927
1457 3920
1458 3920
1459 3920
1460 3436
1461 3930
1462 3930
1463 3930
1464 3436
1465 3436
1466 3437
1467 3436
1468 3928
1469 3930
1470 3436
1471 3436
1472 2585
1473 2348
1474 4309
1475 187
1476 187
1477 2298
1478 209
1479 4309
1480 2978
1481 3867
1482 2979
1483 3857
1484 2824
1485 2824
1486 3976
1487 4984
1488 2351
1489 1489
1490 3144
1491 3335
1492 3961
1493 4830
1494 2885
1495 2994
1496 3866
1497 3815
1498 4031
1499 3976
1500 3947
1501 3867
1502 3857
1503 3868
1504 2162
1505 629
1506 629
1507 2697
1508 2602
1509 2308
1510 3963
1511 3875
1512 4785
1513 3029
1514 2688
1515 2646
1516 2618
1517 3275
1518 2646
1519 2646
1520 2646
1521 1435
1522 4031
1523 4013
1524 3875
1525 4918
1526 1554
1527 811
1528 3262
1529 3262
1530 3947
1531 3262
1532 3262
1533 3262
1534 2395
1535 3875
1536 4972
1537 4984
1538 2208
1539 4307
1540 3796
1541 3846
1542 2891
1543 3945
1544 2589
1545 3875
1546 4029
1547 3012
1548 2586
1549 3875
1550 3817
1551 3012
1552 3376
1553 3366
1554 3366
1555 3960
1556 3366
1557 3012
1558 3366
1559 3144
1560 3335
1561 1530
1562 856
1563 4924
1564 2349
1565 3939
1566 1425
1567 3237
1568 3257
1569 3220
1570 4277
1571 4072
1572 4063
1573 3279
1574 4277
1575 4072
1576 4072
1577 3888
1578 4072
1579 3260
1580 3237
1581 3237
1582 3231
1583 4069
1584 3424
1585 3888
1586 3203
1587 3895
1588 3376
1589 188
1590 4972
1591 1357
1592 1357
1593 1357
1594 2866
1595 1731
1596 1557
1597 3948
1598 3864
1599 3947
1600 3976
1601 3976
1602 4089
1603 3976
1604 3262
1605 3947
1606 3951
1607 3951
1608 3275
1609 3275
1610 3275
1611 3261
1612 3261
1613 3951
1614 812
1615 1582
1616 2304
1617 51
1618 3976
1619 209
1620 1425
1621 231
1622 4082
1623 4997
1624 3315
1625 1465
1626 802
1627 802
1628 2308
1629 261
1630 2157
1631 2162
1632 4751
1633 568
1634 2253
1635 803
1636 569
1637 2141
1638 2142
1639 285
1640 1596
1641 4291
1642 3984
1643 2162
1644 2866
1645 4672
1646 4695
1647 2973
1648 2973
1649 430
1650 2964
1651 3130
1652 4792
1653 2909
1654 4877
1655 4855
1656 4673
1657 3130
1658 2682
1659 3130
1660 4673
1661 4673
1662 3039
1663 2973
1664 2972
1665 2973
1666 2683
1667 2683
1668 4802
1669 430
1670 3130
1671 2682
1672 3130
1673 2682
1674 3130
1675 2682
1676 4695
1677 4686
1678 4697
1679 4816
1680 4817
1681 4816
1682 4816
1683 2984
1684 2789
1685 3081
1686 4816
1687 2789
1688 2984
1689 4183
1690 2789
1691 4817
1692 3162
1693 4175
1694 4175
1695 4816
1696 4175
1697 4187
1698 3162
1699 3162
1700 4187
1701 4814
1702 4814
1703 4187
1704 4187
1705 4816
1706 4814
1707 4814
1708 3162
1709 2791
1710 3162
1711 4814
1712 4187
1713 3161
1714 2985
1715 4183
1716 4182
1717 4179
1718 4183
1719 4184
1720 4183
1721 4184
1722 4196
1723 4235
1724 4180
1725 2985
1726 4184
1727 4183
1728 4183
1729 2985
1730 2985
1731 4184
1732 3081
1733 4179
1734 2406
1735 270
1736 1736
1737 803
1738 2912
1739 4896
1740 2157
1741 803
1742 2134
1743 262
1744 2674
1745 3126
1746 4243
1747 270
1748 803
1749 569
1750 1461
1751 4131
1752 1739
1753 2684
1754 3037
1755 4888
1756 3315
1757 2668
1758 4739
1759 2131
1760 623
1761 2648
1762 629
1763 783
1764 629
1765 2308
1766 1561
1767 3857
1768 4283
1769 3868
1770 4722
1771 3868
1772 3859
1773 443
1774 2308
1775 569
1776 2308
1777 569
1778 259
1779 4757
1780 2141
1781 1536
1782 481
1783 2503
1784 114
1785 2495
1786 36
1787 3942
1788 812
1789 1743
1790 1538
1791 654
1792 270
1793 4972
1794 4986
1795 3869
1796 4468
1797 2802
1798 4469
1799 2803
1800 4225
1801 2804
1802 4470
1803 4475
1804 2803
1805 2832
1806 2813
1807 2814
1808 2813
1809 4461
1810 4463
1811 4461
1812 4462
1813 4462
1814 4475
1815 4463
1816 4462
1817 4461
1818 4473
1819 4461
1820 4474
1821 4488
1822 4317
1823 4488
1824 4474
1825 4488
1826 4420
1827 4420
1828 4447
1829 4420
1830 4420
1831 4420
1832 4420
1833 4420
1834 4420
1835 4420
1836 4420
1837 4420
1838 4420
1839 4420
1840 4420
1841 4420
1842 4420
1843 4420
1844 4420
1845 4420
1846 4420
1847 4420
1848 4420
1849 4420
1850 4420
1851 4420
1852 4447
1853 4420
1854 4420
1855 4420
1856 4420
1857 4439
1858 4438
1859 4419
1860 4419
1861 4439
1862 4420
1863 4420
1864 4420
1865 4393
1866 4420
1867 4420
1868 4420
1869 4420
1870 4420
1871 4420
1872 4420
1873 4420
1874 4420
1875 4420
1876 4420
1877 4420
1878 4420
1879 4420
1880 4420
1881 4420
1882 4420
1883 4420
1884 4420
1885 4420
1886 4420
1887 4420
1888 4420
1889 4420
1890 4420
1891 4420
1892 4420
1893 4420
1894 4420
1895 4420
1896 4420
1897 4420
1898 4420
1899 4420
1900 4447
1901 4420
1902 4420
1903 4447
1904 4438
1905 4447
1906 4420
1907 4447
1908 4371
1909 4420
1910 4420
1911 4447
1912 4420
1913 4415
1914 4419
1915 4341
1916 4447
1917 4371
1918 4415
1919 4342
1920 4420
1921 4420
1922 4420
1923 4420
1924 4420
1925 4420
1926 4420
1927 4420
1928 4420
1929 4420
1930 4420
1931 4420
1932 4420
1933 4420
1934 4420
1935 4420
1936 4420
1937 4420
1938 4420
1939 4372
1940 4419
1941 4420
1942 4420
1943 4393
1944 4420
1945 4420
1946 4420
1947 4420
1948 4420
1949 4420
1950 4420
1951 4420
1952 4420
1953 4420
1954 4420
1955 4420
1956 4420
1957 4420
1958 4420
1959 4420
1960 4447
1961 4420
1962 4438
1963 4415
1964 4447
1965 4319
1966 2987
1967 2832
1968 4462
1969 2814
1970 2814
1971 4475
1972 4225
1973 2804
1974 4224
1975 2802
1976 2832
1977 2802
1978 4225
1979 2803
1980 4224
1981 2802
1982 4462
1983 4470
1984 4463
1985 4461
1986 4474
1987 4476
1988 4478
1989 4474
1990 4477
1991 4477
1992 4317
1993 4661
1994 4486
1995 4332
1996 4478
1997 4461
1998 4473
1999 2804
2000 4639
2001 4494
2002 4493
2003 4564
2004 4515
2005 4553
2006 4541
2007 4542
2008 4490
2009 4553
2010 4415
2011 4415
2012 4639
2013 4415
2014 4415
2015 4553
2016 4553
2017 4495
2018 4415
2019 4415
2020 4490
2021 4541
2022 4415
2023 4598
2024 4598
2025 4603
2026 4602
2027 4555
2028 4508
2029 4603
2030 4603
2031 4508
2032 4543
2033 4549
2034 4552
2035 4548
2036 4550
2037 4550
2038 4518
2039 4549
2040 4576
2041 4562
2042 4545
2043 4547
2044 4574
2045 4612
2046 4577
2047 4486
2048 4577
2049 4659
2050 4577
2051 4576
2052 4576
2053 4486
2054 4486
2055 4485
2056 4663
2057 4485
2058 4661
2059 4659
2060 4485
2061 4577
2062 4600
2063 4516
2064 4515
2065 4564
2066 4556
2067 4608
2068 4617
2069 4615
2070 4605
2071 4605
2072 4599
2073 4565
2074 4514
2075 4604
2076 4497
2077 4563
2078 4511
2079 4521
2080 4523
2081 4576
2082 4659
2083 4659
2084 4523
2085 4613
2086 4612
2087 4543
2088 4555
2089 4548
2090 4551
2091 4549
2092 4549
2093 4604
2094 4547
2095 4562
2096 4576
2097 4576
2098 4561
2099 4561
2100 4576
2101 4562
2102 4547
2103 4518
2104 4579
2105 4659
2106 4577
2107 4529
2108 4661
2109 4484
2110 4663
2111 4487
2112 4662
2113 4487
2114 4486
2115 4478
2116 4484
2117 4487
2118 4478
2119 4659
2120 4513
2121 4497
2122 4595
2123 4508
2124 4541
2125 4543
2126 4553
2127 4543
2128 4509
2129 4550
2130 4548
2131 4550
2132 4546
2133 4511
2134 4546
2135 4546
2136 4511
2137 4549
2138 4549
2139 4546
2140 4549
2141 4546
2142 4546
2143 4546
2144 4518
2145 4521
2146 4549
2147 4549
2148 4549
2149 4545
2150 4547
2151 4547
2152 4545
2153 4547
2154 4562
2155 4562
2156 4562
2157 4562
2158 4547
2159 4562
2160 4393
2161 4420
2162 4420
2163 4420
2164 4420
2165 4415
2166 4384
2167 4420
2168 4420
2169 4384
2170 4420
2171 4376
2172 4415
2173 4415
2174 4415
2175 4438
2176 4438
2177 4372
2178 4415
2179 4415
2180 4415
2181 4542
2182 4541
2183 4498
2184 4415
2185 4498
2186 4372
2187 4493
2188 4415
2189 4420
2190 4415
2191 4447
2192 4348
2193 4415
2194 4415
2195 4415
2196 4415
2197 4393
2198 4317
2199 4487
2200 4478
2201 4474
2202 4478
2203 4317
2204 4487
2205 4485
2206 4486
2207 4621
2208 4486
2209 4478
2210 4478
2211 4476
2212 3852
2213 3852
2214 3852
2215 3268
2216 4952
2217 2609
2218 2791
2219 4814
2220 4814
2221 4201
2222 4721
2223 491
2224 4742
2225 4671
2226 1725
2227 4673
2228 4792
2229 2717
2230 4202
2231 4690
2232 4168
2233 1465
2234 3122
2235 2721
2236 4700
2237 803
2238 4708
2239 4882
2240 4283
2241 2682
2242 4672
2243 2973
2244 4882
2245 2118
2246 261
2247 1465
2248 4754
2249 3130
2250 4754
2251 2682
2252 4792
2253 4168
2254 4690
2255 2975
2256 2717
2257 4707
2258 2974
2259 4700
2260 4174
2261 2406
2262 3859
2263 3108
2264 2135
2265 569
2266 629
2267 4695
2268 4156
2269 2682
2270 2308
2271 569
2272 4202
2273 4814
2274 3868
2275 3868
2276 3037
2277 2685
2278 262
2279 2406
2280 2406
2281 654
2282 1465
2283 1725
2284 2207
2285 270
2286 2406
2287 4268
2288 2913
2289 4897
2290 2406
2291 4684
2292 270
2293 4737
2294 4243
2295 3110
2296 270
2297 617
2298 801
2299 4131
2300 1604
2301 2310
2302 2406
2303 4997
2304 51
2305 4882
2306 4708
2307 2395
2308 4754
2309 2707
2310 3057
2311 2717
2312 4707
2313 4202
2314 4235
2315 2913
2316 3161
2317 2791
2318 460
2319 4984
2320 4977
2321 3947
2322 4258
2323 456
2324 3964
2325 4802
2326 573
2327 2683
2328 4782
2329 4149
2330 4156
2331 4816
2332 4184
2333 3081
2334 4728
2335 3948
2336 4897
2337 2973
2338 4168
2339 3122
2340 2723
2341 4700
2342 4700
2343 2838
2344 3162
2345 4184
2346 4231
2347 4972
2348 3144
2349 2698
2350 2951
2351 4283
2352 4948
2353 3947
2354 4013
2355 2932
2356 2995
2357 3846
2358 3366
2359 802
2360 261
2361 2866
2362 3039
2363 2920
2364 4802
2365 3130
2366 4672
2367 4175
2368 4817
2369 4814
2370 4187
2371 4202
2372 4181
2373 4231
2374 2914
2375 1464
2376 3868
2377 4224
2378 4469
2379 4463
2380 4474
2381 4463
2382 2832
2383 4476
2384 4478
2385 4578
2386 4485
2387 4576
2388 4659
2389 4577
2390 4562
2391 4484
2392 4562
2393 4562
2394 4487
2395 4331
2396 4251
2397 4897
2398 2391
2399 2388
2400 856
2401 3868
2402 3867
2403 4281
2404 1359
2405 3947
2406 2406
2407 2134
2408 2381
2409 1523
2410 2611
2411 3867
2412 856
2413 209
2414 3867
2415 1584
2416 2381
2417 875
2418 2293
2419 421
2420 2295
2421 4290
2422 1601
2423 4752
2424 36
2425 17
2426 21
2427 37
2428 37
2429 37
2430 21
2431 21
2432 46
2433 21
2434 46
2435 21
2436 781
2437 781
2438 35
2439 782
2440 1287
2441 3882
2442 4031
2443 3867
2444 3882
2445 4029
2446 201
2447 4031
2448 4031
2449 3947
2450 2390
2451 4031
2452 3144
2453 2646
2454 4952
2455 4031
2456 3275
2457 3275
2458 3867
2459 3867
2460 3275
2461 3275
2462 3144
2463 4943
2464 3381
2465 3386
2466 2611
2467 3013
2468 2924
2469 3976
2470 3262
2471 1436
2472 2618
2473 756
2474 2646
2475 3275
2476 2978
2477 3365
2478 3882
2479 756
2480 2618
2481 2618
2482 2618
2483 2646
2484 1436
2485 4013
2486 2647
2487 4013
2488 3328
2489 1530
2490 3262
2491 4942
2492 3874
2493 3144
2494 4013
2495 4943
2496 4013
2497 4785
2498 4013
2499 2978
2500 3948
2501 2866
2502 4835
2503 4942
2504 4082
2505 3867
2506 4086
2507 1433
2508 4989
2509 4092
2510 4989
2511 4089
2512 1359
2513 2684
2514 4283
2515 804
2516 4856
2517 2495
2518 4303
2519 2451
2520 3308
2521 3308
2522 51
2523 4110
2524 1580
2525 4061
2526 2463
2527 3297
2528 2494
2529 1744
2530 2495
2531 2495
2532 2458
2533 2936
2534 2650
2535 3297
2536 2495
2537 2495
2538 2495
2539 3297
2540 4060
2541 2495
2542 2495
2543 2527
2544 2495
2545 2495
2546 2518
2547 1747
2548 4894
2549 4059
2550 2508
2551 2520
2552 4060
2553 2654
2554 91
2555 1743
2556 4105
2557 2495
2558 2495
2559 92
2560 4036
2561 2495
2562 2495
2563 2443
2564 2512
2565 2518
2566 2495
2567 2495
2568 2495
2569 2495
2570 2495
2571 2495
2572 2495
2573 812
2574 558
2575 4062
2576 4894
2577 2652
2578 2652
2579 2939
2580 51
2581 51
2582 1743
2583 1743
2584 1579
2585 2463
2586 3321
2587 2442
2588 2494
2589 1740
2590 3415
2591 3290
2592 2520
2593 2495
2594 2495
2595 2495
2596 2508
2597 2434
2598 2508
2599 2495
2600 2495
2601 92
2602 92
2603 2516
2604 2495
2605 2454
2606 2516
2607 2459
2608 2444
2609 3290
2610 2528
2611 2518
2612 3289
2613 2498
2614 2624
2615 2624
2616 1741
2617 2520
2618 1746
2619 2495
2620 92
2621 1579
2622 130
2623 2507
2624 4300
2625 1743
2626 92
2627 3327
2628 4036
2629 2495
2630 51
2631 1743
2632 91
2633 64
2634 2417
2635 481
2636 4110
2637 4894
2638 3176
2639 4060
2640 2495
2641 2502
2642 2483
2643 98
2644 92
2645 2426
2646 4894
2647 2421
2648 2427
2649 2496
2650 2430
2651 34
2652 2528
2653 3297
2654 3297
2655 2654
2656 4036
2657 427
2658 2584
2659 2503
2660 2497
2661 2497
2662 2520
2663 1744
2664 2519
2665 1746
2666 2502
2667 2443
2668 2495
2669 2495
2670 2495
2671 2495
2672 2454
2673 2454
2674 4904
2675 4912
2676 2495
2677 2495
2678 2495
2679 2443
2680 2476
2681 3289
2682 3290
2683 3289
2684 3290
2685 2508
2686 3289
2687 3289
2688 4904
2689 3289
2690 2495
2691 2454
2692 2453
2693 3290
2694 3289
2695 3289
2696 4912
2697 3791
2698 3791
2699 2542
2700 2564
2701 2476
2702 2580
2703 2452
2704 3289
2705 3289
2706 3289
2707 4912
2708 3290
2709 2476
2710 2543
2711 2452
2712 2443
2713 2453
2714 2452
2715 2453
2716 2443
2717 2443
2718 2543
2719 2452
2720 4912
2721 4912
2722 2564
2723 2303
2724 209
2725 4048
2726 3870
2727 1508
2728 212
2729 1458
2730 562
2731 1346
2732 1565
2733 2247
2734 225
2735 4289
2736 4918
2737 1506
2738 1507
2739 630
2740 216
2741 4971
2742 3875
2743 4984
2744 2303
2745 1565
2746 2619
2747 2350
2748 4289
2749 248
2750 3993
2751 225
2752 4970
2753 4991
2754 225
2755 4089
2756 1357
2757 216
2758 216
2759 1506
2760 559
2761 2361
2762 446
2763 1303
2764 444
2765 2247
2766 630
2767 4128
2768 3325
2769 3958
2770 3958
2771 3958
2772 2254
2773 4035
2774 438
2775 1602
2776 1462
2777 1726
2778 441
2779 639
2780 1739
2781 2310
2782 1719
2783 2197
2784 639
2785 679
2786 2169
2787 2169
2788 1704
2789 2668
2790 621
2791 1726
2792 1358
2793 2197
2794 292
2795 2197
2796 2197
2797 668
2798 668
2799 2888
2800 2310
2801 4825
2802 1350
2803 3875
2804 636
2805 636
2806 636
2807 636
2808 1726
2809 1432
2810 1588
2811 1588
2812 639
2813 1619
2814 1618
2815 1646
2816 383
2817 638
2818 1619
2819 1642
2820 464
2821 286
2822 2199
2823 2259
2824 2199
2825 1619
2826 583
2827 297
2828 1623
2829 1623
2830 2260
2831 1645
2832 1640
2833 315
2834 657
2835 592
2836 326
2837 593
2838 658
2839 593
2840 2146
2841 2153
2842 590
2843 2256
2844 628
2845 582
2846 1615
2847 1608
2848 657
2849 314
2850 1647
2851 1644
2852 1624
2853 2145
2854 519
2855 587
2856 593
2857 462
2858 462
2859 587
2860 2126
2861 625
2862 330
2863 462
2864 333
2865 333
2866 321
2867 333
2868 323
2869 2130
2870 521
2871 597
2872 358
2873 490
2874 331
2875 662
2876 2237
2877 410
2878 344
2879 351
2880 352
2881 349
2882 2163
2883 410
2884 602
2885 2224
2886 1673
2887 1649
2888 391
2889 391
2890 2240
2891 1689
2892 528
2893 1687
2894 350
2895 363
2896 1683
2897 1691
2898 664
2899 1680
2900 664
2901 1680
2902 361
2903 528
2904 361
2905 654
2906 654
2907 270
2908 4728
2909 2259
2910 383
2911 1607
2912 294
2913 2146
2914 590
2915 2147
2916 404
2917 347
2918 1651
2919 1650
2920 1694
2921 3300
2922 617
2923 518
2924 299
2925 1647
2926 2222
2927 2222
2928 2123
2929 1608
2930 403
2931 462
2932 627
2933 591
2934 310
2935 2152
2936 405
2937 335
2938 2124
2939 340
2940 523
2941 660
2942 2237
2943 515
2944 2247
2945 248
2946 1506
2947 1506
2948 1586
2949 4291
2950 2661
2951 622
2952 2169
2953 621
2954 1697
2955 459
2956 458
2957 1458
2958 209
2959 1538
2960 397
2961 636
2962 2190
2963 1588
2964 639
2965 1563
2966 4970
2967 4936
2968 4128
2969 1358
2970 245
2971 639
2972 2178
2973 630
2974 1345
2975 2247
2976 2198
2977 1506
2978 397
2979 669
2980 4734
2981 4249
2982 2668
2983 2668
2984 585
2985 679
2986 1719
2987 638
2988 574
2989 2874
2990 1497
2991 756
2992 216
2993 1456
2994 1456
2995 1507
2996 1565
2997 557
2998 557
2999 209
3000 557
3001 4970
3002 212
3003 3943
3004 1584
3005 1429
3006 1303
3007 4894
3008 1530
3009 4307
3010 1589
3011 4289
3012 517
3013 3867
3014 2935
3015 2888
3016 766
3017 3863
3018 1565
3019 3870
3020 2247
3021 456
3022 668
3023 635
3024 668
3025 464
3026 508
3027 669
3028 636
3029 509
3030 654
3031 668
3032 1646
3033 1637
3034 516
3035 1607
3036 2145
3037 1608
3038 1617
3039 590
3040 2152
3041 331
3042 321
3043 348
3044 346
3045 358
3046 1682
3047 1694
3048 2251
3049 562
3050 539
3051 1297
3052 1447
3053 1298
3054 562
3055 1507
3056 1506
3057 245
3058 1431
3059 562
3060 559
3061 1565
3062 248
3063 3870
3064 2247
3065 2608
3066 3943
3067 2247
3068 1431
3069 559
3070 850
3071 3309
3072 1728
3073 2661
3074 635
3075 636
3076 2667
3077 2660
3078 622
3079 1704
3080 677
3081 668
3082 668
3083 668
3084 4118
3085 2259
3086 2258
3087 638
3088 2199
3089 2258
3090 1645
3091 2123
3092 2146
3093 2137
3094 592
3095 1630
3096 1635
3097 277
3098 583
3099 309
3100 2233
3101 333
3102 660
3103 2163
3104 339
3105 2203
3106 2264
3107 340
3108 351
3109 1669
3110 1661
3111 1684
3112 2224
3113 1658
3114 1649
3115 601
3116 2240
3117 1649
3118 1649
3119 1687
3120 527
3121 608
3122 670
3123 635
3124 655
3125 510
3126 3180
3127 1589
3128 1710
3129 4752
3130 1601
3131 4751
3132 1713
3133 4751
3134 1610
3135 1641
3136 2222
3137 309
3138 2199
3139 1346
3140 1345
3141 3314
3142 458
3143 507
3144 2196
3145 2133
3146 1588
3147 1589
3148 2196
3149 756
3150 756
3151 1322
3152 563
3153 559
3154 1504
3155 2251
3156 4721
3157 1593
3158 512
3159 2668
3160 2668
3161 2668
3162 4125
3163 300
3164 309
3165 294
3166 2146
3167 2153
3168 2152
3169 335
3170 344
3171 2224
3172 2225
3173 635
3174 636
3175 378
3176 670
3177 511
3178 512
3179 4924
3180 1489
3181 1456
3182 446
3183 1497
3184 1591
3185 292
3186 636
3187 638
3188 2363
3189 2363
3190 446
3191 1506
3192 1376
3193 731
3194 719
3195 916
3196 743
3197 1546
3198 911
3199 1402
3200 1382
3201 697
3202 693
3203 912
3204 1377
3205 1378
3206 1369
3207 774
3208 710
3209 717
3210 1542
3211 716
3212 537
3213 746
3214 716
3215 716
3216 772
3217 774
3218 774
3219 536
3220 740
3221 1298
3222 1309
3223 537
3224 1298
3225 534
3226 900
3227 903
3228 534
3229 901
3230 914
3231 1382
3232 1396
3233 1310
3234 746
3235 713
3236 537
3237 537
3238 1309
3239 1446
3240 903
3241 1309
3242 1302
3243 1302
3244 1302
3245 1542
3246 731
3247 693
3248 912
3249 720
3250 740
3251 774
3252 534
3253 710
3254 719
3255 912
3256 1380
3257 534
3258 1298
3259 1377
3260 1445
3261 710
3262 774
3263 740
3264 1309
3265 1309
3266 716
3267 534
3268 534
3269 542
3270 1303
3271 916
3272 1386
3273 1298
3274 1548
3275 734
3276 710
3277 534
3278 716
3279 724
3280 3993
3281 1458
3282 225
3283 444
3284 559
3285 562
3286 1456
3287 1456
3288 1542
3289 1377
3290 716
3291 2495
3292 2495
3293 2540
3294 4891
3295 2495
3296 2520
3297 2520
3298 4894
3299 2654
3300 2518
3301 2452
3302 2453
3303 2452
3304 2495
3305 2495
3306 4665
3307 3958
3308 4059
3309 1425
3310 2178
3311 508
3312 2495
3313 2454
3314 3290
3315 2520
3316 3791
3317 2572
3318 2495
3319 2452
3320 1582
3321 1729
3322 1729
3323 4128
3324 3309
3325 3309
3326 1605
3327 1425
3328 4887
3329 179
3330 2940
3331 2654
3332 2463
3333 1580
3334 2619
3335 2209
3336 4924
3337 4974
3338 204
3339 3956
3340 2886
3341 1504
3342 1506
3343 868
3344 1487
3345 677
3346 3378
3347 216
3348 216
3349 216
3350 216
3351 216
3352 1506
3353 1504
3354 1506
3355 1456
3356 1506
3357 216
3358 216
3359 216
3360 448
3361 216
3362 1456
3363 2363
3364 2363
3365 1507
3366 1507
3367 1507
3368 1506
3369 1506
3370 879
3371 850
3372 1507
3373 216
3374 1507
3375 1507
3376 1506
3377 1506
3378 1506
3379 1506
3380 1506
3381 850
3382 1504
3383 2363
3384 850
3385 4755
3386 850
3387 1488
3388 1508
3389 1487
3390 1507
3391 1507
3392 2363
3393 1507
3394 2403
3395 2248
3396 2215
3397 1504
3398 1507
3399 2363
3400 1506
3401 216
3402 1506
3403 216
3404 1497
3405 1306
3406 535
3407 1298
3408 536
3409 713
3410 535
3411 440
3412 1313
3413 4105
3414 4105
3415 1542
3416 774
3417 772
3418 717
3419 743
3420 1542
3421 743
3422 1546
3423 720
3424 743
3425 691
3426 743
3427 1408
3428 932
3429 1414
3430 1409
3431 1392
3432 932
3433 1399
3434 737
3435 932
3436 1412
3437 1397
3438 924
3439 737
3440 1406
3441 1408
3442 730
3443 738
3444 1392
3445 1390
3446 1414
3447 1398
3448 1261
3449 1279
3450 1261
3451 1257
3452 1028
3453 1272
3454 999
3455 1280
3456 1279
3457 1136
3458 1165
3459 979
3460 1069
3461 954
3462 1280
3463 995
3464 930
3465 973
3466 1278
3467 1255
3468 922
3469 1280
3470 1280
3471 930
3472 1420
3473 1422
3474 1272
3475 999
3476 963
3477 1248
3478 1040
3479 1181
3480 1278
3481 1416
3482 1261
3483 1256
3484 1231
3485 1259
3486 1089
3487 1219
3488 1278
3489 1069
3490 1151
3491 930
3492 1252
3493 954
3494 1255
3495 1274
3496 999
3497 1003
3498 951
3499 1280
3500 1422
3501 959
3502 1260
3503 1115
3504 1103
3505 962
3506 930
3507 1278
3508 1000
3509 1420
3510 1279
3511 1417
3512 1278
3513 1279
3514 1421
3515 1416
3516 1416
3517 1421
3518 1418
3519 1416
3520 1147
3521 1278
3522 1000
3523 1250
3524 1214
3525 1080
3526 1022
3527 954
3528 1000
3529 1143
3530 1259
3531 1257
3532 1422
3533 1115
3534 1256
3535 1122
3536 1139
3537 1068
3538 1261
3539 1416
3540 1115
3541 1115
3542 1250
3543 1129
3544 975
3545 1266
3546 1030
3547 1115
3548 923
3549 1280
3550 1418
3551 1421
3552 1272
3553 1250
3554 1235
3555 1014
3556 1022
3557 1128
3558 1151
3559 999
3560 999
3561 1278
3562 1249
3563 1164
3564 1231
3565 730
3566 1099
3567 1230
3568 1069
3569 1115
3570 1115
3571 1115
3572 1115
3573 1115
3574 1115
3575 1115
3576 1115
3577 1115
3578 1115
3579 1115
3580 1115
3581 1115
3582 1115
3583 1115
3584 1115
3585 1115
3586 1115
3587 1115
3588 1115
3589 1115
3590 1135
3591 1250
3592 1076
3593 1190
3594 1068
3595 1190
3596 1133
3597 1071
3598 1115
3599 1115
3600 1068
3601 1190
3602 1022
3603 1185
3604 1109
3605 1115
3606 1110
3607 1115
3608 1115
3609 1115
3610 1115
3611 946
3612 1138
3613 993
3614 1115
3615 1115
3616 1115
3617 1115
3618 1113
3619 1115
3620 1080
3621 1115
3622 1089
3623 1115
3624 1115
3625 1115
3626 1115
3627 1115
3628 1115
3629 1115
3630 1115
3631 1115
3632 1115
3633 1115
3634 1115
3635 1115
3636 1115
3637 1115
3638 1115
3639 1115
3640 1115
3641 1115
3642 1115
3643 1115
3644 1115
3645 1115
3646 1115
3647 1115
3648 1115
3649 1069
3650 1166
3651 1151
3652 1019
3653 1175
3654 1071
3655 1105
3656 1076
3657 1068
3658 946
3659 1076
3660 1251
3661 965
3662 990
3663 1115
3664 1055
3665 1115
3666 1071
3667 1166
3668 1056
3669 1115
3670 1115
3671 1115
3672 1115
3673 1113
3674 1080
3675 1068
3676 1115
3677 1115
3678 1115
3679 1115
3680 1110
3681 1115
3682 1115
3683 1115
3684 1115
3685 1109
3686 1115
3687 1115
3688 1115
3689 1115
3690 1115
3691 1115
3692 1115
3693 1115
3694 1115
3695 1115
3696 1115
3697 1115
3698 1115
3699 1115
3700 1115
3701 1115
3702 1115
3703 1115
3704 1115
3705 1115
3706 1115
3707 1115
3708 1115
3709 1115
3710 1115
3711 1068
3712 1193
3713 1019
3714 1113
3715 1010
3716 946
3717 970
3718 1252
3719 967
3720 946
3721 1005
3722 1068
3723 1242
3724 1069
3725 993
3726 1010
3727 993
3728 1235
3729 1282
3730 970
3731 1054
3732 1067
3733 1019
3734 1224
3735 1071
3736 1248
3737 1060
3738 1055
3739 1056
3740 1105
3741 1101
3742 1054
3743 1101
3744 1115
3745 1110
3746 1091
3747 1110
3748 1115
3749 1066
3750 1166
3751 1105
3752 1113
3753 1115
3754 1115
3755 1231
3756 1236
3757 1250
3758 1229
3759 1255
3760 1224
3761 1025
3762 1025
3763 954
3764 954
3765 1004
3766 1272
3767 1272
3768 1278
3769 954
3770 982
3771 1004
3772 1004
3773 982
3774 982
3775 982
3776 982
3777 982
3778 1004
3779 982
3780 982
3781 982
3782 982
3783 982
3784 982
3785 982
3786 1004
3787 982
3788 982
3789 982
3790 982
3791 982
3792 982
3793 982
3794 982
3795 982
3796 982
3797 1280
3798 1214
3799 1040
3800 1122
3801 1255
3802 1257
3803 944
3804 1278
3805 954
3806 1260
3807 1030
3808 1255
3809 1257
3810 1255
3811 1272
3812 1261
3813 1280
3814 1257
3815 954
3816 1255
3817 954
3818 1278
3819 1278
3820 1279
3821 1278
3822 1278
3823 1279
3824 1000
3825 1000
3826 1000
3827 922
3828 1000
3829 1280
3830 1012
3831 999
3832 1416
3833 1278
3834 954
3835 954
3836 4300
3837 4918
3838 2520
3839 2520
3840 2454
3841 2479
3842 3304
3843 562
3844 562
3845 1297
3846 245
3847 541
3848 564
3849 1298
3850 562
3851 1296
3852 535
3853 444
3854 444
3855 1513
3856 1298
3857 1297
3858 1303
3859 1431
3860 1431
3861 1322
3862 559
3863 559
3864 445
3865 1293
3866 559
3867 1306
3868 445
3869 1322
3870 1497
3871 445
3872 1432
3873 1432
3874 4289
3875 1345
3876 4085
3877 4086
3878 3858
3879 1432
3880 1353
3881 2632
3882 3870
3883 1353
3884 4090
3885 2401
3886 225
3887 4080
3888 225
3889 225
3890 2198
3891 2198
3892 2400
3893 2608
3894 1542
3895 1542
3896 912
3897 717
3898 743
3899 1548
3900 1542
3901 743
3902 724
3903 724
3904 1542
3905 1546
3906 717
3907 751
3908 1369
3909 693
3910 755
3911 911
3912 693
3913 1377
3914 915
3915 912
3916 693
3917 1377
3918 912
3919 913
3920 914
3921 719
3922 698
3923 1389
3924 700
3925 1376
3926 1385
3927 696
3928 911
3929 719
3930 692
3931 1389
3932 731
3933 1387
3934 737
3935 1400
3936 1392
3937 1392
3938 1382
3939 737
3940 1399
3941 689
3942 730
3943 1400
3944 1408
3945 1418
3946 1407
3947 1409
3948 1408
3949 1404
3950 1407
3951 932
3952 934
3953 1400
3954 923
3955 1399
3956 4924
3957 4924
3958 4109
3959 480
3960 4309
3961 1510
3962 2114
3963 1429
3964 2877
3965 1458
3966 497
3967 1458
3968 2246
3969 2399
3970 2878
3971 2381
3972 4969
3973 3967
3974 850
3975 677
3976 245
3977 245
3978 1306
3979 1506
3980 1506
3981 2198
3982 2247
3983 2877
3984 3858
3985 4289
3986 2648
3987 1726
3988 4693
3989 438
3990 3986
3991 1322
3992 4090
3993 2886
3994 211
3995 2377
3996 4089
3997 1439
3998 4992
3999 4089
4000 225
4001 1565
4002 4993
4003 3993
4004 212
4005 3870
4006 3870
4007 248
4008 248
4009 1358
4010 4090
4011 1565
4012 4079
4013 4829
4014 2241
4015 1299
4016 763
4017 899
4018 1507
4019 1299
4020 2886
4021 2886
4022 1361
4023 2378
4024 4091
4025 3989
4026 1504
4027 1504
4028 868
4029 850
4030 1574
4031 204
4032 1486
4033 204
4034 2626
4035 3969
4036 4969
4037 2382
4038 4924
4039 3958
4040 4665
4041 4109
4042 774
4043 716
4044 536
4045 903
4046 713
4047 1313
4048 740
4049 734
4050 774
4051 774
4052 1314
4053 704
4054 244
4055 774
4056 774
4057 734
4058 1310
4059 772
4060 772
4061 727
4062 774
4063 774
4064 2248
4065 2586
4066 4089
4067 1357
4068 1357
4069 1357
4070 1751
4071 4290
4072 4803
4073 3858
4074 4986
4075 1433
4076 1357
4077 4991
4078 2401
4079 4043
4080 1439
4081 2198
4082 446
4083 756
4084 446
4085 216
4086 216
4087 756
4088 446
4089 2304
4090 3297
4091 2304
4092 2654
4093 2890
4094 4309
4095 1425
4096 2607
4097 3884
4098 1589
4099 2286
4100 4118
4101 4128
4102 2286
4103 4856
4104 4128
4105 2286
4106 1729
4107 2190
4108 2190
4109 2173
4110 3980
4111 3987
4112 1588
4113 1592
4114 2254
4115 4299
4116 1726
4117 4289
4118 1646
4119 2199
4120 383
4121 266
4122 464
4123 2259
4124 465
4125 2221
4126 383
4127 636
4128 668
4129 1632
4130 638
4131 1645
4132 679
4133 2199
4134 1640
4135 465
4136 2136
4137 2259
4138 1618
4139 384
4140 1625
4141 2258
4142 2258
4143 465
4144 638
4145 274
4146 1645
4147 679
4148 2258
4149 1645
4150 638
4151 274
4152 344
4153 410
4154 413
4155 2265
4156 347
4157 1671
4158 1664
4159 412
4160 2116
4161 1672
4162 1673
4163 346
4164 1664
4165 596
4166 340
4167 351
4168 1666
4169 340
4170 1668
4171 348
4172 336
4173 338
4174 594
4175 660
4176 662
4177 320
4178 2149
4179 407
4180 339
4181 660
4182 662
4183 661
4184 661
4185 335
4186 2202
4187 320
4188 1657
4189 354
4190 353
4191 359
4192 598
4193 1665
4194 526
4195 599
4196 359
4197 411
4198 1683
4199 356
4200 409
4201 359
4202 414
4203 601
4204 355
4205 1663
4206 1654
4207 598
4208 1661
4209 2191
4210 2309
4211 4899
4212 270
4213 1603
4214 1603
4215 790
4216 2182
4217 3105
4218 2660
4219 1603
4220 1594
4221 1602
4222 1591
4223 574
4224 3300
4225 3299
4226 3181
4227 270
4228 1593
4229 2254
4230 1603
4231 1604
4232 4115
4233 4124
4234 4751
4235 4729
4236 511
4237 679
4238 509
4239 4684
4240 1729
4241 438
4242 1729
4243 438
4244 1729
4245 3858
4246 4085
4247 4289
4248 4289
4249 1354
4250 1562
4251 4085
4252 1729
4253 4856
4254 3311
4255 4278
4256 4295
4257 1729
4258 3987
4259 812
4260 4036
4261 4110
4262 92
4263 2495
4264 91
4265 111
4266 1743
4267 3297
4268 4309
4269 2935
4270 4984
4271 4803
4272 4310
4273 392
4274 609
4275 369
4276 1754
4277 1687
4278 394
4279 1902
4280 611
4281 604
4282 665
4283 375
4284 665
4285 373
4286 1908
4287 373
4288 1907
4289 1908
4290 2271
4291 1752
4292 1907
4293 2275
4294 1902
4295 1763
4296 1763
4297 1907
4298 1905
4299 1907
4300 2271
4301 1753
4302 1779
4303 1779
4304 1779
4305 1827
4306 1779
4307 1779
4308 1779
4309 1779
4310 1779
4311 1779
4312 1779
4313 1779
4314 1779
4315 1779
4316 1779
4317 1779
4318 1779
4319 1779
4320 1779
4321 1779
4322 1779
4323 1779
4324 1779
4325 1779
4326 1779
4327 1779
4328 1779
4329 1779
4330 1779
4331 1779
4332 1779
4333 1779
4334 1779
4335 2098
4336 1783
4337 1791
4338 2067
4339 1785
4340 1779
4341 1821
4342 1779
4343 1779
4344 1860
4345 1861
4346 1779
4347 1779
4348 1808
4349 1779
4350 1779
4351 1779
4352 1779
4353 1779
4354 1779
4355 1779
4356 1860
4357 1779
4358 1779
4359 1779
4360 1860
4361 1779
4362 1779
4363 1779
4364 1779
4365 1779
4366 1779
4367 1789
4368 1824
4369 1779
4370 1779
4371 1779
4372 1779
4373 1779
4374 1779
4375 1816
4376 1779
4377 1779
4378 1779
4379 1785
4380 1779
4381 1784
4382 1812
4383 1791
4384 2098
4385 1779
4386 1779
4387 1779
4388 1779
4389 1779
4390 1784
4391 2069
4392 1944
4393 1862
4394 2032
4395 1784
4396 1879
4397 1816
4398 2067
4399 1779
4400 1779
4401 1779
4402 1779
4403 1779
4404 1779
4405 1779
4406 1779
4407 1779
4408 1779
4409 1779
4410 1779
4411 1779
4412 1779
4413 1779
4414 1779
4415 1779
4416 1779
4417 1779
4418 1779
4419 2068
4420 1877
4421 1877
4422 1779
4423 1873
4424 1779
4425 1779
4426 1779
4427 1779
4428 1779
4429 1779
4430 1779
4431 1779
4432 1779
4433 1779
4434 1779
4435 1779
4436 1779
4437 1779
4438 1779
4439 1779
4440 1779
4441 1791
4442 1938
4443 1779
4444 1779
4445 1827
4446 1984
4447 1784
4448 373
4449 394
4450 367
4451 368
4452 1692
4453 372
4454 2204
4455 607
4456 368
4457 393
4458 393
4459 394
4460 610
4461 606
4462 1694
4463 392
4464 1693
4465 376
4466 392
4467 1913
4468 1901
4469 1760
4470 1899
4471 1914
4472 2273
4473 2274
4474 2272
4475 1918
4476 1916
4477 1923
4478 1767
4479 1899
4480 1913
4481 1754
4482 1952
4483 1982
4484 1951
4485 1949
4486 1949
4487 1948
4488 1982
4489 1989
4490 1983
4491 2044
4492 1992
4493 1954
4494 1955
4495 2036
4496 1936
4497 1936
4498 2046
4499 2044
4500 2033
4501 2034
4502 2034
4503 1983
4504 1992
4505 1985
4506 1986
4507 1989
4508 1985
4509 1989
4510 1985
4511 1990
4512 1991
4513 1989
4514 2052
4515 2017
4516 1988
4517 2017
4518 2002
4519 2281
4520 2281
4521 1980
4522 1977
4523 2000
4524 1981
4525 1980
4526 1924
4527 2105
4528 2021
4529 2028
4530 1978
4531 1978
4532 1974
4533 2029
4534 1776
4535 2026
4536 2025
4537 1919
4538 1922
4539 2100
4540 1922
4541 1770
4542 1919
4543 2029
4544 1989
4545 1951
4546 1958
4547 2005
4548 2021
4549 2003
4550 1987
4551 2002
4552 2002
4553 1988
4554 1997
4555 2017
4556 1969
4557 1961
4558 2278
4559 2041
4560 2053
4561 2012
4562 1970
4563 2030
4564 2029
4565 2102
4566 2109
4567 2108
4568 2106
4569 2110
4570 1991
4571 2045
4572 1996
4573 2062
4574 2064
4575 1979
4576 2284
4577 1975
4578 1975
4579 1974
4580 1974
4581 1974
4582 1974
4583 1974
4584 1975
4585 1974
4586 1975
4587 2021
4588 1924
4589 1917
4590 2106
4591 2110
4592 1926
4593 1771
4594 1772
4595 1919
4596 1771
4597 1770
4598 1772
4599 1764
4600 2273
4601 1775
4602 2101
4603 2045
4604 2042
4605 2044
4606 2045
4607 2044
4608 2045
4609 1992
4610 2052
4611 2045
4612 1993
4613 2053
4614 2054
4615 2050
4616 2054
4617 2053
4618 2054
4619 2055
4620 2050
4621 2062
4622 2062
4623 2065
4624 2284
4625 1971
4626 2065
4627 2278
4628 1970
4629 2066
4630 1970
4631 1971
4632 1972
4633 2278
4634 2278
4635 2278
4636 1979
4637 1975
4638 1977
4639 1975
4640 1975
4641 1975
4642 1975
4643 2086
4644 1947
4645 1802
4646 2086
4647 2081
4648 2084
4649 1946
4650 1944
4651 2081
4652 1779
4653 1941
4654 1944
4655 1946
4656 2070
4657 2035
4658 1939
4659 2035
4660 2035
4661 1944
4662 1994
4663 2034
4664 1982
4665 1994
4666 2031
4667 1994
4668 1937
4669 1937
4670 1930
4671 2031
4672 1928
4673 1938
4674 2097
4675 2095
4676 2090
4677 1936
4678 2088
4679 2037
4680 2272
4681 1762
4682 1752
4683 2272
4684 1759
4685 1768
4686 1901
4687 2019
4688 2103
4689 2102
4690 2103
4691 1914
4692 2273
4693 1765
4694 1506
4695 1506
4696 1506
4697 1425
4698 328
4699 2130
4700 2151
4701 399
4702 2147
4703 438
4704 680
4705 638
4706 465
4707 1603
4708 2144
4709 2127
4710 328
4711 2153
4712 1634
4713 515
4714 2661
4715 2123
4716 517
4717 4752
4718 1710
4719 2196
4720 292
4721 4289
4722 1646
4723 2259
4724 383
4725 640
4726 3311
4727 3311
4728 1726
4729 679
4730 2197
4731 638
4732 1619
4733 1618
4734 515
4735 1608
4736 2127
4737 627
4738 2152
4739 386
4740 517
4741 1630
4742 309
4743 2286
4744 1588
4745 639
4746 4128
4747 1728
4748 1646
4749 1640
4750 1711
4751 3311
4752 3311
4753 2151
4754 2151
4755 1353
4756 4284
4757 1345
4758 3180
4759 3180
4760 640
4761 1710
4762 1710
4763 270
4764 1592
4765 654
4766 270
4767 654
4768 654
4769 2286
4770 395
4771 2183
4772 2286
4773 508
4774 640
4775 654
4776 270
4777 671
4778 508
4779 270
4780 1711
4781 1710
4782 1713
4783 4752
4784 2190
4785 2190
4786 4984
4787 2286
4788 4290
4789 3870
4790 276
4791 586
4792 315
4793 658
4794 333
4795 1680
4796 1707
4797 307
4798 388
4799 2169
4800 1707
4801 1707
4802 1588
4803 2386
4804 668
4805 668
4806 455
4807 1328
4808 668
4809 668
4810 2259
4811 1618
4812 638
4813 277
4814 341
4815 2239
4816 654
4817 635
4818 654
4819 426
4820 458
4821 1565
4822 1631
4823 584
4824 294
4825 1617
4826 590
4827 331
4828 406
4829 1668
4830 353
4831 603
4832 4968
4833 1507
4834 448
4835 850
4836 4085
4837 2877
4838 1726
4839 2198
4840 3993
4841 245
4842 677
4843 1589
4844 2254
4845 3980
4846 513
4847 668
4848 668
4849 287
4850 2197
4851 351
4852 1666
4853 346
4854 2237
4855 320
4856 355
4857 356
4858 1707
4859 3105
4860 438
4861 1460
4862 1681
4863 1911
4864 1754
4865 1756
4866 1760
4867 392
4868 2272
4869 1903
4870 1978
4871 2028
4872 1974
4873 1976
4874 1977
4875 1975
4876 1770
4877 2101
4878 1975
4879 2278
4880 1762
4881 2286
4882 396
4883 512
4884 654
4885 1368
4886 2361
4887 2382
4888 1345
4889 438
4890 4291
4891 4993
4892 2888
4893 4267
4894 2350
4895 1468
4896 1523
4897 4044
4898 4090
4899 212
4900 2114
4901 2393
4902 4109
4903 212
4904 2395
4905 4124
4906 4751
4907 2255
4908 4295
4909 1711
4910 2408
4911 4901
4912 2426
4913 2495
4914 2495
4915 2443
4916 2452
4917 2564
4918 4904
4919 4904
4920 2452
4921 2542
4922 2443
4923 3289
4924 3289
4925 3290
4926 3289
4927 3289
4928 3290
4929 3875
4930 1565
4931 1458
4932 4980
4933 1506
4934 225
4935 1565
4936 2380
4937 1489
4938 4973
4939 225
4940 1506
4941 225
4942 1458
4943 2877
4944 1456
4945 4951
4946 4045
4947 4973
4948 2328
4949 1488
4950 1361
4951 2395
4952 1563
4953 4080
4954 4089
4955 4088
4956 1456
4957 1356
4958 4973
4959 4091
4960 248
4961 1439
4962 2198
4963 4089
4964 2625
4965 2886
4966 1565
4967 2380
4968 3870
4969 4980
4970 1523
4971 1565
4972 4080
4973 1508
4974 1439
4975 1467
4976 225
4977 1563
4978 1356
4979 1562
4980 4709
4981 4918
4982 4083
4983 2396
4984 4083
4985 1433
4986 4989
4987 2399
4988 4092
4989 4991
4990 4713
4991 816
4992 2132
4993 3863
4994 4291
4995 4291
4996 4438
4997 4419
4998 4420
4999 4447
