0 127
1 131
2 131
3 127
4 131
5 131
6 131
7 127
8 2789
9 2808
10 2789
11 131
12 30
13 39
14 17
15 275
16 131
17 131
18 131
19 131
20 131
21 131
22 131
23 131
24 131
25 131
26 131
27 131
28 131
29 131
30 131
31 131
32 131
33 131
34 131
35 131
36 131
37 131
38 131
39 131
40 230
41 131
42 131
43 230
44 131
45 2789
46 131
47 131
48 131
49 28
50 39
51 32
52 339
53 339
54 3560
55 3552
56 3552
57 276
58 3560
59 357
60 357
61 3560
62 3560
63 230
64 230
65 230
66 2789
67 230
68 230
69 230
70 230
71 230
72 230
73 230
74 230
75 230
76 230
77 230
78 230
79 230
80 2789
81 2789
82 2789
83 2789
84 230
85 230
86 230
87 124
88 230
89 39
90 230
91 124
92 38
93 39
94 39
95 131
96 38
97 124
98 39
99 342
100 339
101 357
102 3525
103 3527
104 131
105 131
106 131
107 131
108 131
109 131
110 131
111 131
112 131
113 131
114 131
115 131
116 131
117 131
118 131
119 131
120 131
121 131
122 131
123 131
124 131
125 131
126 131
127 131
128 131
129 131
130 131
131 131
132 127
133 127
134 127
135 127
136 127
137 32
138 263
139 3560
140 3552
141 3560
142 3525
143 3527
144 3527
145 3525
146 3749
147 274
148 3666
149 385
150 3714
151 3661
152 3661
153 3698
154 3560
155 2789
156 2789
157 108
158 248
159 2800
160 107
161 248
162 444
163 2808
164 2808
165 444
166 411
167 3762
168 3762
169 411
170 3762
171 411
172 3652
173 3766
174 3652
175 3652
176 3786
177 411
178 3764
179 3786
180 3786
181 3786
182 3764
183 3764
184 3765
185 3900
186 3900
187 3900
188 131
189 131
190 131
191 131
192 127
193 2789
194 2
195 247
196 3762
197 411
198 3786
199 3786
200 3766
201 3900
202 3900
203 3892
204 3698
205 3698
206 3717
207 3716
208 3716
209 3717
210 3737
211 3737
212 3737
213 3716
214 3661
215 3663
216 3735
217 3661
218 3716
219 3737
220 3766
221 3764
222 3737
223 3698
224 3698
225 3698
226 3698
227 131
228 131
229 131
230 131
231 131
232 131
233 131
234 131
235 131
236 2789
237 131
238 131
239 2789
240 131
241 131
242 131
243 38
244 39
245 29
246 131
247 444
248 2808
249 3786
250 411
251 3764
252 3766
253 3765
254 3766
255 3900
256 3719
257 3737
258 127
259 127
260 2787
261 2789
262 2789
263 2789
264 2789
265 39
266 135
267 249
268 413
269 3762
270 3786
271 3786
272 3764
273 3762
274 3764
275 131
276 131
277 131
278 38
279 38
280 39
281 39
282 3666
283 3525
284 3661
285 3661
286 131
287 131
288 131
289 131
290 230
291 131
292 131
293 131
294 131
295 3666
296 3652
297 3716
298 3698
299 3698
300 3738
301 3716
302 3812
303 3737
304 3738
305 3737
306 3652
307 3652
308 3658
309 3699
310 131
311 131
312 131
313 131
314 131
315 131
316 131
317 131
318 131
319 131
320 131
321 131
322 131
323 131
324 131
325 131
326 131
327 131
328 131
329 131
330 131
331 131
332 131
333 3658
334 3661
335 127
336 131
337 230
338 131
339 131
340 131
341 131
342 131
343 131
344 131
345 131
346 131
347 131
348 131
349 131
350 131
351 131
352 131
353 131
354 131
355 131
356 131
357 131
358 131
359 131
360 3764
361 3764
362 3764
363 3764
364 3764
365 3764
366 3762
367 3762
368 3688
369 3688
370 250
371 250
372 250
373 250
374 411
375 247
376 411
377 2
378 247
379 247
380 163
381 3764
382 413
383 3764
384 3892
385 3766
386 3764
387 3766
388 3764
389 413
390 3765
391 3900
392 6
393 250
394 3766
395 3892
396 3764
397 3764
398 3900
399 3767
400 3900
401 274
402 274
403 3764
404 3764
405 247
406 249
407 131
408 131
409 131
410 131
411 3761
412 444
413 3764
414 3763
415 357
416 3560
417 131
418 131
419 131
420 131
421 131
422 3698
423 3737
424 3718
425 3719
426 3718
427 131
428 131
429 131
430 2789
431 131
432 131
433 131
434 131
435 131
436 131
437 131
438 131
439 131
440 3735
441 3735
442 131
443 131
444 2808
445 3698
446 3767
447 250
448 249
449 250
450 250
451 3661
452 3716
453 3720
454 131
455 131
456 131
457 3900
458 230
459 230
460 3719
461 3652
462 131
463 3738
464 250
465 250
466 250
467 250
468 250
469 250
470 250
471 250
472 250
473 250
474 250
475 250
476 250
477 250
478 250
479 250
480 3762
481 3762
482 3762
483 3762
484 413
485 413
486 3762
487 414
488 3786
489 3786
490 3786
491 3786
492 3786
493 413
494 413
495 3764
496 3762
497 3762
498 3762
499 250
500 3762
501 3762
502 3762
503 414
504 249
505 3786
506 414
507 413
508 413
509 3786
510 414
511 413
512 413
513 413
514 413
515 3786
516 3786
517 249
518 413
519 3764
520 3764
521 3764
522 3764
523 3764
524 414
525 3786
526 3764
527 413
528 413
529 413
530 3786
531 413
532 3764
533 3764
534 413
535 413
536 413
537 413
538 413
539 413
540 413
541 413
542 3786
543 413
544 3786
545 414
546 414
547 414
548 3786
549 3786
550 3786
551 414
552 414
553 414
554 3762
555 3762
556 3762
557 3762
558 3762
559 3762
560 3762
561 3762
562 250
563 250
564 250
565 250
566 250
567 250
568 250
569 3762
570 3943
571 3663
572 3663
573 3943
574 3762
575 3762
576 3762
577 3762
578 3762
579 3762
580 3762
581 3762
582 414
583 3786
584 3730
585 3720
586 3718
587 3731
588 3729
589 5038
590 5015
591 5017
592 5015
593 5066
594 5066
595 5067
596 5161
597 5211
598 3060
599 6497
600 6497
601 6497
602 5409
603 6335
604 5385
605 6335
606 460
607 460
608 460
609 460
610 5028
611 5028
612 5019
613 5019
614 4430
615 4920
616 4920
617 4919
618 5219
619 5414
620 5725
621 5686
622 5019
623 5020
624 5019
625 5067
626 6231
627 5513
628 5633
629 6237
630 4296
631 4919
632 5022
633 5195
634 5710
635 5575
636 5713
637 5709
638 5412
639 5409
640 5412
641 5162
642 5452
643 5445
644 5727
645 5725
646 5725
647 5727
648 5162
649 5162
650 5162
651 5018
652 6496
653 6496
654 4920
655 4920
656 4920
657 4745
658 4430
659 5049
660 5049
661 6496
662 4334
663 4712
664 4334
665 4334
666 5067
667 5066
668 5067
669 5066
670 4789
671 5066
672 5484
673 5709
674 5484
675 5385
676 4919
677 4920
678 4334
679 4334
680 5716
681 6160
682 6216
683 5716
684 6496
685 4187
686 6496
687 6496
688 5066
689 6497
690 5048
691 6333
692 4919
693 5211
694 5211
695 5375
696 4074
697 4789
698 4780
699 4074
700 4788
701 4761
702 3943
703 6335
704 5412
705 4334
706 5433
707 5420
708 5420
709 5433
710 5432
711 5432
712 5474
713 5474
714 5474
715 5474
716 5581
717 5581
718 5474
719 5581
720 5195
721 5024
722 5725
723 5725
724 5452
725 5472
726 5072
727 5074
728 5074
729 5072
730 5159
731 5155
732 5154
733 5156
734 5052
735 5051
736 5674
737 5718
738 5700
739 5701
740 5746
741 5746
742 3718
743 3918
744 3718
745 3734
746 3734
747 5210
748 5017
749 5030
750 5030
751 5031
752 5031
753 5581
754 5581
755 5581
756 5581
757 5581
758 5581
759 5701
760 5582
761 5745
762 5745
763 5718
764 5718
765 5198
766 5198
767 5029
768 5198
769 6216
770 6203
771 6161
772 6163
773 5700
774 5700
775 5700
776 5700
777 5746
778 5718
779 5746
780 6194
781 5380
782 5432
783 5432
784 5581
785 5581
786 5582
787 5582
788 6158
789 5514
790 5718
791 5701
792 5745
793 5632
794 5684
795 5725
796 5195
797 5196
798 5414
799 5195
800 5032
801 5195
802 5032
803 3719
804 3718
805 3718
806 3718
807 4334
808 4334
809 4334
810 4430
811 3720
812 3720
813 3718
814 3720
815 4430
816 4334
817 3719
818 3719
819 3719
820 3718
821 3718
822 4334
823 4334
824 3719
825 3718
826 3718
827 3720
828 3734
829 3720
830 4920
831 5022
832 626
833 4455
834 4455
835 626
836 4458
837 626
838 4460
839 4456
840 4430
841 6538
842 6538
843 4430
844 5049
845 5049
846 4920
847 4460
848 4460
849 4460
850 4460
851 1614
852 4460
853 4460
854 4460
855 4334
856 4746
857 4334
858 4333
859 4333
860 4336
861 4336
862 873
863 4362
864 4971
865 873
866 4430
867 4334
868 4430
869 4336
870 4460
871 4931
872 4460
873 1021
874 1021
875 961
876 961
877 1021
878 1187
879 3125
880 945
881 948
882 2840
883 627
884 629
885 629
886 5049
887 5032
888 5198
889 5032
890 5195
891 5051
892 5051
893 5434
894 5435
895 5155
896 5159
897 4460
898 1614
899 4507
900 4467
901 1614
902 1614
903 1614
904 1167
905 4519
906 1030
907 1030
908 1173
909 1029
910 1029
911 1032
912 4360
913 4447
914 4443
915 4391
916 4746
917 4949
918 4334
919 4746
920 4746
921 4334
922 4334
923 4334
924 4712
925 4801
926 4801
927 4920
928 4919
929 4187
930 4781
931 4076
932 4336
933 4476
934 999
935 1004
936 1039
937 4334
938 6550
939 4745
940 5056
941 5414
942 6497
943 6497
944 4460
945 1046
946 1046
947 1044
948 1055
949 1045
950 1044
951 1047
952 1044
953 1054
954 1073
955 1073
956 1054
957 1030
958 1055
959 1046
960 1043
961 1047
962 1614
963 1186
964 1029
965 1044
966 1045
967 1015
968 1043
969 4633
970 1061
971 1061
972 1043
973 1059
974 1043
975 1072
976 3474
977 1070
978 1072
979 1073
980 3474
981 1070
982 1055
983 3474
984 1055
985 3474
986 1055
987 1369
988 3474
989 3474
990 1055
991 3473
992 1047
993 1055
994 3474
995 1077
996 1100
997 1100
998 1470
999 1470
1000 1102
1001 1098
1002 1470
1003 1100
1004 1077
1005 1470
1006 1102
1007 1099
1008 1077
1009 1470
1010 1076
1011 1077
1012 1117
1013 1470
1014 1103
1015 1077
1016 1076
1017 1077
1018 1117
1019 1117
1020 1077
1021 1101
1022 1071
1023 1072
1024 1073
1025 1178
1026 1073
1027 1071
1028 1071
1029 1099
1030 1099
1031 1098
1032 1098
1033 1098
1034 1101
1035 1175
1036 1071
1037 1071
1038 1071
1039 1175
1040 1175
1041 1102
1042 1098
1043 1117
1044 1117
1045 1077
1046 1077
1047 1116
1048 1119
1049 1076
1050 1076
1051 1076
1052 1116
1053 1117
1054 1119
1055 1116
1056 1119
1057 1136
1058 1117
1059 1117
1060 1119
1061 1076
1062 1076
1063 1119
1064 1119
1065 1119
1066 1119
1067 1121
1068 1136
1069 1117
1070 1121
1071 3191
1072 3191
1073 1121
1074 3335
1075 3334
1076 3334
1077 3335
1078 1121
1079 3189
1080 1121
1081 1121
1082 3190
1083 3190
1084 3189
1085 3191
1086 3325
1087 3322
1088 3322
1089 3325
1090 3191
1091 3322
1092 3322
1093 3191
1094 3335
1095 3325
1096 3322
1097 3325
1098 3323
1099 3325
1100 3325
1101 3323
1102 3323
1103 3325
1104 3399
1105 3399
1106 3335
1107 3335
1108 3325
1109 3335
1110 3335
1111 3325
1112 3400
1113 3399
1114 3335
1115 3334
1116 3401
1117 3400
1118 3334
1119 3401
1120 3402
1121 3402
1122 3401
1123 3401
1124 3401
1125 3399
1126 6726
1127 3401
1128 3399
1129 3401
1130 3401
1131 6726
1132 3401
1133 3401
1134 3399
1135 3402
1136 3402
1137 4473
1138 4473
1139 4475
1140 4439
1141 1044
1142 1045
1143 1072
1144 3474
1145 1098
1146 1077
1147 1099
1148 1076
1149 1116
1150 1121
1151 3190
1152 3191
1153 3190
1154 3325
1155 3325
1156 3400
1157 3334
1158 3402
1159 960
1160 957
1161 907
1162 948
1163 1184
1164 1184
1165 1187
1166 1187
1167 1099
1168 1073
1169 1073
1170 1073
1171 1099
1172 1099
1173 1101
1174 1098
1175 3191
1176 3191
1177 3323
1178 3189
1179 1121
1180 1121
1181 3191
1182 1121
1183 3191
1184 3474
1185 1072
1186 1073
1187 3474
1188 5414
1189 5414
1190 5027
1191 5027
1192 5057
1193 5056
1194 5055
1195 5028
1196 5418
1197 5026
1198 5712
1199 6173
1200 4297
1201 4801
1202 4927
1203 4336
1204 4391
1205 4360
1206 873
1207 947
1208 1187
1209 1187
1210 1187
1211 5029
1212 5054
1213 5072
1214 5075
1215 5071
1216 5199
1217 5170
1218 5071
1219 3734
1220 4792
1221 4433
1222 4439
1223 4433
1224 1187
1225 947
1226 1187
1227 1187
1228 4391
1229 4447
1230 4460
1231 5545
1232 6236
1233 5514
1234 5545
1235 5414
1236 5414
1237 3718
1238 5387
1239 5379
1240 5379
1241 5387
1242 5571
1243 5420
1244 5394
1245 5570
1246 1340
1247 4430
1248 5022
1249 5022
1250 5198
1251 5198
1252 5051
1253 5433
1254 5021
1255 6496
1256 6496
1257 4188
1258 6236
1259 6234
1260 5718
1261 5605
1262 4455
1263 4455
1264 5414
1265 5414
1266 5414
1267 5219
1268 5684
1269 5684
1270 5472
1271 5581
1272 5716
1273 5581
1274 1463
1275 957
1276 906
1277 4433
1278 4433
1279 3812
1280 3737
1281 5701
1282 5701
1283 6203
1284 5701
1285 6216
1286 6203
1287 5701
1288 5716
1289 5412
1290 5409
1291 5409
1292 5162
1293 5162
1294 5162
1295 5018
1296 5020
1297 3665
1298 3728
1299 3728
1300 3729
1301 4792
1302 3734
1303 5071
1304 5170
1305 5089
1306 4792
1307 3718
1308 3721
1309 3935
1310 6158
1311 5514
1312 3737
1313 3737
1314 6158
1315 6237
1316 5379
1317 5379
1318 5408
1319 3719
1320 3663
1321 4391
1322 4391
1323 5022
1324 4919
1325 4418
1326 4984
1327 4746
1328 4418
1329 4927
1330 4927
1331 3663
1332 4746
1333 4746
1334 4746
1335 4984
1336 4333
1337 4333
1338 877
1339 877
1340 5682
1341 5682
1342 5472
1343 5452
1344 4334
1345 4334
1346 5482
1347 5709
1348 4920
1349 6496
1350 4789
1351 4789
1352 5375
1353 4433
1354 1169
1355 5539
1356 5539
1357 5718
1358 5718
1359 1186
1360 1187
1361 4930
1362 4930
1363 4931
1364 4933
1365 1030
1366 1031
1367 1046
1368 1044
1369 1119
1370 1121
1371 3325
1372 3335
1373 3334
1374 3402
1375 3400
1376 6158
1377 6231
1378 5545
1379 5545
1380 5718
1381 5674
1382 5685
1383 5445
1384 5513
1385 5610
1386 5514
1387 5545
1388 5523
1389 6233
1390 5545
1391 6231
1392 6231
1393 5545
1394 5545
1395 5513
1396 5682
1397 5682
1398 5465
1399 5674
1400 5685
1401 5712
1402 5710
1403 5713
1404 5709
1405 5633
1406 5597
1407 5610
1408 5610
1409 5452
1410 5577
1411 6162
1412 5451
1413 5718
1414 5604
1415 6173
1416 5471
1417 6335
1418 6203
1419 6194
1420 5067
1421 5067
1422 5482
1423 5392
1424 5019
1425 5067
1426 4919
1427 4799
1428 5452
1429 5674
1430 5700
1431 5582
1432 5474
1433 5582
1434 5478
1435 5725
1436 5478
1437 5433
1438 5539
1439 5718
1440 5718
1441 5539
1442 5718
1443 5442
1444 5674
1445 5641
1446 4336
1447 1408
1448 4334
1449 4334
1450 4391
1451 1187
1452 946
1453 1172
1454 4336
1455 1044
1456 1069
1457 1059
1458 1061
1459 4519
1460 1059
1461 4519
1462 4633
1463 1071
1464 3322
1465 3325
1466 3325
1467 3322
1468 3321
1469 3322
1470 3335
1471 3335
1472 3335
1473 3325
1474 3335
1475 1184
1476 4933
1477 4391
1478 4460
1479 873
1480 4443
1481 6550
1482 4712
1483 4920
1484 4920
1485 4920
1486 4919
1487 5054
1488 5195
1489 5414
1490 5414
1491 5414
1492 5029
1493 5029
1494 5054
1495 5053
1496 5414
1497 906
1498 1187
1499 977
1500 4460
1501 4460
1502 6203
1503 5474
1504 5474
1505 5610
1506 6235
1507 6165
1508 6171
1509 5710
1510 6164
1511 4391
1512 4391
1513 4336
1514 4473
1515 4930
1516 906
1517 1070
1518 1054
1519 1072
1520 1098
1521 1099
1522 1077
1523 1117
1524 1119
1525 3190
1526 1121
1527 3321
1528 3322
1529 3335
1530 3325
1531 3399
1532 3401
1533 4439
1534 4479
1535 5210
1536 6162
1537 6215
1538 6165
1539 4934
1540 4935
1541 5542
1542 6236
1543 6161
1544 6162
1545 6162
1546 5906
1547 5906
1548 5906
1549 5906
1550 5906
1551 5906
1552 5906
1553 5906
1554 5906
1555 5906
1556 658
1557 5906
1558 5906
1559 658
1560 5906
1561 5906
1562 5906
1563 5906
1564 5924
1565 6028
1566 6028
1567 5924
1568 5906
1569 5906
1570 5906
1571 5906
1572 5906
1573 5906
1574 5906
1575 5906
1576 5906
1577 5906
1578 5906
1579 5906
1580 5906
1581 5906
1582 658
1583 5906
1584 5906
1585 658
1586 658
1587 5906
1588 658
1589 658
1590 5906
1591 5906
1592 658
1593 5906
1594 5906
1595 5906
1596 5906
1597 5906
1598 5906
1599 5906
1600 5906
1601 5906
1602 5906
1603 5906
1604 5906
1605 5906
1606 5906
1607 5906
1608 5906
1609 5906
1610 5906
1611 5906
1612 5906
1613 5921
1614 5924
1615 5929
1616 5921
1617 5929
1618 5921
1619 6102
1620 5986
1621 6102
1622 6092
1623 5923
1624 5906
1625 5926
1626 5921
1627 6028
1628 5923
1629 5923
1630 6034
1631 6059
1632 6059
1633 6062
1634 6059
1635 6062
1636 5832
1637 6059
1638 6059
1639 6083
1640 5975
1641 6102
1642 6062
1643 6028
1644 5986
1645 5975
1646 5969
1647 5969
1648 5946
1649 5975
1650 5969
1651 5986
1652 5969
1653 5969
1654 5986
1655 6028
1656 5975
1657 5986
1658 6102
1659 6102
1660 5986
1661 5986
1662 5965
1663 6028
1664 5975
1665 6028
1666 5986
1667 6059
1668 6158
1669 5739
1670 6059
1671 6158
1672 6158
1673 6158
1674 6158
1675 6059
1676 6059
1677 6062
1678 6059
1679 6059
1680 6059
1681 6062
1682 6059
1683 6062
1684 5946
1685 5906
1686 5906
1687 5906
1688 5906
1689 5906
1690 658
1691 5906
1692 5906
1693 658
1694 5921
1695 5924
1696 6083
1697 6062
1698 6062
1699 6034
1700 6028
1701 5929
1702 5929
1703 6065
1704 6062
1705 6062
1706 6065
1707 6062
1708 5946
1709 6059
1710 6059
1711 6062
1712 6059
1713 6092
1714 6158
1715 6059
1716 6059
1717 6059
1718 6158
1719 6158
1720 6059
1721 5906
1722 5906
1723 5921
1724 5929
1725 5986
1726 5906
1727 5906
1728 5906
1729 5906
1730 5906
1731 6092
1732 5976
1733 6083
1734 5634
1735 6059
1736 5986
1737 5465
1738 5921
1739 6083
1740 5975
1741 658
1742 5906
1743 5921
1744 5921
1745 6062
1746 6062
1747 6062
1748 5832
1749 6092
1750 658
1751 5946
1752 5929
1753 5199
1754 5372
1755 5372
1756 5414
1757 5022
1758 5048
1759 6161
1760 5575
1761 6215
1762 6215
1763 5410
1764 3762
1765 3786
1766 3762
1767 4333
1768 4333
1769 4333
1770 3762
1771 3786
1772 3762
1773 3762
1774 3762
1775 3688
1776 413
1777 413
1778 250
1779 4296
1780 5021
1781 5062
1782 5065
1783 4919
1784 4296
1785 6538
1786 4430
1787 701
1788 4430
1789 4430
1790 4430
1791 4430
1792 3062
1793 4745
1794 4430
1795 4334
1796 4334
1797 4430
1798 4334
1799 4336
1800 4336
1801 4336
1802 4391
1803 4391
1804 4363
1805 4362
1806 4362
1807 875
1808 5210
1809 3918
1810 5432
1811 5432
1812 5433
1813 5438
1814 5438
1815 5433
1816 5432
1817 3720
1818 5210
1819 5210
1820 5017
1821 5391
1822 5570
1823 5570
1824 5388
1825 5571
1826 5566
1827 5566
1828 5571
1829 5712
1830 6161
1831 5716
1832 5477
1833 5566
1834 5051
1835 5433
1836 5420
1837 5475
1838 5550
1839 5562
1840 5549
1841 5474
1842 5709
1843 5709
1844 5713
1845 5474
1846 5474
1847 5474
1848 5474
1849 5380
1850 5581
1851 5582
1852 5474
1853 5474
1854 5582
1855 5582
1856 5474
1857 5487
1858 5474
1859 5474
1860 5471
1861 5570
1862 5570
1863 5382
1864 5570
1865 6216
1866 6216
1867 5716
1868 5581
1869 5581
1870 6164
1871 6164
1872 5385
1873 5570
1874 5467
1875 5718
1876 5700
1877 5474
1878 5582
1879 5581
1880 5474
1881 5481
1882 5700
1883 5700
1884 5521
1885 5550
1886 5562
1887 5550
1888 5700
1889 5700
1890 5562
1891 5521
1892 5582
1893 5385
1894 5409
1895 6335
1896 5385
1897 5382
1898 5483
1899 5162
1900 6102
1901 5582
1902 5700
1903 5700
1904 6236
1905 39
1906 39
1907 131
1908 131
1909 6102
1910 5986
1911 5906
1912 5906
1913 5906
1914 5906
1915 5906
1916 5906
1917 5926
1918 2883
1919 2828
1920 2828
1921 2883
1922 2828
1923 2828
1924 2828
1925 2828
1926 2828
1927 2828
1928 2828
1929 2828
1930 2828
1931 2883
1932 2883
1933 2828
1934 2828
1935 2828
1936 2828
1937 2828
1938 2828
1939 615
1940 2828
1941 2828
1942 615
1943 2828
1944 2828
1945 2828
1946 614
1947 614
1948 658
1949 2883
1950 2883
1951 2883
1952 2883
1953 658
1954 2883
1955 2883
1956 2883
1957 2883
1958 2883
1959 2828
1960 2828
1961 2828
1962 2828
1963 2828
1964 614
1965 614
1966 614
1967 2828
1968 614
1969 2828
1970 2828
1971 614
1972 2883
1973 614
1974 614
1975 2883
1976 658
1977 614
1978 614
1979 2828
1980 658
1981 3154
1982 3154
1983 1796
1984 807
1985 3086
1986 3086
1987 3086
1988 3086
1989 1796
1990 1796
1991 1796
1992 1796
1993 1796
1994 1797
1995 1797
1996 1796
1997 810
1998 1797
1999 1797
2000 810
2001 866
2002 810
2003 810
2004 867
2005 810
2006 810
2007 807
2008 807
2009 1796
2010 1796
2011 1796
2012 1796
2013 3095
2014 3136
2015 1323
2016 1323
2017 1323
2018 1323
2019 1323
2020 1323
2021 1788
2022 1788
2023 1323
2024 1788
2025 1323
2026 3095
2027 2445
2028 2451
2029 2451
2030 2445
2031 3095
2032 3095
2033 3095
2034 3095
2035 3082
2036 3082
2037 2446
2038 2446
2039 2451
2040 2446
2041 1797
2042 1797
2043 1797
2044 1797
2045 1797
2046 1797
2047 867
2048 1797
2049 1797
2050 822
2051 822
2052 866
2053 866
2054 866
2055 1798
2056 1798
2057 1798
2058 1798
2059 1323
2060 3095
2061 932
2062 932
2063 932
2064 932
2065 3095
2066 3095
2067 2446
2068 2446
2069 1788
2070 1788
2071 1323
2072 1323
2073 1323
2074 1797
2075 3154
2076 810
2077 823
2078 823
2079 823
2080 823
2081 932
2082 932
2083 932
2084 932
2085 1793
2086 1793
2087 3095
2088 3095
2089 1323
2090 3093
2091 807
2092 883
2093 3136
2094 807
2095 3086
2096 3086
2097 1323
2098 1323
2099 1323
2100 1323
2101 1323
2102 1323
2103 1323
2104 1323
2105 1323
2106 1323
2107 3095
2108 1323
2109 1323
2110 1323
2111 1323
2112 1323
2113 1793
2114 1793
2115 1793
2116 1793
2117 1797
2118 1797
2119 1797
2120 3082
2121 3093
2122 1797
2123 2451
2124 2450
2125 2461
2126 2451
2127 1797
2128 2461
2129 1797
2130 1797
2131 869
2132 869
2133 1797
2134 1797
2135 1797
2136 867
2137 866
2138 1798
2139 1797
2140 1797
2141 1797
2142 1797
2143 823
2144 823
2145 2451
2146 2445
2147 1323
2148 1323
2149 822
2150 1796
2151 822
2152 869
2153 869
2154 869
2155 869
2156 2451
2157 2445
2158 2451
2159 2451
2160 1797
2161 1797
2162 1797
2163 1797
2164 1797
2165 2461
2166 2451
2167 2450
2168 2450
2169 2451
2170 810
2171 823
2172 810
2173 866
2174 866
2175 866
2176 823
2177 1797
2178 1798
2179 1797
2180 822
2181 2451
2182 1323
2183 1323
2184 883
2185 1323
2186 2451
2187 2451
2188 869
2189 869
2190 869
2191 869
2192 3130
2193 932
2194 932
2195 3093
2196 3095
2197 3093
2198 1798
2199 807
2200 3086
2201 883
2202 1323
2203 3095
2204 2451
2205 2446
2206 1323
2207 1323
2208 1323
2209 1323
2210 3086
2211 3086
2212 807
2213 807
2214 1798
2215 2446
2216 2445
2217 2445
2218 2445
2219 2445
2220 2446
2221 3086
2222 1797
2223 3086
2224 3086
2225 1794
2226 1788
2227 1323
2228 1323
2229 1323
2230 1323
2231 3086
2232 2445
2233 2445
2234 1323
2235 1323
2236 1794
2237 808
2238 808
2239 808
2240 3130
2241 1323
2242 2828
2243 2828
2244 2828
2245 2446
2246 1798
2247 1798
2248 1793
2249 1793
2250 1793
2251 1793
2252 1793
2253 1793
2254 3093
2255 3093
2256 3130
2257 3130
2258 1797
2259 1797
2260 1797
2261 2450
2262 1797
2263 1797
2264 807
2265 3086
2266 1793
2267 1796
2268 1798
2269 1798
2270 1798
2271 1798
2272 2446
2273 2446
2274 1797
2275 866
2276 1798
2277 1798
2278 932
2279 1323
2280 2445
2281 2445
2282 2446
2283 2446
2284 3082
2285 808
2286 2828
2287 1793
2288 1793
2289 1798
2290 869
2291 1798
2292 1798
2293 1798
2294 1798
2295 2446
2296 2446
2297 2446
2298 2446
2299 2446
2300 2446
2301 2445
2302 2445
2303 2446
2304 2446
2305 2446
2306 2446
2307 2446
2308 2446
2309 2446
2310 2446
2311 2446
2312 2446
2313 2446
2314 2446
2315 2446
2316 2446
2317 2446
2318 2446
2319 2446
2320 2446
2321 2446
2322 2446
2323 2446
2324 2446
2325 2446
2326 2446
2327 2446
2328 2446
2329 2445
2330 2446
2331 2446
2332 2445
2333 2446
2334 2446
2335 2446
2336 2446
2337 2446
2338 2446
2339 2446
2340 2446
2341 2445
2342 2445
2343 2445
2344 2445
2345 2445
2346 2445
2347 2446
2348 2445
2349 2446
2350 2445
2351 2445
2352 2446
2353 2446
2354 2446
2355 2446
2356 2446
2357 2445
2358 2445
2359 2445
2360 2445
2361 2445
2362 2445
2363 2445
2364 2445
2365 2445
2366 2445
2367 2445
2368 2450
2369 1797
2370 2445
2371 1798
2372 1798
2373 2445
2374 2445
2375 2445
2376 2445
2377 2445
2378 2445
2379 1798
2380 1797
2381 1797
2382 2445
2383 1798
2384 2450
2385 2445
2386 2445
2387 2445
2388 2445
2389 2445
2390 2445
2391 2445
2392 2445
2393 2445
2394 2445
2395 2445
2396 2445
2397 2445
2398 2445
2399 2445
2400 2450
2401 2445
2402 2445
2403 2445
2404 2445
2405 2445
2406 2445
2407 2445
2408 2445
2409 2445
2410 2445
2411 2445
2412 2445
2413 2445
2414 2445
2415 2445
2416 2445
2417 2445
2418 2445
2419 2445
2420 2445
2421 2445
2422 2445
2423 2445
2424 2445
2425 2445
2426 2445
2427 2445
2428 2445
2429 2445
2430 2445
2431 2445
2432 2445
2433 2445
2434 2445
2435 2445
2436 2445
2437 2445
2438 2445
2439 2445
2440 2445
2441 2445
2442 2445
2443 2445
2444 2445
2445 2445
2446 2445
2447 2445
2448 2445
2449 2445
2450 2445
2451 2445
2452 2445
2453 2445
2454 2445
2455 2445
2456 2445
2457 2445
2458 2445
2459 2445
2460 2445
2461 2445
2462 2445
2463 2445
2464 2445
2465 2445
2466 2445
2467 2445
2468 2445
2469 2445
2470 2445
2471 2445
2472 2445
2473 2445
2474 2445
2475 2445
2476 2445
2477 2445
2478 2445
2479 2452
2480 1798
2481 1798
2482 2451
2483 2445
2484 2445
2485 2452
2486 2445
2487 2445
2488 2452
2489 869
2490 1798
2491 1798
2492 2452
2493 869
2494 869
2495 2452
2496 2451
2497 2452
2498 2452
2499 2452
2500 2451
2501 2445
2502 2445
2503 2445
2504 2445
2505 2451
2506 2445
2507 2445
2508 2445
2509 2445
2510 1798
2511 869
2512 2445
2513 2445
2514 2445
2515 2445
2516 2445
2517 2445
2518 2445
2519 2445
2520 2445
2521 2445
2522 2445
2523 2445
2524 2445
2525 2445
2526 2445
2527 2445
2528 2445
2529 2445
2530 2445
2531 2445
2532 2445
2533 2445
2534 2445
2535 2445
2536 2445
2537 2445
2538 2445
2539 2445
2540 2445
2541 2445
2542 2445
2543 2445
2544 2445
2545 2445
2546 2445
2547 2445
2548 2445
2549 2445
2550 2445
2551 2445
2552 2445
2553 2445
2554 2445
2555 2445
2556 2445
2557 2445
2558 2445
2559 2445
2560 2445
2561 2445
2562 2445
2563 2445
2564 2445
2565 2445
2566 2445
2567 2445
2568 2445
2569 2445
2570 2445
2571 2445
2572 2445
2573 2445
2574 2445
2575 2445
2576 2445
2577 2445
2578 2445
2579 2445
2580 869
2581 869
2582 869
2583 869
2584 869
2585 869
2586 869
2587 869
2588 869
2589 869
2590 869
2591 869
2592 869
2593 869
2594 869
2595 932
2596 869
2597 869
2598 932
2599 869
2600 869
2601 869
2602 869
2603 869
2604 869
2605 932
2606 869
2607 869
2608 869
2609 869
2610 869
2611 932
2612 932
2613 869
2614 869
2615 869
2616 869
2617 869
2618 869
2619 869
2620 869
2621 869
2622 869
2623 869
2624 869
2625 869
2626 869
2627 869
2628 869
2629 869
2630 869
2631 869
2632 869
2633 869
2634 869
2635 2452
2636 2452
2637 2452
2638 2452
2639 2452
2640 2452
2641 2465
2642 2465
2643 2452
2644 2452
2645 2445
2646 2445
2647 2451
2648 2451
2649 2451
2650 2451
2651 2451
2652 2451
2653 2445
2654 2451
2655 2451
2656 2451
2657 2445
2658 2445
2659 2451
2660 2451
2661 2451
2662 2445
2663 2445
2664 2451
2665 2451
2666 2445
2667 2451
2668 2451
2669 2452
2670 2452
2671 2445
2672 2445
2673 2445
2674 2445
2675 2451
2676 2451
2677 2452
2678 2451
2679 2445
2680 2445
2681 2452
2682 2452
2683 2452
2684 2452
2685 2452
2686 2452
2687 2452
2688 2452
2689 2451
2690 2451
2691 2451
2692 2451
2693 2445
2694 2445
2695 2451
2696 2451
2697 932
2698 1793
2699 1793
2700 1793
2701 1793
2702 1793
2703 1793
2704 1793
2705 1793
2706 1793
2707 1793
2708 1793
2709 1793
2710 1793
2711 1793
2712 1793
2713 1793
2714 1793
2715 1793
2716 1793
2717 1793
2718 1793
2719 1793
2720 1793
2721 1793
2722 1793
2723 1793
2724 1793
2725 1793
2726 1793
2727 1793
2728 1793
2729 1793
2730 1793
2731 1793
2732 1793
2733 1793
2734 1793
2735 1793
2736 1793
2737 1793
2738 1793
2739 1793
2740 1793
2741 1793
2742 1793
2743 1793
2744 1793
2745 1793
2746 1793
2747 1793
2748 1793
2749 1793
2750 1793
2751 1793
2752 1793
2753 1793
2754 1793
2755 1793
2756 1793
2757 1793
2758 1793
2759 1793
2760 1793
2761 1793
2762 1793
2763 1793
2764 1793
2765 1793
2766 1793
2767 1793
2768 1793
2769 1793
2770 932
2771 932
2772 932
2773 932
2774 823
2775 866
2776 932
2777 932
2778 823
2779 131
2780 131
2781 131
2782 131
2783 131
2784 131
2785 131
2786 131
2787 131
2788 131
2789 131
2790 131
2791 131
2792 131
2793 131
2794 131
2795 131
2796 131
2797 131
2798 131
2799 131
2800 131
2801 131
2802 131
2803 131
2804 131
2805 131
2806 131
2807 131
2808 131
2809 131
2810 131
2811 131
2812 4789
2813 4781
2814 131
2815 131
2816 131
2817 131
2818 131
2819 5633
2820 5674
2821 5465
2822 6236
2823 4334
2824 5053
2825 5219
2826 5022
2827 5198
2828 5022
2829 4430
2830 6550
2831 6550
2832 4920
2833 5032
2834 5029
2835 5054
2836 5029
2837 5198
2838 5022
2839 5414
2840 5414
2841 5051
2842 5436
2843 5414
2844 5051
2845 6551
2846 4920
2847 5029
2848 4712
2849 5029
2850 5054
2851 5219
2852 4076
2853 4076
2854 4781
2855 5376
2856 5211
2857 5066
2858 5067
2859 5028
2860 5019
2861 5162
2862 5025
2863 5412
2864 5412
2865 5482
2866 5482
2867 5026
2868 5025
2869 5028
2870 3078
2871 4919
2872 4190
2873 5906
2874 2883
2875 5071
2876 5170
2877 5170
2878 5371
2879 5432
2880 5210
2881 5210
2882 5068
2883 5022
2884 5075
2885 5154
2886 5157
2887 5427
2888 5379
2889 5390
2890 5566
2891 5561
2892 5448
2893 5448
2894 5549
2895 6235
2896 6235
2897 6235
2898 6235
2899 6235
2900 5605
2901 5605
2902 5474
2903 5474
2904 5581
2905 5474
2906 5725
2907 5474
2908 5482
2909 3062
2910 5062
2911 5062
2912 3171
2913 4296
2914 5021
2915 4920
2916 4430
2917 5062
2918 5062
2919 4745
2920 4336
2921 4334
2922 4973
2923 4359
2924 4334
2925 4336
2926 4334
2927 4334
2928 5049
2929 5022
2930 5022
2931 5030
2932 5190
2933 5159
2934 5052
2935 5434
2936 5434
2937 5051
2938 5478
2939 5562
2940 5550
2941 5566
2942 5521
2943 5549
2944 5474
2945 5582
2946 5582
2947 5474
2948 5396
2949 5420
2950 5074
2951 5191
2952 5446
2953 5727
2954 5442
2955 5700
2956 5700
2957 5582
2958 5487
2959 5474
2960 5475
2961 5477
2962 5559
2963 5482
2964 5482
2965 5399
2966 5051
2967 5433
2968 5159
2969 5159
2970 5159
2971 5159
2972 3720
2973 3720
2974 5539
2975 5539
2976 5539
2977 5539
2978 5605
2979 5605
2980 6235
2981 5539
2982 5605
2983 5605
2984 5605
2985 5605
2986 5539
2987 5605
2988 5700
2989 5718
2990 5539
2991 5582
2992 5700
2993 5539
2994 5539
2995 5718
2996 5700
2997 5190
2998 5053
2999 5550
3000 5549
3001 5474
3002 5582
3003 5521
3004 5550
3005 5566
3006 5053
3007 5191
3008 5483
3009 5709
3010 5448
3011 5448
3012 4792
3013 6083
3014 5079
3015 5079
3016 5198
3017 5198
3018 5022
3019 4296
3020 5021
3021 4296
3022 4296
3023 5021
3024 5021
3025 5032
3026 5191
3027 5073
3028 5073
3029 5073
3030 5067
3031 5067
3032 5066
3033 5066
3034 5067
3035 5019
3036 5067
3037 5067
3038 5028
3039 5019
3040 5066
3041 5067
3042 4789
3043 5067
3044 5067
3045 3666
3046 3527
3047 230
3048 230
3049 3714
3050 3661
3051 357
3052 3560
3053 131
3054 131
3055 131
3056 131
3057 3661
3058 3655
3059 3943
3060 3935
3061 4761
3062 4799
3063 4187
3064 4076
3065 4076
3066 4076
3067 4788
3068 3663
3069 39
3070 39
3071 131
3072 131
3073 4781
3074 4076
3075 4187
3076 6273
3077 4297
3078 4789
3079 4297
3080 629
3081 1678
3082 629
3083 629
3084 1408
3085 4430
3086 4430
3087 629
3088 627
3089 626
3090 4430
3091 4430
3092 627
3093 627
3094 627
3095 627
3096 629
3097 6538
3098 6538
3099 6538
3100 3062
3101 1427
3102 4390
3103 627
3104 627
3105 627
3106 1510
3107 4430
3108 1341
3109 1341
3110 4430
3111 4430
3112 701
3113 701
3114 1427
3115 1341
3116 1408
3117 646
3118 646
3119 2851
3120 1423
3121 6538
3122 5062
3123 5062
3124 5198
3125 3474
3126 4479
3127 4433
3128 4336
3129 4391
3130 627
3131 947
3132 947
3133 4391
3134 4447
3135 1187
3136 1405
3137 1408
3138 1408
3139 627
3140 620
3141 618
3142 907
3143 907
3144 907
3145 877
3146 907
3147 946
3148 946
3149 947
3150 4336
3151 4336
3152 4391
3153 4391
3154 4334
3155 4336
3156 4334
3157 4334
3158 6538
3159 6515
3160 4645
3161 3525
3162 3666
3163 127
3164 3720
3165 131
3166 230
3167 131
3168 4799
3169 4799
3170 4479
3171 4788
3172 4473
3173 5197
3174 3365
3175 3402
3176 3398
3177 3398
3178 3402
3179 3402
3180 3402
3181 3402
3182 3407
3183 3407
3184 3402
3185 3398
3186 3365
3187 3365
3188 3398
3189 3365
3190 3398
3191 3365
3192 3365
3193 3398
3194 3407
3195 3407
3196 3407
3197 3402
3198 3353
3199 3353
3200 3437
3201 3437
3202 3437
3203 3437
3204 3437
3205 3437
3206 3407
3207 3353
3208 3353
3209 3353
3210 3437
3211 2753
3212 2753
3213 2753
3214 2753
3215 2753
3216 2753
3217 2753
3218 2753
3219 2753
3220 2753
3221 2753
3222 2753
3223 2753
3224 2753
3225 2753
3226 2753
3227 2753
3228 2753
3229 2753
3230 2753
3231 2753
3232 2753
3233 2753
3234 2753
3235 2753
3236 2753
3237 2753
3238 2753
3239 2753
3240 2753
3241 2753
3242 2753
3243 2753
3244 2753
3245 2753
3246 2753
3247 2753
3248 2753
3249 2753
3250 2753
3251 2753
3252 2753
3253 2753
3254 2753
3255 2753
3256 2753
3257 2753
3258 2753
3259 2753
3260 2753
3261 2753
3262 2753
3263 2753
3264 2753
3265 2753
3266 2753
3267 2753
3268 2753
3269 2753
3270 2753
3271 2753
3272 2753
3273 2753
3274 2753
3275 2753
3276 2753
3277 2753
3278 2753
3279 2753
3280 2753
3281 2753
3282 2753
3283 2753
3284 2753
3285 2753
3286 2753
3287 2753
3288 2753
3289 2753
3290 2753
3291 2753
3292 3306
3293 2753
3294 3306
3295 2753
3296 2753
3297 3306
3298 2753
3299 2753
3300 2753
3301 2753
3302 2753
3303 2753
3304 2753
3305 2753
3306 2753
3307 2753
3308 2753
3309 2753
3310 2753
3311 2753
3312 2753
3313 2753
3314 2753
3315 3306
3316 3306
3317 2753
3318 3306
3319 3398
3320 3365
3321 3365
3322 3437
3323 3398
3324 3353
3325 3353
3326 3353
3327 3358
3328 3358
3329 3358
3330 3358
3331 3358
3332 3358
3333 3358
3334 3358
3335 3358
3336 3221
3337 3221
3338 3220
3339 3221
3340 3221
3341 3220
3342 3221
3343 3220
3344 3221
3345 3220
3346 3221
3347 3220
3348 3221
3349 3221
3350 3221
3351 3221
3352 3221
3353 3221
3354 3221
3355 3221
3356 3221
3357 3221
3358 3221
3359 3221
3360 3221
3361 3221
3362 3221
3363 3221
3364 3218
3365 3296
3366 3296
3367 3218
3368 3218
3369 3218
3370 3297
3371 3296
3372 3218
3373 3296
3374 3296
3375 3297
3376 3297
3377 3296
3378 3296
3379 3297
3380 3354
3381 3354
3382 3297
3383 3297
3384 3297
3385 3297
3386 3297
3387 6752
3388 3297
3389 3297
3390 3358
3391 3358
3392 3358
3393 3358
3394 3297
3395 3358
3396 3297
3397 3218
3398 3218
3399 3297
3400 3297
3401 3297
3402 3296
3403 3218
3404 3296
3405 3296
3406 3218
3407 3218
3408 3239
3409 3297
3410 3296
3411 3297
3412 3296
3413 3296
3414 3297
3415 3354
3416 3354
3417 3354
3418 3352
3419 3218
3420 3218
3421 3218
3422 3296
3423 3296
3424 3296
3425 3296
3426 3296
3427 3296
3428 3296
3429 3296
3430 3296
3431 3296
3432 3358
3433 3358
3434 3358
3435 3358
3436 3358
3437 3218
3438 3218
3439 3218
3440 3218
3441 3218
3442 3218
3443 3218
3444 3218
3445 3218
3446 3218
3447 3218
3448 3218
3449 3237
3450 3237
3451 3237
3452 3237
3453 3296
3454 3296
3455 3296
3456 3296
3457 3296
3458 3296
3459 3296
3460 3296
3461 3296
3462 3296
3463 3296
3464 3296
3465 3296
3466 3296
3467 3296
3468 3296
3469 3358
3470 4792
3471 5170
3472 1121
3473 1121
3474 1121
3475 4391
3476 4334
3477 4745
3478 4712
3479 4447
3480 5022
3481 2840
3482 5372
3483 5019
3484 6504
3485 250
3486 250
3487 3762
3488 414
3489 414
3490 3786
3491 3762
3492 3762
3493 3762
3494 3762
3495 4076
3496 4076
3497 4187
3498 3078
3499 2809
3500 4333
3501 4333
3502 5250
3503 4333
3504 1756
3505 5198
3506 3078
3507 4645
3508 5073
3509 4984
3510 874
3511 4418
3512 127
3513 127
3514 131
3515 131
3516 131
3517 131
3518 127
3519 127
3520 329
3521 127
3522 330
3523 3770
3524 3789
3525 3749
3526 3560
3527 277
3528 131
3529 131
3530 131
3531 131
3532 131
3533 131
3534 131
3535 131
3536 131
3537 131
3538 131
3539 131
3540 131
3541 131
3542 131
3543 131
3544 131
3545 131
3546 131
3547 131
3548 131
3549 131
3550 131
3551 131
3552 330
3553 330
3554 230
3555 230
3556 131
3557 230
3558 131
3559 131
3560 131
3561 275
3562 3789
3563 276
3564 277
3565 3560
3566 3749
3567 3527
3568 3560
3569 3560
3570 3527
3571 276
3572 3560
3573 3560
3574 339
3575 330
3576 230
3577 330
3578 330
3579 330
3580 330
3581 330
3582 330
3583 330
3584 330
3585 330
3586 330
3587 124
3588 230
3589 230
3590 124
3591 330
3592 230
3593 230
3594 330
3595 330
3596 39
3597 330
3598 39
3599 39
3600 321
3601 321
3602 39
3603 39
3604 277
3605 32
3606 39
3607 230
3608 321
3609 321
3610 357
3611 276
3612 276
3613 276
3614 3525
3615 3525
3616 131
3617 131
3618 131
3619 131
3620 131
3621 131
3622 127
3623 127
3624 131
3625 131
3626 131
3627 131
3628 131
3629 131
3630 131
3631 131
3632 131
3633 131
3634 131
3635 131
3636 131
3637 131
3638 131
3639 131
3640 131
3641 131
3642 131
3643 131
3644 127
3645 127
3646 127
3647 346
3648 335
3649 3552
3650 3560
3651 3789
3652 3525
3653 3527
3654 3525
3655 3525
3656 3525
3657 3666
3658 3525
3659 3666
3660 3652
3661 3652
3662 3807
3663 3807
3664 3663
3665 3663
3666 3527
3667 3551
3668 3760
3669 127
3670 3670
3671 3670
3672 3677
3673 3770
3674 3674
3675 3674
3676 3770
3677 335
3678 3683
3679 3683
3680 3784
3681 3784
3682 3688
3683 3783
3684 3713
3685 3714
3686 3661
3687 3714
3688 3783
3689 3688
3690 3889
3691 3694
3692 3690
3693 3694
3694 3888
3695 3766
3696 3696
3697 3698
3698 3714
3699 3698
3700 131
3701 131
3702 131
3703 131
3704 409
3705 127
3706 3676
3707 3679
3708 3784
3709 3680
3710 3890
3711 3690
3712 3696
3713 3699
3714 3714
3715 3714
3716 3735
3717 3714
3718 3663
3719 3663
3720 3721
3721 3663
3722 3731
3723 3663
3724 3721
3725 3731
3726 3808
3727 3663
3728 3663
3729 3663
3730 3943
3731 3731
3732 3696
3733 3885
3734 3731
3735 3661
3736 3735
3737 3735
3738 3715
3739 131
3740 131
3741 131
3742 131
3743 131
3744 131
3745 131
3746 131
3747 131
3748 330
3749 330
3750 131
3751 131
3752 131
3753 131
3754 131
3755 321
3756 277
3757 3789
3758 127
3759 444
3760 232
3761 3688
3762 3783
3763 3766
3764 3766
3765 3892
3766 3897
3767 3698
3768 3731
3769 3731
3770 127
3771 127
3772 3770
3773 332
3774 331
3775 127
3776 127
3777 3537
3778 3749
3779 3525
3780 3666
3781 3763
3782 3695
3783 3763
3784 3763
3785 3695
3786 3763
3787 131
3788 131
3789 131
3790 39
3791 32
3792 342
3793 39
3794 3666
3795 3525
3796 3661
3797 3661
3798 131
3799 131
3800 131
3801 131
3802 330
3803 131
3804 131
3805 131
3806 131
3807 3652
3808 3658
3809 3663
3810 3661
3811 3661
3812 3810
3813 3719
3814 3719
3815 3812
3816 3652
3817 3714
3818 3714
3819 3655
3820 131
3821 131
3822 131
3823 131
3824 131
3825 131
3826 131
3827 131
3828 131
3829 131
3830 131
3831 131
3832 131
3833 131
3834 131
3835 131
3836 131
3837 131
3838 131
3839 3661
3840 3658
3841 330
3842 131
3843 127
3844 131
3845 131
3846 131
3847 131
3848 131
3849 131
3850 131
3851 131
3852 131
3853 131
3854 131
3855 131
3856 131
3857 131
3858 131
3859 131
3860 131
3861 131
3862 131
3863 131
3864 3885
3865 3885
3866 3885
3867 3885
3868 3696
3869 3885
3870 3975
3871 3971
3872 3971
3873 3975
3874 3971
3875 3971
3876 3971
3877 3969
3878 3969
3879 3680
3880 3781
3881 3674
3882 3679
3883 3883
3884 3894
3885 3525
3886 3885
3887 3696
3888 3897
3889 3896
3890 3888
3891 3889
3892 3696
3893 3900
3894 3773
3895 3908
3896 3696
3897 3696
3898 3885
3899 3885
3900 3697
3901 3698
3902 3698
3903 3885
3904 3885
3905 3885
3906 3885
3907 3525
3908 3777
3909 131
3910 3552
3911 339
3912 131
3913 131
3914 131
3915 131
3916 131
3917 3715
3918 3718
3919 3731
3920 4792
3921 4792
3922 131
3923 131
3924 131
3925 230
3926 131
3927 131
3928 131
3929 131
3930 131
3931 131
3932 131
3933 131
3934 3663
3935 3663
3936 131
3937 131
3938 3908
3939 3971
3940 3975
3941 3895
3942 3807
3943 3943
3944 3734
3945 131
3946 131
3947 131
3948 330
3949 2809
3950 3655
3951 131
3952 3975
3953 3975
3954 3975
3955 3971
3956 3971
3957 3971
3958 3971
3959 3971
3960 3969
3961 3971
3962 3971
3963 3971
3964 3971
3965 3971
3966 3971
3967 3971
3968 3975
3969 3975
3970 3977
3971 3977
3972 3885
3973 3907
3974 3979
3975 3979
3976 3978
3977 3979
3978 4018
3979 4018
3980 3980
3981 3980
3982 3885
3983 3885
3984 3977
3985 3975
3986 3977
3987 3971
3988 3979
3989 3978
3990 3979
3991 3979
3992 3979
3993 3907
3994 4018
3995 3907
3996 3980
3997 3907
3998 4018
3999 3907
4000 3907
4001 3907
4002 3907
4003 3980
4004 3980
4005 3895
4006 3885
4007 3885
4008 3885
4009 3885
4010 3885
4011 3885
4012 3977
4013 3978
4014 3885
4015 3980
4016 3980
4017 3885
4018 3980
4019 3885
4020 3885
4021 3885
4022 3885
4023 3885
4024 3980
4025 3885
4026 3980
4027 3907
4028 3885
4029 3885
4030 3980
4031 3907
4032 3980
4033 4018
4034 3979
4035 3978
4036 3980
4037 4018
4038 4018
4039 3979
4040 3979
4041 3979
4042 3979
4043 3979
4044 3979
4045 3977
4046 3979
4047 3977
4048 3977
4049 3977
4050 3971
4051 3971
4052 3971
4053 3975
4054 3971
4055 3975
4056 3975
4057 3975
4058 3935
4059 3935
4060 3943
4061 3943
4062 3975
4063 3977
4064 3975
4065 3979
4066 3977
4067 3977
4068 3979
4069 4037
4070 3979
4071 4018
4072 4073
4073 4308
4074 4308
4075 4075
4076 4077
4077 4077
4078 4078
4079 4076
4080 4078
4081 4079
4082 4155
4083 4184
4084 4081
4085 4081
4086 4142
4087 4423
4088 5256
4089 4423
4090 4898
4091 4681
4092 4898
4093 4897
4094 4198
4095 4199
4096 4095
4097 4094
4098 6535
4099 6529
4100 6529
4101 6535
4102 6570
4103 4423
4104 4352
4105 4423
4106 6529
4107 3022
4108 6529
4109 6529
4110 6375
4111 6375
4112 4155
4113 4085
4114 2957
4115 763
4116 723
4117 2906
4118 6527
4119 5259
4120 4311
4121 6527
4122 6329
4123 6329
4124 6328
4125 6328
4126 4159
4127 4156
4128 4897
4129 4897
4130 3502
4131 6542
4132 2838
4133 2838
4134 6542
4135 6542
4136 4156
4137 6375
4138 4676
4139 4897
4140 5258
4141 5258
4142 940
4143 4984
4144 940
4145 940
4146 6570
4147 5258
4148 6570
4149 6570
4150 4746
4151 4984
4152 4984
4153 669
4154 4080
4155 4186
4156 4142
4157 4142
4158 4423
4159 4142
4160 4897
4161 4897
4162 4898
4163 4898
4164 4311
4165 6527
4166 4984
4167 4949
4168 4253
4169 4253
4170 4253
4171 4253
4172 4303
4173 5256
4174 4298
4175 4303
4176 4142
4177 6570
4178 6570
4179 4298
4180 4303
4181 4079
4182 4185
4183 4079
4184 4076
4185 4076
4186 4076
4187 4780
4188 4781
4189 4073
4190 4799
4191 4897
4192 4159
4193 4984
4194 4715
4195 5139
4196 4714
4197 4714
4198 5006
4199 5006
4200 4378
4201 4378
4202 4378
4203 4378
4204 6311
4205 6311
4206 4240
4207 4240
4208 5259
4209 5259
4210 6374
4211 4120
4212 6387
4213 4372
4214 5095
4215 5095
4216 5092
4217 5092
4218 5186
4219 5187
4220 5174
4221 5112
4222 5138
4223 5138
4224 6287
4225 6474
4226 4253
4227 4253
4228 4253
4229 4253
4230 4230
4231 5272
4232 5272
4233 6431
4234 5089
4235 6339
4236 5271
4237 5080
4238 5079
4239 5079
4240 5065
4241 6311
4242 6311
4243 4240
4244 6311
4245 4968
4246 4968
4247 4254
4248 4254
4249 6297
4250 6545
4251 6288
4252 4965
4253 5197
4254 5065
4255 5021
4256 5197
4257 4898
4258 4897
4259 4897
4260 4897
4261 4240
4262 4238
4263 4240
4264 4240
4265 2838
4266 6543
4267 6543
4268 2838
4269 4791
4270 4798
4271 4797
4272 4253
4273 4253
4274 4254
4275 4254
4276 2957
4277 2906
4278 2838
4279 765
4280 4253
4281 6299
4282 6374
4283 6374
4284 4304
4285 4164
4286 4164
4287 4304
4288 4311
4289 4164
4290 6378
4291 4305
4292 4291
4293 4294
4294 4306
4295 4746
4296 4713
4297 4383
4298 4339
4299 4291
4300 4294
4301 4291
4302 4792
4303 4746
4304 4746
4305 4305
4306 4305
4307 4306
4308 4305
4309 4305
4310 4973
4311 4383
4312 4305
4313 4792
4314 4792
4315 4792
4316 4311
4317 6504
4318 4932
4319 4448
4320 4933
4321 4422
4322 4935
4323 4458
4324 4934
4325 4448
4326 6518
4327 6558
4328 6558
4329 6558
4330 4303
4331 4311
4332 940
4333 4444
4334 4931
4335 4467
4336 4465
4337 4931
4338 4933
4339 4933
4340 4933
4341 4339
4342 4339
4343 4359
4344 4333
4345 4949
4346 4359
4347 4359
4348 876
4349 876
4350 4362
4351 4971
4352 4973
4353 4757
4354 4645
4355 4972
4356 4933
4357 4456
4358 1521
4359 1028
4360 1171
4361 1171
4362 1174
4363 1147
4364 1187
4365 947
4366 947
4367 1187
4368 2840
4369 2840
4370 4448
4371 2840
4372 4295
4373 4303
4374 4295
4375 4304
4376 6510
4377 5249
4378 6374
4379 6374
4380 6524
4381 5093
4382 5205
4383 4460
4384 4460
4385 4460
4386 4931
4387 4931
4388 4467
4389 4460
4390 4465
4391 4522
4392 1148
4393 4653
4394 1171
4395 4936
4396 1045
4397 1171
4398 1366
4399 875
4400 1366
4401 1365
4402 4333
4403 4339
4404 4335
4405 4339
4406 4339
4407 4352
4408 4352
4409 4984
4410 4746
4411 4418
4412 4352
4413 4311
4414 5258
4415 4311
4416 4079
4417 4079
4418 4362
4419 4460
4420 4473
4421 4472
4422 4931
4423 4713
4424 4984
4425 4984
4426 4142
4427 6570
4428 4298
4429 4298
4430 4933
4431 1069
4432 4554
4433 4495
4434 4515
4435 4508
4436 1045
4437 1069
4438 4485
4439 4491
4440 4536
4441 4551
4442 4550
4443 4508
4444 4491
4445 4536
4446 4496
4447 4489
4448 4931
4449 1004
4450 1042
4451 4523
4452 4523
4453 4472
4454 4655
4455 4523
4456 4488
4457 4654
4458 4654
4459 4523
4460 4490
4461 4551
4462 4555
4463 4554
4464 4550
4465 4550
4466 4491
4467 4486
4468 4535
4469 4486
4470 4490
4471 4485
4472 4535
4473 4490
4474 4487
4475 4486
4476 4486
4477 4535
4478 4535
4479 4487
4480 4490
4481 4668
4482 4667
4483 4665
4484 4667
4485 4667
4486 4667
4487 4669
4488 4665
4489 4665
4490 4665
4491 4667
4492 4668
4493 4668
4494 4667
4495 4937
4496 4668
4497 4937
4498 4594
4499 4668
4500 4937
4501 4937
4502 4667
4503 4937
4504 4939
4505 4594
4506 4941
4507 4551
4508 4665
4509 4550
4510 4551
4511 4550
4512 4550
4513 4669
4514 4669
4515 4937
4516 4570
4517 4570
4518 4571
4519 4665
4520 4669
4521 4669
4522 4551
4523 4551
4524 4551
4525 4669
4526 4669
4527 4665
4528 4666
4529 4594
4530 4941
4531 4939
4532 4594
4533 4938
4534 4938
4535 4668
4536 4668
4537 4937
4538 4939
4539 4940
4540 4938
4541 4938
4542 4940
4543 4937
4544 4939
4545 4940
4546 4594
4547 4937
4548 4937
4549 4937
4550 1550
4551 4937
4552 4594
4553 4940
4554 4937
4555 4940
4556 4597
4557 4615
4558 4944
4559 4612
4560 6580
4561 6580
4562 6581
4563 6581
4564 4944
4565 4944
4566 4940
4567 1550
4568 4615
4569 4944
4570 4944
4571 4615
4572 4617
4573 4616
4574 4614
4575 4616
4576 4944
4577 4944
4578 4615
4579 4615
4580 6580
4581 4616
4582 4614
4583 4617
4584 4616
4585 4614
4586 4616
4587 4617
4588 4616
4589 4617
4590 6581
4591 6580
4592 6594
4593 6581
4594 4616
4595 4616
4596 6580
4597 6580
4598 6603
4599 6581
4600 6580
4601 6581
4602 6603
4603 6581
4604 6603
4605 6730
4606 6730
4607 6603
4608 6603
4609 6603
4610 6603
4611 6603
4612 6581
4613 6581
4614 6581
4615 6581
4616 6603
4617 6603
4618 6603
4619 6581
4620 6603
4621 6602
4622 6730
4623 4930
4624 4474
4625 4473
4626 4931
4627 4492
4628 1010
4629 4538
4630 4547
4631 4666
4632 4667
4633 4942
4634 4939
4635 4940
4636 4597
4637 4615
4638 4615
4639 4945
4640 6580
4641 4616
4642 6581
4643 6603
4644 6730
4645 1185
4646 1185
4647 1187
4648 947
4649 1184
4650 1187
4651 1187
4652 4433
4653 4668
4654 4550
4655 4550
4656 4550
4657 4942
4658 4666
4659 4570
4660 4571
4661 4615
4662 4614
4663 4612
4664 4945
4665 4940
4666 4940
4667 4944
4668 4944
4669 1550
4670 4554
4671 4538
4672 4553
4673 4555
4674 4304
4675 4304
4676 4142
4677 4142
4678 4142
4679 4142
4680 4142
4681 4142
4682 6529
4683 6535
4684 4897
4685 4898
4686 4311
4687 4310
4688 4311
4689 4359
4690 4362
4691 876
4692 4362
4693 947
4694 5250
4695 5064
4696 5168
4697 5169
4698 5371
4699 5089
4700 5371
4701 5371
4702 4792
4703 4313
4704 4439
4705 4433
4706 4479
4707 1174
4708 1186
4709 1187
4710 1187
4711 4931
4712 4933
4713 4933
4714 2961
4715 2961
4716 2962
4717 2961
4718 5065
4719 5065
4720 4720
4721 4115
4722 4116
4723 4116
4724 4798
4725 4714
4726 4282
4727 4714
4728 4714
4729 1423
4730 6518
4731 5250
4732 5251
4733 5250
4734 5065
4735 5064
4736 4330
4737 4184
4738 6273
4739 4184
4740 4303
4741 1236
4742 751
4743 3505
4744 750
4745 899
4746 4422
4747 4164
4748 6374
4749 4304
4750 4118
4751 4164
4752 4164
4753 6473
4754 6311
4755 4254
4756 4254
4757 1186
4758 1367
4759 1365
4760 4433
4761 4305
4762 4793
4763 4253
4764 4253
4765 4253
4766 4253
4767 4253
4768 4253
4769 4256
4770 4256
4771 4681
4772 4681
4773 4113
4774 4137
4775 4154
4776 4081
4777 4080
4778 4080
4779 4779
4780 4779
4781 4190
4782 4190
4783 4294
4784 5089
4785 5089
4786 4293
4787 4305
4788 4761
4789 4799
4790 2959
4791 1436
4792 4305
4793 3943
4794 1436
4795 2959
4796 4078
4797 4798
4798 4080
4799 3943
4800 3943
4801 899
4802 1366
4803 6527
4804 6540
4805 4746
4806 4984
4807 3663
4808 4984
4809 4338
4810 4984
4811 4984
4812 4333
4813 4333
4814 910
4815 910
4816 4897
4817 4898
4818 4099
4819 4681
4820 4339
4821 4984
4822 4897
4823 4897
4824 4303
4825 6375
4826 6375
4827 6375
4828 6375
4829 4439
4830 4240
4831 4240
4832 4240
4833 4240
4834 4475
4835 4472
4836 4933
4837 4931
4838 4516
4839 1171
4840 4518
4841 4497
4842 4940
4843 4944
4844 4616
4845 6580
4846 6581
4847 6603
4848 6730
4849 2959
4850 1436
4851 1435
4852 2961
4853 2838
4854 2837
4855 723
4856 1236
4857 2959
4858 2961
4859 1236
4860 2961
4861 2961
4862 1836
4863 2962
4864 2961
4865 1836
4866 1836
4867 2961
4868 724
4869 724
4870 723
4871 723
4872 4098
4873 4681
4874 4898
4875 4897
4876 4898
4877 4898
4878 1253
4879 4676
4880 1236
4881 1253
4882 4893
4883 6542
4884 4897
4885 4897
4886 2849
4887 4256
4888 4898
4889 4897
4890 4159
4891 6543
4892 6543
4893 4142
4894 4142
4895 4328
4896 6542
4897 4142
4898 6529
4899 4352
4900 4787
4901 4897
4902 4897
4903 4240
4904 4240
4905 6311
4906 6311
4907 6296
4908 5377
4909 4372
4910 6296
4911 751
4912 751
4913 4239
4914 4240
4915 6328
4916 750
4917 4682
4918 6328
4919 4383
4920 4973
4921 4984
4922 4339
4923 4757
4924 1187
4925 1187
4926 4465
4927 4363
4928 4523
4929 4488
4930 4523
4931 4523
4932 4470
4933 4931
4934 4523
4935 4467
4936 4553
4937 4615
4938 4616
4939 4615
4940 4616
4941 4615
4942 4944
4943 6580
4944 6580
4945 6580
4946 4616
4947 6580
4948 4475
4949 1144
4950 1367
4951 1367
4952 946
4953 669
4954 1424
4955 4352
4956 6527
4957 6527
4958 4352
4959 5259
4960 6378
4961 5259
4962 1267
4963 5259
4964 4118
4965 5249
4966 5252
4967 6524
4968 5249
4969 910
4970 4433
4971 1174
4972 1185
4973 1186
4974 6543
4975 4378
4976 4378
4977 1236
4978 1236
4979 4897
4980 4098
4981 4100
4982 4100
4983 4971
4984 876
4985 1366
4986 4452
4987 946
4988 4486
4989 4550
4990 4551
4991 4669
4992 4667
4993 4668
4994 4937
4995 4940
4996 4615
4997 4944
4998 4597
4999 4615
5000 4616
5001 6580
5002 6581
5003 6603
5004 4479
5005 4473
5006 4078
5007 4897
5008 4897
5009 4897
5010 1236
5011 1236
5012 4897
5013 4898
5014 4898
5015 1390
5016 1390
5017 1719
5018 1719
5019 1390
5020 1719
5021 1390
5022 1390
5023 1719
5024 1719
5025 1717
5026 1717
5027 1719
5028 1719
5029 1390
5030 1390
5031 1389
5032 1389
5033 1259
5034 1259
5035 1259
5036 1260
5037 1389
5038 1389
5039 1389
5040 1389
5041 1389
5042 1389
5043 1259
5044 1259
5045 1258
5046 1258
5047 1390
5048 1390
5049 1389
5050 1389
5051 1719
5052 1719
5053 1719
5054 1719
5055 1717
5056 1719
5057 1719
5058 1719
5059 1719
5060 1719
5061 1719
5062 1389
5063 1389
5064 1389
5065 1389
5066 1389
5067 1389
5068 1390
5069 1390
5070 1389
5071 1389
5072 1389
5073 1389
5074 1389
5075 1389
5076 1258
5077 1258
5078 1389
5079 1389
5080 1258
5081 1258
5082 1259
5083 1260
5084 1259
5085 1259
5086 1259
5087 1260
5088 1433
5089 1433
5090 1260
5091 1260
5092 1259
5093 1259
5094 1258
5095 1258
5096 1261
5097 1261
5098 1259
5099 1259
5100 1431
5101 1431
5102 1260
5103 1433
5104 1260
5105 1260
5106 1431
5107 1260
5108 1431
5109 1431
5110 1431
5111 1260
5112 1260
5113 1260
5114 1260
5115 1260
5116 1260
5117 1260
5118 1260
5119 1260
5120 1260
5121 1260
5122 1260
5123 1260
5124 1260
5125 1260
5126 1901
5127 1901
5128 1901
5129 2904
5130 1260
5131 1260
5132 1260
5133 1260
5134 1260
5135 1260
5136 2905
5137 2905
5138 2959
5139 2959
5140 2959
5141 2959
5142 759
5143 759
5144 759
5145 1431
5146 1260
5147 1260
5148 1431
5149 1431
5150 1431
5151 2959
5152 1260
5153 1260
5154 1390
5155 1390
5156 1719
5157 1719
5158 1719
5159 1719
5160 1390
5161 1389
5162 1746
5163 1414
5164 1260
5165 2904
5166 2905
5167 2905
5168 1261
5169 1259
5170 1259
5171 1260
5172 2904
5173 2904
5174 2905
5175 2904
5176 1260
5177 1260
5178 2959
5179 2905
5180 2905
5181 2959
5182 1433
5183 2961
5184 1503
5185 1260
5186 1503
5187 1503
5188 2961
5189 2959
5190 1390
5191 1389
5192 1259
5193 1259
5194 1260
5195 1390
5196 1719
5197 1389
5198 1389
5199 1389
5200 1901
5201 1901
5202 1260
5203 759
5204 1431
5205 1901
5206 724
5207 1260
5208 1431
5209 1431
5210 1717
5211 1389
5212 1260
5213 1260
5214 1901
5215 2904
5216 1433
5217 1260
5218 1260
5219 1719
5220 1260
5221 1261
5222 5170
5223 4328
5224 6570
5225 6570
5226 4897
5227 4897
5228 4898
5229 4898
5230 6535
5231 3977
5232 3979
5233 3695
5234 4338
5235 3977
5236 3978
5237 3979
5238 3977
5239 3977
5240 3971
5241 3889
5242 3885
5243 3971
5244 6515
5245 6370
5246 6515
5247 6515
5248 6515
5249 6504
5250 6505
5251 6504
5252 6504
5253 6504
5254 4311
5255 6504
5256 4746
5257 6504
5258 4746
5259 4746
5260 4713
5261 4648
5262 4645
5263 4645
5264 4973
5265 4645
5266 4645
5267 4363
5268 4645
5269 4078
5270 5272
5271 4270
5272 4270
5273 4715
5274 4715
5275 4861
5276 5189
5277 4269
5278 5272
5279 4271
5280 5089
5281 5179
5282 4115
5283 4276
5284 4115
5285 4115
5286 4714
5287 4714
5288 4714
5289 4714
5290 6327
5291 4896
5292 4895
5293 6325
5294 4714
5295 5042
5296 5193
5297 5377
5298 4378
5299 6303
5300 6303
5301 4378
5302 4379
5303 4898
5304 4898
5305 4101
5306 4379
5307 4379
5308 4379
5309 4379
5310 4276
5311 4116
5312 4115
5313 4116
5314 4380
5315 4380
5316 4379
5317 4379
5318 4380
5319 6367
5320 6367
5321 4682
5322 4134
5323 4129
5324 6327
5325 4115
5326 4253
5327 4898
5328 4253
5329 4240
5330 4256
5331 4898
5332 4898
5333 6322
5334 4126
5335 6328
5336 6327
5337 4719
5338 4719
5339 4240
5340 4378
5341 4378
5342 4115
5343 6311
5344 4240
5345 4379
5346 4379
5347 4379
5348 4379
5349 4719
5350 4719
5351 4210
5352 6367
5353 4719
5354 4129
5355 4113
5356 4776
5357 4682
5358 4682
5359 6485
5360 4080
5361 1901
5362 4240
5363 4240
5364 4240
5365 1236
5366 321
5367 39
5368 131
5369 131
5370 1901
5371 1260
5372 1258
5373 1389
5374 1258
5375 1258
5376 1258
5377 1259
5378 1258
5379 1736
5380 1704
5381 1736
5382 1736
5383 1657
5384 1657
5385 1736
5386 1657
5387 1736
5388 1657
5389 1657
5390 1736
5391 1736
5392 1736
5393 1736
5394 1736
5395 1658
5396 1657
5397 1657
5398 1736
5399 1736
5400 1658
5401 1658
5402 1736
5403 1736
5404 1657
5405 1657
5406 1736
5407 1717
5408 1658
5409 1704
5410 1736
5411 1704
5412 1704
5413 1736
5414 1719
5415 1704
5416 1704
5417 1736
5418 1704
5419 1658
5420 1736
5421 1736
5422 1736
5423 1736
5424 1736
5425 1704
5426 1704
5427 1717
5428 1732
5429 1746
5430 1657
5431 1657
5432 1717
5433 1736
5434 1658
5435 1704
5436 1704
5437 1719
5438 1746
5439 1746
5440 1657
5441 1719
5442 1563
5443 1563
5444 1563
5445 1584
5446 1722
5447 1606
5448 1722
5449 1722
5450 1584
5451 1563
5452 1584
5453 1585
5454 1584
5455 1585
5456 1584
5457 1585
5458 1584
5459 1584
5460 1585
5461 1585
5462 1584
5463 1585
5464 1563
5465 1563
5466 1563
5467 1722
5468 1562
5469 1563
5470 1563
5471 1563
5472 1584
5473 1563
5474 1917
5475 1628
5476 1628
5477 1917
5478 1628
5479 1628
5480 1626
5481 1628
5482 1917
5483 1917
5484 1606
5485 1722
5486 1628
5487 1628
5488 1935
5489 1938
5490 1935
5491 1935
5492 1628
5493 1917
5494 1628
5495 1628
5496 2873
5497 2873
5498 1938
5499 1938
5500 1935
5501 1935
5502 1584
5503 1584
5504 1974
5505 1585
5506 1585
5507 1974
5508 1584
5509 1584
5510 1584
5511 1585
5512 1584
5513 1584
5514 1584
5515 1584
5516 1974
5517 1975
5518 1975
5519 1974
5520 1626
5521 1626
5522 1584
5523 1584
5524 1585
5525 1585
5526 1917
5527 1628
5528 1938
5529 1935
5530 1606
5531 1722
5532 1628
5533 1628
5534 1626
5535 1974
5536 1584
5537 1563
5538 1563
5539 1721
5540 1721
5541 1563
5542 1584
5543 1584
5544 1584
5545 1584
5546 1563
5547 1721
5548 1628
5549 1628
5550 1626
5551 1606
5552 1917
5553 1917
5554 1606
5555 1722
5556 1606
5557 1562
5558 1628
5559 1626
5560 1626
5561 1626
5562 1626
5563 1626
5564 1626
5565 1626
5566 1644
5567 1626
5568 1626
5569 1626
5570 1626
5571 1626
5572 1626
5573 1626
5574 1562
5575 1721
5576 1563
5577 1563
5578 1974
5579 1974
5580 1585
5581 1606
5582 1606
5583 1974
5584 1937
5585 1937
5586 1975
5587 1975
5588 1975
5589 1975
5590 1975
5591 1937
5592 1975
5593 1974
5594 1974
5595 1974
5596 1585
5597 1584
5598 1974
5599 1974
5600 1974
5601 1974
5602 1974
5603 1974
5604 1563
5605 1563
5606 1935
5607 1935
5608 1626
5609 1626
5610 1584
5611 1584
5612 1563
5613 1975
5614 1975
5615 1975
5616 1975
5617 1935
5618 1937
5619 1935
5620 1935
5621 1974
5622 1974
5623 1975
5624 1975
5625 1974
5626 1975
5627 1935
5628 1937
5629 1937
5630 1937
5631 1722
5632 1722
5633 1563
5634 1584
5635 1974
5636 1974
5637 1563
5638 1975
5639 1975
5640 1975
5641 1563
5642 1937
5643 1628
5644 1917
5645 2873
5646 1917
5647 1937
5648 1937
5649 1974
5650 1975
5651 1975
5652 1975
5653 1722
5654 1974
5655 1974
5656 2873
5657 2873
5658 1917
5659 1974
5660 1722
5661 2873
5662 1917
5663 1628
5664 1628
5665 1937
5666 1935
5667 1626
5668 1626
5669 1626
5670 1628
5671 1722
5672 1722
5673 1721
5674 1721
5675 1974
5676 2089
5677 2148
5678 2148
5679 2089
5680 1935
5681 2148
5682 1721
5683 1975
5684 1722
5685 1563
5686 1722
5687 1917
5688 1606
5689 1626
5690 1628
5691 1626
5692 1722
5693 2089
5694 2089
5695 1626
5696 1626
5697 1721
5698 1722
5699 1722
5700 1722
5701 1722
5702 1626
5703 1657
5704 1657
5705 1657
5706 2089
5707 1975
5708 1975
5709 1722
5710 1721
5711 1721
5712 1721
5713 1722
5714 1722
5715 1606
5716 1606
5717 1722
5718 1722
5719 1974
5720 1974
5721 1975
5722 1937
5723 1975
5724 1975
5725 1917
5726 1722
5727 1563
5728 1563
5729 1585
5730 1975
5731 1975
5732 1974
5733 2089
5734 2089
5735 1975
5736 1974
5737 1975
5738 1975
5739 1585
5740 1628
5741 1938
5742 2089
5743 2089
5744 2089
5745 1606
5746 1722
5747 1657
5748 1562
5749 1563
5750 1975
5751 1974
5752 1975
5753 1975
5754 1975
5755 1937
5756 2120
5757 2120
5758 2120
5759 2089
5760 2089
5761 2120
5762 2120
5763 2120
5764 2120
5765 2120
5766 2240
5767 2120
5768 2240
5769 2240
5770 2240
5771 2240
5772 2240
5773 2240
5774 2240
5775 2240
5776 2240
5777 2240
5778 2120
5779 2240
5780 2240
5781 2240
5782 2240
5783 2120
5784 2240
5785 2240
5786 2240
5787 2120
5788 2240
5789 2240
5790 2120
5791 2240
5792 2120
5793 2120
5794 2240
5795 2240
5796 2240
5797 2240
5798 2240
5799 2240
5800 2240
5801 2240
5802 2089
5803 2089
5804 2120
5805 2240
5806 2120
5807 2120
5808 2240
5809 2240
5810 2240
5811 2240
5812 2240
5813 2240
5814 2240
5815 2240
5816 2240
5817 2240
5818 2240
5819 2240
5820 2120
5821 2120
5822 2240
5823 2240
5824 2120
5825 2120
5826 2240
5827 2120
5828 2089
5829 2089
5830 1937
5831 1937
5832 1937
5833 1937
5834 2240
5835 2120
5836 2089
5837 2089
5838 2120
5839 2120
5840 1937
5841 1937
5842 1937
5843 2089
5844 2089
5845 1937
5846 1937
5847 2089
5848 2089
5849 2089
5850 2089
5851 2120
5852 2080
5853 2240
5854 2240
5855 2080
5856 2120
5857 2240
5858 2240
5859 2080
5860 2240
5861 1937
5862 2240
5863 2240
5864 2240
5865 2080
5866 2080
5867 2240
5868 2080
5869 2080
5870 2080
5871 2080
5872 2080
5873 2080
5874 2080
5875 2080
5876 2080
5877 2080
5878 2080
5879 2080
5880 2080
5881 2080
5882 2080
5883 2080
5884 2080
5885 2080
5886 2080
5887 2080
5888 2080
5889 2080
5890 2080
5891 2080
5892 2080
5893 2080
5894 2080
5895 2080
5896 2080
5897 2080
5898 2080
5899 2080
5900 2080
5901 2080
5902 2080
5903 2080
5904 2080
5905 2080
5906 2080
5907 2080
5908 2080
5909 2080
5910 2080
5911 2080
5912 2080
5913 2080
5914 2080
5915 2080
5916 2080
5917 2080
5918 2080
5919 2080
5920 2080
5921 2080
5922 2080
5923 2080
5924 2080
5925 2080
5926 2080
5927 2080
5928 2080
5929 2080
5930 2120
5931 2120
5932 2089
5933 2089
5934 2120
5935 2120
5936 2089
5937 2089
5938 2120
5939 2089
5940 1935
5941 1935
5942 1937
5943 1937
5944 2120
5945 2089
5946 1935
5947 1935
5948 2089
5949 2089
5950 1937
5951 1937
5952 1937
5953 1935
5954 1935
5955 1937
5956 1937
5957 2089
5958 1935
5959 1935
5960 1935
5961 2148
5962 2240
5963 2120
5964 2120
5965 2240
5966 2089
5967 2120
5968 2240
5969 2240
5970 2240
5971 1937
5972 1937
5973 2240
5974 2240
5975 2120
5976 2240
5977 2240
5978 2240
5979 2240
5980 2240
5981 2240
5982 2240
5983 2240
5984 2240
5985 2240
5986 2240
5987 2080
5988 2080
5989 2080
5990 2080
5991 2080
5992 2080
5993 2080
5994 2080
5995 2080
5996 2080
5997 2080
5998 2080
5999 2080
6000 2080
6001 2080
6002 2080
6003 2080
6004 2080
6005 2080
6006 2080
6007 2080
6008 2080
6009 2080
6010 2080
6011 2080
6012 2080
6013 2240
6014 2240
6015 2080
6016 2080
6017 2080
6018 2080
6019 2080
6020 2080
6021 2080
6022 2080
6023 2080
6024 2080
6025 2240
6026 2240
6027 2240
6028 2080
6029 2240
6030 2080
6031 2080
6032 2080
6033 2080
6034 2080
6035 2080
6036 2080
6037 2080
6038 2080
6039 2080
6040 2080
6041 1937
6042 1937
6043 1937
6044 1937
6045 1937
6046 1937
6047 1937
6048 1937
6049 1937
6050 1937
6051 1937
6052 1937
6053 1937
6054 1975
6055 1975
6056 1974
6057 1974
6058 1974
6059 1974
6060 1937
6061 1937
6062 1937
6063 1937
6064 1937
6065 1937
6066 1974
6067 1974
6068 1975
6069 1974
6070 1975
6071 1937
6072 1937
6073 1974
6074 1974
6075 1937
6076 1937
6077 1937
6078 1937
6079 1937
6080 1935
6081 1937
6082 1937
6083 1935
6084 1937
6085 1937
6086 1935
6087 1935
6088 1935
6089 1974
6090 1935
6091 1935
6092 1937
6093 1935
6094 1935
6095 1935
6096 2148
6097 2148
6098 2148
6099 2148
6100 1938
6101 1938
6102 1938
6103 1938
6104 2089
6105 2089
6106 2120
6107 2120
6108 2120
6109 2120
6110 2089
6111 2089
6112 2089
6113 2120
6114 2120
6115 2120
6116 2120
6117 2089
6118 2120
6119 2120
6120 2089
6121 2089
6122 2120
6123 2120
6124 2120
6125 2089
6126 2120
6127 2120
6128 2089
6129 2120
6130 2148
6131 2089
6132 2120
6133 2120
6134 2120
6135 2120
6136 2089
6137 2120
6138 2089
6139 2120
6140 2120
6141 2120
6142 1938
6143 1938
6144 2148
6145 2089
6146 2148
6147 2148
6148 2089
6149 2089
6150 2120
6151 2120
6152 2120
6153 2120
6154 2120
6155 2120
6156 2120
6157 2120
6158 1974
6159 1563
6160 1584
6161 1563
6162 1563
6163 1563
6164 1563
6165 1563
6166 1584
6167 1563
6168 1563
6169 1584
6170 1584
6171 1584
6172 1584
6173 1584
6174 1584
6175 1584
6176 1584
6177 1584
6178 1584
6179 1585
6180 1584
6181 1585
6182 1585
6183 1584
6184 1584
6185 1584
6186 1585
6187 1585
6188 1585
6189 1585
6190 1585
6191 1585
6192 1585
6193 1584
6194 1584
6195 1584
6196 1585
6197 1585
6198 1584
6199 1585
6200 1585
6201 1584
6202 1585
6203 1584
6204 1584
6205 1585
6206 1585
6207 1585
6208 1585
6209 1585
6210 1585
6211 1585
6212 1585
6213 1585
6214 1585
6215 1584
6216 1584
6217 1584
6218 1584
6219 1584
6220 1584
6221 1585
6222 1585
6223 1585
6224 1585
6225 1585
6226 1585
6227 1585
6228 1585
6229 1585
6230 1585
6231 1585
6232 1585
6233 1584
6234 1584
6235 1563
6236 1584
6237 1584
6238 1974
6239 1563
6240 131
6241 131
6242 131
6243 131
6244 131
6245 131
6246 131
6247 131
6248 131
6249 131
6250 131
6251 131
6252 131
6253 131
6254 131
6255 131
6256 131
6257 131
6258 131
6259 131
6260 131
6261 131
6262 131
6263 131
6264 131
6265 131
6266 131
6267 131
6268 131
6269 131
6270 131
6271 131
6272 131
6273 4781
6274 4076
6275 131
6276 131
6277 131
6278 131
6279 131
6280 4897
6281 1253
6282 1252
6283 1236
6284 4984
6285 6374
6286 6374
6287 5065
6288 5250
6289 6527
6290 3099
6291 3044
6292 4352
6293 940
6294 5252
6295 5252
6296 5252
6297 4304
6298 5065
6299 5065
6300 5259
6301 4328
6302 6374
6303 6374
6304 6374
6305 5249
6306 4352
6307 4352
6308 4730
6309 4352
6310 5064
6311 5065
6312 4164
6313 4186
6314 4185
6315 4183
6316 4185
6317 4184
6318 6375
6319 6375
6320 6488
6321 6375
6322 4159
6323 4159
6324 4159
6325 6542
6326 4897
6327 6542
6328 6535
6329 6535
6330 6535
6331 4303
6332 6508
6333 4189
6334 1389
6335 1736
6336 5089
6337 5089
6338 4852
6339 4795
6340 5178
6341 5089
6342 6570
6343 5371
6344 5167
6345 5179
6346 5151
6347 4790
6348 4276
6349 4379
6350 4115
6351 4115
6352 4115
6353 4115
6354 750
6355 749
6356 749
6357 1235
6358 749
6359 749
6360 751
6361 4240
6362 4719
6363 4378
6364 6304
6365 6296
6366 4372
6367 4316
6368 6517
6369 6517
6370 6515
6371 6515
6372 6376
6373 4290
6374 4311
6375 6504
6376 6517
6377 4311
6378 4984
6379 4972
6380 4972
6381 4972
6382 4972
6383 4321
6384 4972
6385 4339
6386 4384
6387 6510
6388 6515
6389 6515
6390 5378
6391 5080
6392 5193
6393 5193
6394 5193
6395 5192
6396 5192
6397 4282
6398 6303
6399 4282
6400 4282
6401 4282
6402 4379
6403 4379
6404 4379
6405 4379
6406 4379
6407 4282
6408 4714
6409 5093
6410 5094
6411 6542
6412 6543
6413 6299
6414 4253
6415 4254
6416 4968
6417 4968
6418 4967
6419 4967
6420 4967
6421 6303
6422 6303
6423 6303
6424 6303
6425 5139
6426 5096
6427 5096
6428 5205
6429 5096
6430 5096
6431 5272
6432 6431
6433 752
6434 4238
6435 752
6436 752
6437 749
6438 749
6439 752
6440 749
6441 752
6442 752
6443 749
6444 752
6445 749
6446 752
6447 4719
6448 4240
6449 4240
6450 4719
6451 4240
6452 4240
6453 4240
6454 4240
6455 4719
6456 5378
6457 5099
6458 4282
6459 4379
6460 4379
6461 4379
6462 6367
6463 4379
6464 4282
6465 5093
6466 5094
6467 4682
6468 4126
6469 6327
6470 4895
6471 1260
6472 5021
6473 5065
6474 5251
6475 5198
6476 5378
6477 6375
6478 6375
6479 6375
6480 6375
6481 4087
6482 6375
6483 6375
6484 6488
6485 6529
6486 4087
6487 4142
6488 6375
6489 6375
6490 6529
6491 6529
6492 3666
6493 3525
6494 2809
6495 230
6496 4799
6497 4799
6498 6273
6499 4079
6500 4079
6501 4076
6502 4190
6503 4186
6504 4422
6505 4422
6506 4386
6507 4383
6508 4746
6509 4339
6510 4746
6511 4386
6512 4448
6513 2840
6514 4746
6515 4746
6516 4338
6517 4383
6518 4339
6519 2840
6520 4338
6521 6515
6522 6558
6523 6538
6524 6517
6525 6517
6526 618
6527 2840
6528 618
6529 6518
6530 6518
6531 4746
6532 6518
6533 6518
6534 6505
6535 6558
6536 6517
6537 6517
6538 4746
6539 1423
6540 4746
6541 4746
6542 6517
6543 6515
6544 6515
6545 5251
6546 4538
6547 4479
6548 4473
6549 876
6550 4363
6551 4383
6552 1187
6553 1187
6554 1366
6555 946
6556 4433
6557 4746
6558 4746
6559 4746
6560 618
6561 2840
6562 1367
6563 1365
6564 907
6565 946
6566 4972
6567 4972
6568 4645
6569 4645
6570 4984
6571 4645
6572 4339
6573 4973
6574 6730
6575 6792
6576 6792
6577 6730
6578 6730
6579 6730
6580 6730
6581 6792
6582 6792
6583 6730
6584 6730
6585 6792
6586 6792
6587 6730
6588 6730
6589 6792
6590 6792
6591 6792
6592 6730
6593 6792
6594 6792
6595 6792
6596 6730
6597 6792
6598 6786
6599 6786
6600 6786
6601 6786
6602 6786
6603 6786
6604 6786
6605 6792
6606 6786
6607 6786
6608 6786
6609 6786
6610 6786
6611 6709
6612 6709
6613 6709
6614 6709
6615 6709
6616 6709
6617 6676
6618 6709
6619 6709
6620 6709
6621 6709
6622 6709
6623 6676
6624 6676
6625 6676
6626 6676
6627 6709
6628 6709
6629 6709
6630 6709
6631 6676
6632 6676
6633 6676
6634 6676
6635 6676
6636 6676
6637 6676
6638 6676
6639 6709
6640 6676
6641 6676
6642 6709
6643 6709
6644 6709
6645 6709
6646 6709
6647 6709
6648 6676
6649 6676
6650 6709
6651 6709
6652 6709
6653 6709
6654 6709
6655 6709
6656 6709
6657 6709
6658 6709
6659 6709
6660 6709
6661 6709
6662 6709
6663 6709
6664 6709
6665 6709
6666 6709
6667 6676
6668 6709
6669 6709
6670 6676
6671 6709
6672 6676
6673 6709
6674 6709
6675 6709
6676 6709
6677 6709
6678 6676
6679 6676
6680 6708
6681 6676
6682 6676
6683 6676
6684 6676
6685 6676
6686 6676
6687 6676
6688 6676
6689 6676
6690 6676
6691 6704
6692 6676
6693 6709
6694 6704
6695 6709
6696 6676
6697 6704
6698 6676
6699 6709
6700 6676
6701 6676
6702 6709
6703 6676
6704 6676
6705 6709
6706 6709
6707 6676
6708 6676
6709 6709
6710 6676
6711 6676
6712 6709
6713 6676
6714 6676
6715 6713
6716 6684
6717 6676
6718 6684
6719 6792
6720 6792
6721 6792
6722 6786
6723 6792
6724 6786
6725 6786
6726 6786
6727 6787
6728 6782
6729 6786
6730 6786
6731 6786
6732 6782
6733 6782
6734 6782
6735 6782
6736 6713
6737 6718
6738 6718
6739 6713
6740 6718
6741 6713
6742 6718
6743 6718
6744 6718
6745 6713
6746 6718
6747 6713
6748 6718
6749 6718
6750 6713
6751 6718
6752 6713
6753 6718
6754 6713
6755 6718
6756 6718
6757 6679
6758 6679
6759 6718
6760 6679
6761 6718
6762 6679
6763 6718
6764 6746
6765 6768
6766 6768
6767 6746
6768 6746
6769 6747
6770 6822
6771 6820
6772 6746
6773 6821
6774 6820
6775 6776
6776 6822
6777 6821
6778 6776
6779 6776
6780 6782
6781 6782
6782 6776
6783 6823
6784 6783
6785 6783
6786 6783
6787 6776
6788 6783
6789 6776
6790 6782
6791 6782
6792 6782
6793 6782
6794 6782
6795 6776
6796 6822
6797 6747
6798 6747
6799 6822
6800 6822
6801 6821
6802 6820
6803 6746
6804 6820
6805 6821
6806 6718
6807 6746
6808 6820
6809 6821
6810 6822
6811 6821
6812 6823
6813 6776
6814 6821
6815 6782
6816 6782
6817 6783
6818 6776
6819 6747
6820 6746
6821 6820
6822 6821
6823 6821
6824 6822
6825 6822
6826 6822
6827 6822
6828 6821
6829 6821
6830 6820
6831 6821
6832 6782
6833 6787
6834 6787
6835 6786
6836 6786
6837 6718
6838 6718
6839 6747
6840 6747
6841 6746
6842 6746
6843 6747
6844 6746
6845 6746
6846 6746
6847 6746
6848 6746
6849 6820
6850 6820
6851 6820
6852 6820
6853 6821
6854 6821
6855 6821
6856 6821
6857 6821
6858 6822
6859 6821
6860 6821
6861 6821
6862 6821
6863 6821
6864 6821
6865 6821
6866 6821
6867 6821
6868 6821
6869 6782
6870 4944
6871 4597
6872 4597
6873 1365
6874 4984
6875 4352
6876 3041
6877 947
6878 6570
6879 6375
6880 3975
6881 3975
6882 3977
6883 3979
6884 4018
6885 4018
6886 3977
6887 3977
6888 3977
6889 3977
