0 131
1 2253
2 131
3 131
4 2250
5 2250
6 131
7 131
8 131
9 2787
10 131
11 131
12 2019
13 2019
14 1962
15 1923
16 2707
17 2250
18 2250
19 2707
20 2710
21 2710
22 2710
23 2708
24 2707
25 2251
26 2707
27 2710
28 2723
29 2708
30 2723
31 2732
32 2710
33 2708
34 2708
35 2708
36 2708
37 2723
38 2723
39 2732
40 2228
41 2022
42 2022
43 2229
44 2707
45 2022
46 2024
47 2069
48 2069
49 1970
50 2230
51 1970
52 1920
53 1920
54 1923
55 1918
56 1918
57 1919
58 1919
59 1920
60 1920
61 1963
62 1963
63 2229
64 2229
65 2071
66 2227
67 2229
68 2229
69 2229
70 2229
71 2229
72 2229
73 2229
74 2229
75 2234
76 2234
77 2227
78 2227
79 2071
80 2071
81 2022
82 2227
83 2071
84 2229
85 2228
86 2229
87 2228
88 2228
89 2230
90 2228
91 2228
92 2228
93 1970
94 1970
95 2022
96 2230
97 2228
98 1970
99 1970
100 1920
101 1920
102 1365
103 1365
104 2704
105 2250
106 2250
107 2250
108 2250
109 2704
110 131
111 2024
112 2024
113 131
114 2253
115 2252
116 2250
117 2250
118 2704
119 2707
120 2707
121 2250
122 2707
123 2707
124 2707
125 2707
126 2710
127 2710
128 2710
129 2710
130 2710
131 2710
132 131
133 131
134 131
135 2787
136 2787
137 1920
138 1923
139 1963
140 2874
141 1963
142 877
143 1966
144 877
145 873
146 2874
147 873
148 909
149 874
150 911
151 3893
152 3893
153 911
154 1960
155 2787
156 131
157 127
158 3
159 127
160 1
161 3
162 0
163 127
164 127
165 3
166 135
167 165
168 165
169 135
170 165
171 159
172 849
173 874
174 849
175 849
176 177
177 159
178 249
179 171
180 171
181 171
182 249
183 249
184 274
185 254
186 385
187 274
188 131
189 2253
190 2252
191 131
192 131
193 131
194 1
195 134
196 159
197 135
198 171
199 171
200 249
201 274
202 254
203 274
204 385
205 385
206 3765
207 391
208 391
209 253
210 3901
211 399
212 3901
213 391
214 875
215 1610
216 3901
217 875
218 400
219 399
220 249
221 249
222 399
223 253
224 253
225 3765
226 385
227 2707
228 2710
229 2710
230 2710
231 2710
232 2253
233 2707
234 2250
235 2253
236 2071
237 2024
238 2024
239 2229
240 2252
241 2252
242 2253
243 2073
244 2230
245 2109
246 131
247 0
248 127
249 177
250 159
251 249
252 274
253 274
254 414
255 385
256 3902
257 3901
258 131
259 131
260 2787
261 131
262 131
263 131
264 131
265 2019
266 1926
267 1960
268 873
269 158
270 171
271 171
272 249
273 165
274 249
275 2250
276 2251
277 2707
278 2228
279 2228
280 1970
281 1970
282 910
283 910
284 876
285 876
286 2708
287 2723
288 2708
289 2708
290 2071
291 2069
292 2069
293 2070
294 2070
295 909
296 909
297 3893
298 385
299 385
300 384
301 3893
302 3901
303 3893
304 384
305 457
306 909
307 909
308 1366
309 1366
310 2708
311 2708
312 2708
313 2708
314 2708
315 2708
316 2708
317 2723
318 2708
319 2732
320 2723
321 2732
322 2708
323 2708
324 2708
325 2708
326 2723
327 2723
328 2708
329 2708
330 2723
331 2732
332 2732
333 1366
334 876
335 131
336 2251
337 2229
338 2707
339 2024
340 2707
341 2250
342 2250
343 2707
344 2707
345 2707
346 2710
347 2710
348 2710
349 2710
350 2710
351 2250
352 2253
353 2710
354 2707
355 2707
356 2710
357 2251
358 131
359 2024
360 374
361 374
362 873
363 874
364 874
365 874
366 159
367 165
368 159
369 159
370 159
371 159
372 159
373 159
374 159
375 135
376 135
377 1
378 135
379 135
380 3
381 873
382 1942
383 874
384 3786
385 3786
386 249
387 249
388 249
389 171
390 274
391 274
392 1926
393 1960
394 249
395 274
396 249
397 249
398 274
399 385
400 385
401 1932
402 873
403 873
404 873
405 1927
406 1942
407 2708
408 2707
409 2710
410 2707
411 159
412 3
413 414
414 249
415 1920
416 1963
417 2250
418 2250
419 2069
420 2251
421 2710
422 3765
423 3901
424 3917
425 3917
426 3917
427 2707
428 2707
429 2723
430 2227
431 2708
432 2708
433 2708
434 2707
435 2707
436 2707
437 2723
438 2723
439 2723
440 3900
441 3893
442 2069
443 2070
444 127
445 3765
446 385
447 159
448 165
449 159
450 159
451 3697
452 3893
453 463
454 2252
455 2253
456 2710
457 3764
458 2234
459 2229
460 3902
461 1366
462 2708
463 3765
464 159
465 159
466 159
467 159
468 159
469 159
470 159
471 159
472 159
473 159
474 159
475 159
476 159
477 159
478 159
479 159
480 159
481 159
482 165
483 165
484 1942
485 1932
486 158
487 158
488 158
489 158
490 171
491 171
492 171
493 171
494 374
495 374
496 159
497 165
498 165
499 159
500 158
501 165
502 158
503 158
504 1942
505 1942
506 158
507 1942
508 375
509 1942
510 158
511 375
512 375
513 375
514 375
515 166
516 166
517 1942
518 171
519 374
520 374
521 374
522 873
523 874
524 158
525 171
526 374
527 171
528 374
529 374
530 171
531 374
532 374
533 374
534 374
535 374
536 374
537 171
538 171
539 171
540 171
541 171
542 171
543 171
544 171
545 158
546 158
547 158
548 171
549 158
550 171
551 158
552 158
553 158
554 158
555 165
556 158
557 158
558 158
559 165
560 165
561 158
562 159
563 159
564 159
565 159
566 159
567 159
568 159
569 159
570 3917
571 3902
572 3738
573 3917
574 165
575 159
576 159
577 165
578 165
579 165
580 165
581 159
582 165
583 158
584 305
585 304
586 3917
587 3815
588 1390
589 1801
590 869
591 869
592 867
593 3157
594 2926
595 1798
596 857
597 857
598 2921
599 2920
600 2920
601 857
602 932
603 823
604 823
605 823
606 1900
607 1900
608 1900
609 1513
610 866
611 869
612 1799
613 867
614 657
615 664
616 664
617 855
618 4729
619 6530
620 6551
621 4745
622 867
623 868
624 868
625 1798
626 4930
627 4931
628 4933
629 4930
630 657
631 657
632 1449
633 2915
634 1139
635 1138
636 3130
637 3127
638 932
639 932
640 932
641 866
642 4383
643 1230
644 870
645 4325
646 6504
647 4746
648 869
649 866
650 866
651 869
652 1203
653 856
654 855
655 855
656 918
657 918
658 855
659 856
660 856
661 1203
662 1344
663 1344
664 3476
665 3476
666 1798
667 2926
668 1802
669 1802
670 2921
671 2921
672 1446
673 879
674 878
675 823
676 856
677 855
678 1344
679 1332
680 4625
681 4625
682 4625
683 4625
684 856
685 855
686 856
687 857
688 2921
689 857
690 857
691 664
692 664
693 857
694 857
695 857
696 1389
697 1258
698 1261
699 426
700 827
701 423
702 3815
703 823
704 932
705 1344
706 3106
707 3108
708 3108
709 3106
710 1513
711 1513
712 1364
713 1361
714 1361
715 871
716 1137
717 1361
718 1361
719 1137
720 2915
721 1793
722 4746
723 882
724 4383
725 4383
726 2911
727 3123
728 3123
729 2910
730 3114
731 3121
732 1788
733 1786
734 3112
735 3112
736 4385
737 4383
738 4419
739 4419
740 1262
741 1262
742 304
743 305
744 304
745 423
746 423
747 423
748 423
749 3122
750 3122
751 1779
752 2929
753 4625
754 1137
755 1137
756 4625
757 1137
758 4625
759 4419
760 4837
761 4383
762 4384
763 4383
764 4383
765 1782
766 1779
767 1779
768 1779
769 1139
770 933
771 1139
772 1139
773 4419
774 4384
775 4384
776 4383
777 1262
778 4383
779 933
780 933
781 932
782 1513
783 932
784 4625
785 1137
786 4836
787 4625
788 4930
789 4930
790 4383
791 4384
792 4713
793 4386
794 4430
795 6560
796 1793
797 3100
798 1791
799 2915
800 1449
801 1793
802 2915
803 422
804 422
805 304
806 422
807 919
808 919
809 2819
810 2819
811 302
812 305
813 304
814 305
815 920
816 919
817 399
818 422
819 422
820 422
821 3917
822 1345
823 2819
824 422
825 463
826 304
827 302
828 302
829 3815
830 855
831 856
832 1653
833 1653
834 1653
835 1677
836 1678
837 1677
838 4361
839 1653
840 920
841 919
842 6381
843 4923
844 1449
845 1449
846 855
847 4115
848 5106
849 5142
850 1614
851 4393
852 4838
853 4361
854 4361
855 2862
856 1341
857 1333
858 4889
859 4902
860 1341
861 1341
862 4115
863 4116
864 4116
865 4115
866 2819
867 2819
868 2819
869 1405
870 4361
871 4361
872 5143
873 5146
874 5116
875 5143
876 5146
877 5121
878 5177
879 5217
880 5145
881 5217
882 629
883 629
884 1678
885 626
886 939
887 2915
888 2915
889 2916
890 2916
891 3121
892 3121
893 3106
894 3106
895 3121
896 3123
897 4838
898 4393
899 4431
900 4393
901 4434
902 4393
903 4434
904 5125
905 5121
906 5125
907 5132
908 5132
909 5082
910 5082
911 5132
912 4116
913 4116
914 4871
915 4882
916 651
917 1341
918 1333
919 648
920 648
921 1327
922 1328
923 1334
924 3476
925 3476
926 3478
927 3476
928 664
929 855
930 2976
931 657
932 2819
933 5107
934 5194
935 5082
936 5119
937 919
938 918
939 918
940 937
941 1796
942 2920
943 857
944 1654
945 5164
946 5164
947 5034
948 5034
949 5086
950 5044
951 5044
952 5086
953 5044
954 5376
955 5041
956 5044
957 5125
958 5034
959 5164
960 5085
961 5044
962 4393
963 5124
964 5082
965 5086
966 5086
967 5082
968 5034
969 5085
970 5213
971 5213
972 5085
973 5212
974 5034
975 5041
976 5044
977 5376
978 5041
979 5376
980 5044
981 5044
982 5034
983 5044
984 5034
985 5044
986 5034
987 5034
988 5044
989 5044
990 5034
991 5044
992 5044
993 5034
994 5044
995 5057
996 5161
997 5161
998 5160
999 5160
1000 5161
1001 5161
1002 5160
1003 5161
1004 5027
1005 5160
1006 5161
1007 5047
1008 5027
1009 5160
1010 5027
1011 5027
1012 5026
1013 5160
1014 5160
1015 5027
1016 5027
1017 5027
1018 5026
1019 5026
1020 5027
1021 5211
1022 5211
1023 5041
1024 5376
1025 5041
1026 5376
1027 5211
1028 5211
1029 5160
1030 5160
1031 5161
1032 5161
1033 5161
1034 5050
1035 5211
1036 5211
1037 5211
1038 5211
1039 5211
1040 5211
1041 5161
1042 5161
1043 5026
1044 5026
1045 5027
1046 5028
1047 5412
1048 5412
1049 5027
1050 5027
1051 5026
1052 5412
1053 5026
1054 5412
1055 5412
1056 5412
1057 5412
1058 5026
1059 5026
1060 5412
1061 5027
1062 5027
1063 5026
1064 5412
1065 5026
1066 5412
1067 5412
1068 5412
1069 5026
1070 5410
1071 5410
1072 5410
1073 5410
1074 5383
1075 2931
1076 2931
1077 5383
1078 5410
1079 5410
1080 5410
1081 5410
1082 5385
1083 5385
1084 5410
1085 5410
1086 5384
1087 5385
1088 5385
1089 5384
1090 5410
1091 5385
1092 5385
1093 5410
1094 5384
1095 5384
1096 5385
1097 5385
1098 5385
1099 5384
1100 5385
1101 5385
1102 5385
1103 5385
1104 2931
1105 2931
1106 5383
1107 5383
1108 5384
1109 5383
1110 5383
1111 5384
1112 2931
1113 2931
1114 5383
1115 2931
1116 2931
1117 2931
1118 2931
1119 2931
1120 752
1121 752
1122 749
1123 749
1124 749
1125 2931
1126 2931
1127 749
1128 2931
1129 749
1130 2931
1131 2931
1132 749
1133 749
1134 2931
1135 749
1136 752
1137 5147
1138 5147
1139 5218
1140 5218
1141 5034
1142 5085
1143 5211
1144 5044
1145 5161
1146 5027
1147 5160
1148 5026
1149 5026
1150 5412
1151 5385
1152 5410
1153 5385
1154 5384
1155 5385
1156 2931
1157 2931
1158 749
1159 5145
1160 4115
1161 5145
1162 5217
1163 5217
1164 5217
1165 5177
1166 5177
1167 5047
1168 5376
1169 5376
1170 5376
1171 5160
1172 5160
1173 5050
1174 5161
1175 5387
1176 5410
1177 5385
1178 5410
1179 5410
1180 5410
1181 5410
1182 5410
1183 5387
1184 5044
1185 5211
1186 5041
1187 5044
1188 3101
1189 1787
1190 1798
1191 1800
1192 3157
1193 1797
1194 937
1195 867
1196 808
1197 822
1198 3127
1199 1139
1200 3476
1201 4953
1202 3476
1203 1341
1204 6280
1205 4871
1206 4115
1207 5217
1208 5119
1209 5177
1210 5177
1211 1780
1212 1780
1213 3100
1214 2912
1215 827
1216 827
1217 812
1218 426
1219 302
1220 423
1221 5217
1222 5218
1223 5217
1224 5119
1225 5217
1226 5217
1227 5119
1228 1707
1229 1653
1230 4361
1231 4930
1232 4932
1233 4933
1234 4930
1235 3123
1236 3123
1237 304
1238 823
1239 932
1240 823
1241 823
1242 3138
1243 3108
1244 3115
1245 3138
1246 4923
1247 4923
1248 802
1249 1782
1250 1781
1251 844
1252 3121
1253 3106
1254 664
1255 679
1256 679
1257 662
1258 4932
1259 4385
1260 4422
1261 4422
1262 1653
1263 1653
1264 4326
1265 4326
1266 3121
1267 842
1268 4339
1269 4430
1270 4383
1271 4625
1272 4625
1273 4625
1274 5119
1275 4114
1276 5144
1277 5217
1278 5217
1279 3902
1280 3901
1281 4419
1282 4419
1283 4419
1284 4419
1285 4625
1286 933
1287 4419
1288 4625
1289 932
1290 932
1291 932
1292 866
1293 869
1294 932
1295 869
1296 869
1297 423
1298 423
1299 423
1300 426
1301 423
1302 423
1303 426
1304 424
1305 426
1306 423
1307 3917
1308 3917
1309 3815
1310 4930
1311 4930
1312 399
1313 399
1314 4930
1315 4930
1316 932
1317 932
1318 932
1319 3902
1320 3902
1321 626
1322 626
1323 2915
1324 657
1325 3030
1326 651
1327 651
1328 1328
1329 2846
1330 3511
1331 3902
1332 651
1333 1342
1334 1289
1335 1289
1336 4889
1337 4902
1338 5144
1339 5144
1340 854
1341 854
1342 1230
1343 1263
1344 1333
1345 648
1346 823
1347 3087
1348 3476
1349 857
1350 857
1351 2921
1352 2921
1353 5217
1354 5218
1355 4422
1356 4422
1357 4383
1358 4422
1359 5124
1360 5177
1361 5144
1362 5143
1363 5203
1364 4361
1365 5132
1366 5120
1367 5085
1368 5034
1369 5412
1370 5410
1371 5385
1372 5384
1373 2931
1374 752
1375 2931
1376 4930
1377 4930
1378 4930
1379 4930
1380 4383
1381 4385
1382 4386
1383 4383
1384 4931
1385 4932
1386 4931
1387 4930
1388 4933
1389 4933
1390 4930
1391 4930
1392 4930
1393 4933
1394 4930
1395 4930
1396 4386
1397 4386
1398 4931
1399 944
1400 853
1401 3127
1402 1139
1403 1498
1404 879
1405 4933
1406 4933
1407 4932
1408 897
1409 4383
1410 4625
1411 4625
1412 4384
1413 4383
1414 4385
1415 1139
1416 1263
1417 823
1418 933
1419 933
1420 1800
1421 1801
1422 882
1423 3140
1424 1801
1425 1800
1426 664
1427 460
1428 900
1429 897
1430 4384
1431 4384
1432 1361
1433 4836
1434 3109
1435 883
1436 3109
1437 3112
1438 4422
1439 4422
1440 4422
1441 4422
1442 4422
1443 853
1444 4385
1445 4422
1446 627
1447 627
1448 1332
1449 1344
1450 627
1451 5177
1452 5145
1453 5082
1454 1405
1455 5086
1456 5086
1457 5164
1458 5131
1459 5131
1460 5164
1461 5213
1462 5164
1463 5211
1464 5385
1465 5384
1466 5384
1467 5385
1468 5385
1469 5385
1470 5384
1471 5383
1472 5383
1473 5384
1474 5383
1475 5217
1476 4361
1477 1716
1478 4116
1479 4115
1480 4871
1481 1344
1482 3476
1483 662
1484 664
1485 657
1486 657
1487 2915
1488 2915
1489 1794
1490 1788
1491 1794
1492 2915
1493 1780
1494 3097
1495 3121
1496 3123
1497 5144
1498 5217
1499 5217
1500 4115
1501 4115
1502 833
1503 871
1504 3089
1505 4932
1506 4385
1507 1139
1508 833
1509 1139
1510 1139
1511 627
1512 789
1513 627
1514 5147
1515 5143
1516 5144
1517 5376
1518 5044
1519 5211
1520 5161
1521 5047
1522 5027
1523 5026
1524 5412
1525 5385
1526 5410
1527 5385
1528 5385
1529 5383
1530 5384
1531 2931
1532 749
1533 5218
1534 5218
1535 932
1536 1139
1537 1139
1538 1139
1539 1677
1540 1678
1541 4932
1542 4932
1543 1139
1544 1139
1545 1139
1546 5548
1547 5487
1548 5487
1549 5548
1550 5548
1551 5487
1552 5548
1553 5487
1554 5487
1555 5548
1556 5582
1557 5487
1558 5487
1559 5474
1560 5548
1561 5549
1562 5549
1563 5548
1564 5608
1565 4937
1566 4937
1567 5608
1568 5549
1569 5549
1570 5549
1571 5549
1572 5550
1573 5608
1574 5608
1575 5550
1576 5550
1577 5550
1578 5548
1579 5549
1580 5549
1581 5548
1582 5474
1583 5487
1584 5487
1585 5474
1586 5474
1587 5487
1588 5474
1589 5582
1590 5487
1591 5487
1592 5582
1593 5550
1594 5549
1595 5549
1596 5550
1597 5549
1598 5549
1599 5548
1600 5549
1601 5549
1602 5548
1603 5549
1604 5549
1605 5549
1606 5549
1607 5550
1608 5550
1609 5550
1610 5550
1611 5550
1612 5550
1613 5608
1614 5608
1615 5608
1616 5608
1617 5608
1618 5608
1619 4937
1620 4937
1621 4937
1622 4937
1623 5608
1624 5550
1625 5550
1626 5608
1627 5608
1628 5608
1629 5608
1630 5608
1631 4474
1632 4667
1633 4667
1634 4550
1635 4667
1636 4667
1637 4669
1638 4669
1639 4667
1640 4937
1641 4937
1642 4667
1643 4937
1644 4937
1645 4937
1646 4937
1647 4937
1648 4667
1649 4937
1650 4937
1651 4937
1652 4937
1653 4937
1654 4937
1655 4937
1656 4937
1657 4937
1658 4937
1659 4937
1660 4937
1661 4937
1662 4937
1663 4937
1664 4937
1665 4937
1666 4937
1667 4474
1668 4930
1669 4930
1670 4930
1671 4930
1672 4930
1673 4474
1674 4474
1675 4474
1676 4669
1677 4669
1678 4474
1679 4669
1680 4669
1681 4667
1682 4474
1683 4667
1684 4667
1685 5548
1686 5487
1687 5487
1688 5548
1689 5487
1690 5474
1691 5549
1692 5548
1693 5474
1694 4940
1695 5608
1696 4937
1697 4667
1698 4667
1699 5608
1700 4940
1701 5608
1702 5608
1703 4937
1704 4667
1705 4667
1706 4937
1707 4667
1708 4667
1709 4930
1710 4930
1711 4667
1712 4667
1713 4667
1714 4930
1715 4667
1716 4474
1717 4930
1718 4930
1719 4930
1720 4930
1721 5548
1722 5549
1723 5608
1724 5608
1725 4937
1726 5548
1727 5487
1728 5550
1729 5549
1730 5549
1731 4667
1732 4937
1733 4667
1734 4474
1735 4474
1736 4937
1737 4931
1738 5608
1739 4937
1740 4937
1741 5582
1742 5549
1743 5608
1744 5608
1745 4667
1746 4667
1747 4667
1748 4667
1749 4667
1750 5474
1751 4937
1752 5608
1753 1792
1754 720
1755 774
1756 816
1757 856
1758 3157
1759 1139
1760 1137
1761 1139
1762 1139
1763 3085
1764 158
1765 171
1766 165
1767 4889
1768 4889
1769 4902
1770 165
1771 158
1772 158
1773 159
1774 159
1775 159
1776 171
1777 171
1778 159
1779 657
1780 657
1781 6386
1782 657
1783 664
1784 4921
1785 4343
1786 3155
1787 3155
1788 856
1789 855
1790 855
1791 856
1792 3155
1793 918
1794 855
1795 918
1796 918
1797 919
1798 1429
1799 1405
1800 1341
1801 1408
1802 1405
1803 6280
1804 6280
1805 4871
1806 4116
1807 4116
1808 869
1809 305
1810 1703
1811 1704
1812 3107
1813 3113
1814 3090
1815 3115
1816 423
1817 423
1818 1717
1819 423
1820 426
1821 810
1822 1447
1823 3136
1824 3091
1825 3138
1826 3138
1827 3138
1828 3138
1829 3083
1830 3081
1831 834
1832 3083
1833 3105
1834 3121
1835 3106
1836 3107
1837 3088
1838 3088
1839 3105
1840 3089
1841 3087
1842 879
1843 879
1844 1498
1845 1364
1846 1361
1847 1361
1848 1364
1849 808
1850 4625
1851 4419
1852 3082
1853 832
1854 4384
1855 4419
1856 837
1857 837
1858 871
1859 3087
1860 1263
1861 1446
1862 809
1863 823
1864 823
1865 4625
1866 4625
1867 4625
1868 1137
1869 4625
1870 1139
1871 1360
1872 823
1873 823
1874 1263
1875 1263
1876 4419
1877 1361
1878 1361
1879 1361
1880 1361
1881 3094
1882 4384
1883 4384
1884 3087
1885 3105
1886 3096
1887 3096
1888 4384
1889 4384
1890 3105
1891 3095
1892 4837
1893 823
1894 932
1895 932
1896 823
1897 823
1898 1454
1899 932
1900 4937
1901 4625
1902 4384
1903 4384
1904 4932
1905 2235
1906 1970
1907 2287
1908 2069
1909 4937
1910 4937
1911 5550
1912 5550
1913 5549
1914 5550
1915 5550
1916 5608
1917 5550
1918 5716
1919 5700
1920 5700
1921 5716
1922 5539
1923 5700
1924 5539
1925 5700
1926 5539
1927 5539
1928 5700
1929 5700
1930 5539
1931 5716
1932 5581
1933 5700
1934 5700
1935 5539
1936 5700
1937 5700
1938 5539
1939 5716
1940 5700
1941 5700
1942 5581
1943 5539
1944 5700
1945 5539
1946 5582
1947 5582
1948 5474
1949 5718
1950 5718
1951 5582
1952 5582
1953 5474
1954 5582
1955 5582
1956 5716
1957 5582
1958 5581
1959 5700
1960 5700
1961 5700
1962 5700
1963 5700
1964 5582
1965 5582
1966 5582
1967 5700
1968 5582
1969 5539
1970 5539
1971 5582
1972 5581
1973 5582
1974 5582
1975 5581
1976 5474
1977 5582
1978 5582
1979 5539
1980 5474
1981 3309
1982 3309
1983 3309
1984 6231
1985 3283
1986 3271
1987 3280
1988 5544
1989 3230
1990 3309
1991 3230
1992 3229
1993 3228
1994 6082
1995 6082
1996 3230
1997 6059
1998 6062
1999 6062
2000 6066
2001 6058
2002 6231
2003 6057
2004 6062
2005 6057
2006 6057
2007 6231
2008 6231
2009 3309
2010 3230
2011 3230
2012 3309
2013 5543
2014 5543
2015 5538
2016 5538
2017 5543
2018 5538
2019 5538
2020 5538
2021 6234
2022 3279
2023 6234
2024 3283
2025 6235
2026 5538
2027 5905
2028 5906
2029 5906
2030 5905
2031 5538
2032 5538
2033 5538
2034 5538
2035 5543
2036 5543
2037 5905
2038 5905
2039 5905
2040 5905
2041 6069
2042 6062
2043 6082
2044 6082
2045 6065
2046 6063
2047 6062
2048 6062
2049 6058
2050 6066
2051 6066
2052 6066
2053 6058
2054 6069
2055 6082
2056 6082
2057 6147
2058 6147
2059 5539
2060 5539
2061 6059
2062 6062
2063 6069
2064 6066
2065 5538
2066 5538
2067 5905
2068 5905
2069 3283
2070 5544
2071 5543
2072 5538
2073 5538
2074 6082
2075 6058
2076 6231
2077 6231
2078 6231
2079 5739
2080 5544
2081 6057
2082 6058
2083 6058
2084 6057
2085 3309
2086 3269
2087 5538
2088 6235
2089 5539
2090 5544
2091 5544
2092 5543
2093 5543
2094 5739
2095 3271
2096 5544
2097 5538
2098 5539
2099 5539
2100 5539
2101 5539
2102 5539
2103 5539
2104 5539
2105 5539
2106 5539
2107 6235
2108 5539
2109 5539
2110 5539
2111 6235
2112 5539
2113 3269
2114 3269
2115 3309
2116 3269
2117 6064
2118 6082
2119 6083
2120 6234
2121 6234
2122 6083
2123 5906
2124 6029
2125 5969
2126 5929
2127 6146
2128 5969
2129 5976
2130 6102
2131 6082
2132 6147
2133 6103
2134 6063
2135 6083
2136 6069
2137 6063
2138 6063
2139 6082
2140 6082
2141 6083
2142 6083
2143 5739
2144 6231
2145 5905
2146 5905
2147 5539
2148 5539
2149 6066
2150 6058
2151 6231
2152 6083
2153 6147
2154 6147
2155 6083
2156 5906
2157 5905
2158 5905
2159 5929
2160 6083
2161 6150
2162 6151
2163 6083
2164 6102
2165 5976
2166 5906
2167 6032
2168 6032
2169 5906
2170 5544
2171 6231
2172 5544
2173 6082
2174 6063
2175 6058
2176 6231
2177 6149
2178 6151
2179 6149
2180 6231
2181 5929
2182 5538
2183 5543
2184 5543
2185 5538
2186 5929
2187 5929
2188 6083
2189 6083
2190 6102
2191 6102
2192 5544
2193 6062
2194 6062
2195 6234
2196 5538
2197 6234
2198 6083
2199 5544
2200 5544
2201 5543
2202 5538
2203 5538
2204 5929
2205 5905
2206 5539
2207 5538
2208 5539
2209 5538
2210 5544
2211 5544
2212 6231
2213 6231
2214 6083
2215 5905
2216 5905
2217 5905
2218 5905
2219 5905
2220 5905
2221 6231
2222 6102
2223 5544
2224 6231
2225 6057
2226 5544
2227 6234
2228 5538
2229 5538
2230 5539
2231 3280
2232 5905
2233 5905
2234 5538
2235 5539
2236 3269
2237 5544
2238 5544
2239 5544
2240 5544
2241 5539
2242 5539
2243 5539
2244 5539
2245 5905
2246 6150
2247 6150
2248 3268
2249 3269
2250 3309
2251 3268
2252 3268
2253 3269
2254 5544
2255 5544
2256 5544
2257 5544
2258 6102
2259 6146
2260 6083
2261 5986
2262 6149
2263 6149
2264 5544
2265 6234
2266 3309
2267 3309
2268 6063
2269 6151
2270 6149
2271 6082
2272 5905
2273 5905
2274 6146
2275 6063
2276 6150
2277 6146
2278 6062
2279 5538
2280 5905
2281 5905
2282 5905
2283 5905
2284 5543
2285 5544
2286 5539
2287 3269
2288 3309
2289 6102
2290 6082
2291 6150
2292 6147
2293 6083
2294 6150
2295 5905
2296 5905
2297 5905
2298 5905
2299 5905
2300 5905
2301 5905
2302 5905
2303 5905
2304 5905
2305 5905
2306 5905
2307 5905
2308 5905
2309 5905
2310 5905
2311 5905
2312 5905
2313 5905
2314 5905
2315 5905
2316 5905
2317 5905
2318 5905
2319 5905
2320 5905
2321 5905
2322 5905
2323 5905
2324 5905
2325 5905
2326 5905
2327 5905
2328 5905
2329 5905
2330 5905
2331 5905
2332 5905
2333 5905
2334 5905
2335 5905
2336 5905
2337 5905
2338 5905
2339 5905
2340 5905
2341 5905
2342 5905
2343 5905
2344 5905
2345 5905
2346 5905
2347 5905
2348 5905
2349 5905
2350 5905
2351 5905
2352 5905
2353 5905
2354 5905
2355 5905
2356 5905
2357 5905
2358 5905
2359 5905
2360 5905
2361 5905
2362 5905
2363 5905
2364 5905
2365 5905
2366 5905
2367 5905
2368 6032
2369 5986
2370 5905
2371 6029
2372 5969
2373 5905
2374 5905
2375 5905
2376 5905
2377 5905
2378 5905
2379 6150
2380 6150
2381 5976
2382 5905
2383 6032
2384 6039
2385 5905
2386 5905
2387 5905
2388 5905
2389 5905
2390 5905
2391 5905
2392 5905
2393 5905
2394 5905
2395 5905
2396 5905
2397 5905
2398 5905
2399 5905
2400 6039
2401 5905
2402 5905
2403 5905
2404 5905
2405 5905
2406 5905
2407 5905
2408 5905
2409 5905
2410 5905
2411 5905
2412 5905
2413 5905
2414 5905
2415 5905
2416 5905
2417 5905
2418 5905
2419 5905
2420 5905
2421 5905
2422 5905
2423 5905
2424 5905
2425 5905
2426 5905
2427 5905
2428 5905
2429 5905
2430 5905
2431 5905
2432 5905
2433 5905
2434 5905
2435 5905
2436 5905
2437 5905
2438 5905
2439 5905
2440 5905
2441 5905
2442 5905
2443 5905
2444 5905
2445 5905
2446 5905
2447 5905
2448 5905
2449 5905
2450 5905
2451 5905
2452 5905
2453 5905
2454 5905
2455 5905
2456 5905
2457 5905
2458 5905
2459 5905
2460 5905
2461 5905
2462 5905
2463 5905
2464 5905
2465 5905
2466 5905
2467 5905
2468 5905
2469 5905
2470 5905
2471 5906
2472 5905
2473 5905
2474 5905
2475 5905
2476 5905
2477 5905
2478 5906
2479 5929
2480 5986
2481 6029
2482 5906
2483 5905
2484 5905
2485 5929
2486 5906
2487 5906
2488 5929
2489 6139
2490 6150
2491 5986
2492 5929
2493 5986
2494 6029
2495 5929
2496 5906
2497 5929
2498 5906
2499 5929
2500 5906
2501 5905
2502 5905
2503 5905
2504 5905
2505 5906
2506 5905
2507 5905
2508 5905
2509 5905
2510 5986
2511 6139
2512 5905
2513 5905
2514 5905
2515 5905
2516 5905
2517 5905
2518 5905
2519 5905
2520 5905
2521 5905
2522 5905
2523 5905
2524 5905
2525 5905
2526 5905
2527 5905
2528 5905
2529 5905
2530 5905
2531 5905
2532 5905
2533 5905
2534 5905
2535 5905
2536 5905
2537 5905
2538 5905
2539 5905
2540 5905
2541 5905
2542 5905
2543 5905
2544 5905
2545 5905
2546 5905
2547 5905
2548 5905
2549 5905
2550 5905
2551 5905
2552 5905
2553 5905
2554 5905
2555 5905
2556 5905
2557 5905
2558 5905
2559 5905
2560 5905
2561 5905
2562 5905
2563 5905
2564 5905
2565 5905
2566 5905
2567 5905
2568 5905
2569 5905
2570 5905
2571 5905
2572 5905
2573 5905
2574 5905
2575 5905
2576 5905
2577 5905
2578 5905
2579 5905
2580 6150
2581 6032
2582 6156
2583 6139
2584 6032
2585 6034
2586 5986
2587 5986
2588 6034
2589 6034
2590 5969
2591 6149
2592 6083
2593 6102
2594 6149
2595 6063
2596 6082
2597 6082
2598 6063
2599 5969
2600 6034
2601 6147
2602 6150
2603 6150
2604 6147
2605 6065
2606 6083
2607 6083
2608 6082
2609 6083
2610 6147
2611 6082
2612 6082
2613 6147
2614 6149
2615 6147
2616 6149
2617 6149
2618 6139
2619 6039
2620 6039
2621 6032
2622 6032
2623 6139
2624 6032
2625 6039
2626 6039
2627 6039
2628 6082
2629 5924
2630 5924
2631 6032
2632 6039
2633 6039
2634 6039
2635 5929
2636 5924
2637 5929
2638 5929
2639 5924
2640 5924
2641 5924
2642 5924
2643 5929
2644 5929
2645 5906
2646 5906
2647 5906
2648 5906
2649 5906
2650 5929
2651 5906
2652 5929
2653 5906
2654 5906
2655 5906
2656 5929
2657 5906
2658 5906
2659 5929
2660 5929
2661 5906
2662 5906
2663 5906
2664 5906
2665 5906
2666 5906
2667 5929
2668 5906
2669 5929
2670 5929
2671 5906
2672 5906
2673 5906
2674 5906
2675 5929
2676 5906
2677 5929
2678 5906
2679 5906
2680 5906
2681 5924
2682 5924
2683 5929
2684 5929
2685 5929
2686 5929
2687 5929
2688 5929
2689 5906
2690 5906
2691 5906
2692 5906
2693 5906
2694 5906
2695 5906
2696 5906
2697 6063
2698 3230
2699 3230
2700 3230
2701 3230
2702 3309
2703 3309
2704 3230
2705 3230
2706 3230
2707 3230
2708 3228
2709 3228
2710 3228
2711 3229
2712 3230
2713 3228
2714 3229
2715 3229
2716 3228
2717 3228
2718 3228
2719 3306
2720 3228
2721 3228
2722 3228
2723 3228
2724 3228
2725 3228
2726 3306
2727 3228
2728 3306
2729 3306
2730 3306
2731 3306
2732 3228
2733 3228
2734 3228
2735 3228
2736 3228
2737 3228
2738 3228
2739 3228
2740 3228
2741 3228
2742 3228
2743 3229
2744 3228
2745 3306
2746 3306
2747 3228
2748 3306
2749 3306
2750 3228
2751 3228
2752 3306
2753 3306
2754 3230
2755 3229
2756 3229
2757 3228
2758 3228
2759 3228
2760 3228
2761 3228
2762 3228
2763 3228
2764 3228
2765 3228
2766 3306
2767 3228
2768 3228
2769 3228
2770 6062
2771 6062
2772 6058
2773 6057
2774 6231
2775 6057
2776 6058
2777 6063
2778 6231
2779 2704
2780 2250
2781 2250
2782 2250
2783 2704
2784 2707
2785 2707
2786 2707
2787 2710
2788 2710
2789 2710
2790 2710
2791 2710
2792 2253
2793 2253
2794 2250
2795 2707
2796 2253
2797 2253
2798 2710
2799 2704
2800 2707
2801 2707
2802 2707
2803 2710
2804 2710
2805 2250
2806 2707
2807 2704
2808 2710
2809 2710
2810 2253
2811 2253
2812 2900
2813 1430
2814 2250
2815 2250
2816 2250
2817 2250
2818 2250
2819 4932
2820 897
2821 4933
2822 4932
2823 922
2824 3121
2825 842
2826 1782
2827 1784
2828 2915
2829 657
2830 1344
2831 1344
2832 855
2833 844
2834 1781
2835 3097
2836 3100
2837 802
2838 3021
2839 1791
2840 4729
2841 3112
2842 3112
2843 3097
2844 3121
2845 3476
2846 3476
2847 2915
2848 1328
2849 1780
2850 3122
2851 4326
2852 679
2853 662
2854 679
2855 679
2856 857
2857 2921
2858 1801
2859 869
2860 869
2861 866
2862 869
2863 822
2864 808
2865 3103
2866 3092
2867 822
2868 866
2869 869
2870 664
2871 3476
2872 827
2873 5550
2874 5718
2875 426
2876 426
2877 827
2878 812
2879 932
2880 822
2881 426
2882 426
2883 657
2884 3100
2885 426
2886 1789
2887 807
2888 807
2889 3091
2890 3103
2891 3096
2892 3092
2893 3083
2894 3083
2895 4385
2896 4385
2897 4385
2898 4385
2899 4385
2900 4385
2901 4386
2902 1361
2903 1361
2904 1361
2905 1361
2906 885
2907 884
2908 3109
2909 2922
2910 678
2911 1448
2912 2925
2913 5256
2914 4304
2915 855
2916 856
2917 3155
2918 3155
2919 918
2920 1341
2921 1341
2922 4902
2923 4902
2924 918
2925 1341
2926 1332
2927 1344
2928 938
2929 2915
2930 2915
2931 3122
2932 3123
2933 3121
2934 3112
2935 3106
2936 3106
2937 3112
2938 3138
2939 3105
2940 3088
2941 3138
2942 3088
2943 3087
2944 3087
2945 837
2946 4357
2947 3087
2948 3138
2949 3108
2950 3123
2951 3122
2952 885
2953 870
2954 1230
2955 4384
2956 4419
2957 4357
2958 837
2959 871
2960 3088
2961 3089
2962 3104
2963 3116
2964 3108
2965 3108
2966 3112
2967 3106
2968 3121
2969 3121
2970 3121
2971 3121
2972 305
2973 305
2974 4422
2975 4422
2976 4422
2977 4422
2978 4385
2979 4422
2980 4385
2981 4422
2982 4422
2983 4422
2984 4422
2985 4422
2986 4422
2987 4422
2988 4384
2989 4422
2990 4422
2991 4384
2992 4384
2993 4422
2994 4422
2995 4383
2996 4384
2997 3123
2998 3123
2999 3088
3000 3089
3001 3087
3002 837
3003 3095
3004 3105
3005 3138
3006 3123
3007 3122
3008 1446
3009 1454
3010 3130
3011 3130
3012 460
3013 4667
3014 1779
3015 1779
3016 3021
3017 2914
3018 802
3019 5255
3020 5251
3021 5256
3022 5256
3023 5251
3024 6524
3025 1779
3026 3122
3027 2929
3028 3122
3029 2910
3030 1801
3031 1801
3032 2921
3033 2921
3034 1801
3035 869
3036 1801
3037 1801
3038 869
3039 1799
3040 1801
3041 1801
3042 2921
3043 1801
3044 1801
3045 877
3046 1365
3047 2234
3048 2227
3049 1366
3050 1561
3051 1920
3052 1963
3053 2707
3054 2250
3055 2069
3056 2070
3057 3697
3058 1366
3059 3917
3060 3815
3061 3814
3062 460
3063 663
3064 618
3065 618
3066 1431
3067 426
3068 3902
3069 2235
3070 1970
3071 2287
3072 2069
3073 1811
3074 1854
3075 663
3076 3476
3077 3478
3078 827
3079 4953
3080 1707
3081 1653
3082 1678
3083 1677
3084 627
3085 2819
3086 920
3087 1678
3088 1678
3089 1677
3090 2925
3091 1381
3092 626
3093 626
3094 626
3095 1678
3096 1716
3097 6384
3098 6384
3099 4689
3100 3155
3101 2925
3102 627
3103 626
3104 629
3105 629
3106 4923
3107 4923
3108 3155
3109 4923
3110 2925
3111 2925
3112 6381
3113 2925
3114 2925
3115 1381
3116 628
3117 628
3118 1397
3119 1397
3120 1382
3121 6381
3122 678
3123 6381
3124 844
3125 5044
3126 5176
3127 5217
3128 789
3129 626
3130 626
3131 5217
3132 5218
3133 789
3134 4116
3135 5217
3136 627
3137 627
3138 627
3139 629
3140 627
3141 1397
3142 5145
3143 5145
3144 5185
3145 4114
3146 5145
3147 5185
3148 5146
3149 5217
3150 1408
3151 1341
3152 4882
3153 4902
3154 919
3155 1408
3156 1341
3157 1332
3158 1337
3159 4342
3160 6280
3161 1365
3162 877
3163 131
3164 3917
3165 2250
3166 2227
3167 2708
3168 3918
3169 424
3170 5176
3171 827
3172 5147
3173 796
3174 751
3175 751
3176 4240
3177 4240
3178 752
3179 751
3180 752
3181 752
3182 6475
3183 6475
3184 752
3185 4240
3186 751
3187 751
3188 6475
3189 751
3190 6475
3191 6475
3192 6475
3193 4240
3194 6475
3195 6475
3196 6475
3197 751
3198 4240
3199 4240
3200 4240
3201 4240
3202 4240
3203 4240
3204 4240
3205 4240
3206 6475
3207 4240
3208 4240
3209 4240
3210 4240
3211 6616
3212 6616
3213 6616
3214 6616
3215 6616
3216 6616
3217 6616
3218 6616
3219 6616
3220 6616
3221 6616
3222 6616
3223 6616
3224 6616
3225 6616
3226 6616
3227 6616
3228 6616
3229 6616
3230 6616
3231 6616
3232 6616
3233 6616
3234 6616
3235 6616
3236 6616
3237 6616
3238 6616
3239 6616
3240 6616
3241 6616
3242 6616
3243 6616
3244 6616
3245 6616
3246 6616
3247 6616
3248 6616
3249 6616
3250 6616
3251 6616
3252 6616
3253 6616
3254 6616
3255 6616
3256 6616
3257 6616
3258 6616
3259 6616
3260 6616
3261 6616
3262 6616
3263 6616
3264 6616
3265 6616
3266 6616
3267 6616
3268 6616
3269 6616
3270 6616
3271 6616
3272 6616
3273 6616
3274 6616
3275 6616
3276 6616
3277 6616
3278 6616
3279 6616
3280 6616
3281 6616
3282 6616
3283 6616
3284 6616
3285 6616
3286 6616
3287 6616
3288 6616
3289 6616
3290 6616
3291 6616
3292 6616
3293 6616
3294 6616
3295 6616
3296 6616
3297 6616
3298 6616
3299 6616
3300 6616
3301 6616
3302 6616
3303 6616
3304 6616
3305 6616
3306 6616
3307 6616
3308 6616
3309 6616
3310 6616
3311 6616
3312 6616
3313 6616
3314 6616
3315 6616
3316 6616
3317 6616
3318 6616
3319 4240
3320 6475
3321 6475
3322 4240
3323 4240
3324 4240
3325 4240
3326 4240
3327 4240
3328 4240
3329 4240
3330 4240
3331 4240
3332 4240
3333 4240
3334 4240
3335 4240
3336 6616
3337 6616
3338 6752
3339 6697
3340 6616
3341 6752
3342 6616
3343 6752
3344 6616
3345 6697
3346 6616
3347 6752
3348 6616
3349 6697
3350 6616
3351 6697
3352 6616
3353 6697
3354 6616
3355 6697
3356 6697
3357 6616
3358 6616
3359 6697
3360 6616
3361 6697
3362 6616
3363 6697
3364 6310
3365 4240
3366 4240
3367 6310
3368 6752
3369 6752
3370 4240
3371 4240
3372 6310
3373 6310
3374 4240
3375 4240
3376 4240
3377 6310
3378 6310
3379 4240
3380 4240
3381 4240
3382 6310
3383 4240
3384 4240
3385 6310
3386 6310
3387 4240
3388 6310
3389 6310
3390 4240
3391 4240
3392 4240
3393 4240
3394 6310
3395 4240
3396 6310
3397 6310
3398 6752
3399 4240
3400 4240
3401 4240
3402 6310
3403 6310
3404 6310
3405 6310
3406 6752
3407 6310
3408 6310
3409 6310
3410 6310
3411 6310
3412 6310
3413 6310
3414 6310
3415 4240
3416 4240
3417 4240
3418 4240
3419 6752
3420 6752
3421 6310
3422 6310
3423 6310
3424 6310
3425 6310
3426 6310
3427 6310
3428 6310
3429 6310
3430 6310
3431 6310
3432 4240
3433 4240
3434 4240
3435 4240
3436 4240
3437 6752
3438 6752
3439 6752
3440 6752
3441 6752
3442 6752
3443 6752
3444 6310
3445 6310
3446 6310
3447 6310
3448 6310
3449 6310
3450 6310
3451 6310
3452 6310
3453 6310
3454 6310
3455 6310
3456 6310
3457 6310
3458 6310
3459 6310
3460 6310
3461 6310
3462 6310
3463 6310
3464 6310
3465 6310
3466 6310
3467 6310
3468 6310
3469 4240
3470 460
3471 827
3472 5412
3473 5412
3474 5412
3475 6280
3476 3476
3477 3476
3478 3476
3479 4116
3480 657
3481 627
3482 801
3483 1799
3484 1332
3485 159
3486 159
3487 159
3488 158
3489 158
3490 171
3491 159
3492 165
3493 159
3494 159
3495 786
3496 618
3497 618
3498 1482
3499 2234
3500 4889
3501 4889
3502 5255
3503 4902
3504 4885
3505 1779
3506 3476
3507 6280
3508 2929
3509 1289
3510 4114
3511 3511
3512 131
3513 131
3514 2022
3515 2022
3516 2022
3517 2024
3518 126
3519 131
3520 2112
3521 2073
3522 1922
3523 1920
3524 1920
3525 1963
3526 1919
3527 1920
3528 2251
3529 2251
3530 2069
3531 2069
3532 2250
3533 2707
3534 2707
3535 2250
3536 2250
3537 2069
3538 2250
3539 2250
3540 2707
3541 2708
3542 2708
3543 2707
3544 2250
3545 2707
3546 2707
3547 2250
3548 2707
3549 2708
3550 2708
3551 2708
3552 2230
3553 2230
3554 2229
3555 2229
3556 2250
3557 2229
3558 2070
3559 2069
3560 2227
3561 1920
3562 1919
3563 1920
3564 1920
3565 1919
3566 1918
3567 1365
3568 1963
3569 1919
3570 1918
3571 1920
3572 1963
3573 1963
3574 1920
3575 2228
3576 2234
3577 2228
3578 2228
3579 2230
3580 2228
3581 2228
3582 2230
3583 2228
3584 2230
3585 2230
3586 2235
3587 2234
3588 2227
3589 2229
3590 2234
3591 2228
3592 2228
3593 2234
3594 2228
3595 2228
3596 2230
3597 2230
3598 2230
3599 2230
3600 1970
3601 1970
3602 2230
3603 2230
3604 1970
3605 1970
3606 2230
3607 2229
3608 1970
3609 1970
3610 1920
3611 1920
3612 1920
3613 1920
3614 1365
3615 1365
3616 2024
3617 2024
3618 2024
3619 2024
3620 2024
3621 2022
3622 2228
3623 2073
3624 2071
3625 2071
3626 2022
3627 2022
3628 2022
3629 2071
3630 2024
3631 2024
3632 2024
3633 2252
3634 2024
3635 2024
3636 2251
3637 2251
3638 2250
3639 2250
3640 2250
3641 2250
3642 2250
3643 2250
3644 131
3645 126
3646 131
3647 2787
3648 127
3649 1918
3650 1963
3651 1919
3652 1365
3653 1918
3654 910
3655 1365
3656 877
3657 910
3658 910
3659 874
3660 1587
3661 3885
3662 3696
3663 3696
3664 3699
3665 3699
3666 1365
3667 1922
3668 1920
3669 2073
3670 134
3671 3677
3672 0
3673 1
3674 3
3675 134
3676 421
3677 127
3678 1950
3679 3759
3680 3761
3681 1956
3682 159
3683 3761
3684 1554
3685 3898
3686 3896
3687 3885
3688 3761
3689 159
3690 3688
3691 1955
3692 1955
3693 3762
3694 3786
3695 414
3696 3695
3697 3764
3698 3766
3699 3694
3700 2022
3701 2072
3702 2022
3703 2022
3704 2787
3705 131
3706 1919
3707 1925
3708 1956
3709 1950
3710 1955
3711 1955
3712 3693
3713 3695
3714 3888
3715 3889
3716 3892
3717 3892
3718 3699
3719 3699
3720 3738
3721 3699
3722 3917
3723 3767
3724 3902
3725 3917
3726 3699
3727 3699
3728 3698
3729 3738
3730 3716
3731 3737
3732 3693
3733 3781
3734 3917
3735 3696
3736 3697
3737 3893
3738 3765
3739 2251
3740 2250
3741 2250
3742 2250
3743 2250
3744 2024
3745 2024
3746 2252
3747 2250
3748 2230
3749 2230
3750 2229
3751 2227
3752 2022
3753 2022
3754 2022
3755 1970
3756 1920
3757 1919
3758 2073
3759 0
3760 127
3761 159
3762 3761
3763 414
3764 3786
3765 3786
3766 3786
3767 3764
3768 3917
3769 3815
3770 131
3771 131
3772 1924
3773 1922
3774 1970
3775 2228
3776 2230
3777 1920
3778 1918
3779 1365
3780 877
3781 3762
3782 1957
3783 414
3784 3762
3785 1957
3786 414
3787 2251
3788 2250
3789 2070
3790 2230
3791 1970
3792 1970
3793 2235
3794 877
3795 910
3796 3696
3797 3696
3798 2707
3799 2707
3800 2707
3801 2708
3802 2228
3803 2069
3804 2227
3805 2070
3806 2069
3807 909
3808 3885
3809 3699
3810 3699
3811 3696
3812 3901
3813 3902
3814 3902
3815 3901
3816 909
3817 1366
3818 1366
3819 1366
3820 2708
3821 2710
3822 2707
3823 2708
3824 2707
3825 2707
3826 2707
3827 2707
3828 2710
3829 2708
3830 2708
3831 2708
3832 2708
3833 2707
3834 2707
3835 2707
3836 2708
3837 2708
3838 2708
3839 1729
3840 1366
3841 2230
3842 2252
3843 2229
3844 2069
3845 2252
3846 2024
3847 2070
3848 2253
3849 2250
3850 2250
3851 2250
3852 2250
3853 2704
3854 2707
3855 2022
3856 2022
3857 2250
3858 2250
3859 2253
3860 2251
3861 2022
3862 2071
3863 2072
3864 1953
3865 1588
3866 1953
3867 1953
3868 1953
3869 1953
3870 1931
3871 1956
3872 1956
3873 1957
3874 1956
3875 1956
3876 1956
3877 1956
3878 1956
3879 1950
3880 1949
3881 1919
3882 1925
3883 1949
3884 1950
3885 877
3886 874
3887 1554
3888 3786
3889 3784
3890 3782
3891 1954
3892 3786
3893 3764
3894 1918
3895 1949
3896 3786
3897 3786
3898 3781
3899 1588
3900 3764
3901 385
3902 3765
3903 1588
3904 1953
3905 1953
3906 1588
3907 1952
3908 2874
3909 2710
3910 1963
3911 1920
3912 2287
3913 2069
3914 2069
3915 2287
3916 2253
3917 3893
3918 3917
3919 3815
3920 3814
3921 3814
3922 2250
3923 2250
3924 2708
3925 2227
3926 2707
3927 2707
3928 2707
3929 2250
3930 2252
3931 2251
3932 2708
3933 2708
3934 3717
3935 3717
3936 2070
3937 2069
3938 1951
3939 1956
3940 1951
3941 1957
3942 3697
3943 3735
3944 3815
3945 2022
3946 2022
3947 2253
3948 2235
3949 2234
3950 1366
3951 2708
3952 1951
3953 1951
3954 1951
3955 1931
3956 1956
3957 1956
3958 1956
3959 1956
3960 1956
3961 1956
3962 1956
3963 1956
3964 1956
3965 1956
3966 1956
3967 1956
3968 1931
3969 1931
3970 1957
3971 1957
3972 1955
3973 1955
3974 1955
3975 1955
3976 1955
3977 1955
3978 1955
3979 1955
3980 1586
3981 1954
3982 1588
3983 1586
3984 1957
3985 1951
3986 1957
3987 1956
3988 1955
3989 1955
3990 1955
3991 1955
3992 1955
3993 1955
3994 1955
3995 1955
3996 1955
3997 1955
3998 1955
3999 1954
4000 1954
4001 1954
4002 1955
4003 1955
4004 1955
4005 1957
4006 1588
4007 1586
4008 1588
4009 1953
4010 1953
4011 1953
4012 1955
4013 1955
4014 1588
4015 1954
4016 1586
4017 1588
4018 1955
4019 1586
4020 1586
4021 1588
4022 1588
4023 1586
4024 1586
4025 1586
4026 1586
4027 1586
4028 1586
4029 1586
4030 1955
4031 1586
4032 1955
4033 1955
4034 1955
4035 1955
4036 1955
4037 1955
4038 1955
4039 1955
4040 1955
4041 1955
4042 1955
4043 1955
4044 1955
4045 1957
4046 1955
4047 1957
4048 1957
4049 1957
4050 1956
4051 1956
4052 1956
4053 1931
4054 1956
4055 1931
4056 1951
4057 1957
4058 3812
4059 3815
4060 3917
4061 3917
4062 1957
4063 1957
4064 1951
4065 1957
4066 1957
4067 1957
4068 1955
4069 1957
4070 1955
4071 1955
4072 3769
4073 3722
4074 3722
4075 3769
4076 4300
4077 4300
4078 1316
4079 1238
4080 1316
4081 1316
4082 689
4083 1192
4084 1193
4085 1192
4086 4688
4087 4688
4088 4688
4089 2871
4090 3075
4091 3063
4092 3075
4093 3075
4094 4301
4095 4300
4096 4301
4097 4314
4098 6489
4099 4828
4100 4740
4101 4740
4102 4828
4103 6478
4104 4827
4105 4828
4106 4134
4107 4676
4108 4134
4109 5223
4110 691
4111 691
4112 689
4113 691
4114 6357
4115 6357
4116 6444
4117 6444
4118 6489
4119 4426
4120 4426
4121 5223
4122 6462
4123 6462
4124 6462
4125 6462
4126 3075
4127 3063
4128 3075
4129 3075
4130 4135
4131 4898
4132 4224
4133 4225
4134 4130
4135 4130
4136 3063
4137 691
4138 2870
4139 3063
4140 4179
4141 4179
4142 5223
4143 4267
4144 5223
4145 5223
4146 4828
4147 4179
4148 4172
4149 4828
4150 5332
4151 4979
4152 4979
4153 5332
4154 1193
4155 1193
4156 4828
4157 4828
4158 4740
4159 4413
4160 6481
4161 3075
4162 3075
4163 4228
4164 4426
4165 5223
4166 4889
4167 4889
4168 4250
4169 4250
4170 6414
4171 6414
4172 928
4173 1348
4174 1329
4175 6331
4176 4173
4177 4173
4178 4172
4179 658
4180 4179
4181 940
4182 940
4183 1238
4184 1821
4185 1849
4186 1849
4187 4315
4188 4703
4189 3919
4190 3768
4191 3075
4192 6489
4193 4267
4194 761
4195 723
4196 4164
4197 5276
4198 4300
4199 5278
4200 6402
4201 6399
4202 6399
4203 6402
4204 6402
4205 6402
4206 6402
4207 6402
4208 4426
4209 4109
4210 4960
4211 4959
4212 4959
4213 4962
4214 720
4215 801
4216 799
4217 799
4218 1837
4219 2876
4220 3000
4221 2999
4222 761
4223 722
4224 4250
4225 4250
4226 4251
4227 6415
4228 6415
4229 4251
4230 3920
4231 3920
4232 4313
4233 829
4234 1219
4235 3470
4236 829
4237 2914
4238 2930
4239 2930
4240 6388
4241 4201
4242 6402
4243 6402
4244 4976
4245 6419
4246 6365
4247 4976
4248 4201
4249 4959
4250 4249
4251 4250
4252 4959
4253 2913
4254 6370
4255 6389
4256 2913
4257 4226
4258 6413
4259 6413
4260 4224
4261 6403
4262 6404
4263 6404
4264 6403
4265 6414
4266 4224
4267 4224
4268 4225
4269 5281
4270 5278
4271 4300
4272 6415
4273 4251
4274 6416
4275 4201
4276 6357
4277 6444
4278 4225
4279 4250
4280 4250
4281 4250
4282 4960
4283 6308
4284 6878
4285 6878
4286 6878
4287 6878
4288 4426
4289 6878
4290 4426
4291 3724
4292 3918
4293 3918
4294 3722
4295 4267
4296 4889
4297 4902
4298 4889
4299 460
4300 3919
4301 3918
4302 460
4303 4267
4304 4687
4305 3724
4306 3722
4307 3722
4308 3812
4309 3724
4310 6280
4311 4902
4312 3814
4313 3814
4314 3918
4315 460
4316 4426
4317 4426
4318 1677
4319 1678
4320 4116
4321 4116
4322 1678
4323 1677
4324 1651
4325 1678
4326 3504
4327 3501
4328 3501
4329 3501
4330 6291
4331 6875
4332 5223
4333 4392
4334 4361
4335 4392
4336 4431
4337 4361
4338 4361
4339 4361
4340 4361
4341 4889
4342 4902
4343 4902
4344 4902
4345 4889
4346 4902
4347 4902
4348 4114
4349 4114
4350 4116
4351 4117
4352 6280
4353 4117
4354 6280
4355 4902
4356 4361
4357 4361
4358 4431
4359 4431
4360 5082
4361 5082
4362 5132
4363 5132
4364 5177
4365 5217
4366 5217
4367 5177
4368 627
4369 629
4370 629
4371 628
4372 4144
4373 4953
4374 4144
4375 4803
4376 4145
4377 4964
4378 4964
4379 4964
4380 4290
4381 1267
4382 1264
4383 4361
4384 4361
4385 4361
4386 4361
4387 4392
4388 4392
4389 4361
4390 4392
4391 4431
4392 4433
4393 4433
4394 5132
4395 5132
4396 5082
4397 5132
4398 4114
4399 4117
4400 4114
4401 5145
4402 4889
4403 4889
4404 4889
4405 4889
4406 4889
4407 1352
4408 6317
4409 5332
4410 2857
4411 4739
4412 4826
4413 1330
4414 4179
4415 4737
4416 1238
4417 940
4418 4116
4419 4361
4420 4393
4421 4393
4422 4393
4423 4889
4424 5223
4425 4267
4426 4086
4427 6488
4428 692
4429 1348
4430 4361
4431 4433
4432 4671
4433 4671
4434 4433
4435 5082
4436 5085
4437 5086
4438 4433
4439 4433
4440 4433
4441 4671
4442 6546
4443 4432
4444 4433
4445 6546
4446 4433
4447 4432
4448 4392
4449 5082
4450 5120
4451 4431
4452 4431
4453 4392
4454 4431
4455 4431
4456 4431
4457 4431
4458 4431
4459 4431
4460 4432
4461 4671
4462 4936
4463 4671
4464 6546
4465 6546
4466 4433
4467 4432
4468 4433
4469 4433
4470 4432
4471 4432
4472 4433
4473 4432
4474 4432
4475 4433
4476 4433
4477 4433
4478 4433
4479 4432
4480 4432
4481 4516
4482 4672
4483 4936
4484 4936
4485 4936
4486 4936
4487 4936
4488 4936
4489 4936
4490 4936
4491 4936
4492 4672
4493 4516
4494 4936
4495 4659
4496 4672
4497 4659
4498 4515
4499 4516
4500 4659
4501 4516
4502 4672
4503 4659
4504 4659
4505 4515
4506 4515
4507 4671
4508 4936
4509 6546
4510 4671
4511 6546
4512 6546
4513 4936
4514 4671
4515 4516
4516 4672
4517 4672
4518 4516
4519 4936
4520 4671
4521 4671
4522 4671
4523 4671
4524 4671
4525 4671
4526 4671
4527 4936
4528 4936
4529 4660
4530 4659
4531 4659
4532 4515
4533 4530
4534 4530
4535 4516
4536 4516
4537 4516
4538 4515
4539 4515
4540 4530
4541 4530
4542 4515
4543 4659
4544 4515
4545 4530
4546 4515
4547 4653
4548 4516
4549 4516
4550 4653
4551 4653
4552 4515
4553 4531
4554 4516
4555 4515
4556 4530
4557 4533
4558 4529
4559 4532
4560 4661
4561 4661
4562 4588
4563 4588
4564 4532
4565 4504
4566 4531
4567 4497
4568 4533
4569 4532
4570 4530
4571 4532
4572 4664
4573 4664
4574 6872
4575 6870
4576 4532
4577 4532
4578 4533
4579 4541
4580 4557
4581 4558
4582 6872
4583 4664
4584 6872
4585 6872
4586 4664
4587 4664
4588 6872
4589 4664
4590 4586
4591 4661
4592 4584
4593 4587
4594 4558
4595 4558
4596 4559
4597 4559
4598 4587
4599 4584
4600 4661
4601 4586
4602 4589
4603 4584
4604 4587
4605 4561
4606 4561
4607 4589
4608 4943
4609 4943
4610 4587
4611 4587
4612 4585
4613 4584
4614 4584
4615 4585
4616 4586
4617 4587
4618 4943
4619 4584
4620 4587
4621 4561
4622 4561
4623 5143
4624 5176
4625 5106
4626 4361
4627 4433
4628 5086
4629 4671
4630 6546
4631 4936
4632 4672
4633 4516
4634 4659
4635 4660
4636 4530
4637 4533
4638 4533
4639 4532
4640 4557
4641 6870
4642 4584
4643 4587
4644 4561
4645 5119
4646 5119
4647 5177
4648 5217
4649 5217
4650 5177
4651 5177
4652 5217
4653 4672
4654 6546
4655 6546
4656 6546
4657 4516
4658 4672
4659 4672
4660 4516
4661 4533
4662 6872
4663 4533
4664 4532
4665 4497
4666 4531
4667 4532
4668 4532
4669 4497
4670 4671
4671 4671
4672 4936
4673 4671
4674 6308
4675 6308
4676 6489
4677 4086
4678 4173
4679 4173
4680 4086
4681 6489
4682 4086
4683 4156
4684 6413
4685 6413
4686 4738
4687 1330
4688 3511
4689 4902
4690 4116
4691 4114
4692 4116
4693 5217
4694 4331
4695 4373
4696 2999
4697 720
4698 745
4699 1220
4700 827
4701 811
4702 460
4703 424
4704 5218
4705 5218
4706 5176
4707 5132
4708 5119
4709 5118
4710 5119
4711 4114
4712 4115
4713 4361
4714 6359
4715 6359
4716 6436
4717 6436
4718 6389
4719 6389
4720 3769
4721 6338
4722 6339
4723 5279
4724 5279
4725 5275
4726 5275
4727 6340
4728 6345
4729 1382
4730 3504
4731 6375
4732 6375
4733 4331
4734 5254
4735 4330
4736 4964
4737 2845
4738 614
4739 658
4740 658
4741 6450
4742 5319
4743 5319
4744 4224
4745 4117
4746 4871
4747 6308
4748 6308
4749 6308
4750 4109
4751 6878
4752 6878
4753 6342
4754 6402
4755 4201
4756 4201
4757 5124
4758 5185
4759 5145
4760 5217
4761 3812
4762 3736
4763 6414
4764 6415
4765 6415
4766 4224
4767 4224
4768 6415
4769 4200
4770 6363
4771 3063
4772 1254
4773 1254
4774 1254
4775 691
4776 1191
4777 1193
4778 667
4779 4301
4780 4314
4781 3944
4782 3944
4783 426
4784 453
4785 453
4786 453
4787 3724
4788 3813
4789 3768
4790 6357
4791 6444
4792 3813
4793 3735
4794 6444
4795 6357
4796 5279
4797 5279
4798 6339
4799 3736
4800 3735
4801 4117
4802 4114
4803 5223
4804 4086
4805 1352
4806 625
4807 3902
4808 4889
4809 4889
4810 4889
4811 4889
4812 4902
4813 4902
4814 5145
4815 5144
4816 5328
4817 5330
4818 5330
4819 5328
4820 4889
4821 4889
4822 6491
4823 6413
4824 2846
4825 928
4826 658
4827 1348
4828 1348
4829 5218
4830 6404
4831 6403
4832 6403
4833 6404
4834 5217
4835 5217
4836 4361
4837 5203
4838 4433
4839 5082
4840 4433
4841 4433
4842 4530
4843 4529
4844 4664
4845 4557
4846 4588
4847 4589
4848 4561
4849 6357
4850 6444
4851 6444
4852 6443
4853 4225
4854 4225
4855 4134
4856 4130
4857 6359
4858 6359
4859 4130
4860 6359
4861 6441
4862 4833
4863 6436
4864 6441
4865 4833
4866 4833
4867 6441
4868 6355
4869 6359
4870 4134
4871 4830
4872 5330
4873 4168
4874 4228
4875 5330
4876 4228
4877 4205
4878 4763
4879 4891
4880 4891
4881 4763
4882 6412
4883 4130
4884 6413
4885 4100
4886 4225
4887 6415
4888 4768
4889 5328
4890 6491
4891 4224
4892 4224
4893 4173
4894 4740
4895 4898
4896 4100
4897 4828
4898 4828
4899 4828
4900 3919
4901 4891
4902 4272
4903 5319
4904 6403
4905 6402
4906 6363
4907 4208
4908 4290
4909 4964
4910 4119
4911 6404
4912 6404
4913 6406
4914 6462
4915 6404
4916 6405
4917 5330
4918 4204
4919 4902
4920 6280
4921 4889
4922 4889
4923 4117
4924 5177
4925 5177
4926 4431
4927 6280
4928 4431
4929 4431
4930 4431
4931 4431
4932 4392
4933 4392
4934 4431
4935 4392
4936 4936
4937 4540
4938 4558
4939 4540
4940 4558
4941 6872
4942 4532
4943 4661
4944 4559
4945 4559
4946 4558
4947 4559
4948 5217
4949 5217
4950 5185
4951 5185
4952 5185
4953 5332
4954 4683
4955 6478
4956 4683
4957 5223
4958 5223
4959 4426
4960 4109
4961 4109
4962 4680
4963 4426
4964 4109
4965 4119
4966 4119
4967 4119
4968 4964
4969 5145
4970 5217
4971 5124
4972 5119
4973 5124
4974 4224
4975 6398
4976 5300
4977 6455
4978 4891
4979 4100
4980 4207
4981 4205
4982 4207
4983 4117
4984 4114
4985 4114
4986 5185
4987 5217
4988 4432
4989 6546
4990 4671
4991 4936
4992 4936
4993 4516
4994 4516
4995 4515
4996 4541
4997 4532
4998 4531
4999 6872
5000 4558
5001 4557
5002 4588
5003 4943
5004 5218
5005 5147
5006 5279
5007 4224
5008 4224
5009 4768
5010 6453
5011 6447
5012 6413
5013 4205
5014 4205
5015 5173
5016 5173
5017 949
5018 949
5019 5173
5020 5129
5021 5173
5022 5173
5023 5129
5024 949
5025 965
5026 952
5027 5129
5028 5129
5029 5173
5030 5173
5031 5188
5032 5188
5033 4866
5034 4861
5035 4866
5036 4866
5037 4867
5038 4867
5039 5188
5040 5188
5041 5188
5042 4867
5043 4861
5044 4861
5045 4867
5046 4861
5047 5173
5048 5173
5049 5188
5050 5188
5051 965
5052 965
5053 949
5054 949
5055 952
5056 965
5057 5129
5058 965
5059 965
5060 949
5061 949
5062 4867
5063 4867
5064 5188
5065 5188
5066 5188
5067 5188
5068 5173
5069 5173
5070 5188
5071 5188
5072 4867
5073 4867
5074 5188
5075 5188
5076 4861
5077 4861
5078 4867
5079 4867
5080 4867
5081 4861
5082 4866
5083 5010
5084 4866
5085 4866
5086 4866
5087 4866
5088 5365
5089 5365
5090 4866
5091 4866
5092 4866
5093 4866
5094 4867
5095 4867
5096 4866
5097 4866
5098 4861
5099 4861
5100 6357
5101 6355
5102 5365
5103 5365
5104 5365
5105 5365
5106 5365
5107 5365
5108 5365
5109 5365
5110 5365
5111 5365
5112 4866
5113 4866
5114 5365
5115 5010
5116 5365
5117 4866
5118 5365
5119 5365
5120 5365
5121 5365
5122 5365
5123 5365
5124 5365
5125 5365
5126 4866
5127 4866
5128 5365
5129 5365
5130 4866
5131 4866
5132 4866
5133 4866
5134 5010
5135 5010
5136 6357
5137 6357
5138 6357
5139 6357
5140 6357
5141 6357
5142 6355
5143 6355
5144 6355
5145 6355
5146 5365
5147 5365
5148 5365
5149 6355
5150 6356
5151 6357
5152 4866
5153 5365
5154 5173
5155 5173
5156 949
5157 949
5158 965
5159 949
5160 5173
5161 5188
5162 965
5163 4866
5164 4866
5165 5365
5166 6356
5167 6356
5168 4866
5169 4866
5170 4866
5171 4866
5172 5365
5173 5365
5174 6357
5175 6357
5176 5365
5177 5365
5178 6357
5179 6357
5180 6356
5181 6357
5182 5365
5183 6357
5184 6357
5185 5365
5186 6357
5187 6357
5188 6357
5189 6357
5190 5173
5191 5188
5192 4866
5193 4861
5194 4866
5195 5173
5196 949
5197 4867
5198 5188
5199 4867
5200 5365
5201 5365
5202 4866
5203 6355
5204 5365
5205 4866
5206 6359
5207 4866
5208 5365
5209 5365
5210 965
5211 5188
5212 4866
5213 4866
5214 5365
5215 5365
5216 5365
5217 5365
5218 5365
5219 965
5220 5365
5221 4866
5222 3001
5223 4159
5224 4173
5225 4086
5226 4224
5227 6413
5228 4226
5229 4226
5230 4156
5231 1957
5232 1955
5233 1957
5234 4889
5235 1957
5236 1955
5237 1955
5238 1957
5239 1957
5240 1956
5241 1954
5242 1586
5243 1956
5244 4193
5245 4921
5246 4166
5247 4150
5248 4167
5249 4805
5250 6309
5251 4411
5252 4411
5253 4426
5254 4426
5255 4686
5256 5223
5257 4686
5258 4267
5259 4828
5260 4889
5261 4902
5262 6280
5263 6280
5264 4902
5265 6280
5266 6280
5267 6280
5268 6280
5269 1316
5270 3944
5271 4703
5272 4299
5273 4698
5274 6340
5275 6337
5276 762
5277 3470
5278 829
5279 3470
5280 1219
5281 1220
5282 6346
5283 6346
5284 5275
5285 6346
5286 5275
5287 6424
5288 6397
5289 6397
5290 5348
5291 6462
5292 5348
5293 6462
5294 6397
5295 4373
5296 4331
5297 4208
5298 6398
5299 6423
5300 6423
5301 6397
5302 6402
5303 4205
5304 3075
5305 6462
5306 6402
5307 6402
5308 6402
5309 6402
5310 5279
5311 6402
5312 6458
5313 6458
5314 6402
5315 6402
5316 6458
5317 6458
5318 6402
5319 6402
5320 6402
5321 5345
5322 6339
5323 6339
5324 6339
5325 6347
5326 6414
5327 4226
5328 4251
5329 6402
5330 4200
5331 4768
5332 5330
5333 6339
5334 6339
5335 5345
5336 6462
5337 6403
5338 6403
5339 6403
5340 6402
5341 6402
5342 6347
5343 6462
5344 6403
5345 6458
5346 6458
5347 6397
5348 6397
5349 6402
5350 6402
5351 6397
5352 6458
5353 6403
5354 6339
5355 693
5356 6339
5357 3075
5358 3075
5359 3075
5360 6339
5361 5365
5362 6403
5363 6404
5364 6404
5365 6453
5366 1970
5367 2235
5368 2069
5369 2287
5370 5365
5371 4866
5372 4867
5373 4867
5374 4867
5375 4867
5376 4861
5377 4861
5378 4867
5379 992
5380 1455
5381 993
5382 993
5383 994
5384 993
5385 993
5386 993
5387 993
5388 993
5389 993
5390 993
5391 993
5392 1455
5393 993
5394 993
5395 1455
5396 994
5397 994
5398 993
5399 993
5400 992
5401 992
5402 993
5403 993
5404 994
5405 994
5406 993
5407 965
5408 1455
5409 1455
5410 992
5411 1455
5412 1455
5413 992
5414 965
5415 965
5416 965
5417 1455
5418 965
5419 992
5420 993
5421 992
5422 992
5423 993
5424 993
5425 965
5426 1455
5427 965
5428 992
5429 1455
5430 994
5431 993
5432 965
5433 992
5434 992
5435 1455
5436 1455
5437 965
5438 1455
5439 1455
5440 993
5441 965
5442 996
5443 1520
5444 996
5445 1521
5446 1039
5447 1026
5448 1039
5449 1039
5450 1521
5451 996
5452 1521
5453 995
5454 995
5455 1522
5456 1521
5457 1522
5458 1521
5459 996
5460 1522
5461 1522
5462 1521
5463 995
5464 996
5465 996
5466 996
5467 1039
5468 1039
5469 996
5470 996
5471 996
5472 1521
5473 996
5474 1026
5475 994
5476 994
5477 1026
5478 1169
5479 994
5480 994
5481 994
5482 1026
5483 1026
5484 1026
5485 1039
5486 994
5487 1026
5488 1086
5489 1086
5490 1087
5491 1087
5492 1026
5493 1026
5494 994
5495 994
5496 1026
5497 1026
5498 1086
5499 1086
5500 1087
5501 1087
5502 995
5503 1521
5504 1059
5505 1522
5506 1522
5507 1059
5508 995
5509 1521
5510 1521
5511 1522
5512 1521
5513 995
5514 995
5515 1521
5516 1060
5517 1526
5518 1526
5519 1056
5520 994
5521 994
5522 1521
5523 1521
5524 995
5525 1522
5526 1026
5527 994
5528 1086
5529 1086
5530 1026
5531 1039
5532 1169
5533 994
5534 994
5535 1059
5536 1521
5537 996
5538 996
5539 1039
5540 1039
5541 996
5542 1521
5543 1521
5544 995
5545 995
5546 996
5547 1520
5548 1026
5549 994
5550 994
5551 1026
5552 1026
5553 1026
5554 1026
5555 1039
5556 1026
5557 1039
5558 994
5559 994
5560 994
5561 994
5562 994
5563 994
5564 994
5565 994
5566 994
5567 994
5568 994
5569 994
5570 994
5571 994
5572 994
5573 994
5574 1039
5575 1520
5576 996
5577 996
5578 1059
5579 1059
5580 1522
5581 1026
5582 1026
5583 1059
5584 1153
5585 1153
5586 1078
5587 1078
5588 1056
5589 1056
5590 1078
5591 1078
5592 1081
5593 1060
5594 1056
5595 1059
5596 1522
5597 995
5598 1522
5599 1059
5600 1059
5601 1056
5602 1056
5603 1059
5604 1520
5605 1520
5606 1086
5607 1087
5608 994
5609 994
5610 1521
5611 1521
5612 1520
5613 1056
5614 1056
5615 1081
5616 1081
5617 1087
5618 1153
5619 1086
5620 1086
5621 1056
5622 1059
5623 1056
5624 1078
5625 1059
5626 1078
5627 1086
5628 1087
5629 1078
5630 1078
5631 1039
5632 1039
5633 996
5634 1521
5635 1059
5636 1059
5637 1520
5638 1078
5639 1078
5640 1078
5641 996
5642 1153
5643 994
5644 994
5645 1026
5646 1026
5647 1153
5648 1153
5649 1060
5650 1081
5651 1081
5652 1081
5653 1039
5654 1061
5655 1059
5656 1026
5657 1026
5658 1026
5659 1056
5660 1039
5661 1026
5662 1026
5663 994
5664 1169
5665 1153
5666 1086
5667 994
5668 994
5669 994
5670 994
5671 1026
5672 1026
5673 1039
5674 1039
5675 1059
5676 1104
5677 1086
5678 1086
5679 1104
5680 1086
5681 1086
5682 1039
5683 1056
5684 1026
5685 1520
5686 1039
5687 1026
5688 1026
5689 994
5690 994
5691 994
5692 1039
5693 1106
5694 1106
5695 994
5696 994
5697 1520
5698 1039
5699 1039
5700 1039
5701 1039
5702 994
5703 993
5704 993
5705 994
5706 1106
5707 1078
5708 1078
5709 1039
5710 1520
5711 1520
5712 1520
5713 1039
5714 1039
5715 1026
5716 1026
5717 1039
5718 1039
5719 1056
5720 1059
5721 1056
5722 1078
5723 1526
5724 1078
5725 1026
5726 1040
5727 996
5728 996
5729 1522
5730 1078
5731 1078
5732 1059
5733 1106
5734 1106
5735 1056
5736 1059
5737 1526
5738 1078
5739 1522
5740 994
5741 1086
5742 1106
5743 1104
5744 1106
5745 1026
5746 1039
5747 993
5748 1039
5749 996
5750 1056
5751 1060
5752 1056
5753 1526
5754 1078
5755 1078
5756 1105
5757 1105
5758 1104
5759 1104
5760 1104
5761 1105
5762 1104
5763 1104
5764 1105
5765 1105
5766 1105
5767 1105
5768 1105
5769 1122
5770 1122
5771 1122
5772 1105
5773 1122
5774 1122
5775 1122
5776 1122
5777 1105
5778 1105
5779 1122
5780 1122
5781 1122
5782 1122
5783 1105
5784 1105
5785 1122
5786 1122
5787 1105
5788 1122
5789 1122
5790 1105
5791 1122
5792 1104
5793 1104
5794 1122
5795 1122
5796 1122
5797 1122
5798 1122
5799 1122
5800 1122
5801 1122
5802 1106
5803 1104
5804 1104
5805 1105
5806 1105
5807 1105
5808 1105
5809 1105
5810 1122
5811 1122
5812 1122
5813 1122
5814 1122
5815 1122
5816 1122
5817 1122
5818 1532
5819 1532
5820 1105
5821 1105
5822 1532
5823 1532
5824 1104
5825 1105
5826 1532
5827 1105
5828 1106
5829 1106
5830 1078
5831 1525
5832 1078
5833 1078
5834 1532
5835 1104
5836 1104
5837 1104
5838 1105
5839 1105
5840 1078
5841 1078
5842 1078
5843 1104
5844 1106
5845 1525
5846 1525
5847 1106
5848 1107
5849 1104
5850 1106
5851 1105
5852 1122
5853 1122
5854 1532
5855 1122
5856 1105
5857 1122
5858 1122
5859 1122
5860 1122
5861 1525
5862 1122
5863 1122
5864 1532
5865 1122
5866 1122
5867 1122
5868 3197
5869 3197
5870 3197
5871 3197
5872 3197
5873 3197
5874 3197
5875 3197
5876 3197
5877 3197
5878 3197
5879 3197
5880 3197
5881 3197
5882 3197
5883 3197
5884 3197
5885 3197
5886 3197
5887 3197
5888 3197
5889 3197
5890 3197
5891 3197
5892 3197
5893 3197
5894 3197
5895 3197
5896 3197
5897 3197
5898 3197
5899 3197
5900 3197
5901 3197
5902 3197
5903 3197
5904 3197
5905 3197
5906 3197
5907 3197
5908 3197
5909 3197
5910 3197
5911 3197
5912 3197
5913 3197
5914 3197
5915 3197
5916 3197
5917 3197
5918 3197
5919 3197
5920 3197
5921 3197
5922 3197
5923 3197
5924 3197
5925 3197
5926 3197
5927 3197
5928 3197
5929 3197
5930 1104
5931 1104
5932 1104
5933 1104
5934 1104
5935 1104
5936 1104
5937 1104
5938 1104
5939 1107
5940 1086
5941 1086
5942 1525
5943 1078
5944 1104
5945 1104
5946 1086
5947 1086
5948 1107
5949 1107
5950 1078
5951 1078
5952 1078
5953 1086
5954 1086
5955 1527
5956 1527
5957 1107
5958 1086
5959 1107
5960 1087
5961 1107
5962 1122
5963 1104
5964 1104
5965 1532
5966 1107
5967 1104
5968 1532
5969 1532
5970 1532
5971 1078
5972 1527
5973 1532
5974 1532
5975 1104
5976 1532
5977 1122
5978 1532
5979 1122
5980 1122
5981 1122
5982 1122
5983 1122
5984 1122
5985 1122
5986 1122
5987 1122
5988 3197
5989 3197
5990 3197
5991 3197
5992 3197
5993 3197
5994 3197
5995 3197
5996 3197
5997 3197
5998 3197
5999 3197
6000 3197
6001 3197
6002 3197
6003 1122
6004 1122
6005 3197
6006 3197
6007 3197
6008 3197
6009 3197
6010 3197
6011 3197
6012 3197
6013 1122
6014 1122
6015 3197
6016 3197
6017 3197
6018 3197
6019 3197
6020 3197
6021 3197
6022 3197
6023 3197
6024 3197
6025 1122
6026 1122
6027 1122
6028 3197
6029 1122
6030 1122
6031 3197
6032 3197
6033 3197
6034 3197
6035 3197
6036 3197
6037 3197
6038 3197
6039 3197
6040 3197
6041 1078
6042 1088
6043 1088
6044 1093
6045 1527
6046 1088
6047 1088
6048 1527
6049 1527
6050 1088
6051 1527
6052 1093
6053 1093
6054 1081
6055 1056
6056 1059
6057 1059
6058 1060
6059 1060
6060 1088
6061 1527
6062 1081
6063 1093
6064 1093
6065 1093
6066 1059
6067 1060
6068 1081
6069 1060
6070 1081
6071 1081
6072 1526
6073 1060
6074 1060
6075 1093
6076 1526
6077 1093
6078 1078
6079 1527
6080 1086
6081 1088
6082 1088
6083 1089
6084 1093
6085 1088
6086 1086
6087 1086
6088 1086
6089 1060
6090 1086
6091 1086
6092 1088
6093 1089
6094 1086
6095 1086
6096 1107
6097 1107
6098 1107
6099 1107
6100 1086
6101 1107
6102 1086
6103 1086
6104 1107
6105 1107
6106 1104
6107 1104
6108 1104
6109 1104
6110 1107
6111 1104
6112 1104
6113 1104
6114 1104
6115 1104
6116 1104
6117 1104
6118 1104
6119 1104
6120 1107
6121 1107
6122 1104
6123 1104
6124 1104
6125 1104
6126 1104
6127 1104
6128 1104
6129 1104
6130 1107
6131 1107
6132 1104
6133 1104
6134 1104
6135 1104
6136 1104
6137 1104
6138 1104
6139 1104
6140 1104
6141 1104
6142 1086
6143 1086
6144 1107
6145 1107
6146 1107
6147 1107
6148 1104
6149 1104
6150 1104
6151 1104
6152 1104
6153 1104
6154 1104
6155 1104
6156 1104
6157 1104
6158 1059
6159 1521
6160 1521
6161 996
6162 1521
6163 996
6164 996
6165 996
6166 1521
6167 1521
6168 996
6169 1521
6170 1521
6171 1521
6172 1521
6173 1521
6174 1521
6175 1521
6176 1521
6177 1522
6178 1522
6179 1522
6180 1522
6181 1522
6182 1522
6183 995
6184 1522
6185 1522
6186 1522
6187 1522
6188 1522
6189 1522
6190 1522
6191 1522
6192 1522
6193 1522
6194 1521
6195 1522
6196 1522
6197 1522
6198 1522
6199 1522
6200 1522
6201 1522
6202 1522
6203 1521
6204 1521
6205 1522
6206 1015
6207 1015
6208 1522
6209 1522
6210 1522
6211 1522
6212 1522
6213 1015
6214 1522
6215 1521
6216 1521
6217 1521
6218 1522
6219 1521
6220 995
6221 1522
6222 1522
6223 1522
6224 1522
6225 1522
6226 1015
6227 1015
6228 1522
6229 1522
6230 1522
6231 1522
6232 1522
6233 995
6234 1521
6235 996
6236 1521
6237 995
6238 1059
6239 996
6240 2024
6241 2024
6242 2024
6243 2022
6244 2252
6245 2024
6246 2024
6247 2252
6248 2250
6249 2250
6250 2250
6251 2250
6252 2253
6253 2022
6254 2022
6255 2022
6256 2251
6257 2022
6258 2022
6259 2253
6260 2024
6261 2024
6262 2024
6263 2251
6264 2250
6265 2253
6266 2024
6267 2251
6268 2024
6269 2253
6270 2250
6271 2022
6272 2022
6273 1811
6274 1849
6275 2024
6276 2022
6277 2022
6278 2022
6279 2022
6280 4763
6281 4763
6282 4763
6283 4891
6284 4889
6285 4962
6286 4962
6287 6524
6288 4331
6289 5223
6290 6478
6291 5223
6292 4827
6293 5223
6294 4118
6295 4803
6296 4119
6297 4119
6298 6369
6299 6524
6300 4680
6301 4135
6302 6308
6303 4962
6304 4964
6305 4964
6306 4828
6307 6315
6308 6489
6309 1352
6310 4373
6311 6388
6312 6308
6313 940
6314 1193
6315 1192
6316 940
6317 658
6318 928
6319 691
6320 3063
6321 3063
6322 3075
6323 3075
6324 6489
6325 4156
6326 4100
6327 4100
6328 4156
6329 6489
6330 4740
6331 658
6332 617
6333 827
6334 4867
6335 992
6336 827
6337 827
6338 4783
6339 4785
6340 1301
6341 1220
6342 6489
6343 3001
6344 1301
6345 1306
6346 1305
6347 4233
6348 6340
6349 6346
6350 5287
6351 6464
6352 5288
6353 5274
6354 6405
6355 6455
6356 6455
6357 5350
6358 6450
6359 5353
6360 6404
6361 6402
6362 6402
6363 6402
6364 5300
6365 4963
6366 4963
6367 4964
6368 6874
6369 4408
6370 4953
6371 4152
6372 4424
6373 6383
6374 4412
6375 4426
6376 6875
6377 4412
6378 4267
6379 4902
6380 4902
6381 4902
6382 4902
6383 4267
6384 4902
6385 4889
6386 4902
6387 4143
6388 4143
6389 4153
6390 2914
6391 797
6392 6370
6393 6376
6394 6376
6395 4288
6396 4288
6397 6424
6398 6424
6399 6398
6400 6424
6401 6397
6402 6458
6403 6402
6404 6402
6405 6402
6406 6458
6407 6424
6408 4288
6409 801
6410 801
6411 4100
6412 4224
6413 4250
6414 4250
6415 4250
6416 4249
6417 6420
6418 6366
6419 4910
6420 4120
6421 4120
6422 4208
6423 4208
6424 4208
6425 4288
6426 722
6427 722
6428 1435
6429 1267
6430 1267
6431 829
6432 829
6433 6404
6434 6404
6435 6404
6436 6404
6437 6450
6438 5353
6439 6404
6440 6450
6441 6450
6442 6404
6443 6450
6444 6404
6445 6450
6446 6404
6447 6402
6448 6403
6449 6404
6450 6402
6451 6403
6452 6404
6453 6404
6454 6403
6455 6402
6456 889
6457 796
6458 6397
6459 6397
6460 6458
6461 6402
6462 6397
6463 6397
6464 6424
6465 1267
6466 888
6467 4269
6468 4269
6469 6339
6470 4726
6471 5365
6472 5255
6473 5256
6474 6375
6475 2913
6476 2930
6477 2871
6478 2871
6479 2871
6480 2871
6481 3063
6482 2871
6483 2871
6484 3063
6485 3063
6486 3075
6487 3077
6488 2871
6489 2871
6490 4740
6491 3063
6492 877
6493 1365
6494 2234
6495 2227
6496 3919
6497 3918
6498 617
6499 941
6500 618
6501 618
6502 827
6503 940
6504 6280
6505 6280
6506 4902
6507 627
6508 4267
6509 4889
6510 4805
6511 629
6512 629
6513 627
6514 4805
6515 4806
6516 627
6517 4902
6518 1397
6519 627
6520 628
6521 4167
6522 4689
6523 5234
6524 4408
6525 4407
6526 1397
6527 1397
6528 1397
6529 3504
6530 3504
6531 4810
6532 4806
6533 4805
6534 4806
6535 4810
6536 4806
6537 6874
6538 4806
6539 1397
6540 3504
6541 1397
6542 4820
6543 4821
6544 4152
6545 4142
6546 4671
6547 5218
6548 5147
6549 4117
6550 6280
6551 4902
6552 5177
6553 5177
6554 4276
6555 5217
6556 5217
6557 1409
6558 1397
6559 1327
6560 1397
6561 1397
6562 5185
6563 5145
6564 5145
6565 5218
6566 4902
6567 4902
6568 6280
6569 6280
6570 4267
6571 6280
6572 4902
6573 4902
6574 4560
6575 4563
6576 4563
6577 4560
6578 4560
6579 4560
6580 4560
6581 4603
6582 4603
6583 4560
6584 4560
6585 4562
6586 4563
6587 4560
6588 4560
6589 4562
6590 4846
6591 4562
6592 4562
6593 4846
6594 4603
6595 4603
6596 4560
6597 4603
6598 4604
6599 4604
6600 4598
6601 4598
6602 4598
6603 4598
6604 4598
6605 4603
6606 4598
6607 4604
6608 4604
6609 4604
6610 4598
6611 6718
6612 6718
6613 6718
6614 6718
6615 6777
6616 6777
6617 6777
6618 6777
6619 6746
6620 6747
6621 6747
6622 6747
6623 6784
6624 6784
6625 6784
6626 6784
6627 6718
6628 6718
6629 6718
6630 6718
6631 6784
6632 6777
6633 6777
6634 6784
6635 6777
6636 6777
6637 6784
6638 6784
6639 6777
6640 6777
6641 6777
6642 6777
6643 6777
6644 6747
6645 6768
6646 6777
6647 6777
6648 6777
6649 6777
6650 6777
6651 6774
6652 6777
6653 6777
6654 6747
6655 6777
6656 6718
6657 6747
6658 6777
6659 6747
6660 6718
6661 6777
6662 6777
6663 6718
6664 6718
6665 6718
6666 6718
6667 6784
6668 6777
6669 6777
6670 6784
6671 6777
6672 6777
6673 6718
6674 6718
6675 6777
6676 6777
6677 6777
6678 6777
6679 6784
6680 6791
6681 6784
6682 6784
6683 6784
6684 6784
6685 6784
6686 6784
6687 6784
6688 6784
6689 6784
6690 6784
6691 6791
6692 6784
6693 6777
6694 6791
6695 6777
6696 6784
6697 6791
6698 6784
6699 6747
6700 6777
6701 6777
6702 6746
6703 6784
6704 6784
6705 6718
6706 6718
6707 6777
6708 6777
6709 6718
6710 6784
6711 6784
6712 6718
6713 6784
6714 6784
6715 6727
6716 6727
6717 6784
6718 6727
6719 4562
6720 4846
6721 4562
6722 4846
6723 4846
6724 4602
6725 4602
6726 4602
6727 4602
6728 4602
6729 4602
6730 4604
6731 4604
6732 4622
6733 4602
6734 4622
6735 4622
6736 6727
6737 6607
6738 6607
6739 6727
6740 6607
6741 6729
6742 6604
6743 6607
6744 6604
6745 6607
6746 6604
6747 6607
6748 6604
6749 6607
6750 6727
6751 6607
6752 6727
6753 6607
6754 6727
6755 6607
6756 6604
6757 6607
6758 6727
6759 6607
6760 6729
6761 6607
6762 6729
6763 6607
6764 6590
6765 6721
6766 6586
6767 6586
6768 6586
6769 6590
6770 6587
6771 6591
6772 6585
6773 6587
6774 6605
6775 6584
6776 6588
6777 6587
6778 6588
6779 4605
6780 4621
6781 4621
6782 6584
6783 6588
6784 6584
6785 6583
6786 6583
6787 6584
6788 6583
6789 6584
6790 4618
6791 4621
6792 4618
6793 4618
6794 4621
6795 6584
6796 6588
6797 6722
6798 6604
6799 4606
6800 4606
6801 6589
6802 6721
6803 6586
6804 6605
6805 6589
6806 6604
6807 6586
6808 6585
6809 6589
6810 6587
6811 6587
6812 6588
6813 6588
6814 6587
6815 4622
6816 4621
6817 4622
6818 4606
6819 6604
6820 6585
6821 6605
6822 6605
6823 6587
6824 6588
6825 6588
6826 6588
6827 6588
6828 6587
6829 6577
6830 6605
6831 6605
6832 4602
6833 4602
6834 4602
6835 4604
6836 4602
6837 6604
6838 6604
6839 6604
6840 6604
6841 6586
6842 6586
6843 6586
6844 6586
6845 6585
6846 6585
6847 6585
6848 6585
6849 6605
6850 6605
6851 6605
6852 6605
6853 6605
6854 6605
6855 6605
6856 6605
6857 6587
6858 6588
6859 6588
6860 6588
6861 6577
6862 6589
6863 6605
6864 6577
6865 6577
6866 6587
6867 6587
6868 6587
6869 4602
6870 4504
6871 4504
6872 4504
6873 5185
6874 4979
6875 4827
6876 5332
6877 5217
6878 6478
6879 691
6880 1951
6881 1951
6882 1957
6883 1955
6884 1955
6885 1955
6886 1957
6887 1957
6888 1957
6889 1957
