0 3525
1 3525
2 3525
3 3666
4 3525
5 3526
6 3666
7 3666
8 3779
9 3685
10 3885
11 3779
12 3686
13 3686
14 3810
15 3718
16 3525
17 3652
18 3666
19 3525
20 3526
21 3526
22 3526
23 3526
24 3525
25 3652
26 3525
27 3525
28 3526
29 3526
30 3526
31 3526
32 3525
33 3525
34 3526
35 3525
36 3526
37 3526
38 3526
39 3526
40 3687
41 3657
42 3661
43 3661
44 3649
45 3661
46 3661
47 3658
48 3657
49 3686
50 3686
51 3686
52 4741
53 4886
54 4741
55 6283
56 6283
57 4741
58 4741
59 4859
60 4859
61 4886
62 4741
63 3685
64 3869
65 3869
66 3661
67 3869
68 3869
69 3869
70 3869
71 3869
72 3869
73 3869
74 3685
75 3661
76 3661
77 3661
78 3661
79 3869
80 3685
81 3657
82 3685
83 3685
84 3869
85 3868
86 3869
87 3686
88 3868
89 3686
90 3660
91 3685
92 3686
93 4859
94 4859
95 3661
96 3686
97 3686
98 3686
99 4886
100 4886
101 4886
102 4277
103 6283
104 3526
105 3525
106 3525
107 3525
108 3526
109 3526
110 3666
111 3666
112 3666
113 3666
114 3525
115 3525
116 3525
117 3525
118 3525
119 3526
120 3525
121 3525
122 3526
123 3526
124 3526
125 3526
126 3527
127 3527
128 3527
129 3527
130 3527
131 3527
132 3666
133 3525
134 3666
135 3666
136 3683
137 3686
138 3718
139 3809
140 6283
141 6283
142 6283
143 6283
144 6283
145 6355
146 6283
147 4977
148 4880
149 4873
150 4880
151 4880
152 4880
153 4880
154 3718
155 3657
156 3779
157 3685
158 3783
159 3657
160 3661
161 3783
162 3661
163 3657
164 3657
165 3783
166 3786
167 3786
168 3786
169 3786
170 3786
171 3786
172 4873
173 4873
174 4880
175 4873
176 3786
177 3686
178 3730
179 3730
180 3764
181 3730
182 4793
183 3730
184 4873
185 4873
186 4873
187 4873
188 3525
189 3525
190 3525
191 3666
192 3666
193 3657
194 3783
195 3786
196 3786
197 3786
198 3764
199 3730
200 4873
201 4873
202 4873
203 4873
204 4873
205 4873
206 4873
207 4873
208 4873
209 4873
210 4873
211 4873
212 4873
213 4873
214 6282
215 6282
216 4880
217 4880
218 744
219 1809
220 4306
221 4305
222 1809
223 4873
224 4873
225 4873
226 4873
227 3526
228 3526
229 3526
230 3527
231 3527
232 3526
233 3526
234 3526
235 3526
236 3661
237 3658
238 3658
239 3661
240 3525
241 3525
242 3525
243 3686
244 3686
245 3686
246 3666
247 3661
248 3658
249 3786
250 3686
251 3730
252 4305
253 4793
254 3730
255 4873
256 4872
257 4873
258 3652
259 3649
260 3657
261 3661
262 3657
263 3657
264 3661
265 3686
266 3686
267 3721
268 6355
269 3786
270 3764
271 3721
272 3718
273 3764
274 3718
275 3658
276 3658
277 3652
278 3686
279 4859
280 4859
281 4859
282 6283
283 6283
284 4881
285 4881
286 3526
287 3526
288 3526
289 3526
290 3869
291 3657
292 3657
293 3657
294 3657
295 4880
296 4880
297 4873
298 4873
299 4873
300 4873
301 4873
302 4873
303 4873
304 4873
305 4873
306 6283
307 4881
308 4881
309 4880
310 3526
311 3526
312 3649
313 3526
314 3525
315 3525
316 3649
317 3526
318 3526
319 3526
320 3526
321 3526
322 3526
323 3526
324 3525
325 3526
326 3526
327 3526
328 3526
329 3526
330 3526
331 3526
332 3526
333 6282
334 6282
335 3649
336 3526
337 3869
338 3526
339 3658
340 3525
341 3652
342 3649
343 3525
344 3526
345 3526
346 3526
347 3526
348 3526
349 3526
350 3526
351 3525
352 3525
353 3526
354 3525
355 3526
356 3526
357 3666
358 3666
359 3666
360 4305
361 4873
362 4873
363 4873
364 4873
365 4873
366 3786
367 3764
368 3786
369 3786
370 3786
371 3786
372 3786
373 3786
374 3786
375 3786
376 3786
377 3783
378 3786
379 3786
380 3786
381 4873
382 4793
383 4873
384 4793
385 3721
386 4305
387 4305
388 3730
389 3730
390 4306
391 4230
392 3811
393 3718
394 4306
395 4306
396 4305
397 4305
398 4230
399 4873
400 4873
401 6354
402 4793
403 4873
404 4873
405 3718
406 3721
407 3526
408 3526
409 3526
410 3526
411 3661
412 3661
413 3718
414 3686
415 4859
416 4850
417 3652
418 3652
419 3658
420 3658
421 3526
422 4873
423 4873
424 4872
425 1809
426 4872
427 3652
428 3652
429 3526
430 3661
431 3525
432 3525
433 3649
434 3652
435 3526
436 3526
437 3526
438 3526
439 3526
440 4880
441 4879
442 3657
443 3657
444 3658
445 4873
446 4873
447 3764
448 3764
449 3764
450 3786
451 6282
452 4873
453 1809
454 3525
455 3525
456 3526
457 4873
458 3661
459 3661
460 4873
461 6282
462 3526
463 4873
464 3786
465 3764
466 3764
467 3764
468 3786
469 3786
470 3786
471 3786
472 3786
473 3786
474 3786
475 3786
476 3786
477 3786
478 3786
479 3786
480 3786
481 3786
482 3764
483 3764
484 3730
485 3730
486 3764
487 3764
488 3764
489 3764
490 3731
491 3731
492 3731
493 3731
494 4305
495 4305
496 3764
497 3764
498 3764
499 3786
500 3764
501 3764
502 3764
503 3764
504 3730
505 3730
506 3730
507 3730
508 3730
509 3730
510 3730
511 3730
512 3730
513 3730
514 3730
515 3730
516 3730
517 3730
518 3730
519 4305
520 4305
521 4873
522 4873
523 4873
524 3764
525 3730
526 4873
527 3730
528 3731
529 4305
530 3731
531 4305
532 4873
533 4873
534 4305
535 3731
536 4305
537 3730
538 3730
539 3730
540 3730
541 3730
542 3730
543 3730
544 3730
545 3764
546 3764
547 3730
548 3731
549 3730
550 3730
551 3764
552 3764
553 3764
554 3764
555 3764
556 3764
557 3764
558 3764
559 3764
560 3764
561 3764
562 3786
563 3786
564 3786
565 3786
566 3786
567 3786
568 3764
569 3764
570 1317
571 6282
572 6282
573 1317
574 3764
575 3764
576 3764
577 3764
578 3764
579 3764
580 3764
581 3764
582 3764
583 3730
584 1863
585 1863
586 1241
587 1863
588 1415
589 780
590 780
591 1509
592 792
593 1385
594 4641
595 4587
596 4641
597 4641
598 4562
599 4643
600 4848
601 4643
602 1867
603 1449
604 1419
605 1418
606 1822
607 1238
608 1864
609 1881
610 4561
611 4561
612 4561
613 4561
614 6801
615 6801
616 6753
617 6753
618 4561
619 4587
620 6526
621 6558
622 4587
623 4587
624 1384
625 4561
626 4719
627 3015
628 1236
629 4109
630 5912
631 5912
632 5912
633 5912
634 1435
635 2935
636 2935
637 2958
638 4587
639 3157
640 3157
641 4587
642 750
643 750
644 764
645 4813
646 861
647 750
648 4587
649 3157
650 4587
651 4587
652 6832
653 6732
654 5912
655 5926
656 5926
657 5912
658 6801
659 6801
660 6801
661 6801
662 5912
663 5926
664 5927
665 5926
666 1385
667 1384
668 4562
669 4562
670 4602
671 4602
672 2953
673 2953
674 1419
675 1449
676 5912
677 5912
678 5926
679 5906
680 2932
681 1236
682 1236
683 2932
684 4593
685 6575
686 4643
687 4643
688 6724
689 6724
690 6801
691 6575
692 6832
693 1662
694 4641
695 1384
696 778
697 1385
698 1672
699 1415
700 1507
701 1509
702 1873
703 3157
704 4587
705 5912
706 2969
707 2969
708 2998
709 2969
710 3010
711 1822
712 3026
713 3026
714 3026
715 3026
716 2931
717 3026
718 3026
719 3026
720 5912
721 4589
722 2850
723 750
724 3505
725 750
726 703
727 707
728 2866
729 2866
730 1812
731 1812
732 1812
733 1812
734 735
735 2966
736 750
737 750
738 749
739 749
740 750
741 750
742 1239
743 1239
744 1239
745 1849
746 1849
747 1849
748 1849
749 2952
750 4584
751 4584
752 2953
753 2931
754 3026
755 3026
756 2931
757 3026
758 749
759 749
760 3026
761 3015
762 3015
763 752
764 3015
765 6758
766 6800
767 4561
768 6758
769 1437
770 1252
771 2906
772 2906
773 3026
774 3508
775 3508
776 3508
777 750
778 750
779 750
780 1252
781 2889
782 1849
783 1822
784 749
785 749
786 752
787 749
788 4719
789 4719
790 750
791 750
792 751
793 751
794 4423
795 6558
796 5912
797 5912
798 4584
799 5912
800 5912
801 5912
802 5912
803 783
804 783
805 783
806 783
807 4901
808 5888
809 5135
810 4901
811 783
812 783
813 783
814 783
815 4355
816 5170
817 783
818 1239
819 1239
820 1239
821 1240
822 5913
823 6214
824 711
825 1810
826 1810
827 1810
828 711
829 743
830 5912
831 5912
832 5170
833 5221
834 6214
835 5059
836 5702
837 5421
838 5059
839 5546
840 5912
841 5912
842 5912
843 5913
844 5912
845 5912
846 5912
847 6214
848 6214
849 6214
850 6214
851 5084
852 5037
853 5170
854 5084
855 5906
856 5906
857 5906
858 5899
859 5896
860 5899
861 5899
862 5829
863 5780
864 5780
865 5455
866 6214
867 5913
868 6135
869 6214
870 5017
871 5427
872 6214
873 6214
874 5689
875 6214
876 5689
877 5408
878 5421
879 5432
880 5381
881 5689
882 6135
883 6214
884 6214
885 6140
886 5909
887 5912
888 5912
889 5926
890 5912
891 6526
892 861
893 4813
894 6526
895 1812
896 2935
897 5059
898 5017
899 5016
900 5059
901 6214
902 5164
903 6214
904 6214
905 6214
906 5210
907 5161
908 5019
909 5067
910 5211
911 5019
912 6169
913 5702
914 6214
915 6188
916 5899
917 5899
918 5927
919 5927
920 5927
921 5929
922 5927
923 5927
924 5927
925 6802
926 6829
927 6805
928 6801
929 6801
930 1662
931 4575
932 6214
933 5017
934 5017
935 5015
936 5017
937 5913
938 5912
939 5912
940 6800
941 6697
942 4643
943 4642
944 4114
945 5042
946 5041
947 5041
948 5043
949 5211
950 5041
951 5041
952 5211
953 5044
954 5043
955 5043
956 5044
957 5210
958 5377
959 5689
960 5063
961 5063
962 5017
963 5019
964 5067
965 5375
966 5066
967 5066
968 5375
969 5377
970 5377
971 5017
972 5377
973 6214
974 5063
975 5043
976 5043
977 5043
978 5043
979 5044
980 5377
981 5044
982 5044
983 5044
984 5044
985 5044
986 5044
987 5044
988 5044
989 5044
990 5044
991 5044
992 5044
993 5044
994 5044
995 4691
996 5076
997 5043
998 4350
999 5076
1000 5043
1001 5043
1002 5043
1003 5043
1004 4692
1005 5043
1006 5043
1007 5043
1008 4692
1009 5043
1010 4692
1011 4692
1012 4691
1013 4692
1014 4692
1015 4691
1016 4691
1017 4692
1018 4691
1019 4691
1020 4692
1021 5043
1022 5043
1023 5044
1024 5044
1025 5043
1026 5044
1027 5043
1028 5043
1029 4692
1030 5043
1031 5043
1032 5043
1033 5043
1034 5043
1035 5044
1036 5043
1037 5044
1038 5043
1039 5043
1040 5043
1041 5076
1042 5043
1043 4691
1044 4691
1045 4692
1046 4692
1047 4814
1048 3145
1049 4350
1050 4350
1051 4350
1052 4691
1053 4350
1054 4814
1055 4814
1056 1497
1057 1276
1058 4814
1059 4815
1060 1497
1061 4815
1062 3510
1063 3145
1064 3145
1065 3145
1066 4815
1067 1206
1068 862
1069 4350
1070 912
1071 1479
1072 1479
1073 912
1074 907
1075 946
1076 946
1077 907
1078 1479
1079 1479
1080 1275
1081 1479
1082 1160
1083 1160
1084 913
1085 913
1086 907
1087 875
1088 875
1089 907
1090 1159
1091 876
1092 875
1093 1159
1094 877
1095 877
1096 876
1097 876
1098 1159
1099 876
1100 876
1101 1159
1102 1159
1103 876
1104 981
1105 1168
1106 945
1107 945
1108 877
1109 960
1110 960
1111 877
1112 981
1113 958
1114 946
1115 946
1116 979
1117 981
1118 946
1119 979
1120 1001
1121 1001
1122 1038
1123 1001
1124 1168
1125 983
1126 985
1127 1168
1128 983
1129 1168
1130 1168
1131 985
1132 1024
1133 1168
1134 958
1135 1035
1136 1035
1137 5421
1138 5059
1139 5432
1140 5432
1141 5041
1142 5041
1143 5043
1144 5043
1145 5043
1146 4692
1147 4692
1148 4691
1149 3145
1150 1276
1151 1159
1152 1479
1153 1159
1154 907
1155 875
1156 1024
1157 945
1158 1001
1159 5210
1160 5421
1161 5421
1162 5407
1163 5381
1164 5421
1165 5421
1166 5381
1167 5043
1168 5044
1169 5044
1170 5044
1171 4692
1172 5265
1173 5043
1174 5043
1175 1479
1176 1479
1177 1159
1178 1276
1179 1276
1180 1276
1181 1159
1182 1276
1183 1160
1184 5043
1185 5043
1186 5043
1187 5043
1188 6758
1189 4584
1190 4562
1191 4605
1192 6800
1193 6734
1194 4561
1195 4561
1196 4561
1197 4561
1198 2953
1199 762
1200 6829
1201 6829
1202 6805
1203 5906
1204 5455
1205 5780
1206 5470
1207 5689
1208 5689
1209 5533
1210 5702
1211 6697
1212 4561
1213 707
1214 1812
1215 1812
1216 1812
1217 1243
1218 1812
1219 783
1220 1239
1221 5381
1222 5381
1223 5421
1224 5020
1225 5407
1226 5407
1227 5019
1228 6214
1229 6214
1230 6214
1231 4719
1232 4719
1233 4719
1234 4130
1235 2952
1236 920
1237 1241
1238 1245
1239 1245
1240 1881
1241 2890
1242 896
1243 2969
1244 1813
1245 2969
1246 5913
1247 5913
1248 6760
1249 6758
1250 6758
1251 6758
1252 2906
1253 1253
1254 4593
1255 4642
1256 4640
1257 4642
1258 4719
1259 4719
1260 3015
1261 3015
1262 5124
1263 4901
1264 6526
1265 4584
1266 4584
1267 6526
1268 750
1269 4423
1270 750
1271 749
1272 749
1273 2931
1274 5019
1275 5702
1276 5531
1277 5702
1278 5702
1279 609
1280 607
1281 750
1282 750
1283 750
1284 2932
1285 1236
1286 1236
1287 749
1288 749
1289 785
1290 1284
1291 1867
1292 786
1293 792
1294 1869
1295 780
1296 790
1297 3009
1298 1509
1299 1844
1300 1415
1301 1239
1302 1849
1303 1849
1304 1849
1305 1238
1306 1239
1307 1240
1308 1317
1309 1873
1310 4719
1311 4719
1312 711
1313 711
1314 5295
1315 5295
1316 1759
1317 1759
1318 1881
1319 710
1320 1535
1321 6214
1322 6214
1323 5926
1324 5926
1325 5929
1326 5929
1327 5929
1328 5929
1329 6829
1330 6828
1331 6282
1332 5929
1333 5927
1334 5929
1335 5929
1336 5899
1337 5899
1338 5470
1339 5780
1340 2937
1341 1236
1342 2937
1343 1437
1344 5927
1345 5927
1346 3157
1347 2953
1348 6817
1349 4640
1350 4640
1351 4640
1352 4640
1353 5430
1354 5424
1355 6466
1356 6466
1357 3508
1358 3508
1359 5017
1360 5407
1361 5427
1362 5424
1363 5702
1364 5470
1365 5161
1366 5019
1367 5041
1368 5044
1369 3145
1370 1276
1371 875
1372 1365
1373 945
1374 1001
1375 1024
1376 5295
1377 5295
1378 5295
1379 5295
1380 750
1381 750
1382 750
1383 1236
1384 4427
1385 750
1386 4134
1387 5295
1388 4719
1389 5295
1390 5295
1391 5295
1392 5295
1393 5295
1394 5295
1395 4813
1396 750
1397 750
1398 750
1399 2932
1400 2932
1401 2952
1402 762
1403 2953
1404 2953
1405 749
1406 3015
1407 749
1408 750
1409 761
1410 764
1411 764
1412 724
1413 3015
1414 4719
1415 2952
1416 2952
1417 3157
1418 1236
1419 1236
1420 4562
1421 4562
1422 920
1423 4587
1424 4562
1425 4562
1426 6802
1427 1509
1428 761
1429 1437
1430 3015
1431 3015
1432 3026
1433 3026
1434 749
1435 749
1436 750
1437 1236
1438 3026
1439 3026
1440 2997
1441 3026
1442 2931
1443 2932
1444 749
1445 2931
1446 4901
1447 4901
1448 5905
1449 5912
1450 5776
1451 5432
1452 5432
1453 5066
1454 6214
1455 5375
1456 5211
1457 5044
1458 5037
1459 5037
1460 5044
1461 5037
1462 5377
1463 5043
1464 876
1465 877
1466 877
1467 876
1468 1160
1469 876
1470 877
1471 960
1472 960
1473 877
1474 960
1475 5210
1476 6191
1477 6188
1478 6214
1479 5421
1480 6178
1481 5926
1482 5927
1483 5927
1484 5927
1485 5926
1486 5926
1487 6697
1488 6697
1489 6697
1490 4587
1491 4584
1492 5926
1493 6697
1494 6697
1495 6697
1496 6697
1497 5689
1498 5432
1499 5421
1500 5689
1501 6214
1502 1236
1503 3026
1504 2997
1505 3015
1506 3015
1507 763
1508 1434
1509 2952
1510 1435
1511 6214
1512 5059
1513 6214
1514 5424
1515 5695
1516 5421
1517 5044
1518 5044
1519 5043
1520 5043
1521 4692
1522 4691
1523 4815
1524 1497
1525 1159
1526 1479
1527 1159
1528 875
1529 960
1530 1365
1531 983
1532 1038
1533 5381
1534 5430
1535 1844
1536 2906
1537 1437
1538 762
1539 5470
1540 6140
1541 5295
1542 5295
1543 2906
1544 2906
1545 2906
1546 6397
1547 6397
1548 6408
1549 6424
1550 6397
1551 6397
1552 6397
1553 6397
1554 6397
1555 5300
1556 6407
1557 6397
1558 6397
1559 6464
1560 6424
1561 6424
1562 6424
1563 6424
1564 6416
1565 6416
1566 6416
1567 6416
1568 6423
1569 6422
1570 6424
1571 6423
1572 6418
1573 6418
1574 6416
1575 6418
1576 6423
1577 6418
1578 5300
1579 5300
1580 5300
1581 5300
1582 6408
1583 6408
1584 6408
1585 6408
1586 6464
1587 6407
1588 6407
1589 6408
1590 6408
1591 6408
1592 6408
1593 6418
1594 5300
1595 5300
1596 6418
1597 6418
1598 5300
1599 6424
1600 6396
1601 6424
1602 6424
1603 6396
1604 6396
1605 6396
1606 6396
1607 6418
1608 6418
1609 6420
1610 6418
1611 6418
1612 6423
1613 6416
1614 6416
1615 6418
1616 6418
1617 6418
1618 6418
1619 4910
1620 4910
1621 4910
1622 4910
1623 6396
1624 6396
1625 6396
1626 6418
1627 6418
1628 6418
1629 6418
1630 6416
1631 4225
1632 6365
1633 4225
1634 6302
1635 4130
1636 4130
1637 4130
1638 4749
1639 6416
1640 6416
1641 6365
1642 6365
1643 4907
1644 6418
1645 4130
1646 4225
1647 4225
1648 4130
1649 6413
1650 6416
1651 6416
1652 6416
1653 6416
1654 6416
1655 6418
1656 6365
1657 6396
1658 4910
1659 6396
1660 6396
1661 6416
1662 6416
1663 6416
1664 6413
1665 6416
1666 6418
1667 4225
1668 4225
1669 4225
1670 5295
1671 6302
1672 4109
1673 4130
1674 5258
1675 4130
1676 4130
1677 6327
1678 4719
1679 4225
1680 6365
1681 4910
1682 6365
1683 4130
1684 4225
1685 6424
1686 6408
1687 6408
1688 6424
1689 6408
1690 6408
1691 5300
1692 5300
1693 6407
1694 6416
1695 6416
1696 4907
1697 6396
1698 4907
1699 6396
1700 4907
1701 6396
1702 6396
1703 4910
1704 4910
1705 4910
1706 6396
1707 6327
1708 6416
1709 5296
1710 4910
1711 4910
1712 4910
1713 4910
1714 5296
1715 6396
1716 4130
1717 6365
1718 5295
1719 5295
1720 4910
1721 6424
1722 6424
1723 6416
1724 6418
1725 6416
1726 6397
1727 6408
1728 6418
1729 5300
1730 6396
1731 6416
1732 6418
1733 6416
1734 5258
1735 6301
1736 6418
1737 750
1738 4910
1739 4910
1740 6365
1741 6407
1742 6418
1743 6416
1744 6416
1745 6416
1746 6365
1747 6365
1748 4130
1749 6327
1750 6407
1751 6327
1752 6418
1753 707
1754 703
1755 640
1756 4561
1757 6801
1758 6800
1759 2906
1760 644
1761 1437
1762 1437
1763 4587
1764 3764
1765 3730
1766 3764
1767 5899
1768 5899
1769 5899
1770 3764
1771 3730
1772 3764
1773 3764
1774 3764
1775 3786
1776 3730
1777 3730
1778 3786
1779 5926
1780 5912
1781 5926
1782 5926
1783 5926
1784 5926
1785 5926
1786 5124
1787 5135
1788 4355
1789 4355
1790 6526
1791 4689
1792 6526
1793 5912
1794 5913
1795 5912
1796 5912
1797 6214
1798 5913
1799 6135
1800 6116
1801 5776
1802 5780
1803 5905
1804 5890
1805 5786
1806 5780
1807 5780
1808 770
1809 1849
1810 1849
1811 1849
1812 2969
1813 1813
1814 1813
1815 733
1816 1849
1817 1849
1818 2888
1819 2888
1820 2888
1821 1812
1822 1812
1823 1813
1824 1812
1825 896
1826 2997
1827 2997
1828 2998
1829 735
1830 2966
1831 2971
1832 2971
1833 896
1834 2906
1835 1236
1836 1235
1837 2997
1838 2931
1839 2931
1840 2997
1841 2997
1842 2952
1843 2953
1844 2953
1845 3026
1846 3026
1847 3026
1848 3026
1849 2889
1850 2998
1851 2997
1852 2998
1853 2969
1854 2997
1855 2997
1856 2997
1857 2997
1858 3026
1859 2997
1860 2937
1861 707
1862 1243
1863 1242
1864 2866
1865 1236
1866 2932
1867 749
1868 3026
1869 749
1870 762
1871 2952
1872 1760
1873 1760
1874 2971
1875 2998
1876 3026
1877 3026
1878 3026
1879 3026
1880 3026
1881 1812
1882 2997
1883 2997
1884 2997
1885 2997
1886 896
1887 896
1888 3026
1889 3026
1890 2997
1891 2997
1892 3026
1893 1760
1894 1286
1895 1418
1896 1419
1897 1419
1898 1419
1899 1286
1900 6418
1901 3026
1902 3015
1903 3015
1904 5295
1905 4859
1906 4859
1907 3652
1908 3658
1909 6396
1910 6396
1911 6396
1912 6396
1913 6396
1914 6418
1915 6418
1916 6416
1917 6423
1918 6464
1919 6462
1920 6464
1921 6464
1922 6462
1923 6462
1924 6462
1925 6462
1926 6462
1927 6462
1928 6462
1929 6462
1930 6462
1931 6464
1932 6464
1933 6464
1934 6464
1935 6407
1936 6407
1937 6408
1938 6408
1939 6408
1940 6408
1941 6408
1942 6408
1943 4748
1944 6408
1945 4748
1946 6407
1947 6407
1948 6407
1949 6464
1950 6464
1951 6464
1952 6464
1953 6407
1954 6407
1955 6464
1956 6464
1957 6464
1958 6407
1959 6464
1960 6464
1961 6464
1962 6464
1963 6408
1964 6407
1965 6408
1966 6408
1967 6408
1968 6408
1969 6464
1970 6462
1971 6407
1972 6407
1973 6407
1974 6408
1975 6408
1976 6408
1977 6408
1978 6408
1979 4748
1980 6408
1981 4288
1982 4317
1983 4207
1984 4288
1985 4207
1986 5353
1987 5353
1988 4168
1989 4317
1990 5353
1991 5353
1992 4317
1993 4317
1994 4317
1995 5253
1996 4317
1997 6368
1998 6543
1999 6543
2000 6544
2001 5246
2002 6388
2003 6371
2004 5246
2005 4330
2006 4288
2007 4290
2008 4290
2009 5353
2010 5353
2011 4165
2012 5353
2013 4289
2014 4285
2015 6462
2016 4286
2017 4755
2018 6404
2019 5329
2020 5329
2021 4207
2022 4168
2023 4207
2024 5353
2025 4287
2026 4287
2027 2821
2028 3108
2029 118
2030 1311
2031 6295
2032 4287
2033 4287
2034 4375
2035 4376
2036 4289
2037 2821
2038 3108
2039 3108
2040 2821
2041 4317
2042 4317
2043 6369
2044 5251
2045 5253
2046 6377
2047 6371
2048 6368
2049 6370
2050 6370
2051 6371
2052 6371
2053 5247
2054 6544
2055 1784
2056 1781
2057 1780
2058 1780
2059 4287
2060 4287
2061 5245
2062 1782
2063 2913
2064 5244
2065 4289
2066 4287
2067 1314
2068 2821
2069 5353
2070 4207
2071 6404
2072 4755
2073 5329
2074 6537
2075 6377
2076 4330
2077 6389
2078 6389
2079 4373
2080 4374
2081 5244
2082 5245
2083 5245
2084 6388
2085 5353
2086 5353
2087 4287
2088 4287
2089 4287
2090 4290
2091 4290
2092 6460
2093 6460
2094 4755
2095 4207
2096 6404
2097 6462
2098 6462
2099 6462
2100 6349
2101 6464
2102 6462
2103 6462
2104 6464
2105 6464
2106 4287
2107 4287
2108 4287
2109 5329
2110 6460
2111 5329
2112 5329
2113 5353
2114 5353
2115 5353
2116 5353
2117 4317
2118 5257
2119 5253
2120 4289
2121 4289
2122 6537
2123 3112
2124 6542
2125 6537
2126 3159
2127 6535
2128 3159
2129 6537
2130 6542
2131 1779
2132 1779
2133 6522
2134 5253
2135 6525
2136 6544
2137 5247
2138 6543
2139 6537
2140 6543
2141 6542
2142 6542
2143 6389
2144 6388
2145 3108
2146 2821
2147 4287
2148 6464
2149 6389
2150 4316
2151 4373
2152 2929
2153 2929
2154 2929
2155 1779
2156 2987
2157 1314
2158 2821
2159 3112
2160 6525
2161 6537
2162 6537
2163 6525
2164 5255
2165 5257
2166 2987
2167 3098
2168 3098
2169 3108
2170 4373
2171 5244
2172 4373
2173 1782
2174 1779
2175 3021
2176 6388
2177 6522
2178 1783
2179 6522
2180 4373
2181 6522
2182 5329
2183 4754
2184 4290
2185 4285
2186 3159
2187 6522
2188 1779
2189 2929
2190 2929
2191 1779
2192 4374
2193 1779
2194 1782
2195 4289
2196 4289
2197 4289
2198 1781
2199 6389
2200 4289
2201 4289
2202 4286
2203 4289
2204 3112
2205 2821
2206 4287
2207 4287
2208 4286
2209 4286
2210 4290
2211 4290
2212 6370
2213 4373
2214 1783
2215 1546
2216 1546
2217 1597
2218 1914
2219 1314
2220 1314
2221 4316
2222 6542
2223 4755
2224 4207
2225 4317
2226 6404
2227 4755
2228 5329
2229 4754
2230 5329
2231 5353
2232 1597
2233 1615
2234 4242
2235 6462
2236 5353
2237 4330
2238 4289
2239 4289
2240 4372
2241 6459
2242 6462
2243 6464
2244 6464
2245 1314
2246 1780
2247 1780
2248 5353
2249 5353
2250 5353
2251 5353
2252 5353
2253 5353
2254 4289
2255 4289
2256 4374
2257 4374
2258 6525
2259 6525
2260 6525
2261 6542
2262 6522
2263 6522
2264 4288
2265 4754
2266 5353
2267 5353
2268 6543
2269 1780
2270 1785
2271 6542
2272 1615
2273 1597
2274 6537
2275 5246
2276 1780
2277 1780
2278 1782
2279 4209
2280 1314
2281 1569
2282 1546
2283 1597
2284 4375
2285 4330
2286 6464
2287 5353
2288 5353
2289 5248
2290 1779
2291 3122
2292 2929
2293 2929
2294 3122
2295 1547
2296 1948
2297 1547
2298 1546
2299 1569
2300 1948
2301 1547
2302 1547
2303 1948
2304 1948
2305 1948
2306 1948
2307 1948
2308 1948
2309 1948
2310 1948
2311 1948
2312 1948
2313 1947
2314 1947
2315 1948
2316 1948
2317 1948
2318 1947
2319 1947
2320 1947
2321 1947
2322 1948
2323 1948
2324 1948
2325 1947
2326 1948
2327 1948
2328 1947
2329 1948
2330 1948
2331 1547
2332 1547
2333 1948
2334 1947
2335 1948
2336 1947
2337 1948
2338 1947
2339 1947
2340 1947
2341 1569
2342 1546
2343 1547
2344 1948
2345 1948
2346 1948
2347 1948
2348 1948
2349 1948
2350 1948
2351 1948
2352 1947
2353 1947
2354 1947
2355 1947
2356 1947
2357 1948
2358 1569
2359 1546
2360 1948
2361 1547
2362 1597
2363 1914
2364 1546
2365 1948
2366 1569
2367 2821
2368 3098
2369 3099
2370 2987
2371 3112
2372 3098
2373 1597
2374 1948
2375 1597
2376 1546
2377 1546
2378 1597
2379 3099
2380 3099
2381 3099
2382 1597
2383 1882
2384 3112
2385 1615
2386 2987
2387 1314
2388 2821
2389 1314
2390 1546
2391 1921
2392 1921
2393 1948
2394 1948
2395 1546
2396 1948
2397 1921
2398 1971
2399 1947
2400 842
2401 1947
2402 1947
2403 1948
2404 1921
2405 1971
2406 1971
2407 1921
2408 1921
2409 1921
2410 1921
2411 1921
2412 1921
2413 1921
2414 1921
2415 1920
2416 1920
2417 1920
2418 1920
2419 1920
2420 1920
2421 1920
2422 1920
2423 1920
2424 1920
2425 1920
2426 1920
2427 1920
2428 1920
2429 1920
2430 1920
2431 1920
2432 1921
2433 1920
2434 1920
2435 1920
2436 1920
2437 1920
2438 1920
2439 1920
2440 1920
2441 1921
2442 1921
2443 1920
2444 1920
2445 1920
2446 1920
2447 1920
2448 1920
2449 1920
2450 1920
2451 1920
2452 1920
2453 1921
2454 1921
2455 1921
2456 1920
2457 1921
2458 1921
2459 1920
2460 1920
2461 1920
2462 1920
2463 1920
2464 1920
2465 1920
2466 1920
2467 1920
2468 1920
2469 1546
2470 1597
2471 1597
2472 1546
2473 1569
2474 1597
2475 1597
2476 1546
2477 1546
2478 1615
2479 2821
2480 3123
2481 3123
2482 1314
2483 1597
2484 1546
2485 1314
2486 1597
2487 1597
2488 1314
2489 3122
2490 3122
2491 3123
2492 1314
2493 1851
2494 1851
2495 2821
2496 1314
2497 1314
2498 1314
2499 2821
2500 1914
2501 1971
2502 1971
2503 1547
2504 1546
2505 1597
2506 1547
2507 1947
2508 1947
2509 1948
2510 3123
2511 1851
2512 1947
2513 1947
2514 1546
2515 1947
2516 1971
2517 1947
2518 1971
2519 1971
2520 1971
2521 1971
2522 1971
2523 1971
2524 1971
2525 1971
2526 1921
2527 1921
2528 1921
2529 1921
2530 1921
2531 1921
2532 1921
2533 1921
2534 1921
2535 1921
2536 1920
2537 1921
2538 1921
2539 1921
2540 1920
2541 1920
2542 1921
2543 1921
2544 1921
2545 1921
2546 1920
2547 1921
2548 1921
2549 1920
2550 1921
2551 1921
2552 1921
2553 1921
2554 1921
2555 1920
2556 1920
2557 1920
2558 1921
2559 1921
2560 1921
2561 1921
2562 1920
2563 1920
2564 1971
2565 1971
2566 1971
2567 1921
2568 1971
2569 1921
2570 1921
2571 1921
2572 1921
2573 1921
2574 1921
2575 1921
2576 1920
2577 1921
2578 1921
2579 1921
2580 3122
2581 2987
2582 1883
2583 1883
2584 2987
2585 2987
2586 1438
2587 1438
2588 2821
2589 2987
2590 1440
2591 490
2592 2929
2593 2929
2594 490
2595 1782
2596 2929
2597 2929
2598 1782
2599 1440
2600 2987
2601 490
2602 1883
2603 1883
2604 490
2605 1782
2606 2929
2607 2929
2608 1779
2609 2929
2610 490
2611 1779
2612 2929
2613 490
2614 488
2615 490
2616 490
2617 1851
2618 1883
2619 1642
2620 1314
2621 2987
2622 2987
2623 1883
2624 2987
2625 1642
2626 1642
2627 1642
2628 2929
2629 1615
2630 1615
2631 2987
2632 1314
2633 1642
2634 1642
2635 1569
2636 1569
2637 1569
2638 1569
2639 1597
2640 1597
2641 1597
2642 1597
2643 1546
2644 1546
2645 1948
2646 1948
2647 1948
2648 1948
2649 1547
2650 1546
2651 1948
2652 1547
2653 1948
2654 1948
2655 1948
2656 1547
2657 1948
2658 1948
2659 1546
2660 1546
2661 1948
2662 1948
2663 1948
2664 1547
2665 1948
2666 1948
2667 1547
2668 1948
2669 1569
2670 1569
2671 1948
2672 1948
2673 1948
2674 1948
2675 1547
2676 1948
2677 1547
2678 1948
2679 1948
2680 1948
2681 1597
2682 1597
2683 1569
2684 1546
2685 1569
2686 1569
2687 1547
2688 1547
2689 1948
2690 1948
2691 1948
2692 1948
2693 1948
2694 1948
2695 1948
2696 1948
2697 1779
2698 5328
2699 5328
2700 4763
2701 5328
2702 4763
2703 4763
2704 4763
2705 5328
2706 4763
2707 5328
2708 4265
2709 4265
2710 4763
2711 4763
2712 4763
2713 4763
2714 5328
2715 4763
2716 4265
2717 4267
2718 4882
2719 4882
2720 4882
2721 4882
2722 4882
2723 4267
2724 4882
2725 4882
2726 4882
2727 4882
2728 4882
2729 4882
2730 4882
2731 4882
2732 4267
2733 4885
2734 4882
2735 4882
2736 4882
2737 4267
2738 4882
2739 4882
2740 4267
2741 4882
2742 4265
2743 4265
2744 4882
2745 4882
2746 4882
2747 4882
2748 4882
2749 4882
2750 4267
2751 4882
2752 4882
2753 4882
2754 4763
2755 4763
2756 4265
2757 4764
2758 4265
2759 4763
2760 4267
2761 4267
2762 4882
2763 4882
2764 4882
2765 4882
2766 4882
2767 4882
2768 4882
2769 4882
2770 2913
2771 1782
2772 5245
2773 6388
2774 6389
2775 6388
2776 5244
2777 1782
2778 6389
2779 3526
2780 3525
2781 3525
2782 3525
2783 3525
2784 3526
2785 3526
2786 3526
2787 3527
2788 3527
2789 3527
2790 3526
2791 3526
2792 3525
2793 3525
2794 3525
2795 3526
2796 3525
2797 3525
2798 3526
2799 3525
2800 3526
2801 3526
2802 3526
2803 3526
2804 3526
2805 3525
2806 3526
2807 3525
2808 3526
2809 3526
2810 3525
2811 3525
2812 1385
2813 1671
2814 3525
2815 3525
2816 3525
2817 3525
2818 3525
2819 1236
2820 2906
2821 4719
2822 4719
2823 5927
2824 6697
2825 6758
2826 6758
2827 6697
2828 6697
2829 5926
2830 5927
2831 5927
2832 5926
2833 6758
2834 6758
2835 6697
2836 6758
2837 6758
2838 6758
2839 6697
2840 4587
2841 6558
2842 6526
2843 4587
2844 4587
2845 5927
2846 6802
2847 6697
2848 6828
2849 4587
2850 4587
2851 6526
2852 4640
2853 4640
2854 4640
2855 4640
2856 4640
2857 4561
2858 4561
2859 4561
2860 4561
2861 4587
2862 4587
2863 4587
2864 4587
2865 4587
2866 679
2867 4587
2868 4561
2869 4561
2870 4593
2871 6832
2872 780
2873 6423
2874 6464
2875 1812
2876 1849
2877 1243
2878 2889
2879 1849
2880 2888
2881 1812
2882 1812
2883 6753
2884 1812
2885 1812
2886 1812
2887 1812
2888 1812
2889 1812
2890 2969
2891 896
2892 2969
2893 1813
2894 2969
2895 6476
2896 6476
2897 4719
2898 4719
2899 4719
2900 3015
2901 3015
2902 3026
2903 3026
2904 3026
2905 3026
2906 750
2907 749
2908 1236
2909 5909
2910 5909
2911 5909
2912 5170
2913 5926
2914 5926
2915 5912
2916 5170
2917 5909
2918 5909
2919 5912
2920 5905
2921 5905
2922 5896
2923 5906
2924 5912
2925 5906
2926 5905
2927 5913
2928 5912
2929 5912
2930 5926
2931 2952
2932 2952
2933 1835
2934 2937
2935 2932
2936 2932
2937 2937
2938 2998
2939 2997
2940 2997
2941 2931
2942 2997
2943 2997
2944 2997
2945 3026
2946 2997
2947 2997
2948 2998
2949 2998
2950 2866
2951 2866
2952 920
2953 2906
2954 750
2955 750
2956 749
2957 3015
2958 749
2959 3026
2960 749
2961 2931
2962 749
2963 749
2964 2998
2965 2998
2966 2966
2967 2971
2968 709
2969 1812
2970 2937
2971 2935
2972 1849
2973 1849
2974 6476
2975 3508
2976 3015
2977 3508
2978 6476
2979 6476
2980 6476
2981 6476
2982 6466
2983 6466
2984 6476
2985 6466
2986 6466
2987 3508
2988 3026
2989 3508
2990 3508
2991 3026
2992 3508
2993 3508
2994 6466
2995 3508
2996 3026
2997 2952
2998 1435
2999 2997
3000 2997
3001 2997
3002 2997
3003 2997
3004 2997
3005 2997
3006 1836
3007 1760
3008 1760
3009 2866
3010 707
3011 1812
3012 1239
3013 6365
3014 4584
3015 3157
3016 6758
3017 6800
3018 6760
3019 6760
3020 6760
3021 5926
3022 6752
3023 6760
3024 6760
3025 4587
3026 2953
3027 1760
3028 2866
3029 2866
3030 4561
3031 4561
3032 4561
3033 4640
3034 4561
3035 4561
3036 4561
3037 4561
3038 4561
3039 4561
3040 4640
3041 4562
3042 4640
3043 4561
3044 4562
3045 6283
3046 4277
3047 3661
3048 3661
3049 6282
3050 6282
3051 4859
3052 4850
3053 3649
3054 3652
3055 3657
3056 3657
3057 6282
3058 6282
3059 1316
3060 1895
3061 1842
3062 1844
3063 4592
3064 4575
3065 4640
3066 4575
3067 1415
3068 4791
3069 4859
3070 4859
3071 3652
3072 3658
3073 1384
3074 1662
3075 4640
3076 4609
3077 6598
3078 780
3079 6817
3080 6282
3081 5084
3082 5084
3083 5084
3084 4901
3085 4901
3086 4901
3087 6214
3088 6214
3089 6214
3090 5124
3091 5124
3092 5221
3093 5135
3094 4901
3095 5038
3096 6214
3097 5912
3098 5912
3099 5912
3100 5170
3101 5909
3102 6135
3103 6214
3104 6214
3105 5170
3106 5909
3107 5887
3108 5887
3109 5913
3110 5135
3111 5221
3112 5909
3113 5221
3114 5170
3115 5135
3116 6214
3117 6135
3118 6140
3119 6140
3120 5913
3121 5909
3122 5912
3123 5912
3124 5926
3125 5043
3126 5427
3127 5432
3128 6135
3129 4901
3130 4901
3131 5408
3132 5432
3133 6214
3134 5059
3135 5432
3136 5084
3137 5135
3138 5170
3139 6116
3140 6135
3141 6140
3142 5455
3143 5455
3144 5455
3145 5780
3146 5711
3147 5455
3148 5470
3149 5531
3150 5905
3151 5913
3152 5891
3153 5891
3154 5888
3155 5905
3156 5913
3157 6116
3158 5912
3159 5926
3160 5786
3161 4277
3162 6283
3163 3652
3164 4873
3165 3526
3166 3661
3167 3526
3168 1843
3169 1844
3170 5702
3171 1415
3172 5702
3173 6758
3174 1051
3175 1005
3176 1180
3177 1179
3178 1001
3179 1001
3180 1001
3181 1001
3182 1066
3183 1066
3184 1001
3185 1066
3186 1001
3187 1005
3188 1180
3189 1004
3190 1179
3191 1069
3192 1069
3193 1179
3194 1066
3195 1066
3196 1066
3197 1001
3198 1467
3199 1467
3200 1183
3201 1183
3202 1183
3203 1183
3204 1467
3205 1183
3206 1066
3207 1467
3208 1467
3209 1467
3210 1467
3211 3228
3212 3228
3213 3228
3214 3228
3215 3228
3216 3228
3217 3228
3218 3228
3219 3228
3220 3228
3221 3228
3222 3228
3223 3229
3224 3229
3225 3229
3226 3229
3227 3228
3228 3228
3229 3228
3230 3228
3231 3229
3232 3229
3233 3228
3234 3228
3235 3228
3236 3229
3237 3229
3238 3228
3239 3229
3240 3228
3241 3228
3242 3228
3243 3228
3244 3228
3245 3228
3246 3228
3247 3228
3248 3228
3249 3228
3250 3228
3251 3228
3252 3228
3253 3228
3254 3228
3255 3228
3256 3228
3257 3228
3258 3228
3259 3228
3260 3228
3261 3228
3262 3228
3263 3228
3264 3228
3265 3228
3266 3228
3267 3229
3268 3229
3269 3228
3270 3228
3271 3229
3272 3228
3273 3228
3274 3228
3275 3228
3276 3228
3277 3229
3278 3228
3279 3229
3280 3229
3281 3229
3282 3229
3283 3229
3284 3229
3285 3229
3286 3229
3287 3229
3288 3229
3289 3229
3290 3229
3291 3229
3292 3224
3293 3228
3294 3224
3295 3228
3296 3229
3297 3224
3298 3229
3299 3228
3300 3228
3301 3228
3302 3228
3303 3229
3304 3229
3305 3228
3306 3228
3307 3229
3308 3228
3309 3228
3310 3229
3311 3229
3312 3228
3313 3229
3314 3229
3315 3282
3316 3423
3317 3229
3318 3453
3319 1179
3320 1069
3321 1066
3322 1468
3323 1179
3324 1469
3325 1469
3326 1469
3327 1465
3328 1465
3329 1466
3330 1466
3331 1466
3332 1473
3333 1095
3334 1095
3335 1474
3336 3452
3337 3453
3338 3423
3339 3423
3340 3423
3341 3384
3342 3423
3343 3384
3344 3423
3345 3384
3346 3423
3347 3384
3348 3423
3349 3384
3350 3452
3351 3423
3352 3452
3353 3423
3354 3452
3355 3423
3356 3384
3357 3423
3358 3453
3359 3423
3360 3423
3361 3385
3362 3423
3363 3385
3364 3328
3365 3205
3366 3185
3367 3205
3368 3205
3369 3329
3370 1133
3371 3183
3372 3205
3373 3183
3374 3180
3375 1130
3376 1130
3377 3180
3378 3180
3379 1128
3380 1472
3381 1471
3382 1130
3383 1131
3384 1130
3385 1130
3386 1130
3387 1131
3388 1130
3389 3180
3390 1471
3391 1471
3392 1471
3393 1471
3394 1130
3395 1471
3396 3180
3397 3391
3398 3384
3399 1134
3400 1133
3401 1133
3402 3185
3403 3205
3404 3181
3405 3183
3406 3384
3407 3205
3408 3182
3409 1129
3410 3181
3411 1130
3412 3180
3413 3180
3414 1130
3415 1472
3416 1472
3417 1134
3418 1134
3419 3390
3420 3205
3421 3183
3422 3180
3423 3180
3424 3180
3425 3180
3426 3180
3427 3180
3428 3180
3429 3180
3430 3183
3431 3180
3432 1473
3433 1465
3434 1465
3435 1466
3436 1465
3437 3384
3438 3384
3439 3391
3440 3390
3441 3205
3442 3205
3443 3329
3444 3329
3445 3183
3446 3205
3447 3205
3448 3205
3449 3183
3450 3183
3451 3183
3452 3183
3453 3180
3454 3180
3455 3183
3456 3183
3457 3180
3458 3180
3459 3180
3460 3180
3461 3180
3462 3180
3463 3180
3464 3180
3465 3180
3466 3180
3467 3180
3468 3180
3469 1473
3470 783
3471 707
3472 3145
3473 3145
3474 3145
3475 6178
3476 5927
3477 5927
3478 5927
3479 6214
3480 6697
3481 6140
3482 2866
3483 4561
3484 5912
3485 3764
3486 3764
3487 3764
3488 3764
3489 3730
3490 3730
3491 3764
3492 3764
3493 3764
3494 3764
3495 4575
3496 4575
3497 4572
3498 4572
3499 3661
3500 5899
3501 5899
3502 6760
3503 5896
3504 5929
3505 4587
3506 4592
3507 5786
3508 2953
3509 5929
3510 5766
3511 6828
3512 3652
3513 3658
3514 3652
3515 3652
3516 3649
3517 3526
3518 3658
3519 3652
3520 3658
3521 3658
3522 3657
3523 3661
3524 5206
3525 4869
3526 4869
3527 5206
3528 3652
3529 3652
3530 3658
3531 3658
3532 3526
3533 3526
3534 3526
3535 3526
3536 3652
3537 3658
3538 3649
3539 3652
3540 3526
3541 3526
3542 3526
3543 3526
3544 3652
3545 3649
3546 3526
3547 3649
3548 3526
3549 3526
3550 3526
3551 3526
3552 3687
3553 3687
3554 3661
3555 3807
3556 3652
3557 3661
3558 3657
3559 3658
3560 3807
3561 4859
3562 4850
3563 4859
3564 4859
3565 4850
3566 4850
3567 4850
3568 4850
3569 4850
3570 4850
3571 4859
3572 4850
3573 4850
3574 4859
3575 4869
3576 3661
3577 4869
3578 4859
3579 4859
3580 4859
3581 4859
3582 4859
3583 4859
3584 4859
3585 4859
3586 4859
3587 3687
3588 3661
3589 3661
3590 3687
3591 4869
3592 3661
3593 3661
3594 3661
3595 3661
3596 4859
3597 4859
3598 4859
3599 4859
3600 4859
3601 4859
3602 4859
3603 4859
3604 4859
3605 4859
3606 4859
3607 3661
3608 4859
3609 4859
3610 4859
3611 4859
3612 4859
3613 4859
3614 4850
3615 4850
3616 3526
3617 3526
3618 3526
3619 3526
3620 3526
3621 3526
3622 3658
3623 3658
3624 3652
3625 3652
3626 3652
3627 3525
3628 3649
3629 3652
3630 3526
3631 3652
3632 3526
3633 3526
3634 3526
3635 3526
3636 3526
3637 3526
3638 3526
3639 3526
3640 3526
3641 3526
3642 3526
3643 3526
3644 3658
3645 3658
3646 3652
3647 3658
3648 3658
3649 4850
3650 4850
3651 4869
3652 4850
3653 4850
3654 4850
3655 4850
3656 4850
3657 4277
3658 4850
3659 6283
3660 6283
3661 4277
3662 4791
3663 4277
3664 4791
3665 4791
3666 4850
3667 3661
3668 3687
3669 3658
3670 3661
3671 3661
3672 3661
3673 3661
3674 3661
3675 3661
3676 3658
3677 3658
3678 3686
3679 3686
3680 3686
3681 3686
3682 3686
3683 3686
3684 6283
3685 6283
3686 4881
3687 4277
3688 3686
3689 3686
3690 3721
3691 6283
3692 3718
3693 3718
3694 3721
3695 3721
3696 4880
3697 4880
3698 4880
3699 4880
3700 3652
3701 3652
3702 3652
3703 3649
3704 3658
3705 3658
3706 3661
3707 3686
3708 3686
3709 3686
3710 6283
3711 3718
3712 6283
3713 4880
3714 4880
3715 6283
3716 4880
3717 4880
3718 4880
3719 4880
3720 1237
3721 1535
3722 1237
3723 4880
3724 4873
3725 607
3726 4277
3727 4791
3728 4850
3729 4791
3730 1317
3731 1240
3732 6283
3733 6283
3734 710
3735 4880
3736 4880
3737 4880
3738 4880
3739 3649
3740 3526
3741 3526
3742 3526
3743 3526
3744 3526
3745 3526
3746 3526
3747 3526
3748 3807
3749 3687
3750 3807
3751 3658
3752 3652
3753 3649
3754 3652
3755 4869
3756 4869
3757 4869
3758 3658
3759 3661
3760 3658
3761 3686
3762 3686
3763 3721
3764 3721
3765 4793
3766 4793
3767 4880
3768 4873
3769 1237
3770 3658
3771 3652
3772 3661
3773 3807
3774 3807
3775 3658
3776 3658
3777 3687
3778 4869
3779 4850
3780 6283
3781 3810
3782 3810
3783 3718
3784 3718
3785 3810
3786 3718
3787 3658
3788 3652
3789 3658
3790 4859
3791 4859
3792 4859
3793 4859
3794 4277
3795 4850
3796 6282
3797 4850
3798 3526
3799 3526
3800 3526
3801 3526
3802 4859
3803 3657
3804 3661
3805 3661
3806 3657
3807 4277
3808 4277
3809 1535
3810 6282
3811 4880
3812 4880
3813 4873
3814 4873
3815 4873
3816 4277
3817 4850
3818 4277
3819 4277
3820 3526
3821 3526
3822 3649
3823 3526
3824 3649
3825 3652
3826 3649
3827 3526
3828 3526
3829 3526
3830 3526
3831 3526
3832 3526
3833 3526
3834 3649
3835 3649
3836 3526
3837 3526
3838 3526
3839 6282
3840 6282
3841 4859
3842 3526
3843 3807
3844 3652
3845 3652
3846 3658
3847 3658
3848 3526
3849 3526
3850 3526
3851 3526
3852 3526
3853 3526
3854 3526
3855 3649
3856 3649
3857 3526
3858 3526
3859 3526
3860 3649
3861 3658
3862 3652
3863 3658
3864 6283
3865 6283
3866 6283
3867 6283
3868 6283
3869 6283
3870 3718
3871 3763
3872 3783
3873 3718
3874 3783
3875 3783
3876 3783
3877 3783
3878 3685
3879 3686
3880 3685
3881 3687
3882 3686
3883 3685
3884 3686
3885 4277
3886 6283
3887 6283
3888 6355
3889 6283
3890 6283
3891 6283
3892 6355
3893 4873
3894 3687
3895 4850
3896 6283
3897 4880
3898 6283
3899 6283
3900 4977
3901 4873
3902 4873
3903 6283
3904 6283
3905 6283
3906 6283
3907 4277
3908 4850
3909 3526
3910 4850
3911 4859
3912 3658
3913 3658
3914 3658
3915 3658
3916 3526
3917 4873
3918 4873
3919 4873
3920 710
3921 711
3922 3652
3923 3652
3924 3526
3925 3661
3926 3649
3927 3652
3928 3649
3929 3652
3930 3526
3931 3526
3932 3526
3933 3526
3934 1894
3935 1894
3936 3657
3937 3657
3938 4741
3939 4741
3940 4741
3941 6283
3942 6282
3943 1895
3944 711
3945 3652
3946 3652
3947 3526
3948 4869
3949 3661
3950 6282
3951 3526
3952 3718
3953 3718
3954 3810
3955 3660
3956 3660
3957 3783
3958 3763
3959 3660
3960 3660
3961 3660
3962 3783
3963 3783
3964 3783
3965 3783
3966 3783
3967 3763
3968 3810
3969 3810
3970 3718
3971 3718
3972 6283
3973 6283
3974 6283
3975 6283
3976 6283
3977 6283
3978 6283
3979 6283
3980 6283
3981 6283
3982 6283
3983 6283
3984 3718
3985 3810
3986 3718
3987 3763
3988 6283
3989 6283
3990 6283
3991 6283
3992 6283
3993 6283
3994 6283
3995 6283
3996 6283
3997 6283
3998 6283
3999 6283
4000 6283
4001 6283
4002 6283
4003 6283
4004 6283
4005 6283
4006 6283
4007 6283
4008 6283
4009 6283
4010 6283
4011 6283
4012 6283
4013 6283
4014 6283
4015 6283
4016 6283
4017 6283
4018 6283
4019 6283
4020 6283
4021 6283
4022 6283
4023 6283
4024 6283
4025 6283
4026 6283
4027 6283
4028 6283
4029 6283
4030 6283
4031 6283
4032 6283
4033 6283
4034 6283
4035 6283
4036 6283
4037 6283
4038 6283
4039 6283
4040 6283
4041 6283
4042 6283
4043 6283
4044 6283
4045 4741
4046 6283
4047 4741
4048 6283
4049 4741
4050 3763
4051 3660
4052 3763
4053 3763
4054 3763
4055 3660
4056 3660
4057 4741
4058 1896
4059 1896
4060 1895
4061 1316
4062 3810
4063 4741
4064 3810
4065 6283
4066 6283
4067 6283
4068 6283
4069 6283
4070 6283
4071 6283
4072 1844
4073 1843
4074 1843
4075 1844
4076 778
4077 1380
4078 1672
4079 1672
4080 4638
4081 1662
4082 4572
4083 4572
4084 4575
4085 4575
4086 4610
4087 6595
4088 6595
4089 4610
4090 4575
4091 4575
4092 4575
4093 4575
4094 1415
4095 1507
4096 1415
4097 1415
4098 4590
4099 4609
4100 4610
4101 4590
4102 6789
4103 6789
4104 6789
4105 6789
4106 4593
4107 4642
4108 4643
4109 6832
4110 4572
4111 4572
4112 4572
4113 4572
4114 1385
4115 1385
4116 1671
4117 1671
4118 6827
4119 6828
4120 5904
4121 5917
4122 4641
4123 1671
4124 1384
4125 1386
4126 4572
4127 4572
4128 4572
4129 4572
4130 4642
4131 4642
4132 4640
4133 4640
4134 4642
4135 4642
4136 4573
4137 4573
4138 4572
4139 4572
4140 6600
4141 6600
4142 5917
4143 5900
4144 5917
4145 5917
4146 6788
4147 6793
4148 6793
4149 6788
4150 5902
4151 5900
4152 5917
4153 5917
4154 4575
4155 4575
4156 4610
4157 6595
4158 6578
4159 4610
4160 4572
4161 4575
4162 4575
4163 4575
4164 5904
4165 5917
4166 5903
4167 5903
4168 4641
4169 4641
4170 4641
4171 4641
4172 4609
4173 4609
4174 6595
4175 6595
4176 6600
4177 6793
4178 6600
4179 6576
4180 6794
4181 4575
4182 4575
4183 1662
4184 1662
4185 1672
4186 1672
4187 792
4188 792
4189 1844
4190 1843
4191 4572
4192 4572
4193 5902
4194 1419
4195 1419
4196 1419
4197 1419
4198 1507
4199 778
4200 1798
4201 1798
4202 4587
4203 4587
4204 4587
4205 4587
4206 4587
4207 4587
4208 6753
4209 6753
4210 4561
4211 4562
4212 4561
4213 4562
4214 2866
4215 2866
4216 1760
4217 2866
4218 1760
4219 1760
4220 703
4221 2866
4222 1760
4223 1419
4224 4640
4225 4642
4226 4561
4227 4640
4228 4640
4229 4561
4230 1844
4231 1843
4232 1844
4233 603
4234 603
4235 603
4236 603
4237 4584
4238 4584
4239 4584
4240 4587
4241 4587
4242 4587
4243 4587
4244 4587
4245 4587
4246 4587
4247 4561
4248 4561
4249 4561
4250 4562
4251 4561
4252 4561
4253 6758
4254 6800
4255 6734
4256 6734
4257 4575
4258 4575
4259 4572
4260 4640
4261 4587
4262 4587
4263 3154
4264 3154
4265 4640
4266 4640
4267 4640
4268 4640
4269 770
4270 778
4271 771
4272 4561
4273 4561
4274 4561
4275 4561
4276 793
4277 1385
4278 4640
4279 4640
4280 4561
4281 4640
4282 4607
4283 4563
4284 6753
4285 6753
4286 6753
4287 6753
4288 5904
4289 6753
4290 6753
4291 1873
4292 1863
4293 1873
4294 3009
4295 5786
4296 5771
4297 5596
4298 5786
4299 1863
4300 1863
4301 1241
4302 1239
4303 5786
4304 5786
4305 1873
4306 1843
4307 1844
4308 1843
4309 1843
4310 5630
4311 5786
4312 1240
4313 1240
4314 783
4315 711
4316 5904
4317 5924
4318 5556
4319 5449
4320 5449
4321 5644
4322 6190
4323 6190
4324 6192
4325 5453
4326 5909
4327 5928
4328 5928
4329 5928
4330 5928
4331 5928
4332 5900
4333 5384
4334 5643
4335 5384
4336 5384
4337 5384
4338 5643
4339 5695
4340 5384
4341 5900
4342 5786
4343 5786
4344 5899
4345 5898
4346 5898
4347 5896
4348 5780
4349 5780
4350 5780
4351 5780
4352 5831
4353 5831
4354 5771
4355 5771
4356 5470
4357 6179
4358 5390
4359 5384
4360 5384
4361 5384
4362 5646
4363 5384
4364 5714
4365 5455
4366 5714
4367 5531
4368 6155
4369 6155
4370 6155
4371 6155
4372 6753
4373 5928
4374 6753
4375 6753
4376 6753
4377 4602
4378 4602
4379 4562
4380 4562
4381 1760
4382 1760
4383 5482
4384 5470
4385 5709
4386 5481
4387 5391
4388 5384
4389 5384
4390 5384
4391 5390
4392 5390
4393 5390
4394 5688
4395 5532
4396 5570
4397 5481
4398 5780
4399 5771
4400 5456
4401 5630
4402 5899
4403 5898
4404 5900
4405 5901
4406 5900
4407 5924
4408 5924
4409 5924
4410 5929
4411 6789
4412 6789
4413 6828
4414 6794
4415 6789
4416 4575
4417 4575
4418 5596
4419 5711
4420 5711
4421 6165
4422 5712
4423 5786
4424 5900
4425 5786
4426 6832
4427 6828
4428 4610
4429 4610
4430 5643
4431 5390
4432 5415
4433 5390
4434 5390
4435 5570
4436 5386
4437 5390
4438 5386
4439 5390
4440 5392
4441 5415
4442 5415
4443 5390
4444 5415
4445 5415
4446 5390
4447 5390
4448 5384
4449 5688
4450 5484
4451 5386
4452 5386
4453 5481
4454 5483
4455 5392
4456 5392
4457 5390
4458 5390
4459 5390
4460 5392
4461 5415
4462 5415
4463 5415
4464 5415
4465 5415
4466 5415
4467 5415
4468 5415
4469 5415
4470 5415
4471 5415
4472 5055
4473 5415
4474 5392
4475 5415
4476 5415
4477 5415
4478 5415
4479 5392
4480 5390
4481 4802
4482 4802
4483 5057
4484 5057
4485 4802
4486 4801
4487 5057
4488 5057
4489 5057
4490 5057
4491 5057
4492 4801
4493 4802
4494 5057
4495 4802
4496 4802
4497 4802
4498 4802
4499 4802
4500 4802
4501 4802
4502 4801
4503 4802
4504 4802
4505 4802
4506 4802
4507 5057
4508 5057
4509 5057
4510 5057
4511 5057
4512 5057
4513 5057
4514 5057
4515 4802
4516 230
4517 5057
4518 4801
4519 5057
4520 5057
4521 5057
4522 5057
4523 5057
4524 5057
4525 5057
4526 5057
4527 5057
4528 5057
4529 4802
4530 4802
4531 4802
4532 4802
4533 4711
4534 4711
4535 4802
4536 4802
4537 4802
4538 4802
4539 4711
4540 4711
4541 4711
4542 4711
4543 4802
4544 4802
4545 4711
4546 4802
4547 4802
4548 4802
4549 4802
4550 4802
4551 4802
4552 4711
4553 4711
4554 4802
4555 4711
4556 4711
4557 4949
4558 4711
4559 4711
4560 4358
4561 4358
4562 4443
4563 4443
4564 4711
4565 4711
4566 4711
4567 4711
4568 4949
4569 4711
4570 4711
4571 4949
4572 4336
4573 4336
4574 4333
4575 4333
4576 4711
4577 4949
4578 4949
4579 4949
4580 4336
4581 4333
4582 4333
4583 4333
4584 4949
4585 4949
4586 4333
4587 4333
4588 4333
4589 4333
4590 4443
4591 4358
4592 4358
4593 4443
4594 4333
4595 4333
4596 4358
4597 4358
4598 4443
4599 4443
4600 4358
4601 4443
4602 4446
4603 4443
4604 4446
4605 4432
4606 4432
4607 4446
4608 4446
4609 4446
4610 4446
4611 4446
4612 4443
4613 4443
4614 4443
4615 4443
4616 4446
4617 4446
4618 4446
4619 4443
4620 4446
4621 4446
4622 4432
4623 5689
4624 5689
4625 5531
4626 5527
4627 5390
4628 5386
4629 5415
4630 5415
4631 5057
4632 5057
4633 4802
4634 4802
4635 4711
4636 4711
4637 4949
4638 4949
4639 4711
4640 4336
4641 4333
4642 4443
4643 4446
4644 4446
4645 5688
4646 5485
4647 5485
4648 5485
4649 5689
4650 5533
4651 5533
4652 5702
4653 5057
4654 5057
4655 5057
4656 5057
4657 230
4658 5057
4659 230
4660 4802
4661 4949
4662 4949
4663 4949
4664 4711
4665 4711
4666 4711
4667 4711
4668 4711
4669 4711
4670 5415
4671 5415
4672 5415
4673 5415
4674 6753
4675 6753
4676 6595
4677 6610
4678 6836
4679 6595
4680 6596
4681 4609
4682 4609
4683 4609
4684 4572
4685 4575
4686 6828
4687 6828
4688 6828
4689 5786
4690 5786
4691 5780
4692 5780
4693 5455
4694 6758
4695 6734
4696 2866
4697 703
4698 703
4699 703
4700 1289
4701 640
4702 1239
4703 1238
4704 5702
4705 5702
4706 5702
4707 5484
4708 5485
4709 5531
4710 5713
4711 5384
4712 5646
4713 5484
4714 793
4715 1794
4716 4640
4717 4640
4718 4584
4719 4587
4720 1844
4721 790
4722 1385
4723 1385
4724 778
4725 1286
4726 770
4727 771
4728 1418
4729 6140
4730 6140
4731 6753
4732 6753
4733 6753
4734 6760
4735 4587
4736 4561
4737 4590
4738 4591
4739 4591
4740 4590
4741 4561
4742 4561
4743 4561
4744 4561
4745 5672
4746 5645
4747 6805
4748 6832
4749 6818
4750 6831
4751 4642
4752 4642
4753 4642
4754 4587
4755 4641
4756 4641
4757 5530
4758 5719
4759 5630
4760 5702
4761 1896
4762 1896
4763 4640
4764 4561
4765 4561
4766 4640
4767 4640
4768 4641
4769 4561
4770 4561
4771 4575
4772 4575
4773 4575
4774 4575
4775 4575
4776 4575
4777 4575
4778 4575
4779 1415
4780 1507
4781 1507
4782 1507
4783 1238
4784 1238
4785 1289
4786 1863
4787 1843
4788 1896
4789 1844
4790 793
4791 1385
4792 1893
4793 1873
4794 1385
4795 792
4796 1384
4797 1385
4798 1384
4799 1896
4800 1895
4801 5643
4802 5643
4803 6789
4804 6828
4805 5929
4806 5929
4807 4791
4808 5901
4809 5904
4810 5929
4811 5929
4812 5899
4813 5899
4814 5499
4815 5719
4816 4572
4817 4572
4818 4572
4819 4572
4820 5924
4821 5917
4822 4572
4823 4572
4824 6816
4825 4590
4826 4591
4827 4591
4828 4590
4829 5702
4830 3154
4831 3154
4832 3154
4833 3154
4834 5531
4835 5713
4836 5470
4837 5527
4838 5386
4839 5570
4840 5390
4841 5390
4842 4711
4843 4711
4844 4333
4845 4336
4846 4443
4847 4446
4848 4432
4849 792
4850 793
4851 792
4852 1793
4853 4642
4854 4640
4855 4572
4856 4642
4857 4572
4858 4572
4859 4640
4860 1795
4861 1793
4862 1794
4863 4640
4864 1793
4865 1795
4866 1795
4867 1793
4868 1385
4869 1232
4870 4572
4871 4572
4872 4641
4873 4572
4874 4575
4875 4575
4876 4575
4877 4575
4878 1671
4879 4572
4880 4572
4881 4572
4882 4572
4883 4572
4884 4572
4885 4572
4886 4561
4887 4561
4888 4572
4889 4572
4890 4572
4891 4640
4892 4640
4893 6578
4894 4610
4895 4593
4896 4592
4897 4610
4898 4610
4899 6789
4900 1538
4901 4572
4902 4572
4903 4561
4904 4587
4905 4587
4906 4561
4907 4584
4908 4587
4909 4561
4910 4587
4911 3154
4912 4587
4913 3154
4914 3154
4915 4641
4916 4641
4917 4641
4918 1385
4919 5499
4920 5596
4921 5860
4922 5786
4923 5780
4924 5713
4925 5531
4926 6165
4927 5672
4928 5481
4929 5386
4930 5386
4931 5387
4932 5386
4933 5481
4934 5392
4935 5391
4936 5415
4937 4949
4938 4333
4939 4949
4940 4333
4941 4333
4942 4949
4943 4336
4944 4358
4945 4358
4946 4333
4947 4358
4948 5533
4949 5384
4950 5643
4951 5685
4952 5485
4953 5917
4954 5917
4955 6789
4956 6789
4957 6789
4958 5917
4959 6753
4960 6805
4961 6753
4962 6753
4963 6828
4964 6753
4965 6753
4966 6753
4967 6732
4968 6800
4969 5771
4970 5689
4971 5687
4972 5688
4973 5643
4974 4640
4975 4584
4976 4587
4977 4641
4978 4640
4979 4572
4980 4641
4981 4575
4982 4641
4983 5630
4984 5611
4985 5596
4986 5702
4987 5711
4988 5390
4989 5415
4990 5057
4991 5057
4992 5057
4993 4802
4994 4802
4995 4711
4996 4949
4997 4949
4998 4711
4999 4333
5000 4333
5001 4358
5002 4443
5003 4446
5004 5702
5005 5702
5006 1385
5007 4640
5008 4640
5009 4572
5010 4561
5011 4640
5012 4572
5013 4575
5014 4575
5015 5260
5016 5260
5017 4310
5018 4310
5019 4352
5020 4310
5021 4352
5022 4352
5023 4310
5024 4310
5025 4920
5026 4920
5027 4310
5028 4310
5029 5260
5030 5260
5031 5260
5032 5260
5033 5216
5034 5186
5035 5200
5036 5200
5037 5260
5038 5260
5039 5260
5040 5260
5041 5260
5042 5260
5043 5186
5044 5186
5045 6572
5046 6572
5047 4352
5048 4352
5049 5260
5050 5260
5051 4920
5052 4920
5053 4310
5054 4310
5055 4920
5056 4920
5057 4310
5058 4920
5059 4920
5060 4310
5061 4310
5062 5260
5063 5260
5064 5260
5065 5260
5066 5260
5067 5260
5068 5260
5069 5260
5070 5260
5071 5260
5072 5260
5073 5260
5074 5260
5075 5260
5076 6572
5077 6572
5078 5260
5079 5260
5080 5260
5081 5260
5082 5130
5083 677
5084 5216
5085 5216
5086 5215
5087 677
5088 677
5089 677
5090 5175
5091 5215
5092 5186
5093 5186
5094 5260
5095 5260
5096 5215
5097 5186
5098 6573
5099 5186
5100 786
5101 786
5102 846
5103 846
5104 786
5105 786
5106 786
5107 786
5108 785
5109 846
5110 846
5111 5130
5112 5137
5113 5137
5114 785
5115 785
5116 5130
5117 5130
5118 785
5119 5130
5120 5130
5121 5130
5122 5130
5123 846
5124 5130
5125 5130
5126 5137
5127 5137
5128 677
5129 677
5130 5215
5131 5215
5132 5200
5133 5130
5134 5130
5135 5215
5136 846
5137 846
5138 1793
5139 792
5140 793
5141 793
5142 793
5143 793
5144 792
5145 792
5146 786
5147 786
5148 792
5149 786
5150 846
5151 846
5152 5130
5153 786
5154 5260
5155 5260
5156 4310
5157 4310
5158 4920
5159 4310
5160 4352
5161 5260
5162 4920
5163 5200
5164 5216
5165 677
5166 677
5167 677
5168 5137
5169 5184
5170 5137
5171 5137
5172 677
5173 677
5174 677
5175 677
5176 786
5177 785
5178 846
5179 846
5180 846
5181 846
5182 677
5183 846
5184 938
5185 792
5186 846
5187 938
5188 846
5189 846
5190 5260
5191 5260
5192 5186
5193 5186
5194 5200
5195 4352
5196 4310
5197 5260
5198 5260
5199 5260
5200 677
5201 2917
5202 676
5203 793
5204 792
5205 5137
5206 4572
5207 5215
5208 677
5209 677
5210 4920
5211 5260
5212 5216
5213 5216
5214 677
5215 677
5216 830
5217 786
5218 786
5219 4920
5220 785
5221 5137
5222 703
5223 6576
5224 6788
5225 6794
5226 4572
5227 4572
5228 4641
5229 4641
5230 4590
5231 3718
5232 6283
5233 3718
5234 5899
5235 6283
5236 6283
5237 6283
5238 4741
5239 4741
5240 3685
5241 6283
5242 6283
5243 3783
5244 5928
5245 5928
5246 5928
5247 5928
5248 5928
5249 5904
5250 6156
5251 5901
5252 5904
5253 5901
5254 5904
5255 6156
5256 5848
5257 5900
5258 5786
5259 5794
5260 5786
5261 5786
5262 5771
5263 5786
5264 5786
5265 5780
5266 5786
5267 5780
5268 5786
5269 1733
5270 675
5271 1404
5272 1538
5273 1419
5274 1536
5275 1760
5276 1760
5277 1404
5278 3009
5279 675
5280 603
5281 603
5282 778
5283 1543
5284 780
5285 1380
5286 1418
5287 1418
5288 1418
5289 1418
5290 1385
5291 1385
5292 1385
5293 1385
5294 770
5295 4584
5296 4584
5297 4584
5298 3154
5299 4584
5300 4584
5301 3154
5302 3154
5303 4575
5304 4575
5305 4641
5306 1798
5307 3154
5308 4587
5309 4587
5310 1543
5311 792
5312 778
5313 786
5314 3154
5315 3154
5316 1502
5317 3154
5318 3154
5319 3154
5320 3154
5321 4641
5322 1385
5323 1384
5324 1384
5325 1385
5326 4641
5327 4641
5328 4641
5329 4587
5330 4641
5331 4575
5332 4572
5333 1733
5334 1672
5335 1385
5336 4587
5337 1798
5338 1798
5339 4587
5340 4587
5341 4587
5342 790
5343 3154
5344 3154
5345 770
5346 1502
5347 770
5348 1286
5349 3154
5350 3154
5351 1418
5352 770
5353 3154
5354 1672
5355 1662
5356 1662
5357 4641
5358 4638
5359 4575
5360 1662
5361 677
5362 4587
5363 4561
5364 4587
5365 4561
5366 4859
5367 4859
5368 3658
5369 3652
5370 677
5371 5137
5372 5260
5373 5260
5374 5260
5375 6572
5376 6572
5377 5186
5378 5260
5379 807
5380 815
5381 3136
5382 3136
5383 4473
5384 4473
5385 3136
5386 4473
5387 3136
5388 4473
5389 4452
5390 3136
5391 3136
5392 807
5393 3136
5394 3136
5395 807
5396 4473
5397 4473
5398 3136
5399 3136
5400 815
5401 815
5402 3136
5403 3136
5404 4473
5405 4473
5406 3136
5407 4920
5408 815
5409 815
5410 807
5411 815
5412 815
5413 807
5414 4920
5415 815
5416 815
5417 807
5418 815
5419 815
5420 3136
5421 815
5422 815
5423 3136
5424 3136
5425 6506
5426 6506
5427 6506
5428 815
5429 6506
5430 4473
5431 4473
5432 6551
5433 815
5434 815
5435 6506
5436 6506
5437 4920
5438 6506
5439 6506
5440 3092
5441 4920
5442 2079
5443 2254
5444 2079
5445 2774
5446 4940
5447 4939
5448 4940
5449 2254
5450 2075
5451 2076
5452 2075
5453 2772
5454 2772
5455 2271
5456 2075
5457 2271
5458 2285
5459 2254
5460 2075
5461 2075
5462 2076
5463 2075
5464 2254
5465 2254
5466 2254
5467 2013
5468 2013
5469 2254
5470 2076
5471 2076
5472 2075
5473 2774
5474 4669
5475 4483
5476 4483
5477 4669
5478 4665
5479 4483
5480 4524
5481 4535
5482 4669
5483 4669
5484 4668
5485 4940
5486 4524
5487 4551
5488 2444
5489 2444
5490 2444
5491 2444
5492 4483
5493 4483
5494 4483
5495 4524
5496 4669
5497 4669
5498 2444
5499 2444
5500 2444
5501 2444
5502 2772
5503 2075
5504 2381
5505 2137
5506 2271
5507 2381
5508 2075
5509 2285
5510 2076
5511 2772
5512 2285
5513 2075
5514 2075
5515 2285
5516 2381
5517 2381
5518 2381
5519 2381
5520 4523
5521 4523
5522 2079
5523 2239
5524 2075
5525 2075
5526 4535
5527 4483
5528 2444
5529 2444
5530 4668
5531 4940
5532 4665
5533 4483
5534 4524
5535 2271
5536 2076
5537 2254
5538 2254
5539 2013
5540 2013
5541 2254
5542 2239
5543 2239
5544 2075
5545 2075
5546 2076
5547 2254
5548 4483
5549 4524
5550 4523
5551 4937
5552 4669
5553 4669
5554 4937
5555 4940
5556 4667
5557 2254
5558 4483
5559 4523
5560 4523
5561 4523
5562 4523
5563 4656
5564 4656
5565 4656
5566 4656
5567 4656
5568 4656
5569 4524
5570 4656
5571 4524
5572 4656
5573 4656
5574 2254
5575 2079
5576 2076
5577 2285
5578 2381
5579 2381
5580 2271
5581 4667
5582 4667
5583 2381
5584 2453
5585 2453
5586 2371
5587 2371
5588 2381
5589 2381
5590 2497
5591 2371
5592 2381
5593 2381
5594 2381
5595 2381
5596 2049
5597 2075
5598 2772
5599 2137
5600 2381
5601 2381
5602 2381
5603 2271
5604 2013
5605 2013
5606 2444
5607 2444
5608 4656
5609 4656
5610 2285
5611 2285
5612 2254
5613 2381
5614 2381
5615 2381
5616 2381
5617 2444
5618 2439
5619 2444
5620 2444
5621 2381
5622 2381
5623 2371
5624 2371
5625 2381
5626 2371
5627 2444
5628 2443
5629 2389
5630 2389
5631 4937
5632 4937
5633 2254
5634 2076
5635 1999
5636 2268
5637 2013
5638 2381
5639 2381
5640 2381
5641 2254
5642 2397
5643 4483
5644 4483
5645 4669
5646 4551
5647 2453
5648 2453
5649 2381
5650 2381
5651 2381
5652 2381
5653 4937
5654 1999
5655 1999
5656 4669
5657 4669
5658 4551
5659 2381
5660 4937
5661 4668
5662 4551
5663 4483
5664 4483
5665 2441
5666 2444
5667 4523
5668 4656
5669 4656
5670 4523
5671 4668
5672 4668
5673 4940
5674 4940
5675 2271
5676 2444
5677 2444
5678 2444
5679 2444
5680 2444
5681 2444
5682 4940
5683 2381
5684 4668
5685 2254
5686 4940
5687 4669
5688 4669
5689 4524
5690 4483
5691 4656
5692 4940
5693 2444
5694 2444
5695 4524
5696 4656
5697 2239
5698 4940
5699 2020
5700 4937
5701 4937
5702 4656
5703 4452
5704 4452
5705 4473
5706 2444
5707 2372
5708 2372
5709 2254
5710 2285
5711 2285
5712 2285
5713 2254
5714 2254
5715 4667
5716 4667
5717 4937
5718 4937
5719 2381
5720 2381
5721 2381
5722 2389
5723 2381
5724 2372
5725 4669
5726 4937
5727 2076
5728 2774
5729 2772
5730 2381
5731 2381
5732 2381
5733 2444
5734 2444
5735 2381
5736 2772
5737 2381
5738 2381
5739 1999
5740 4523
5741 2444
5742 2444
5743 2444
5744 2444
5745 4669
5746 2026
5747 3092
5748 2254
5749 2079
5750 2381
5751 2271
5752 2381
5753 2381
5754 2381
5755 2372
5756 2444
5757 2444
5758 2444
5759 2444
5760 2444
5761 2444
5762 2444
5763 2444
5764 2444
5765 2444
5766 2444
5767 2444
5768 2444
5769 2444
5770 2444
5771 2444
5772 2444
5773 2444
5774 2444
5775 2444
5776 2444
5777 2444
5778 2444
5779 2444
5780 2444
5781 2444
5782 2444
5783 2444
5784 2444
5785 2444
5786 2444
5787 2444
5788 2444
5789 2444
5790 2444
5791 2444
5792 2444
5793 2444
5794 2444
5795 2444
5796 2444
5797 2444
5798 2444
5799 2444
5800 2444
5801 2444
5802 2444
5803 2444
5804 2444
5805 2444
5806 2444
5807 2444
5808 2444
5809 2444
5810 2444
5811 2444
5812 2444
5813 2444
5814 2444
5815 2444
5816 2444
5817 2444
5818 2444
5819 2444
5820 2444
5821 2444
5822 2444
5823 2444
5824 2444
5825 2444
5826 2444
5827 2444
5828 2444
5829 2444
5830 2371
5831 2371
5832 2371
5833 2371
5834 2444
5835 2444
5836 2444
5837 2444
5838 2444
5839 2444
5840 2372
5841 2371
5842 2371
5843 2444
5844 2444
5845 2497
5846 2389
5847 2444
5848 2444
5849 2444
5850 2444
5851 2444
5852 2444
5853 2444
5854 2444
5855 2444
5856 2444
5857 2444
5858 2444
5859 2444
5860 2444
5861 2389
5862 2444
5863 2444
5864 2444
5865 2444
5866 2444
5867 2444
5868 2444
5869 2444
5870 2444
5871 2444
5872 2444
5873 2444
5874 2444
5875 2444
5876 2444
5877 2444
5878 2444
5879 2444
5880 2444
5881 2444
5882 2444
5883 2444
5884 2444
5885 2444
5886 2444
5887 2444
5888 2444
5889 2444
5890 2444
5891 2444
5892 2444
5893 2444
5894 2444
5895 2444
5896 2444
5897 2444
5898 2444
5899 2444
5900 2444
5901 2444
5902 2444
5903 2444
5904 2444
5905 2444
5906 2444
5907 2444
5908 2444
5909 2444
5910 2444
5911 2444
5912 2444
5913 2444
5914 2444
5915 2444
5916 2444
5917 2444
5918 2444
5919 2444
5920 2444
5921 2444
5922 2444
5923 2444
5924 2444
5925 2444
5926 2444
5927 2444
5928 2444
5929 2444
5930 2444
5931 2444
5932 2444
5933 2444
5934 2444
5935 2444
5936 2444
5937 2444
5938 2444
5939 2438
5940 2399
5941 2440
5942 2389
5943 2371
5944 2444
5945 2444
5946 2441
5947 2453
5948 2444
5949 2444
5950 2371
5951 2371
5952 2371
5953 2453
5954 2399
5955 2497
5956 2400
5957 2444
5958 2439
5959 2443
5960 2399
5961 2443
5962 2444
5963 2444
5964 2444
5965 2444
5966 2443
5967 2444
5968 2444
5969 2444
5970 2444
5971 2497
5972 2371
5973 2444
5974 2444
5975 2444
5976 2444
5977 2444
5978 2444
5979 2444
5980 2444
5981 2444
5982 2444
5983 2444
5984 2444
5985 2444
5986 2444
5987 2444
5988 2444
5989 2444
5990 2444
5991 2444
5992 2444
5993 2444
5994 2444
5995 2444
5996 2444
5997 2444
5998 2444
5999 2444
6000 2444
6001 2444
6002 2444
6003 2444
6004 2444
6005 2444
6006 2444
6007 2444
6008 2444
6009 2444
6010 2444
6011 2444
6012 2444
6013 2444
6014 2444
6015 2444
6016 2444
6017 2444
6018 2444
6019 2444
6020 2444
6021 2444
6022 2444
6023 2444
6024 2444
6025 2444
6026 2444
6027 2444
6028 2444
6029 2444
6030 2444
6031 2444
6032 2444
6033 2444
6034 2444
6035 2444
6036 2444
6037 2444
6038 2444
6039 2444
6040 2444
6041 2371
6042 2373
6043 2367
6044 2389
6045 2389
6046 2373
6047 2357
6048 2389
6049 2389
6050 2373
6051 2389
6052 2497
6053 2482
6054 2381
6055 2381
6056 2772
6057 2772
6058 2381
6059 2381
6060 2357
6061 2389
6062 2400
6063 2400
6064 2389
6065 2389
6066 2137
6067 2271
6068 2381
6069 2381
6070 2381
6071 2400
6072 2400
6073 2381
6074 2381
6075 2482
6076 2166
6077 2400
6078 2400
6079 2389
6080 2357
6081 2389
6082 2389
6083 2357
6084 2389
6085 2362
6086 2453
6087 2399
6088 2453
6089 2381
6090 2453
6091 2453
6092 2389
6093 2357
6094 2399
6095 2399
6096 2439
6097 2440
6098 2443
6099 2440
6100 2439
6101 2441
6102 2441
6103 2453
6104 2443
6105 2443
6106 2444
6107 2444
6108 2444
6109 2444
6110 2444
6111 2444
6112 2444
6113 2444
6114 2444
6115 2444
6116 2444
6117 2444
6118 2444
6119 2444
6120 2443
6121 2438
6122 2444
6123 2444
6124 2444
6125 2444
6126 2444
6127 2444
6128 2444
6129 2444
6130 2440
6131 2443
6132 2444
6133 2444
6134 2444
6135 2444
6136 2444
6137 2444
6138 2444
6139 2444
6140 2444
6141 2444
6142 2439
6143 2441
6144 2439
6145 2438
6146 2439
6147 2439
6148 2438
6149 2438
6150 2444
6151 2444
6152 2444
6153 2444
6154 2444
6155 2444
6156 2444
6157 2444
6158 2772
6159 2075
6160 2775
6161 2775
6162 2775
6163 2075
6164 2075
6165 2075
6166 2775
6167 2075
6168 2075
6169 2772
6170 2772
6171 2772
6172 2775
6173 2775
6174 2772
6175 2772
6176 2772
6177 2137
6178 2055
6179 2056
6180 2056
6181 2056
6182 2056
6183 2271
6184 2056
6185 2056
6186 2056
6187 2056
6188 2056
6189 2056
6190 2058
6191 2058
6192 2058
6193 2271
6194 2137
6195 2056
6196 2056
6197 2058
6198 2055
6199 2056
6200 2058
6201 2271
6202 2056
6203 2772
6204 2772
6205 2056
6206 2058
6207 2058
6208 2056
6209 2056
6210 2058
6211 2056
6212 2056
6213 2058
6214 2058
6215 2775
6216 2772
6217 2772
6218 2271
6219 2772
6220 2137
6221 2056
6222 2055
6223 2056
6224 2056
6225 2056
6226 2058
6227 2058
6228 2058
6229 2056
6230 2058
6231 1999
6232 1999
6233 2075
6234 2239
6235 2254
6236 2239
6237 2075
6238 2772
6239 2254
6240 3526
6241 3526
6242 3525
6243 3649
6244 3526
6245 3526
6246 3526
6247 3526
6248 3526
6249 3526
6250 3526
6251 3526
6252 3526
6253 3649
6254 3649
6255 3525
6256 3526
6257 3649
6258 3649
6259 3526
6260 3526
6261 3526
6262 3526
6263 3526
6264 3526
6265 3526
6266 3526
6267 3526
6268 3526
6269 3526
6270 3526
6271 3649
6272 3649
6273 1672
6274 1662
6275 3526
6276 3649
6277 3525
6278 3525
6279 3649
6280 4572
6281 4572
6282 1385
6283 4640
6284 5924
6285 6753
6286 6801
6287 6758
6288 6753
6289 6828
6290 6828
6291 5917
6292 6789
6293 5917
6294 6753
6295 6753
6296 6753
6297 6753
6298 6758
6299 6760
6300 6817
6301 4643
6302 6724
6303 4606
6304 6724
6305 6734
6306 6789
6307 6827
6308 6828
6309 6827
6310 4561
6311 4561
6312 6832
6313 4572
6314 4572
6315 4572
6316 4572
6317 4572
6318 4573
6319 4591
6320 4591
6321 4591
6322 4591
6323 4591
6324 4591
6325 4591
6326 4572
6327 4592
6328 4590
6329 4591
6330 4591
6331 6610
6332 4593
6333 778
6334 5260
6335 807
6336 1238
6337 1289
6338 672
6339 672
6340 703
6341 703
6342 6828
6343 703
6344 703
6345 703
6346 672
6347 771
6348 770
6349 770
6350 780
6351 778
6352 790
6353 778
6354 4561
6355 4561
6356 4561
6357 4561
6358 4561
6359 4561
6360 4561
6361 4587
6362 4587
6363 4587
6364 4587
6365 4587
6366 4561
6367 4561
6368 5928
6369 5928
6370 5928
6371 5928
6372 5928
6373 6752
6374 5904
6375 5901
6376 5928
6377 5928
6378 5902
6379 5786
6380 5786
6381 5786
6382 5786
6383 5786
6384 5786
6385 5786
6386 5786
6387 6753
6388 5928
6389 5928
6390 1419
6391 4584
6392 4584
6393 1419
6394 4584
6395 4584
6396 3154
6397 3154
6398 3154
6399 3154
6400 3154
6401 3154
6402 3154
6403 3154
6404 3154
6405 3154
6406 3154
6407 1418
6408 1419
6409 1760
6410 1760
6411 4572
6412 4572
6413 4640
6414 4640
6415 4561
6416 4561
6417 4587
6418 4587
6419 4587
6420 4587
6421 4584
6422 4584
6423 3154
6424 3154
6425 1419
6426 1419
6427 1760
6428 1760
6429 1419
6430 1419
6431 3009
6432 3009
6433 4587
6434 4561
6435 4561
6436 4561
6437 3154
6438 3154
6439 3154
6440 3154
6441 3154
6442 3154
6443 4561
6444 3154
6445 4587
6446 3154
6447 3154
6448 3154
6449 3154
6450 3154
6451 3154
6452 3154
6453 3154
6454 3154
6455 3154
6456 1419
6457 1419
6458 3154
6459 3154
6460 3154
6461 3154
6462 770
6463 1418
6464 1418
6465 1760
6466 1760
6467 1662
6468 1384
6469 1384
6470 1385
6471 5130
6472 6760
6473 6760
6474 6753
6475 4587
6476 1419
6477 4590
6478 4590
6479 4591
6480 4591
6481 4590
6482 4590
6483 4591
6484 4591
6485 4590
6486 4591
6487 4610
6488 4610
6489 4610
6490 4610
6491 4610
6492 4277
6493 4850
6494 3661
6495 3661
6496 1844
6497 1843
6498 4590
6499 4572
6500 4575
6501 4575
6502 1415
6503 4572
6504 5673
6505 5644
6506 5540
6507 5551
6508 5786
6509 5785
6510 6155
6511 5614
6512 5449
6513 6155
6514 6155
6515 5614
6516 5540
6517 5641
6518 5540
6519 5545
6520 5667
6521 5928
6522 5928
6523 5928
6524 5904
6525 5928
6526 6081
6527 6081
6528 6155
6529 6155
6530 6155
6531 6155
6532 6155
6533 5904
6534 6155
6535 5928
6536 5921
6537 5928
6538 6155
6539 6155
6540 6155
6541 6140
6542 5928
6543 5928
6544 5928
6545 6753
6546 5415
6547 5689
6548 5702
6549 5684
6550 5685
6551 5641
6552 5714
6553 5531
6554 5688
6555 5684
6556 5689
6557 5614
6558 6155
6559 6155
6560 6155
6561 6140
6562 5455
6563 5455
6564 5455
6565 5455
6566 5786
6567 5786
6568 5786
6569 5786
6570 5786
6571 5786
6572 5780
6573 5786
6574 4432
6575 4432
6576 4432
6577 4432
6578 4432
6579 4432
6580 4432
6581 4432
6582 4432
6583 4432
6584 4432
6585 4432
6586 4432
6587 4432
6588 4432
6589 4432
6590 6546
6591 4432
6592 4432
6593 6546
6594 4432
6595 4432
6596 4432
6597 4432
6598 6546
6599 6546
6600 6546
6601 6546
6602 6546
6603 6546
6604 6546
6605 4432
6606 6546
6607 6546
6608 6546
6609 6546
6610 6546
6611 3218
6612 3218
6613 3235
6614 3235
6615 3294
6616 3294
6617 3294
6618 3294
6619 3235
6620 3235
6621 3235
6622 3235
6623 3336
6624 3336
6625 3336
6626 3336
6627 3235
6628 3235
6629 3235
6630 3235
6631 3336
6632 3294
6633 3336
6634 1076
6635 3336
6636 3336
6637 1076
6638 1077
6639 3294
6640 3336
6641 3294
6642 3294
6643 3235
6644 3235
6645 3235
6646 3235
6647 3235
6648 3294
6649 3294
6650 3294
6651 3235
6652 3294
6653 3235
6654 3235
6655 3235
6656 3235
6657 3235
6658 3235
6659 3235
6660 3235
6661 3235
6662 3235
6663 3235
6664 3218
6665 3235
6666 3218
6667 3336
6668 3235
6669 3235
6670 3336
6671 3235
6672 3235
6673 3235
6674 3235
6675 3235
6676 3235
6677 3235
6678 3294
6679 1103
6680 1103
6681 1076
6682 1076
6683 1076
6684 1076
6685 3336
6686 3336
6687 1076
6688 1076
6689 1076
6690 1103
6691 1098
6692 1103
6693 3294
6694 1098
6695 3294
6696 1103
6697 1098
6698 3336
6699 3235
6700 3235
6701 3294
6702 3235
6703 1076
6704 1074
6705 3218
6706 3218
6707 3294
6708 3235
6709 3235
6710 1076
6711 1074
6712 3235
6713 1103
6714 3336
6715 3473
6716 1175
6717 3336
6718 1175
6719 4432
6720 6546
6721 4432
6722 6546
6723 6546
6724 6546
6725 6546
6726 6546
6727 6546
6728 6546
6729 6546
6730 6546
6731 6546
6732 4516
6733 4462
6734 4516
6735 4516
6736 3474
6737 1047
6738 1047
6739 3474
6740 1047
6741 1047
6742 1019
6743 1047
6744 1019
6745 1047
6746 1019
6747 1047
6748 1019
6749 1047
6750 1178
6751 1047
6752 3474
6753 1047
6754 3474
6755 1047
6756 1047
6757 1047
6758 1047
6759 1047
6760 1047
6761 1047
6762 1047
6763 1047
6764 1020
6765 1171
6766 1171
6767 1020
6768 1020
6769 1020
6770 1185
6771 1171
6772 1171
6773 1174
6774 1171
6775 1185
6776 1145
6777 1174
6778 1185
6779 1143
6780 4516
6781 4516
6782 1185
6783 1185
6784 1143
6785 1143
6786 1143
6787 1185
6788 1143
6789 1185
6790 4516
6791 4516
6792 4516
6793 4516
6794 4516
6795 1185
6796 1174
6797 1019
6798 1019
6799 1185
6800 1185
6801 1185
6802 1171
6803 1020
6804 1171
6805 1174
6806 1019
6807 1020
6808 1171
6809 1174
6810 1185
6811 1174
6812 1185
6813 1185
6814 1174
6815 4516
6816 4516
6817 1143
6818 1185
6819 1019
6820 1171
6821 1171
6822 1174
6823 1174
6824 1145
6825 1145
6826 1145
6827 1145
6828 1174
6829 1174
6830 1171
6831 1174
6832 6546
6833 6546
6834 6546
6835 6546
6836 6546
6837 1019
6838 1019
6839 1019
6840 1019
6841 1020
6842 1020
6843 1020
6844 1020
6845 1171
6846 1171
6847 1171
6848 1171
6849 1171
6850 1171
6851 1171
6852 1171
6853 1174
6854 1174
6855 1171
6856 1171
6857 1174
6858 1174
6859 1174
6860 1174
6861 1174
6862 1174
6863 1174
6864 1174
6865 1174
6866 1174
6867 1174
6868 1174
6869 6546
6870 4711
6871 4711
6872 4711
6873 5685
6874 5924
6875 5917
6876 5924
6877 5686
6878 6828
6879 4591
6880 3810
6881 4741
6882 6283
6883 6283
6884 6283
6885 6283
6886 6283
6887 6283
6888 4741
6889 4741
