0 115
1 16
2 70
3 68
4 49
5 11
6 18
7 70
8 16
9 2643
10 14
11 70
12 70
13 1
14 22
15 842
16 842
17 842
18 100
19 22
20 81
21 138
22 838
23 41
24 74
25 34
26 16
27 157
28 186
29 16
30 29
31 880
32 266
33 129
34 1518
35 842
36 138
37 18
38 94
39 113
40 2646
41 4118
42 141
43 44
44 25
45 67
46 144
47 844
48 87
49 22
50 100
51 196
52 41
53 130
54 84
55 1666
56 11
57 850
58 265
59 265
60 1666
61 49
62 18
63 49
64 12
65 44
66 144
67 94
68 15
69 72
70 1
71 18
72 6
73 92
74 135
75 184
76 190
77 157
78 135
79 190
80 1368
81 86
82 3367
83 4118
84 32
85 27
86 74
87 4119
88 130
89 844
90 35
91 35
92 36
93 36
94 54
95 120
96 144
97 16
98 49
99 12
100 21
101 109
102 2646
103 2625
104 55
105 2566
106 18
107 18
108 2615
109 18
110 116
111 30
112 265
113 69
114 59
115 11
116 18
117 12
118 12
119 44
120 70
121 18
122 38
123 841
124 42
125 2624
126 4286
127 135
128 27
129 107
130 147
131 1826
132 2608
133 265
134 1521
135 67
136 838
137 74
138 12
139 1834
140 138
141 2566
142 16
143 265
144 508
145 108
146 18
147 11
148 18
149 49
150 70
151 47
152 12
153 128
154 68
155 64
156 157
157 184
158 184
159 184
160 196
161 178
162 176
163 186
164 79
165 1365
166 196
167 157
168 184
169 181
170 73
171 32
172 135
173 27
174 1365
175 1365
176 186
177 181
178 181
179 176
180 178
181 73
182 74
183 73
184 1365
185 79
186 79
187 186
188 176
189 176
190 79
191 1365
192 843
193 78
194 186
195 186
196 186
197 181
198 181
199 196
200 181
201 181
202 196
203 184
204 78
205 47
206 79
207 1365
208 1519
209 252
210 2295
211 252
212 572
213 2488
214 2350
215 784
216 1406
217 2490
218 2489
219 1569
220 2266
221 207
222 2479
223 645
224 1569
225 2484
226 455
227 218
228 2353
229 2353
230 2295
231 2479
232 2508
233 1578
234 2394
235 207
236 217
237 2407
238 1591
239 2490
240 2350
241 936
242 886
243 252
244 2485
245 1585
246 1646
247 556
248 2353
249 2353
250 2351
251 1539
252 1604
253 1539
254 1484
255 1460
256 2490
257 223
258 1553
259 1675
260 864
261 206
262 1519
263 877
264 4675
265 289
266 633
267 853
268 2356
269 2224
270 2225
271 218
272 456
273 1551
274 1806
275 523
276 281
277 2225
278 284
279 283
280 2307
281 4258
282 2223
283 1588
284 1732
285 643
286 290
287 600
288 1709
289 2225
290 1717
291 1707
292 671
293 636
294 1817
295 456
296 433
297 1576
298 2494
299 1648
300 1652
301 2408
302 1706
303 1705
304 1707
305 583
306 1550
307 595
308 1573
309 281
310 1709
311 1734
312 2322
313 1719
314 418
315 405
316 2227
317 602
318 2240
319 1721
320 2359
321 1705
322 596
323 2364
324 602
325 610
326 610
327 610
328 352
329 675
330 2334
331 407
332 1753
333 1758
334 1758
335 376
336 376
337 1752
338 1735
339 1741
340 334
341 610
342 406
343 371
344 612
345 1764
346 2368
347 2368
348 371
349 1752
350 1758
351 426
352 1750
353 1745
354 1751
355 1747
356 2366
357 3184
358 3185
359 1782
360 1770
361 4195
362 1780
363 1780
364 3050
365 1770
366 3052
367 4229
368 3185
369 4189
370 3122
371 4223
372 4198
373 4236
374 3129
375 4831
376 4831
377 4222
378 4765
379 4234
380 3133
381 3133
382 3133
383 4457
384 4296
385 4300
386 4462
387 3131
388 4843
389 4457
390 4467
391 4457
392 4457
393 4467
394 4296
395 2317
396 4776
397 596
398 353
399 346
400 406
401 1755
402 1735
403 1735
404 4207
405 4195
406 3127
407 4765
408 4300
409 4300
410 467
411 467
412 1764
413 612
414 612
415 424
416 371
417 371
418 1747
419 376
420 1770
421 374
422 3184
423 2882
424 4195
425 4189
426 3122
427 1780
428 2885
429 4196
430 676
431 1428
432 2490
433 2499
434 2499
435 1599
436 1654
437 1654
438 515
439 2469
440 2415
441 2401
442 866
443 2308
444 283
445 648
446 479
447 1577
448 495
449 4737
450 478
451 3025
452 2285
453 585
454 2494
455 2493
456 4277
457 2298
458 1593
459 735
460 318
461 451
462 1809
463 223
464 1573
465 2488
466 2489
467 936
468 1585
469 1591
470 520
471 448
472 442
473 470
474 469
475 405
476 294
477 1703
478 1713
479 4240
480 1785
481 1518
482 936
483 1539
484 1558
485 2353
486 1632
487 2353
488 1591
489 2460
490 1524
491 206
492 1607
493 1580
494 2407
495 1518
496 776
497 784
498 1604
499 274
500 1428
501 1764
502 2392
503 515
504 2526
505 515
506 2269
507 225
508 225
509 968
510 1534
511 2468
512 2468
513 2468
514 2468
515 2350
516 1452
517 1452
518 4738
519 1785
520 4159
521 3098
522 3098
523 1704
524 305
525 474
526 476
527 320
528 475
529 447
530 629
531 1714
532 2358
533 346
534 418
535 406
536 1755
537 407
538 374
539 3184
540 3184
541 3185
542 4190
543 2900
544 3124
545 4465
546 1484
547 714
548 714
549 719
550 976
551 756
552 776
553 1468
554 887
555 879
556 814
557 787
558 1407
559 2310
560 2351
561 1633
562 1633
563 2490
564 2479
565 2479
566 1531
567 1606
568 2491
569 2489
570 1623
571 2351
572 968
573 263
574 1786
575 223
576 637
577 637
578 866
579 478
580 283
581 2330
582 1619
583 1722
584 1698
585 4823
586 583
587 1550
588 598
589 1734
590 602
591 331
592 678
593 678
594 1755
595 423
596 423
597 352
598 677
599 371
600 375
601 681
602 4195
603 4233
604 2919
605 2919
606 4223
607 2919
608 2890
609 2889
610 4765
611 4467
612 4765
613 3133
614 3130
615 4467
616 4459
617 4300
618 4471
619 4470
620 590
621 4776
622 4766
623 3193
624 4264
625 2242
626 1783
627 413
628 1794
629 472
630 612
631 679
632 405
633 371
634 1708
635 1526
636 577
637 208
638 1550
639 457
640 276
641 585
642 585
643 289
644 2224
645 274
646 585
647 1558
648 886
649 886
650 2492
651 724
652 1619
653 787
654 776
655 1623
656 2269
657 1675
658 4790
659 285
660 587
661 346
662 406
663 425
664 1755
665 407
666 681
667 681
668 4830
669 4789
670 3126
671 3096
672 1703
673 2316
674 2314
675 3025
676 206
677 2353
678 589
679 1468
680 2351
681 698
682 585
683 477
684 477
685 976
686 581
687 581
688 669
689 887
690 1356
691 1328
692 450
693 2283
694 1018
695 1062
696 1062
697 1043
698 1328
699 450
700 1018
701 1015
702 1016
703 1360
704 1027
705 1113
706 986
707 1113
708 1113
709 1497
710 1026
711 1512
712 1512
713 1515
714 708
715 1499
716 1500
717 1500
718 1491
719 1489
720 1499
721 1499
722 1499
723 1477
724 450
725 1050
726 1049
727 993
728 1113
729 1505
730 991
731 1504
732 1502
733 1491
734 1489
735 1491
736 1043
737 1517
738 1328
739 1328
740 1018
741 1003
742 1513
743 1491
744 1513
745 1049
746 1328
747 1328
748 1477
749 718
750 1360
751 1489
752 1513
753 1504
754 1502
755 776
756 1050
757 653
758 1489
759 1513
760 992
761 993
762 996
763 1514
764 1113
765 2489
766 1563
767 2490
768 2351
769 2353
770 724
771 1479
772 2499
773 2353
774 886
775 1502
776 1094
777 783
778 2490
779 176
780 176
781 1518
782 196
783 74
784 838
785 138
786 138
787 225
788 1818
789 176
790 1365
791 176
792 157
793 190
794 1519
795 1607
796 1581
797 441
798 184
799 181
800 176
801 135
802 1365
803 157
804 190
805 186
806 4977
807 865
808 264
809 263
810 1677
811 1679
812 2239
813 1823
814 2520
815 266
816 880
817 42
818 2566
819 2536
820 1604
821 1570
822 579
823 579
824 1652
825 1633
826 1406
827 968
828 968
829 968
830 2343
831 2353
832 589
833 2353
834 589
835 2353
836 484
837 1537
838 2353
839 2353
840 2353
841 2353
842 1591
843 1591
844 1591
845 1632
846 886
847 2353
848 936
849 1632
850 1591
851 560
852 560
853 879
854 887
855 455
856 879
857 1534
858 211
859 560
860 933
861 885
862 589
863 556
864 2353
865 933
866 2353
867 2353
868 2353
869 2353
870 560
871 669
872 968
873 934
874 1406
875 560
876 1532
877 2483
878 455
879 455
880 455
881 2407
882 887
883 1534
884 1406
885 1591
886 1591
887 1586
888 1558
889 2351
890 724
891 708
892 1502
893 1500
894 1484
895 1491
896 992
897 15
898 14
899 1513
900 1513
901 1505
902 1062
903 1018
904 986
905 1018
906 1027
907 1027
908 1027
909 986
910 1026
911 1039
912 1033
913 1039
914 1711
915 2248
916 1358
917 1358
918 1358
919 1701
920 1039
921 291
922 1072
923 1358
924 1039
925 1701
926 1358
927 1049
928 309
929 273
930 1701
931 273
932 1021
933 1082
934 1073
935 338
936 338
937 1102
938 1346
939 1021
940 1116
941 506
942 339
943 1099
944 328
945 1294
946 1100
947 1338
948 639
949 1082
950 329
951 1346
952 326
953 1712
954 1035
955 1297
956 328
957 1013
958 1029
959 358
960 338
961 349
962 339
963 639
964 1029
965 1142
966 343
967 422
968 349
969 506
970 506
971 1326
972 338
973 506
974 339
975 358
976 639
977 343
978 1251
979 343
980 349
981 1150
982 1251
983 1246
984 1346
985 1006
986 1099
987 1006
988 1099
989 1074
990 1035
991 1100
992 1711
993 326
994 1100
995 1100
996 1162
997 1293
998 328
999 1105
1000 1105
1001 1051
1002 1346
1003 1346
1004 1140
1005 358
1006 365
1007 1712
1008 1075
1009 1137
1010 1251
1011 358
1012 339
1013 1144
1014 1109
1015 1142
1016 1029
1017 1116
1018 1105
1019 1100
1020 1091
1021 2248
1022 326
1023 1099
1024 349
1025 1104
1026 1314
1027 1145
1028 1137
1029 1144
1030 1099
1031 1091
1032 338
1033 358
1034 1314
1035 273
1036 326
1037 1100
1038 1120
1039 1115
1040 1122
1041 1118
1042 1118
1043 1120
1044 1118
1045 1118
1046 1118
1047 1122
1048 1118
1049 1120
1050 1088
1051 1122
1052 1118
1053 1118
1054 1118
1055 1118
1056 1118
1057 1012
1058 1075
1059 1261
1060 1140
1061 1261
1062 1261
1063 1013
1064 1029
1065 1251
1066 1116
1067 1162
1068 1137
1069 1142
1070 1116
1071 1144
1072 1118
1073 1116
1074 1162
1075 1119
1076 1251
1077 1092
1078 1013
1079 1125
1080 1119
1081 1088
1082 1118
1083 1061
1084 1125
1085 1135
1086 1162
1087 1142
1088 1155
1089 1118
1090 1118
1091 1122
1092 1122
1093 1122
1094 1122
1095 1122
1096 1122
1097 1122
1098 1122
1099 1122
1100 1122
1101 1122
1102 1122
1103 1122
1104 1118
1105 1122
1106 1122
1107 1122
1108 1122
1109 1122
1110 1122
1111 1122
1112 1122
1113 1122
1114 1145
1115 1142
1116 1140
1117 1051
1118 1251
1119 1078
1120 1061
1121 1140
1122 1140
1123 1142
1124 1145
1125 1029
1126 358
1127 639
1128 1188
1129 1142
1130 1137
1131 1013
1132 1109
1133 1116
1134 1116
1135 1155
1136 1012
1137 1137
1138 1013
1139 1061
1140 1162
1141 1088
1142 1061
1143 1162
1144 1265
1145 1088
1146 1251
1147 1115
1148 1120
1149 1115
1150 1122
1151 1122
1152 1122
1153 1118
1154 1122
1155 1122
1156 1122
1157 1122
1158 1122
1159 1122
1160 1118
1161 1115
1162 1122
1163 1122
1164 1122
1165 1122
1166 1122
1167 1145
1168 1012
1169 1012
1170 1142
1171 1261
1172 1078
1173 1315
1174 1013
1175 1137
1176 1075
1177 1185
1178 1136
1179 1136
1180 1138
1181 1138
1182 1075
1183 1105
1184 1013
1185 1138
1186 1075
1187 1075
1188 358
1189 1138
1190 1314
1191 1142
1192 1142
1193 1038
1194 1116
1195 1189
1196 1116
1197 1251
1198 1189
1199 1251
1200 1189
1201 1140
1202 1140
1203 1189
1204 1189
1205 1061
1206 1092
1207 1189
1208 1304
1209 1090
1210 1105
1211 1136
1212 1104
1213 1317
1214 1301
1215 1301
1216 1301
1217 1295
1218 1293
1219 1037
1220 1295
1221 1317
1222 1317
1223 1311
1224 1305
1225 1305
1226 1319
1227 1319
1228 1311
1229 1305
1230 1311
1231 1305
1232 1323
1233 1305
1234 1305
1235 1301
1236 1308
1237 1308
1238 1308
1239 1311
1240 1305
1241 1323
1242 1306
1243 1305
1244 1075
1245 1145
1246 1319
1247 358
1248 339
1249 506
1250 338
1251 338
1252 339
1253 639
1254 1105
1255 1104
1256 358
1257 338
1258 349
1259 1346
1260 1102
1261 1073
1262 339
1263 1054
1264 1074
1265 1048
1266 1074
1267 1297
1268 349
1269 1346
1270 1021
1271 1091
1272 1091
1273 639
1274 1021
1275 1346
1276 1100
1277 328
1278 1074
1279 1295
1280 18
1281 239
1282 27
1283 186
1284 79
1285 92
1286 976
1287 814
1288 976
1289 976
1290 814
1291 718
1292 714
1293 714
1294 1465
1295 1479
1296 784
1297 814
1298 1480
1299 718
1300 718
1301 756
1302 724
1303 703
1304 703
1305 1619
1306 1539
1307 1539
1308 814
1309 1539
1310 1539
1311 814
1312 976
1313 2351
1314 703
1315 1539
1316 225
1317 1572
1318 457
1319 1576
1320 646
1321 208
1322 2437
1323 577
1324 2516
1325 208
1326 578
1327 2457
1328 208
1329 1544
1330 2488
1331 829
1332 1653
1333 219
1334 2455
1335 1577
1336 308
1337 578
1338 577
1339 1578
1340 2350
1341 2483
1342 2492
1343 1633
1344 236
1345 2295
1346 1434
1347 1433
1348 2295
1349 2295
1350 1097
1351 1002
1352 1113
1353 1062
1354 1026
1355 1097
1356 1027
1357 1514
1358 1514
1359 1514
1360 1113
1361 1513
1362 1018
1363 1043
1364 1016
1365 1043
1366 1016
1367 1328
1368 1360
1369 1016
1370 1018
1371 1062
1372 1016
1373 1043
1374 1043
1375 1043
1376 1356
1377 450
1378 1328
1379 1050
1380 1328
1381 450
1382 1328
1383 450
1384 1049
1385 653
1386 450
1387 1358
1388 1049
1389 273
1390 1358
1391 1072
1392 1049
1393 1358
1394 309
1395 1358
1396 291
1397 1358
1398 291
1399 1039
1400 1072
1401 1358
1402 1701
1403 326
1404 1039
1405 1033
1406 1039
1407 1072
1408 1039
1409 1039
1410 252
1411 252
1412 252
1413 1578
1414 1573
1415 1544
1416 881
1417 208
1418 308
1419 515
1420 1573
1421 2489
1422 2489
1423 2488
1424 207
1425 207
1426 1653
1427 2408
1428 876
1429 1406
1430 968
1431 1619
1432 814
1433 814
1434 814
1435 1558
1436 1537
1437 485
1438 2485
1439 881
1440 881
1441 829
1442 241
1443 1544
1444 1571
1445 241
1446 1526
1447 234
1448 2399
1449 1550
1450 2519
1451 1550
1452 297
1453 1553
1454 1822
1455 814
1456 1593
1457 964
1458 968
1459 1591
1460 936
1461 936
1462 1632
1463 1632
1464 1591
1465 1633
1466 1633
1467 236
1468 1578
1469 2490
1470 1567
1471 2489
1472 2499
1473 2491
1474 1569
1475 2350
1476 1531
1477 1622
1478 1619
1479 1468
1480 560
1481 1619
1482 1634
1483 552
1484 964
1485 2295
1486 2295
1487 1386
1488 2460
1489 667
1490 1406
1491 964
1492 667
1493 667
1494 667
1495 1532
1496 2410
1497 1524
1498 1512
1499 1513
1500 1511
1501 1517
1502 991
1503 1497
1504 1505
1505 1497
1506 1513
1507 1067
1508 1505
1509 1512
1510 1113
1511 1513
1512 993
1513 993
1514 1505
1515 236
1516 515
1517 1429
1518 2519
1519 453
1520 308
1521 1634
1522 2350
1523 236
1524 1633
1525 1569
1526 2351
1527 581
1528 581
1529 589
1530 2353
1531 2353
1532 581
1533 581
1534 2351
1535 936
1536 269
1537 228
1538 2591
1539 1578
1540 1580
1541 3004
1542 1434
1543 1608
1544 288
1545 1433
1546 288
1547 2468
1548 288
1549 2309
1550 1686
1551 270
1552 1690
1553 2261
1554 1687
1555 861
1556 1683
1557 278
1558 4265
1559 296
1560 1807
1561 1798
1562 700
1563 701
1564 2397
1565 2527
1566 1807
1567 1693
1568 2270
1569 1715
1570 532
1571 404
1572 346
1573 642
1574 324
1575 1706
1576 1695
1577 2233
1578 323
1579 323
1580 2357
1581 1726
1582 473
1583 311
1584 603
1585 322
1586 312
1587 1719
1588 1716
1589 401
1590 673
1591 1719
1592 598
1593 1721
1594 324
1595 1733
1596 345
1597 643
1598 609
1599 2323
1600 608
1601 312
1602 2333
1603 4194
1604 4230
1605 2919
1606 2920
1607 4228
1608 3127
1609 3118
1610 4194
1611 3127
1612 3127
1613 2890
1614 2919
1615 4227
1616 2889
1617 2919
1618 4223
1619 4803
1620 2919
1621 4199
1622 4803
1623 2885
1624 3185
1625 3050
1626 4189
1627 4195
1628 4189
1629 2882
1630 3123
1631 4189
1632 3050
1633 2882
1634 3185
1635 4468
1636 3053
1637 2900
1638 4765
1639 4229
1640 2889
1641 4229
1642 2893
1643 4220
1644 3131
1645 2889
1646 2900
1647 2889
1648 2900
1649 3133
1650 2921
1651 2897
1652 2894
1653 1793
1654 671
1655 4790
1656 1787
1657 443
1658 2307
1659 2330
1660 1787
1661 1787
1662 2287
1663 1793
1664 2312
1665 285
1666 587
1667 2312
1668 1786
1669 1689
1670 4883
1671 470
1672 470
1673 1801
1674 2532
1675 4265
1676 523
1677 524
1678 2951
1679 1550
1680 1809
1681 2399
1682 863
1683 275
1684 863
1685 578
1686 817
1687 1576
1688 516
1689 1526
1690 1430
1691 646
1692 595
1693 2270
1694 595
1695 457
1696 1576
1697 235
1698 2520
1699 2355
1700 863
1701 1677
1702 863
1703 863
1704 1679
1705 2409
1706 1551
1707 1551
1708 861
1709 18
1710 42
1711 12
1712 2645
1713 2544
1714 109
1715 109
1716 109
1717 2588
1718 519
1719 2217
1720 2217
1721 4316
1722 4301
1723 4841
1724 4305
1725 4322
1726 4841
1727 4297
1728 4839
1729 4484
1730 4458
1731 4312
1732 4317
1733 4310
1734 4845
1735 4845
1736 4842
1737 4308
1738 4664
1739 4309
1740 4672
1741 4840
1742 4855
1743 4845
1744 4324
1745 4324
1746 4433
1747 4324
1748 4324
1749 4324
1750 4324
1751 4324
1752 4324
1753 4324
1754 4324
1755 4324
1756 4324
1757 4324
1758 4324
1759 4324
1760 4324
1761 4324
1762 4324
1763 4324
1764 4324
1765 4324
1766 4374
1767 4362
1768 4362
1769 4374
1770 4374
1771 4360
1772 4659
1773 4659
1774 4433
1775 4324
1776 4324
1777 4324
1778 4324
1779 4384
1780 4449
1781 4324
1782 4399
1783 4324
1784 4324
1785 4324
1786 4324
1787 4324
1788 4324
1789 4324
1790 4390
1791 4324
1792 4324
1793 4324
1794 4324
1795 4324
1796 4324
1797 4324
1798 4324
1799 4327
1800 4324
1801 4324
1802 4324
1803 4324
1804 4329
1805 4324
1806 4374
1807 4324
1808 4374
1809 4374
1810 4412
1811 4359
1812 4414
1813 4660
1814 4374
1815 4359
1816 4361
1817 4434
1818 4433
1819 4660
1820 4497
1821 4497
1822 4433
1823 4433
1824 4661
1825 4324
1826 4324
1827 4433
1828 4324
1829 4324
1830 4324
1831 4324
1832 4324
1833 4324
1834 4324
1835 4324
1836 4324
1837 4324
1838 4374
1839 4326
1840 4434
1841 4628
1842 4659
1843 4324
1844 4324
1845 4386
1846 4324
1847 4324
1848 4324
1849 4324
1850 4324
1851 4324
1852 4324
1853 4324
1854 4324
1855 4324
1856 4324
1857 4324
1858 4326
1859 4374
1860 4361
1861 4374
1862 4412
1863 4433
1864 4486
1865 4660
1866 4316
1867 4839
1868 4842
1869 4456
1870 4314
1871 4839
1872 4320
1873 4305
1874 4839
1875 4305
1876 4457
1877 4843
1878 4463
1879 4456
1880 4308
1881 4841
1882 4672
1883 4476
1884 4667
1885 4664
1886 4855
1887 4664
1888 4590
1889 4662
1890 4673
1891 4673
1892 4581
1893 4318
1894 4320
1895 4319
1896 4493
1897 4646
1898 4488
1899 4507
1900 4544
1901 4488
1902 4492
1903 4496
1904 4507
1905 4504
1906 4645
1907 4645
1908 4506
1909 4544
1910 4507
1911 4645
1912 4643
1913 4645
1914 4499
1915 4487
1916 4507
1917 4505
1918 4490
1919 4490
1920 4543
1921 4543
1922 4556
1923 4544
1924 4556
1925 4593
1926 4554
1927 4552
1928 4607
1929 4608
1930 4608
1931 4553
1932 4613
1933 4853
1934 4617
1935 4850
1936 4626
1937 4564
1938 4538
1939 4849
1940 4625
1941 4575
1942 4573
1943 4538
1944 4536
1945 4534
1946 4539
1947 4847
1948 4846
1949 4571
1950 4623
1951 4512
1952 4566
1953 4494
1954 4549
1955 4549
1956 4513
1957 4526
1958 4510
1959 4547
1960 4549
1961 4513
1962 4516
1963 4505
1964 4565
1965 4519
1966 4572
1967 4846
1968 4846
1969 4525
1970 4546
1971 4580
1972 4593
1973 4544
1974 4514
1975 4514
1976 4611
1977 4615
1978 4621
1979 4621
1980 4626
1981 4627
1982 4619
1983 4619
1984 4572
1985 4617
1986 4580
1987 4668
1988 4669
1989 4668
1990 4592
1991 4668
1992 4533
1993 4590
1994 4589
1995 4589
1996 4535
1997 4590
1998 4584
1999 4596
2000 4597
2001 4500
2002 4597
2003 4505
2004 4597
2005 4598
2006 4599
2007 4544
2008 4600
2009 4602
2010 4600
2011 4600
2012 4600
2013 4606
2014 4566
2015 4565
2016 4515
2017 4612
2018 4606
2019 4609
2020 4609
2021 4601
2022 4517
2023 4521
2024 4612
2025 4615
2026 4612
2027 4615
2028 4621
2029 4615
2030 4617
2031 4617
2032 4610
2033 4621
2034 4620
2035 4617
2036 4617
2037 4405
2038 4642
2039 4640
2040 4409
2041 4639
2042 4640
2043 4426
2044 4377
2045 4644
2046 4633
2047 4630
2048 4632
2049 4434
2050 4661
2051 4628
2052 4497
2053 4628
2054 4433
2055 4555
2056 4497
2057 4488
2058 4555
2059 4496
2060 4496
2061 4486
2062 4487
2063 4658
2064 4648
2065 4487
2066 4634
2067 4642
2068 4405
2069 4453
2070 4355
2071 4662
2072 4591
2073 4586
2074 4476
2075 4590
2076 4592
2077 4582
2078 4561
2079 4581
2080 4480
2081 4480
2082 2353
2083 2353
2084 2398
2085 1782
2086 3185
2087 1782
2088 2517
2089 645
2090 2297
2091 702
2092 532
2093 1717
2094 636
2095 636
2096 402
2097 1763
2098 681
2099 2337
2100 419
2101 1784
2102 1679
2103 538
2104 1755
2105 2272
2106 1790
2107 2517
2108 289
2109 2238
2110 2261
2111 235
2112 1811
2113 401
2114 534
2115 651
2116 2239
2117 2269
2118 2223
2119 645
2120 670
2121 2224
2122 2225
2123 292
2124 602
2125 610
2126 612
2127 376
2128 2366
2129 1736
2130 2219
2131 1550
2132 423
2133 2291
2134 2285
2135 208
2136 274
2137 670
2138 2266
2139 1809
2140 2227
2141 1726
2142 432
2143 1675
2144 863
2145 2258
2146 1684
2147 1769
2148 4207
2149 2489
2150 241
2151 1574
2152 577
2153 578
2154 588
2155 1793
2156 2287
2157 2280
2158 2293
2159 4738
2160 2235
2161 519
2162 519
2163 2291
2164 2371
2165 3038
2166 3038
2167 2294
2168 649
2169 468
2170 4737
2171 519
2172 4776
2173 448
2174 2282
2175 519
2176 2265
2177 286
2178 413
2179 413
2180 650
2181 649
2182 531
2183 702
2184 1577
2185 1725
2186 290
2187 1753
2188 2220
2189 376
2190 1770
2191 1769
2192 4460
2193 679
2194 2885
2195 444
2196 4769
2197 2299
2198 876
2199 1450
2200 2319
2201 3096
2202 1593
2203 2319
2204 2359
2205 1721
2206 1719
2207 1719
2208 602
2209 677
2210 2890
2211 4229
2212 4776
2213 3096
2214 3096
2215 573
2216 2371
2217 353
2218 353
2219 425
2220 371
2221 2339
2222 2339
2223 4207
2224 4195
2225 2884
2226 3124
2227 1579
2228 892
2229 224
2230 1386
2231 1545
2232 1576
2233 1577
2234 2475
2235 2350
2236 978
2237 1623
2238 700
2239 1680
2240 584
2241 297
2242 346
2243 1721
2244 2322
2245 1719
2246 609
2247 4236
2248 3128
2249 3122
2250 2882
2251 4207
2252 4459
2253 4220
2254 1785
2255 1798
2256 457
2257 1681
2258 4305
2259 4308
2260 4478
2261 4311
2262 4662
2263 4626
2264 4575
2265 4572
2266 4535
2267 4854
2268 4620
2269 4587
2270 4620
2271 4621
2272 4477
2273 4737
2274 4737
2275 631
2276 4998
2277 2350
2278 2509
2279 2410
2280 1575
2281 573
2282 1452
2283 1652
2284 1653
2285 867
2286 1604
2287 1650
2288 1648
2289 1453
2290 470
2291 2401
2292 2407
2293 4988
2294 1532
2295 2496
2296 219
2297 219
2298 1604
2299 1653
2300 1652
2301 2494
2302 275
2303 1604
2304 2439
2305 1802
2306 2530
2307 2530
2308 818
2309 1552
2310 4991
2311 70
2312 128
2313 130
2314 190
2315 184
2316 184
2317 196
2318 168
2319 176
2320 178
2321 2430
2322 186
2323 27
2324 843
2325 1365
2326 74
2327 2483
2328 1449
2329 2486
2330 1569
2331 207
2332 2477
2333 2475
2334 2483
2335 886
2336 1632
2337 2485
2338 2486
2339 2463
2340 1591
2341 1591
2342 455
2343 455
2344 886
2345 1633
2346 572
2347 1568
2348 2487
2349 2487
2350 1558
2351 1406
2352 1633
2353 667
2354 667
2355 1532
2356 1578
2357 2350
2358 2310
2359 1633
2360 669
2361 2487
2362 579
2363 2492
2364 2499
2365 659
2366 2461
2367 1566
2368 1568
2369 1568
2370 1569
2371 550
2372 1532
2373 236
2374 2398
2375 2408
2376 2492
2377 2350
2378 1532
2379 876
2380 876
2381 236
2382 1573
2383 1449
2384 829
2385 2348
2386 2298
2387 2405
2388 4975
2389 243
2390 1523
2391 1645
2392 1427
2393 2398
2394 1579
2395 4977
2396 288
2397 2520
2398 2392
2399 516
2400 225
2401 3360
2402 1646
2403 308
2404 308
2405 2567
2406 2573
2407 2614
2408 4756
2409 109
2410 12
2411 145
2412 102
2413 2638
2414 2557
2415 2613
2416 2566
2417 2622
2418 2632
2419 2592
2420 2554
2421 3334
2422 3975
2423 2641
2424 2574
2425 2558
2426 2581
2427 4861
2428 4868
2429 2611
2430 2662
2431 2641
2432 2595
2433 2715
2434 2702
2435 2554
2436 4035
2437 3002
2438 2565
2439 2554
2440 2781
2441 2565
2442 112
2443 2595
2444 2640
2445 2595
2446 2569
2447 2641
2448 3345
2449 2642
2450 2573
2451 2574
2452 2560
2453 2554
2454 2672
2455 2575
2456 2594
2457 2651
2458 2622
2459 2651
2460 12
2461 2565
2462 2650
2463 4860
2464 2572
2465 2648
2466 2633
2467 2613
2468 12
2469 12
2470 12
2471 4288
2472 109
2473 2613
2474 2644
2475 2592
2476 2567
2477 112
2478 2622
2479 2564
2480 2655
2481 2670
2482 4886
2483 4886
2484 2605
2485 2655
2486 4886
2487 2685
2488 2611
2489 2653
2490 2571
2491 2640
2492 2600
2493 2640
2494 2649
2495 2714
2496 2560
2497 2564
2498 2639
2499 2647
2500 2560
2501 3343
2502 2618
2503 109
2504 3010
2505 2633
2506 109
2507 109
2508 2568
2509 2607
2510 102
2511 103
2512 109
2513 12
2514 12
2515 43
2516 2600
2517 2561
2518 2633
2519 99
2520 2649
2521 12
2522 43
2523 112
2524 109
2525 2650
2526 2642
2527 3837
2528 12
2529 2569
2530 2560
2531 2565
2532 4287
2533 3365
2534 2560
2535 2640
2536 3336
2537 2550
2538 2622
2539 2648
2540 1835
2541 2569
2542 3975
2543 2611
2544 2618
2545 3365
2546 2655
2547 2641
2548 2725
2549 4868
2550 2631
2551 2572
2552 2572
2553 12
2554 112
2555 12
2556 109
2557 2554
2558 2623
2559 2595
2560 2595
2561 139
2562 3012
2563 2670
2564 4886
2565 4886
2566 2670
2567 3843
2568 2670
2569 2671
2570 2715
2571 2693
2572 2670
2573 2670
2574 4886
2575 4886
2576 2670
2577 3840
2578 2702
2579 3840
2580 4896
2581 2655
2582 3840
2583 3843
2584 2674
2585 2713
2586 2714
2587 2671
2588 2673
2589 3840
2590 3843
2591 2702
2592 2702
2593 2674
2594 4897
2595 2702
2596 2672
2597 2674
2598 4899
2599 2564
2600 4899
2601 2693
2602 2702
2603 2700
2604 2715
2605 2670
2606 2671
2607 2709
2608 2670
2609 2670
2610 2709
2611 2673
2612 2702
2613 2674
2614 4899
2615 4860
2616 4026
2617 4959
2618 3421
2619 3374
2620 4954
2621 2973
2622 3858
2623 4055
2624 2759
2625 4904
2626 4906
2627 4107
2628 4972
2629 4874
2630 4056
2631 3422
2632 3896
2633 2808
2634 4108
2635 2521
2636 4876
2637 4876
2638 4063
2639 4960
2640 4805
2641 4971
2642 3984
2643 4031
2644 2753
2645 4021
2646 4877
2647 2526
2648 4943
2649 4019
2650 4039
2651 3379
2652 4011
2653 4037
2654 4926
2655 4915
2656 3858
2657 3204
2658 4012
2659 3984
2660 3371
2661 4008
2662 2735
2663 4026
2664 4877
2665 3955
2666 3371
2667 2217
2668 4134
2669 2796
2670 4973
2671 3013
2672 4128
2673 4862
2674 3894
2675 4881
2676 2815
2677 2789
2678 4733
2679 4754
2680 4746
2681 3091
2682 2977
2683 4271
2684 4104
2685 2923
2686 3158
2687 3156
2688 4716
2689 2786
2690 3154
2691 3202
2692 4725
2693 3358
2694 4099
2695 4983
2696 4934
2697 4956
2698 4956
2699 4956
2700 4956
2701 4007
2702 3088
2703 4779
2704 4159
2705 2815
2706 3984
2707 2973
2708 4901
2709 3013
2710 3013
2711 4682
2712 2830
2713 2820
2714 4700
2715 4705
2716 4746
2717 2975
2718 3029
2719 4152
2720 2832
2721 4163
2722 2960
2723 4704
2724 4707
2725 4721
2726 2826
2727 2825
2728 4721
2729 2837
2730 4707
2731 2838
2732 2826
2733 4156
2734 3107
2735 3112
2736 3149
2737 4188
2738 2911
2739 2821
2740 2001
2741 4208
2742 2916
2743 383
2744 383
2745 383
2746 3553
2747 3553
2748 3615
2749 3553
2750 3553
2751 3557
2752 2866
2753 3015
2754 2849
2755 2849
2756 3183
2757 2851
2758 2837
2759 2926
2760 2836
2761 3144
2762 4821
2763 2821
2764 4691
2765 4172
2766 3511
2767 3493
2768 3511
2769 3493
2770 3511
2771 3514
2772 3553
2773 4214
2774 3615
2775 3615
2776 2876
2777 383
2778 2941
2779 2881
2780 2861
2781 2917
2782 2861
2783 2824
2784 2864
2785 2917
2786 383
2787 2874
2788 4209
2789 3116
2790 4677
2791 4208
2792 2001
2793 394
2794 2001
2795 2001
2796 3560
2797 3553
2798 3615
2799 383
2800 3553
2801 3553
2802 3553
2803 3553
2804 3553
2805 3553
2806 4213
2807 4214
2808 2938
2809 2938
2810 2940
2811 1854
2812 1853
2813 1997
2814 1851
2815 1851
2816 381
2817 394
2818 2001
2819 383
2820 2917
2821 2941
2822 4209
2823 3511
2824 4208
2825 3146
2826 3146
2827 2929
2828 2874
2829 2931
2830 4209
2831 1843
2832 4206
2833 1845
2834 2864
2835 626
2836 1781
2837 1860
2838 1779
2839 1865
2840 1845
2841 626
2842 383
2843 626
2844 383
2845 383
2846 626
2847 1779
2848 390
2849 1844
2850 4778
2851 2312
2852 4778
2853 2982
2854 4153
2855 4821
2856 4173
2857 2861
2858 2917
2859 4219
2860 1997
2861 1851
2862 1997
2863 1995
2864 545
2865 1858
2866 1842
2867 1846
2868 4253
2869 4856
2870 2859
2871 4713
2872 2926
2873 4710
2874 3553
2875 3553
2876 3493
2877 3493
2878 2863
2879 2930
2880 2863
2881 4686
2882 4795
2883 3043
2884 2912
2885 4216
2886 2931
2887 2873
2888 2001
2889 4208
2890 4219
2891 2917
2892 2377
2893 1851
2894 387
2895 4214
2896 2938
2897 3493
2898 3511
2899 3511
2900 3493
2901 3553
2902 3144
2903 2856
2904 2856
2905 2851
2906 2851
2907 3144
2908 3040
2909 3080
2910 4106
2911 4937
2912 4951
2913 4046
2914 4807
2915 4957
2916 4957
2917 1647
2918 3016
2919 4863
2920 4145
2921 2977
2922 2794
2923 2980
2924 4836
2925 2528
2926 4065
2927 4738
2928 2958
2929 4248
2930 4733
2931 4818
2932 2218
2933 4928
2934 4266
2935 4048
2936 4901
2937 3204
2938 4744
2939 4247
2940 3983
2941 3081
2942 2973
2943 3374
2944 4019
2945 4943
2946 4910
2947 2976
2948 2978
2949 2914
2950 2928
2951 2975
2952 4263
2953 2783
2954 4791
2955 4748
2956 4858
2957 2755
2958 4915
2959 4921
2960 4921
2961 4921
2962 4911
2963 4910
2964 4910
2965 4910
2966 3992
2967 2964
2968 3981
2969 4026
2970 4064
2971 4064
2972 1672
2973 4913
2974 4063
2975 3002
2976 3858
2977 3196
2978 4926
2979 4063
2980 3974
2981 2816
2982 2926
2983 4983
2984 2497
2985 515
2986 2526
2987 4093
2988 4099
2989 4294
2990 3993
2991 3066
2992 4956
2993 1669
2994 2444
2995 4125
2996 4906
2997 4906
2998 2279
2999 3993
3000 4782
3001 4777
3002 4159
3003 2958
3004 3029
3005 4263
3006 2959
3007 3031
3008 4748
3009 4858
3010 2923
3011 4187
3012 2911
3013 4162
3014 3178
3015 2854
3016 3180
3017 2935
3018 2849
3019 1995
3020 1997
3021 1849
3022 1866
3023 1851
3024 1866
3025 1851
3026 1853
3027 1865
3028 3858
3029 3204
3030 3054
3031 3054
3032 3170
3033 3054
3034 3054
3035 4056
3036 4807
3037 3847
3038 3995
3039 3162
3040 4971
3041 4911
3042 4950
3043 4024
3044 4878
3045 4954
3046 4937
3047 3371
3048 4972
3049 4949
3050 3076
3051 4945
3052 4960
3053 3993
3054 3099
3055 4278
3056 4701
3057 4701
3058 4680
3059 2783
3060 2794
3061 2949
3062 3993
3063 4158
3064 4779
3065 4177
3066 4278
3067 3955
3068 4783
3069 4175
3070 4187
3071 3039
3072 4682
3073 4705
3074 4705
3075 2822
3076 3041
3077 4170
3078 3181
3079 3045
3080 385
3081 2941
3082 2001
3083 4786
3084 2839
3085 2839
3086 2838
3087 3113
3088 4689
3089 2847
3090 4761
3091 3044
3092 2843
3093 4170
3094 2841
3095 4151
3096 3047
3097 2863
3098 2941
3099 381
3100 2001
3101 383
3102 3615
3103 2001
3104 383
3105 2881
3106 4214
3107 2863
3108 4214
3109 2877
3110 4712
3111 2876
3112 1853
3113 1853
3114 4787
3115 4691
3116 4787
3117 3111
3118 2852
3119 2856
3120 2856
3121 3678
3122 3514
3123 3820
3124 4209
3125 1857
3126 1853
3127 2938
3128 3553
3129 3533
3130 3533
3131 2938
3132 1856
3133 1857
3134 3541
3135 3134
3136 2984
3137 2957
3138 4244
3139 2780
3140 3358
3141 3087
3142 2948
3143 4867
3144 2926
3145 3521
3146 2926
3147 2926
3148 3533
3149 2916
3150 3047
3151 2914
3152 2824
3153 2830
3154 4185
3155 2943
3156 2733
3157 3982
3158 4281
3159 4748
3160 4253
3161 3141
3162 4732
3163 4247
3164 4733
3165 4136
3166 4915
3167 4810
3168 4036
3169 3847
3170 3204
3171 3171
3172 3372
3173 3170
3174 4294
3175 4978
3176 3955
3177 2741
3178 4252
3179 4260
3180 2820
3181 4174
3182 2824
3183 2849
3184 2849
3185 2917
3186 4208
3187 4208
3188 410
3189 2000
3190 2006
3191 1997
3192 3049
3193 3049
3194 3109
3195 3114
3196 4727
3197 2938
3198 3031
3199 2983
3200 4777
3201 4775
3202 3135
3203 3031
3204 4775
3205 519
3206 4059
3207 4015
3208 4807
3209 4015
3210 4807
3211 2796
3212 4136
3213 3158
3214 3848
3215 4807
3216 4807
3217 4039
3218 3479
3219 3255
3220 3969
3221 3211
3222 3942
3223 3457
3224 3454
3225 3215
3226 3591
3227 3969
3228 3934
3229 3460
3230 3454
3231 3934
3232 3919
3233 3235
3234 3235
3235 3235
3236 3450
3237 4074
3238 3313
3239 4086
3240 4076
3241 3312
3242 3271
3243 3251
3244 3251
3245 3251
3246 3243
3247 3054
3248 3170
3249 3170
3250 3170
3251 3287
3252 3951
3253 3591
3254 3282
3255 3214
3256 3313
3257 4086
3258 3235
3259 3287
3260 3251
3261 3251
3262 3248
3263 3311
3264 3211
3265 3280
3266 3949
3267 3939
3268 3934
3269 3311
3270 3313
3271 3054
3272 3311
3273 3473
3274 3282
3275 3949
3276 3286
3277 3286
3278 3276
3279 3251
3280 3280
3281 3228
3282 4069
3283 3170
3284 3211
3285 3591
3286 3235
3287 3313
3288 3309
3289 3243
3290 3235
3291 3919
3292 3919
3293 2759
3294 2759
3295 4940
3296 4915
3297 3204
3298 3204
3299 4937
3300 3380
3301 4000
3302 4015
3303 3229
3304 3286
3305 3913
3306 2673
3307 4886
3308 4860
3309 3976
3310 2655
3311 2622
3312 4861
3313 3976
3314 3975
3315 1640
3316 4294
3317 1643
3318 2715
3319 2700
3320 2672
3321 2670
3322 4886
3323 4860
3324 4928
3325 3345
3326 2709
3327 3346
3328 2671
3329 2670
3330 2674
3331 3843
3332 4897
3333 4886
3334 2693
3335 2613
3336 2736
3337 3891
3338 3897
3339 3150
3340 2736
3341 2736
3342 3018
3343 509
3344 2520
3345 4860
3346 3979
3347 2561
3348 2565
3349 2637
3350 3990
3351 4814
3352 4914
3353 3992
3354 2721
3355 4906
3356 3372
3357 3375
3358 3372
3359 4014
3360 3993
3361 4915
3362 4915
3363 4915
3364 4921
3365 4000
3366 4912
3367 4912
3368 3379
3369 4039
3370 4015
3371 4915
3372 4915
3373 4915
3374 4915
3375 4915
3376 4910
3377 4912
3378 4038
3379 4807
3380 4038
3381 4807
3382 3993
3383 4054
3384 3420
3385 4807
3386 4807
3387 4807
3388 4807
3389 4807
3390 4807
3391 4042
3392 3993
3393 3993
3394 3375
3395 4971
3396 3372
3397 3992
3398 2749
3399 4946
3400 3991
3401 3415
3402 3993
3403 4025
3404 3422
3405 3993
3406 3422
3407 4910
3408 4912
3409 4910
3410 4912
3411 4945
3412 3858
3413 3060
3414 3286
3415 3311
3416 3848
3417 3286
3418 2636
3419 2614
3420 3312
3421 4086
3422 4076
3423 3285
3424 3454
3425 3214
3426 3214
3427 3214
3428 3922
3429 3221
3430 3462
3431 3462
3432 3539
3433 3803
3434 3803
3435 3829
3436 3529
3437 3829
3438 3505
3439 3546
3440 3505
3441 3592
3442 3835
3443 3529
3444 3548
3445 3522
3446 3803
3447 3543
3448 3969
3449 3464
3450 3471
3451 3834
3452 3964
3453 3486
3454 3821
3455 3542
3456 791
3457 3679
3458 3823
3459 3488
3460 3832
3461 3482
3462 3497
3463 3728
3464 791
3465 3774
3466 3822
3467 3482
3468 3831
3469 3487
3470 3823
3471 3482
3472 790
3473 3830
3474 3503
3475 3833
3476 3585
3477 3502
3478 3823
3479 3827
3480 3795
3481 3781
3482 3542
3483 3579
3484 3575
3485 3823
3486 3808
3487 3774
3488 3579
3489 3795
3490 791
3491 3524
3492 3780
3493 3780
3494 3516
3495 3821
3496 3808
3497 3679
3498 3502
3499 3823
3500 3588
3501 3588
3502 3531
3503 3679
3504 3780
3505 3800
3506 3486
3507 3780
3508 3552
3509 3679
3510 3487
3511 3525
3512 3531
3513 3575
3514 3503
3515 3833
3516 3585
3517 3593
3518 3833
3519 3530
3520 3585
3521 3530
3522 3780
3523 3571
3524 3482
3525 3780
3526 3781
3527 3781
3528 3518
3529 3795
3530 3822
3531 3780
3532 3829
3533 3765
3534 3542
3535 3780
3536 3796
3537 3780
3538 3822
3539 3765
3540 3765
3541 3780
3542 3579
3543 3800
3544 3579
3545 3826
3546 3796
3547 3548
3548 3503
3549 3530
3550 3518
3551 3542
3552 3774
3553 3780
3554 3781
3555 3780
3556 3781
3557 3487
3558 3831
3559 3822
3560 3579
3561 3772
3562 3964
3563 3833
3564 3774
3565 3780
3566 3734
3567 3734
3568 3675
3569 3675
3570 3730
3571 3675
3572 3675
3573 3730
3574 3675
3575 3675
3576 3765
3577 3734
3578 3730
3579 3730
3580 3675
3581 3675
3582 3730
3583 3675
3584 3675
3585 3781
3586 3780
3587 3780
3588 3781
3589 3780
3590 3781
3591 3772
3592 3728
3593 3780
3594 3516
3595 3780
3596 3805
3597 3780
3598 3642
3599 3734
3600 3728
3601 3734
3602 3780
3603 3781
3604 3780
3605 3730
3606 3516
3607 3730
3608 3675
3609 3676
3610 3676
3611 3781
3612 3734
3613 3780
3614 3728
3615 3675
3616 3675
3617 3675
3618 3753
3619 3753
3620 3753
3621 3675
3622 3753
3623 3753
3624 3753
3625 3675
3626 3753
3627 3753
3628 3675
3629 3675
3630 3675
3631 3753
3632 3753
3633 3753
3634 3753
3635 3753
3636 3753
3637 3781
3638 3805
3639 3780
3640 3781
3641 3780
3642 3780
3643 3780
3644 3780
3645 3780
3646 3805
3647 3772
3648 3579
3649 3515
3650 3805
3651 3780
3652 3772
3653 3772
3654 3516
3655 3728
3656 3805
3657 3516
3658 3728
3659 3780
3660 3772
3661 3728
3662 3780
3663 3516
3664 3734
3665 3805
3666 3728
3667 3728
3668 3734
3669 3781
3670 3516
3671 3730
3672 3730
3673 3675
3674 3675
3675 3675
3676 3730
3677 3675
3678 3675
3679 3675
3680 3675
3681 3675
3682 3675
3683 3675
3684 3734
3685 3675
3686 3676
3687 3675
3688 3675
3689 3675
3690 3675
3691 3780
3692 3780
3693 3780
3694 3780
3695 3780
3696 3805
3697 3780
3698 3780
3699 3780
3700 3780
3701 3780
3702 3772
3703 3579
3704 3780
3705 3780
3706 3780
3707 3772
3708 3579
3709 3780
3710 3780
3711 3780
3712 3780
3713 3780
3714 3542
3715 3780
3716 3772
3717 3780
3718 3780
3719 3781
3720 3781
3721 3795
3722 3781
3723 3795
3724 3795
3725 3781
3726 3795
3727 3781
3728 3780
3729 3781
3730 3795
3731 3795
3732 3795
3733 3795
3734 3795
3735 3772
3736 3772
3737 3780
3738 3774
3739 3579
3740 3772
3741 791
3742 3542
3743 3823
3744 790
3745 3542
3746 801
3747 3542
3748 3542
3749 801
3750 791
3751 3579
3752 3774
3753 3774
3754 3774
3755 791
3756 791
3757 3774
3758 3774
3759 3579
3760 3774
3761 3774
3762 3774
3763 801
3764 791
3765 792
3766 3774
3767 791
3768 791
3769 3774
3770 3774
3771 3774
3772 3518
3773 3772
3774 791
3775 3780
3776 3823
3777 3486
3778 3824
3779 3823
3780 3486
3781 3482
3782 3579
3783 791
3784 3486
3785 3679
3786 3524
3787 3823
3788 3542
3789 3542
3790 3486
3791 3821
3792 3821
3793 3822
3794 3823
3795 3576
3796 3525
3797 3831
3798 3831
3799 3831
3800 3827
3801 3571
3802 3832
3803 3825
3804 3532
3805 3540
3806 3585
3807 3821
3808 3821
3809 3823
3810 2642
3811 2642
3812 2642
3813 2551
3814 2554
3815 2702
3816 3840
3817 2649
3818 3848
3819 3848
3820 3204
3821 3848
3822 3848
3823 3060
3824 3204
3825 3060
3826 3204
3827 3858
3828 3204
3829 3204
3830 3858
3831 3054
3832 3054
3833 3170
3834 3996
3835 3996
3836 3162
3837 3171
3838 4051
3839 3996
3840 3847
3841 3996
3842 3996
3843 3848
3844 3847
3845 4037
3846 4816
3847 4037
3848 3204
3849 2760
3850 4984
3851 4003
3852 2733
3853 2746
3854 4759
3855 3081
3856 2733
3857 4094
3858 2754
3859 4759
3860 4043
3861 3023
3862 2754
3863 4987
3864 4773
3865 2972
3866 4034
3867 4805
3868 4023
3869 3375
3870 4024
3871 2744
3872 2808
3873 2521
3874 1669
3875 1669
3876 3214
3877 3922
3878 3933
3879 3921
3880 3225
3881 3214
3882 3454
3883 3919
3884 3919
3885 3919
3886 3225
3887 3221
3888 3934
3889 3255
3890 3454
3891 3945
3892 3939
3893 3942
3894 3939
3895 3942
3896 3939
3897 3254
3898 3942
3899 3219
3900 3215
3901 3473
3902 3479
3903 3951
3904 3953
3905 3951
3906 3952
3907 3953
3908 3952
3909 3479
3910 3952
3911 3473
3912 3953
3913 3577
3914 3964
3915 3471
3916 3548
3917 3471
3918 3545
3919 3964
3920 3471
3921 3543
3922 3547
3923 3970
3924 3530
3925 3529
3926 3539
3927 3803
3928 3539
3929 3834
3930 3803
3931 3530
3932 3522
3933 3506
3934 3522
3935 3549
3936 4060
3937 2956
3938 4063
3939 3981
3940 3345
3941 4025
3942 4029
3943 2757
3944 2754
3945 2498
3946 2529
3947 3076
3948 4948
3949 4948
3950 4935
3951 4048
3952 2498
3953 3370
3954 3370
3955 4927
3956 3422
3957 4038
3958 3847
3959 3848
3960 3995
3961 4912
3962 3375
3963 3375
3964 4937
3965 4813
3966 4049
3967 3374
3968 2962
3969 3914
3970 3987
3971 3898
3972 4811
3973 298
3974 3982
3975 1424
3976 3151
3977 4272
3978 3077
3979 3847
3980 3848
3981 3988
3982 4946
3983 2728
3984 3909
3985 4922
3986 4943
3987 3315
3988 4938
3989 4951
3990 4024
3991 4814
3992 4106
3993 4948
3994 4948
3995 4948
3996 2759
3997 2759
3998 4049
3999 2759
4000 4044
4001 4044
4002 4771
4003 1523
4004 4874
4005 3876
4006 3847
4007 4037
4008 4047
4009 3993
4010 3084
4011 4033
4012 4016
4013 4952
4014 2218
4015 4952
4016 3162
4017 3991
4018 4054
4019 4772
4020 3372
4021 4054
4022 4055
4023 3989
4024 4026
4025 4876
4026 227
4027 3231
4028 3311
4029 3309
4030 3311
4031 3228
4032 4082
4033 3280
4034 3312
4035 3235
4036 3280
4037 3224
4038 3313
4039 3312
4040 3235
4041 3312
4042 4805
4043 4873
4044 1673
4045 2405
4046 243
4047 288
4048 4859
4049 4859
4050 4024
4051 3379
4052 4051
4053 4037
4054 4039
4055 4015
4056 3423
4057 4816
4058 3424
4059 4816
4060 3362
4061 18
4062 2648
4063 4124
4064 4034
4065 4675
4066 2808
4067 2438
4068 1433
4069 288
4070 2218
4071 2497
4072 4243
4073 4694
4074 4278
4075 2784
4076 4142
4077 4274
4078 4680
4079 4256
4080 4736
4081 509
4082 4258
4083 4990
4084 4133
4085 4145
4086 3020
4087 4009
4088 4142
4089 4131
4090 4135
4091 4812
4092 1424
4093 1673
4094 2522
4095 4758
4096 3039
4097 4152
4098 3088
4099 2810
4100 4718
4101 2802
4102 2828
4103 2810
4104 2985
4105 4783
4106 4705
4107 2834
4108 2819
4109 2834
4110 3139
4111 2825
4112 2985
4113 2832
4114 4783
4115 3089
4116 3148
4117 4154
4118 4158
4119 4160
4120 2799
4121 3153
4122 4167
4123 3154
4124 4758
4125 4147
4126 4829
4127 3156
4128 3139
4129 2825
4130 2825
4131 3029
4132 2803
4133 4153
4134 4208
4135 2844
4136 3115
4137 2846
4138 2866
4139 2938
4140 682
4141 1997
4142 545
4143 4208
4144 1853
4145 1866
4146 2377
4147 1854
4148 4714
4149 4714
4150 4722
4151 2851
4152 2851
4153 3820
4154 2851
4155 3678
4156 2874
4157 2874
4158 3115
4159 4206
4160 627
4161 1997
4162 4676
4163 4686
4164 2850
4165 2929
4166 2842
4167 2863
4168 3615
4169 3553
4170 4214
4171 1851
4172 1851
4173 1853
4174 1851
4175 627
4176 2881
4177 2938
4178 2938
4179 3521
4180 3557
4181 3553
4182 3553
4183 2847
4184 2848
4185 4711
4186 3533
4187 1866
4188 1853
4189 2858
4190 4715
4191 4762
4192 2844
4193 4761
4194 4712
4195 3144
4196 2847
4197 4208
4198 2006
4199 2006
4200 1860
4201 627
4202 620
4203 2938
4204 4213
4205 390
4206 2938
4207 545
4208 1851
4209 1854
4210 2377
4211 1854
4212 4714
4213 3553
4214 2846
4215 3557
4216 2874
4217 2874
4218 384
4219 3143
4220 519
4221 519
4222 3957
4223 2777
4224 4245
4225 3090
4226 4770
4227 2780
4228 3957
4229 3087
4230 3087
4231 1795
4232 4791
4233 3175
4234 3176
4235 2777
4236 4279
4237 4812
4238 2965
4239 4864
4240 4259
4241 4261
4242 2787
4243 3174
4244 4246
4245 4990
4246 4272
4247 4717
4248 4862
4249 4697
4250 3897
4251 4295
4252 2524
4253 2816
4254 4093
4255 3081
4256 3890
4257 4924
4258 2727
4259 2522
4260 4982
4261 4005
4262 4720
4263 4720
4264 4973
4265 4697
4266 4273
4267 2531
4268 3020
4269 4273
4270 2588
4271 269
4272 12
4273 4120
4274 2600
4275 2607
4276 4675
4277 2633
4278 2566
4279 519
4280 4124
4281 4065
4282 2214
4283 3658
4284 3658
4285 3541
4286 1845
4287 2212
4288 2010
4289 2212
4290 2379
4291 3658
4292 3658
4293 2211
4294 3654
4295 3658
4296 3658
4297 2082
4298 3658
4299 2082
4300 2210
4301 3654
4302 3658
4303 1905
4304 1905
4305 1872
4306 1905
4307 1905
4308 2172
4309 1905
4310 1905
4311 1905
4312 1905
4313 1905
4314 1905
4315 1905
4316 1905
4317 1905
4318 1905
4319 1905
4320 1905
4321 1905
4322 1905
4323 1873
4324 1905
4325 1873
4326 1905
4327 1905
4328 1873
4329 2172
4330 2172
4331 1873
4332 1872
4333 2171
4334 1905
4335 2173
4336 1905
4337 2133
4338 2173
4339 2034
4340 2133
4341 1905
4342 1873
4343 1905
4344 2172
4345 1905
4346 2171
4347 1873
4348 1872
4349 1905
4350 1872
4351 1905
4352 1905
4353 1905
4354 2171
4355 2173
4356 2171
4357 1873
4358 1905
4359 1872
4360 1905
4361 1873
4362 2172
4363 1905
4364 1905
4365 1905
4366 1905
4367 2172
4368 1872
4369 1873
4370 1905
4371 2171
4372 2034
4373 1905
4374 1905
4375 1872
4376 2173
4377 1873
4378 2144
4379 2133
4380 2034
4381 1873
4382 1872
4383 2173
4384 1905
4385 1905
4386 1905
4387 1873
4388 1905
4389 1905
4390 1905
4391 1905
4392 1905
4393 1905
4394 1905
4395 1905
4396 1905
4397 1905
4398 1873
4399 1873
4400 1905
4401 2173
4402 1873
4403 1905
4404 2133
4405 1905
4406 1905
4407 1873
4408 1905
4409 1905
4410 1905
4411 1905
4412 2172
4413 1873
4414 1905
4415 1905
4416 1905
4417 1905
4418 1905
4419 1873
4420 2173
4421 1905
4422 1905
4423 1872
4424 2173
4425 1873
4426 1857
4427 2389
4428 2203
4429 1858
4430 3658
4431 3658
4432 3658
4433 383
4434 3637
4435 2374
4436 2379
4437 3658
4438 1844
4439 1857
4440 2203
4441 2206
4442 2015
4443 2203
4444 2205
4445 2203
4446 3654
4447 3653
4448 3664
4449 2117
4450 2122
4451 2122
4452 2122
4453 2082
4454 2210
4455 2015
4456 2162
4457 2163
4458 2387
4459 2113
4460 2113
4461 2387
4462 2162
4463 2162
4464 2387
4465 2163
4466 2163
4467 2156
4468 2167
4469 2163
4470 2162
4471 2144
4472 2163
4473 2162
4474 2162
4475 2077
4476 2077
4477 2077
4478 2077
4479 2078
4480 2166
4481 2166
4482 2077
4483 2099
4484 2110
4485 2058
4486 2054
4487 2047
4488 3662
4489 2025
4490 2058
4491 2083
4492 3653
4493 2046
4494 3662
4495 3662
4496 3662
4497 3662
4498 3662
4499 3662
4500 3662
4501 3662
4502 3662
4503 3662
4504 3662
4505 3662
4506 3662
4507 2113
4508 2113
4509 2113
4510 2095
4511 2075
4512 2095
4513 2096
4514 2382
4515 2095
4516 2112
4517 2112
4518 2070
4519 2387
4520 2090
4521 2067
4522 2053
4523 3662
4524 2046
4525 2083
4526 2126
4527 2069
4528 2162
4529 2167
4530 2148
4531 2047
4532 2049
4533 2029
4534 3662
4535 3662
4536 3662
4537 3662
4538 3662
4539 3662
4540 3662
4541 2047
4542 2096
4543 2096
4544 2100
4545 2076
4546 2126
4547 2127
4548 3654
4549 3662
4550 3662
4551 3664
4552 3662
4553 3662
4554 3662
4555 2083
4556 2167
4557 2387
4558 2112
4559 2167
4560 2166
4561 2167
4562 2387
4563 2387
4564 2162
4565 2160
4566 2158
4567 2165
4568 2068
4569 2112
4570 2054
4571 2049
4572 2054
4573 2054
4574 2059
4575 2084
4576 2048
4577 2049
4578 2049
4579 2025
4580 3662
4581 2029
4582 3662
4583 2049
4584 3662
4585 3662
4586 3662
4587 3662
4588 3662
4589 2144
4590 2155
4591 2144
4592 2163
4593 2133
4594 2133
4595 2133
4596 2163
4597 2034
4598 2133
4599 2173
4600 2034
4601 2034
4602 2144
4603 2034
4604 2144
4605 2144
4606 2133
4607 2144
4608 2144
4609 2144
4610 2034
4611 2133
4612 2163
4613 2173
4614 2144
4615 2034
4616 2144
4617 2133
4618 2144
4619 2163
4620 3653
4621 3664
4622 3662
4623 2083
4624 2082
4625 2082
4626 2100
4627 2118
4628 2046
4629 2082
4630 2082
4631 2118
4632 2082
4633 4807
4634 1837
4635 2003
4636 1849
4637 1992
4638 4208
4639 4872
4640 4141
4641 2922
4642 2961
4643 4724
4644 4008
4645 3203
4646 2850
4647 2917
4648 3146
4649 2942
4650 4171
4651 4703
4652 4010
4653 2910
4654 4693
4655 3045
4656 4725
4657 3358
4658 4004
4659 4754
4660 4680
4661 2742
4662 4862
4663 3155
4664 4828
4665 4694
4666 4752
4667 2797
4668 4273
4669 4003
4670 2815
4671 4746
4672 3013
4673 4716
4674 4705
4675 4829
4676 3111
4677 4164
4678 4714
4679 2864
4680 4727
4681 2930
4682 2843
4683 4182
4684 2776
4685 3085
4686 2816
4687 3967
4688 3955
4689 2815
4690 4728
4691 3984
4692 4695
4693 4163
4694 3356
4695 3962
4696 2816
4697 4005
4698 4218
4699 4949
4700 4941
4701 4109
4702 4109
4703 3076
4704 3076
4705 4028
4706 3143
4707 3177
4708 3470
4709 3085
4710 2312
4711 4132
4712 4280
4713 519
4714 519
4715 519
4716 2776
4717 4742
4718 4742
4719 3086
4720 4238
4721 2805
4722 519
4723 2312
4724 3135
4725 4749
4726 3135
4727 4738
4728 4882
4729 4283
4730 3357
4731 4133
4732 2780
4733 3140
4734 4141
4735 3916
4736 4934
4737 4745
4738 3106
4739 3040
4740 4699
4741 3615
4742 3615
4743 3615
4744 3810
4745 3553
4746 3553
4747 3553
4748 3553
4749 3553
4750 3553
4751 3553
4752 3560
4753 4766
4754 4713
4755 2924
4756 4712
4757 3553
4758 3553
4759 3557
4760 3553
4761 2950
4762 4770
4763 4129
4764 4013
4765 4049
4766 2983
4767 2984
4768 3030
4769 4044
4770 4177
4771 2828
4772 4779
4773 2829
4774 2802
4775 4682
4776 4710
4777 3144
4778 2847
4779 2927
4780 3533
4781 3533
4782 3557
4783 3553
4784 4778
4785 4775
4786 4985
4787 4857
4788 4784
4789 4822
4790 4822
4791 2824
4792 2916
4793 2917
4794 2917
4795 2000
4796 2006
4797 2006
4798 2006
4799 4800
4800 3108
4801 2941
4802 2869
4803 4727
4804 2000
4805 3988
4806 3375
4807 4001
4808 4927
4809 4126
4810 4987
4811 2947
4812 3901
4813 4034
4814 3847
4815 3162
4816 4736
4817 4819
4818 4819
4819 4146
4820 2955
4821 4783
4822 4176
4823 4160
4824 4779
4825 4681
4826 3104
4827 4181
4828 2845
4829 2856
4830 2933
4831 3144
4832 3493
4833 3144
4834 3144
4835 4208
4836 381
4837 4208
4838 2941
4839 3553
4840 394
4841 4766
4842 2959
4843 4701
4844 4982
4845 383
4846 2211
4847 3658
4848 3658
4849 3658
4850 3654
4851 3662
4852 3662
4853 2047
4854 3662
4855 3662
4856 3662
4857 3662
4858 3662
4859 3662
4860 3654
4861 4282
4862 4856
4863 4791
4864 4874
4865 4059
4866 2947
4867 4103
4868 2962
4869 4105
4870 3901
4871 2807
4872 4881
4873 4872
4874 2808
4875 4956
4876 3359
4877 4881
4878 4696
4879 3020
4880 3990
4881 4102
4882 1647
4883 3023
4884 2398
4885 4091
4886 4957
4887 1647
4888 4957
4889 4034
4890 4025
4891 4959
4892 4867
4893 4259
4894 4811
4895 1424
4896 4266
4897 2595
4898 2714
4899 4886
4900 4886
4901 2673
4902 2670
4903 2714
4904 2673
4905 2672
4906 2671
4907 2670
4908 2672
4909 2671
4910 2600
4911 2600
4912 2685
4913 3843
4914 4876
4915 4914
4916 4107
4917 4107
4918 4105
4919 4972
4920 4959
4921 4927
4922 4911
4923 4943
4924 3375
4925 4108
4926 3913
4927 4910
4928 4911
4929 2734
4930 4911
4931 4915
4932 2722
4933 4107
4934 2726
4935 4937
4936 4946
4937 3913
4938 4912
4939 3425
4940 4806
4941 4944
4942 4054
4943 4944
4944 4055
4945 2744
4946 4968
4947 4971
4948 4912
4949 4014
4950 4940
4951 4018
4952 4914
4953 2753
4954 4021
4955 3315
4956 3074
4957 4017
4958 4813
4959 4970
4960 4044
4961 4024
4962 3991
4963 4859
4964 4024
4965 4125
4966 4965
4967 4865
4968 2964
4969 4859
4970 4902
4971 2973
4972 2973
4973 4878
4974 4099
4975 1427
4976 514
4977 4101
4978 1424
4979 1455
4980 1608
4981 1813
4982 1671
4983 299
4984 4977
4985 4974
4986 1814
4987 4262
4988 2392
4989 2392
4990 4281
4991 1671
4992 4987
4993 1647
4994 515
4995 4660
4996 4660
4997 4433
4998 4433
4999 4433
