0 22
1 73
2 125
3 15
4 43
5 160
6 73
7 90
8 90
9 73
10 145
11 48
12 22
13 145
14 50
15 159
16 83
17 49
18 172
19 83
20 817
21 21
22 2424
23 78
24 169
25 159
26 78
27 826
28 31
29 182
30 1343
31 31
32 50
33 28
34 2426
35 50
36 0
37 43
38 834
39 817
40 29
41 30
42 182
43 834
44 172
45 22
46 173
47 25
48 169
49 139
50 98
51 1780
52 62
53 159
54 817
55 50
56 158
57 15
58 29
59 46
60 101
61 41
62 29
63 91
64 2426
65 2437
66 2438
67 193
68 169
69 169
70 205
71 2437
72 101
73 73
74 193
75 145
76 2424
77 201
78 2438
79 19
80 183
81 101
82 2438
83 73
84 101
85 144
86 15
87 36
88 94
89 216
90 2437
91 1340
92 2624
93 161
94 15
95 160
96 2426
97 2426
98 1
99 143
100 53
101 131
102 2426
103 824
104 20
105 26
106 23
107 2424
108 91
109 816
110 23
111 48
112 41
113 41
114 161
115 173
116 826
117 101
118 31
119 174
120 48
121 96
122 834
123 41
124 834
125 129
126 31
127 98
128 130
129 110
130 110
131 13
132 2437
133 48
134 48
135 22
136 170
137 169
138 169
139 169
140 170
141 810
142 172
143 173
144 170
145 169
146 206
147 193
148 193
149 193
150 2439
151 2437
152 183
153 193
154 193
155 2437
156 170
157 810
158 215
159 144
160 144
161 193
162 193
163 193
164 194
165 194
166 208
167 172
168 193
169 2439
170 144
171 193
172 194
173 193
174 172
175 172
176 215
177 208
178 810
179 815
180 170
181 208
182 205
183 173
184 194
185 193
186 2451
187 906
188 879
189 1549
190 2452
191 2248
192 1476
193 1409
194 663
195 1519
196 2487
197 915
198 915
199 2487
200 1476
201 1519
202 590
203 895
204 1492
205 1372
206 2214
207 746
208 1587
209 1556
210 707
211 491
212 538
213 884
214 1570
215 1570
216 585
217 2456
218 578
219 914
220 914
221 915
222 739
223 1570
224 1549
225 2465
226 1570
227 1570
228 1570
229 918
230 224
231 2446
232 2392
233 258
234 258
235 258
236 1564
237 572
238 1361
239 476
240 884
241 1570
242 741
243 1570
244 1762
245 1575
246 914
247 1576
248 585
249 1756
250 2387
251 843
252 1607
253 707
254 1752
255 814
256 2229
257 2344
258 1623
259 1756
260 2352
261 1625
262 2502
263 1513
264 475
265 2352
266 321
267 2210
268 655
269 286
270 272
271 1505
272 2470
273 295
274 2210
275 2352
276 328
277 1648
278 330
279 300
280 301
281 2206
282 2419
283 682
284 2392
285 843
286 498
287 301
288 500
289 843
290 1756
291 2448
292 320
293 2352
294 343
295 2351
296 322
297 322
298 326
299 358
300 1656
301 615
302 2284
303 415
304 701
305 412
306 701
307 611
308 2353
309 2353
310 625
311 437
312 437
313 437
314 659
315 356
316 4827
317 443
318 368
319 382
320 382
321 2225
322 2873
323 4827
324 2197
325 2286
326 691
327 2322
328 353
329 373
330 2228
331 373
332 344
333 443
334 2859
335 2934
336 2953
337 2955
338 382
339 4858
340 3129
341 2884
342 2955
343 2883
344 2883
345 2894
346 4183
347 4165
348 4187
349 2935
350 2908
351 2957
352 4193
353 4172
354 4213
355 2900
356 2905
357 4856
358 2897
359 4170
360 2917
361 2906
362 2908
363 4214
364 4870
365 4453
366 3146
367 4457
368 4457
369 2916
370 2921
371 4870
372 4453
373 4463
374 4464
375 4453
376 4290
377 2261
378 2270
379 432
380 2291
381 432
382 1631
383 1633
384 1633
385 358
386 421
387 357
388 2873
389 4750
390 2958
391 2900
392 2916
393 2906
394 2920
395 1718
396 654
397 2265
398 369
399 2859
400 346
401 625
402 2874
403 692
404 2883
405 2934
406 382
407 3128
408 3194
409 4179
410 2956
411 4181
412 4172
413 2894
414 4165
415 420
416 1585
417 1399
418 1345
419 1345
420 2421
421 1749
422 1741
423 2416
424 2973
425 465
426 231
427 265
428 2291
429 2362
430 650
431 1724
432 1745
433 297
434 2218
435 2484
436 2451
437 1366
438 2317
439 1577
440 1414
441 2219
442 487
443 1385
444 1476
445 591
446 1527
447 2245
448 224
449 914
450 1563
451 1563
452 1570
453 1570
454 1570
455 669
456 669
457 1732
458 655
459 2400
460 2192
461 2395
462 365
463 296
464 500
465 1649
466 2975
467 464
468 1570
469 762
470 1570
471 746
472 1570
473 1570
474 1570
475 861
476 717
477 865
478 1549
479 865
480 853
481 853
482 1549
483 1474
484 1474
485 317
486 826
487 592
488 817
489 2232
490 2225
491 1378
492 826
493 1749
494 229
495 1345
496 1356
497 230
498 467
499 1719
500 549
501 2382
502 4775
503 498
504 704
505 544
506 300
507 714
508 2279
509 492
510 713
511 431
512 1733
513 1649
514 499
515 611
516 610
517 689
518 357
519 661
520 2874
521 2874
522 4827
523 2884
524 2895
525 4182
526 4812
527 4198
528 4212
529 4459
530 915
531 915
532 927
533 2487
534 1414
535 1414
536 930
537 1408
538 923
539 1414
540 931
541 229
542 738
543 786
544 786
545 1564
546 758
547 1563
548 759
549 591
550 868
551 748
552 584
553 224
554 224
555 224
556 1499
557 2404
558 267
559 2248
560 2487
561 2487
562 1476
563 2248
564 1481
565 1561
566 2452
567 591
568 1721
569 2346
570 1746
571 552
572 546
573 599
574 1739
575 229
576 703
577 472
578 544
579 700
580 1721
581 1638
582 1633
583 1665
584 1665
585 2353
586 356
587 2324
588 3192
589 443
590 625
591 2197
592 496
593 2201
594 2859
595 2883
596 2935
597 4171
598 4831
599 4167
600 2905
601 4172
602 4832
603 4861
604 2918
605 4214
606 4833
607 3199
608 4861
609 2912
610 2912
611 2921
612 2918
613 537
614 2361
615 503
616 2362
617 712
618 271
619 2232
620 844
621 2192
622 2192
623 598
624 346
625 367
626 619
627 366
628 333
629 2420
630 1387
631 1499
632 464
633 4796
634 654
635 2265
636 2190
637 2205
638 1626
639 484
640 2277
641 1361
642 787
643 911
644 1392
645 914
646 915
647 914
648 1481
649 758
650 758
651 1520
652 1482
653 2365
654 602
655 1723
656 495
657 2319
658 690
659 2874
660 2873
661 2859
662 3194
663 2900
664 4202
665 2916
666 546
667 547
668 293
669 716
670 283
671 2269
672 432
673 678
674 258
675 750
676 2473
677 758
678 2343
679 2283
680 2283
681 296
682 1649
683 294
684 1375
685 1494
686 476
687 1375
688 1456
689 951
690 1459
691 1442
692 757
693 790
694 1465
695 1457
696 1440
697 944
698 1446
699 756
700 728
701 842
702 789
703 1431
704 924
705 720
706 1421
707 1421
708 789
709 931
710 931
711 486
712 270
713 740
714 316
715 1751
716 931
717 1421
718 1465
719 1452
720 723
721 789
722 1751
723 1511
724 1751
725 2236
726 1424
727 1424
728 1420
729 949
730 1467
731 1452
732 1419
733 1511
734 931
735 792
736 1427
737 1456
738 1448
739 1414
740 792
741 1424
742 247
743 1442
744 1419
745 1751
746 1419
747 1418
748 951
749 1456
750 1762
751 756
752 723
753 486
754 1436
755 1436
756 799
757 2474
758 1353
759 572
760 750
761 1565
762 915
763 2487
764 761
765 774
766 759
767 1573
768 1497
769 1522
770 746
771 258
772 1424
773 729
774 931
775 2453
776 170
777 1474
778 169
779 2437
780 817
781 159
782 79
783 1788
784 206
785 205
786 169
787 2387
788 2387
789 814
790 1612
791 271
792 169
793 170
794 810
795 144
796 173
797 169
798 205
799 2397
800 2229
801 2189
802 2189
803 305
804 819
805 826
806 103
807 31
808 130
809 834
810 1782
811 895
812 1549
813 1549
814 1366
815 2447
816 457
817 2458
818 1363
819 1400
820 681
821 1520
822 1352
823 1566
824 1366
825 787
826 787
827 750
828 746
829 787
830 746
831 746
832 746
833 1570
834 1570
835 1570
836 754
837 258
838 258
839 750
840 1570
841 762
842 1570
843 762
844 762
845 787
846 1570
847 1570
848 1570
849 1570
850 1527
851 516
852 226
853 1345
854 1345
855 1345
856 1537
857 1520
858 1527
859 802
860 1345
861 258
862 1345
863 750
864 750
865 750
866 750
867 2472
868 1527
869 753
870 2472
871 580
872 803
873 246
874 582
875 675
876 861
877 2332
878 861
879 1345
880 898
881 2447
882 1520
883 911
884 2447
885 258
886 750
887 746
888 750
889 762
890 1570
891 1570
892 1570
893 1570
894 1570
895 739
896 1570
897 1566
898 914
899 758
900 1414
901 1424
902 1751
903 931
904 2236
905 90
906 41
907 125
908 789
909 1769
910 790
911 952
912 1436
913 779
914 757
915 721
916 721
917 728
918 983
919 1299
920 1040
921 983
922 1008
923 1026
924 939
925 939
926 1073
927 1026
928 1468
929 1023
930 972
931 969
932 1334
933 1465
934 1468
935 1461
936 936
937 1003
938 1003
939 997
940 434
941 338
942 997
943 1328
944 978
945 1015
946 1032
947 1239
948 354
949 621
950 1232
951 978
952 1328
953 657
954 1056
955 984
956 996
957 1006
958 1009
959 1299
960 1328
961 999
962 1009
963 1300
964 993
965 354
966 338
967 1224
968 657
969 1039
970 360
971 1259
972 354
973 1171
974 1039
975 1017
976 1300
977 338
978 338
979 992
980 435
981 1003
982 1171
983 965
984 1003
985 621
986 1241
987 1239
988 1224
989 1006
990 1171
991 1328
992 1006
993 1235
994 1320
995 1332
996 1299
997 1299
998 1332
999 1332
1000 1072
1001 1224
1002 1231
1003 1068
1004 1010
1005 361
1006 1300
1007 1231
1008 989
1009 1224
1010 360
1011 1039
1012 1014
1013 434
1014 657
1015 1061
1016 1032
1017 1259
1018 1231
1019 1224
1020 1246
1021 1246
1022 1231
1023 338
1024 1241
1025 1056
1026 1232
1027 338
1028 1015
1029 1008
1030 1009
1031 1308
1032 1036
1033 1300
1034 1231
1035 1309
1036 360
1037 1009
1038 1068
1039 621
1040 657
1041 1300
1042 1462
1043 1239
1044 1300
1045 1231
1046 1254
1047 1241
1048 1254
1049 1250
1050 1250
1051 1250
1052 1253
1053 1254
1054 1250
1055 1254
1056 1253
1057 1250
1058 1241
1059 1253
1060 1241
1061 1250
1062 1250
1063 1250
1064 1250
1065 1250
1066 1250
1067 1231
1068 1300
1069 360
1070 1300
1071 1231
1072 1231
1073 1231
1074 1239
1075 1038
1076 1231
1077 1232
1078 1301
1079 1224
1080 1039
1081 1224
1082 1249
1083 1239
1084 1221
1085 1038
1086 1239
1087 1259
1088 1221
1089 1241
1090 1177
1091 1253
1092 1239
1093 1239
1094 1301
1095 1259
1096 1239
1097 1246
1098 1241
1099 1250
1100 1256
1101 1256
1102 1256
1103 1249
1104 1249
1105 1256
1106 1256
1107 1256
1108 1256
1109 1253
1110 1249
1111 1256
1112 1256
1113 1256
1114 1256
1115 1256
1116 1301
1117 1259
1118 1239
1119 1259
1120 1224
1121 1259
1122 1231
1123 1309
1124 1032
1125 1259
1126 1224
1127 435
1128 435
1129 621
1130 1239
1131 1225
1132 1222
1133 1231
1134 1231
1135 987
1136 1239
1137 1224
1138 1235
1139 1235
1140 1259
1141 1301
1142 1235
1143 1239
1144 1239
1145 1239
1146 1259
1147 1241
1148 1310
1149 1222
1150 1224
1151 1224
1152 1246
1153 1235
1154 1250
1155 1250
1156 1254
1157 1250
1158 1250
1159 1250
1160 1250
1161 1256
1162 1250
1163 1241
1164 1246
1165 1254
1166 1254
1167 1250
1168 1250
1169 1256
1170 1070
1171 1231
1172 1239
1173 987
1174 1263
1175 1038
1176 1263
1177 1301
1178 1259
1179 1300
1180 1231
1181 1005
1182 434
1183 1096
1184 1300
1185 1301
1186 1300
1187 1039
1188 1064
1189 1064
1190 1301
1191 1259
1192 435
1193 1300
1194 1300
1195 987
1196 1071
1197 1224
1198 1224
1199 1238
1200 1238
1201 1259
1202 1228
1203 1224
1204 1238
1205 1223
1206 1238
1207 1238
1208 1224
1209 1224
1210 1259
1211 1036
1212 1258
1213 435
1214 1039
1215 1042
1216 1042
1217 1337
1218 1337
1219 1337
1220 1323
1221 991
1222 1337
1223 999
1224 984
1225 1267
1226 1267
1227 961
1228 1035
1229 657
1230 1035
1231 1035
1232 1035
1233 1035
1234 976
1235 1268
1236 1035
1237 361
1238 657
1239 1323
1240 1323
1241 961
1242 1269
1243 961
1244 1035
1245 1035
1246 657
1247 657
1248 657
1249 1006
1250 1039
1251 1036
1252 993
1253 354
1254 354
1255 1171
1256 338
1257 338
1258 1005
1259 1041
1260 354
1261 1010
1262 338
1263 354
1264 1323
1265 435
1266 959
1267 1171
1268 964
1269 999
1270 1068
1271 1010
1272 996
1273 971
1274 979
1275 979
1276 996
1277 996
1278 1006
1279 1017
1280 1009
1281 1308
1282 991
1283 991
1284 48
1285 48
1286 2438
1287 101
1288 205
1289 205
1290 173
1291 1568
1292 1392
1293 1568
1294 1409
1295 317
1296 1476
1297 1414
1298 1414
1299 1573
1300 759
1301 759
1302 1414
1303 1415
1304 927
1305 1424
1306 1573
1307 1568
1308 1406
1309 738
1310 1424
1311 774
1312 1414
1313 1410
1314 1424
1315 914
1316 913
1317 914
1318 914
1319 736
1320 1570
1321 736
1322 1575
1323 476
1324 1353
1325 483
1326 476
1327 914
1328 1564
1329 1570
1330 1570
1331 1564
1332 766
1333 913
1334 1361
1335 1575
1336 758
1337 1573
1338 1380
1339 1375
1340 476
1341 1353
1342 744
1343 748
1344 1575
1345 1500
1346 1377
1347 1477
1348 2390
1349 488
1350 292
1351 292
1352 1477
1353 1499
1354 489
1355 2446
1356 2247
1357 225
1358 506
1359 579
1360 804
1361 867
1362 1364
1363 802
1364 258
1365 483
1366 2476
1367 2486
1368 2465
1369 1427
1370 757
1371 1433
1372 756
1373 1436
1374 1436
1375 1440
1376 1433
1377 777
1378 720
1379 777
1380 1433
1381 790
1382 955
1383 1447
1384 1452
1385 955
1386 1445
1387 1452
1388 946
1389 952
1390 951
1391 946
1392 1055
1393 1055
1394 940
1395 1458
1396 1456
1397 940
1398 940
1399 1465
1400 1055
1401 1456
1402 1445
1403 1459
1404 1026
1405 1468
1406 1334
1407 1464
1408 1461
1409 939
1410 1468
1411 1027
1412 1021
1413 1299
1414 1468
1415 1057
1416 1007
1417 969
1418 1057
1419 1008
1420 1040
1421 1040
1422 1008
1423 972
1424 1549
1425 862
1426 2451
1427 2387
1428 707
1429 862
1430 884
1431 1482
1432 1498
1433 2456
1434 307
1435 2245
1436 2487
1437 1499
1438 292
1439 2478
1440 603
1441 580
1442 1539
1443 1520
1444 229
1445 1482
1446 1380
1447 738
1448 1564
1449 1570
1450 753
1451 749
1452 746
1453 1570
1454 746
1455 2473
1456 1523
1457 2453
1458 590
1459 1389
1460 1385
1461 2281
1462 1510
1463 1580
1464 2215
1465 1505
1466 932
1467 899
1468 863
1469 569
1470 1520
1471 1353
1472 483
1473 1522
1474 572
1475 748
1476 2473
1477 744
1478 739
1479 744
1480 1570
1481 913
1482 1570
1483 1570
1484 1570
1485 1570
1486 572
1487 2473
1488 2447
1489 2468
1490 1552
1491 884
1492 1520
1493 490
1494 2469
1495 2487
1496 2487
1497 1483
1498 2487
1499 915
1500 2487
1501 759
1502 225
1503 2487
1504 456
1505 799
1506 2453
1507 1521
1508 2471
1509 899
1510 711
1511 883
1512 2451
1513 1573
1514 591
1515 229
1516 1566
1517 591
1518 579
1519 2341
1520 2447
1521 803
1522 881
1523 1519
1524 1566
1525 1399
1526 860
1527 2333
1528 2341
1529 2332
1530 1543
1531 1539
1532 1539
1533 1539
1534 681
1535 884
1536 865
1537 707
1538 508
1539 1511
1540 1751
1541 1511
1542 1421
1543 1418
1544 1420
1545 1751
1546 1421
1547 1511
1548 771
1549 1442
1550 1442
1551 789
1552 1511
1553 1370
1554 1552
1555 2465
1556 2386
1557 230
1558 480
1559 1580
1560 1485
1561 2336
1562 481
1563 1587
1564 2415
1565 479
1566 2481
1567 881
1568 483
1569 518
1570 1353
1571 1375
1572 483
1573 788
1574 750
1575 750
1576 750
1577 750
1578 573
1579 100
1580 147
1581 117
1582 834
1583 1474
1584 514
1585 143
1586 248
1587 250
1588 275
1589 318
1590 315
1591 1602
1592 1607
1593 1752
1594 843
1595 1721
1596 233
1597 1737
1598 1721
1599 1617
1600 2338
1601 1617
1602 2276
1603 1616
1604 1775
1605 1624
1606 2335
1607 333
1608 2319
1609 688
1610 1629
1611 1655
1612 606
1613 605
1614 330
1615 1628
1616 2353
1617 659
1618 330
1619 499
1620 1651
1621 2309
1622 342
1623 2309
1624 453
1625 1644
1626 1633
1627 330
1628 1629
1629 2308
1630 323
1631 1645
1632 1644
1633 2320
1634 1629
1635 2307
1636 330
1637 606
1638 539
1639 312
1640 2194
1641 615
1642 1656
1643 613
1644 342
1645 1664
1646 1657
1647 343
1648 4812
1649 4813
1650 4181
1651 2937
1652 4205
1653 4207
1654 4168
1655 2899
1656 4213
1657 2908
1658 4173
1659 4181
1660 4832
1661 4832
1662 4831
1663 4169
1664 4172
1665 2896
1666 4857
1667 4165
1668 2935
1669 4167
1670 2890
1671 4174
1672 4183
1673 4165
1674 2894
1675 4167
1676 4165
1677 4192
1678 2909
1679 3199
1680 3143
1681 2907
1682 4214
1683 2937
1684 3070
1685 3143
1686 4213
1687 2917
1688 2907
1689 4201
1690 2937
1691 4199
1692 2938
1693 4833
1694 3199
1695 3199
1696 653
1697 2200
1698 432
1699 2239
1700 520
1701 686
1702 673
1703 2239
1704 2193
1705 2276
1706 289
1707 656
1708 656
1709 432
1710 1721
1711 683
1712 2345
1713 1615
1714 2399
1715 462
1716 462
1717 1618
1718 2280
1719 1729
1720 2395
1721 2281
1722 487
1723 1764
1724 1580
1725 305
1726 2317
1727 2420
1728 1379
1729 1385
1730 663
1731 2337
1732 1758
1733 274
1734 1752
1735 233
1736 2281
1737 2397
1738 1750
1739 2281
1740 2426
1741 47
1742 19
1743 1781
1744 46
1745 2426
1746 2426
1747 62
1748 432
1749 432
1750 2407
1751 292
1752 4301
1753 4458
1754 4459
1755 4454
1756 4464
1757 4868
1758 4295
1759 4454
1760 4292
1761 4301
1762 4868
1763 4869
1764 4472
1765 4681
1766 4304
1767 4672
1768 4467
1769 4672
1770 4672
1771 4296
1772 4467
1773 4672
1774 4300
1775 4672
1776 4673
1777 4474
1778 4365
1779 4365
1780 4635
1781 4430
1782 4401
1783 4430
1784 4430
1785 4401
1786 4365
1787 4430
1788 4365
1789 4365
1790 4365
1791 4365
1792 4365
1793 4365
1794 4365
1795 4365
1796 4365
1797 4365
1798 4365
1799 4402
1800 4348
1801 4348
1802 4347
1803 4347
1804 4425
1805 4633
1806 4635
1807 4349
1808 4349
1809 4430
1810 4401
1811 4399
1812 4430
1813 4419
1814 4430
1815 4418
1816 4310
1817 4430
1818 4401
1819 4365
1820 4365
1821 4365
1822 4401
1823 4365
1824 4365
1825 4365
1826 4401
1827 4365
1828 4401
1829 4365
1830 4441
1831 4365
1832 4419
1833 4401
1834 4365
1835 4365
1836 4365
1837 4441
1838 4365
1839 4401
1840 4347
1841 4350
1842 4347
1843 4635
1844 4349
1845 4633
1846 4350
1847 4633
1848 4347
1849 4636
1850 4350
1851 4636
1852 4315
1853 4349
1854 4670
1855 4634
1856 4635
1857 4635
1858 4633
1859 4365
1860 4365
1861 4402
1862 4401
1863 4365
1864 4365
1865 4365
1866 4365
1867 4365
1868 4365
1869 4365
1870 4365
1871 4365
1872 4365
1873 4315
1874 4315
1875 4347
1876 4669
1877 4430
1878 4430
1879 4419
1880 4365
1881 4401
1882 4401
1883 4365
1884 4365
1885 4365
1886 4365
1887 4365
1888 4365
1889 4365
1890 4365
1891 4425
1892 4406
1893 4633
1894 4349
1895 4347
1896 4425
1897 4493
1898 4349
1899 4301
1900 4452
1901 4479
1902 4459
1903 4301
1904 4289
1905 4284
1906 4868
1907 4283
1908 4293
1909 4283
1910 4866
1911 4283
1912 4480
1913 4289
1914 4302
1915 4290
1916 4472
1917 4477
1918 4296
1919 4671
1920 4588
1921 4588
1922 4590
1923 4871
1924 4679
1925 4562
1926 4882
1927 4306
1928 4654
1929 4503
1930 4491
1931 4484
1932 4488
1933 4492
1934 4484
1935 4492
1936 4556
1937 4654
1938 4503
1939 4503
1940 4395
1941 4556
1942 4544
1943 4502
1944 4655
1945 4655
1946 4598
1947 4494
1948 4508
1949 4510
1950 4504
1951 4552
1952 4484
1953 4595
1954 4543
1955 4543
1956 4543
1957 4557
1958 4550
1959 4553
1960 4595
1961 4554
1962 4554
1963 4880
1964 4555
1965 4620
1966 4618
1967 4563
1968 4540
1969 4880
1970 4576
1971 4624
1972 4876
1973 4540
1974 4535
1975 4541
1976 4532
1977 4536
1978 4532
1979 4528
1980 4522
1981 4572
1982 4508
1983 4511
1984 4489
1985 4554
1986 4551
1987 4546
1988 4515
1989 4505
1990 4519
1991 4545
1992 4605
1993 4545
1994 4566
1995 4568
1996 4604
1997 4523
1998 4571
1999 4521
2000 4524
2001 4677
2002 4515
2003 4546
2004 4543
2005 4557
2006 4595
2007 4617
2008 4621
2009 4620
2010 4620
2011 4620
2012 4620
2013 4626
2014 4573
2015 4571
2016 4516
2017 4677
2018 4524
2019 4679
2020 4524
2021 4581
2022 4679
2023 4534
2024 4589
2025 4589
2026 4534
2027 4534
2028 4590
2029 4535
2030 4589
2031 4496
2032 4654
2033 4566
2034 4596
2035 4602
2036 4543
2037 4596
2038 4596
2039 4611
2040 4553
2041 4611
2042 4553
2043 4567
2044 4607
2045 4518
2046 4567
2047 4553
2048 4557
2049 4557
2050 4613
2051 4610
2052 4568
2053 4568
2054 4612
2055 4612
2056 4621
2057 4615
2058 4621
2059 4616
2060 4616
2061 4621
2062 4621
2063 4620
2064 4622
2065 4623
2066 4622
2067 4446
2068 4447
2069 4309
2070 4421
2071 4395
2072 4652
2073 4418
2074 4342
2075 4651
2076 4637
2077 4503
2078 4342
2079 4637
2080 4634
2081 4639
2082 4633
2083 4635
2084 4495
2085 4634
2086 4482
2087 4492
2088 4481
2089 4482
2090 4481
2091 4494
2092 4652
2093 4655
2094 4419
2095 4399
2096 4655
2097 4447
2098 4339
2099 4395
2100 4673
2101 4673
2102 4588
2103 4471
2104 4680
2105 4678
2106 4586
2107 4677
2108 4588
2109 4671
2110 4878
2111 258
2112 258
2113 258
2114 1556
2115 4188
2116 4187
2117 4858
2118 2420
2119 2209
2120 295
2121 1663
2122 1617
2123 416
2124 2859
2125 3194
2126 618
2127 2323
2128 2419
2129 660
2130 2873
2131 2239
2132 1735
2133 277
2134 304
2135 531
2136 1648
2137 2321
2138 2276
2139 2297
2140 2397
2141 663
2142 1750
2143 321
2144 613
2145 615
2146 554
2147 443
2148 367
2149 2955
2150 2955
2151 369
2152 344
2153 617
2154 2260
2155 2219
2156 1735
2157 1750
2158 233
2159 553
2160 659
2161 1722
2162 1503
2163 2935
2164 2895
2165 2336
2166 1389
2167 1718
2168 2193
2169 2192
2170 520
2171 652
2172 432
2173 1610
2174 432
2175 432
2176 432
2177 2362
2178 474
2179 685
2180 1733
2181 474
2182 654
2183 2276
2184 432
2185 432
2186 2250
2187 1732
2188 2362
2189 1723
2190 2264
2191 1614
2192 2204
2193 2240
2194 2232
2195 750
2196 2232
2197 277
2198 2484
2199 295
2200 2225
2201 345
2202 2953
2203 4858
2204 2912
2205 625
2206 3196
2207 286
2208 902
2209 1591
2210 1585
2211 1734
2212 1734
2213 1719
2214 1719
2215 1399
2216 542
2217 414
2218 414
2219 415
2220 1644
2221 2351
2222 1658
2223 625
2224 2897
2225 4861
2226 2361
2227 537
2228 2361
2229 2382
2230 463
2231 493
2232 326
2233 2323
2234 2324
2235 2324
2236 3192
2237 3128
2238 4182
2239 4167
2240 4202
2241 717
2242 751
2243 758
2244 569
2245 1370
2246 590
2247 584
2248 2468
2249 2484
2250 1575
2251 1573
2252 246
2253 2204
2254 1513
2255 480
2256 2308
2257 543
2258 300
2259 314
2260 613
2261 624
2262 2897
2263 2899
2264 4183
2265 2895
2266 3199
2267 4212
2268 602
2269 1617
2270 2188
2271 4284
2272 4306
2273 4298
2274 4302
2275 4866
2276 4673
2277 4632
2278 4541
2279 4523
2280 4873
2281 4570
2282 4525
2283 4538
2284 4570
2285 4588
2286 2239
2287 289
2288 601
2289 1365
2290 864
2291 1764
2292 1484
2293 304
2294 718
2295 598
2296 1772
2297 884
2298 603
2299 2336
2300 899
2301 603
2302 481
2303 903
2304 678
2305 2440
2306 462
2307 667
2308 1376
2309 2345
2310 1774
2311 2437
2312 145
2313 169
2314 193
2315 214
2316 172
2317 205
2318 205
2319 170
2320 2437
2321 174
2322 174
2323 193
2324 2439
2325 1552
2326 538
2327 584
2328 910
2329 1567
2330 1570
2331 1570
2332 1570
2333 678
2334 1570
2335 1570
2336 1491
2337 1364
2338 581
2339 1372
2340 807
2341 2484
2342 246
2343 238
2344 1353
2345 750
2346 1539
2347 678
2348 1366
2349 681
2350 1366
2351 1591
2352 222
2353 457
2354 1544
2355 860
2356 1494
2357 916
2358 580
2359 1539
2360 582
2361 861
2362 2473
2363 2473
2364 758
2365 476
2366 2473
2367 914
2368 914
2369 913
2370 914
2371 914
2372 1570
2373 914
2374 736
2375 748
2376 918
2377 2473
2378 1522
2379 1544
2380 2332
2381 1544
2382 675
2383 857
2384 898
2385 582
2386 860
2387 881
2388 538
2389 457
2390 1588
2391 2483
2392 455
2393 1755
2394 682
2395 2396
2396 2392
2397 1485
2398 2385
2399 1587
2400 221
2401 2465
2402 1402
2403 1488
2404 667
2405 1581
2406 2502
2407 251
2408 4271
2409 2562
2410 2
2411 2556
2412 67
2413 42
2414 1782
2415 2598
2416 2605
2417 3426
2418 2606
2419 4271
2420 2647
2421 2650
2422 2650
2423 2631
2424 2606
2425 2647
2426 4921
2427 2564
2428 2564
2429 4918
2430 4918
2431 4918
2432 2533
2433 4930
2434 2663
2435 1779
2436 2527
2437 2703
2438 2564
2439 2556
2440 46
2441 2657
2442 46
2443 2534
2444 2673
2445 1784
2446 2532
2447 2562
2448 2621
2449 2699
2450 2531
2451 2568
2452 2566
2453 2571
2454 4918
2455 1782
2456 1779
2457 2606
2458 2535
2459 159
2460 148
2461 5
2462 47
2463 138
2464 46
2465 2621
2466 2542
2467 119
2468 2553
2469 46
2470 4918
2471 2697
2472 2720
2473 4921
2474 4921
2475 4930
2476 2699
2477 2686
2478 2658
2479 2533
2480 2513
2481 2659
2482 2701
2483 2621
2484 2527
2485 2656
2486 2563
2487 2720
2488 2720
2489 14
2490 2593
2491 99
2492 2554
2493 2719
2494 132
2495 4275
2496 2553
2497 14
2498 20
2499 46
2500 46
2501 920
2502 103
2503 919
2504 67
2505 123
2506 14
2507 2515
2508 9
2509 2
2510 3859
2511 3313
2512 2548
2513 46
2514 2656
2515 2585
2516 2624
2517 2724
2518 59
2519 2562
2520 2663
2521 3861
2522 46
2523 2699
2524 3426
2525 2650
2526 2673
2527 103
2528 150
2529 3355
2530 47
2531 2623
2532 2566
2533 42
2534 4918
2535 73
2536 2565
2537 4921
2538 2565
2539 4921
2540 2565
2541 2565
2542 2716
2543 2733
2544 4921
2545 4921
2546 4921
2547 4922
2548 2718
2549 2735
2550 4934
2551 2720
2552 2701
2553 2688
2554 4933
2555 4921
2556 2541
2557 4922
2558 2735
2559 2718
2560 2724
2561 2718
2562 3332
2563 2724
2564 2735
2565 4922
2566 2724
2567 2688
2568 2688
2569 2724
2570 2724
2571 4922
2572 4922
2573 2565
2574 2565
2575 4922
2576 2565
2577 4921
2578 2565
2579 4922
2580 3332
2581 3332
2582 2733
2583 2735
2584 3313
2585 2646
2586 470
2587 3326
2588 2984
2589 3915
2590 3915
2591 4089
2592 3086
2593 4891
2594 3269
2595 3366
2596 3366
2597 4025
2598 4954
2599 4954
2600 4090
2601 4051
2602 4087
2603 2464
2604 3367
2605 4713
2606 3104
2607 1486
2608 141
2609 1777
2610 3313
2611 4942
2612 4281
2613 3367
2614 3410
2615 3104
2616 4903
2617 4953
2618 4038
2619 1488
2620 4947
2621 4025
2622 3366
2623 3365
2624 3310
2625 221
2626 3179
2627 4057
2628 3377
2629 4957
2630 4032
2631 4048
2632 532
2633 3363
2634 3404
2635 3363
2636 4894
2637 4964
2638 4971
2639 3207
2640 4964
2641 4957
2642 3260
2643 4032
2644 4968
2645 3910
2646 4798
2647 2988
2648 4087
2649 4903
2650 3352
2651 2802
2652 849
2653 3903
2654 3313
2655 2802
2656 4113
2657 850
2658 2773
2659 4777
2660 4115
2661 2503
2662 4011
2663 2981
2664 2982
2665 4085
2666 4987
2667 272
2668 2274
2669 2789
2670 2789
2671 4711
2672 4988
2673 4988
2674 1742
2675 1621
2676 3030
2677 1598
2678 2805
2679 2806
2680 4711
2681 2789
2682 4785
2683 2805
2684 4266
2685 4249
2686 1582
2687 2499
2688 588
2689 4847
2690 2823
2691 2823
2692 3147
2693 2823
2694 2923
2695 2271
2696 4013
2697 3991
2698 2753
2699 4090
2700 2464
2701 2991
2702 2827
2703 4127
2704 2840
2705 4137
2706 4850
2707 2798
2708 2836
2709 3168
2710 3004
2711 2822
2712 4805
2713 3105
2714 4141
2715 4160
2716 4143
2717 4745
2718 4744
2719 4144
2720 4744
2721 4142
2722 4744
2723 4744
2724 2830
2725 4164
2726 3161
2727 4852
2728 2861
2729 4699
2730 3629
2731 3629
2732 3619
2733 3619
2734 3580
2735 3029
2736 3157
2737 4848
2738 3060
2739 4144
2740 2847
2741 2847
2742 4851
2743 2926
2744 4852
2745 2849
2746 3580
2747 3580
2748 3580
2749 3510
2750 3619
2751 3625
2752 3619
2753 3625
2754 3157
2755 4820
2756 3029
2757 3120
2758 4809
2759 2942
2760 4707
2761 2861
2762 3619
2763 2858
2764 2889
2765 2861
2766 3190
2767 2875
2768 3029
2769 3619
2770 3629
2771 3629
2772 3629
2773 3613
2774 3629
2775 3619
2776 3629
2777 2889
2778 2889
2779 2889
2780 3619
2781 1696
2782 1689
2783 2861
2784 3029
2785 2948
2786 2945
2787 2869
2788 3619
2789 3126
2790 2962
2791 2962
2792 3619
2793 3619
2794 2949
2795 2888
2796 450
2797 696
2798 2943
2799 2289
2800 2289
2801 2293
2802 387
2803 697
2804 1666
2805 2329
2806 1684
2807 1687
2808 2293
2809 2293
2810 2293
2811 2293
2812 1687
2813 387
2814 565
2815 466
2816 467
2817 668
2818 668
2819 503
2820 432
2821 4162
2822 4138
2823 2841
2824 4848
2825 2865
2826 2861
2827 2861
2828 2875
2829 561
2830 425
2831 385
2832 1673
2833 4215
2834 4754
2835 3121
2836 4735
2837 2846
2838 2862
2839 2862
2840 2847
2841 3156
2842 4702
2843 2833
2844 4794
2845 3112
2846 4139
2847 4150
2848 2857
2849 3619
2850 3625
2851 3190
2852 3190
2853 4732
2854 2881
2855 2949
2856 2949
2857 3619
2858 3625
2859 3619
2860 3629
2861 3625
2862 3625
2863 3156
2864 3156
2865 3156
2866 4993
2867 2480
2868 3367
2869 3367
2870 1541
2871 4017
2872 4977
2873 1742
2874 2416
2875 4239
2876 2504
2877 1600
2878 588
2879 2318
2880 3184
2881 4773
2882 3185
2883 3027
2884 4121
2885 3913
2886 1397
2887 3207
2888 839
2889 2464
2890 240
2891 3303
2892 4782
2893 4108
2894 3899
2895 3996
2896 2818
2897 4098
2898 4098
2899 3040
2900 4953
2901 3040
2902 4953
2903 3910
2904 4947
2905 4957
2906 4048
2907 3399
2908 3104
2909 4230
2910 4754
2911 4911
2912 3165
2913 3035
2914 4912
2915 4848
2916 4848
2917 3002
2918 4240
2919 2997
2920 3003
2921 467
2922 4796
2923 4796
2924 4964
2925 3359
2926 4964
2927 3377
2928 4000
2929 3174
2930 3174
2931 3018
2932 510
2933 2579
2934 2579
2935 120
2936 3314
2937 3313
2938 3313
2939 2619
2940 104
2941 3260
2942 3936
2943 3313
2944 4233
2945 4757
2946 4891
2947 3156
2948 2411
2949 103
2950 1773
2951 4067
2952 2497
2953 3011
2954 4952
2955 1560
2956 4796
2957 472
2958 537
2959 1719
2960 4771
2961 4884
2962 4885
2963 3185
2964 2997
2965 2979
2966 3330
2967 4240
2968 4242
2969 3331
2970 2295
2971 712
2972 2805
2973 2804
2974 3057
2975 2842
2976 4151
2977 4147
2978 4849
2979 3187
2980 2930
2981 3119
2982 2876
2983 2861
2984 2875
2985 562
2986 385
2987 565
2988 4968
2989 4963
2990 4954
2991 4954
2992 4031
2993 3915
2994 4886
2995 4024
2996 4090
2997 4962
2998 3913
2999 4944
3000 2765
3001 3086
3002 4956
3003 4079
3004 3428
3005 4943
3006 3365
3007 3366
3008 4943
3009 4799
3010 4968
3011 4939
3012 3079
3013 4951
3014 3094
3015 4057
3016 4936
3017 4947
3018 4936
3019 2480
3020 1777
3021 152
3022 3040
3023 3040
3024 4910
3025 3040
3026 3915
3027 3040
3028 4098
3029 3075
3030 3365
3031 3359
3032 4061
3033 4079
3034 2791
3035 4013
3036 4016
3037 4019
3038 4019
3039 4774
3040 2504
3041 4243
3042 3269
3043 2316
3044 2923
3045 2315
3046 4217
3047 2254
3048 3346
3049 4113
3050 4011
3051 4807
3052 4807
3053 331
3054 4156
3055 2809
3056 4143
3057 3057
3058 4138
3059 4149
3060 2833
3061 4151
3062 3029
3063 2848
3064 2847
3065 4716
3066 4787
3067 4811
3068 2849
3069 3116
3070 4146
3071 4164
3072 4151
3073 4155
3074 2853
3075 4820
3076 2870
3077 2856
3078 3029
3079 3156
3080 3619
3081 4732
3082 2949
3083 4787
3084 3122
3085 2849
3086 3156
3087 3028
3088 3625
3089 2880
3090 2889
3091 1696
3092 2889
3093 2289
3094 2289
3095 2858
3096 2293
3097 378
3098 1673
3099 2293
3100 3103
3101 4241
3102 3051
3103 4221
3104 685
3105 286
3106 4105
3107 4266
3108 3099
3109 3348
3110 4893
3111 2793
3112 4915
3113 2862
3114 3580
3115 3580
3116 2846
3117 2927
3118 4808
3119 4848
3120 4133
3121 4136
3122 4162
3123 4838
3124 4907
3125 3991
3126 4985
3127 2940
3128 4755
3129 4769
3130 2991
3131 3152
3132 3152
3133 4121
3134 3359
3135 4964
3136 2749
3137 3293
3138 4936
3139 4939
3140 4968
3141 3287
3142 4057
3143 4057
3144 3885
3145 3428
3146 1788
3147 602
3148 4239
3149 3165
3150 4898
3151 4851
3152 4851
3153 4154
3154 4130
3155 2866
3156 4825
3157 4699
3158 2852
3159 2853
3160 2872
3161 3060
3162 2867
3163 2950
3164 1686
3165 3206
3166 3051
3167 3051
3168 4228
3169 537
3170 3006
3171 289
3172 2291
3173 464
3174 3101
3175 432
3176 3326
3177 3363
3178 3409
3179 3396
3180 1609
3181 1737
3182 3172
3183 4119
3184 2940
3185 3936
3186 3363
3187 3367
3188 3405
3189 3110
3190 4721
3191 4256
3192 2826
3193 4034
3194 4034
3195 2748
3196 2774
3197 3902
3198 4753
3199 4252
3200 3990
3201 4753
3202 2826
3203 3990
3204 2826
3205 4959
3206 2826
3207 2746
3208 2995
3209 2746
3210 4959
3211 4027
3212 3273
3213 3273
3214 4028
3215 3913
3216 3913
3217 3273
3218 3091
3219 4938
3220 2746
3221 2748
3222 2748
3223 2826
3224 2826
3225 4033
3226 2746
3227 3273
3228 4959
3229 4959
3230 4027
3231 2826
3232 2763
3233 3110
3234 3902
3235 2763
3236 4027
3237 2826
3238 2964
3239 4938
3240 3273
3241 3909
3242 3110
3243 3091
3244 4886
3245 4029
3246 4959
3247 3273
3248 2826
3249 4959
3250 4033
3251 3273
3252 3936
3253 3902
3254 4027
3255 3913
3256 2826
3257 2763
3258 4027
3259 3087
3260 2826
3261 4954
3262 3040
3263 2762
3264 3010
3265 3405
3266 3404
3267 4048
3268 4943
3269 4048
3270 3366
3271 4946
3272 4025
3273 3303
3274 4968
3275 2743
3276 4894
3277 3409
3278 3410
3279 4960
3280 3902
3281 4959
3282 4953
3283 2565
3284 4921
3285 3313
3286 4921
3287 2701
3288 2663
3289 2564
3290 2564
3291 3333
3292 2724
3293 2565
3294 4921
3295 4921
3296 3313
3297 2551
3298 33
3299 1606
3300 1611
3301 4921
3302 2541
3303 2688
3304 2701
3305 2716
3306 4921
3307 2602
3308 3425
3309 4979
3310 4895
3311 4251
3312 4255
3313 2815
3314 3317
3315 3319
3316 2573
3317 3313
3318 133
3319 2631
3320 133
3321 3426
3322 2640
3323 3988
3324 3987
3325 1785
3326 4055
3327 65
3328 1560
3329 3367
3330 3885
3331 3367
3332 2759
3333 3367
3334 3269
3335 3269
3336 3018
3337 3403
3338 3410
3339 3104
3340 3104
3341 3104
3342 3174
3343 3179
3344 3104
3345 3406
3346 4057
3347 3081
3348 3404
3349 3174
3350 3377
3351 3377
3352 3403
3353 3410
3354 3377
3355 3405
3356 3377
3357 3403
3358 3174
3359 3885
3360 3885
3361 3367
3362 3367
3363 3367
3364 3367
3365 2759
3366 3867
3367 3036
3368 3367
3369 3363
3370 3367
3371 3367
3372 3409
3373 3378
3374 3378
3375 3269
3376 3867
3377 3036
3378 3080
3379 3269
3380 3207
3381 3885
3382 3266
3383 3885
3384 3207
3385 3018
3386 2759
3387 3367
3388 2759
3389 3026
3390 3018
3391 3885
3392 3367
3393 3885
3394 3409
3395 3377
3396 3403
3397 3104
3398 3377
3399 4000
3400 3081
3401 3359
3402 4964
3403 4964
3404 4957
3405 4947
3406 2986
3407 4957
3408 3365
3409 2765
3410 2746
3411 2746
3412 4956
3413 4959
3414 2746
3415 921
3416 4034
3417 2826
3418 4753
3419 4753
3420 4034
3421 3990
3422 3990
3423 3909
3424 3990
3425 3990
3426 3990
3427 4739
3428 2824
3429 2794
3430 4109
3431 2824
3432 2784
3433 4020
3434 3345
3435 3344
3436 4263
3437 3344
3438 4245
3439 2824
3440 3342
3441 4747
3442 4248
3443 4245
3444 2776
3445 2825
3446 1869
3447 3961
3448 3441
3449 1869
3450 1869
3451 4756
3452 1814
3453 4768
3454 4756
3455 3970
3456 3511
3457 1869
3458 1869
3459 1814
3460 3961
3461 1814
3462 3961
3463 1878
3464 1814
3465 4224
3466 3109
3467 4756
3468 3441
3469 3441
3470 3512
3471 3487
3472 1869
3473 1814
3474 3961
3475 1869
3476 3513
3477 3515
3478 3678
3479 1814
3480 1869
3481 3511
3482 3487
3483 3678
3484 1869
3485 3966
3486 1878
3487 3957
3488 1814
3489 4756
3490 3109
3491 1901
3492 1869
3493 3820
3494 3501
3495 1869
3496 4756
3497 1869
3498 2981
3499 4224
3500 3501
3501 4224
3502 1814
3503 2781
3504 2781
3505 2819
3506 2781
3507 2819
3508 2781
3509 3678
3510 3957
3511 1814
3512 3441
3513 3564
3514 3678
3515 1878
3516 1878
3517 3467
3518 3467
3519 3978
3520 4224
3521 3579
3522 3441
3523 3512
3524 3441
3525 3511
3526 4224
3527 3831
3528 3822
3529 3501
3530 3511
3531 1814
3532 3495
3533 1878
3534 4219
3535 1814
3536 1869
3537 2819
3538 4768
3539 3957
3540 3528
3541 3512
3542 3500
3543 3513
3544 3846
3545 4224
3546 4768
3547 3957
3548 3822
3549 3545
3550 2788
3551 4224
3552 3545
3553 3512
3554 3831
3555 3826
3556 3555
3557 3568
3558 3821
3559 3826
3560 3747
3561 3555
3562 3829
3563 3568
3564 3568
3565 3820
3566 3831
3567 3568
3568 3555
3569 3568
3570 3568
3571 3568
3572 3846
3573 3847
3574 3564
3575 3512
3576 3827
3577 3847
3578 3515
3579 3516
3580 3822
3581 3501
3582 3515
3583 3506
3584 3495
3585 3818
3586 3514
3587 3519
3588 3501
3589 3516
3590 3493
3591 3826
3592 3515
3593 3678
3594 3514
3595 3831
3596 3501
3597 3828
3598 3510
3599 3820
3600 3829
3601 3495
3602 3820
3603 3516
3604 3678
3605 3821
3606 3821
3607 3568
3608 3733
3609 3733
3610 3730
3611 3568
3612 3568
3613 3733
3614 3615
3615 3733
3616 3730
3617 3821
3618 3615
3619 3680
3620 3733
3621 3733
3622 3733
3623 3733
3624 3733
3625 3500
3626 3678
3627 3512
3628 3515
3629 3515
3630 3500
3631 3557
3632 3500
3633 3500
3634 3506
3635 3512
3636 3512
3637 3957
3638 3678
3639 3515
3640 3500
3641 3487
3642 3500
3643 3678
3644 3677
3645 3678
3646 3467
3647 3501
3648 3516
3649 3518
3650 3512
3651 3831
3652 3677
3653 3820
3654 3516
3655 3501
3656 3501
3657 3677
3658 3818
3659 3475
3660 3678
3661 3515
3662 3831
3663 3820
3664 3826
3665 3568
3666 3568
3667 3568
3668 3747
3669 3568
3670 3747
3671 3568
3672 3568
3673 3821
3674 3568
3675 3828
3676 3568
3677 3568
3678 3568
3679 3568
3680 3568
3681 3568
3682 3500
3683 3519
3684 3500
3685 3500
3686 3512
3687 3500
3688 3852
3689 3500
3690 3512
3691 3545
3692 3545
3693 3979
3694 3512
3695 3557
3696 3557
3697 3564
3698 3441
3699 3818
3700 3512
3701 3512
3702 3557
3703 3957
3704 3852
3705 3852
3706 3514
3707 3514
3708 3838
3709 3843
3710 3515
3711 3494
3712 3515
3713 3838
3714 3575
3715 3575
3716 3466
3717 3521
3718 3575
3719 3575
3720 3500
3721 3575
3722 3564
3723 3509
3724 3519
3725 3449
3726 3513
3727 3513
3728 3979
3729 3961
3730 3970
3731 3441
3732 3970
3733 3961
3734 3961
3735 3970
3736 3970
3737 3527
3738 3527
3739 3524
3740 3441
3741 3524
3742 3524
3743 3524
3744 3524
3745 3524
3746 3533
3747 3524
3748 3524
3749 3970
3750 3524
3751 3524
3752 3524
3753 3564
3754 3524
3755 3524
3756 3524
3757 3545
3758 3443
3759 3545
3760 3957
3761 3979
3762 1814
3763 1869
3764 3529
3765 3966
3766 3970
3767 3961
3768 1869
3769 3957
3770 1869
3771 3970
3772 3970
3773 3957
3774 1869
3775 3957
3776 1869
3777 1869
3778 1814
3779 1878
3780 2981
3781 2981
3782 4756
3783 3027
3784 3027
3785 4768
3786 4219
3787 3957
3788 3957
3789 132
3790 46
3791 2656
3792 4933
3793 3332
3794 3333
3795 2621
3796 3037
3797 3428
3798 4963
3799 4944
3800 3428
3801 3260
3802 3936
3803 3915
3804 4886
3805 4886
3806 4954
3807 4939
3808 4910
3809 3040
3810 4910
3811 4031
3812 4910
3813 4946
3814 3086
3815 3366
3816 3303
3817 3009
3818 3370
3819 4007
3820 3260
3821 3936
3822 4965
3823 4090
3824 4967
3825 3913
3826 4947
3827 4968
3828 4936
3829 4894
3830 4032
3831 4032
3832 2996
3833 4026
3834 3428
3835 4952
3836 3405
3837 3365
3838 4957
3839 4032
3840 4947
3841 2986
3842 3076
3843 3428
3844 3358
3845 3358
3846 3428
3847 4835
3848 2770
3849 3428
3850 4971
3851 4969
3852 4894
3853 4894
3854 3372
3855 4958
3856 4025
3857 2968
3858 533
3859 3992
3860 1583
3861 2803
3862 2818
3863 2509
3864 251
3865 4896
3866 2747
3867 4104
3868 3906
3869 4840
3870 239
3871 3918
3872 4896
3873 3918
3874 1559
3875 4281
3876 3367
3877 3407
3878 4062
3879 3010
3880 3011
3881 3858
3882 3329
3883 2445
3884 797
3885 1584
3886 2826
3887 3909
3888 3990
3889 4034
3890 4034
3891 3990
3892 2826
3893 2826
3894 3990
3895 4034
3896 4753
3897 3909
3898 4252
3899 3902
3900 3164
3901 3163
3902 3902
3903 4753
3904 3164
3905 3902
3906 4252
3907 3164
3908 2748
3909 2825
3910 4256
3911 2761
3912 2761
3913 3110
3914 2748
3915 3110
3916 4721
3917 2761
3918 2825
3919 4248
3920 4262
3921 2784
3922 4742
3923 4245
3924 2788
3925 4248
3926 4263
3927 4244
3928 4263
3929 4248
3930 4263
3931 4263
3932 2824
3933 2794
3934 2781
3935 4741
3936 3344
3937 3344
3938 3313
3939 827
3940 2665
3941 2551
3942 850
3943 1558
3944 3038
3945 3915
3946 4886
3947 4101
3948 2754
3949 4036
3950 4887
3951 3916
3952 2747
3953 4886
3954 4886
3955 4037
3956 1404
3957 141
3958 3026
3959 2759
3960 3269
3961 4079
3962 3428
3963 3428
3964 3428
3965 3094
3966 3410
3967 3179
3968 3104
3969 3080
3970 3179
3971 3179
3972 3017
3973 3017
3974 3358
3975 4905
3976 2500
3977 4104
3978 524
3979 4994
3980 1582
3981 2817
3982 2766
3983 3897
3984 2505
3985 3908
3986 4253
3987 527
3988 2989
3989 1475
3990 3015
3991 3385
3992 3367
3993 1526
3994 4969
3995 3403
3996 2751
3997 4969
3998 3010
3999 2751
4000 3365
4001 2751
4002 3999
4003 3399
4004 4964
4005 4057
4006 4039
4007 4948
4008 2756
4009 4062
4010 3329
4011 470
4012 2633
4013 2740
4014 3910
4015 4972
4016 4968
4017 4972
4018 3303
4019 4958
4020 4910
4021 4939
4022 4799
4023 4939
4024 4799
4025 4968
4026 4968
4027 4909
4028 3998
4029 4687
4030 4909
4031 4687
4032 2414
4033 1559
4034 4279
4035 1785
4036 2583
4037 3075
4038 3428
4039 3885
4040 3885
4041 3174
4042 3282
4043 1526
4044 828
4045 4942
4046 3867
4047 4888
4048 856
4049 856
4050 3266
4051 3284
4052 2759
4053 3018
4054 2759
4055 2759
4056 3018
4057 3018
4058 3018
4059 2985
4060 2579
4061 2579
4062 118
4063 2746
4064 4959
4065 3273
4066 2746
4067 2746
4068 2746
4069 2746
4070 2746
4071 3087
4072 2763
4073 2746
4074 2763
4075 2763
4076 2826
4077 2763
4078 3022
4079 1559
4080 221
4081 2386
4082 308
4083 308
4084 1381
4085 1480
4086 459
4087 1394
4088 1402
4089 534
4090 534
4091 1526
4092 2479
4093 1597
4094 3404
4095 4952
4096 3403
4097 3405
4098 4948
4099 3403
4100 3409
4101 3410
4102 3403
4103 3403
4104 3010
4105 98
4106 117
4107 138
4108 37
4109 33
4110 4274
4111 1578
4112 118
4113 4764
4114 4112
4115 4865
4116 4865
4117 4992
4118 4839
4119 3903
4120 4864
4121 4123
4122 4116
4123 4778
4124 1738
4125 1738
4126 2787
4127 4260
4128 4864
4129 4120
4130 4778
4131 2508
4132 4014
4133 2495
4134 2497
4135 2809
4136 4148
4137 2839
4138 3002
4139 3048
4140 4725
4141 4143
4142 4727
4143 3108
4144 3046
4145 2820
4146 4136
4147 4153
4148 4807
4149 2835
4150 2844
4151 2808
4152 2844
4153 3002
4154 2806
4155 2838
4156 2810
4157 4145
4158 4807
4159 3049
4160 2820
4161 3108
4162 608
4163 3215
4164 2810
4165 4145
4166 4694
4167 4726
4168 4715
4169 2808
4170 2836
4171 3003
4172 3003
4173 4136
4174 2838
4175 4707
4176 2943
4177 2944
4178 3619
4179 2889
4180 383
4181 425
4182 1688
4183 2879
4184 2876
4185 4732
4186 385
4187 3157
4188 2943
4189 2862
4190 2863
4191 3156
4192 3625
4193 2880
4194 3159
4195 2880
4196 2889
4197 3120
4198 4729
4199 4811
4200 3159
4201 2962
4202 3059
4203 3613
4204 2861
4205 2861
4206 4732
4207 2949
4208 2949
4209 3619
4210 2880
4211 3619
4212 3619
4213 3625
4214 3619
4215 3580
4216 4732
4217 4731
4218 3156
4219 4703
4220 3156
4221 3157
4222 3119
4223 2861
4224 1685
4225 1697
4226 561
4227 424
4228 3619
4229 2889
4230 450
4231 450
4232 562
4233 425
4234 425
4235 1688
4236 2950
4237 2858
4238 2289
4239 442
4240 2880
4241 378
4242 424
4243 3347
4244 3098
4245 503
4246 466
4247 4718
4248 3346
4249 4117
4250 2800
4251 4913
4252 2999
4253 4111
4254 4269
4255 2813
4256 2812
4257 4900
4258 467
4259 4797
4260 4911
4261 4237
4262 3155
4263 432
4264 4118
4265 4118
4266 4992
4267 1774
4268 3165
4269 3035
4270 3165
4271 280
4272 3213
4273 4114
4274 829
4275 462
4276 819
4277 3897
4278 4086
4279 3317
4280 2507
4281 4975
4282 3033
4283 3993
4284 525
4285 2497
4286 4903
4287 4903
4288 3996
4289 2501
4290 1583
4291 1746
4292 4990
4293 4710
4294 4259
4295 4255
4296 4895
4297 4974
4298 2503
4299 4976
4300 46
4301 20
4302 2656
4303 2623
4304 46
4305 46
4306 46
4307 63
4308 466
4309 118
4310 2406
4311 2407
4312 697
4313 2311
4314 2311
4315 1687
4316 1668
4317 1682
4318 2311
4319 392
4320 427
4321 391
4322 2355
4323 1707
4324 1714
4325 1705
4326 635
4327 1714
4328 391
4329 635
4330 2355
4331 635
4332 1707
4333 1682
4334 635
4335 1705
4336 1985
4337 2155
4338 2006
4339 2008
4340 2008
4341 2014
4342 2015
4343 2001
4344 2013
4345 1983
4346 1985
4347 1985
4348 2155
4349 1985
4350 1983
4351 1985
4352 1985
4353 2037
4354 2008
4355 1985
4356 1985
4357 1983
4358 1983
4359 2013
4360 2013
4361 1983
4362 2004
4363 2004
4364 2004
4365 2067
4366 2006
4367 2006
4368 1983
4369 1985
4370 2001
4371 2013
4372 2069
4373 1985
4374 2013
4375 2024
4376 2155
4377 1983
4378 2155
4379 2008
4380 2155
4381 2013
4382 2001
4383 2008
4384 2155
4385 2008
4386 2004
4387 2155
4388 2045
4389 2001
4390 2155
4391 2047
4392 2001
4393 2155
4394 2008
4395 2013
4396 1983
4397 2045
4398 2004
4399 1985
4400 2004
4401 2008
4402 2013
4403 2006
4404 2013
4405 2008
4406 2013
4407 2001
4408 1978
4409 2008
4410 2013
4411 2013
4412 2004
4413 2036
4414 2006
4415 2070
4416 2006
4417 2004
4418 2013
4419 1985
4420 2155
4421 2008
4422 2121
4423 1985
4424 2008
4425 1985
4426 1983
4427 1983
4428 1985
4429 1985
4430 1983
4431 2155
4432 2008
4433 1983
4434 2013
4435 2008
4436 2013
4437 2006
4438 2008
4439 2008
4440 1985
4441 1983
4442 2008
4443 2045
4444 2155
4445 2008
4446 2001
4447 2155
4448 2008
4449 1983
4450 2155
4451 2013
4452 1985
4453 1978
4454 2004
4455 2006
4456 2008
4457 2003
4458 2006
4459 2036
4460 2006
4461 427
4462 388
4463 426
4464 1668
4465 391
4466 2311
4467 2311
4468 1694
4469 2311
4470 427
4471 1687
4472 1673
4473 427
4474 426
4475 427
4476 426
4477 2330
4478 698
4479 1714
4480 642
4481 642
4482 2359
4483 2359
4484 698
4485 2360
4486 1706
4487 698
4488 1677
4489 2081
4490 2177
4491 1789
4492 1969
4493 1973
4494 2082
4495 1970
4496 2173
4497 2173
4498 2082
4499 2081
4500 2081
4501 2177
4502 1971
4503 2082
4504 2082
4505 2080
4506 2036
4507 2078
4508 402
4509 402
4510 1947
4511 643
4512 429
4513 567
4514 567
4515 1973
4516 1789
4517 404
4518 1706
4519 1789
4520 2290
4521 408
4522 2367
4523 2290
4524 406
4525 1950
4526 2359
4527 2359
4528 2290
4529 1968
4530 2086
4531 1968
4532 2367
4533 2367
4534 1803
4535 2367
4536 1795
4537 1795
4538 2290
4539 1968
4540 1968
4541 1789
4542 1973
4543 429
4544 1706
4545 1716
4546 643
4547 1706
4548 567
4549 567
4550 567
4551 402
4552 699
4553 1973
4554 1973
4555 1798
4556 699
4557 2290
4558 1795
4559 406
4560 403
4561 430
4562 404
4563 1973
4564 1962
4565 1810
4566 1795
4567 1803
4568 2367
4569 1968
4570 1968
4571 2088
4572 2086
4573 2086
4574 1968
4575 1795
4576 1716
4577 1716
4578 1708
4579 428
4580 2359
4581 2359
4582 406
4583 1792
4584 2290
4585 1795
4586 1792
4587 1795
4588 406
4589 2359
4590 2082
4591 1973
4592 2179
4593 1973
4594 2179
4595 1973
4596 2179
4597 1973
4598 1973
4599 1802
4600 1973
4601 1789
4602 1947
4603 1789
4604 1803
4605 1802
4606 1973
4607 1812
4608 1947
4609 2369
4610 1803
4611 1803
4612 2367
4613 1803
4614 1968
4615 2367
4616 1968
4617 1968
4618 2088
4619 1968
4620 2170
4621 2086
4622 2032
4623 2374
4624 2032
4625 2071
4626 2067
4627 2080
4628 2374
4629 2374
4630 2016
4631 2067
4632 2067
4633 2013
4634 2070
4635 2036
4636 2379
4637 2067
4638 2058
4639 2081
4640 2059
4641 2034
4642 2036
4643 2036
4644 2026
4645 2080
4646 2036
4647 2026
4648 2026
4649 2059
4650 2081
4651 2080
4652 400
4653 642
4654 642
4655 2290
4656 2359
4657 1701
4658 642
4659 1716
4660 642
4661 1711
4662 1714
4663 1706
4664 3396
4665 250
4666 4732
4667 2881
4668 2881
4669 4732
4670 2987
4671 4769
4672 3168
4673 4786
4674 4156
4675 4702
4676 2948
4677 3062
4678 2962
4679 4703
4680 3057
4681 4019
4682 4164
4683 3059
4684 4246
4685 1579
4686 4769
4687 3317
4688 2987
4689 4695
4690 4148
4691 4779
4692 3318
4693 2766
4694 2969
4695 2827
4696 4738
4697 2796
4698 4134
4699 4744
4700 4854
4701 2862
4702 3028
4703 3028
4704 4734
4705 3117
4706 2862
4707 4716
4708 4708
4709 4904
4710 3171
4711 4892
4712 3180
4713 4012
4714 4143
4715 2844
4716 3099
4717 4255
4718 3180
4719 2881
4720 2861
4721 4084
4722 4907
4723 2813
4724 4897
4725 3155
4726 3181
4727 4111
4728 2291
4729 4118
4730 432
4731 432
4732 466
4733 2318
4734 4234
4735 4233
4736 4243
4737 2800
4738 3186
4739 4233
4740 4105
4741 4216
4742 4227
4743 3005
4744 2975
4745 2976
4746 4912
4747 4237
4748 2999
4749 2362
4750 4234
4751 2422
4752 1620
4753 4709
4754 4105
4755 3398
4756 4845
4757 1757
4758 3214
4759 4148
4760 4854
4761 4157
4762 3629
4763 3580
4764 3629
4765 3629
4766 3629
4767 3629
4768 3629
4769 3619
4770 1687
4771 3156
4772 3156
4773 3157
4774 3629
4775 3629
4776 4988
4777 2417
4778 4243
4779 4227
4780 2464
4781 3053
4782 2979
4783 3201
4784 4817
4785 1597
4786 3047
4787 2822
4788 2823
4789 3203
4790 4805
4791 2840
4792 4743
4793 2862
4794 3121
4795 2848
4796 3029
4797 3619
4798 2889
4799 1730
4800 2941
4801 432
4802 4862
4803 1601
4804 3398
4805 4153
4806 4851
4807 4154
4808 4820
4809 4848
4810 2866
4811 2946
4812 2861
4813 2946
4814 4822
4815 2864
4816 3126
4817 2871
4818 2950
4819 507
4820 3398
4821 3104
4822 3885
4823 3080
4824 3867
4825 1393
4826 1598
4827 2505
4828 2445
4829 510
4830 3428
4831 3429
4832 2759
4833 4123
4834 4014
4835 3030
4836 3105
4837 543
4838 608
4839 3044
4840 541
4841 605
4842 2798
4843 4163
4844 3028
4845 2855
4846 3510
4847 3619
4848 3676
4849 4699
4850 4788
4851 2930
4852 450
4853 424
4854 2972
4855 2973
4856 1788
4857 1694
4858 2356
4859 1705
4860 1714
4861 1668
4862 392
4863 2359
4864 2086
4865 2367
4866 1795
4867 2290
4868 2086
4869 1795
4870 2359
4871 1968
4872 1803
4873 2170
4874 2787
4875 3103
4876 2972
4877 3103
4878 2972
4879 797
4880 3326
4881 524
4882 3319
4883 269
4884 4088
4885 4267
4886 4247
4887 3326
4888 4982
4889 3984
4890 525
4891 2654
4892 4088
4893 2654
4894 2547
4895 1773
4896 529
4897 4991
4898 1582
4899 1620
4900 2591
4901 2616
4902 2565
4903 4921
4904 4921
4905 2565
4906 2733
4907 4922
4908 2565
4909 3332
4910 2533
4911 4934
4912 2721
4913 4934
4914 2735
4915 2718
4916 2633
4917 4023
4918 264
4919 4055
4920 3217
4921 3174
4922 3377
4923 2977
4924 3020
4925 4000
4926 3404
4927 3402
4928 3367
4929 3367
4930 3379
4931 4023
4932 3090
4933 3403
4934 3403
4935 3018
4936 4951
4937 3207
4938 3207
4939 3018
4940 2759
4941 856
4942 4099
4943 2739
4944 2749
4945 2755
4946 4952
4947 3403
4948 4984
4949 3406
4950 3104
4951 3395
4952 4971
4953 4969
4954 4943
4955 4943
4956 4969
4957 2750
4958 4943
4959 2750
4960 4957
4961 3365
4962 2986
4963 3999
4964 4964
4965 4064
4966 4964
4967 2755
4968 2978
4969 2738
4970 3018
4971 1595
4972 588
4973 3402
4974 4941
4975 2978
4976 3018
4977 3025
4978 3984
4979 3026
4980 2978
4981 4840
4982 1378
4983 1764
4984 220
4985 2410
4986 2410
4987 2398
4988 2385
4989 237
4990 1532
4991 1402
4992 2465
4993 1488
4994 1582
4995 529
4996 846
4997 4985
4998 477
4999 3367
