0 1
1 234
2 1
3 2
4 2788
5 2788
6 2
7 0
8 3
9 25
10 3
11 6
12 11
13 260
14 238
15 155
16 114
17 132
18 114
19 114
20 1
21 1
22 127
23 127
24 1
25 132
26 1
27 235
28 127
29 2788
30 127
31 127
32 234
33 234
34 2788
35 2788
36 127
37 127
38 127
39 127
40 169
41 159
42 161
43 367
44 1
45 195
46 275
47 275
48 47
49 260
50 378
51 11
52 238
53 392
54 261
55 157
56 157
57 392
58 392
59 504
60 504
61 392
62 392
63 472
64 471
65 370
66 370
67 197
68 197
69 468
70 468
71 370
72 1772
73 197
74 465
75 3557
76 3557
77 3560
78 3560
79 370
80 371
81 371
82 371
83 197
84 3486
85 553
86 554
87 3489
88 501
89 490
90 483
91 3489
92 547
93 136
94 537
95 375
96 490
97 490
98 447
99 378
100 528
101 504
102 1777
103 157
104 2788
105 2788
106 2788
107 2788
108 2788
109 2788
110 2
111 105
112 1
113 6
114 1
115 2
116 2788
117 2798
118 2788
119 2788
120 338
121 5
122 127
123 127
124 127
125 127
126 128
127 128
128 3639
129 3639
130 128
131 128
132 1
133 1
134 2
135 2
136 0
137 238
138 261
139 264
140 265
141 244
142 13
143 244
144 13
145 245
146 157
147 9
148 266
149 243
150 363
151 15
152 381
153 267
154 261
155 3
156 6
157 160
158 420
159 0
160 0
161 111
162 3163
163 2
164 0
165 275
166 371
167 3607
168 3554
169 3607
170 3759
171 3557
172 12
173 243
174 267
175 15
176 3602
177 3554
178 339
179 17
180 169
181 246
182 3590
183 411
184 239
185 12
186 101
187 274
188 124
189 2788
190 2798
191 235
192 114
193 359
194 161
195 5368
196 370
197 371
198 3492
199 489
200 239
201 12
202 12
203 265
204 403
205 360
206 267
207 363
208 363
209 267
210 363
211 365
212 382
213 363
214 363
215 53
216 138
217 137
218 363
219 383
220 261
221 1765
222 383
223 403
224 15
225 523
226 1777
227 1
228 127
229 127
230 128
231 128
232 128
233 128
234 127
235 123
236 25
237 6
238 160
239 113
240 2798
241 2798
242 2788
243 378
244 377
245 113
246 0
247 3677
248 335
249 3672
250 3673
251 411
252 3590
253 3682
254 3751
255 272
256 390
257 252
258 1
259 234
260 134
261 136
262 6
263 6
264 25
265 113
266 260
267 392
268 97
269 169
270 169
271 3531
272 3531
273 197
274 3555
275 133
276 0
277 119
278 547
279 86
280 506
281 537
282 405
283 245
284 382
285 382
286 127
287 127
288 127
289 127
290 370
291 419
292 3915
293 3806
294 292
295 266
296 267
297 363
298 267
299 15
300 403
301 360
302 3765
303 3764
304 533
305 384
306 266
307 522
308 403
309 403
310 127
311 127
312 2788
313 127
314 2788
315 2788
316 2788
317 127
318 127
319 127
320 127
321 127
322 127
323 127
324 127
325 127
326 127
327 127
328 127
329 128
330 128
331 127
332 127
333 403
334 382
335 3744
336 3638
337 468
338 127
339 6
340 2
341 114
342 2
343 1
344 128
345 3639
346 3639
347 3639
348 3639
349 128
350 128
351 2788
352 2788
353 2808
354 1
355 123
356 128
357 2
358 4
359 2
360 539
361 393
362 484
363 531
364 531
365 484
366 370
367 370
368 370
369 370
370 370
371 371
372 370
373 370
374 371
375 371
376 371
377 159
378 486
379 370
380 375
381 531
382 495
383 518
384 3785
385 3972
386 10
387 414
388 339
389 192
390 3601
391 3601
392 488
393 3489
394 261
395 249
396 155
397 198
398 414
399 414
400 414
401 540
402 540
403 540
404 540
405 493
406 547
407 128
408 3639
409 3639
410 3638
411 3676
412 3647
413 3623
414 3675
415 504
416 392
417 120
418 3929
419 3915
420 418
421 128
422 3904
423 457
424 446
425 383
426 398
427 356
428 355
429 127
430 45
431 2788
432 127
433 2789
434 314
435 234
436 127
437 127
438 127
439 128
440 154
441 139
442 5368
443 3806
444 3513
445 3903
446 4007
447 558
448 3491
449 370
450 370
451 391
452 268
453 398
454 109
455 2798
456 128
457 3982
458 547
459 197
460 457
461 522
462 128
463 3904
464 370
465 370
466 370
467 370
468 370
469 370
470 370
471 370
472 370
473 370
474 370
475 370
476 370
477 370
478 370
479 370
480 370
481 370
482 370
483 370
484 1771
485 503
486 370
487 477
488 477
489 477
490 577
491 569
492 3492
493 577
494 502
495 1772
496 370
497 370
498 370
499 370
500 370
501 370
502 370
503 477
504 502
505 3491
506 3492
507 1772
508 577
509 3491
510 3491
511 577
512 500
513 577
514 577
515 577
516 577
517 503
518 577
519 539
520 3488
521 540
522 540
523 540
524 477
525 569
526 536
527 569
528 1772
529 1772
530 3492
531 3488
532 540
533 540
534 502
535 3491
536 577
537 577
538 577
539 577
540 577
541 577
542 569
543 577
544 577
545 569
546 477
547 569
548 577
549 569
550 577
551 477
552 477
553 370
554 370
555 370
556 370
557 370
558 370
559 370
560 370
561 370
562 370
563 370
564 370
565 370
566 370
567 370
568 370
569 370
570 203
571 220
572 399
573 6492
574 370
575 370
576 370
577 370
578 370
579 370
580 370
581 569
582 569
583 569
584 172
585 174
586 145
587 145
588 297
589 1280
590 820
591 218
592 1298
593 805
594 693
595 695
596 1218
597 1215
598 2932
599 2998
600 2932
601 1235
602 1290
603 649
604 1863
605 2889
606 218
607 298
608 298
609 218
610 3041
611 3036
612 3042
613 942
614 722
615 894
616 2844
617 615
618 1270
619 1270
620 619
621 1409
622 595
623 666
624 593
625 667
626 1505
627 1341
628 1429
629 1505
630 633
631 800
632 720
633 633
634 2935
635 637
636 1881
637 1824
638 605
639 605
640 1290
641 650
642 737
643 1763
644 1543
645 1196
646 644
647 1428
648 623
649 1293
650 1296
651 730
652 749
653 685
654 801
655 798
656 796
657 886
658 892
659 928
660 929
661 1236
662 665
663 890
664 1344
665 918
666 588
667 699
668 2937
669 687
670 652
671 601
672 674
673 674
674 2891
675 604
676 830
677 830
678 679
679 2928
680 1879
681 2904
682 2904
683 1879
684 3007
685 752
686 1255
687 1256
688 689
689 1252
690 660
691 3076
692 3079
693 699
694 748
695 584
696 1319
697 1320
698 702
699 298
700 151
701 205
702 145
703 604
704 640
705 1449
706 592
707 1316
708 730
709 2886
710 819
711 819
712 1840
713 2944
714 1840
715 2942
716 1845
717 712
718 2903
719 1879
720 720
721 633
722 2908
723 2906
724 764
725 724
726 697
727 2875
728 1214
729 1213
730 2972
731 745
732 701
733 744
734 1819
735 667
736 1410
737 785
738 1287
739 683
740 681
741 1272
742 174
743 298
744 174
745 153
746 153
747 297
748 151
749 2931
750 751
751 3014
752 3026
753 755
754 1879
755 1845
756 1879
757 754
758 755
759 758
760 760
761 761
762 2907
763 759
764 764
765 3511
766 1330
767 927
768 1202
769 715
770 2961
771 1838
772 1404
773 1888
774 1889
775 1442
776 1357
777 758
778 1416
779 1543
780 1502
781 742
782 1280
783 1237
784 683
785 1272
786 759
787 1416
788 2822
789 1444
790 2901
791 1410
792 1340
793 1428
794 724
795 893
796 798
797 1189
798 1484
799 633
800 676
801 801
802 800
803 147
804 145
805 172
806 147
807 823
808 1447
809 3094
810 3129
811 201
812 203
813 144
814 172
815 808
816 3085
817 147
818 145
819 149
820 145
821 145
822 3130
823 1263
824 268
825 268
826 255
827 255
828 445
829 400
830 2916
831 831
832 962
833 962
834 1365
835 897
836 838
837 1274
838 899
839 1452
840 1802
841 841
842 3112
843 1450
844 844
845 846
846 2915
847 904
848 973
849 959
850 905
851 973
852 972
853 1461
854 971
855 2929
856 856
857 1448
858 1781
859 3099
860 1203
861 1780
862 1338
863 1206
864 3140
865 1339
866 3094
867 3084
868 1513
869 3133
870 967
871 879
872 973
873 974
874 948
875 973
876 1365
877 947
878 934
879 1165
880 1226
881 879
882 1276
883 884
884 838
885 884
886 938
887 887
888 888
889 2836
890 890
891 892
892 1253
893 688
894 894
895 748
896 1214
897 1367
898 1460
899 968
900 909
901 974
902 973
903 974
904 958
905 974
906 980
907 1187
908 956
909 953
910 993
911 965
912 1161
913 1159
914 1159
915 1479
916 1782
917 1782
918 919
919 916
920 3122
921 2838
922 922
923 1333
924 921
925 926
926 765
927 1200
928 2849
929 750
930 700
931 2875
932 3080
933 908
934 965
935 953
936 935
937 809
938 830
939 2915
940 1192
941 725
942 1255
943 2950
944 905
945 979
946 1463
947 1032
948 975
949 954
950 1027
951 1025
952 955
953 4514
954 4528
955 4527
956 4514
957 958
958 975
959 976
960 979
961 1024
962 1462
963 953
964 954
965 1025
966 992
967 992
968 1185
969 979
970 980
971 980
972 979
973 980
974 979
975 4519
976 1021
977 1035
978 4519
979 1034
980 1022
981 1034
982 1023
983 1034
984 1023
985 1034
986 1023
987 1023
988 1034
989 1034
990 1036
991 4527
992 1039
993 1036
994 4520
995 4636
996 4994
997 4548
998 6872
999 4549
1000 4498
1001 4498
1002 4539
1003 4554
1004 4555
1005 4539
1006 4554
1007 4554
1008 4555
1009 4538
1010 4553
1011 4539
1012 4558
1013 4635
1014 4544
1015 4636
1016 4636
1017 4635
1018 4636
1019 4636
1020 4635
1021 4496
1022 4496
1023 4494
1024 4494
1025 4502
1026 4992
1027 4499
1028 4499
1029 4505
1030 4532
1031 4492
1032 4492
1033 4495
1034 4493
1035 4493
1036 4492
1037 4497
1038 4492
1039 4481
1040 4492
1041 4500
1042 4634
1043 4636
1044 4843
1045 4540
1046 4635
1047 4661
1048 4566
1049 4546
1050 4546
1051 4570
1052 4557
1053 4569
1054 4661
1055 4661
1056 4638
1057 4577
1058 4998
1059 4565
1060 4997
1061 4565
1062 4546
1063 4996
1064 4637
1065 4637
1066 4571
1067 4568
1068 4568
1069 4569
1070 4942
1071 4578
1072 4582
1073 4577
1074 4847
1075 4622
1076 5003
1077 4593
1078 4575
1079 4574
1080 4586
1081 4574
1082 4580
1083 4580
1084 4581
1085 4581
1086 4593
1087 4592
1088 4592
1089 4612
1090 4938
1091 4603
1092 4944
1093 4940
1094 4615
1095 4601
1096 4603
1097 4947
1098 4940
1099 4642
1100 4592
1101 4583
1102 4595
1103 4642
1104 6578
1105 6584
1106 4616
1107 4616
1108 4619
1109 4616
1110 4616
1111 4619
1112 6578
1113 6578
1114 4620
1115 4618
1116 6587
1117 6596
1118 4618
1119 6574
1120 6575
1121 6576
1122 6581
1123 6594
1124 6721
1125 6578
1126 6578
1127 6721
1128 6578
1129 6581
1130 6721
1131 4848
1132 6581
1133 6581
1134 6578
1135 6581
1136 6597
1137 936
1138 1137
1139 935
1140 1359
1141 1032
1142 994
1143 4528
1144 4514
1145 4499
1146 4842
1147 4634
1148 4636
1149 4637
1150 4577
1151 4595
1152 4578
1153 4595
1154 4847
1155 4592
1156 6588
1157 4618
1158 6586
1159 899
1160 911
1161 908
1162 909
1163 4624
1164 1221
1165 3126
1166 936
1167 4495
1168 4494
1169 4489
1170 4489
1171 4634
1172 4634
1173 4633
1174 4633
1175 4640
1176 4572
1177 4562
1178 4641
1179 4581
1180 4581
1181 4946
1182 4586
1183 4580
1184 1029
1185 4490
1186 4528
1187 1030
1188 2824
1189 1265
1190 1436
1191 689
1192 2908
1193 723
1194 723
1195 1421
1196 610
1197 1421
1198 1404
1199 1404
1200 1329
1201 1330
1202 1201
1203 3097
1204 1479
1205 3139
1206 1275
1207 879
1208 1209
1209 4651
1210 1453
1211 2846
1212 767
1213 700
1214 700
1215 702
1216 1309
1217 571
1218 222
1219 226
1220 201
1221 3127
1222 3127
1223 3127
1224 1227
1225 1227
1226 1475
1227 1360
1228 848
1229 873
1230 1459
1231 1904
1232 2900
1233 1505
1234 2819
1235 2932
1236 692
1237 174
1238 606
1239 607
1240 606
1241 711
1242 1239
1243 782
1244 782
1245 781
1246 913
1247 3117
1248 1250
1249 1249
1250 1493
1251 3476
1252 1834
1253 652
1254 3075
1255 2853
1256 2852
1257 3497
1258 1341
1259 1429
1260 1340
1261 1340
1262 901
1263 849
1264 2851
1265 1264
1266 2851
1267 614
1268 1428
1269 1268
1270 787
1271 2904
1272 1879
1273 712
1274 952
1275 900
1276 1452
1277 1221
1278 1354
1279 146
1280 268
1281 1763
1282 681
1283 754
1284 754
1285 1545
1286 1545
1287 755
1288 755
1289 1294
1290 1316
1291 2880
1292 1295
1293 590
1294 609
1295 591
1296 589
1297 298
1298 298
1299 299
1300 175
1301 296
1302 175
1303 209
1304 212
1305 3057
1306 305
1307 145
1308 144
1309 185
1310 2821
1311 1444
1312 268
1313 268
1314 2821
1315 1505
1316 742
1317 606
1318 742
1319 140
1320 141
1321 847
1322 872
1323 1492
1324 1491
1325 4805
1326 6299
1327 1327
1328 1325
1329 6475
1330 4256
1331 400
1332 1332
1333 1333
1334 1333
1335 1335
1336 1337
1337 861
1338 881
1339 839
1340 1425
1341 613
1342 1508
1343 1508
1344 3124
1345 1345
1346 674
1347 704
1348 3079
1349 2854
1350 728
1351 2854
1352 2855
1353 3127
1354 3127
1355 1882
1356 1440
1357 1882
1358 2988
1359 949
1360 3127
1361 933
1362 1137
1363 1515
1364 1451
1365 993
1366 1457
1367 1463
1368 1032
1369 4566
1370 4844
1371 4642
1372 4643
1373 4622
1374 6575
1375 6589
1376 1378
1377 1378
1378 1505
1379 1505
1380 787
1381 792
1382 1428
1383 737
1384 790
1385 1413
1386 1259
1387 1379
1388 1505
1389 2822
1390 1378
1391 1378
1392 1378
1393 1505
1394 2898
1395 1505
1396 1428
1397 1428
1398 790
1399 1425
1400 1860
1401 674
1402 675
1403 674
1404 640
1405 1400
1406 2895
1407 1438
1408 1438
1409 1340
1410 1416
1411 1416
1412 2955
1413 1340
1414 1429
1415 1508
1416 613
1417 2941
1418 1537
1419 770
1420 600
1421 943
1422 1543
1423 1196
1424 943
1425 598
1426 2846
1427 202
1428 1342
1429 1342
1430 1432
1431 1432
1432 758
1433 2902
1434 3037
1435 2963
1436 1835
1437 1834
1438 2988
1439 1874
1440 1860
1441 1442
1442 1874
1443 1860
1444 1435
1445 1882
1446 1228
1447 1263
1448 2926
1449 2909
1450 1479
1451 1227
1452 908
1453 953
1454 1229
1455 1519
1456 1517
1457 1463
1458 993
1459 987
1460 1463
1461 980
1462 979
1463 4519
1464 4603
1465 4619
1466 4619
1467 4603
1468 4580
1469 4603
1470 5002
1471 4616
1472 4616
1473 4619
1474 4616
1475 3127
1476 4837
1477 875
1478 905
1479 1230
1480 835
1481 1188
1482 2834
1483 2841
1484 1267
1485 2824
1486 2883
1487 2851
1488 1490
1489 1487
1490 1490
1491 1487
1492 1489
1493 2844
1494 1426
1495 795
1496 2842
1497 881
1498 1140
1499 1142
1500 1366
1501 877
1502 769
1503 1504
1504 2939
1505 1342
1506 1400
1507 1435
1508 2964
1509 637
1510 636
1511 1480
1512 3134
1513 3479
1514 4970
1515 4623
1516 1225
1517 4527
1518 4990
1519 4502
1520 4993
1521 4994
1522 4636
1523 4565
1524 4997
1525 4595
1526 4575
1527 4573
1528 4597
1529 4616
1530 4619
1531 6578
1532 6581
1533 3127
1534 6556
1535 818
1536 1870
1537 1870
1538 673
1539 1364
1540 839
1541 2896
1542 2896
1543 770
1544 1404
1545 1404
1546 1730
1547 1604
1548 1605
1549 1730
1550 1730
1551 1581
1552 1595
1553 1555
1554 1555
1555 1595
1556 1599
1557 1581
1558 1555
1559 1692
1560 1580
1561 1593
1562 1623
1563 1595
1564 1485
1565 2829
1566 1485
1567 1485
1568 1699
1569 1911
1570 1912
1571 1699
1572 1572
1573 2832
1574 2832
1575 1572
1576 1701
1577 1701
1578 1580
1579 1593
1580 1742
1581 1595
1582 1721
1583 1555
1584 1555
1585 1554
1586 1560
1587 1555
1588 1602
1589 1590
1590 1602
1591 1605
1592 1688
1593 1608
1594 1742
1595 1742
1596 1572
1597 654
1598 1912
1599 1603
1600 1911
1601 1912
1602 1603
1603 654
1604 1912
1605 1912
1606 654
1607 2832
1608 2832
1609 1572
1610 2832
1611 2832
1612 1572
1613 2829
1614 1485
1615 1915
1616 2829
1617 1915
1618 1740
1619 1697
1620 2829
1621 1698
1622 1697
1623 1915
1624 1629
1625 2832
1626 1324
1627 1573
1628 1915
1629 1324
1630 1485
1631 1672
1632 626
1633 1673
1634 1672
1635 1671
1636 1716
1637 1391
1638 1674
1639 1682
1640 1710
1641 1715
1642 1682
1643 1573
1644 1573
1645 626
1646 788
1647 788
1648 626
1649 1673
1650 1678
1651 1488
1652 1715
1653 1712
1654 2829
1655 2829
1656 1697
1657 2829
1658 1697
1659 1697
1660 2829
1661 2829
1662 2829
1663 1678
1664 788
1665 1678
1666 2829
1667 1716
1668 1395
1669 1386
1670 1671
1671 1395
1672 789
1673 2819
1674 1385
1675 1378
1676 1680
1677 1680
1678 1378
1679 1376
1680 1376
1681 1710
1682 1376
1683 629
1684 626
1685 1603
1686 1605
1687 1604
1688 1730
1689 1555
1690 1554
1691 1912
1692 1913
1693 1599
1694 1614
1695 1485
1696 1712
1697 1715
1698 1715
1699 1909
1700 1485
1701 1621
1702 1621
1703 1712
1704 1677
1705 1679
1706 1712
1707 1680
1708 1673
1709 1377
1710 1376
1711 1679
1712 1710
1713 1712
1714 1376
1715 1710
1716 1378
1717 1716
1718 1391
1719 1377
1720 1710
1721 1730
1722 1593
1723 1485
1724 1324
1725 2829
1726 1595
1727 1555
1728 1572
1729 1593
1730 654
1731 788
1732 1636
1733 1678
1734 2819
1735 1734
1736 2829
1737 790
1738 1909
1739 1712
1740 1697
1741 1685
1742 654
1743 1485
1744 1485
1745 1673
1746 1673
1747 788
1748 1716
1749 1716
1750 1727
1751 626
1752 1621
1753 1427
1754 811
1755 1427
1756 1194
1757 893
1758 1192
1759 2960
1760 1759
1761 1402
1762 1402
1763 610
1764 370
1765 3492
1766 370
1767 1336
1768 1781
1769 859
1770 370
1771 477
1772 370
1773 370
1774 370
1775 370
1776 489
1777 489
1778 370
1779 1779
1780 3122
1781 1779
1782 2914
1783 1781
1784 1782
1785 860
1786 3091
1787 3090
1788 1789
1789 807
1790 1788
1791 3086
1792 1788
1793 1788
1794 3086
1795 1789
1796 807
1797 3091
1798 866
1799 3138
1800 1511
1801 1511
1802 3109
1803 1246
1804 1247
1805 1247
1806 863
1807 865
1808 1297
1809 298
1810 218
1811 297
1812 1811
1813 1816
1814 742
1815 606
1816 298
1817 298
1818 452
1819 452
1820 441
1821 606
1822 781
1823 1239
1824 782
1825 1815
1826 1863
1827 1824
1828 1291
1829 1881
1830 637
1831 636
1832 3010
1833 2889
1834 2932
1835 2933
1836 2934
1837 3005
1838 2861
1839 2862
1840 3004
1841 1891
1842 1861
1843 2890
1844 2891
1845 715
1846 715
1847 2943
1848 3000
1849 607
1850 636
1851 1830
1852 3011
1853 3011
1854 1852
1855 1884
1856 2894
1857 1886
1858 2947
1859 3003
1860 636
1861 1238
1862 783
1863 783
1864 1849
1865 772
1866 1879
1867 755
1868 714
1869 754
1870 674
1871 674
1872 783
1873 1238
1874 1829
1875 1830
1876 1357
1877 1845
1878 1859
1879 712
1880 2944
1881 1238
1882 1831
1883 1830
1884 3011
1885 1823
1886 1822
1887 1881
1888 1875
1889 1874
1890 2890
1891 2891
1892 2946
1893 783
1894 1810
1895 783
1896 781
1897 2889
1898 1872
1899 743
1900 1678
1901 1892
1902 1438
1903 1901
1904 2896
1905 86
1906 506
1907 3929
1908 3071
1909 1698
1910 2829
1911 1914
1912 1701
1913 1699
1914 1914
1915 1914
1916 1723
1917 2832
1918 1966
1919 1942
1920 1942
1921 1966
1922 1941
1923 1942
1924 1949
1925 1975
1926 1956
1927 1956
1928 1967
1929 1967
1930 1956
1931 1966
1932 1965
1933 1952
1934 1967
1935 1972
1936 1952
1937 1977
1938 1939
1939 1965
1940 1967
1941 1977
1942 1966
1943 1942
1944 1967
1945 2874
1946 1686
1947 1687
1948 1599
1949 1966
1950 1976
1951 1953
1952 1953
1953 1602
1954 1953
1955 1953
1956 1966
1957 1953
1958 1965
1959 1951
1960 1965
1961 1957
1962 1967
1963 1965
1964 1953
1965 1589
1966 1592
1967 1966
1968 1741
1969 1934
1970 1934
1971 1589
1972 1586
1973 1584
1974 1953
1975 1693
1976 1599
1977 1687
1978 1687
1979 1942
1980 1548
1981 5594
1982 5720
1983 5457
1984 5457
1985 2023
1986 5596
1987 2071
1988 2023
1989 5721
1990 5595
1991 5721
1992 5586
1993 5721
1994 5721
1995 5720
1996 5596
1997 5463
1998 5596
1999 5456
2000 5463
2001 5596
2002 2023
2003 5456
2004 5596
2005 5457
2006 5594
2007 5457
2008 5457
2009 5721
2010 5721
2011 5594
2012 5457
2013 2228
2014 2019
2015 2208
2016 2235
2017 2235
2018 2235
2019 1935
2020 2235
2021 2147
2022 2023
2023 2019
2024 2023
2025 2206
2026 2279
2027 5818
2028 5826
2029 5826
2030 5977
2031 2241
2032 2102
2033 2102
2034 2241
2035 2207
2036 2202
2037 5826
2038 5818
2039 5818
2040 5826
2041 5720
2042 5721
2043 6196
2044 6180
2045 5586
2046 5721
2047 5720
2048 5721
2049 5594
2050 5594
2051 5594
2052 5594
2053 5594
2054 5720
2055 5587
2056 6195
2057 6206
2058 6206
2059 1935
2060 1945
2061 5596
2062 5720
2063 5720
2064 5457
2065 2202
2066 2106
2067 5977
2068 5826
2069 2023
2070 2019
2071 2235
2072 2112
2073 1938
2074 5587
2075 5594
2076 5457
2077 5596
2078 5457
2079 5596
2080 2229
2081 5457
2082 5594
2083 5594
2084 5457
2085 5720
2086 5596
2087 2235
2088 2206
2089 1979
2090 2185
2091 2182
2092 2019
2093 2019
2094 2023
2095 5596
2096 2023
2097 2208
2098 2243
2099 2243
2100 2243
2101 2243
2102 1962
2103 1962
2104 1962
2105 1944
2106 1940
2107 1945
2108 1944
2109 2243
2110 1944
2111 1935
2112 2243
2113 5457
2114 5720
2115 5721
2116 5594
2117 5586
2118 6192
2119 6192
2120 2023
2121 2023
2122 6192
2123 5938
2124 5848
2125 5648
2126 5848
2127 6206
2128 5848
2129 5848
2130 6206
2131 6195
2132 6180
2133 5721
2134 5659
2135 5721
2136 5720
2137 5721
2138 5721
2139 5587
2140 5721
2141 5587
2142 6192
2143 2071
2144 2023
2145 5826
2146 5818
2147 1944
2148 1944
2149 5594
2150 5596
2151 5594
2152 6196
2153 6207
2154 6207
2155 6180
2156 5818
2157 5823
2158 5826
2159 5938
2160 6206
2161 5648
2162 5648
2163 6206
2164 6197
2165 5648
2166 5818
2167 5938
2168 5938
2169 5818
2170 2182
2171 2023
2172 2023
2173 5720
2174 5594
2175 5596
2176 2023
2177 6207
2178 6206
2179 6206
2180 5457
2181 5848
2182 2206
2183 2073
2184 2202
2185 2241
2186 5938
2187 5848
2188 6180
2189 6197
2190 6207
2191 6207
2192 2023
2193 5586
2194 5586
2195 2202
2196 2202
2197 2202
2198 5721
2199 2182
2200 2023
2201 2202
2202 2241
2203 2106
2204 5938
2205 5823
2206 1962
2207 1943
2208 2243
2209 1945
2210 2023
2211 2185
2212 2023
2213 2071
2214 5721
2215 5903
2216 5903
2217 5860
2218 5863
2219 5823
2220 5962
2221 2023
2222 6192
2223 2023
2224 2023
2225 5456
2226 2019
2227 2235
2228 1943
2229 2279
2230 1938
2231 5446
2232 5860
2233 5860
2234 1945
2235 1938
2236 5457
2237 5596
2238 2229
2239 2229
2240 2185
2241 1938
2242 1956
2243 1972
2244 1942
2245 5969
2246 6207
2247 6207
2248 5596
2249 5457
2250 5720
2251 5457
2252 5596
2253 5720
2254 2185
2255 2185
2256 2023
2257 2023
2258 6197
2259 6197
2260 6195
2261 5848
2262 6207
2263 6207
2264 2023
2265 2073
2266 6183
2267 5721
2268 5721
2269 6206
2270 6206
2271 5586
2272 5860
2273 5860
2274 6192
2275 5721
2276 6207
2277 6206
2278 5586
2279 1945
2280 5977
2281 5870
2282 5860
2283 5860
2284 2207
2285 5457
2286 1972
2287 5457
2288 5720
2289 6196
2290 6195
2291 6206
2292 6197
2293 6196
2294 6207
2295 5906
2296 5905
2297 5900
2298 5882
2299 5870
2300 5905
2301 5905
2302 5882
2303 5905
2304 5905
2305 5905
2306 5905
2307 5905
2308 5905
2309 5905
2310 5905
2311 5905
2312 5905
2313 5905
2314 5905
2315 5905
2316 5905
2317 5905
2318 5905
2319 5905
2320 5905
2321 5905
2322 5913
2323 5905
2324 5905
2325 5905
2326 5905
2327 5905
2328 5905
2329 5905
2330 5905
2331 5900
2332 5879
2333 5905
2334 5905
2335 5905
2336 5905
2337 5905
2338 5905
2339 5905
2340 5905
2341 5902
2342 5894
2343 5905
2344 5905
2345 5905
2346 5905
2347 5905
2348 5905
2349 5905
2350 5905
2351 5905
2352 5905
2353 5905
2354 5905
2355 5905
2356 5905
2357 5891
2358 5871
2359 5903
2360 5891
2361 5860
2362 5860
2363 5860
2364 5860
2365 5969
2366 5962
2367 5818
2368 5938
2369 5848
2370 5818
2371 5848
2372 5848
2373 5860
2374 5900
2375 5860
2376 5897
2377 5902
2378 5818
2379 5848
2380 5848
2381 5848
2382 5818
2383 5938
2384 5938
2385 5818
2386 5818
2387 5818
2388 5848
2389 5818
2390 5903
2391 5905
2392 5905
2393 5898
2394 5896
2395 5903
2396 5898
2397 5905
2398 5905
2399 5905
2400 5938
2401 5905
2402 5905
2403 5891
2404 5905
2405 5905
2406 5906
2407 5905
2408 5905
2409 5905
2410 5905
2411 5905
2412 5905
2413 5905
2414 5905
2415 5905
2416 5905
2417 5926
2418 5926
2419 5905
2420 5905
2421 5905
2422 5905
2423 5905
2424 5905
2425 5926
2426 5926
2427 5905
2428 5905
2429 5926
2430 5926
2431 5905
2432 5905
2433 5905
2434 5926
2435 5926
2436 5905
2437 5926
2438 5926
2439 5905
2440 5926
2441 5905
2442 5905
2443 5926
2444 5926
2445 5926
2446 5926
2447 5905
2448 5926
2449 5905
2450 5926
2451 5926
2452 5926
2453 5905
2454 5905
2455 5905
2456 5905
2457 5905
2458 5905
2459 5905
2460 5905
2461 5926
2462 5926
2463 5926
2464 5926
2465 5926
2466 5926
2467 5926
2468 5926
2469 5860
2470 5863
2471 5973
2472 5977
2473 5860
2474 5818
2475 5863
2476 5871
2477 5860
2478 5834
2479 5964
2480 5975
2481 5975
2482 5818
2483 5969
2484 5871
2485 5938
2486 5834
2487 5973
2488 5938
2489 5938
2490 5938
2491 5938
2492 5818
2493 5964
2494 5964
2495 5818
2496 5818
2497 5938
2498 5818
2499 5964
2500 5834
2501 5900
2502 5900
2503 5818
2504 5962
2505 5834
2506 5863
2507 5900
2508 5900
2509 5896
2510 5938
2511 5647
2512 5906
2513 5906
2514 5818
2515 5903
2516 5903
2517 5900
2518 5905
2519 5905
2520 5905
2521 5905
2522 5905
2523 5906
2524 5906
2525 5905
2526 5905
2527 5905
2528 5905
2529 5905
2530 5905
2531 5905
2532 5905
2533 5905
2534 5905
2535 5905
2536 5905
2537 5905
2538 5905
2539 5905
2540 5905
2541 5905
2542 5905
2543 5905
2544 5905
2545 5905
2546 5905
2547 5905
2548 5905
2549 5905
2550 5905
2551 5905
2552 5905
2553 5905
2554 5905
2555 5905
2556 5905
2557 5905
2558 5905
2559 5905
2560 5905
2561 5905
2562 5905
2563 5905
2564 5905
2565 5905
2566 5905
2567 5905
2568 5905
2569 5905
2570 5905
2571 5905
2572 5905
2573 5905
2574 5905
2575 5905
2576 5905
2577 5905
2578 5905
2579 5905
2580 5648
2581 5819
2582 6091
2583 5500
2584 5822
2585 5823
2586 5931
2587 5822
2588 5693
2589 5819
2590 5822
2591 6206
2592 6197
2593 6207
2594 6206
2595 5586
2596 6196
2597 6195
2598 5586
2599 5822
2600 5819
2601 6206
2602 5500
2603 5500
2604 6206
2605 5586
2606 6192
2607 6197
2608 6195
2609 6197
2610 6206
2611 6196
2612 6196
2613 6206
2614 6206
2615 6206
2616 6206
2617 6206
2618 5822
2619 6130
2620 6130
2621 5818
2622 5819
2623 5822
2624 6147
2625 6130
2626 6130
2627 6110
2628 6192
2629 6128
2630 6128
2631 5822
2632 6130
2633 6128
2634 6125
2635 5786
2636 5785
2637 5786
2638 5785
2639 5785
2640 5785
2641 5785
2642 5785
2643 5786
2644 5795
2645 5906
2646 5906
2647 5896
2648 5896
2649 5795
2650 5795
2651 5896
2652 5795
2653 5906
2654 5906
2655 5896
2656 5795
2657 5906
2658 5906
2659 5795
2660 5795
2661 5896
2662 5906
2663 5906
2664 6010
2665 5906
2666 5906
2667 5795
2668 5896
2669 5786
2670 5786
2671 5906
2672 5906
2673 5906
2674 5906
2675 5896
2676 5906
2677 5896
2678 5906
2679 5906
2680 5906
2681 5785
2682 5785
2683 5786
2684 5795
2685 5786
2686 5788
2687 5795
2688 5795
2689 5896
2690 5896
2691 5896
2692 5906
2693 5906
2694 5906
2695 5906
2696 5906
2697 5586
2698 6198
2699 6195
2700 6195
2701 6183
2702 5721
2703 5721
2704 5721
2705 6195
2706 6183
2707 6183
2708 6195
2709 6180
2710 6195
2711 6195
2712 6195
2713 6180
2714 6195
2715 6180
2716 6192
2717 6197
2718 6207
2719 6207
2720 6207
2721 6197
2722 6197
2723 6192
2724 6207
2725 6207
2726 6207
2727 6207
2728 6207
2729 6207
2730 6207
2731 6207
2732 6197
2733 6180
2734 6197
2735 6207
2736 6207
2737 6192
2738 6207
2739 6207
2740 6192
2741 6207
2742 6195
2743 6195
2744 6207
2745 6207
2746 6207
2747 6207
2748 6207
2749 6207
2750 6197
2751 6207
2752 6207
2753 6207
2754 6195
2755 6195
2756 6180
2757 6192
2758 6196
2759 6199
2760 6197
2761 6197
2762 6207
2763 6207
2764 6207
2765 6207
2766 6207
2767 6207
2768 6207
2769 6207
2770 5720
2771 5721
2772 5720
2773 5457
2774 5596
2775 5594
2776 5594
2777 5721
2778 5457
2779 2788
2780 2788
2781 2788
2782 2788
2783 2788
2784 2788
2785 127
2786 127
2787 128
2788 128
2789 128
2790 127
2791 128
2792 2788
2793 2788
2794 2788
2795 127
2796 2788
2797 2788
2798 128
2799 2788
2800 2788
2801 127
2802 127
2803 127
2804 128
2805 2788
2806 127
2807 2788
2808 128
2809 127
2810 2788
2811 2788
2812 570
2813 1427
2814 2788
2815 2788
2816 2788
2817 2788
2818 2788
2819 1400
2820 1400
2821 1445
2822 1445
2823 2823
2824 2841
2825 2841
2826 1211
2827 2845
2828 2851
2829 1264
2830 1495
2831 1496
2832 797
2833 2835
2834 1496
2835 1267
2836 1188
2837 2826
2838 768
2839 1269
2840 2840
2841 725
2842 722
2843 891
2844 893
2845 2845
2846 1202
2847 2883
2848 3511
2849 3025
2850 2849
2851 1268
2852 930
2853 726
2854 2884
2855 1215
2856 931
2857 694
2858 731
2859 622
2860 625
2861 648
2862 651
2863 3036
2864 2869
2865 613
2866 2962
2867 3039
2868 3035
2869 3036
2870 6476
2871 6331
2872 214
2873 654
2874 1966
2875 210
2876 215
2877 572
2878 1331
2879 819
2880 819
2881 1280
2882 1312
2883 725
2884 701
2885 803
2886 817
2887 1237
2888 742
2889 606
2890 1238
2891 1862
2892 1821
2893 1823
2894 1861
2895 2986
2896 1443
2897 1443
2898 2982
2899 2982
2900 1340
2901 2979
2902 1845
2903 714
2904 712
2905 1503
2906 1437
2907 2962
2908 1437
2909 2912
2910 1448
2911 2924
2912 3101
2913 3018
2914 2914
2915 1790
2916 1792
2917 2916
2918 2916
2919 2916
2920 3121
2921 3151
2922 3155
2923 3155
2924 3100
2925 3121
2926 3114
2927 3157
2928 2928
2929 2929
2930 2930
2931 2870
2932 1254
2933 2997
2934 2856
2935 2857
2936 1352
2937 2998
2938 649
2939 1825
2940 1826
2941 648
2942 1885
2943 3004
2944 1857
2945 2947
2946 1857
2947 1885
2948 734
2949 624
2950 2853
2951 3497
2952 1760
2953 1760
2954 1282
2955 1507
2956 758
2957 2959
2958 1838
2959 1838
2960 2861
2961 2868
2962 3034
2963 3031
2964 3483
2965 625
2966 731
2967 595
2968 2882
2969 589
2970 1256
2971 2855
2972 174
2973 175
2974 2995
2975 2983
2976 2983
2977 2995
2978 2979
2979 2995
2980 2979
2981 1438
2982 2990
2983 1442
2984 2990
2985 1442
2986 1442
2987 1442
2988 1860
2989 1851
2990 2988
2991 2988
2992 1882
2993 1889
2994 1439
2995 1882
2996 1854
2997 3075
2998 2950
2999 1826
3000 1826
3001 1885
3002 1857
3003 1826
3004 2890
3005 1243
3006 728
3007 2951
3008 1862
3009 1862
3010 1824
3011 1861
3012 3840
3013 788
3014 4824
3015 3508
3016 766
3017 3505
3018 1332
3019 1248
3020 1249
3021 2913
3022 3019
3023 2837
3024 1325
3025 1348
3026 3506
3027 3028
3028 3065
3029 1753
3030 1350
3031 594
3032 597
3033 2856
3034 1352
3035 3483
3036 2857
3037 1352
3038 3031
3039 3031
3040 1349
3041 1349
3042 1256
3043 3030
3044 1351
3045 522
3046 1777
3047 3557
3048 3560
3049 403
3050 252
3051 504
3052 392
3053 346
3054 314
3055 5368
3056 3806
3057 391
3058 522
3059 445
3060 6492
3061 283
3062 333
3063 3498
3064 2812
3065 3064
3066 811
3067 284
3068 446
3069 86
3070 506
3071 3929
3072 3071
3073 571
3074 3062
3075 3497
3076 6476
3077 4237
3078 1331
3079 4240
3080 849
3081 853
3082 833
3083 850
3084 3094
3085 1446
3086 810
3087 853
3088 3089
3089 835
3090 810
3091 1446
3092 847
3093 3083
3094 3083
3095 3087
3096 833
3097 856
3098 2920
3099 2925
3100 1787
3101 3111
3102 836
3103 3082
3104 3088
3105 3095
3106 1799
3107 3108
3108 3138
3109 3116
3110 866
3111 3110
3112 1800
3113 3107
3114 3113
3115 3137
3116 3104
3117 913
3118 3117
3119 3118
3120 1247
3121 3156
3122 2910
3123 2921
3124 1345
3125 1035
3126 6556
3127 3127
3128 944
3129 850
3130 944
3131 963
3132 1227
3133 1501
3134 1499
3135 3127
3136 1321
3137 3092
3138 1480
3139 1275
3140 3139
3141 3140
3142 878
3143 3149
3144 881
3145 1539
3146 1207
3147 878
3148 3149
3149 1209
3150 1801
3151 1801
3152 1803
3153 1802
3154 1786
3155 1802
3156 1800
3157 1798
3158 3152
3159 3159
3160 1804
3161 93
3162 1777
3163 335
3164 3901
3165 3638
3166 3560
3167 126
3168 3950
3169 3049
3170 1221
3171 334
3172 6548
3173 765
3174 6602
3175 6602
3176 6724
3177 6724
3178 6593
3179 6593
3180 6593
3181 6593
3182 6599
3183 6598
3184 6723
3185 6599
3186 6723
3187 6603
3188 6724
3189 6601
3190 6731
3191 6610
3192 6600
3193 6731
3194 6598
3195 6598
3196 6599
3197 6723
3198 6732
3199 6732
3200 6836
3201 6733
3202 6836
3203 6836
3204 6733
3205 6834
3206 6599
3207 6832
3208 6832
3209 6816
3210 6734
3211 6627
3212 6627
3213 6627
3214 6627
3215 6664
3216 6664
3217 6664
3218 6664
3219 6630
3220 6630
3221 6627
3222 6627
3223 6664
3224 6664
3225 6664
3226 6664
3227 6627
3228 6627
3229 6630
3230 6627
3231 6664
3232 6659
3233 6664
3234 6664
3235 6664
3236 6659
3237 6659
3238 6664
3239 6664
3240 6664
3241 6664
3242 6664
3243 6627
3244 6627
3245 6627
3246 6627
3247 6664
3248 6627
3249 6664
3250 6664
3251 6664
3252 6664
3253 6627
3254 6627
3255 6627
3256 6627
3257 6627
3258 6627
3259 6627
3260 6627
3261 6627
3262 6627
3263 6627
3264 6627
3265 6627
3266 6627
3267 6664
3268 6627
3269 6627
3270 6627
3271 6627
3272 6627
3273 6627
3274 6627
3275 6627
3276 6627
3277 6664
3278 6627
3279 6659
3280 6664
3281 6664
3282 6695
3283 6664
3284 6664
3285 6664
3286 6664
3287 6664
3288 6664
3289 6659
3290 6664
3291 6659
3292 6636
3293 6664
3294 6637
3295 6664
3296 6659
3297 6636
3298 6664
3299 6627
3300 6664
3301 6627
3302 6627
3303 6664
3304 6627
3305 6627
3306 6627
3307 6627
3308 6627
3309 6627
3310 6664
3311 6664
3312 6627
3313 6664
3314 6664
3315 6697
3316 6694
3317 6664
3318 6694
3319 6733
3320 6598
3321 6598
3322 6836
3323 6835
3324 6816
3325 6816
3326 6816
3327 6817
3328 6793
3329 6816
3330 6816
3331 6781
3332 6818
3333 6818
3334 6800
3335 6818
3336 6697
3337 6697
3338 6753
3339 6754
3340 6758
3341 6754
3342 6758
3343 6751
3344 6750
3345 6751
3346 6750
3347 6753
3348 6752
3349 6751
3350 6697
3351 6754
3352 6697
3353 6754
3354 6752
3355 6754
3356 6751
3357 6750
3358 6758
3359 6754
3360 6750
3361 6753
3362 6750
3363 6751
3364 6806
3365 6806
3366 6806
3367 6806
3368 6806
3369 6806
3370 6809
3371 6803
3372 6844
3373 6848
3374 6830
3375 6789
3376 6796
3377 6862
3378 6828
3379 6810
3380 6786
3381 6818
3382 6825
3383 6775
3384 6787
3385 6827
3386 6825
3387 6775
3388 6787
3389 6859
3390 6818
3391 6799
3392 6818
3393 6799
3394 6787
3395 6799
3396 6863
3397 6753
3398 6753
3399 6809
3400 6802
3401 6802
3402 6844
3403 6837
3404 6848
3405 6844
3406 6753
3407 6806
3408 6843
3409 6830
3410 6847
3411 6831
3412 6850
3413 6850
3414 6827
3415 6795
3416 6800
3417 6810
3418 6805
3419 6806
3420 6798
3421 6844
3422 6850
3423 6862
3424 6861
3425 6860
3426 6860
3427 6863
3428 6855
3429 6850
3430 6847
3431 6848
3432 6818
3433 6817
3434 6815
3435 6816
3436 6815
3437 6753
3438 6753
3439 6753
3440 6753
3441 6806
3442 6806
3443 6806
3444 6806
3445 6844
3446 6844
3447 6843
3448 6843
3449 6844
3450 6844
3451 6847
3452 6848
3453 6855
3454 6850
3455 6848
3456 6847
3457 6856
3458 6863
3459 6863
3460 6855
3461 6850
3462 6850
3463 6850
3464 6850
3465 6855
3466 6855
3467 6855
3468 6855
3469 6818
3470 422
3471 826
3472 4997
3473 4584
3474 4584
3475 1500
3476 3476
3477 1494
3478 1493
3479 875
3480 2841
3481 885
3482 2812
3483 595
3484 1804
3485 370
3486 370
3487 370
3488 370
3489 477
3490 569
3491 370
3492 370
3493 370
3494 370
3495 2872
3496 2812
3497 3496
3498 6499
3499 3557
3500 3021
3501 1336
3502 3020
3503 2923
3504 6473
3505 4688
3506 4738
3507 3152
3508 4737
3509 1334
3510 1339
3511 6309
3512 3514
3513 3519
3514 3700
3515 3618
3516 3618
3517 3618
3518 3670
3519 3514
3520 3518
3521 3706
3522 3672
3523 3648
3524 3522
3525 3773
3526 3748
3527 3522
3528 3519
3529 3519
3530 3647
3531 3676
3532 6246
3533 3638
3534 6250
3535 3616
3536 3626
3537 3647
3538 3616
3539 3514
3540 3638
3541 3638
3542 3638
3543 6250
3544 3616
3545 6265
3546 6264
3547 6263
3548 6250
3549 3638
3550 3639
3551 3639
3552 3750
3553 3582
3554 3607
3555 3674
3556 3626
3557 3607
3558 3607
3559 3787
3560 3593
3561 3600
3562 3601
3563 3601
3564 411
3565 3604
3566 3749
3567 3564
3568 87
3569 3604
3570 3523
3571 278
3572 87
3573 518
3574 504
3575 3594
3576 3607
3577 3592
3578 3592
3579 3595
3580 3594
3581 3594
3582 3594
3583 3592
3584 3594
3585 3597
3586 3594
3587 3557
3588 3560
3589 3557
3590 3557
3591 3592
3592 3593
3593 3593
3594 3592
3595 3592
3596 3582
3597 3594
3598 3597
3599 3579
3600 3602
3601 3585
3602 3595
3603 3602
3604 90
3605 136
3606 3602
3607 3607
3608 3531
3609 3531
3610 411
3611 3603
3612 278
3613 458
3614 3610
3615 272
3616 3618
3617 3620
3618 3618
3619 3618
3620 3618
3621 3618
3622 3701
3623 3670
3624 3700
3625 3702
3626 3514
3627 3618
3628 3753
3629 3701
3630 3618
3631 3702
3632 3703
3633 3618
3634 3620
3635 3620
3636 6264
3637 6264
3638 6250
3639 6250
3640 6250
3641 6264
3642 6264
3643 6250
3644 3514
3645 3519
3646 3516
3647 3671
3648 3671
3649 3773
3650 3749
3651 3522
3652 3668
3653 3774
3654 3613
3655 3523
3656 3781
3657 3524
3658 3523
3659 3781
3660 3781
3661 3524
3662 3766
3663 3890
3664 3868
3665 3887
3666 3773
3667 3672
3668 3648
3669 3706
3670 3678
3671 3709
3672 3671
3673 3671
3674 3671
3675 3671
3676 3671
3677 3519
3678 3971
3679 3970
3680 3981
3681 3977
3682 3981
3683 3708
3684 3668
3685 3524
3686 3890
3687 3890
3688 5233
3689 3706
3690 4021
3691 4008
3692 3978
3693 4008
3694 3785
3695 4021
3696 3781
3697 5241
3698 4011
3699 3691
3700 3702
3701 3702
3702 3753
3703 3703
3704 3706
3705 3670
3706 3678
3707 3967
3708 3975
3709 3967
3710 4016
3711 4018
3712 3523
3713 3524
3714 3891
3715 3524
3716 4011
3717 4014
3718 3865
3719 3865
3720 3868
3721 3868
3722 3864
3723 3868
3724 3868
3725 3898
3726 457
3727 3892
3728 3897
3729 3901
3730 3898
3731 3898
3732 3781
3733 3781
3734 3896
3735 3891
3736 3885
3737 4014
3738 4011
3739 3514
3740 3620
3741 6264
3742 6264
3743 6264
3744 6250
3745 3620
3746 6264
3747 6250
3748 3531
3749 3843
3750 3705
3751 3758
3752 3753
3753 3753
3754 3753
3755 3553
3756 3521
3757 3679
3758 3670
3759 3673
3760 3514
3761 3670
3762 3648
3763 4021
3764 3972
3765 3785
3766 3785
3767 3903
3768 3887
3769 3892
3770 3514
3771 6247
3772 3706
3773 3648
3774 3648
3775 3706
3776 3706
3777 3521
3778 3704
3779 3980
3780 3692
3781 3978
3782 3981
3783 3976
3784 3976
3785 3975
3786 3884
3787 3556
3788 3845
3789 3789
3790 86
3791 90
3792 90
3793 86
3794 1777
3795 3527
3796 384
3797 3766
3798 3638
3799 3638
3800 3638
3801 3638
3802 3592
3803 3803
3804 3607
3805 3593
3806 5368
3807 3524
3808 3779
3809 3868
3810 3865
3811 3890
3812 3885
3813 3865
3814 3766
3815 3885
3816 3911
3817 385
3818 526
3819 522
3820 3639
3821 3639
3822 331
3823 3639
3824 6250
3825 6252
3826 6250
3827 6250
3828 3638
3829 3639
3830 3639
3831 3638
3832 3639
3833 3638
3834 3638
3835 6250
3836 3639
3837 3638
3838 3639
3839 253
3840 403
3841 3594
3842 6264
3843 3676
3844 3519
3845 3700
3846 3519
3847 3513
3848 6250
3849 6250
3850 3638
3851 6250
3852 6250
3853 6250
3854 3638
3855 3753
3856 3618
3857 6246
3858 6264
3859 3616
3860 3515
3861 3519
3862 3702
3863 3862
3864 3683
3865 3711
3866 4017
3867 4020
3868 3980
3869 3980
3870 3967
3871 3967
3872 3967
3873 3967
3874 3967
3875 3967
3876 3965
3877 3965
3878 3965
3879 3965
3880 3965
3881 3706
3882 3966
3883 3967
3884 3979
3885 4021
3886 3980
3887 3980
3888 3683
3889 3692
3890 4021
3891 4008
3892 3980
3893 3980
3894 3938
3895 3981
3896 3692
3897 5241
3898 3683
3899 3982
3900 3710
3901 3710
3902 3903
3903 4017
3904 4017
3905 4021
3906 4017
3907 4017
3908 3711
3909 3638
3910 392
3911 504
3912 3923
3913 3912
3914 3915
3915 3929
3916 6264
3917 4011
3918 3892
3919 3901
3920 3896
3921 3897
3922 432
3923 3545
3924 3639
3925 3560
3926 3639
3927 3541
3928 321
3929 314
3930 3618
3931 3620
3932 3639
3933 3639
3934 3780
3935 3898
3936 3056
3937 5368
3938 4037
3939 3971
3940 4044
3941 3975
3942 391
3943 3898
3944 3767
3945 3702
3946 3753
3947 6264
3948 3602
3949 3557
3950 522
3951 128
3952 3967
3953 3967
3954 3967
3955 3967
3956 3967
3957 3967
3958 3967
3959 3967
3960 3965
3961 3967
3962 3967
3963 3967
3964 3967
3965 3967
3966 3967
3967 3967
3968 3967
3969 3967
3970 4044
3971 4044
3972 4036
3973 3979
3974 4044
3975 4044
3976 4044
3977 4044
3978 3975
3979 3975
3980 4039
3981 3977
3982 3981
3983 4037
3984 3969
3985 3967
3986 3967
3987 3967
3988 4047
3989 4047
3990 4047
3991 4047
3992 4044
3993 4044
3994 3977
3995 4046
3996 4046
3997 4046
3998 4044
3999 4046
4000 4046
4001 4046
4002 4046
4003 4044
4004 4044
4005 3979
4006 3983
4007 3981
4008 4018
4009 3981
4010 4017
4011 4020
4012 3967
4013 4047
4014 3983
4015 4044
4016 3977
4017 3977
4018 3975
4019 3979
4020 4037
4021 4036
4022 3981
4023 4044
4024 3975
4025 4039
4026 4044
4027 4039
4028 4046
4029 3977
4030 4044
4031 4039
4032 4044
4033 4044
4034 4047
4035 4044
4036 3975
4037 4044
4038 4044
4039 4044
4040 4044
4041 4044
4042 3967
4043 4044
4044 3967
4045 3967
4046 3967
4047 3967
4048 3967
4049 3967
4050 3967
4051 3967
4052 3967
4053 3967
4054 3967
4055 3967
4056 3967
4057 3967
4058 3654
4059 3654
4060 3902
4061 3767
4062 3967
4063 3967
4064 3967
4065 3967
4066 3967
4067 3967
4068 3967
4069 4044
4070 4044
4071 4044
4072 3715
4073 3713
4074 3713
4075 3715
4076 3724
4077 3719
4078 3935
4079 3728
4080 3944
4081 4058
4082 4185
4083 6273
4084 6333
4085 4187
4086 6478
4087 6489
4088 4159
4089 5297
4090 4077
4091 4095
4092 4199
4093 4798
4094 3735
4095 3718
4096 3715
4097 3715
4098 6395
4099 4100
4100 6395
4101 6396
4102 4678
4103 4282
4104 4282
4105 4210
4106 4249
4107 4249
4108 4680
4109 4212
4110 6337
4111 4784
4112 4783
4113 4188
4114 6444
4115 6444
4116 4912
4117 4912
4118 4288
4119 4964
4120 4288
4121 4290
4122 4198
4123 4097
4124 4230
4125 4094
4126 4778
4127 4080
4128 5360
4129 5360
4130 6416
4131 6416
4132 6418
4133 6417
4134 4252
4135 4252
4136 6341
4137 4186
4138 4233
4139 4235
4140 4086
4141 4908
4142 4331
4143 4316
4144 4284
4145 4285
4146 4147
4147 4178
4148 4158
4149 6367
4150 4372
4151 4343
4152 4341
4153 4289
4154 4900
4155 4900
4156 6491
4157 4898
4158 4156
4159 6477
4160 4197
4161 4727
4162 6348
4163 4774
4164 4317
4165 4316
4166 4330
4167 6380
4168 6401
4169 5298
4170 4127
4171 4129
4172 4825
4173 4828
4174 4428
4175 4825
4176 4907
4177 6366
4178 4086
4179 4740
4180 4718
4181 6496
4182 1305
4183 6497
4184 3168
4185 424
4186 3164
4187 3726
4188 3918
4189 3807
4190 3713
4191 4775
4192 4775
4193 6377
4194 4189
4195 4703
4196 4786
4197 4302
4198 3718
4199 3718
4200 4091
4201 4196
4202 6407
4203 5287
4204 4129
4205 4191
4206 4162
4207 4093
4208 4288
4209 4285
4210 4909
4211 4681
4212 6416
4213 6365
4214 2876
4215 1216
4216 3471
4217 1304
4218 828
4219 3944
4220 6497
4221 6496
4222 6502
4223 1306
4224 6417
4225 6328
4226 4975
4227 4975
4228 4975
4229 4975
4230 3713
4231 3699
4232 3735
4233 3813
4234 3797
4235 3663
4236 3812
4237 6390
4238 4718
4239 4180
4240 4237
4241 4192
4242 4191
4243 4127
4244 4191
4245 4191
4246 5299
4247 4975
4248 4192
4249 6418
4250 6328
4251 4684
4252 6329
4253 4411
4254 4255
4255 6311
4256 4686
4257 5351
4258 5346
4259 5345
4260 4161
4261 5345
4262 5316
4263 5346
4264 5346
4265 4976
4266 4975
4267 5306
4268 5340
4269 3718
4270 3718
4271 3718
4272 4975
4273 6363
4274 6363
4275 4975
4276 4916
4277 4912
4278 5009
4279 5329
4280 6362
4281 5329
4282 6367
4283 6367
4284 6295
4285 4284
4286 4286
4287 6296
4288 4316
4289 4375
4290 4290
4291 3684
4292 3712
4293 3699
4294 3699
4295 4303
4296 4311
4297 4296
4298 4295
4299 3737
4300 3661
4301 3699
4302 3738
4303 4304
4304 5250
4305 3684
4306 3684
4307 3712
4308 3684
4309 3684
4310 4296
4311 4298
4312 3684
4313 3697
4314 3767
4315 3902
4316 4150
4317 6375
4318 4318
4319 4648
4320 4648
4321 4321
4322 3148
4323 4693
4324 4357
4325 4324
4326 3484
4327 4326
4328 4329
4329 3158
4330 4372
4331 4152
4332 5253
4333 4746
4334 4746
4335 4335
4336 4335
4337 4338
4338 4338
4339 4339
4340 4337
4341 6380
4342 6544
4343 6544
4344 1784
4345 4346
4346 5248
4347 3507
4348 3102
4349 3102
4350 3510
4351 3510
4352 4311
4353 6538
4354 4354
4355 6510
4356 4837
4357 6552
4358 4363
4359 4973
4360 4362
4361 4971
4362 4713
4363 4972
4364 4419
4365 6562
4366 6562
4367 4419
4368 3145
4369 4323
4370 4325
4371 4322
4372 4376
4373 4374
4374 6545
4375 6294
4376 4732
4377 4147
4378 4736
4379 4909
4380 4088
4381 2877
4382 3078
4383 4383
4384 4422
4385 4933
4386 4448
4387 4388
4388 4358
4389 4359
4390 4391
4391 4391
4392 4361
4393 4361
4394 4394
4395 4707
4396 4453
4397 4454
4398 4371
4399 4398
4400 4401
4401 4371
4402 5245
4403 5244
4404 6544
4405 6372
4406 4404
4407 6288
4408 4965
4409 4409
4410 4410
4411 4968
4412 4968
4413 4180
4414 4174
4415 4141
4416 3067
4417 1304
4418 4296
4419 4421
4420 4926
4421 4435
4422 4928
4423 4303
4424 6374
4425 5253
4426 4249
4427 4249
4428 4827
4429 4828
4430 4430
4431 4931
4432 4470
4433 4628
4434 4930
4435 4438
4436 4397
4437 4627
4438 4438
4439 4440
4440 4988
4441 4989
4442 1014
4443 4391
4444 4460
4445 4460
4446 4447
4447 4447
4448 4448
4449 949
4450 4449
4451 4480
4452 4451
4453 4928
4454 4929
4455 4460
4456 4460
4457 4459
4458 4457
4459 4459
4460 4460
4461 4465
4462 4465
4463 4466
4464 4466
4465 4465
4466 4466
4467 4466
4468 4468
4469 4468
4470 4466
4471 4466
4472 4469
4473 4473
4474 4473
4475 4478
4476 4472
4477 4441
4478 4989
4479 4630
4480 4440
4481 3472
4482 1523
4483 1522
4484 1522
4485 1059
4486 1059
4487 1148
4488 1522
4489 1148
4490 1148
4491 1062
4492 1051
4493 1052
4494 1148
4495 1047
4496 1018
4497 1018
4498 1048
4499 1058
4500 1056
4501 1369
4502 1019
4503 1058
4504 1058
4505 1523
4506 1369
4507 4461
4508 4510
4509 4461
4510 4461
4511 1013
4512 1013
4513 1013
4514 1013
4515 1016
4516 4524
4517 4523
4518 1016
4519 1013
4520 4508
4521 1013
4522 1013
4523 1013
4524 997
4525 997
4526 997
4527 997
4528 1016
4529 1523
4530 1058
4531 1018
4532 1048
4533 1057
4534 1057
4535 1065
4536 1068
4537 1065
4538 1067
4539 1073
4540 1057
4541 1057
4542 1079
4543 1370
4544 1370
4545 1526
4546 1526
4547 1079
4548 1057
4549 1078
4550 1182
4551 1180
4552 1180
4553 1071
4554 1065
4555 1180
4556 1079
4557 1177
4558 1079
4559 1102
4560 1373
4561 1157
4562 1119
4563 1117
4564 1177
4565 1151
4566 1151
4567 1151
4568 1103
4569 1525
4570 1525
4571 1528
4572 1114
4573 1114
4574 1076
4575 1076
4576 1089
4577 1086
4578 1076
4579 1075
4580 1106
4581 1089
4582 1089
4583 1106
4584 1074
4585 1074
4586 1089
4587 1089
4588 1074
4589 1094
4590 1135
4591 1128
4592 1128
4593 1132
4594 1114
4595 1114
4596 1128
4597 1128
4598 1123
4599 1105
4600 1105
4601 1122
4602 1374
4603 1156
4604 1374
4605 3192
4606 3191
4607 1121
4608 3186
4609 3184
4610 3180
4611 3180
4612 1130
4613 1129
4614 1122
4615 1124
4616 3179
4617 3197
4618 3175
4619 1532
4620 3175
4621 3174
4622 3320
4623 6548
4624 1221
4625 4450
4626 4709
4627 4451
4628 4454
4629 4989
4630 4480
4631 1013
4632 1016
4633 1058
4634 1369
4635 1370
4636 1152
4637 1074
4638 1074
4639 1151
4640 1114
4641 1076
4642 1156
4643 1121
4644 3189
4645 4324
4646 4647
4647 4357
4648 4325
4649 4450
4650 4709
4651 4708
4652 4948
4653 1016
4654 4462
4655 4672
4656 1013
4657 1016
4658 1013
4659 1013
4660 1016
4661 1371
4662 1074
4663 1151
4664 1153
4665 1153
4666 1153
4667 1528
4668 1528
4669 1090
4670 4480
4671 4479
4672 4477
4673 4477
4674 4750
4675 4104
4676 4099
4677 4681
4678 4681
4679 4894
4680 4682
4681 4099
4682 6490
4683 6418
4684 4139
4685 4090
4686 6310
4687 4686
4688 4824
4689 6521
4690 6539
4691 4369
4692 4691
4693 4925
4694 4695
4695 6310
4696 3171
4697 3067
4698 3060
4699 424
4700 3059
4701 573
4702 3795
4703 3816
4704 1221
4705 1354
4706 1221
4707 4707
4708 4926
4709 4708
4710 4419
4711 4950
4712 6504
4713 4383
4714 4205
4715 4205
4716 6361
4717 4754
4718 6391
4719 4718
4720 3713
4721 3721
4722 3730
4723 3721
4724 3721
4725 4292
4726 4305
4727 4793
4728 4313
4729 3120
4730 6541
4731 6299
4732 4734
4733 6288
4734 4410
4735 4089
4736 5296
4737 6457
4738 6316
4739 4214
4740 6315
4741 5337
4742 5350
4743 5309
4744 6362
4745 6504
4746 6505
4747 4283
4748 4282
4749 6312
4750 4752
4751 4252
4752 4213
4753 4252
4754 4129
4755 4161
4756 4127
4757 4757
4758 4758
4759 6563
4760 1354
4761 3896
4762 3896
4763 4822
4764 6363
4765 4822
4766 6324
4767 4191
4768 5298
4769 5298
4770 4822
4771 4077
4772 6432
4773 4292
4774 4293
4775 6432
4776 4189
4777 4190
4778 4073
4779 3686
4780 3687
4781 3808
4782 3797
4783 3796
4784 423
4785 460
4786 3808
4787 3712
4788 3658
4789 3807
4790 4916
4791 4912
4792 3896
4793 3896
4794 4912
4795 6445
4796 3730
4797 3721
4798 4793
4799 3659
4800 3767
4801 6551
4802 6517
4803 4750
4804 4960
4805 4407
4806 6299
4807 446
4808 6474
4809 5234
4810 4810
4811 4808
4812 4812
4813 1784
4814 6564
4815 1539
4816 5312
4817 5342
4818 5285
4819 4124
4820 6545
4821 4405
4822 6425
4823 4101
4824 4180
4825 4216
4826 5222
4827 6501
4828 4217
4829 3127
4830 6352
4831 5342
4832 6353
4833 6350
4834 1221
4835 3127
4836 4419
4837 1137
4838 4933
4839 4385
4840 4930
4841 4451
4842 1057
4843 1152
4844 1076
4845 1114
4846 1156
4847 1121
4848 3191
4849 6445
4850 4912
4851 4912
4852 6438
4853 4684
4854 5341
4855 4754
4856 4754
4857 5330
4858 4205
4859 4754
4860 4205
4861 6444
4862 5338
4863 6361
4864 6438
4865 4912
4866 4912
4867 6445
4868 6444
4869 4205
4870 4204
4871 5338
4872 6470
4873 4124
4874 4774
4875 5325
4876 4726
4877 5294
4878 4911
4879 5343
4880 5335
4881 4912
4882 6455
4883 6450
4884 6404
4885 6461
4886 6362
4887 6362
4888 6352
4889 5311
4890 6396
4891 5300
4892 5299
4893 4100
4894 6491
4895 6416
4896 6418
4897 4100
4898 6491
4899 4146
4900 3816
4901 6447
4902 4914
4903 4200
4904 6401
4905 4822
4906 4976
4907 6479
4908 6478
4909 4159
4910 6395
4911 6470
4912 6352
4913 5285
4914 5325
4915 5285
4916 6351
4917 4124
4918 5285
4919 4297
4920 4919
4921 6386
4922 6386
4923 4690
4924 4365
4925 4419
4926 953
4927 4310
4928 954
4929 1028
4930 4628
4931 4840
4932 4935
4933 4933
4934 4456
4935 4457
4936 4936
4937 1089
4938 1474
4939 1089
4940 1114
4941 1089
4942 1467
4943 1157
4944 1104
4945 1105
4946 1106
4947 1105
4948 1221
4949 4950
4950 6554
4951 6513
4952 4759
4953 6296
4954 4286
4955 6302
4956 6302
4957 4747
4958 4749
4959 5225
4960 5225
4961 4752
4962 4752
4963 4750
4964 4750
4965 4967
4966 4967
4967 6304
4968 6304
4969 6563
4970 4708
4971 4646
4972 4319
4973 6555
4974 5298
4975 4113
4976 4137
4977 5344
4978 5336
4979 5318
4980 4270
4981 5285
4982 4269
4983 4399
4984 6558
4985 4985
4986 6548
4987 4324
4988 4442
4989 1014
4990 997
4991 997
4992 1058
4993 1523
4994 1078
4995 1152
4996 1530
4997 1530
4998 1151
4999 1076
5000 1114
5001 1128
5002 1129
5003 3181
5004 3127
5005 4624
5006 3730
5007 6322
5008 4126
5009 5312
5010 4911
5011 4911
5012 6406
5013 5287
5014 5347
5015 5086
5016 5063
5017 4142
5018 4424
5019 5086
5020 4142
5021 4803
5022 4803
5023 5161
5024 5161
5025 5373
5026 5038
5027 5161
5028 4142
5029 4803
5030 4803
5031 5041
5032 5041
5033 4869
5034 4115
5035 4869
5036 4871
5037 5376
5038 5204
5039 5211
5040 5211
5041 5106
5042 5204
5043 5185
5044 5185
5045 5185
5046 5185
5047 4803
5048 4803
5049 5211
5050 5211
5051 5374
5052 5374
5053 5050
5054 5050
5055 5373
5056 5373
5057 5161
5058 5038
5059 5038
5060 4142
5061 5050
5062 5213
5063 5204
5064 5211
5065 5211
5066 5376
5067 5211
5068 5086
5069 5370
5070 5211
5071 5211
5072 5106
5073 5106
5074 5211
5075 5211
5076 5143
5077 5143
5078 5213
5079 5213
5080 5144
5081 5145
5082 5010
5083 5010
5084 4869
5085 4869
5086 4869
5087 5010
5088 6357
5089 6357
5090 6281
5091 5010
5092 4869
5093 4869
5094 5145
5095 5145
5096 4744
5097 4869
5098 5148
5099 4115
5100 4764
5101 4764
5102 4267
5103 4268
5104 6413
5105 4226
5106 4272
5107 6413
5108 4977
5109 6355
5110 4977
5111 4977
5112 4744
5113 5365
5114 4225
5115 4267
5116 4280
5117 4116
5118 6360
5119 6360
5120 6280
5121 5011
5122 6356
5123 6357
5124 5011
5125 6280
5126 4741
5127 4741
5128 6358
5129 4225
5130 4870
5131 4870
5132 6280
5133 4882
5134 5011
5135 6281
5136 4764
5137 4226
5138 4770
5139 4228
5140 4228
5141 4228
5142 4770
5143 4770
5144 6443
5145 6354
5146 6440
5147 4272
5148 6354
5149 6354
5150 4977
5151 6354
5152 5223
5153 4267
5154 5042
5155 5042
5156 5050
5157 5050
5158 5374
5159 5050
5160 5063
5161 5211
5162 5373
5163 6280
5164 4744
5165 6357
5166 6360
5167 6356
5168 5365
5169 4115
5170 4869
5171 5365
5172 4224
5173 6357
5174 6437
5175 4903
5176 6440
5177 4977
5178 6354
5179 6440
5180 4977
5181 6354
5182 4977
5183 6354
5184 6440
5185 6354
5186 4272
5187 4905
5188 4770
5189 4770
5190 4803
5191 5041
5192 4869
5193 5148
5194 4871
5195 4803
5196 5161
5197 5106
5198 5041
5199 5106
5200 4225
5201 5223
5202 4882
5203 4765
5204 4272
5205 5010
5206 4205
5207 5010
5208 6357
5209 6356
5210 5372
5211 5106
5212 4744
5213 4869
5214 4268
5215 4764
5216 4267
5217 4903
5218 4226
5219 5373
5220 4901
5221 4869
5222 3062
5223 4252
5224 4679
5225 4249
5226 6420
5227 6330
5228 4129
5229 4093
5230 6418
5231 4044
5232 4018
5233 4044
5234 3500
5235 3967
5236 4044
5237 3967
5238 3967
5239 3967
5240 3967
5241 3979
5242 3978
5243 3967
5244 6373
5245 6373
5246 3021
5247 5245
5248 1783
5249 6533
5250 5249
5251 5251
5252 6573
5253 5254
5254 5254
5255 5251
5256 5251
5257 5256
5258 5250
5259 5256
5260 5250
5261 6533
5262 6531
5263 6530
5264 5263
5265 4350
5266 4692
5267 864
5268 1807
5269 3730
5270 3735
5271 3811
5272 3811
5273 4313
5274 3734
5275 3934
5276 4315
5277 3810
5278 3811
5279 3810
5280 3727
5281 3768
5282 3730
5283 4793
5284 4305
5285 3730
5286 4300
5287 4780
5288 5278
5289 6432
5290 4230
5291 4230
5292 4097
5293 4094
5294 4294
5295 4428
5296 4828
5297 6393
5298 4218
5299 4085
5300 6879
5301 4775
5302 4197
5303 5283
5304 4724
5305 4198
5306 4091
5307 4197
5308 4091
5309 5287
5310 3721
5311 4198
5312 4097
5313 4232
5314 4270
5315 5310
5316 5271
5317 6339
5318 5310
5319 4197
5320 4774
5321 4724
5322 4793
5323 4305
5324 4793
5325 3730
5326 4191
5327 4162
5328 5298
5329 4093
5330 4192
5331 6350
5332 5342
5333 4306
5334 4305
5335 4270
5336 4270
5337 5289
5338 5288
5339 5352
5340 4128
5341 5287
5342 4793
5343 4269
5344 5310
5345 4232
5346 4097
5347 4230
5348 4096
5349 5325
5350 5342
5351 5277
5352 6339
5353 5347
5354 4793
5355 4305
5356 4291
5357 4097
5358 4230
5359 4198
5360 4793
5361 4225
5362 6463
5363 6460
5364 5317
5365 6454
5366 506
5367 86
5368 3071
5369 3929
5370 6358
5371 4116
5372 5145
5373 5106
5374 5185
5375 5185
5376 5185
5377 5185
5378 5145
5379 5074
5380 5154
5381 5210
5382 5210
5383 5051
5384 5051
5385 5018
5386 5051
5387 5219
5388 5051
5389 5051
5390 5219
5391 5219
5392 5057
5393 5219
5394 5219
5395 5057
5396 5055
5397 5055
5398 5027
5399 5219
5400 5075
5401 5016
5402 5018
5403 5018
5404 5055
5405 5162
5406 5155
5407 5373
5408 5198
5409 5198
5410 5075
5411 5198
5412 5198
5413 5075
5414 5373
5415 5022
5416 5198
5417 5075
5418 5198
5419 5075
5420 5414
5421 5075
5422 5074
5423 5157
5424 5210
5425 5198
5426 5198
5427 5198
5428 5075
5429 5198
5430 5437
5431 5441
5432 5072
5433 5075
5434 5075
5435 5195
5436 5198
5437 5374
5438 5195
5439 5195
5440 5055
5441 5374
5442 5746
5443 5493
5444 5656
5445 2240
5446 5667
5447 5562
5448 5664
5449 5493
5450 5641
5451 2240
5452 2239
5453 2239
5454 2079
5455 2080
5456 5656
5457 2143
5458 5688
5459 5688
5460 5662
5461 5699
5462 5658
5463 5656
5464 5527
5465 5569
5466 5699
5467 5493
5468 5493
5469 5493
5470 2239
5471 5656
5472 2264
5473 5641
5474 5396
5475 5394
5476 5393
5477 5396
5478 5403
5479 5394
5480 5413
5481 5394
5482 5396
5483 5396
5484 5480
5485 5569
5486 5394
5487 5430
5488 2777
5489 2697
5490 2771
5491 2771
5492 5388
5493 5702
5494 5406
5495 5403
5496 5702
5497 5567
5498 2697
5499 2771
5500 2777
5501 2777
5502 2239
5503 2094
5504 2285
5505 2080
5506 2079
5507 2285
5508 2094
5509 5746
5510 5746
5511 2239
5512 5468
5513 2264
5514 2094
5515 5468
5516 2079
5517 2151
5518 2005
5519 2285
5520 5403
5521 5403
5522 5656
5523 5699
5524 5641
5525 2240
5526 5669
5527 5406
5528 2598
5529 2777
5530 5389
5531 5527
5532 5399
5533 5403
5534 5413
5535 2079
5536 5746
5537 5699
5538 5493
5539 5527
5540 5493
5541 5493
5542 5699
5543 5699
5544 2094
5545 2264
5546 5641
5547 5493
5548 5389
5549 5403
5550 5421
5551 5569
5552 5430
5553 5396
5554 5569
5555 5558
5556 5667
5557 5526
5558 5393
5559 6335
5560 6335
5561 6335
5562 6335
5563 5435
5564 5435
5565 5435
5566 5435
5567 5426
5568 5429
5569 5401
5570 5438
5571 5410
5572 5439
5573 5439
5574 5746
5575 2240
5576 5641
5577 2240
5578 1984
5579 2285
5580 2079
5581 5609
5582 5668
5583 2180
5584 2214
5585 2214
5586 2081
5587 2081
5588 2115
5589 2005
5590 2134
5591 2134
5592 1984
5593 2285
5594 2080
5595 2095
5596 5699
5597 2094
5598 2143
5599 2240
5600 2285
5601 2078
5602 2285
5603 2080
5604 5569
5605 5569
5606 2777
5607 2777
5608 5435
5609 5435
5610 5746
5611 5658
5612 5699
5613 2077
5614 2285
5615 2005
5616 2005
5617 2174
5618 2174
5619 2697
5620 2697
5621 2151
5622 2151
5623 2064
5624 2134
5625 2151
5626 2081
5627 2193
5628 2193
5629 2214
5630 2198
5631 5569
5632 5670
5633 5569
5634 5656
5635 2143
5636 2143
5637 5569
5638 2115
5639 2005
5640 2151
5641 5699
5642 2214
5643 5430
5644 5403
5645 5696
5646 5430
5647 2214
5648 2214
5649 2285
5650 2005
5651 2005
5652 2078
5653 5667
5654 2237
5655 2240
5656 5568
5657 5670
5658 5696
5659 2144
5660 5569
5661 5670
5662 5696
5663 5403
5664 5406
5665 2198
5666 2777
5667 5400
5668 5426
5669 5439
5670 5417
5671 5670
5672 5667
5673 5569
5674 5667
5675 2143
5676 2606
5677 2597
5678 2605
5679 2606
5680 2743
5681 2605
5682 5667
5683 2078
5684 5691
5685 5688
5686 5480
5687 5403
5688 5396
5689 5400
5690 5403
5691 5438
5692 5480
5693 2597
5694 2597
5695 5419
5696 5439
5697 5699
5698 5569
5699 5526
5700 5569
5701 5527
5702 5439
5703 5051
5704 5051
5705 5441
5706 2597
5707 2005
5708 2005
5709 5493
5710 2264
5711 5641
5712 5746
5713 5746
5714 5656
5715 5569
5716 5569
5717 5667
5718 5695
5719 2778
5720 2774
5721 2078
5722 2214
5723 2115
5724 2702
5725 5396
5726 5569
5727 5641
5728 5641
5729 2144
5730 2078
5731 2078
5732 2095
5733 2597
5734 2608
5735 2005
5736 2080
5737 2180
5738 2115
5739 2239
5740 5400
5741 2598
5742 2608
5743 2597
5744 2597
5745 5668
5746 5493
5747 5051
5748 5493
5749 5641
5750 2081
5751 2113
5752 2077
5753 2113
5754 2180
5755 2115
5756 2606
5757 2606
5758 2380
5759 2380
5760 2597
5761 2379
5762 2379
5763 2606
5764 2616
5765 2616
5766 2694
5767 2616
5768 2694
5769 2694
5770 2672
5771 2672
5772 2694
5773 2694
5774 2694
5775 2672
5776 2672
5777 2694
5778 2616
5779 2466
5780 2466
5781 2466
5782 2466
5783 2606
5784 2694
5785 2672
5786 2466
5787 2616
5788 2672
5789 2672
5790 2616
5791 2672
5792 2606
5793 2606
5794 2672
5795 2466
5796 2694
5797 2672
5798 2694
5799 2672
5800 2672
5801 2672
5802 2597
5803 2606
5804 2606
5805 2694
5806 2379
5807 2609
5808 2694
5809 2694
5810 2672
5811 2672
5812 2672
5813 2672
5814 2466
5815 2672
5816 2672
5817 2672
5818 2596
5819 2606
5820 2597
5821 2597
5822 2596
5823 2606
5824 2597
5825 2597
5826 2605
5827 2598
5828 2193
5829 2137
5830 2214
5831 2214
5832 2134
5833 2214
5834 2606
5835 2597
5836 2198
5837 2198
5838 2597
5839 2597
5840 2134
5841 2081
5842 2214
5843 2193
5844 2198
5845 2174
5846 2174
5847 2198
5848 2214
5849 2198
5850 2198
5851 2605
5852 2609
5853 2606
5854 2606
5855 2379
5856 2605
5857 2598
5858 2379
5859 2379
5860 2379
5861 2214
5862 2606
5863 2379
5864 2606
5865 2379
5866 2606
5867 2380
5868 2694
5869 2616
5870 2616
5871 2616
5872 2616
5873 2694
5874 2694
5875 2694
5876 2466
5877 2466
5878 2466
5879 2466
5880 2466
5881 2466
5882 2466
5883 2466
5884 2466
5885 2466
5886 2466
5887 2466
5888 2466
5889 2466
5890 2466
5891 2466
5892 2466
5893 2694
5894 2466
5895 2466
5896 2466
5897 2466
5898 2466
5899 2466
5900 2466
5901 2466
5902 2694
5903 2694
5904 2466
5905 2466
5906 2466
5907 2466
5908 2466
5909 2466
5910 2466
5911 2466
5912 2466
5913 2466
5914 2694
5915 2694
5916 2694
5917 2466
5918 2694
5919 2694
5920 2466
5921 2466
5922 2466
5923 2466
5924 2466
5925 2466
5926 2466
5927 2466
5928 2466
5929 2466
5930 2697
5931 2777
5932 2771
5933 2771
5934 2777
5935 2597
5936 2697
5937 2777
5938 2777
5939 2777
5940 2198
5941 2174
5942 2053
5943 2776
5944 2597
5945 2697
5946 2198
5947 2214
5948 2771
5949 2771
5950 2214
5951 2084
5952 2053
5953 2174
5954 2198
5955 2005
5956 2772
5957 2174
5958 2214
5959 2174
5960 2198
5961 2777
5962 2597
5963 2770
5964 2770
5965 2597
5966 2777
5967 2597
5968 2606
5969 2606
5970 2606
5971 2115
5972 2052
5973 2606
5974 2606
5975 2770
5976 2608
5977 2597
5978 2606
5979 2379
5980 2609
5981 2616
5982 2609
5983 2616
5984 2379
5985 2379
5986 2609
5987 2616
5988 2694
5989 2466
5990 2672
5991 2672
5992 2466
5993 2694
5994 2694
5995 2694
5996 2672
5997 2694
5998 2466
5999 2466
6000 2694
6001 2466
6002 2466
6003 2694
6004 2694
6005 2694
6006 2466
6007 2466
6008 2694
6009 2466
6010 2466
6011 2694
6012 2672
6013 2616
6014 2616
6015 2466
6016 2466
6017 2466
6018 2466
6019 2694
6020 2672
6021 2694
6022 2672
6023 2466
6024 2466
6025 2616
6026 2609
6027 2616
6028 2694
6029 2616
6030 2616
6031 2694
6032 2694
6033 2672
6034 2672
6035 2672
6036 2466
6037 2466
6038 2466
6039 2466
6040 2466
6041 2773
6042 2137
6043 2193
6044 2137
6045 2137
6046 2193
6047 2137
6048 2193
6049 2776
6050 2193
6051 2776
6052 2005
6053 2115
6054 2005
6055 2285
6056 2079
6057 2079
6058 2237
6059 2113
6060 2137
6061 2137
6062 2115
6063 2115
6064 2772
6065 2137
6066 2079
6067 2285
6068 2078
6069 1984
6070 2180
6071 5654
6072 2115
6073 2285
6074 2113
6075 2115
6076 2115
6077 2115
6078 5654
6079 2776
6080 2777
6081 2193
6082 2137
6083 2777
6084 2776
6085 2137
6086 2598
6087 2777
6088 2697
6089 2285
6090 2771
6091 2771
6092 2193
6093 2777
6094 2777
6095 2771
6096 2743
6097 2756
6098 2743
6099 2743
6100 2743
6101 2743
6102 2743
6103 2743
6104 2740
6105 2740
6106 2741
6107 2741
6108 2741
6109 2741
6110 2740
6111 2740
6112 2740
6113 2741
6114 2741
6115 2741
6116 2741
6117 2740
6118 2741
6119 2741
6120 2740
6121 2740
6122 2741
6123 2741
6124 2741
6125 2740
6126 2741
6127 2741
6128 2740
6129 2741
6130 2756
6131 2756
6132 2741
6133 2741
6134 2741
6135 2741
6136 2740
6137 2741
6138 2740
6139 2741
6140 2741
6141 2741
6142 2743
6143 2743
6144 2743
6145 2740
6146 2743
6147 2743
6148 2740
6149 2740
6150 2741
6151 2741
6152 2741
6153 2741
6154 2741
6155 2741
6156 2741
6157 2741
6158 2079
6159 2237
6160 2285
6161 2079
6162 2285
6163 2036
6164 2195
6165 2195
6166 2285
6167 2195
6168 2195
6169 1984
6170 2285
6171 2285
6172 2285
6173 2237
6174 1984
6175 2249
6176 2249
6177 2005
6178 2005
6179 2702
6180 2115
6181 2115
6182 2702
6183 2005
6184 2115
6185 2115
6186 2115
6187 2115
6188 2115
6189 2702
6190 2702
6191 2702
6192 2702
6193 2005
6194 2151
6195 2005
6196 2115
6197 2701
6198 2005
6199 2115
6200 2701
6201 2005
6202 2115
6203 1984
6204 2285
6205 2115
6206 2701
6207 2701
6208 2115
6209 2702
6210 2702
6211 2005
6212 2115
6213 2702
6214 2702
6215 2285
6216 1984
6217 2249
6218 2005
6219 2151
6220 2249
6221 2005
6222 2005
6223 2115
6224 2115
6225 2115
6226 2702
6227 2702
6228 2702
6229 2115
6230 2702
6231 2239
6232 2079
6233 2264
6234 5699
6235 5493
6236 5699
6237 2094
6238 1986
6239 5699
6240 3618
6241 3618
6242 3618
6243 3618
6244 3618
6245 3618
6246 3620
6247 6264
6248 6264
6249 6264
6250 6264
6251 6264
6252 6264
6253 3753
6254 3753
6255 3618
6256 3620
6257 3753
6258 3753
6259 6264
6260 3618
6261 3618
6262 3618
6263 6264
6264 6264
6265 6264
6266 3618
6267 3620
6268 3618
6269 6264
6270 6264
6271 3753
6272 3753
6273 572
6274 3169
6275 3618
6276 3856
6277 3618
6278 3618
6279 3856
6280 4911
6281 4911
6282 4912
6283 4911
6284 4820
6285 6286
6286 4282
6287 4254
6288 4694
6289 4747
6290 5225
6291 4966
6292 6302
6293 4964
6294 4733
6295 6297
6296 4966
6297 6288
6298 6309
6299 4805
6300 4677
6301 4677
6302 4210
6303 4379
6304 4379
6305 4378
6306 6303
6307 4415
6308 4211
6309 4254
6310 4719
6311 4240
6312 4677
6313 3495
6314 3074
6315 6500
6316 6313
6317 6501
6318 6274
6319 4184
6320 4155
6321 4183
6322 4085
6323 4154
6324 4111
6325 6396
6326 6422
6327 6421
6328 6482
6329 6426
6330 4082
6331 4718
6332 4738
6333 4807
6334 5213
6335 5075
6336 3068
6337 3164
6338 3724
6339 3718
6340 3665
6341 3164
6342 4213
6343 827
6344 829
6345 3919
6346 3722
6347 3721
6348 3730
6349 4306
6350 4230
6351 4230
6352 4306
6353 4305
6354 5314
6355 6447
6356 4913
6357 4913
6358 5350
6359 5350
6360 6405
6361 6464
6362 5287
6363 4136
6364 4127
6365 6490
6366 6487
6367 4157
6368 6543
6369 6368
6370 6371
6371 6388
6372 6473
6373 6473
6374 6378
6375 6378
6376 4167
6377 4167
6378 5253
6379 6543
6380 6384
6381 3160
6382 3160
6383 6570
6384 6571
6385 6369
6386 6368
6387 6474
6388 6372
6389 6387
6390 4738
6391 4825
6392 4825
6393 4697
6394 4216
6395 4696
6396 5222
6397 6341
6398 6344
6399 6344
6400 6341
6401 6345
6402 5275
6403 5355
6404 4728
6405 5325
6406 6338
6407 4786
6408 4785
6409 4215
6410 3029
6411 6420
6412 6325
6413 4976
6414 4684
6415 4975
6416 5299
6417 6486
6418 6484
6419 6483
6420 6483
6421 6427
6422 4382
6423 4698
6424 4700
6425 4784
6426 2878
6427 1305
6428 6502
6429 3495
6430 6314
6431 3715
6432 3715
6433 5314
6434 5316
6435 6406
6436 5344
6437 6447
6438 5312
6439 5314
6440 5315
6441 5314
6442 5312
6443 5311
6444 6351
6445 6351
6446 6352
6447 5325
6448 5325
6449 6353
6450 6350
6451 6351
6452 5312
6453 6351
6454 6350
6455 4726
6456 6499
6457 6409
6458 5281
6459 6346
6460 6346
6461 5275
6462 6338
6463 5279
6464 4234
6465 3482
6466 6410
6467 4230
6468 4306
6469 4305
6470 4305
6471 4882
6472 3024
6473 6472
6474 6472
6475 4413
6476 6498
6477 4182
6478 4417
6479 4416
6480 4416
6481 4082
6482 4082
6483 4181
6484 4084
6485 4082
6486 4085
6487 6479
6488 6318
6489 4827
6490 6318
6491 6318
6492 1777
6493 93
6494 3557
6495 3560
6496 3818
6497 3819
6498 6503
6499 3496
6500 2812
6501 3067
6502 3839
6503 6499
6504 6504
6505 6505
6506 6506
6507 6520
6508 4311
6509 4418
6510 6510
6511 6511
6512 4325
6513 4371
6514 6534
6515 6538
6516 6520
6517 6518
6518 6518
6519 6513
6520 6519
6521 4347
6522 3503
6523 6382
6524 6369
6525 6566
6526 6527
6527 6528
6528 6560
6529 4327
6530 4730
6531 6530
6532 6529
6533 6536
6534 6532
6535 4328
6536 6535
6537 6542
6538 6531
6539 6561
6540 6539
6541 3119
6542 6571
6543 4346
6544 5244
6545 4731
6546 4671
6547 3127
6548 4624
6549 6509
6550 6551
6551 6549
6552 4419
6553 4709
6554 6518
6555 6512
6556 4948
6557 6558
6558 6559
6559 6540
6560 4368
6561 3481
6562 6562
6563 1539
6564 3146
6565 4836
6566 6567
6567 4328
6568 1806
6569 1806
6570 5258
6571 4329
6572 6525
6573 6566
6574 3206
6575 3202
6576 3203
6577 3182
6578 3194
6579 3194
6580 3195
6581 3319
6582 3200
6583 3195
6584 3196
6585 3201
6586 3198
6587 3176
6588 3196
6589 3177
6590 3210
6591 3177
6592 3188
6593 3205
6594 3319
6595 3200
6596 3194
6597 3200
6598 3435
6599 3435
6600 3209
6601 3209
6602 3209
6603 3209
6604 3435
6605 3200
6606 3324
6607 3434
6608 3434
6609 3330
6610 3324
6611 3266
6612 3266
6613 3266
6614 3266
6615 3266
6616 3266
6617 3266
6618 3266
6619 3266
6620 3266
6621 3266
6622 3266
6623 3266
6624 3306
6625 3306
6626 3264
6627 3266
6628 3266
6629 3266
6630 3266
6631 3266
6632 3266
6633 3266
6634 3309
6635 3266
6636 3266
6637 3230
6638 3270
6639 3266
6640 3266
6641 3266
6642 3266
6643 3266
6644 3266
6645 3266
6646 3266
6647 3266
6648 3266
6649 3266
6650 3266
6651 3266
6652 3266
6653 3266
6654 3266
6655 3266
6656 3266
6657 3266
6658 3266
6659 3266
6660 3266
6661 3266
6662 3266
6663 3266
6664 3266
6665 3266
6666 3266
6667 3266
6668 3266
6669 3266
6670 3266
6671 3266
6672 3266
6673 3266
6674 3266
6675 3266
6676 3266
6677 3266
6678 3266
6679 3217
6680 3235
6681 3259
6682 3243
6683 3257
6684 3244
6685 3212
6686 3306
6687 3259
6688 3257
6689 3262
6690 3218
6691 3282
6692 3270
6693 3266
6694 3282
6695 3266
6696 3228
6697 3282
6698 3266
6699 3266
6700 3266
6701 3266
6702 3266
6703 3266
6704 3266
6705 3266
6706 3266
6707 3266
6708 3266
6709 3266
6710 3257
6711 3259
6712 3266
6713 3233
6714 3213
6715 3294
6716 3297
6717 3258
6718 3294
6719 3190
6720 3199
6721 3193
6722 3199
6723 3199
6724 3433
6725 3433
6726 3433
6727 3416
6728 3416
6729 3395
6730 3432
6731 3432
6732 3417
6733 3390
6734 3417
6735 3417
6736 3340
6737 3343
6738 3343
6739 3340
6740 3341
6741 3340
6742 3338
6743 3340
6744 3351
6745 3350
6746 3351
6747 3350
6748 3351
6749 3350
6750 3358
6751 3356
6752 3358
6753 3348
6754 3358
6755 3363
6756 3353
6757 3350
6758 3358
6759 3353
6760 3358
6761 3353
6762 3358
6763 3353
6764 3406
6765 3398
6766 3364
6767 3397
6768 3398
6769 3406
6770 3404
6771 3403
6772 3444
6773 3429
6774 3408
6775 3396
6776 3462
6777 3456
6778 3396
6779 3394
6780 3418
6781 3418
6782 3428
6783 3429
6784 3411
6785 3411
6786 3414
6787 3428
6788 3411
6789 3428
6790 3417
6791 3418
6792 3417
6793 3417
6794 3418
6795 3389
6796 3461
6797 3440
6798 3440
6799 3404
6800 3404
6801 3374
6802 3447
6803 3444
6804 3450
6805 3465
6806 3355
6807 3443
6808 3447
6809 3455
6810 3426
6811 3462
6812 3389
6813 3389
6814 3462
6815 3380
6816 3418
6817 3379
6818 3383
6819 3406
6820 3398
6821 3444
6822 3408
6823 3456
6824 3456
6825 3462
6826 3462
6827 3462
6828 3456
6829 3455
6830 3450
6831 3455
6832 3390
6833 3393
6834 3395
6835 3432
6836 3392
6837 3355
6838 3438
6839 3355
6840 3406
6841 3406
6842 3406
6843 3406
6844 3406
6845 3444
6846 3444
6847 3444
6848 3444
6849 3448
6850 3447
6851 3447
6852 3448
6853 3449
6854 3450
6855 3450
6856 3450
6857 3449
6858 3456
6859 3456
6860 3456
6861 3455
6862 3450
6863 3449
6864 3449
6865 3449
6866 3449
6867 3456
6868 3456
6869 3415
6870 1079
6871 1079
6872 1071
6873 4400
6874 6284
6875 4967
6876 6875
6877 6512
6878 4211
6879 4184
6880 3967
6881 4045
6882 4047
6883 4047
6884 4047
6885 4044
6886 3967
6887 3967
6888 3967
6889 3967
