0 407
1 310
2 156
3 409
4 151
5 311
6 258
7 552
8 805
9 207
10 150
11 179
12 1
13 177
14 45
15 318
16 104
17 104
18 242
19 119
20 118
21 118
22 118
23 118
24 118
25 242
26 318
27 318
28 318
29 318
30 449
31 242
32 118
33 270
34 4
35 61
36 61
37 118
38 93
39 232
40 55
41 482
42 482
43 307
44 311
45 55
46 311
47 304
48 118
49 61
50 61
51 242
52 104
53 104
54 104
55 104
56 104
57 104
58 104
59 104
60 104
61 104
62 104
63 242
64 408
65 407
66 4784
67 3
68 270
69 85
70 407
71 392
72 321
73 45
74 348
75 330
76 93
77 151
78 352
79 118
80 104
81 104
82 123
83 242
84 242
85 61
86 61
87 118
88 177
89 118
90 118
91 61
92 303
93 61
94 61
95 61
96 104
97 104
98 104
99 104
100 408
101 118
102 118
103 1
104 119
105 242
106 242
107 61
108 61
109 156
110 362
111 581
112 581
113 562
114 713
115 802
116 887
117 850
118 455
119 140
120 142
121 219
122 242
123 118
124 118
125 93
126 151
127 311
128 242
129 61
130 3
131 156
132 93
133 242
134 242
135 318
136 242
137 242
138 242
139 242
140 171
141 171
142 28
143 368
144 28
145 318
146 318
147 242
148 318
149 318
150 28
151 4789
152 28
153 28
154 407
155 156
156 310
157 310
158 233
159 242
160 104
161 4789
162 237
163 178
164 55
165 306
166 446
167 456
168 141
169 141
170 142
171 141
172 141
173 142
174 446
175 219
176 588
177 795
178 766
179 802
180 591
181 867
182 402
183 556
184 556
185 562
186 14
187 574
188 213
189 416
190 429
191 562
192 562
193 588
194 213
195 118
196 118
197 61
198 61
199 61
200 52
201 51
202 305
203 416
204 242
205 53
206 144
207 311
208 0
209 118
210 118
211 409
212 362
213 449
214 242
215 242
216 104
217 349
218 550
219 349
220 104
221 55
222 145
223 306
224 14
225 14
226 12
227 795
228 207
229 144
230 104
231 104
232 0
233 425
234 306
235 104
236 409
237 4784
238 4784
239 408
240 3
241 352
242 13
243 104
244 104
245 104
246 129
247 332
248 45
249 311
250 51
251 456
252 425
253 104
254 104
255 581
256 130
257 674
258 14
259 219
260 104
261 104
262 4784
263 272
264 310
265 339
266 246
267 304
268 304
269 311
270 311
271 416
272 425
273 449
274 416
275 416
276 219
277 14
278 104
279 104
280 242
281 449
282 242
283 85
284 321
285 449
286 242
287 82
288 4784
289 2
290 330
291 425
292 55
293 55
294 14
295 104
296 425
297 14
298 104
299 304
300 311
301 562
302 270
303 80
304 0
305 0
306 4789
307 583
308 14
309 156
310 14
311 14
312 118
313 104
314 104
315 52
316 144
317 104
318 55
319 145
320 425
321 368
322 171
323 588
324 12
325 562
326 805
327 402
328 1096
329 4870
330 4870
331 4871
332 4871
333 963
334 1902
335 377
336 2551
337 3442
338 3157
339 3248
340 3314
341 3375
342 3862
343 4237
344 4037
345 3351
346 3022
347 3191
348 3860
349 104
350 242
351 407
352 795
353 28
354 145
355 552
356 562
357 562
358 795
359 797
360 745
361 562
362 853
363 402
364 867
365 875
366 861
367 588
368 220
369 409
370 55
371 304
372 55
373 141
374 104
375 449
376 242
377 104
378 104
379 5
380 588
381 52
382 104
383 368
384 171
385 104
386 270
387 306
388 458
389 104
390 318
391 426
392 141
393 141
394 141
395 565
396 318
397 104
398 80
399 318
400 242
401 318
402 713
403 104
404 318
405 425
406 242
407 104
408 449
409 318
410 318
411 318
412 318
413 223
414 805
415 45
416 141
417 458
418 548
419 141
420 734
421 573
422 549
423 934
424 934
425 141
426 220
427 446
428 482
429 144
430 145
431 426
432 548
433 486
434 142
435 142
436 446
437 493
438 535
439 766
440 562
441 795
442 446
443 562
444 482
445 562
446 446
447 142
448 548
449 588
450 672
451 676
452 797
453 141
454 142
455 548
456 141
457 565
458 586
459 557
460 811
461 963
462 499
463 499
464 1340
465 501
466 2610
467 2245
468 1941
469 3345
470 1683
471 3095
472 3189
473 1518
474 2205
475 1759
476 2830
477 2831
478 1961
479 515
480 1689
481 1759
482 1906
483 1907
484 1907
485 1904
486 1791
487 2446
488 1882
489 1612
490 1696
491 4015
492 4011
493 4015
494 1777
495 1847
496 3797
497 2775
498 2677
499 1404
500 1796
501 1796
502 2554
503 744
504 582
505 797
506 588
507 562
508 565
509 797
510 446
511 565
512 446
513 565
514 565
515 446
516 565
517 556
518 674
519 672
520 795
521 207
522 887
523 562
524 458
525 548
526 213
527 853
528 867
529 458
530 806
531 402
532 557
533 797
534 213
535 493
536 458
537 486
538 446
539 531
540 856
541 806
542 887
543 261
544 572
545 548
546 572
547 588
548 573
549 548
550 142
551 549
552 573
553 141
554 588
555 556
556 732
557 446
558 548
559 141
560 446
561 548
562 573
563 549
564 558
565 734
566 805
567 402
568 936
569 4868
570 716
571 497
572 446
573 726
574 721
575 828
576 721
577 828
578 828
579 690
580 692
581 726
582 758
583 728
584 693
585 740
586 763
587 764
588 817
589 772
590 705
591 846
592 852
593 857
594 847
595 857
596 918
597 914
598 873
599 1127
600 967
601 873
602 952
603 954
604 1442
605 1513
606 1127
607 1242
608 648
609 726
610 828
611 828
612 759
613 758
614 733
615 844
616 844
617 669
618 758
619 758
620 828
621 669
622 731
623 556
624 800
625 721
626 694
627 764
628 817
629 764
630 764
631 4805
632 692
633 761
634 761
635 762
636 765
637 1111
638 774
639 1002
640 761
641 762
642 822
643 738
644 774
645 941
646 918
647 556
648 802
649 887
650 1123
651 963
652 1657
653 592
654 759
655 759
656 726
657 865
658 688
659 726
660 690
661 692
662 828
663 726
664 828
665 548
666 142
667 558
668 582
669 806
670 828
671 828
672 958
673 693
674 765
675 1169
676 693
677 957
678 1110
679 763
680 805
681 875
682 402
683 1373
684 962
685 669
686 758
687 828
688 721
689 693
690 726
691 759
692 759
693 4805
694 693
695 762
696 765
697 765
698 764
699 531
700 141
701 765
702 817
703 817
704 817
705 804
706 919
707 828
708 828
709 669
710 733
711 828
712 865
713 693
714 669
715 792
716 792
717 792
718 792
719 792
720 802
721 802
722 758
723 802
724 548
725 824
726 211
727 851
728 796
729 887
730 802
731 716
732 1096
733 810
734 746
735 758
736 570
737 402
738 867
739 402
740 810
741 4871
742 887
743 4968
744 707
745 1096
746 462
747 770
748 770
749 953
750 825
751 912
752 828
753 828
754 844
755 792
756 792
757 844
758 792
759 792
760 792
761 1122
762 4872
763 1554
764 1372
765 1375
766 844
767 621
768 773
769 878
770 402
771 867
772 1169
773 828
774 758
775 844
776 802
777 4807
778 792
779 792
780 887
781 1119
782 792
783 792
784 1111
785 761
786 693
787 792
788 885
789 1174
790 1087
791 1398
792 897
793 1105
794 998
795 875
796 1657
797 1674
798 1323
799 792
800 792
801 792
802 844
803 844
804 1106
805 741
806 1122
807 878
808 828
809 861
810 847
811 828
812 4971
813 1323
814 949
815 804
816 865
817 669
818 4817
819 402
820 1373
821 896
822 1181
823 1111
824 772
825 741
826 817
827 823
828 764
829 875
830 941
831 792
832 875
833 940
834 848
835 708
836 1171
837 938
838 4870
839 4873
840 498
841 1692
842 1787
843 926
844 1661
845 1634
846 1608
847 963
848 1558
849 1808
850 1657
851 1162
852 939
853 898
854 1323
855 1323
856 1657
857 1674
858 848
859 847
860 792
861 758
862 828
863 693
864 950
865 774
866 774
867 898
868 828
869 775
870 941
871 956
872 740
873 4805
874 1607
875 923
876 716
877 1373
878 4870
879 4871
880 4864
881 963
882 716
883 716
884 1105
885 918
886 950
887 1375
888 1594
889 1823
890 2107
891 2189
892 2131
893 2132
894 2627
895 983
896 2041
897 983
898 983
899 2405
900 2981
901 2372
902 3094
903 2947
904 2311
905 2311
906 3016
907 2032
908 2027
909 991
910 2950
911 758
912 828
913 1162
914 999
915 951
916 696
917 852
918 898
919 940
920 847
921 865
922 951
923 1591
924 1562
925 1313
926 1462
927 1440
928 1254
929 1250
930 1147
931 1177
932 1001
933 1001
934 1147
935 1653
936 1297
937 1130
938 4553
939 1059
940 1064
941 1020
942 1071
943 1137
944 1120
945 1065
946 1186
947 1269
948 1179
949 1261
950 1266
951 1331
952 1856
953 1952
954 1331
955 2074
956 2336
957 1603
958 1252
959 1297
960 1040
961 1252
962 897
963 1005
964 1005
965 873
966 697
967 956
968 1653
969 1569
970 1524
971 1268
972 1254
973 1426
974 1457
975 1513
976 1441
977 1005
978 933
979 1438
980 1440
981 1436
982 1147
983 1147
984 1015
985 933
986 942
987 1252
988 1562
989 1462
990 1437
991 1127
992 950
993 941
994 696
995 716
996 1603
997 1762
998 1597
999 1811
1000 1017
1001 1536
1002 1665
1003 1693
1004 1290
1005 1271
1006 1392
1007 1179
1008 1179
1009 1310
1010 1073
1011 1928
1012 1928
1013 1411
1014 2005
1015 1256
1016 1928
1017 1935
1018 1395
1019 1438
1020 1191
1021 775
1022 898
1023 852
1024 953
1025 1797
1026 1665
1027 1693
1028 1145
1029 1013
1030 1021
1031 1120
1032 1383
1033 1096
1034 1591
1035 772
1036 738
1037 1462
1038 1437
1039 995
1040 941
1041 726
1042 762
1043 762
1044 694
1045 762
1046 693
1047 726
1048 759
1049 726
1050 1124
1051 939
1052 1811
1053 1124
1054 971
1055 1674
1056 972
1057 1933
1058 636
1059 951
1060 1305
1061 954
1062 640
1063 4553
1064 496
1065 708
1066 695
1067 817
1068 817
1069 708
1070 1665
1071 1665
1072 1668
1073 1313
1074 1438
1075 1513
1076 1124
1077 1728
1078 1124
1079 764
1080 1255
1081 1603
1082 647
1083 1161
1084 1508
1085 1306
1086 1124
1087 914
1088 897
1089 918
1090 918
1091 696
1092 696
1093 940
1094 942
1095 871
1096 1040
1097 939
1098 933
1099 920
1100 1175
1101 774
1102 857
1103 692
1104 740
1105 764
1106 764
1107 817
1108 817
1109 817
1110 1693
1111 695
1112 738
1113 898
1114 1442
1115 1606
1116 1624
1117 640
1118 902
1119 823
1120 1606
1121 1414
1122 1733
1123 1928
1124 1653
1125 1335
1126 1693
1127 4867
1128 897
1129 897
1130 956
1131 1040
1132 1842
1133 2102
1134 1394
1135 1239
1136 1024
1137 1371
1138 1314
1139 1338
1140 1853
1141 1202
1142 1424
1143 1856
1144 1590
1145 1264
1146 1925
1147 1425
1148 1868
1149 2676
1150 3228
1151 3466
1152 3138
1153 4997
1154 3055
1155 3228
1156 3047
1157 2927
1158 1868
1159 1423
1160 1264
1161 1842
1162 1237
1163 764
1164 873
1165 1228
1166 4553
1167 4553
1168 4553
1169 995
1170 647
1171 1606
1172 1811
1173 1231
1174 921
1175 772
1176 695
1177 1842
1178 1364
1179 1221
1180 1330
1181 1256
1182 772
1183 998
1184 708
1185 857
1186 847
1187 1070
1188 1137
1189 1137
1190 1120
1191 1290
1192 4553
1193 4553
1194 1129
1195 4553
1196 1446
1197 954
1198 711
1199 966
1200 697
1201 954
1202 1075
1203 1700
1204 1366
1205 1811
1206 1239
1207 4871
1208 1979
1209 1221
1210 1338
1211 1425
1212 1081
1213 1239
1214 914
1215 697
1216 1290
1217 1267
1218 1700
1219 1778
1220 1606
1221 1323
1222 1589
1223 1834
1224 1331
1225 1320
1226 1401
1227 1631
1228 1834
1229 1231
1230 746
1231 1715
1232 1276
1233 1338
1234 1290
1235 1685
1236 1624
1237 1426
1238 1227
1239 1269
1240 1065
1241 4553
1242 4553
1243 933
1244 998
1245 1693
1246 1261
1247 1394
1248 1256
1249 1313
1250 1458
1251 847
1252 949
1253 696
1254 940
1255 1233
1256 1017
1257 1392
1258 897
1259 775
1260 775
1261 696
1262 1834
1263 1326
1264 1820
1265 1411
1266 921
1267 920
1268 1394
1269 873
1270 1833
1271 1296
1272 1821
1273 1073
1274 1723
1275 1299
1276 1017
1277 4871
1278 842
1279 1625
1280 1674
1281 776
1282 1091
1283 1416
1284 1392
1285 1175
1286 940
1287 1672
1288 1524
1289 697
1290 1262
1291 697
1292 1024
1293 1554
1294 842
1295 4869
1296 1411
1297 1261
1298 1332
1299 1073
1300 774
1301 1276
1302 4864
1303 905
1304 501
1305 2750
1306 1342
1307 3891
1308 4945
1309 4256
1310 4303
1311 1347
1312 4334
1313 1347
1314 1349
1315 1349
1316 4673
1317 1349
1318 4471
1319 775
1320 776
1321 776
1322 1074
1323 897
1324 1416
1325 1281
1326 918
1327 857
1328 857
1329 1935
1330 1411
1331 1665
1332 1383
1333 1289
1334 1044
1335 1102
1336 999
1337 1281
1338 952
1339 4871
1340 4868
1341 962
1342 497
1343 4868
1344 963
1345 1474
1346 905
1347 2525
1348 4553
1349 933
1350 919
1351 1250
1352 1311
1353 963
1354 1339
1355 1447
1356 967
1357 1127
1358 1592
1359 1331
1360 1775
1361 2302
1362 1811
1363 1256
1364 1411
1365 1394
1366 941
1367 1137
1368 1184
1369 1179
1370 1186
1371 1186
1372 1186
1373 1020
1374 1309
1375 1552
1376 847
1377 1592
1378 2083
1379 1626
1380 1401
1381 4011
1382 1311
1383 918
1384 1179
1385 1229
1386 1184
1387 1120
1388 1120
1389 1178
1390 1293
1391 1178
1392 1303
1393 1185
1394 1394
1395 775
1396 774
1397 1916
1398 1414
1399 1564
1400 1719
1401 1198
1402 1281
1403 1320
1404 4011
1405 4011
1406 1631
1407 1511
1408 1637
1409 1320
1410 1729
1411 1311
1412 1184
1413 1288
1414 847
1415 846
1416 846
1417 708
1418 696
1419 918
1420 1175
1421 1155
1422 696
1423 871
1424 774
1425 1783
1426 1320
1427 1448
1428 500
1429 905
1430 1870
1431 1621
1432 1476
1433 2634
1434 1447
1435 1376
1436 897
1437 697
1438 1942
1439 1178
1440 1178
1441 1072
1442 1179
1443 1447
1444 905
1445 1610
1446 2002
1447 2614
1448 2408
1449 1829
1450 1915
1451 500
1452 1449
1453 1929
1454 2412
1455 1613
1456 2634
1457 1847
1458 857
1459 995
1460 1239
1461 1300
1462 1137
1463 1065
1464 4553
1465 1514
1466 1923
1467 1993
1468 1340
1469 857
1470 847
1471 847
1472 846
1473 1447
1474 1375
1475 933
1476 1059
1477 1329
1478 4011
1479 1311
1480 1340
1481 1780
1482 1490
1483 1713
1484 2523
1485 873
1486 1411
1487 871
1488 1127
1489 1593
1490 1065
1491 1020
1492 1020
1493 1227
1494 1149
1495 1065
1496 1287
1497 1377
1498 4553
1499 1147
1500 1846
1501 1783
1502 1366
1503 1366
1504 1778
1505 1321
1506 1719
1507 1846
1508 1254
1509 1569
1510 1254
1511 905
1512 1527
1513 1020
1514 1020
1515 1121
1516 1236
1517 1872
1518 499
1519 1783
1520 1095
1521 1039
1522 1104
1523 1700
1524 1753
1525 1567
1526 1557
1527 1376
1528 1599
1529 1665
1530 1538
1531 1539
1532 1449
1533 1495
1534 4553
1535 1366
1536 1374
1537 1335
1538 1448
1539 1489
1540 1299
1541 1128
1542 647
1543 1723
1544 1277
1545 1631
1546 1600
1547 1593
1548 1539
1549 2104
1550 4011
1551 4015
1552 1602
1553 4015
1554 971
1555 1917
1556 2235
1557 4875
1558 1311
1559 873
1560 1221
1561 1015
1562 1557
1563 1251
1564 1251
1565 499
1566 905
1567 1600
1568 4015
1569 1544
1570 1778
1571 1537
1572 1177
1573 1674
1574 1767
1575 4015
1576 4015
1577 1678
1578 1874
1579 1478
1580 2649
1581 1929
1582 1476
1583 1515
1584 1870
1585 4553
1586 1012
1587 1104
1588 1129
1589 1395
1590 1916
1591 967
1592 1127
1593 933
1594 1129
1595 1006
1596 1495
1597 1700
1598 1335
1599 1722
1600 1772
1601 2523
1602 1418
1603 1488
1604 1544
1605 1742
1606 3511
1607 4027
1608 2714
1609 3696
1610 2487
1611 3252
1612 1832
1613 1708
1614 1780
1615 871
1616 1364
1617 1942
1618 1558
1619 2131
1620 2185
1621 2125
1622 1664
1623 1722
1624 1782
1625 1990
1626 1247
1627 1065
1628 4011
1629 1448
1630 1221
1631 972
1632 2185
1633 4015
1634 1523
1635 1687
1636 2558
1637 1613
1638 1923
1639 2744
1640 3900
1641 1269
1642 1551
1643 1720
1644 1773
1645 1320
1646 1636
1647 1568
1648 1678
1649 1128
1650 1687
1651 995
1652 1048
1653 2055
1654 1039
1655 1920
1656 1722
1657 1612
1658 1678
1659 1782
1660 1916
1661 2282
1662 1957
1663 2113
1664 1760
1665 1760
1666 1081
1667 1475
1668 1331
1669 1902
1670 1367
1671 1754
1672 1020
1673 1782
1674 1475
1675 1322
1676 1282
1677 1922
1678 1221
1679 1507
1680 1920
1681 1721
1682 2634
1683 1251
1684 1059
1685 1320
1686 1449
1687 1544
1688 1147
1689 1721
1690 1872
1691 4015
1692 1758
1693 1973
1694 1866
1695 1197
1696 1625
1697 1902
1698 1902
1699 2364
1700 1786
1701 1551
1702 1070
1703 4015
1704 4011
1705 1722
1706 1383
1707 1918
1708 1033
1709 1328
1710 925
1711 1656
1712 2090
1713 2290
1714 1580
1715 1625
1716 1916
1717 1145
1718 1394
1719 4553
1720 1331
1721 1278
1722 1278
1723 1012
1724 1221
1725 2610
1726 2245
1727 2485
1728 501
1729 501
1730 1341
1731 1938
1732 1751
1733 4011
1734 1967
1735 1925
1736 1975
1737 1975
1738 1925
1739 1789
1740 1925
1741 2185
1742 1269
1743 1424
1744 1626
1745 1263
1746 2185
1747 1012
1748 1732
1749 1624
1750 1394
1751 932
1752 1474
1753 4015
1754 1592
1755 1761
1756 1666
1757 1979
1758 1038
1759 1886
1760 2005
1761 1783
1762 2131
1763 1247
1764 1411
1765 1326
1766 1411
1767 1177
1768 2595
1769 1825
1770 2932
1771 3115
1772 1471
1773 2551
1774 1278
1775 1636
1776 1933
1777 1221
1778 1282
1779 1308
1780 1511
1781 1655
1782 1980
1783 1856
1784 1800
1785 2074
1786 1024
1787 1449
1788 1281
1789 1411
1790 2282
1791 1875
1792 1478
1793 2713
1794 1847
1795 1425
1796 2005
1797 1487
1798 1626
1799 1592
1800 1402
1801 1311
1802 1331
1803 1263
1804 1263
1805 1586
1806 521
1807 1848
1808 1697
1809 1715
1810 1308
1811 1404
1812 1511
1813 1975
1814 1427
1815 1511
1816 1583
1817 2354
1818 1561
1819 1872
1820 1754
1821 1682
1822 1944
1823 1760
1824 1278
1825 1544
1826 1614
1827 1788
1828 4015
1829 2331
1830 1629
1831 2517
1832 2124
1833 2131
1834 2131
1835 2131
1836 1418
1837 1758
1838 1544
1839 4011
1840 1602
1841 1706
1842 521
1843 1602
1844 1636
1845 1957
1846 1916
1847 926
1848 2131
1849 2131
1850 1328
1851 1328
1852 1870
1853 1412
1854 2001
1855 1670
1856 1918
1857 1879
1858 1870
1859 1511
1860 2516
1861 2107
1862 1288
1863 1475
1864 1633
1865 1468
1866 2246
1867 2246
1868 1625
1869 3252
1870 2630
1871 2650
1872 1736
1873 4011
1874 2131
1875 1221
1876 1322
1877 1777
1878 4011
1879 1714
1880 1786
1881 1888
1882 520
1883 1848
1884 2106
1885 2933
1886 4011
1887 1425
1888 1925
1889 1980
1890 1856
1891 1219
1892 1512
1893 1856
1894 4015
1895 1425
1896 1710
1897 1695
1898 1886
1899 2258
1900 1938
1901 1789
1902 1655
1903 1590
1904 1975
1905 1585
1906 1612
1907 2630
1908 1694
1909 1830
1910 1760
1911 2245
1912 2634
1913 1772
1914 1511
1915 1730
1916 1697
1917 520
1918 1584
1919 1759
1920 1689
1921 1636
1922 1957
1923 1256
1924 2354
1925 2083
1926 1942
1927 1394
1928 2006
1929 2484
1930 1967
1931 2051
1932 2071
1933 2110
1934 2110
1935 2038
1936 2289
1937 983
1938 2051
1939 2051
1940 2010
1941 2032
1942 2071
1943 2010
1944 2019
1945 2080
1946 2010
1947 2032
1948 2069
1949 2032
1950 2069
1951 2097
1952 2038
1953 2381
1954 2458
1955 2032
1956 2071
1957 2010
1958 2071
1959 2032
1960 2010
1961 2067
1962 2011
1963 2005
1964 1427
1965 1583
1966 501
1967 1751
1968 1470
1969 1687
1970 1417
1971 1967
1972 521
1973 1684
1974 2071
1975 2069
1976 2067
1977 2069
1978 2069
1979 1261
1980 1583
1981 1279
1982 1424
1983 1427
1984 1279
1985 1331
1986 1231
1987 2010
1988 2097
1989 2097
1990 2051
1991 2032
1992 1265
1993 2245
1994 2775
1995 3426
1996 2505
1997 2706
1998 2090
1999 1946
2000 2090
2001 2070
2002 2330
2003 2036
2004 2014
2005 2330
2006 2330
2007 2011
2008 1942
2009 2000
2010 1786
2011 505
2012 2269
2013 2269
2014 2097
2015 2069
2016 2036
2017 2071
2018 2010
2019 1751
2020 3082
2021 1696
2022 4011
2023 2069
2024 521
2025 2189
2026 2288
2027 2397
2028 2028
2029 2019
2030 2069
2031 2160
2032 2288
2033 2123
2034 2666
2035 2861
2036 520
2037 1631
2038 1590
2039 2256
2040 2153
2041 2028
2042 2028
2043 2027
2044 2524
2045 2524
2046 2175
2047 2289
2048 983
2049 2237
2050 2258
2051 2097
2052 1823
2053 2251
2054 2032
2055 2032
2056 2175
2057 2175
2058 2311
2059 2036
2060 2153
2061 2082
2062 2027
2063 2852
2064 2944
2065 2943
2066 4876
2067 3295
2068 2204
2069 3112
2070 2165
2071 3003
2072 3003
2073 2175
2074 2524
2075 2175
2076 3112
2077 2468
2078 2944
2079 2944
2080 2524
2081 2524
2082 2219
2083 2288
2084 2019
2085 2243
2086 2125
2087 2666
2088 2883
2089 3094
2090 3304
2091 2199
2092 3270
2093 3101
2094 3298
2095 3298
2096 3016
2097 2165
2098 1586
2099 2487
2100 3021
2101 2270
2102 2094
2103 2982
2104 2210
2105 2971
2106 3307
2107 2164
2108 2100
2109 2011
2110 2028
2111 2034
2112 2524
2113 2524
2114 2524
2115 2524
2116 2944
2117 2524
2118 2852
2119 2468
2120 989
2121 1197
2122 1401
2123 2336
2124 2336
2125 2346
2126 2006
2127 2006
2128 1952
2129 2034
2130 2071
2131 2000
2132 2352
2133 2038
2134 2097
2135 2097
2136 2256
2137 989
2138 2549
2139 2234
2140 2595
2141 1328
2142 2354
2143 988
2144 2251
2145 1425
2146 1925
2147 2338
2148 2037
2149 2078
2150 2239
2151 2027
2152 2027
2153 2071
2154 2051
2155 2019
2156 2057
2157 1424
2158 1586
2159 1696
2160 1626
2161 2381
2162 2330
2163 2807
2164 1828
2165 2289
2166 2274
2167 2288
2168 983
2169 2132
2170 1664
2171 992
2172 2051
2173 2155
2174 2019
2175 2175
2176 2019
2177 2155
2178 1221
2179 2422
2180 1723
2181 1681
2182 2635
2183 2283
2184 2408
2185 2032
2186 2398
2187 2132
2188 1317
2189 2666
2190 2083
2191 1425
2192 2650
2193 988
2194 2381
2195 2175
2196 2807
2197 2458
2198 2323
2199 2028
2200 1331
2201 1425
2202 1793
2203 2256
2204 2032
2205 2067
2206 2036
2207 2036
2208 2014
2209 2014
2210 2129
2211 2023
2212 2010
2213 2011
2214 2168
2215 2010
2216 2071
2217 2036
2218 2014
2219 2098
2220 2252
2221 2037
2222 2099
2223 4883
2224 2524
2225 1696
2226 1789
2227 983
2228 983
2229 983
2230 2289
2231 1592
2232 1424
2233 1583
2234 1980
2235 1586
2236 2810
2237 1425
2238 1775
2239 2336
2240 2336
2241 2302
2242 977
2243 2078
2244 2097
2245 2744
2246 522
2247 1758
2248 2331
2249 2422
2250 2132
2251 2175
2252 2043
2253 2033
2254 2258
2255 1264
2256 1980
2257 1796
2258 1264
2259 1264
2260 2610
2261 1450
2262 2069
2263 2082
2264 2237
2265 2079
2266 1417
2267 2041
2268 1867
2269 983
2270 2155
2271 1926
2272 2082
2273 4877
2274 2039
2275 980
2276 2374
2277 3083
2278 2565
2279 3094
2280 2565
2281 3231
2282 3298
2283 983
2284 2443
2285 2458
2286 2218
2287 2040
2288 2041
2289 2041
2290 2297
2291 2568
2292 2383
2293 2667
2294 1775
2295 2123
2296 1772
2297 1636
2298 1856
2299 1856
2300 984
2301 1231
2302 1853
2303 1425
2304 2240
2305 2297
2306 2297
2307 2557
2308 1967
2309 1925
2310 2041
2311 2175
2312 2239
2313 2673
2314 2774
2315 1830
2316 2667
2317 1277
2318 501
2319 3103
2320 2354
2321 2040
2322 1848
2323 2056
2324 1848
2325 1425
2326 1958
2327 1800
2328 1848
2329 2041
2330 1758
2331 1796
2332 1975
2333 1975
2334 1637
2335 2468
2336 2970
2337 2906
2338 2165
2339 1944
2340 2019
2341 2330
2342 3147
2343 2256
2344 1425
2345 2331
2346 1401
2347 2666
2348 3112
2349 1744
2350 516
2351 3483
2352 2036
2353 2071
2354 2810
2355 3349
2356 3349
2357 2632
2358 2632
2359 1975
2360 1264
2361 1851
2362 2422
2363 3016
2364 2861
2365 2487
2366 1696
2367 2486
2368 1369
2369 1856
2370 2504
2371 2524
2372 2524
2373 2524
2374 2524
2375 2524
2376 2524
2377 2524
2378 2524
2379 2524
2380 2524
2381 2524
2382 3029
2383 3029
2384 2311
2385 1879
2386 1884
2387 2134
2388 1973
2389 2489
2390 2489
2391 2509
2392 2932
2393 2929
2394 2954
2395 2994
2396 2667
2397 2772
2398 1655
2399 2610
2400 2524
2401 2524
2402 4880
2403 2635
2404 2089
2405 378
2406 2509
2407 2366
2408 1760
2409 1760
2410 2245
2411 1848
2412 2037
2413 2014
2414 2237
2415 2011
2416 1694
2417 2040
2418 1264
2419 377
2420 2632
2421 1868
2422 2006
2423 1952
2424 2396
2425 1952
2426 2006
2427 2218
2428 2165
2429 2524
2430 1756
2431 2300
2432 2489
2433 2703
2434 2703
2435 1202
2436 2336
2437 3224
2438 2165
2439 2028
2440 2099
2441 2323
2442 2458
2443 2289
2444 2271
2445 1957
2446 2440
2447 2524
2448 1856
2449 1776
2450 2524
2451 1681
2452 3195
2453 986
2454 986
2455 3032
2456 2906
2457 3016
2458 3101
2459 3481
2460 2329
2461 1952
2462 2422
2463 2634
2464 2709
2465 2069
2466 2011
2467 2032
2468 2167
2469 2381
2470 2703
2471 2595
2472 2950
2473 2565
2474 3224
2475 2245
2476 2330
2477 2019
2478 2039
2479 2524
2480 1219
2481 2554
2482 1856
2483 1972
2484 1972
2485 2727
2486 1206
2487 1512
2488 2647
2489 2929
2490 2354
2491 2676
2492 2676
2493 3726
2494 3640
2495 1848
2496 3021
2497 2688
2498 2604
2499 3016
2500 1614
2501 1490
2502 2722
2503 3103
2504 2721
2505 2714
2506 3516
2507 2750
2508 2671
2509 2725
2510 2036
2511 522
2512 2725
2513 2036
2514 2036
2515 2266
2516 2540
2517 2540
2518 2623
2519 2657
2520 2947
2521 2906
2522 2342
2523 2028
2524 3302
2525 3252
2526 2557
2527 1219
2528 528
2529 2727
2530 4988
2531 2600
2532 3074
2533 4113
2534 3073
2535 2727
2536 4892
2537 2883
2538 2908
2539 2369
2540 1884
2541 1760
2542 2069
2543 2710
2544 2557
2545 2425
2546 2667
2547 2524
2548 2666
2549 3031
2550 3112
2551 3021
2552 2632
2553 2688
2554 2557
2555 2994
2556 2668
2557 2981
2558 1681
2559 2354
2560 2071
2561 3961
2562 3349
2563 2552
2564 1848
2565 2426
2566 2416
2567 1967
2568 2416
2569 1883
2570 1908
2571 1907
2572 2601
2573 2863
2574 2951
2575 3040
2576 2989
2577 3500
2578 3261
2579 3404
2580 3171
2581 3500
2582 2684
2583 3337
2584 2762
2585 3468
2586 3354
2587 3403
2588 3403
2589 3459
2590 1518
2591 2632
2592 2509
2593 2526
2594 2069
2595 2067
2596 3613
2597 1417
2598 1419
2599 2063
2600 1689
2601 2059
2602 1864
2603 3227
2604 2830
2605 3026
2606 3500
2607 2684
2608 2896
2609 2893
2610 3173
2611 2696
2612 3173
2613 2062
2614 1962
2615 3139
2616 3173
2617 1963
2618 2417
2619 2519
2620 2568
2621 2908
2622 2089
2623 2088
2624 2088
2625 3296
2626 2099
2627 1868
2628 3105
2629 4947
2630 2714
2631 4943
2632 4163
2633 3891
2634 1425
2635 2311
2636 2524
2637 3291
2638 2714
2639 2611
2640 2524
2641 1423
2642 1219
2643 3268
2644 527
2645 2636
2646 2791
2647 3268
2648 3024
2649 2795
2650 2641
2651 2823
2652 3423
2653 2742
2654 2729
2655 3467
2656 2823
2657 2855
2658 2889
2659 4113
2660 3467
2661 3049
2662 3268
2663 2598
2664 1796
2665 1815
2666 3172
2667 2714
2668 3712
2669 3889
2670 2725
2671 3291
2672 2200
2673 3101
2674 3206
2675 3273
2676 1646
2677 1602
2678 2688
2679 2647
2680 1682
2681 3797
2682 3640
2683 2762
2684 2762
2685 3171
2686 2762
2687 2762
2688 2762
2689 2762
2690 2762
2691 3045
2692 3190
2693 3173
2694 4020
2695 2947
2696 2225
2697 3270
2698 2446
2699 2261
2700 4994
2701 4996
2702 530
2703 2727
2704 4994
2705 4996
2706 4996
2707 3661
2708 2600
2709 2729
2710 4977
2711 2790
2712 4983
2713 2824
2714 2735
2715 4979
2716 4997
2717 2868
2718 2959
2719 2825
2720 2793
2721 2986
2722 4097
2723 2931
2724 3355
2725 2957
2726 4996
2727 2706
2728 3666
2729 3464
2730 2206
2731 2907
2732 2884
2733 3322
2734 2383
2735 1863
2736 1832
2737 2540
2738 4892
2739 4892
2740 4996
2741 2524
2742 4989
2743 2791
2744 2790
2745 2906
2746 2742
2747 2791
2748 3493
2749 1690
2750 1967
2751 1690
2752 1967
2753 1690
2754 2632
2755 3633
2756 2676
2757 3045
2758 3092
2759 3661
2760 3074
2761 3293
2762 2789
2763 4155
2764 1578
2765 2738
2766 2738
2767 2985
2768 2840
2769 3455
2770 4118
2771 2794
2772 2792
2773 3638
2774 2787
2775 4892
2776 4883
2777 3094
2778 3094
2779 3224
2780 1773
2781 1868
2782 1643
2783 2027
2784 2524
2785 4892
2786 2728
2787 3333
2788 3092
2789 4997
2790 4983
2791 1972
2792 2554
2793 1683
2794 3464
2795 2560
2796 1957
2797 3349
2798 2540
2799 2491
2800 4977
2801 2868
2802 3032
2803 3511
2804 527
2805 528
2806 2503
2807 2219
2808 2524
2809 4988
2810 530
2811 1972
2812 3512
2813 3613
2814 1859
2815 1859
2816 2416
2817 3823
2818 3333
2819 2425
2820 2491
2821 2524
2822 2524
2823 3112
2824 3016
2825 2527
2826 2598
2827 2906
2828 2632
2829 2736
2830 3074
2831 2971
2832 3101
2833 1863
2834 3225
2835 3863
2836 3269
2837 2764
2838 3497
2839 3661
2840 3075
2841 2793
2842 2797
2843 4184
2844 2524
2845 527
2846 2598
2847 2677
2848 1689
2849 2383
2850 2623
2851 3871
2852 2950
2853 1642
2854 3730
2855 2935
2856 2938
2857 3210
2858 3442
2859 2962
2860 1696
2861 2524
2862 2524
2863 2524
2864 2524
2865 2524
2866 3083
2867 2906
2868 1756
2869 2906
2870 3696
2871 2415
2872 2655
2873 2926
2874 2788
2875 3630
2876 3170
2877 2790
2878 3303
2879 3835
2880 3078
2881 2524
2882 3083
2883 3016
2884 2970
2885 2942
2886 2970
2887 3101
2888 2970
2889 2688
2890 3039
2891 2667
2892 3032
2893 3094
2894 3024
2895 2599
2896 2906
2897 2940
2898 3333
2899 2994
2900 2994
2901 2782
2902 2782
2903 2823
2904 2889
2905 2790
2906 2778
2907 1645
2908 3493
2909 2631
2910 3446
2911 3712
2912 3029
2913 2796
2914 2957
2915 3083
2916 3112
2917 2944
2918 3112
2919 3806
2920 1956
2921 2524
2922 2524
2923 3237
2924 2975
2925 2975
2926 3019
2927 2087
2928 2851
2929 2986
2930 2837
2931 3238
2932 3456
2933 2922
2934 2419
2935 2086
2936 2961
2937 2971
2938 2600
2939 2625
2940 4113
2941 2219
2942 2551
2943 3022
2944 2283
2945 2771
2946 511
2947 2634
2948 3730
2949 2634
2950 3404
2951 3797
2952 3419
2953 3419
2954 3112
2955 3094
2956 2524
2957 2908
2958 3004
2959 2975
2960 2954
2961 3016
2962 2905
2963 3029
2964 3029
2965 3493
2966 4881
2967 1696
2968 1956
2969 1759
2970 2767
2971 4896
2972 4896
2973 3466
2974 2769
2975 3197
2976 2519
2977 3228
2978 3045
2979 4896
2980 3489
2981 2797
2982 3317
2983 2374
2984 2975
2985 2929
2986 3016
2987 3224
2988 3270
2989 3112
2990 3101
2991 2165
2992 2926
2993 2765
2994 3076
2995 3850
2996 3863
2997 3865
2998 2682
2999 3479
3000 3850
3001 3076
3002 3076
3003 3056
3004 3489
3005 4896
3006 3039
3007 3240
3008 3188
3009 1645
3010 2063
3011 3228
3012 2798
3013 2929
3014 2986
3015 2737
3016 3458
3017 3238
3018 2793
3019 2641
3020 3294
3021 3268
3022 3049
3023 2673
3024 3364
3025 1696
3026 3503
3027 3870
3028 3016
3029 3224
3030 2165
3031 3112
3032 2751
3033 3596
3034 4941
3035 4060
3036 4060
3037 3083
3038 3173
3039 1517
3040 2220
3041 1882
3042 3052
3043 2938
3044 2524
3045 2950
3046 3238
3047 2995
3048 3010
3049 2801
3050 3083
3051 2970
3052 4128
3053 3438
3054 3355
3055 3994
3056 3288
3057 3119
3058 3328
3059 3389
3060 3411
3061 3412
3062 3462
3063 3369
3064 3411
3065 3379
3066 3815
3067 2793
3068 3699
3069 1689
3070 1689
3071 2601
3072 1908
3073 1954
3074 1908
3075 1910
3076 1860
3077 3333
3078 3243
3079 3144
3080 3206
3081 2565
3082 3185
3083 3185
3084 3298
3085 3245
3086 2950
3087 2783
3088 3083
3089 3019
3090 3236
3091 2165
3092 2985
3093 3137
3094 3286
3095 3326
3096 3218
3097 3411
3098 3169
3099 3868
3100 4106
3101 3379
3102 2732
3103 3268
3104 3640
3105 2165
3106 2416
3107 2519
3108 2679
3109 3427
3110 3483
3111 3797
3112 3026
3113 2951
3114 2951
3115 2830
3116 2601
3117 2951
3118 3026
3119 3681
3120 3484
3121 3484
3122 3261
3123 2941
3124 2205
3125 3797
3126 2762
3127 2926
3128 1213
3129 3016
3130 3094
3131 2566
3132 2524
3133 2468
3134 2634
3135 1646
3136 3173
3137 3171
3138 3210
3139 2756
3140 3147
3141 4022
3142 3180
3143 1911
3144 2700
3145 3171
3146 3171
3147 2762
3148 3027
3149 2906
3150 3190
3151 3171
3152 3144
3153 3231
3154 2734
3155 3016
3156 3438
3157 2959
3158 2938
3159 2419
3160 3375
3161 3508
3162 2737
3163 1578
3164 4086
3165 3401
3166 3438
3167 3009
3168 2645
3169 3994
3170 3319
3171 3878
3172 3632
3173 3327
3174 3326
3175 3286
3176 3856
3177 2803
3178 3879
3179 3458
3180 3878
3181 3517
3182 3878
3183 2924
3184 3438
3185 4128
3186 2087
3187 3016
3188 3303
3189 1883
3190 1910
3191 3497
3192 2198
3193 3224
3194 3229
3195 2165
3196 2165
3197 3236
3198 3236
3199 2641
3200 3269
3201 3049
3202 2715
3203 2775
3204 3016
3205 3101
3206 2199
3207 3230
3208 3309
3209 2975
3210 2929
3211 4882
3212 3004
3213 2737
3214 3303
3215 1759
3216 1908
3217 1883
3218 1907
3219 2424
3220 2601
3221 2601
3222 2601
3223 525
3224 2893
3225 2951
3226 2989
3227 3025
3228 1810
3229 2688
3230 3189
3231 2971
3232 3423
3233 3205
3234 2165
3235 3270
3236 4886
3237 2424
3238 1910
3239 1832
3240 3180
3241 3871
3242 3003
3243 2566
3244 2165
3245 2943
3246 2844
3247 3214
3248 2931
3249 2931
3250 3271
3251 3702
3252 3160
3253 3815
3254 3218
3255 3411
3256 4074
3257 3845
3258 3600
3259 2843
3260 3159
3261 3271
3262 3458
3263 2634
3264 1648
3265 2453
3266 2907
3267 2293
3268 4020
3269 3076
3270 3489
3271 3112
3272 4882
3273 3101
3274 2199
3275 3298
3276 3003
3277 3271
3278 2737
3279 2691
3280 3171
3281 3171
3282 4876
3283 2942
3284 2943
3285 3295
3286 2852
3287 3270
3288 2943
3289 4882
3290 2165
3291 2204
3292 3878
3293 2929
3294 2657
3295 2737
3296 2863
3297 2764
3298 2830
3299 2863
3300 3238
3301 2944
3302 3018
3303 3112
3304 3112
3305 2165
3306 2975
3307 3287
3308 3301
3309 3301
3310 3600
3311 3675
3312 3372
3313 1682
3314 2599
3315 3027
3316 2601
3317 2601
3318 3171
3319 3026
3320 3455
3321 3003
3322 3295
3323 3112
3324 3112
3325 3485
3326 2738
3327 3438
3328 2643
3329 3117
3330 3823
3331 2943
3332 4090
3333 3388
3334 2737
3335 3837
3336 3866
3337 2424
3338 2893
3339 2333
3340 1810
3341 2797
3342 2789
3343 2634
3344 2990
3345 3519
3346 3358
3347 3821
3348 522
3349 2447
3350 513
3351 3826
3352 2851
3353 1213
3354 3513
3355 2601
3356 2830
3357 2830
3358 2679
3359 2601
3360 3114
3361 3485
3362 2986
3363 2737
3364 3726
3365 3640
3366 2447
3367 2688
3368 3248
3369 3422
3370 3372
3371 3205
3372 3600
3373 3160
3374 3328
3375 3815
3376 4019
3377 3283
3378 3722
3379 3798
3380 3164
3381 3412
3382 3286
3383 3286
3384 3815
3385 3218
3386 3369
3387 3470
3388 3414
3389 3348
3390 3347
3391 2823
3392 2782
3393 2714
3394 4884
3395 2601
3396 525
3397 514
3398 2951
3399 1830
3400 1480
3401 2909
3402 2985
3403 2784
3404 3456
3405 2925
3406 2494
3407 3328
3408 3815
3409 2984
3410 3416
3411 2737
3412 3215
3413 3406
3414 2645
3415 3389
3416 3377
3417 2746
3418 3640
3419 2762
3420 387
3421 3248
3422 3248
3423 3472
3424 3076
3425 3326
3426 3800
3427 2643
3428 3511
3429 3139
3430 380
3431 3600
3432 3379
3433 3412
3434 3463
3435 3119
3436 3161
3437 3439
3438 2447
3439 3487
3440 3484
3441 3261
3442 3484
3443 2941
3444 2205
3445 3484
3446 3042
3447 3042
3448 3403
3449 2634
3450 3042
3451 3109
3452 3210
3453 3621
3454 2738
3455 2889
3456 3269
3457 3721
3458 3422
3459 3422
3460 3424
3461 3501
3462 3379
3463 3685
3464 4137
3465 3726
3466 3294
3467 2920
3468 4113
3469 3180
3470 2917
3471 3364
3472 3127
3473 3472
3474 3369
3475 3463
3476 4113
3477 2762
3478 3171
3479 2762
3480 1481
3481 4055
3482 3458
3483 3329
3484 3411
3485 3085
3486 3439
3487 2951
3488 3372
3489 3011
3490 3388
3491 3497
3492 3500
3493 3484
3494 3356
3495 2941
3496 3500
3497 2684
3498 3171
3499 3126
3500 3797
3501 3998
3502 3261
3503 509
3504 3403
3505 4089
3506 2803
3507 2634
3508 2294
3509 2206
3510 1648
3511 3189
3512 2762
3513 3661
3514 3026
3515 3487
3516 3171
3517 3171
3518 3681
3519 2812
3520 2205
3521 3433
3522 4191
3523 2294
3524 2634
3525 1649
3526 2834
3527 2685
3528 3726
3529 3866
3530 509
3531 2834
3532 3287
3533 2293
3534 3377
3535 3865
3536 3171
3537 525
3538 3025
3539 3303
3540 3023
3541 3422
3542 3248
3543 4074
3544 3712
3545 3400
3546 3882
3547 4214
3548 4947
3549 2839
3550 3042
3551 3364
3552 3163
3553 3738
3554 3604
3555 3386
3556 3669
3557 4108
3558 3777
3559 4050
3560 3528
3561 3528
3562 3528
3563 3528
3564 3528
3565 3528
3566 3528
3567 3528
3568 3528
3569 3164
3570 4104
3571 2737
3572 2634
3573 2991
3574 3660
3575 4141
3576 3658
3577 3659
3578 3660
3579 3567
3580 3854
3581 3385
3582 3784
3583 3524
3584 4150
3585 3777
3586 3840
3587 3764
3588 3778
3589 3660
3590 3660
3591 4075
3592 3705
3593 4075
3594 3541
3595 3656
3596 3656
3597 3610
3598 3604
3599 4149
3600 4075
3601 3785
3602 3777
3603 3773
3604 3811
3605 4175
3606 3963
3607 4110
3608 4001
3609 4152
3610 4110
3611 3963
3612 3627
3613 3627
3614 3827
3615 3550
3616 3779
3617 2962
3618 3567
3619 3056
3620 2747
3621 3114
3622 2739
3623 2739
3624 3361
3625 3303
3626 3416
3627 3495
3628 4093
3629 3164
3630 3716
3631 3843
3632 3845
3633 3284
3634 3817
3635 3283
3636 3696
3637 3567
3638 3799
3639 3604
3640 3495
3641 3191
3642 3259
3643 3404
3644 3404
3645 3218
3646 3411
3647 3223
3648 2803
3649 2803
3650 3600
3651 2803
3652 3215
3653 3215
3654 3567
3655 4105
3656 3727
3657 3360
3658 2682
3659 3878
3660 3319
3661 3043
3662 3721
3663 3719
3664 3719
3665 4075
3666 2884
3667 3657
3668 3416
3669 2880
3670 2333
3671 3488
3672 2813
3673 2941
3674 2941
3675 3259
3676 3600
3677 3633
3678 3689
3679 3784
3680 3412
3681 3657
3682 3661
3683 2837
3684 2805
3685 3702
3686 3126
3687 3163
3688 4022
3689 4059
3690 3843
3691 4057
3692 3705
3693 3637
3694 3541
3695 3902
3696 2926
3697 3712
3698 3261
3699 3681
3700 3696
3701 3345
3702 3799
3703 3604
3704 3607
3705 3604
3706 2958
3707 2958
3708 3319
3709 2645
3710 3983
3711 4031
3712 3732
3713 3009
3714 2985
3715 2921
3716 3671
3717 3671
3718 3607
3719 4057
3720 2782
3721 2634
3722 3997
3723 4085
3724 4116
3725 3828
3726 3889
3727 2839
3728 3180
3729 3671
3730 3799
3731 3606
3732 3640
3733 3497
3734 2682
3735 2747
3736 3696
3737 3712
3738 3189
3739 3358
3740 3721
3741 3517
3742 3648
3743 4104
3744 3902
3745 2682
3746 3863
3747 3863
3748 3889
3749 2880
3750 3171
3751 2684
3752 2895
3753 3994
3754 3868
3755 3169
3756 3727
3757 3656
3758 2851
3759 2941
3760 3222
3761 3868
3762 4175
3763 3841
3764 3344
3765 3640
3766 2762
3767 3997
3768 2841
3769 2762
3770 3259
3771 3519
3772 3606
3773 2746
3774 3389
3775 3567
3776 2777
3777 3401
3778 3211
3779 3412
3780 3412
3781 3994
3782 3319
3783 3600
3784 2643
3785 2644
3786 3429
3787 3215
3788 2643
3789 2801
3790 3517
3791 3982
3792 4090
3793 3497
3794 3640
3795 3726
3796 3180
3797 2935
3798 4075
3799 3660
3800 3718
3801 3660
3802 3719
3803 3659
3804 4035
3805 3645
3806 3627
3807 3627
3808 4109
3809 3789
3810 3840
3811 3841
3812 3811
3813 4033
3814 3778
3815 4152
3816 3526
3817 4065
3818 3764
3819 4047
3820 3811
3821 3527
3822 3978
3823 3811
3824 3524
3825 3799
3826 3799
3827 3656
3828 3902
3829 3607
3830 3997
3831 3384
3832 3669
3833 4131
3834 3865
3835 3076
3836 3850
3837 2682
3838 3171
3839 3261
3840 3171
3841 3468
3842 3889
3843 3400
3844 3364
3845 2834
3846 3002
3847 3042
3848 3163
3849 3730
3850 4072
3851 3114
3852 3720
3853 3451
3854 3960
3855 2805
3856 3107
3857 3890
3858 3889
3859 3358
3860 3358
3861 4108
3862 3458
3863 3406
3864 3415
3865 511
3866 3797
3867 3866
3868 3880
3869 3290
3870 2682
3871 2765
3872 3882
3873 3212
3874 3403
3875 4943
3876 3524
3877 3189
3878 3671
3879 3284
3880 2645
3881 3541
3882 2765
3883 3866
3884 3508
3885 3508
3886 3819
3887 3889
3888 4941
3889 4214
3890 3851
3891 4018
3892 3212
3893 3860
3894 4041
3895 4150
3896 4131
3897 3412
3898 2737
3899 2793
3900 3843
3901 4088
3902 1215
3903 4943
3904 3640
3905 3640
3906 3681
3907 3114
3908 3428
3909 3858
3910 2714
3911 4125
3912 2977
3913 387
3914 3212
3915 3597
3916 3314
3917 3468
3918 4074
3919 2762
3920 2762
3921 2737
3922 3727
3923 3500
3924 3681
3925 3600
3926 4061
3927 3411
3928 2847
3929 2840
3930 3717
3931 3073
3932 3470
3933 3388
3934 3328
3935 3660
3936 2784
3937 2842
3938 2734
3939 3456
3940 3509
3941 4065
3942 2684
3943 4150
3944 3811
3945 3627
3946 3659
3947 4150
3948 3889
3949 4214
3950 4163
3951 4214
3952 4213
3953 4212
3954 4285
3955 4318
3956 4276
3957 4216
3958 4160
3959 4212
3960 3733
3961 3354
3962 2986
3963 3516
3964 2841
3965 3528
3966 3528
3967 3528
3968 4195
3969 4195
3970 3764
3971 3840
3972 3811
3973 3777
3974 3576
3975 3978
3976 3978
3977 3841
3978 3840
3979 3840
3980 3775
3981 3767
3982 3527
3983 4050
3984 4205
3985 3527
3986 3841
3987 3840
3988 3767
3989 3527
3990 4050
3991 4050
3992 3528
3993 3528
3994 3528
3995 3528
3996 4050
3997 4050
3998 4050
3999 3574
4000 3527
4001 3527
4002 3772
4003 3773
4004 3841
4005 3775
4006 3841
4007 4065
4008 4152
4009 3811
4010 3789
4011 3564
4012 3840
4013 2805
4014 3169
4015 3878
4016 3164
4017 3855
4018 3978
4019 3527
4020 4050
4021 4050
4022 4205
4023 3528
4024 3528
4025 3528
4026 4050
4027 3775
4028 4908
4029 4908
4030 3720
4031 3599
4032 3271
4033 3126
4034 3319
4035 2920
4036 4920
4037 4205
4038 4205
4039 3528
4040 3528
4041 3528
4042 3528
4043 4205
4044 2797
4045 4118
4046 3878
4047 3495
4048 4081
4049 3498
4050 4103
4051 3719
4052 3567
4053 4050
4054 3528
4055 3528
4056 3528
4057 3527
4058 3528
4059 4195
4060 4195
4061 4205
4062 3528
4063 4195
4064 4195
4065 3401
4066 2794
4067 3118
4068 2762
4069 3640
4070 3400
4071 3180
4072 3171
4073 4038
4074 3997
4075 3873
4076 2977
4077 2909
4078 3429
4079 3438
4080 2995
4081 3292
4082 3388
4083 3528
4084 2764
4085 4067
4086 3501
4087 2642
4088 3517
4089 3369
4090 3682
4091 3508
4092 3508
4093 3865
4094 3107
4095 3860
4096 2983
4097 3286
4098 3169
4099 3165
4100 3645
4101 3719
4102 3567
4103 3660
4104 3661
4105 3526
4106 3463
4107 3218
4108 3501
4109 4031
4110 2794
4111 3180
4112 4093
4113 3163
4114 3434
4115 382
4116 3830
4117 4060
4118 4060
4119 2843
4120 3438
4121 4055
4122 3778
4123 4131
4124 3669
4125 4093
4126 3878
4127 3119
4128 3277
4129 3277
4130 4941
4131 4163
4132 3077
4133 3890
4134 4137
4135 3727
4136 3528
4137 3528
4138 4195
4139 4195
4140 4195
4141 4195
4142 4018
4143 3801
4144 3461
4145 2909
4146 2762
4147 3479
4148 2797
4149 4941
4150 2936
4151 3269
4152 3461
4153 3076
4154 3676
4155 3168
4156 3162
4157 3873
4158 3660
4159 3565
4160 3630
4161 2682
4162 3600
4163 2801
4164 2844
4165 3726
4166 4038
4167 4093
4168 3433
4169 3726
4170 3890
4171 3619
4172 3825
4173 4122
4174 4033
4175 4103
4176 3075
4177 3284
4178 3075
4179 3747
4180 4059
4181 3978
4182 2786
4183 3509
4184 4163
4185 3283
4186 3825
4187 4103
4188 4084
4189 3644
4190 3501
4191 4035
4192 2880
4193 4042
4194 3873
4195 3472
4196 3722
4197 3960
4198 4131
4199 3073
4200 3369
4201 3134
4202 3378
4203 4134
4204 4195
4205 3724
4206 3528
4207 3528
4208 4065
4209 3073
4210 2920
4211 3784
4212 3524
4213 4066
4214 4150
4215 4150
4216 4066
4217 388
4218 3328
4219 3388
4220 4106
4221 3507
4222 4083
4223 4242
4224 4037
4225 4040
4226 4120
4227 4237
4228 4317
4229 4269
4230 4317
4231 4166
4232 4276
4233 4483
4234 4520
4235 4574
4236 4575
4237 4594
4238 3880
4239 3618
4240 4173
4241 3645
4242 3627
4243 3528
4244 3528
4245 4271
4246 3423
4247 3501
4248 3825
4249 3645
4250 3963
4251 3963
4252 4195
4253 4195
4254 3328
4255 3778
4256 3528
4257 4050
4258 3777
4259 3772
4260 4259
4261 3528
4262 3528
4263 3528
4264 4122
4265 3528
4266 3525
4267 3777
4268 4037
4269 3891
4270 3891
4271 4285
4272 4163
4273 3891
4274 3891
4275 4214
4276 4228
4277 4311
4278 4218
4279 4475
4280 4322
4281 4238
4282 4161
4283 4237
4284 4945
4285 385
4286 4239
4287 3507
4288 4242
4289 4213
4290 4163
4291 4303
4292 4110
4293 4205
4294 4162
4295 4303
4296 385
4297 3528
4298 3528
4299 3507
4300 4237
4301 4152
4302 4205
4303 4205
4304 4050
4305 4205
4306 4205
4307 4065
4308 4229
4309 4285
4310 4279
4311 4228
4312 4285
4313 3852
4314 3773
4315 3772
4316 3767
4317 4303
4318 4944
4319 4220
4320 385
4321 4217
4322 4237
4323 3507
4324 4205
4325 4323
4326 4336
4327 4166
4328 3894
4329 4102
4330 4253
4331 4213
4332 4242
4333 3841
4334 4259
4335 4162
4336 3527
4337 3527
4338 3527
4339 3527
4340 4237
4341 3574
4342 4050
4343 3527
4344 3574
4345 3772
4346 3527
4347 3527
4348 3767
4349 3773
4350 4944
4351 4227
4352 3527
4353 3527
4354 3772
4355 4271
4356 4303
4357 4273
4358 384
4359 4311
4360 4242
4361 4210
4362 4303
4363 4160
4364 4944
4365 4229
4366 4944
4367 4256
4368 4166
4369 4238
4370 4209
4371 4332
4372 4221
4373 4166
4374 4238
4375 1347
4376 4595
4377 4225
4378 4414
4379 4311
4380 4321
4381 4166
4382 4311
4383 4414
4384 4395
4385 4310
4386 4310
4387 4310
4388 4407
4389 4437
4390 4605
4391 4581
4392 4735
4393 4735
4394 4444
4395 4491
4396 4702
4397 4582
4398 4718
4399 4650
4400 4717
4401 4465
4402 4725
4403 4767
4404 4747
4405 4674
4406 4674
4407 4508
4408 4625
4409 4508
4410 4647
4411 4570
4412 4508
4413 4625
4414 4625
4415 4508
4416 4225
4417 4334
4418 4334
4419 4658
4420 4656
4421 4605
4422 4658
4423 4605
4424 4334
4425 4374
4426 4166
4427 4303
4428 1347
4429 4334
4430 4329
4431 4658
4432 4658
4433 4310
4434 4414
4435 4395
4436 4417
4437 4374
4438 4373
4439 4277
4440 4414
4441 4414
4442 4276
4443 4310
4444 4414
4445 4944
4446 4416
4447 4403
4448 4221
4449 4395
4450 1347
4451 4226
4452 4276
4453 4310
4454 4310
4455 4218
4456 4374
4457 4385
4458 4276
4459 4385
4460 4416
4461 4417
4462 4389
4463 1349
4464 4336
4465 1350
4466 4441
4467 4757
4468 4736
4469 4731
4470 4955
4471 4465
4472 4769
4473 4678
4474 4625
4475 4625
4476 4626
4477 4747
4478 4701
4479 4625
4480 4626
4481 4771
4482 4767
4483 4769
4484 4769
4485 4768
4486 4465
4487 4955
4488 4745
4489 4754
4490 4548
4491 4167
4492 4276
4493 4310
4494 4760
4495 4385
4496 4310
4497 4278
4498 4277
4499 1349
4500 4329
4501 1349
4502 4381
4503 4574
4504 4658
4505 4310
4506 4276
4507 4276
4508 4417
4509 4406
4510 4442
4511 4581
4512 4581
4513 4548
4514 4552
4515 4436
4516 4656
4517 4226
4518 4625
4519 4363
4520 4363
4521 4625
4522 4625
4523 4714
4524 4714
4525 4714
4526 4651
4527 4651
4528 4367
4529 4570
4530 4770
4531 4463
4532 4701
4533 4632
4534 4674
4535 4625
4536 4508
4537 4590
4538 4701
4539 4465
4540 4310
4541 4310
4542 4625
4543 4625
4544 4625
4545 4625
4546 4625
4547 4508
4548 4674
4549 4529
4550 4310
4551 4492
4552 4363
4553 4363
4554 4363
4555 4363
4556 4544
4557 4533
4558 4392
4559 4310
4560 4363
4561 4363
4562 4363
4563 4625
4564 4625
4565 4625
4566 4225
4567 4422
4568 4486
4569 4276
4570 4363
4571 4530
4572 4718
4573 4625
4574 4625
4575 4625
4576 4483
4577 4568
4578 4701
4579 4417
4580 4674
4581 4625
4582 4767
4583 4600
4584 4465
4585 4723
4586 4671
4587 4770
4588 4463
4589 4363
4590 4625
4591 4533
4592 4656
4593 4658
4594 4674
4595 4508
4596 4625
4597 4492
4598 4545
4599 4363
4600 4578
4601 4226
4602 4492
4603 4548
4604 4757
4605 4410
4606 4671
4607 4647
4608 4589
4609 4367
4610 4444
4611 4533
4612 4647
4613 4585
4614 4310
4615 4310
4616 4625
4617 4590
4618 4658
4619 4533
4620 4475
4621 4451
4622 4649
4623 4737
4624 4649
4625 4574
4626 4579
4627 4718
4628 4400
4629 4658
4630 4582
4631 4520
4632 4658
4633 4482
4634 4656
4635 4602
4636 4634
4637 4757
4638 4467
4639 4625
4640 4373
4641 4620
4642 4680
4643 4508
4644 4647
4645 4658
4646 4605
4647 4507
4648 4367
4649 4367
4650 4492
4651 4467
4652 4352
4653 4955
4654 4654
4655 4529
4656 4649
4657 4447
4658 4636
4659 4648
4660 4956
4661 4680
4662 4625
4663 4647
4664 4626
4665 4587
4666 4578
4667 4578
4668 4674
4669 4648
4670 4731
4671 4579
4672 4506
4673 4634
4674 4634
4675 4634
4676 4367
4677 4605
4678 4658
4679 4701
4680 4570
4681 4770
4682 4722
4683 4771
4684 4771
4685 4450
4686 4771
4687 4769
4688 4450
4689 4562
4690 4561
4691 4561
4692 4585
4693 4714
4694 4529
4695 4673
4696 4647
4697 4652
4698 4654
4699 4620
4700 4482
4701 4746
4702 4735
4703 4717
4704 4681
4705 4754
4706 4575
4707 4647
4708 4678
4709 4725
4710 4724
4711 4769
4712 4677
4713 4770
4714 4769
4715 4535
4716 4731
4717 4570
4718 4747
4719 4769
4720 4712
4721 4725
4722 4592
4723 4745
4724 4717
4725 4476
4726 4575
4727 4718
4728 4956
4729 4652
4730 4647
4731 4564
4732 4564
4733 4724
4734 4769
4735 4712
4736 4769
4737 4676
4738 4619
4739 4713
4740 4563
4741 4723
4742 4533
4743 4491
4744 4761
4745 4767
4746 4712
4747 4520
4748 4564
4749 4563
4750 4619
4751 4955
4752 4506
4753 4714
4754 4585
4755 4747
4756 4754
4757 4450
4758 4731
4759 4544
4760 4342
4761 4579
4762 4578
4763 4575
4764 4585
4765 4632
4766 4590
4767 4705
4768 4653
4769 4659
4770 4574
4771 4574
4772 4718
4773 4450
4774 4654
4775 4754
4776 4746
4777 4718
4778 4771
4779 4718
4780 4717
4781 4769
4782 4769
4783 4956
4784 4725
4785 4695
4786 4745
4787 4695
4788 4760
4789 4619
4790 4719
4791 4659
4792 4675
4793 4789
4794 407
4795 171
4796 28
4797 28
4798 407
4799 104
4800 4789
4801 104
4802 409
4803 61
4804 85
4805 61
4806 45
4807 847
4808 761
4809 828
4810 758
4811 764
4812 847
4813 844
4814 844
4815 844
4816 692
4817 792
4818 773
4819 669
4820 721
4821 847
4822 844
4823 844
4824 740
4825 693
4826 847
4827 4805
4828 803
4829 758
4830 772
4831 847
4832 846
4833 792
4834 764
4835 957
4836 693
4837 847
4838 669
4839 846
4840 847
4841 764
4842 726
4843 692
4844 792
4845 763
4846 846
4847 4871
4848 4871
4849 4870
4850 4870
4851 4872
4852 1373
4853 963
4854 4869
4855 4871
4856 843
4857 972
4858 2524
4859 2175
4860 2175
4861 2524
4862 2524
4863 2524
4864 2524
4865 2524
4866 2727
4867 3333
4868 3333
4869 2905
4870 1264
4871 1800
4872 2728
4873 2905
4874 1655
4875 2336
4876 4892
4877 1856
4878 1219
4879 1856
4880 1856
4881 2396
4882 2019
4883 2165
4884 2625
4885 4205
4886 4075
4887 4075
4888 3963
4889 4047
4890 3559
4891 3777
4892 3576
4893 4050
4894 4205
4895 3719
4896 3772
4897 3660
4898 3645
4899 3659
4900 3827
4901 3550
4902 3550
4903 3628
4904 3627
4905 3659
4906 4150
4907 3766
4908 3526
4909 3789
4910 3718
4911 3528
4912 3528
4913 3528
4914 3528
4915 3659
4916 3775
4917 3527
4918 4205
4919 4205
4920 3777
4921 3527
4922 2634
4923 3892
4924 4163
4925 4214
4926 4214
4927 4239
4928 386
4929 4039
4930 386
4931 3528
4932 4574
4933 4625
4934 4367
4935 4508
4936 4363
4937 4600
4938 4625
4939 4753
4940 4674
4941 4722
4942 4625
4943 4363
4944 4625
4945 4508
4946 4471
4947 3660
4948 3719
4949 3660
4950 695
4951 695
4952 695
4953 772
4954 695
4955 857
4956 738
4957 1952
4958 4996
4959 4892
4960 2336
4961 1203
4962 1204
4963 2346
4964 1203
4965 4892
4966 1972
4967 2074
4968 4892
4969 4996
4970 1204
4971 4892
4972 1972
4973 1972
4974 2727
4975 2346
4976 4892
4977 4996
4978 2074
4979 1206
4980 1204
4981 1204
4982 1952
4983 1972
4984 2463
4985 2463
4986 1952
4987 2346
4988 2396
4989 2346
4990 2336
4991 2396
4992 1203
4993 3244
4994 525
4995 3404
4996 3404
4997 2447
4998 2941
4999 3404
