0 181
1 271
2 252
3 186
4 185
5 7
6 465
7 101
8 531
9 617
10 459
11 654
12 34
13 271
14 40
15 39
16 40
17 189
18 189
19 39
20 256
21 189
22 189
23 109
24 4722
25 205
26 112
27 162
28 133
29 162
30 88
31 179
32 0
33 179
34 2
35 109
36 109
37 109
38 109
39 109
40 205
41 109
42 109
43 205
44 34
45 39
46 39
47 37
48 214
49 181
50 189
51 0
52 0
53 133
54 34
55 186
56 532
57 691
58 691
59 149
60 149
61 149
62 463
63 133
64 179
65 0
66 0
67 116
68 109
69 116
70 4722
71 4722
72 4722
73 4722
74 4722
75 4722
76 4722
77 4723
78 116
79 116
80 189
81 271
82 256
83 271
84 256
85 271
86 214
87 39
88 271
89 343
90 256
91 214
92 214
93 256
94 252
95 187
96 186
97 372
98 0
99 0
100 88
101 0
102 4343
103 4723
104 4723
105 116
106 62
107 4343
108 4343
109 62
110 0
111 214
112 0
113 2
114 0
115 0
116 2
117 130
118 181
119 271
120 0
121 62
122 62
123 240
124 62
125 205
126 4723
127 4723
128 62
129 62
130 4343
131 229
132 252
133 252
134 37
135 0
136 0
137 0
138 40
139 2
140 4723
141 4723
142 62
143 0
144 88
145 62
146 361
147 443
148 476
149 721
150 155
151 742
152 683
153 918
154 309
155 739
156 954
157 666
158 693
159 656
160 240
161 39
162 133
163 133
164 183
165 186
166 372
167 454
168 4343
169 62
170 0
171 0
172 0
173 39
174 271
175 186
176 0
177 88
178 0
179 133
180 0
181 109
182 109
183 109
184 205
185 205
186 109
187 109
188 179
189 39
190 205
191 4722
192 205
193 109
194 4723
195 361
196 186
197 7
198 372
199 375
200 0
201 62
202 0
203 87
204 109
205 213
206 372
207 252
208 146
209 476
210 665
211 614
212 379
213 646
214 646
215 456
216 556
217 1081
218 917
219 1133
220 904
221 744
222 1376
223 681
224 742
225 732
226 480
227 146
228 477
229 618
230 155
231 459
232 146
233 0
234 133
235 189
236 0
237 40
238 214
239 378
240 157
241 54
242 531
243 596
244 8
245 87
246 130
247 116
248 189
249 361
250 146
251 252
252 133
253 87
254 116
255 4723
256 485
257 531
258 157
259 474
260 4723
261 4723
262 149
263 463
264 531
265 721
266 742
267 734
268 698
269 4723
270 4723
271 4723
272 189
273 133
274 596
275 532
276 62
277 361
278 271
279 271
280 372
281 698
282 0
283 4723
284 4723
285 4723
286 4723
287 361
288 133
289 4723
290 4723
291 62
292 214
293 252
294 476
295 8
296 4723
297 636
298 619
299 698
300 636
301 481
302 622
303 4723
304 4722
305 4722
306 4722
307 4723
308 256
309 186
310 186
311 185
312 149
313 477
314 458
315 477
316 0
317 87
318 376
319 485
320 532
321 723
322 450
323 109
324 109
325 39
326 179
327 179
328 181
329 39
330 323
331 323
332 39
333 189
334 189
335 189
336 271
337 256
338 371
339 372
340 665
341 149
342 582
343 155
344 458
345 455
346 102
347 116
348 59
349 372
350 8
351 533
352 40
353 38
354 213
355 40
356 40
357 109
358 205
359 116
360 146
361 656
362 622
363 252
364 459
365 116
366 109
367 4722
368 4722
369 109
370 531
371 4722
372 4722
373 194
374 531
375 205
376 102
377 459
378 1081
379 1597
380 1869
381 1852
382 775
383 1852
384 1853
385 1852
386 1284
387 1284
388 2241
389 2278
390 2179
391 1688
392 1502
393 1627
394 1576
395 1151
396 384
397 4323
398 1314
399 1355
400 1151
401 1480
402 116
403 186
404 252
405 4722
406 531
407 102
408 848
409 701
410 1611
411 4866
412 1302
413 742
414 147
415 252
416 147
417 450
418 4722
419 205
420 205
421 4722
422 4722
423 4722
424 4722
425 532
426 454
427 4722
428 205
429 4722
430 205
431 116
432 256
433 474
434 109
435 205
436 379
437 692
438 131
439 102
440 40
441 256
442 4722
443 109
444 205
445 205
446 742
447 4722
448 4722
449 4722
450 305
451 205
452 4722
453 4722
454 4722
455 205
456 189
457 131
458 205
459 150
460 1081
461 722
462 672
463 560
464 560
465 153
466 696
467 619
468 738
469 716
470 683
471 738
472 694
473 356
474 760
475 701
476 582
477 666
478 697
479 309
480 907
481 4857
482 960
483 961
484 960
485 960
486 4838
487 2204
488 2204
489 769
490 559
491 2032
492 937
493 2255
494 2255
495 281
496 2258
497 1831
498 1721
499 1986
500 2041
501 2156
502 2284
503 1995
504 2359
505 2486
506 2482
507 2482
508 2533
509 2921
510 2921
511 1020
512 3015
513 1746
514 1001
515 2822
516 2781
517 2641
518 2565
519 1475
520 2892
521 2860
522 3630
523 2599
524 2894
525 3306
526 3667
527 3667
528 3616
529 392
530 2753
531 3758
532 2389
533 1919
534 1802
535 1763
536 2853
537 2348
538 2347
539 2347
540 672
541 103
542 656
543 912
544 692
545 701
546 760
547 1136
548 623
549 623
550 848
551 739
552 1133
553 1376
554 1141
555 742
556 697
557 697
558 381
559 1142
560 701
561 738
562 680
563 848
564 739
565 672
566 471
567 1141
568 1368
569 1869
570 1611
571 382
572 702
573 632
574 702
575 632
576 632
577 632
578 632
579 702
580 719
581 719
582 702
583 602
584 702
585 702
586 602
587 719
588 719
589 1107
590 4083
591 4310
592 4310
593 4442
594 4443
595 4443
596 4092
597 3931
598 4913
599 4318
600 4356
601 4233
602 3753
603 4315
604 4262
605 4346
606 4294
607 3753
608 3962
609 3753
610 702
611 702
612 632
613 632
614 632
615 632
616 702
617 632
618 632
619 632
620 632
621 632
622 632
623 632
624 632
625 632
626 632
627 680
628 702
629 719
630 1111
631 1111
632 4083
633 4083
634 4083
635 4083
636 602
637 602
638 602
639 676
640 4083
641 3942
642 3935
643 719
644 1206
645 1107
646 676
647 1107
648 4310
649 4310
650 4440
651 4115
652 3939
653 3674
654 4317
655 701
656 1366
657 1367
658 2433
659 2433
660 647
661 657
662 702
663 602
664 602
665 602
666 917
667 632
668 602
669 632
670 632
671 672
672 702
673 1366
674 632
675 1107
676 4310
677 4310
678 4310
679 676
680 4083
681 1107
682 1107
683 628
684 848
685 1611
686 1368
687 1284
688 1368
689 632
690 632
691 632
692 632
693 632
694 740
695 602
696 702
697 632
698 702
699 602
700 1107
701 1107
702 1107
703 1254
704 1206
705 1254
706 1206
707 4310
708 4310
709 4094
710 4448
711 3939
712 632
713 632
714 632
715 632
716 632
717 702
718 602
719 632
720 632
721 653
722 632
723 632
724 653
725 4310
726 632
727 632
728 739
729 1081
730 4310
731 1081
732 560
733 1368
734 1611
735 922
736 559
737 310
738 2204
739 559
740 2204
741 960
742 960
743 960
744 960
745 1419
746 632
747 1133
748 1081
749 1869
750 1284
751 1284
752 1813
753 4447
754 701
755 1852
756 1815
757 1142
758 632
759 560
760 560
761 4134
762 632
763 632
764 632
765 632
766 632
767 632
768 632
769 653
770 632
771 904
772 907
773 4821
774 4821
775 938
776 632
777 4310
778 4447
779 762
780 918
781 739
782 4374
783 632
784 632
785 632
786 4083
787 653
788 632
789 653
790 4857
791 653
792 632
793 4083
794 602
795 1507
796 632
797 632
798 3675
799 4356
800 4294
801 4356
802 3674
803 2204
804 907
805 2157
806 4857
807 653
808 653
809 632
810 632
811 632
812 1111
813 4857
814 1133
815 632
816 3677
817 4093
818 632
819 4150
820 908
821 3935
822 4093
823 4448
824 632
825 3941
826 938
827 4867
828 4866
829 4083
830 4192
831 4175
832 4192
833 4083
834 4083
835 4083
836 3935
837 779
838 602
839 917
840 4116
841 3941
842 4153
843 560
844 908
845 3316
846 3453
847 3066
848 3066
849 907
850 663
851 663
852 3674
853 2204
854 3674
855 4205
856 4851
857 4847
858 2952
859 4117
860 4117
861 632
862 632
863 702
864 602
865 4083
866 3932
867 3934
868 3938
869 4371
870 702
871 3935
872 4356
873 756
874 602
875 904
876 663
877 1367
878 559
879 769
880 769
881 769
882 922
883 922
884 922
885 1853
886 922
887 4862
888 1611
889 3674
890 4356
891 4317
892 4356
893 2018
894 2458
895 2651
896 2014
897 2548
898 3381
899 3381
900 3312
901 2375
902 2110
903 2338
904 2181
905 1958
906 2452
907 2467
908 2456
909 2815
910 3142
911 3219
912 2815
913 632
914 702
915 4356
916 4233
917 3935
918 3935
919 4371
920 3935
921 3932
922 3675
923 4857
924 4209
925 4235
926 4297
927 4262
928 4267
929 4233
930 3128
931 3160
932 4346
933 3128
934 3125
935 3897
936 4191
937 3334
938 4309
939 4256
940 4219
941 4219
942 3685
943 3501
944 2886
945 4159
946 2701
947 3859
948 4278
949 3635
950 3635
951 436
952 4185
953 3738
954 3476
955 4346
956 4346
957 3949
958 3753
959 3949
960 4857
961 3335
962 3748
963 3337
964 3335
965 4315
966 4315
967 3949
968 3949
969 4294
970 3949
971 3753
972 3335
973 4209
974 4294
975 4857
976 4267
977 3127
978 4297
979 3462
980 4233
981 3674
982 4356
983 904
984 310
985 4298
986 4298
987 4256
988 3159
989 4298
990 4256
991 4256
992 4283
993 4256
994 4256
995 1124
996 977
997 3501
998 877
999 3618
1000 1110
1001 3167
1002 2741
1003 4179
1004 4179
1005 2887
1006 4283
1007 4262
1008 3674
1009 4318
1010 3932
1011 961
1012 3128
1013 3567
1014 3442
1015 3124
1016 3227
1017 3227
1018 3227
1019 3228
1020 3227
1021 3124
1022 3743
1023 904
1024 960
1025 4053
1026 4083
1027 4134
1028 4115
1029 4257
1030 4297
1031 3458
1032 3938
1033 740
1034 4083
1035 4083
1036 4083
1037 4083
1038 756
1039 719
1040 719
1041 602
1042 719
1043 719
1044 740
1045 908
1046 3457
1047 3130
1048 2433
1049 2433
1050 2014
1051 2952
1052 4233
1053 3949
1054 4191
1055 3128
1056 3128
1057 3943
1058 4156
1059 4083
1060 4083
1061 4083
1062 2792
1063 3897
1064 3674
1065 3753
1066 4346
1067 779
1068 2433
1069 4083
1070 3335
1071 3748
1072 4262
1073 3753
1074 3334
1075 4346
1076 4346
1077 4317
1078 3935
1079 3674
1080 3462
1081 4298
1082 2205
1083 4233
1084 4294
1085 3940
1086 756
1087 754
1088 756
1089 756
1090 4083
1091 4083
1092 4083
1093 4083
1094 4298
1095 4083
1096 4083
1097 3898
1098 3705
1099 4309
1100 3631
1101 4297
1102 4083
1103 3412
1104 4261
1105 4256
1106 3467
1107 3830
1108 3334
1109 4053
1110 4083
1111 3997
1112 4294
1113 4083
1114 4261
1115 3051
1116 2884
1117 3051
1118 4320
1119 3549
1120 3185
1121 2699
1122 2853
1123 2532
1124 2828
1125 4195
1126 2955
1127 3963
1128 3963
1129 3963
1130 2955
1131 2740
1132 3800
1133 3481
1134 2873
1135 4127
1136 2423
1137 4982
1138 1684
1139 4986
1140 1946
1141 1946
1142 1690
1143 1684
1144 3075
1145 3075
1146 1684
1147 1690
1148 1690
1149 1210
1150 3889
1151 3433
1152 3433
1153 2948
1154 3051
1155 3051
1156 3549
1157 4256
1158 4083
1159 4053
1160 4053
1161 3128
1162 3335
1163 3619
1164 3051
1165 3674
1166 4169
1167 4083
1168 4181
1169 4181
1170 3859
1171 3859
1172 4181
1173 4051
1174 4061
1175 3898
1176 3706
1177 4268
1178 4211
1179 3723
1180 4219
1181 2792
1182 3576
1183 3128
1184 4294
1185 3753
1186 4257
1187 3949
1188 1869
1189 2887
1190 3221
1191 3405
1192 3158
1193 3051
1194 4857
1195 3051
1196 3563
1197 3005
1198 3974
1199 3049
1200 4181
1201 1065
1202 3949
1203 3949
1204 3819
1205 3462
1206 3467
1207 3221
1208 3467
1209 3387
1210 3358
1211 663
1212 3793
1213 2596
1214 3629
1215 3346
1216 3375
1217 3375
1218 4320
1219 3549
1220 2923
1221 4320
1222 2596
1223 3756
1224 3630
1225 4197
1226 3962
1227 4237
1228 4024
1229 3753
1230 4356
1231 2796
1232 4320
1233 878
1234 2886
1235 4235
1236 3630
1237 4211
1238 4317
1239 3776
1240 4281
1241 3130
1242 4356
1243 3674
1244 3158
1245 4185
1246 4157
1247 4283
1248 3755
1249 4317
1250 4294
1251 2595
1252 4262
1253 3221
1254 2884
1255 2923
1256 2887
1257 3705
1258 3755
1259 3500
1260 3112
1261 4857
1262 2887
1263 2433
1264 2433
1265 2792
1266 4346
1267 663
1268 3707
1269 3756
1270 3005
1271 3387
1272 2884
1273 663
1274 3753
1275 1124
1276 4283
1277 4911
1278 2596
1279 1852
1280 1869
1281 2018
1282 1369
1283 1943
1284 1372
1285 1322
1286 4325
1287 1307
1288 1514
1289 1494
1290 4565
1291 4504
1292 4504
1293 4340
1294 1161
1295 4596
1296 3949
1297 4316
1298 877
1299 4294
1300 3960
1301 3674
1302 3725
1303 3221
1304 2887
1305 2884
1306 3576
1307 3470
1308 3897
1309 3476
1310 3936
1311 3974
1312 2595
1313 2204
1314 2204
1315 902
1316 4838
1317 559
1318 2204
1319 2204
1320 1786
1321 1284
1322 937
1323 1588
1324 2196
1325 4053
1326 4315
1327 3467
1328 3670
1329 1869
1330 1284
1331 727
1332 1772
1333 2018
1334 4235
1335 3375
1336 2609
1337 2516
1338 3800
1339 2948
1340 2955
1341 2884
1342 877
1343 2596
1344 877
1345 4256
1346 4219
1347 4219
1348 3469
1349 3898
1350 3004
1351 2923
1352 2923
1353 2695
1354 2493
1355 3375
1356 2599
1357 3621
1358 2599
1359 4256
1360 4219
1361 2792
1362 4219
1363 3227
1364 4181
1365 3458
1366 4316
1367 4371
1368 4214
1369 3285
1370 2744
1371 4320
1372 1632
1373 2610
1374 3567
1375 3686
1376 3346
1377 1474
1378 1474
1379 2368
1380 1939
1381 2567
1382 1940
1383 1925
1384 2916
1385 2642
1386 1002
1387 1002
1388 1002
1389 2422
1390 2695
1391 1022
1392 2726
1393 4127
1394 3481
1395 2881
1396 3346
1397 3843
1398 3629
1399 2792
1400 2984
1401 3721
1402 4119
1403 3721
1404 3721
1405 3721
1406 4212
1407 4212
1408 4346
1409 4233
1410 4346
1411 4356
1412 4317
1413 3162
1414 4316
1415 3755
1416 3549
1417 769
1418 4847
1419 2282
1420 4851
1421 2548
1422 902
1423 2204
1424 902
1425 2204
1426 2204
1427 2204
1428 2547
1429 3435
1430 3850
1431 3973
1432 3860
1433 2863
1434 769
1435 4211
1436 4268
1437 727
1438 727
1439 4233
1440 3949
1441 3638
1442 4219
1443 4219
1444 3563
1445 4317
1446 2548
1447 961
1448 960
1449 960
1450 663
1451 3018
1452 4060
1453 3223
1454 3312
1455 3316
1456 2952
1457 779
1458 2547
1459 2404
1460 3544
1461 3531
1462 1760
1463 1469
1464 4894
1465 4235
1466 4211
1467 3742
1468 4219
1469 2987
1470 2204
1471 2974
1472 3316
1473 3625
1474 4060
1475 2999
1476 3005
1477 4211
1478 4894
1479 4894
1480 4894
1481 4913
1482 4092
1483 1284
1484 727
1485 937
1486 2018
1487 2185
1488 4053
1489 4040
1490 3346
1491 4262
1492 3343
1493 2433
1494 2495
1495 2974
1496 3733
1497 3397
1498 2863
1499 4262
1500 2887
1501 3753
1502 3337
1503 3066
1504 3316
1505 4219
1506 4219
1507 3227
1508 4219
1509 4219
1510 4219
1511 4219
1512 3228
1513 779
1514 1624
1515 2018
1516 3128
1517 3748
1518 3469
1519 2896
1520 3153
1521 2744
1522 3127
1523 4851
1524 961
1525 4851
1526 2548
1527 3453
1528 902
1529 960
1530 2495
1531 4219
1532 3004
1533 2989
1534 4035
1535 727
1536 3413
1537 2901
1538 3542
1539 3111
1540 663
1541 3316
1542 663
1543 4821
1544 663
1545 663
1546 3525
1547 3316
1548 4262
1549 4294
1550 2699
1551 3550
1552 3125
1553 663
1554 3537
1555 392
1556 2548
1557 3634
1558 3748
1559 3748
1560 3349
1561 2421
1562 3375
1563 2894
1564 3630
1565 3755
1566 3453
1567 1700
1568 3101
1569 3491
1570 3346
1571 3610
1572 3023
1573 2963
1574 3078
1575 3537
1576 2901
1577 2531
1578 878
1579 4262
1580 3004
1581 3549
1582 2547
1583 3312
1584 3748
1585 3748
1586 4851
1587 4821
1588 4821
1589 3316
1590 3518
1591 3843
1592 2901
1593 3501
1594 3594
1595 3125
1596 2952
1597 3014
1598 2778
1599 3377
1600 3426
1601 391
1602 3488
1603 3423
1604 3817
1605 3480
1606 3480
1607 3568
1608 3624
1609 4141
1610 3224
1611 3544
1612 3897
1613 2793
1614 3227
1615 3743
1616 3227
1617 3685
1618 3470
1619 3501
1620 3621
1621 3890
1622 2599
1623 3753
1624 2987
1625 2796
1626 3743
1627 3859
1628 3974
1629 3469
1630 3655
1631 2282
1632 2832
1633 3866
1634 3877
1635 725
1636 2887
1637 3224
1638 3966
1639 3660
1640 3754
1641 2681
1642 386
1643 1468
1644 2776
1645 1761
1646 2430
1647 1749
1648 2341
1649 2430
1650 3393
1651 3004
1652 725
1653 2599
1654 3316
1655 2570
1656 3066
1657 2397
1658 391
1659 3022
1660 3636
1661 3668
1662 3575
1663 3575
1664 3878
1665 3685
1666 4219
1667 2319
1668 778
1669 3849
1670 2433
1671 2531
1672 3537
1673 3737
1674 1473
1675 3883
1676 3893
1677 2779
1678 3866
1679 3409
1680 4148
1681 2843
1682 2507
1683 3866
1684 3227
1685 2504
1686 4160
1687 3343
1688 2599
1689 2584
1690 2907
1691 3546
1692 2612
1693 2612
1694 3546
1695 3545
1696 3545
1697 3545
1698 2599
1699 3667
1700 3748
1701 3749
1702 3748
1703 3668
1704 3804
1705 3480
1706 2832
1707 3686
1708 1924
1709 4995
1710 2642
1711 3576
1712 3655
1713 3488
1714 3488
1715 3019
1716 3306
1717 3306
1718 2907
1719 2907
1720 1475
1721 2369
1722 2775
1723 2565
1724 2564
1725 2610
1726 2469
1727 1921
1728 3654
1729 3667
1730 3263
1731 1923
1732 3667
1733 3959
1734 3574
1735 3654
1736 3616
1737 2961
1738 2940
1739 2907
1740 3096
1741 3574
1742 3023
1743 4203
1744 3636
1745 3962
1746 4298
1747 2595
1748 3550
1749 1403
1750 3469
1751 295
1752 3624
1753 3227
1754 4035
1755 3897
1756 3005
1757 3859
1758 2701
1759 3005
1760 2500
1761 2889
1762 2599
1763 3101
1764 2282
1765 3814
1766 3807
1767 3537
1768 2796
1769 3738
1770 1478
1771 4041
1772 3224
1773 3748
1774 3656
1775 3624
1776 2526
1777 3195
1778 1294
1779 3167
1780 2493
1781 1070
1782 3018
1783 3655
1784 3018
1785 3488
1786 3228
1787 3748
1788 2578
1789 2599
1790 3304
1791 2688
1792 1475
1793 2894
1794 3491
1795 3654
1796 3654
1797 3125
1798 2433
1799 3748
1800 3859
1801 2033
1802 2504
1803 781
1804 1888
1805 2469
1806 1171
1807 877
1808 2599
1809 2584
1810 3096
1811 3667
1812 3470
1813 3228
1814 3476
1815 3738
1816 2701
1817 3167
1818 3605
1819 2565
1820 4320
1821 3616
1822 3616
1823 3748
1824 2906
1825 2989
1826 3415
1827 3426
1828 3567
1829 281
1830 1772
1831 2286
1832 3643
1833 3755
1834 3546
1835 2612
1836 3304
1837 1937
1838 2533
1839 2726
1840 2541
1841 2788
1842 3891
1843 2788
1844 2913
1845 2672
1846 2534
1847 2541
1848 2599
1849 2570
1850 3125
1851 3613
1852 3343
1853 2516
1854 1938
1855 2554
1856 3584
1857 3488
1858 2531
1859 3227
1860 3618
1861 3470
1862 3501
1863 877
1864 2458
1865 2255
1866 3543
1867 1923
1868 3132
1869 3966
1870 3187
1871 2584
1872 3630
1873 3566
1874 2578
1875 3124
1876 3685
1877 1814
1878 3537
1879 3227
1880 1814
1881 3618
1882 3685
1883 2398
1884 2278
1885 2345
1886 1629
1887 1491
1888 2607
1889 3375
1890 3667
1891 3959
1892 3893
1893 3618
1894 3685
1895 3685
1896 3472
1897 4181
1898 2701
1899 3859
1900 4181
1901 3916
1902 3635
1903 3344
1904 3273
1905 3273
1906 2512
1907 2516
1908 2484
1909 2484
1910 3755
1911 3546
1912 3749
1913 2510
1914 2796
1915 3501
1916 3859
1917 3195
1918 2695
1919 2923
1920 2971
1921 2701
1922 4255
1923 2702
1924 3859
1925 2701
1926 2695
1927 2695
1928 2849
1929 3800
1930 3304
1931 2916
1932 2893
1933 2856
1934 2422
1935 1022
1936 4127
1937 2736
1938 2736
1939 2873
1940 3891
1941 2788
1942 2534
1943 2845
1944 3616
1945 3618
1946 4159
1947 3859
1948 3003
1949 3002
1950 2699
1951 3424
1952 2901
1953 2319
1954 3345
1955 2209
1956 2475
1957 3005
1958 3613
1959 2831
1960 2612
1961 2916
1962 3304
1963 2756
1964 2526
1965 2541
1966 2913
1967 2725
1968 4195
1969 1927
1970 3545
1971 3304
1972 3303
1973 3305
1974 2679
1975 781
1976 2814
1977 2392
1978 2831
1979 2696
1980 3568
1981 2856
1982 3322
1983 1939
1984 3545
1985 2612
1986 2993
1987 2612
1988 2916
1989 3650
1990 3181
1991 3545
1992 3304
1993 3545
1994 3303
1995 3545
1996 3303
1997 3614
1998 3182
1999 3181
2000 3181
2001 2873
2002 2945
2003 2879
2004 2873
2005 2993
2006 3614
2007 3181
2008 3181
2009 3614
2010 3182
2011 3182
2012 2548
2013 1632
2014 3066
2015 781
2016 2701
2017 4159
2018 4159
2019 2886
2020 3086
2021 1123
2022 1939
2023 2822
2024 1939
2025 2916
2026 877
2027 3501
2028 3275
2029 2610
2030 2913
2031 2913
2032 2952
2033 3477
2034 3501
2035 1124
2036 2033
2037 3224
2038 3415
2039 4148
2040 3262
2041 2777
2042 1470
2043 3862
2044 3732
2045 2856
2046 2916
2047 3303
2048 3181
2049 2952
2050 4159
2051 2701
2052 3414
2053 2916
2054 2781
2055 3304
2056 2843
2057 3552
2058 1700
2059 3181
2060 3176
2061 2534
2062 2483
2063 2841
2064 2541
2065 2993
2066 2993
2067 2534
2068 3616
2069 3613
2070 3659
2071 1002
2072 2982
2073 3049
2074 2960
2075 2500
2076 2500
2077 2752
2078 2422
2079 2533
2080 3304
2081 2691
2082 2319
2083 1070
2084 3312
2085 1814
2086 2873
2087 2841
2088 2873
2089 2873
2090 4195
2091 2725
2092 3650
2093 3181
2094 2939
2095 2369
2096 1908
2097 1906
2098 4032
2099 2758
2100 1555
2101 2365
2102 2845
2103 3345
2104 2878
2105 3223
2106 2369
2107 1907
2108 1556
2109 1556
2110 2469
2111 2429
2112 2421
2113 2421
2114 2292
2115 2292
2116 2480
2117 2480
2118 2284
2119 2341
2120 2316
2121 2318
2122 1472
2123 3545
2124 3316
2125 4255
2126 2637
2127 2736
2128 2725
2129 1814
2130 1607
2131 2389
2132 1002
2133 1070
2134 3190
2135 3350
2136 3366
2137 3453
2138 3401
2139 3193
2140 2274
2141 3401
2142 3103
2143 3401
2144 3193
2145 3266
2146 3278
2147 2117
2148 2274
2149 3276
2150 3350
2151 2138
2152 3401
2153 3401
2154 3401
2155 3103
2156 3279
2157 3324
2158 3324
2159 1110
2160 3584
2161 2255
2162 2286
2163 3552
2164 2961
2165 3015
2166 2879
2167 2483
2168 2826
2169 2993
2170 1908
2171 2916
2172 2916
2173 3324
2174 3324
2175 2139
2176 3324
2177 1814
2178 3956
2179 3956
2180 2701
2181 2541
2182 4127
2183 3316
2184 3401
2185 3276
2186 2375
2187 3401
2188 2274
2189 2949
2190 2444
2191 3223
2192 2559
2193 2556
2194 3312
2195 3754
2196 3316
2197 3324
2198 3401
2199 1070
2200 3350
2201 2095
2202 1110
2203 2392
2204 3262
2205 4821
2206 3282
2207 2977
2208 3324
2209 3522
2210 3324
2211 3380
2212 3145
2213 2682
2214 3181
2215 3182
2216 3545
2217 3545
2218 3303
2219 3546
2220 2841
2221 3365
2222 2750
2223 2952
2224 2110
2225 2453
2226 3401
2227 3380
2228 2095
2229 2274
2230 781
2231 2110
2232 3263
2233 3614
2234 3176
2235 2788
2236 2672
2237 2672
2238 3449
2239 3882
2240 287
2241 3401
2242 3366
2243 3261
2244 3269
2245 3269
2246 3150
2247 3452
2248 2977
2249 3282
2250 2977
2251 3401
2252 3882
2253 3401
2254 2936
2255 2992
2256 3522
2257 3526
2258 3882
2259 2092
2260 2997
2261 2816
2262 2426
2263 4870
2264 2107
2265 2166
2266 2107
2267 2386
2268 4870
2269 4870
2270 3367
2271 3269
2272 2332
2273 2851
2274 2125
2275 2557
2276 2134
2277 2334
2278 2102
2279 2102
2280 3401
2281 2570
2282 3202
2283 780
2284 2452
2285 2244
2286 2068
2287 2166
2288 2216
2289 2087
2290 2216
2291 2188
2292 2386
2293 2460
2294 2376
2295 2382
2296 1761
2297 3758
2298 3181
2299 3181
2300 3534
2301 3281
2302 3386
2303 3104
2304 3047
2305 2095
2306 3326
2307 2139
2308 3535
2309 287
2310 3526
2311 2139
2312 3269
2313 3270
2314 2334
2315 2851
2316 2997
2317 2869
2318 2449
2319 2166
2320 2075
2321 2188
2322 3551
2323 2953
2324 3443
2325 3963
2326 3889
2327 3273
2328 3889
2329 3889
2330 3889
2331 3889
2332 3401
2333 3380
2334 4821
2335 3380
2336 3045
2337 2454
2338 3064
2339 2452
2340 781
2341 1823
2342 2750
2343 2092
2344 4127
2345 2578
2346 2534
2347 2488
2348 3081
2349 3401
2350 3282
2351 3367
2352 3193
2353 2333
2354 2915
2355 2274
2356 2278
2357 2831
2358 3176
2359 2873
2360 2533
2361 3522
2362 2873
2363 3350
2364 2397
2365 2453
2366 2492
2367 3350
2368 2548
2369 3042
2370 2548
2371 4821
2372 2454
2373 2941
2374 3109
2375 3083
2376 4222
2377 4278
2378 3917
2379 4222
2380 3872
2381 3396
2382 2015
2383 2286
2384 2080
2385 2836
2386 1923
2387 2736
2388 2110
2389 3064
2390 2434
2391 4255
2392 3394
2393 3817
2394 287
2395 2725
2396 3363
2397 2110
2398 2830
2399 4182
2400 2078
2401 1466
2402 3882
2403 3882
2404 3882
2405 3882
2406 3534
2407 3524
2408 3882
2409 3882
2410 287
2411 3882
2412 3551
2413 3551
2414 287
2415 287
2416 3524
2417 3791
2418 287
2419 3367
2420 3366
2421 3487
2422 2642
2423 2481
2424 2552
2425 3526
2426 4127
2427 2397
2428 2397
2429 3381
2430 3963
2431 4159
2432 3167
2433 2033
2434 2758
2435 3282
2436 2541
2437 2953
2438 2738
2439 2955
2440 3963
2441 3963
2442 2139
2443 3452
2444 287
2445 3807
2446 2945
2447 2483
2448 3891
2449 3891
2450 2953
2451 2671
2452 3963
2453 2548
2454 2334
2455 3061
2456 3775
2457 780
2458 2960
2459 2431
2460 2817
2461 287
2462 3882
2463 287
2464 3882
2465 3882
2466 2483
2467 5002
2468 2483
2469 2672
2470 4195
2471 4026
2472 1690
2473 2102
2474 293
2475 3401
2476 3011
2477 2933
2478 2837
2479 2417
2480 2652
2481 2218
2482 2222
2483 2479
2484 2210
2485 2993
2486 3650
2487 1002
2488 3381
2489 663
2490 3366
2491 2915
2492 3381
2493 3101
2494 3149
2495 2837
2496 2845
2497 4127
2498 4127
2499 2953
2500 4821
2501 2388
2502 2483
2503 2534
2504 2578
2505 2930
2506 2482
2507 1700
2508 4195
2509 3366
2510 2979
2511 2129
2512 4182
2513 2682
2514 3043
2515 2933
2516 2483
2517 2726
2518 4127
2519 3042
2520 3872
2521 3882
2522 3222
2523 2753
2524 2533
2525 3963
2526 2979
2527 2171
2528 1001
2529 1022
2530 2949
2531 3081
2532 2736
2533 2672
2534 2145
2535 2913
2536 2724
2537 4195
2538 3800
2539 4195
2540 3433
2541 2671
2542 3916
2543 3049
2544 3845
2545 2541
2546 4195
2547 2672
2548 2725
2549 3800
2550 3800
2551 2889
2552 4195
2553 2867
2554 2021
2555 2079
2556 2021
2557 2246
2558 3791
2559 2977
2560 3560
2561 2483
2562 1700
2563 3433
2564 3963
2565 3963
2566 3963
2567 3443
2568 2334
2569 2816
2570 2897
2571 2897
2572 3882
2573 287
2574 3643
2575 1554
2576 2353
2577 1470
2578 2529
2579 4195
2580 2889
2581 2740
2582 3963
2583 3889
2584 3478
2585 726
2586 3446
2587 2873
2588 1555
2589 1554
2590 1553
2591 2533
2592 2695
2593 3963
2594 2332
2595 2377
2596 2557
2597 2137
2598 2136
2599 2851
2600 2376
2601 2851
2602 2851
2603 2376
2604 2332
2605 2851
2606 2136
2607 2133
2608 2830
2609 2089
2610 2378
2611 2012
2612 1519
2613 4195
2614 3312
2615 2905
2616 1699
2617 2391
2618 2842
2619 2127
2620 2922
2621 2468
2622 3882
2623 3366
2624 3269
2625 3269
2626 1700
2627 2556
2628 2978
2629 3963
2630 2639
2631 2012
2632 1281
2633 1292
2634 3551
2635 3524
2636 3526
2637 2354
2638 3043
2639 3273
2640 2241
2641 3552
2642 2948
2643 2948
2644 2948
2645 1586
2646 2889
2647 3433
2648 2739
2649 3963
2650 3889
2651 3889
2652 3889
2653 3889
2654 2956
2655 3963
2656 3963
2657 3963
2658 3963
2659 2376
2660 1283
2661 2101
2662 2482
2663 3272
2664 2724
2665 3043
2666 2978
2667 3889
2668 3963
2669 3889
2670 2457
2671 2439
2672 2134
2673 2379
2674 287
2675 3371
2676 3560
2677 3640
2678 2682
2679 2395
2680 2334
2681 3963
2682 3963
2683 3963
2684 3963
2685 2332
2686 1465
2687 726
2688 3202
2689 3017
2690 2992
2691 2111
2692 2112
2693 3047
2694 2603
2695 3813
2696 3395
2697 3273
2698 2956
2699 2956
2700 2816
2701 2277
2702 287
2703 287
2704 3551
2705 3551
2706 1866
2707 2556
2708 2313
2709 2089
2710 2125
2711 2134
2712 3791
2713 3363
2714 3882
2715 3366
2716 2873
2717 3963
2718 3889
2719 3889
2720 3889
2721 3075
2722 3963
2723 3889
2724 3889
2725 3889
2726 3273
2727 3075
2728 3889
2729 2956
2730 3273
2731 3789
2732 3889
2733 3963
2734 2383
2735 2391
2736 2478
2737 2158
2738 1912
2739 1855
2740 1326
2741 2749
2742 2318
2743 3218
2744 2133
2745 2133
2746 3063
2747 737
2748 1588
2749 1628
2750 1610
2751 1322
2752 2171
2753 1608
2754 3882
2755 3326
2756 2873
2757 2561
2758 275
2759 3551
2760 3551
2761 287
2762 2272
2763 2555
2764 2338
2765 2245
2766 1901
2767 1153
2768 2357
2769 3272
2770 3963
2771 3433
2772 3433
2773 2956
2774 2663
2775 3395
2776 3075
2777 3075
2778 3075
2779 3075
2780 3084
2781 1103
2782 1040
2783 1067
2784 2313
2785 2442
2786 2402
2787 1519
2788 287
2789 3386
2790 2873
2791 2957
2792 2922
2793 2842
2794 2391
2795 2102
2796 2313
2797 2345
2798 2557
2799 2507
2800 3557
2801 2514
2802 2289
2803 2430
2804 2523
2805 2233
2806 2206
2807 2181
2808 2655
2809 1985
2810 287
2811 2357
2812 2292
2813 3889
2814 2072
2815 2133
2816 4980
2817 2447
2818 996
2819 1657
2820 2228
2821 2124
2822 1796
2823 1457
2824 1828
2825 2672
2826 2602
2827 1470
2828 2286
2829 3551
2830 3882
2831 3754
2832 2423
2833 2736
2834 2736
2835 2359
2836 2173
2837 1850
2838 1805
2839 2250
2840 1024
2841 4981
2842 822
2843 2575
2844 2272
2845 777
2846 2313
2847 3401
2848 3047
2849 1025
2850 4962
2851 3062
2852 2258
2853 1306
2854 4207
2855 3800
2856 2725
2857 2134
2858 3350
2859 3222
2860 282
2861 3531
2862 2698
2863 435
2864 2698
2865 2462
2866 2348
2867 2348
2868 2199
2869 1788
2870 1213
2871 2348
2872 435
2873 2348
2874 1640
2875 1835
2876 1680
2877 434
2878 2267
2879 2017
2880 385
2881 1152
2882 1943
2883 1356
2884 287
2885 3380
2886 3534
2887 3401
2888 3561
2889 2878
2890 1802
2891 2529
2892 2441
2893 1859
2894 2418
2895 1435
2896 1269
2897 1679
2898 1736
2899 993
2900 993
2901 993
2902 2425
2903 2509
2904 1283
2905 3401
2906 2998
2907 2423
2908 2447
2909 4881
2910 439
2911 2347
2912 2818
2913 1604
2914 1873
2915 437
2916 3075
2917 3317
2918 2497
2919 438
2920 2348
2921 2348
2922 2818
2923 3084
2924 437
2925 2497
2926 2497
2927 438
2928 438
2929 1726
2930 871
2931 821
2932 1173
2933 1697
2934 1418
2935 4881
2936 1324
2937 1950
2938 2010
2939 3380
2940 3011
2941 4986
2942 2415
2943 3075
2944 2870
2945 2870
2946 2851
2947 2851
2948 438
2949 1755
2950 2134
2951 2348
2952 2897
2953 2977
2954 2341
2955 998
2956 2320
2957 2320
2958 2288
2959 2389
2960 2364
2961 1690
2962 1946
2963 3317
2964 437
2965 1825
2966 1835
2967 1177
2968 1067
2969 1822
2970 1103
2971 1146
2972 1417
2973 1104
2974 1173
2975 1199
2976 1675
2977 871
2978 2767
2979 3084
2980 2851
2981 2345
2982 2079
2983 2181
2984 2021
2985 2134
2986 2062
2987 1608
2988 1839
2989 3386
2990 2472
2991 3075
2992 1684
2993 437
2994 2767
2995 4880
2996 2181
2997 2347
2998 1901
2999 3366
3000 2736
3001 1553
3002 3199
3003 2394
3004 3075
3005 3075
3006 1749
3007 3359
3008 2305
3009 1616
3010 1586
3011 2133
3012 2097
3013 2348
3014 1760
3015 484
3016 2419
3017 2359
3018 996
3019 2315
3020 3359
3021 1690
3022 1690
3023 2635
3024 2136
3025 2020
3026 2021
3027 435
3028 2815
3029 387
3030 437
3031 2125
3032 2021
3033 2756
3034 2819
3035 1406
3036 1690
3037 1414
3038 1679
3039 2011
3040 431
3041 1040
3042 1173
3043 2380
3044 1291
3045 2287
3046 2480
3047 2480
3048 3317
3049 1043
3050 2409
3051 1916
3052 2013
3053 2922
3054 2558
3055 3352
3056 1749
3057 2911
3058 2134
3059 2136
3060 2912
3061 4873
3062 2134
3063 2273
3064 2512
3065 2837
3066 3282
3067 2472
3068 1823
3069 2555
3070 1406
3071 1321
3072 1753
3073 2348
3074 1911
3075 3222
3076 1946
3077 2136
3078 2020
3079 2021
3080 2092
3081 3194
3082 3270
3083 2274
3084 2310
3085 2440
3086 2652
3087 2505
3088 3075
3089 3075
3090 2181
3091 3199
3092 1690
3093 2338
3094 1626
3095 2011
3096 1856
3097 1754
3098 2362
3099 1391
3100 1526
3101 1885
3102 2410
3103 2573
3104 2224
3105 1726
3106 1174
3107 1957
3108 2348
3109 3194
3110 2381
3111 3557
3112 2911
3113 2097
3114 4873
3115 2345
3116 2391
3117 2555
3118 1626
3119 1677
3120 1067
3121 1094
3122 2286
3123 2286
3124 3202
3125 3220
3126 874
3127 2837
3128 1199
3129 2097
3130 1688
3131 1315
3132 1315
3133 2506
3134 1841
3135 1897
3136 1510
3137 3350
3138 2425
3139 2837
3140 2345
3141 2391
3142 2391
3143 2512
3144 1586
3145 2128
3146 2272
3147 1325
3148 1919
3149 2525
3150 1802
3151 2360
3152 993
3153 2360
3154 2360
3155 1946
3156 2360
3157 2360
3158 3352
3159 1946
3160 1210
3161 993
3162 2127
3163 1675
3164 892
3165 2391
3166 2391
3167 2166
3168 2166
3169 2166
3170 2166
3171 2107
3172 2188
3173 3366
3174 2198
3175 1615
3176 1602
3177 1704
3178 1796
3179 1736
3180 2360
3181 2842
3182 1372
3183 1372
3184 3191
3185 998
3186 871
3187 2345
3188 2391
3189 1146
3190 1199
3191 1150
3192 1984
3193 1886
3194 1680
3195 726
3196 2819
3197 2194
3198 1835
3199 1146
3200 2068
3201 2021
3202 3152
3203 2102
3204 3000
3205 1596
3206 1306
3207 1347
3208 1652
3209 2815
3210 1919
3211 2715
3212 1690
3213 2922
3214 2479
3215 2555
3216 1418
3217 1594
3218 892
3219 2440
3220 1199
3221 1623
3222 1674
3223 1364
3224 979
3225 1544
3226 1056
3227 880
3228 814
3229 814
3230 814
3231 1166
3232 852
3233 1446
3234 1199
3235 386
3236 1989
3237 1690
3238 2417
3239 2479
3240 2210
3241 2216
3242 2218
3243 2606
3244 2479
3245 2210
3246 2210
3247 2217
3248 2652
3249 892
3250 2261
3251 2068
3252 2391
3253 2555
3254 2522
3255 1103
3256 1375
3257 979
3258 1537
3259 1447
3260 852
3261 512
3262 512
3263 1127
3264 1363
3265 1299
3266 871
3267 1917
3268 2335
3269 2251
3270 2164
3271 2163
3272 2228
3273 1801
3274 1727
3275 1703
3276 2198
3277 2505
3278 2099
3279 2560
3280 2129
3281 2134
3282 2148
3283 2677
3284 2164
3285 2922
3286 2225
3287 2243
3288 2217
3289 1764
3290 2418
3291 2293
3292 1658
3293 1658
3294 2066
3295 1194
3296 2065
3297 2066
3298 2842
3299 2217
3300 2134
3301 2079
3302 777
3303 1409
3304 1502
3305 1314
3306 1677
3307 1822
3308 1146
3309 1675
3310 819
3311 1580
3312 1275
3313 1245
3314 1245
3315 1102
3316 857
3317 1098
3318 1095
3319 1196
3320 1144
3321 1245
3322 1245
3323 1337
3324 1337
3325 1359
3326 819
3327 1103
3328 2816
3329 1759
3330 2175
3331 2460
3332 2099
3333 2268
3334 2166
3335 2166
3336 1418
3337 1629
3338 2345
3339 2313
3340 1788
3341 2011
3342 2067
3343 2066
3344 2386
3345 2386
3346 2268
3347 1174
3348 2391
3349 2391
3350 1626
3351 2041
3352 2063
3353 2174
3354 2045
3355 1325
3356 2332
3357 2360
3358 2391
3359 2107
3360 2107
3361 434
3362 1760
3363 2066
3364 2380
3365 2382
3366 2408
3367 2166
3368 2068
3369 2188
3370 1639
3371 1593
3372 1593
3373 1593
3374 846
3375 803
3376 1116
3377 814
3378 3846
3379 512
3380 1410
3381 1639
3382 811
3383 1639
3384 1290
3385 1845
3386 2511
3387 1717
3388 2207
3389 2002
3390 2137
3391 2376
3392 2386
3393 2188
3394 2097
3395 2166
3396 1103
3397 1608
3398 3286
3399 2382
3400 2188
3401 2107
3402 2166
3403 2379
3404 2217
3405 2097
3406 2068
3407 2068
3408 2087
3409 2107
3410 2345
3411 2391
3412 1871
3413 2011
3414 2044
3415 2386
3416 2391
3417 2391
3418 2107
3419 2166
3420 2166
3421 2391
3422 1544
3423 1593
3424 979
3425 1694
3426 1356
3427 1911
3428 2308
3429 3531
3430 2163
3431 1862
3432 4871
3433 2188
3434 1418
3435 2188
3436 1593
3437 1173
3438 1451
3439 1580
3440 1375
3441 1146
3442 1598
3443 1625
3444 1539
3445 1912
3446 2013
3447 419
3448 2107
3449 1841
3450 1608
3451 2549
3452 2046
3453 2198
3454 1788
3455 3286
3456 1862
3457 1662
3458 2922
3459 2391
3460 798
3461 2031
3462 2677
3463 2391
3464 2417
3465 1769
3466 1698
3467 1544
3468 1056
3469 1257
3470 880
3471 3846
3472 3695
3473 831
3474 952
3475 1544
3476 1625
3477 1544
3478 1334
3479 936
3480 1259
3481 1203
3482 814
3483 1502
3484 1390
3485 1856
3486 2717
3487 2051
3488 1809
3489 1526
3490 1918
3491 2387
3492 1697
3493 1418
3494 1697
3495 2345
3496 1447
3497 1573
3498 898
3499 814
3500 1095
3501 1275
3502 1441
3503 802
3504 1342
3505 1822
3506 2048
3507 2235
3508 2391
3509 2391
3510 838
3511 1447
3512 1582
3513 1838
3514 2163
3515 1652
3516 1544
3517 899
3518 1446
3519 851
3520 814
3521 1369
3522 1574
3523 1900
3524 1703
3525 777
3526 1279
3527 1675
3528 2010
3529 2198
3530 2171
3531 1769
3532 1446
3533 1625
3534 851
3535 1187
3536 2172
3537 1602
3538 1638
3539 2051
3540 1764
3541 1334
3542 1440
3543 814
3544 1828
3545 892
3546 1952
3547 2048
3548 1544
3549 1593
3550 1573
3551 1439
3552 2172
3553 1809
3554 1639
3555 981
3556 2030
3557 1799
3558 1544
3559 1435
3560 2900
3561 1697
3562 1450
3563 1052
3564 1841
3565 1303
3566 3531
3567 2013
3568 1850
3569 900
3570 3969
3571 1509
3572 1269
3573 1146
3574 1828
3575 1845
3576 2172
3577 1801
3578 1903
3579 1502
3580 1502
3581 1502
3582 512
3583 1280
3584 1151
3585 1360
3586 282
3587 1418
3588 2475
3589 517
3590 946
3591 831
3592 801
3593 830
3594 4065
3595 4940
3596 4724
3597 3718
3598 847
3599 847
3600 847
3601 514
3602 827
3603 853
3604 827
3605 806
3606 853
3607 514
3608 3694
3609 3695
3610 1822
3611 1600
3612 4763
3613 4746
3614 4746
3615 4746
3616 4746
3617 4710
3618 4710
3619 4940
3620 4724
3621 4940
3622 4746
3623 4746
3624 4746
3625 4746
3626 4710
3627 4710
3628 4672
3629 4672
3630 3695
3631 831
3632 946
3633 4746
3634 4745
3635 4724
3636 847
3637 514
3638 514
3639 514
3640 4745
3641 4940
3642 4763
3643 4763
3644 4710
3645 4710
3646 4710
3647 4746
3648 2013
3649 2013
3650 2235
3651 1594
3652 1639
3653 1502
3654 1580
3655 946
3656 952
3657 831
3658 831
3659 952
3660 3751
3661 3751
3662 4746
3663 385
3664 4746
3665 4710
3666 831
3667 831
3668 1628
3669 1916
3670 1527
3671 946
3672 1222
3673 1275
3674 1245
3675 1337
3676 1102
3677 1337
3678 1275
3679 1102
3680 1092
3681 1602
3682 4746
3683 4746
3684 4710
3685 1131
3686 1639
3687 1544
3688 1697
3689 1724
3690 4746
3691 4746
3692 4746
3693 871
3694 1593
3695 2121
3696 1275
3697 4746
3698 4746
3699 1727
3700 1626
3701 1173
3702 943
3703 1411
3704 1033
3705 1945
3706 3751
3707 3880
3708 4672
3709 4746
3710 4746
3711 4746
3712 4746
3713 4672
3714 2990
3715 2716
3716 2309
3717 1845
3718 801
3719 801
3720 830
3721 831
3722 1145
3723 1580
3724 1198
3725 1144
3726 1089
3727 1697
3728 1040
3729 1595
3730 1580
3731 4710
3732 830
3733 4746
3734 4672
3735 1356
3736 4746
3737 4746
3738 1166
3739 1322
3740 1675
3741 4710
3742 830
3743 830
3744 4672
3745 1131
3746 2451
3747 1464
3748 1986
3749 1334
3750 1910
3751 1275
3752 1152
3753 4672
3754 1829
3755 432
3756 1766
3757 2681
3758 1418
3759 2030
3760 801
3761 1945
3762 814
3763 814
3764 4710
3765 4746
3766 1856
3767 1831
3768 4940
3769 4940
3770 847
3771 847
3772 514
3773 1722
3774 1144
3775 1409
3776 3695
3777 1639
3778 1731
3779 946
3780 1753
3781 865
3782 1681
3783 1878
3784 1188
3785 1033
3786 851
3787 1275
3788 1337
3789 1337
3790 870
3791 1102
3792 1102
3793 1144
3794 1093
3795 857
3796 1104
3797 1144
3798 1144
3799 1030
3800 926
3801 1457
3802 1679
3803 1314
3804 4763
3805 4746
3806 4763
3807 4755
3808 4763
3809 4906
3810 4795
3811 4679
3812 4679
3813 4710
3814 4755
3815 4065
3816 4065
3817 847
3818 514
3819 3922
3820 847
3821 847
3822 847
3823 847
3824 3718
3825 4940
3826 830
3827 830
3828 4710
3829 4710
3830 4672
3831 801
3832 830
3833 4710
3834 4710
3835 4755
3836 1501
3837 2043
3838 1983
3839 1789
3840 1723
3841 1435
3842 946
3843 831
3844 1177
3845 1356
3846 1409
3847 814
3848 4672
3849 1544
3850 1596
3851 1459
3852 2017
3853 830
3854 4724
3855 1722
3856 1102
3857 1245
3858 1102
3859 1269
3860 1373
3861 1092
3862 1116
3863 1855
3864 4672
3865 1861
3866 1381
3867 384
3868 1846
3869 1734
3870 830
3871 831
3872 831
3873 801
3874 1222
3875 3694
3876 4710
3877 2267
3878 1576
3879 1189
3880 2304
3881 1459
3882 1306
3883 1306
3884 1306
3885 1306
3886 384
3887 1288
3888 1630
3889 4940
3890 4724
3891 1299
3892 1259
3893 512
3894 1681
3895 1766
3896 3751
3897 4746
3898 4710
3899 1457
3900 1314
3901 1438
3902 1356
3903 4672
3904 4752
3905 1174
3906 2304
3907 1263
3908 1838
3909 1625
3910 707
3911 1306
3912 484
3913 1704
3914 4710
3915 943
3916 1306
3917 1299
3918 1102
3919 1102
3920 1102
3921 1198
3922 431
3923 1704
3924 1095
3925 4746
3926 1418
3927 1418
3928 1198
3929 280
3930 514
3931 1855
3932 4940
3933 4940
3934 4746
3935 1152
3936 1462
3937 4206
3938 1768
3939 1323
3940 1433
3941 1637
3942 4929
3943 4067
3944 3731
3945 3225
3946 4323
3947 1269
3948 1144
3949 946
3950 514
3951 853
3952 853
3953 853
3954 4940
3955 4795
3956 4795
3957 4795
3958 4065
3959 847
3960 847
3961 847
3962 847
3963 847
3964 4795
3965 4065
3966 847
3967 514
3968 847
3969 847
3970 847
3971 847
3972 847
3973 847
3974 847
3975 847
3976 4065
3977 4795
3978 4679
3979 4763
3980 280
3981 1262
3982 1245
3983 1196
3984 1196
3985 3694
3986 514
3987 514
3988 514
3989 828
3990 514
3991 847
3992 514
3993 847
3994 4724
3995 4724
3996 514
3997 514
3998 1459
3999 1381
4000 1447
4001 1446
4002 1102
4003 1681
4004 514
4005 514
4006 514
4007 514
4008 514
4009 514
4010 806
4011 853
4012 853
4013 853
4014 853
4015 806
4016 1595
4017 1593
4018 831
4019 1373
4020 4672
4021 4710
4022 514
4023 806
4024 806
4025 853
4026 806
4027 514
4028 853
4029 853
4030 806
4031 806
4032 514
4033 853
4034 1418
4035 1263
4036 847
4037 1544
4038 1679
4039 1144
4040 1144
4041 1681
4042 3695
4043 4752
4044 1103
4045 1704
4046 1198
4047 1602
4048 813
4049 806
4050 806
4051 1322
4052 1334
4053 1198
4054 1116
4055 813
4056 514
4057 1314
4058 707
4059 1518
4060 514
4061 1151
4062 1288
4063 1411
4064 1033
4065 3880
4066 4710
4067 4710
4068 4710
4069 4724
4070 514
4071 514
4072 847
4073 880
4074 880
4075 801
4076 1094
4077 1067
4078 814
4079 3751
4080 1166
4081 1602
4082 1288
4083 1322
4084 1306
4085 1418
4086 1183
4087 4724
4088 3703
4089 830
4090 1146
4091 1196
4092 1196
4093 1196
4094 1095
4095 1054
4096 1687
4097 1704
4098 1501
4099 4710
4100 853
4101 806
4102 853
4103 853
4104 1347
4105 1288
4106 1447
4107 707
4108 952
4109 831
4110 1569
4111 1373
4112 1322
4113 1094
4114 1073
4115 4207
4116 946
4117 1166
4118 1166
4119 1067
4120 431
4121 3703
4122 926
4123 1583
4124 1066
4125 1373
4126 831
4127 814
4128 1602
4129 1704
4130 4752
4131 4752
4132 4755
4133 4752
4134 1501
4135 1501
4136 1518
4137 1569
4138 1131
4139 847
4140 1177
4141 1189
4142 1360
4143 1501
4144 830
4145 801
4146 946
4147 801
4148 4710
4149 853
4150 845
4151 802
4152 900
4153 801
4154 831
4155 853
4156 813
4157 946
4158 4752
4159 845
4160 853
4161 853
4162 853
4163 514
4164 3718
4165 4904
4166 1407
4167 900
4168 4752
4169 4679
4170 4710
4171 4679
4172 1463
4173 845
4174 1414
4175 384
4176 1630
4177 1480
4178 1637
4179 4460
4180 1837
4181 1630
4182 4399
4183 1579
4184 1579
4185 4325
4186 3731
4187 4390
4188 4072
4189 4520
4190 4557
4191 4604
4192 4512
4193 4511
4194 1837
4195 431
4196 1264
4197 4755
4198 514
4199 514
4200 4323
4201 1437
4202 927
4203 830
4204 4755
4205 853
4206 853
4207 857
4208 853
4209 514
4210 847
4211 847
4212 4904
4213 4065
4214 3922
4215 847
4216 1480
4217 806
4218 514
4219 4679
4220 806
4221 4904
4222 3922
4223 3922
4224 1360
4225 1323
4226 1463
4227 1308
4228 847
4229 1323
4230 4367
4231 4010
4232 4368
4233 1266
4234 1433
4235 1373
4236 1436
4237 4324
4238 1437
4239 4323
4240 4421
4241 4755
4242 514
4243 847
4244 3992
4245 1559
4246 514
4247 1518
4248 1630
4249 4679
4250 514
4251 847
4252 847
4253 514
4254 4679
4255 1308
4256 4325
4257 847
4258 1437
4259 1644
4260 1480
4261 4065
4262 847
4263 3922
4264 847
4265 1433
4266 1265
4267 4412
4268 4324
4269 4161
4270 1436
4271 1264
4272 3992
4273 1579
4274 1591
4275 4031
4276 4004
4277 4444
4278 3089
4279 4004
4280 4929
4281 4377
4282 4415
4283 1308
4284 1887
4285 1308
4286 4906
4287 1637
4288 4325
4289 847
4290 847
4291 847
4292 847
4293 847
4294 847
4295 847
4296 847
4297 1307
4298 847
4299 847
4300 4065
4301 4795
4302 1308
4303 847
4304 847
4305 847
4306 847
4307 1637
4308 1265
4309 4010
4310 1480
4311 1637
4312 4399
4313 4325
4314 4251
4315 1266
4316 4400
4317 4250
4318 4017
4319 4937
4320 4937
4321 1154
4322 4937
4323 4325
4324 1591
4325 3663
4326 4939
4327 3731
4328 4444
4329 4004
4330 1579
4331 4038
4332 4325
4333 1637
4334 1430
4335 1591
4336 4011
4337 4352
4338 3663
4339 4377
4340 1579
4341 4929
4342 4004
4343 3967
4344 4381
4345 4415
4346 4264
4347 4385
4348 4385
4349 4466
4350 4288
4351 3958
4352 4466
4353 4513
4354 1268
4355 1267
4356 1268
4357 1631
4358 1562
4359 1812
4360 1428
4361 1397
4362 1422
4363 1413
4364 4945
4365 4945
4366 4945
4367 4739
4368 3040
4369 3040
4370 4945
4371 989
4372 1716
4373 1503
4374 1228
4375 1503
4376 1430
4377 1430
4378 3661
4379 4456
4380 4465
4381 4525
4382 4643
4383 4504
4384 4643
4385 4504
4386 4630
4387 4419
4388 4565
4389 1591
4390 4429
4391 4009
4392 4390
4393 4929
4394 4929
4395 1430
4396 1430
4397 1430
4398 4465
4399 4465
4400 4506
4401 4377
4402 4929
4403 3087
4404 4288
4405 4288
4406 3958
4407 3958
4408 3972
4409 4416
4410 4415
4411 4929
4412 4415
4413 3957
4414 4415
4415 4415
4416 4929
4417 4011
4418 4009
4419 4003
4420 4287
4421 1430
4422 1430
4423 4929
4424 1514
4425 3731
4426 4929
4427 4377
4428 3972
4429 3089
4430 4565
4431 4390
4432 4497
4433 4929
4434 4288
4435 4929
4436 4929
4437 4939
4438 4497
4439 4455
4440 3972
4441 4452
4442 4497
4443 1514
4444 1562
4445 1631
4446 1515
4447 1086
4448 1086
4449 1233
4450 1191
4451 1191
4452 1503
4453 1716
4454 989
4455 4677
4456 4945
4457 1503
4458 1233
4459 1386
4460 1385
4461 1191
4462 1085
4463 1398
4464 1428
4465 1428
4466 4510
4467 4076
4468 4264
4469 1421
4470 3731
4471 4929
4472 4385
4473 4072
4474 4935
4475 1158
4476 4384
4477 4497
4478 4455
4479 4467
4480 1267
4481 4517
4482 4285
4483 4285
4484 4264
4485 4415
4486 4416
4487 4384
4488 1494
4489 1514
4490 4470
4491 4467
4492 4526
4493 1672
4494 4416
4495 1497
4496 4431
4497 4510
4498 4466
4499 1494
4500 4497
4501 3958
4502 1208
4503 1211
4504 1075
4505 1075
4506 4739
4507 4739
4508 4677
4509 1233
4510 1191
4511 4945
4512 4739
4513 1191
4514 1191
4515 1085
4516 1385
4517 1716
4518 4739
4519 3040
4520 3040
4521 4945
4522 1716
4523 989
4524 1186
4525 4384
4526 4497
4527 1075
4528 3040
4529 3040
4530 1170
4531 3040
4532 1075
4533 1191
4534 4338
4535 1513
4536 1170
4537 1170
4538 1170
4539 1170
4540 1513
4541 4418
4542 4074
4543 4565
4544 1170
4545 1075
4546 1170
4547 3040
4548 1170
4549 3040
4550 4264
4551 4449
4552 4520
4553 1514
4554 3661
4555 4945
4556 1075
4557 4525
4558 989
4559 1075
4560 3040
4561 4525
4562 1267
4563 1716
4564 3972
4565 1716
4566 3040
4567 3040
4568 1191
4569 1186
4570 1186
4571 1233
4572 1191
4573 1191
4574 1385
4575 1211
4576 4525
4577 4565
4578 1716
4579 4739
4580 989
4581 4525
4582 1170
4583 1268
4584 1191
4585 4512
4586 1541
4587 4463
4588 4468
4589 1503
4590 4449
4591 1091
4592 4665
4593 1385
4594 1085
4595 4467
4596 1385
4597 4338
4598 4521
4599 1075
4600 1211
4601 4603
4602 4504
4603 1631
4604 1075
4605 1503
4606 1545
4607 1186
4608 1398
4609 1086
4610 1425
4611 1631
4612 1497
4613 4604
4614 4520
4615 1385
4616 4604
4617 4603
4618 1075
4619 4419
4620 4525
4621 1493
4622 1542
4623 1425
4624 1428
4625 1075
4626 4604
4627 1086
4628 1508
4629 989
4630 1547
4631 4604
4632 4603
4633 4677
4634 4739
4635 1513
4636 1812
4637 1186
4638 1086
4639 1461
4640 1398
4641 1422
4642 1426
4643 1631
4644 1075
4645 1075
4646 1075
4647 4677
4648 1192
4649 1513
4650 1523
4651 4512
4652 4529
4653 1086
4654 1398
4655 1558
4656 4340
4657 1233
4658 1398
4659 1428
4660 4677
4661 4643
4662 4596
4663 4504
4664 4504
4665 4340
4666 4340
4667 4945
4668 1503
4669 1716
4670 1413
4671 1413
4672 1483
4673 1084
4674 1394
4675 1413
4676 429
4677 1483
4678 1483
4679 1084
4680 1084
4681 4739
4682 1547
4683 4643
4684 1233
4685 1508
4686 1706
4687 1483
4688 1398
4689 4512
4690 1428
4691 1496
4692 4604
4693 4602
4694 4739
4695 4739
4696 4945
4697 4945
4698 4677
4699 1413
4700 429
4701 1413
4702 1413
4703 4945
4704 1380
4705 1460
4706 1427
4707 4677
4708 4665
4709 1413
4710 4665
4711 1508
4712 1398
4713 1517
4714 4512
4715 4596
4716 4512
4717 4511
4718 4945
4719 4658
4720 1413
4721 429
4722 1706
4723 1461
4724 1460
4725 428
4726 1493
4727 1541
4728 1396
4729 1483
4730 4511
4731 4529
4732 428
4733 1396
4734 1561
4735 4677
4736 4945
4737 4739
4738 989
4739 1428
4740 1396
4741 4559
4742 4945
4743 1517
4744 1541
4745 4512
4746 4665
4747 4665
4748 1413
4749 1541
4750 1508
4751 1541
4752 4475
4753 1396
4754 1561
4755 1426
4756 1428
4757 1517
4758 1517
4759 429
4760 1413
4761 1413
4762 1557
4763 1413
4764 1413
4765 1612
4766 4665
4767 1397
4768 4665
4769 1622
4770 1496
4771 1086
4772 1461
4773 1394
4774 1426
4775 1396
4776 1396
4777 1396
4778 4723
4779 4722
4780 186
4781 4722
4782 4722
4783 4722
4784 109
4785 4723
4786 4722
4787 4722
4788 4722
4789 4723
4790 6
4791 59
4792 0
4793 0
4794 0
4795 3933
4796 602
4797 719
4798 702
4799 702
4800 632
4801 632
4802 1254
4803 4117
4804 4117
4805 632
4806 632
4807 632
4808 754
4809 653
4810 4447
4811 4442
4812 4894
4813 754
4814 3932
4815 3938
4816 653
4817 632
4818 756
4819 4083
4820 754
4821 4117
4822 632
4823 4310
4824 4310
4825 4134
4826 632
4827 4083
4828 4115
4829 4393
4830 3721
4831 756
4832 653
4833 602
4834 756
4835 1225
4836 1111
4837 3931
4838 702
4839 632
4840 4443
4841 3721
4842 4443
4843 4310
4844 3933
4845 702
4846 719
4847 3933
4848 632
4849 1206
4850 1206
4851 632
4852 4092
4853 632
4854 559
4855 1852
4856 1852
4857 1853
4858 922
4859 560
4860 2204
4861 2204
4862 2204
4863 906
4864 960
4865 907
4866 906
4867 960
4868 4851
4869 663
4870 769
4871 922
4872 2952
4873 2912
4874 3270
4875 2101
4876 2851
4877 2332
4878 2332
4879 2332
4880 2334
4881 3270
4882 3366
4883 2476
4884 1690
4885 1616
4886 1586
4887 2500
4888 3344
4889 2500
4890 1684
4891 436
4892 3395
4893 3635
4894 2347
4895 2347
4896 2698
4897 2467
4898 2133
4899 2199
4900 2522
4901 2417
4902 514
4903 806
4904 4724
4905 847
4906 847
4907 4746
4908 4795
4909 4763
4910 4940
4911 4795
4912 514
4913 514
4914 4763
4915 847
4916 514
4917 4724
4918 1630
4919 1687
4920 1837
4921 1308
4922 1306
4923 1462
4924 514
4925 4677
4926 3040
4927 1170
4928 1170
4929 1631
4930 1075
4931 1170
4932 1186
4933 1508
4934 1812
4935 1425
4936 1425
4937 989
4938 1191
4939 4739
4940 3040
4941 3040
4942 1170
4943 3040
4944 3040
4945 3040
4946 4710
4947 4119
4948 4083
4949 4083
4950 4099
4951 4360
4952 2669
4953 2818
4954 3889
4955 3789
4956 3273
4957 3075
4958 3789
4959 3789
4960 2669
4961 2660
4962 3273
4963 2497
4964 436
4965 2497
4966 2497
4967 2891
4968 2870
4969 3273
4970 2256
4971 2347
4972 3075
4973 2890
4974 3075
4975 3273
4976 2657
4977 436
4978 3360
4979 2674
4980 2766
4981 2497
4982 2870
4983 3317
4984 3667
4985 3963
4986 3433
4987 3963
4988 3667
4989 3616
4990 3667
4991 2597
4992 3306
4993 3306
4994 2788
4995 2691
4996 3182
4997 4195
4998 3779
4999 3779
5000 2541
5001 2541
5002 2788
5003 3779
5004 3433
