0 110
1 48
2 106
3 106
4 358
5 399
6 7
7 326
8 333
9 8
10 145
11 333
12 333
13 120
14 119
15 437
16 435
17 437
18 437
19 437
20 437
21 120
22 120
23 120
24 120
25 116
26 36
27 192
28 192
29 192
30 38
31 38
32 192
33 192
34 38
35 192
36 192
37 192
38 192
39 38
40 38
41 120
42 66
43 120
44 116
45 244
46 66
47 150
48 299
49 301
50 230
51 399
52 4814
53 158
54 158
55 92
56 106
57 128
58 116
59 38
60 4808
61 437
62 437
63 437
64 437
65 4808
66 4808
67 4808
68 437
69 437
70 437
71 437
72 437
73 437
74 437
75 437
76 110
77 64
78 4808
79 98
80 36
81 128
82 66
83 192
84 4808
85 435
86 148
87 12
88 53
89 158
90 98
91 116
92 116
93 2190
94 2190
95 2190
96 2190
97 2190
98 116
99 116
100 120
101 128
102 98
103 116
104 244
105 4808
106 120
107 116
108 116
109 2190
110 38
111 2190
112 2190
113 2190
114 64
115 120
116 116
117 98
118 116
119 244
120 2190
121 2190
122 116
123 64
124 92
125 92
126 326
127 195
128 152
129 235
130 153
131 135
132 345
133 448
134 448
135 361
136 300
137 229
138 232
139 326
140 116
141 244
142 64
143 92
144 158
145 157
146 2190
147 98
148 128
149 53
150 110
151 116
152 36
153 33
154 38
155 38
156 192
157 192
158 192
159 192
160 38
161 38
162 38
163 4808
164 4808
165 437
166 437
167 4808
168 4808
169 38
170 38
171 427
172 48
173 49
174 48
175 106
176 116
177 244
178 117
179 33
180 192
181 192
182 53
183 319
184 157
185 301
186 326
187 232
188 232
189 235
190 153
191 357
192 357
193 233
194 235
195 94
196 235
197 94
198 240
199 406
200 636
201 614
202 527
203 636
204 454
205 220
206 220
207 94
208 220
209 419
210 92
211 92
212 326
213 235
214 247
215 285
216 235
217 116
218 116
219 36
220 33
221 158
222 128
223 156
224 158
225 157
226 244
227 157
228 326
229 158
230 244
231 192
232 244
233 98
234 106
235 66
236 244
237 33
238 38
239 301
240 157
241 326
242 397
243 7
244 2190
245 110
246 158
247 92
248 93
249 326
250 183
251 335
252 254
253 9
254 93
255 2190
256 2190
257 244
258 165
259 33
260 326
261 157
262 2190
263 48
264 295
265 435
266 92
267 326
268 4808
269 192
270 4808
271 2190
272 2190
273 323
274 117
275 2190
276 2190
277 2180
278 12
279 5
280 4808
281 326
282 347
283 235
284 64
285 94
286 183
287 183
288 183
289 437
290 4808
291 4808
292 4808
293 316
294 4808
295 326
296 53
297 92
298 399
299 399
300 328
301 38
302 33
303 92
304 299
305 326
306 357
307 158
308 38
309 38
310 38
311 38
312 192
313 38
314 192
315 38
316 192
317 437
318 437
319 437
320 437
321 437
322 437
323 251
324 64
325 326
326 92
327 328
328 94
329 183
330 4808
331 282
332 152
333 4808
334 38
335 4814
336 4814
337 157
338 235
339 435
340 435
341 435
342 435
343 38
344 106
345 94
346 235
347 150
348 152
349 152
350 435
351 435
352 437
353 437
354 435
355 399
356 437
357 437
358 399
359 58
360 399
361 38
362 4808
363 192
364 59
365 153
366 285
367 221
368 440
369 625
370 211
371 1313
372 540
373 1828
374 2668
375 2220
376 3120
377 3437
378 3383
379 824
380 2310
381 3108
382 370
383 1855
384 2669
385 437
386 82
387 323
388 134
389 192
390 192
391 399
392 240
393 8
394 333
395 240
396 454
397 513
398 391
399 204
400 220
401 504
402 328
403 92
404 4814
405 435
406 435
407 437
408 437
409 2190
410 302
411 153
412 7
413 437
414 192
415 4808
416 437
417 253
418 435
419 319
420 196
421 57
422 437
423 300
424 299
425 134
426 357
427 4808
428 308
429 437
430 435
431 437
432 302
433 307
434 437
435 437
436 437
437 300
438 58
439 437
440 435
441 437
442 437
443 4808
444 437
445 437
446 437
447 437
448 243
449 506
450 229
451 136
452 362
453 529
454 523
455 94
456 299
457 445
458 289
459 266
460 134
461 136
462 219
463 94
464 94
465 235
466 333
467 220
468 296
469 196
470 344
471 134
472 302
473 9
474 147
475 235
476 286
477 300
478 136
479 419
480 636
481 441
482 739
483 701
484 442
485 466
486 1404
487 1627
488 1797
489 1912
490 1790
491 3562
492 1592
493 1433
494 2320
495 1880
496 473
497 1876
498 3760
499 3422
500 3923
501 3422
502 4160
503 3012
504 4175
505 2970
506 2044
507 2970
508 2862
509 3272
510 2541
511 486
512 1639
513 3129
514 1707
515 1702
516 1586
517 1556
518 1612
519 492
520 492
521 1934
522 1965
523 2907
524 1830
525 2925
526 2998
527 2893
528 2831
529 1380
530 308
531 338
532 59
533 232
534 235
535 219
536 134
537 134
538 232
539 416
540 235
541 153
542 94
543 145
544 235
545 307
546 8
547 285
548 454
549 636
550 506
551 204
552 509
553 221
554 136
555 235
556 285
557 235
558 94
559 134
560 219
561 271
562 413
563 203
564 214
565 456
566 235
567 235
568 285
569 136
570 406
571 145
572 219
573 290
574 136
575 413
576 219
577 271
578 136
579 145
580 333
581 506
582 391
583 514
584 510
585 625
586 664
587 235
588 725
589 725
590 725
591 725
592 725
593 4557
594 725
595 725
596 725
597 725
598 725
599 725
600 725
601 725
602 725
603 725
604 725
605 725
606 725
607 725
608 725
609 725
610 725
611 725
612 649
613 649
614 4840
615 1059
616 778
617 1124
618 1250
619 1193
620 4965
621 1041
622 1041
623 1134
624 1351
625 1149
626 1440
627 1693
628 1440
629 1153
630 1169
631 1148
632 1474
633 1502
634 1010
635 1440
636 725
637 725
638 725
639 725
640 725
641 725
642 725
643 725
644 725
645 725
646 4959
647 4557
648 4959
649 725
650 4959
651 4580
652 4580
653 4580
654 4959
655 4959
656 4959
657 4959
658 4959
659 4959
660 235
661 219
662 94
663 134
664 219
665 134
666 288
667 725
668 725
669 725
670 725
671 654
672 725
673 737
674 758
675 750
676 778
677 746
678 725
679 725
680 725
681 4954
682 4954
683 4954
684 4595
685 840
686 1024
687 725
688 649
689 649
690 649
691 649
692 543
693 4854
694 984
695 4967
696 4966
697 1134
698 1385
699 1476
700 137
701 217
702 256
703 363
704 674
705 602
706 602
707 725
708 4557
709 4557
710 4959
711 725
712 725
713 452
714 4557
715 725
716 725
717 725
718 413
719 4557
720 4959
721 513
722 725
723 649
724 685
725 542
726 4844
727 725
728 649
729 683
730 649
731 649
732 649
733 419
734 454
735 624
736 212
737 725
738 4959
739 725
740 725
741 725
742 725
743 725
744 725
745 4562
746 4562
747 4562
748 4959
749 4959
750 4959
751 4959
752 705
753 705
754 649
755 4826
756 4842
757 444
758 145
759 649
760 705
761 685
762 549
763 542
764 4854
765 4854
766 975
767 597
768 4851
769 1219
770 725
771 4557
772 4557
773 4580
774 4959
775 4562
776 4959
777 4959
778 4428
779 4429
780 4429
781 4429
782 4429
783 4429
784 4593
785 145
786 362
787 550
788 4959
789 4959
790 4959
791 419
792 503
793 144
794 763
795 217
796 580
797 653
798 614
799 658
800 203
801 4842
802 257
803 527
804 660
805 638
806 4967
807 454
808 4959
809 570
810 523
811 581
812 523
813 598
814 4959
815 4959
816 4959
817 4580
818 4593
819 4580
820 4580
821 4580
822 4593
823 4429
824 4429
825 4429
826 362
827 614
828 535
829 733
830 733
831 449
832 4959
833 1059
834 1228
835 1228
836 523
837 510
838 694
839 1456
840 4959
841 4959
842 4580
843 217
844 4723
845 4580
846 4580
847 4580
848 636
849 4580
850 4580
851 4580
852 4426
853 4959
854 4562
855 363
856 4580
857 4580
858 4756
859 562
860 1020
861 1168
862 362
863 527
864 530
865 738
866 510
867 4593
868 4429
869 4593
870 4593
871 4429
872 4954
873 4951
874 636
875 531
876 4959
877 636
878 4965
879 4965
880 4959
881 4593
882 4426
883 510
884 527
885 796
886 4966
887 1212
888 4593
889 4710
890 4717
891 514
892 664
893 4965
894 4531
895 4426
896 4756
897 746
898 4723
899 4723
900 778
901 790
902 4769
903 4429
904 4593
905 217
906 4965
907 1214
908 4426
909 531
910 739
911 442
912 800
913 773
914 442
915 733
916 531
917 738
918 535
919 442
920 1258
921 1178
922 614
923 459
924 4965
925 581
926 527
927 738
928 738
929 1244
930 1244
931 4429
932 4429
933 4429
934 4429
935 4429
936 4426
937 1041
938 1041
939 1214
940 4429
941 996
942 1385
943 4428
944 4428
945 510
946 738
947 535
948 614
949 663
950 210
951 718
952 1298
953 1284
954 557
955 625
956 696
957 394
958 794
959 713
960 1249
961 1249
962 1249
963 1249
964 1013
965 770
966 767
967 2017
968 1430
969 1665
970 1562
971 2274
972 2053
973 1933
974 2133
975 999
976 1032
977 2427
978 4429
979 1031
980 998
981 1213
982 1134
983 1351
984 1213
985 1244
986 4428
987 996
988 1693
989 1787
990 1151
991 1150
992 1541
993 905
994 1541
995 1824
996 1112
997 1541
998 1541
999 4803
1000 1541
1001 1541
1002 877
1003 1825
1004 4585
1005 4619
1006 1904
1007 1870
1008 1865
1009 2392
1010 1966
1011 1382
1012 1966
1013 1542
1014 1579
1015 1369
1016 1020
1017 906
1018 1440
1019 1440
1020 1473
1021 1112
1022 1541
1023 1541
1024 902
1025 1541
1026 1541
1027 902
1028 1693
1029 1151
1030 1153
1031 977
1032 906
1033 1440
1034 1658
1035 1541
1036 1541
1037 1693
1038 1149
1039 945
1040 945
1041 1693
1042 1693
1043 1693
1044 1298
1045 854
1046 557
1047 614
1048 877
1049 877
1050 4803
1051 4752
1052 4652
1053 1972
1054 4693
1055 4538
1056 878
1057 1957
1058 1827
1059 1957
1060 1251
1061 1233
1062 1781
1063 1159
1064 1233
1065 4672
1066 1251
1067 1251
1068 1473
1069 1473
1070 1351
1071 1134
1072 1244
1073 530
1074 1369
1075 4742
1076 4641
1077 4781
1078 4619
1079 4508
1080 4498
1081 657
1082 902
1083 715
1084 716
1085 1004
1086 1008
1087 1473
1088 566
1089 1473
1090 1134
1091 4426
1092 4426
1093 750
1094 643
1095 4426
1096 4426
1097 4756
1098 4426
1099 4426
1100 4428
1101 4593
1102 4428
1103 4426
1104 4959
1105 725
1106 527
1107 4801
1108 4499
1109 143
1110 663
1111 141
1112 677
1113 442
1114 998
1115 567
1116 906
1117 1210
1118 1541
1119 625
1120 4723
1121 1004
1122 895
1123 4717
1124 4684
1125 4684
1126 1220
1127 566
1128 906
1129 663
1130 1541
1131 746
1132 1541
1133 1824
1134 1541
1135 1473
1136 1440
1137 945
1138 1152
1139 1476
1140 1385
1141 1385
1142 1281
1143 1151
1144 1787
1145 663
1146 1285
1147 1169
1148 1213
1149 4426
1150 4426
1151 4756
1152 4426
1153 4426
1154 4756
1155 746
1156 1004
1157 4488
1158 1004
1159 895
1160 840
1161 717
1162 835
1163 757
1164 1972
1165 4487
1166 4657
1167 1658
1168 750
1169 4717
1170 4775
1171 4655
1172 4778
1173 4697
1174 4728
1175 4684
1176 1369
1177 895
1178 1440
1179 1169
1180 4426
1181 4501
1182 4753
1183 1061
1184 1251
1185 1230
1186 1956
1187 1620
1188 1348
1189 1316
1190 1316
1191 1254
1192 882
1193 2292
1194 1887
1195 2104
1196 880
1197 3011
1198 3513
1199 4190
1200 3309
1201 2007
1202 3309
1203 2292
1204 3463
1205 3463
1206 3309
1207 4236
1208 3931
1209 2292
1210 1769
1211 3695
1212 3504
1213 1864
1214 977
1215 877
1216 945
1217 1693
1218 1541
1219 4752
1220 1299
1221 1219
1222 895
1223 895
1224 895
1225 4062
1226 2940
1227 1703
1228 2368
1229 1194
1230 1220
1231 1168
1232 717
1233 1213
1234 717
1235 1041
1236 1041
1237 4960
1238 877
1239 877
1240 530
1241 1019
1242 1473
1243 1658
1244 1440
1245 1440
1246 4958
1247 4755
1248 4748
1249 4804
1250 3670
1251 1703
1252 1194
1253 4581
1254 1620
1255 2107
1256 1830
1257 1988
1258 1864
1259 1019
1260 1152
1261 1825
1262 4775
1263 4755
1264 4797
1265 4674
1266 4748
1267 530
1268 1129
1269 1716
1270 1437
1271 1684
1272 2149
1273 1491
1274 1620
1275 1620
1276 3780
1277 1230
1278 1620
1279 1620
1280 1530
1281 4501
1282 1168
1283 602
1284 877
1285 1473
1286 1298
1287 4804
1288 1361
1289 1194
1290 2315
1291 566
1292 1130
1293 757
1294 717
1295 905
1296 718
1297 854
1298 4581
1299 906
1300 1392
1301 4804
1302 1566
1303 4728
1304 1644
1305 1252
1306 757
1307 905
1308 1956
1309 1152
1310 4735
1311 1730
1312 1344
1313 1781
1314 836
1315 1111
1316 4641
1317 1609
1318 738
1319 1688
1320 625
1321 1284
1322 878
1323 1149
1324 738
1325 807
1326 1465
1327 696
1328 4621
1329 1230
1330 530
1331 535
1332 614
1333 4744
1334 1361
1335 1955
1336 1955
1337 757
1338 1129
1339 211
1340 1300
1341 1794
1342 1857
1343 1270
1344 2709
1345 4168
1346 4405
1347 4405
1348 4398
1349 3960
1350 4509
1351 4472
1352 1385
1353 1298
1354 1644
1355 906
1356 4638
1357 1285
1358 717
1359 1133
1360 1194
1361 2284
1362 530
1363 4684
1364 877
1365 4684
1366 567
1367 1112
1368 1703
1369 462
1370 212
1371 706
1372 1299
1373 4857
1374 945
1375 920
1376 1541
1377 1473
1378 4697
1379 1055
1380 209
1381 516
1382 1301
1383 209
1384 1153
1385 1316
1386 1183
1387 1885
1388 1955
1389 1132
1390 2315
1391 4657
1392 4585
1393 1955
1394 996
1395 835
1396 1909
1397 3504
1398 1061
1399 1315
1400 1254
1401 614
1402 2151
1403 1149
1404 4657
1405 4638
1406 1827
1407 1988
1408 1956
1409 996
1410 1213
1411 4623
1412 4674
1413 4674
1414 4728
1415 1316
1416 4744
1417 492
1418 1372
1419 3792
1420 1373
1421 1546
1422 1183
1423 2795
1424 3136
1425 492
1426 906
1427 1827
1428 757
1429 1008
1430 716
1431 1008
1432 836
1433 757
1434 1008
1435 1008
1436 1229
1437 1351
1438 563
1439 905
1440 998
1441 1298
1442 1168
1443 1284
1444 1693
1445 1351
1446 2107
1447 209
1448 465
1449 924
1450 1741
1451 1630
1452 1407
1453 1745
1454 1915
1455 757
1456 717
1457 717
1458 2107
1459 1169
1460 1152
1461 1749
1462 4619
1463 4619
1464 1020
1465 1527
1466 988
1467 1256
1468 1732
1469 1936
1470 1755
1471 1550
1472 774
1473 1013
1474 733
1475 1503
1476 1449
1477 1662
1478 1958
1479 1790
1480 2586
1481 2907
1482 1435
1483 717
1484 1658
1485 1041
1486 1316
1487 1934
1488 4960
1489 1422
1490 1549
1491 1929
1492 1423
1493 1528
1494 1133
1495 1133
1496 1133
1497 1041
1498 1041
1499 1008
1500 1041
1501 1244
1502 1503
1503 4860
1504 1149
1505 877
1506 4744
1507 492
1508 2701
1509 1153
1510 1452
1511 1467
1512 1468
1513 2710
1514 2151
1515 4696
1516 1565
1517 1502
1518 898
1519 1527
1520 4585
1521 4508
1522 4585
1523 4960
1524 1421
1525 1402
1526 1541
1527 1541
1528 4748
1529 4735
1530 4798
1531 4798
1532 888
1533 1522
1534 988
1535 765
1536 2512
1537 4585
1538 1129
1539 1585
1540 1859
1541 1693
1542 4804
1543 1506
1544 4697
1545 738
1546 535
1547 442
1548 1177
1549 1258
1550 442
1551 442
1552 733
1553 764
1554 4804
1555 2512
1556 1760
1557 1629
1558 1299
1559 945
1560 738
1561 733
1562 2512
1563 1557
1564 1177
1565 1505
1566 1440
1567 1541
1568 1541
1569 1316
1570 1316
1571 1901
1572 1349
1573 2512
1574 1076
1575 1256
1576 442
1577 2930
1578 800
1579 765
1580 493
1581 1577
1582 1625
1583 1746
1584 2908
1585 392
1586 525
1587 539
1588 1165
1589 1473
1590 1299
1591 1539
1592 1258
1593 2512
1594 1824
1595 1541
1596 733
1597 688
1598 765
1599 1548
1600 1872
1601 1514
1602 1061
1603 4792
1604 1579
1605 208
1606 511
1607 1209
1608 1505
1609 2908
1610 1674
1611 1697
1612 1672
1613 1593
1614 1591
1615 1711
1616 1992
1617 1631
1618 1626
1619 1529
1620 1972
1621 1972
1622 4656
1623 4658
1624 2009
1625 898
1626 1259
1627 1473
1628 1972
1629 1585
1630 1909
1631 1437
1632 1256
1633 663
1634 1922
1635 1880
1636 2118
1637 1344
1638 1756
1639 2049
1640 2002
1641 2912
1642 2165
1643 3536
1644 2542
1645 3413
1646 2989
1647 2790
1648 1981
1649 3089
1650 2523
1651 3128
1652 2594
1653 1741
1654 1585
1655 4139
1656 4857
1657 1576
1658 1178
1659 443
1660 1846
1661 1249
1662 1846
1663 1013
1664 1520
1665 1550
1666 1922
1667 1735
1668 473
1669 566
1670 1827
1671 1934
1672 664
1673 1348
1674 511
1675 603
1676 1584
1677 1979
1678 1672
1679 1744
1680 1692
1681 1878
1682 2384
1683 3174
1684 1697
1685 4619
1686 393
1687 2848
1688 1736
1689 3115
1690 1558
1691 488
1692 488
1693 1586
1694 1576
1695 1541
1696 1541
1697 1691
1698 1658
1699 1541
1700 1402
1701 4754
1702 3150
1703 1670
1704 2046
1705 2527
1706 2527
1707 2784
1708 473
1709 2368
1710 1704
1711 1656
1712 1689
1713 1698
1714 2049
1715 1630
1716 1744
1717 1643
1718 898
1719 1431
1720 1908
1721 627
1722 765
1723 1407
1724 1529
1725 4960
1726 877
1727 1919
1728 2828
1729 1159
1730 3780
1731 1258
1732 208
1733 1764
1734 1468
1735 945
1736 945
1737 2151
1738 1548
1739 1548
1740 1889
1741 1541
1742 1744
1743 1832
1744 1735
1745 1880
1746 4627
1747 4481
1748 1123
1749 1186
1750 1167
1751 2930
1752 1076
1753 765
1754 1550
1755 1732
1756 2512
1757 535
1758 1643
1759 1559
1760 1123
1761 2868
1762 1584
1763 1705
1764 674
1765 1693
1766 1693
1767 810
1768 747
1769 606
1770 721
1771 670
1772 1316
1773 1322
1774 3732
1775 1556
1776 4585
1777 945
1778 2830
1779 4576
1780 1546
1781 1556
1782 4805
1783 2940
1784 1626
1785 1405
1786 1469
1787 1590
1788 1475
1789 1431
1790 1311
1791 367
1792 804
1793 1535
1794 3772
1795 1180
1796 2445
1797 2410
1798 880
1799 880
1800 1546
1801 1728
1802 1846
1803 1675
1804 4414
1805 4414
1806 1254
1807 3732
1808 1541
1809 4693
1810 4802
1811 4653
1812 1832
1813 810
1814 1435
1815 2538
1816 1541
1817 1626
1818 1549
1819 3114
1820 1631
1821 920
1822 1159
1823 4792
1824 4581
1825 1781
1826 1827
1827 1194
1828 1957
1829 1012
1830 1663
1831 1771
1832 1852
1833 920
1834 1304
1835 1420
1836 1549
1837 1556
1838 2137
1839 1825
1840 1703
1841 4884
1842 2171
1843 1804
1844 1804
1845 1966
1846 3780
1847 1404
1848 1183
1849 1254
1850 1554
1851 1877
1852 2475
1853 4684
1854 1111
1855 4664
1856 1183
1857 1061
1858 3098
1859 3046
1860 2923
1861 1975
1862 1546
1863 3014
1864 491
1865 1946
1866 1902
1867 3544
1868 2792
1869 2990
1870 2541
1871 1586
1872 2315
1873 3247
1874 4665
1875 2839
1876 1662
1877 1727
1878 1912
1879 468
1880 1793
1881 2853
1882 3162
1883 471
1884 2586
1885 2954
1886 2865
1887 2117
1888 1907
1889 540
1890 1554
1891 1992
1892 366
1893 1348
1894 3011
1895 491
1896 1554
1897 1586
1898 1928
1899 2137
1900 735
1901 724
1902 443
1903 1846
1904 1177
1905 1177
1906 603
1907 2470
1908 1549
1909 1424
1910 3923
1911 1554
1912 1554
1913 1786
1914 1586
1915 1586
1916 1537
1917 1812
1918 2636
1919 1946
1920 490
1921 1812
1922 2147
1923 2147
1924 1786
1925 1812
1926 2152
1927 2152
1928 4621
1929 1177
1930 442
1931 3098
1932 2368
1933 2368
1934 1595
1935 1061
1936 1387
1937 772
1938 443
1939 1781
1940 1989
1941 1682
1942 3696
1943 1177
1944 1178
1945 1904
1946 1559
1947 1559
1948 1732
1949 1732
1950 1549
1951 765
1952 1634
1953 1979
1954 3299
1955 2978
1956 4728
1957 2119
1958 1945
1959 1708
1960 1249
1961 4653
1962 2368
1963 1467
1964 4451
1965 4728
1966 1433
1967 800
1968 766
1969 490
1970 480
1971 3544
1972 3843
1973 3759
1974 443
1975 2030
1976 2772
1977 1846
1978 4950
1979 2893
1980 2296
1981 2296
1982 1380
1983 2093
1984 2093
1985 1786
1986 1249
1987 1431
1988 2054
1989 1520
1990 1470
1991 1183
1992 1901
1993 2048
1994 2048
1995 880
1996 1786
1997 1791
1998 1670
1999 1167
2000 2233
2001 2930
2002 2598
2003 1711
2004 1788
2005 1432
2006 1682
2007 1535
2008 2011
2009 3515
2010 1638
2011 2971
2012 2971
2013 2032
2014 1641
2015 1641
2016 1641
2017 1641
2018 1640
2019 1641
2020 3326
2021 3128
2022 3256
2023 3256
2024 4089
2025 3498
2026 3256
2027 3176
2028 3272
2029 2044
2030 478
2031 1656
2032 1519
2033 879
2034 1634
2035 1254
2036 1127
2037 1988
2038 1928
2039 1238
2040 1127
2041 1117
2042 1953
2043 1117
2044 1969
2045 1779
2046 1117
2047 1117
2048 1117
2049 1117
2050 1117
2051 1117
2052 1117
2053 2616
2054 1117
2055 1117
2056 1117
2057 1117
2058 1117
2059 1117
2060 1117
2061 1306
2062 1953
2063 1582
2064 781
2065 781
2066 1117
2067 1117
2068 1117
2069 1117
2070 1117
2071 1117
2072 1117
2073 1117
2074 1117
2075 669
2076 2171
2077 1312
2078 2339
2079 1754
2080 1902
2081 1902
2082 2792
2083 1546
2084 2093
2085 1765
2086 1117
2087 1117
2088 1117
2089 1117
2090 1306
2091 2893
2092 2171
2093 2171
2094 1183
2095 1066
2096 1117
2097 1953
2098 1117
2099 1117
2100 1117
2101 1194
2102 1595
2103 4471
2104 1936
2105 1425
2106 2731
2107 2474
2108 1754
2109 1178
2110 1945
2111 1127
2112 1953
2113 1117
2114 1117
2115 2014
2116 1813
2117 1953
2118 1249
2119 1249
2120 606
2121 540
2122 1877
2123 1757
2124 1013
2125 1117
2126 1117
2127 1117
2128 1117
2129 2958
2130 1117
2131 2848
2132 2146
2133 3759
2134 489
2135 2028
2136 1994
2137 1117
2138 4400
2139 1946
2140 723
2141 1249
2142 723
2143 1242
2144 1013
2145 723
2146 1117
2147 999
2148 1117
2149 722
2150 1624
2151 3670
2152 2762
2153 1812
2154 1546
2155 3277
2156 2309
2157 2651
2158 2958
2159 2958
2160 2616
2161 2249
2162 1032
2163 1032
2164 1813
2165 2958
2166 2958
2167 2635
2168 1520
2169 2616
2170 2958
2171 1032
2172 1032
2173 1032
2174 2427
2175 2958
2176 2958
2177 2651
2178 2957
2179 2382
2180 2229
2181 3125
2182 2185
2183 2185
2184 2127
2185 3062
2186 3140
2187 3227
2188 2579
2189 859
2190 859
2191 859
2192 3018
2193 2077
2194 2077
2195 2077
2196 2265
2197 1032
2198 1032
2199 1117
2200 1249
2201 1249
2202 1117
2203 1032
2204 1011
2205 1560
2206 1954
2207 2308
2208 2336
2209 2304
2210 2181
2211 3068
2212 3140
2213 3068
2214 2647
2215 3041
2216 2977
2217 2587
2218 1979
2219 3647
2220 2635
2221 1653
2222 2976
2223 2976
2224 2238
2225 2706
2226 3103
2227 3056
2228 2958
2229 2958
2230 2958
2231 2616
2232 2616
2233 2249
2234 2249
2235 2616
2236 2343
2237 3303
2238 3226
2239 2185
2240 2185
2241 2427
2242 1066
2243 1885
2244 1803
2245 1379
2246 1801
2247 1803
2248 1803
2249 1804
2250 1117
2251 2958
2252 801
2253 2958
2254 781
2255 1032
2256 993
2257 1665
2258 779
2259 1956
2260 2504
2261 1974
2262 2958
2263 2249
2264 1944
2265 2149
2266 2011
2267 1159
2268 1117
2269 1813
2270 1032
2271 1117
2272 1032
2273 748
2274 1910
2275 1812
2276 2663
2277 2267
2278 994
2279 1582
2280 780
2281 1582
2282 1520
2283 1953
2284 1953
2285 1647
2286 770
2287 1430
2288 1647
2289 1666
2290 1032
2291 1032
2292 2316
2293 2454
2294 2026
2295 1627
2296 2803
2297 1797
2298 2958
2299 1582
2300 991
2301 1032
2302 4866
2303 1102
2304 4439
2305 3000
2306 1813
2307 1582
2308 1582
2309 1242
2310 4866
2311 1966
2312 2296
2313 4414
2314 2238
2315 2651
2316 3037
2317 2593
2318 2819
2319 2238
2320 2861
2321 2651
2322 2651
2323 3037
2324 3037
2325 2859
2326 3037
2327 2593
2328 2706
2329 2238
2330 2593
2331 2309
2332 2616
2333 2249
2334 3647
2335 1639
2336 2863
2337 2011
2338 1961
2339 1582
2340 1885
2341 2893
2342 1313
2343 1884
2344 3406
2345 2011
2346 882
2347 1582
2348 2309
2349 2706
2350 2341
2351 3174
2352 2970
2353 1994
2354 1254
2355 1757
2356 1032
2357 1032
2358 1650
2359 1011
2360 3075
2361 4624
2362 468
2363 2912
2364 2593
2365 2593
2366 2240
2367 3037
2368 2651
2369 1375
2370 3335
2371 1962
2372 540
2373 2651
2374 1952
2375 2446
2376 2708
2377 2725
2378 2430
2379 2182
2380 2182
2381 2308
2382 2061
2383 2325
2384 2325
2385 1707
2386 2017
2387 1032
2388 1032
2389 1426
2390 1426
2391 2634
2392 2017
2393 3014
2394 1665
2395 1942
2396 478
2397 2990
2398 478
2399 1550
2400 1887
2401 1624
2402 1650
2403 1379
2404 2446
2405 2580
2406 3405
2407 3254
2408 1565
2409 881
2410 2593
2411 2474
2412 3008
2413 2579
2414 1032
2415 1913
2416 1755
2417 1639
2418 774
2419 2136
2420 3156
2421 3156
2422 1425
2423 3489
2424 1189
2425 2365
2426 4664
2427 2731
2428 3489
2429 880
2430 880
2431 2048
2432 2048
2433 4869
2434 2077
2435 2077
2436 2079
2437 822
2438 2285
2439 2954
2440 2635
2441 2238
2442 2819
2443 3156
2444 3014
2445 2579
2446 4866
2447 2077
2448 1433
2449 4456
2450 2238
2451 2240
2452 1637
2453 3008
2454 1981
2455 1637
2456 1637
2457 2048
2458 2104
2459 2104
2460 881
2461 2746
2462 2538
2463 1676
2464 3413
2465 2733
2466 2523
2467 2332
2468 2862
2469 1887
2470 1032
2471 4869
2472 4869
2473 3373
2474 3316
2475 859
2476 4869
2477 859
2478 4869
2479 3379
2480 2579
2481 2579
2482 2579
2483 859
2484 859
2485 859
2486 1032
2487 859
2488 4869
2489 3378
2490 1666
2491 2133
2492 2285
2493 471
2494 3162
2495 3162
2496 471
2497 2956
2498 3011
2499 2465
2500 2753
2501 2878
2502 2583
2503 2973
2504 1550
2505 2171
2506 2651
2507 2958
2508 2616
2509 1551
2510 2091
2511 2136
2512 3046
2513 1734
2514 3162
2515 3162
2516 3561
2517 471
2518 1911
2519 2853
2520 1790
2521 4400
2522 2819
2523 2706
2524 3037
2525 2929
2526 2579
2527 605
2528 1637
2529 3842
2530 2292
2531 1866
2532 1803
2533 2373
2534 2387
2535 3138
2536 2279
2537 2077
2538 2958
2539 2044
2540 1755
2541 3156
2542 2032
2543 2091
2544 3134
2545 1803
2546 3018
2547 2651
2548 2969
2549 2976
2550 2238
2551 1653
2552 2598
2553 1755
2554 2249
2555 1888
2556 2292
2557 859
2558 859
2559 4869
2560 2587
2561 1797
2562 2634
2563 2976
2564 2430
2565 3041
2566 3049
2567 3038
2568 2958
2569 1379
2570 1801
2571 1435
2572 2593
2573 2593
2574 2593
2575 3056
2576 2651
2577 2862
2578 1641
2579 1641
2580 1939
2581 3335
2582 2044
2583 2048
2584 992
2585 1667
2586 2163
2587 2035
2588 469
2589 2651
2590 2958
2591 2651
2592 2861
2593 1641
2594 2636
2595 2048
2596 2008
2597 4887
2598 1888
2599 1379
2600 4973
2601 2008
2602 1869
2603 2453
2604 4885
2605 3138
2606 1771
2607 1931
2608 1912
2609 4414
2610 2998
2611 4400
2612 2538
2613 2969
2614 2636
2615 1640
2616 1640
2617 2465
2618 2163
2619 2588
2620 471
2621 3101
2622 1793
2623 1793
2624 2672
2625 3846
2626 2004
2627 1789
2628 1913
2629 2593
2630 1785
2631 3020
2632 1911
2633 1796
2634 2238
2635 2706
2636 2457
2637 2753
2638 2802
2639 814
2640 2586
2641 2751
2642 3076
2643 2145
2644 1637
2645 2790
2646 1653
2647 4190
2648 2104
2649 1869
2650 2370
2651 4975
2652 2292
2653 3013
2654 3739
2655 3178
2656 3164
2657 4988
2658 2026
2659 1563
2660 1931
2661 2163
2662 3370
2663 3423
2664 2865
2665 2593
2666 2165
2667 4189
2668 2582
2669 2583
2670 2579
2671 2249
2672 2397
2673 2077
2674 2593
2675 3219
2676 1981
2677 1639
2678 3193
2679 2467
2680 1641
2681 1640
2682 3424
2683 1427
2684 1931
2685 1681
2686 1773
2687 367
2688 469
2689 2470
2690 2762
2691 3175
2692 1640
2693 2044
2694 2077
2695 2958
2696 4189
2697 4191
2698 4214
2699 3756
2700 3679
2701 1491
2702 3529
2703 3529
2704 3542
2705 3542
2706 3542
2707 3078
2708 3111
2709 2925
2710 3077
2711 1470
2712 2864
2713 1625
2714 1556
2715 3081
2716 1637
2717 1828
2718 1796
2719 2593
2720 3359
2721 1182
2722 4189
2723 3772
2724 3793
2725 4107
2726 3793
2727 3710
2728 3533
2729 3529
2730 3078
2731 3710
2732 1621
2733 3756
2734 4189
2735 4191
2736 4146
2737 4265
2738 1798
2739 3193
2740 2878
2741 2753
2742 1851
2743 2339
2744 2788
2745 2976
2746 4189
2747 1633
2748 3506
2749 4106
2750 379
2751 3161
2752 3644
2753 1271
2754 2855
2755 4147
2756 1191
2757 2163
2758 2706
2759 2401
2760 1978
2761 3874
2762 2165
2763 859
2764 2998
2765 3122
2766 2893
2767 2985
2768 2828
2769 3311
2770 3071
2771 2898
2772 2831
2773 2897
2774 3035
2775 2938
2776 2923
2777 2893
2778 2853
2779 1790
2780 2117
2781 1451
2782 4088
2783 2854
2784 2400
2785 1795
2786 1793
2787 3037
2788 2593
2789 2593
2790 2508
2791 2238
2792 1640
2793 2032
2794 3128
2795 476
2796 1681
2797 2750
2798 4469
2799 4670
2800 2519
2801 2925
2802 2925
2803 3171
2804 3427
2805 3309
2806 4265
2807 4191
2808 2383
2809 2053
2810 2788
2811 2592
2812 1976
2813 3843
2814 4886
2815 4988
2816 4988
2817 4876
2818 2915
2819 3100
2820 2453
2821 2881
2822 2740
2823 2831
2824 2897
2825 2887
2826 2264
2827 2915
2828 2916
2829 3164
2830 3199
2831 2944
2832 3231
2833 4085
2834 3781
2835 3650
2836 3470
2837 2954
2838 3006
2839 2710
2840 2588
2841 2788
2842 2634
2843 2708
2844 2762
2845 1981
2846 3426
2847 4975
2848 4982
2849 2579
2850 859
2851 4985
2852 2897
2853 3075
2854 1470
2855 2999
2856 2044
2857 1895
2858 2045
2859 1785
2860 1501
2861 2763
2862 1637
2863 3466
2864 2838
2865 1641
2866 3060
2867 2963
2868 4165
2869 2938
2870 3009
2871 3022
2872 3744
2873 3412
2874 3786
2875 3940
2876 3388
2877 3739
2878 3739
2879 2938
2880 3100
2881 4973
2882 1562
2883 1773
2884 814
2885 3018
2886 2285
2887 3423
2888 2586
2889 1913
2890 1790
2891 2651
2892 4175
2893 1869
2894 1888
2895 3463
2896 2947
2897 2897
2898 2163
2899 2334
2900 2576
2901 1918
2902 3751
2903 3324
2904 1798
2905 3498
2906 2598
2907 2195
2908 2619
2909 4975
2910 2963
2911 2976
2912 3174
2913 2598
2914 3930
2915 3099
2916 2077
2917 2077
2918 2964
2919 2964
2920 1793
2921 3174
2922 1182
2923 4175
2924 3363
2925 1798
2926 3174
2927 2838
2928 2753
2929 2878
2930 3379
2931 2080
2932 3018
2933 2080
2934 2829
2935 2332
2936 2430
2937 2743
2938 2285
2939 3018
2940 3018
2941 3359
2942 2634
2943 3168
2944 2104
2945 3048
2946 1908
2947 4165
2948 2887
2949 3022
2950 4166
2951 3470
2952 3164
2953 3018
2954 2151
2955 3324
2956 2045
2957 2045
2958 3256
2959 2583
2960 3002
2961 2743
2962 2587
2963 1774
2964 2124
2965 3428
2966 3428
2967 3184
2968 2823
2969 2278
2970 3467
2971 476
2972 2279
2973 2579
2974 2198
2975 3373
2976 3018
2977 2976
2978 2976
2979 3498
2980 3363
2981 2304
2982 3536
2983 2634
2984 2486
2985 2808
2986 2742
2987 3002
2988 3009
2989 2831
2990 1914
2991 2772
2992 2790
2993 2198
2994 2079
2995 3018
2996 2285
2997 2722
2998 2382
2999 3049
3000 2384
3001 2523
3002 2216
3003 820
3004 1868
3005 2940
3006 2163
3007 2823
3008 2486
3009 3378
3010 2163
3011 3166
3012 3070
3013 3073
3014 3022
3015 2998
3016 1790
3017 4467
3018 3651
3019 3767
3020 3845
3021 2393
3022 2945
3023 3345
3024 2325
3025 2285
3026 2355
3027 2381
3028 2646
3029 2616
3030 3303
3031 1772
3032 2220
3033 3418
3034 3018
3035 2842
3036 3218
3037 2902
3038 4124
3039 3231
3040 1796
3041 1795
3042 2706
3043 2104
3044 3027
3045 4119
3046 3303
3047 2330
3048 2760
3049 1727
3050 4468
3051 4469
3052 2656
3053 1435
3054 2356
3055 3049
3056 3488
3057 2808
3058 1931
3059 3184
3060 3049
3061 1888
3062 2182
3063 2914
3064 4439
3065 3129
3066 2361
3067 3256
3068 3256
3069 3427
3070 2088
3071 2088
3072 3309
3073 2838
3074 2088
3075 3309
3076 3463
3077 3427
3078 2945
3079 3521
3080 3470
3081 2275
3082 2127
3083 2127
3084 2060
3085 2304
3086 2185
3087 2185
3088 2750
3089 2345
3090 2104
3091 2844
3092 4891
3093 2955
3094 3172
3095 3463
3096 3463
3097 2583
3098 1797
3099 3023
3100 470
3101 1501
3102 3689
3103 2162
3104 3022
3105 4103
3106 3744
3107 2897
3108 3073
3109 3122
3110 2893
3111 1974
3112 3488
3113 3651
3114 1888
3115 2938
3116 2298
3117 2299
3118 2285
3119 2358
3120 2762
3121 1633
3122 3191
3123 3484
3124 372
3125 3671
3126 3506
3127 2646
3128 4191
3129 2382
3130 3749
3131 2007
3132 2823
3133 2061
3134 2744
3135 3470
3136 3345
3137 3689
3138 2325
3139 2080
3140 3939
3141 4046
3142 4198
3143 3472
3144 3507
3145 4213
3146 3494
3147 3559
3148 3762
3149 3213
3150 4170
3151 3902
3152 4219
3153 2900
3154 4048
3155 4089
3156 3012
3157 4048
3158 3463
3159 2061
3160 2061
3161 2061
3162 2061
3163 2061
3164 2061
3165 2325
3166 3091
3167 2061
3168 3469
3169 2297
3170 2325
3171 3418
3172 2285
3173 3940
3174 3292
3175 3862
3176 3928
3177 3963
3178 3768
3179 3450
3180 3656
3181 3768
3182 3783
3183 2954
3184 1279
3185 3049
3186 4090
3187 1530
3188 3511
3189 3679
3190 2703
3191 4107
3192 1372
3193 3679
3194 3679
3195 3357
3196 3249
3197 3249
3198 3025
3199 4627
3200 3044
3201 2742
3202 3039
3203 3041
3204 3039
3205 2061
3206 2285
3207 2330
3208 3488
3209 2837
3210 2820
3211 2061
3212 2061
3213 2061
3214 1916
3215 3059
3216 2837
3217 2837
3218 3688
3219 3688
3220 3427
3221 3427
3222 2808
3223 2061
3224 2325
3225 2077
3226 2304
3227 3345
3228 2803
3229 1853
3230 1854
3231 2428
3232 3296
3233 3789
3234 3206
3235 4140
3236 4266
3237 4159
3238 3473
3239 3454
3240 3415
3241 4025
3242 3288
3243 4138
3244 3059
3245 4156
3246 3910
3247 3039
3248 2647
3249 3758
3250 2060
3251 2185
3252 2285
3253 2219
3254 2840
3255 3071
3256 3247
3257 370
3258 3309
3259 2647
3260 3140
3261 3140
3262 2297
3263 3030
3264 3184
3265 1772
3266 3236
3267 3423
3268 3792
3269 3923
3270 3792
3271 3732
3272 1401
3273 1372
3274 3265
3275 1557
3276 3760
3277 1698
3278 1876
3279 3466
3280 2977
3281 4094
3282 2185
3283 2421
3284 2829
3285 4107
3286 3427
3287 3309
3288 2420
3289 2647
3290 2060
3291 2127
3292 2060
3293 3690
3294 3781
3295 3681
3296 3681
3297 3680
3298 3927
3299 4272
3300 4273
3301 3508
3302 3352
3303 3353
3304 4063
3305 3535
3306 3680
3307 3781
3308 2001
3309 2710
3310 2875
3311 3512
3312 3015
3313 2104
3314 3466
3315 2977
3316 3068
3317 3068
3318 3068
3319 3062
3320 3781
3321 4404
3322 2705
3323 1906
3324 3062
3325 2185
3326 2185
3327 3303
3328 3091
3329 3227
3330 2181
3331 2060
3332 3681
3333 3196
3334 3076
3335 4165
3336 3682
3337 3772
3338 3418
3339 3184
3340 2185
3341 2185
3342 4892
3343 4047
3344 4254
3345 3491
3346 3092
3347 2587
3348 3075
3349 2702
3350 2851
3351 1621
3352 3512
3353 1906
3354 3062
3355 3062
3356 2185
3357 3062
3358 3491
3359 3355
3360 2475
3361 3140
3362 3699
3363 4087
3364 3083
3365 3560
3366 1633
3367 3490
3368 1558
3369 2910
3370 2910
3371 3062
3372 4445
3373 1673
3374 1910
3375 3651
3376 1586
3377 3732
3378 4111
3379 3070
3380 3048
3381 3026
3382 3486
3383 3755
3384 3688
3385 3688
3386 3505
3387 3196
3388 2900
3389 3511
3390 3732
3391 1791
3392 3196
3393 3028
3394 3791
3395 4123
3396 4219
3397 4229
3398 3902
3399 3212
3400 3589
3401 3705
3402 4215
3403 3851
3404 4206
3405 3699
3406 4087
3407 3416
3408 3216
3409 3240
3410 3783
3411 3519
3412 3475
3413 3211
3414 2803
3415 3166
3416 3166
3417 3550
3418 881
3419 3905
3420 3679
3421 1372
3422 1372
3423 3679
3424 3079
3425 3700
3426 2031
3427 3470
3428 3469
3429 3469
3430 3345
3431 4122
3432 2668
3433 4213
3434 3214
3435 3508
3436 3453
3437 4208
3438 3416
3439 3688
3440 3568
3441 1587
3442 3267
3443 2572
3444 4149
3445 3196
3446 3491
3447 4110
3448 3512
3449 3505
3450 3791
3451 3903
3452 3243
3453 3451
3454 4170
3455 3560
3456 2702
3457 3679
3458 3549
3459 3249
3460 3077
3461 1917
3462 2470
3463 1435
3464 2330
3465 2699
3466 3166
3467 2564
3468 3044
3469 3196
3470 3425
3471 4183
3472 3443
3473 3201
3474 4208
3475 3247
3476 3247
3477 3071
3478 3171
3479 1705
3480 1706
3481 3240
3482 3473
3483 3351
3484 4670
3485 3521
3486 3528
3487 3528
3488 1556
3489 3346
3490 4046
3491 4087
3492 4170
3493 2839
3494 3543
3495 3679
3496 3432
3497 4046
3498 3932
3499 4404
3500 3542
3501 3542
3502 3078
3503 3556
3504 3927
3505 3536
3506 3394
3507 3520
3508 3710
3509 3760
3510 2277
3511 3786
3512 4204
3513 1469
3514 3209
3515 3757
3516 2742
3517 3172
3518 3529
3519 3371
3520 2908
3521 4219
3522 3751
3523 3559
3524 1469
3525 2705
3526 3438
3527 1689
3528 1469
3529 472
3530 3478
3531 3873
3532 3357
3533 3542
3534 3542
3535 3897
3536 3165
3537 3319
3538 3233
3539 3751
3540 1911
3541 3271
3542 2854
3543 3161
3544 3161
3545 3550
3546 3470
3547 3267
3548 3899
3549 3664
3550 3850
3551 3880
3552 3881
3553 3878
3554 4024
3555 3879
3556 4137
3557 4895
3558 4895
3559 4895
3560 4895
3561 4895
3562 4895
3563 4895
3564 4895
3565 4895
3566 4895
3567 4895
3568 4180
3569 4167
3570 3669
3571 1736
3572 3840
3573 4137
3574 3909
3575 4137
3576 4187
3577 3741
3578 3840
3579 3692
3580 3574
3581 4024
3582 3574
3583 3830
3584 3741
3585 4233
3586 3977
3587 3982
3588 4895
3589 3587
3590 4361
3591 4137
3592 3840
3593 4187
3594 3692
3595 3665
3596 3600
3597 3600
3598 3834
3599 4024
3600 3620
3601 3881
3602 4167
3603 3880
3604 3741
3605 3879
3606 4101
3607 4895
3608 3829
3609 4904
3610 4101
3611 4118
3612 4172
3613 3779
3614 3796
3615 3938
3616 3779
3617 3694
3618 3694
3619 3883
3620 4137
3621 3741
3622 3740
3623 3692
3624 1887
3625 3483
3626 3486
3627 3437
3628 3345
3629 3345
3630 3845
3631 3922
3632 3929
3633 3851
3634 4221
3635 3720
3636 3719
3637 4026
3638 3570
3639 4180
3640 3741
3641 3768
3642 3860
3643 3741
3644 3574
3645 3743
3646 4167
3647 3904
3648 2742
3649 3323
3650 3323
3651 3928
3652 3751
3653 3208
3654 4140
3655 3771
3656 3600
3657 3735
3658 3736
3659 2702
3660 3650
3661 4046
3662 3917
3663 3748
3664 1705
3665 3741
3666 3741
3667 4091
3668 3879
3669 3736
3670 3357
3671 3025
3672 3077
3673 3699
3674 1705
3675 3782
3676 3879
3677 3836
3678 3600
3679 2998
3680 3009
3681 3009
3682 3927
3683 3699
3684 3348
3685 4944
3686 2849
3687 3205
3688 3592
3689 3704
3690 3856
3691 3729
3692 4102
3693 3715
3694 4891
3695 3464
3696 3357
3697 4156
3698 3949
3699 3718
3700 3878
3701 3904
3702 3881
3703 3904
3704 3449
3705 3288
3706 3206
3707 4177
3708 3345
3709 4046
3710 3369
3711 4102
3712 4102
3713 3574
3714 3741
3715 2504
3716 3836
3717 4205
3718 3718
3719 4024
3720 3509
3721 2718
3722 3739
3723 3172
3724 3879
3725 3831
3726 3743
3727 3167
3728 3459
3729 4130
3730 1758
3731 3949
3732 1758
3733 1746
3734 1992
3735 3748
3736 2711
3737 3836
3738 2925
3739 3247
3740 3048
3741 3521
3742 3178
3743 4110
3744 3546
3745 3664
3746 3949
3747 3660
3748 3353
3749 3573
3750 1887
3751 3357
3752 4272
3753 3850
3754 4279
3755 4895
3756 2730
3757 4451
3758 3703
3759 3873
3760 3400
3761 2866
3762 1588
3763 3850
3764 2566
3765 1470
3766 3677
3767 3009
3768 3402
3769 3384
3770 4204
3771 3922
3772 2277
3773 3208
3774 4025
3775 3293
3776 3653
3777 4132
3778 4140
3779 3699
3780 2705
3781 2925
3782 2323
3783 3883
3784 3883
3785 3883
3786 3840
3787 3692
3788 3692
3789 3692
3790 3883
3791 3694
3792 4069
3793 4069
3794 3795
3795 3631
3796 3990
3797 3977
3798 3813
3799 4279
3800 3677
3801 4964
3802 3631
3803 4921
3804 4918
3805 4018
3806 3991
3807 4907
3808 3828
3809 4895
3810 4895
3811 3865
3812 4102
3813 3836
3814 3836
3815 3835
3816 3619
3817 3693
3818 3881
3819 3754
3820 3835
3821 3735
3822 3883
3823 2292
3824 2834
3825 3480
3826 2702
3827 3885
3828 3860
3829 3188
3830 2908
3831 1746
3832 4162
3833 4169
3834 3070
3835 3022
3836 2747
3837 3122
3838 3572
3839 3178
3840 3927
3841 3484
3842 372
3843 3853
3844 4230
3845 3741
3846 4024
3847 1922
3848 3453
3849 1470
3850 3102
3851 1271
3852 2998
3853 3743
3854 3490
3855 3483
3856 2950
3857 1855
3858 2907
3859 473
3860 3718
3861 4167
3862 4167
3863 4178
3864 3602
3865 2104
3866 4086
3867 2699
3868 373
3869 2277
3870 2767
3871 3484
3872 3776
3873 3109
3874 1855
3875 3283
3876 3558
3877 2950
3878 824
3879 4896
3880 4101
3881 3903
3882 4167
3883 2900
3884 3212
3885 3932
3886 1887
3887 372
3888 3879
3889 2518
3890 3398
3891 2338
3892 824
3893 3857
3894 4027
3895 3002
3896 3483
3897 3471
3898 3383
3899 373
3900 3165
3901 3879
3902 3092
3903 3287
3904 3718
3905 3358
3906 3671
3907 3383
3908 3783
3909 3881
3910 3356
3911 3166
3912 3166
3913 3519
3914 3932
3915 3692
3916 3883
3917 3883
3918 3600
3919 3650
3920 3469
3921 2943
3922 3858
3923 3483
3924 3393
3925 3642
3926 4919
3927 3643
3928 4187
3929 3840
3930 3890
3931 3109
3932 3109
3933 2854
3934 3510
3935 3510
3936 2322
3937 3510
3938 3399
3939 825
3940 3912
3941 3961
3942 4168
3943 825
3944 2713
3945 1830
3946 3186
3947 2713
3948 3917
3949 4895
3950 4895
3951 4895
3952 4895
3953 4361
3954 3608
3955 4368
3956 3608
3957 4372
3958 4282
3959 4895
3960 4078
3961 3970
3962 3995
3963 3992
3964 3982
3965 3982
3966 3980
3967 3994
3968 3997
3969 4078
3970 4895
3971 4895
3972 4895
3973 4895
3974 4373
3975 4084
3976 3977
3977 4078
3978 4078
3979 4078
3980 4895
3981 4895
3982 4895
3983 4895
3984 4895
3985 4895
3986 4895
3987 4895
3988 4895
3989 4895
3990 4078
3991 4895
3992 4895
3993 4895
3994 4895
3995 4895
3996 4078
3997 4078
3998 4078
3999 4078
4000 3998
4001 3990
4002 3991
4003 3637
4004 4913
4005 4908
4006 4187
4007 4069
4008 4895
4009 3608
4010 3836
4011 3356
4012 3687
4013 2947
4014 4895
4015 4895
4016 4895
4017 4895
4018 4895
4019 4895
4020 4895
4021 4895
4022 4895
4023 4895
4024 4895
4025 4895
4026 4895
4027 4895
4028 4895
4029 4895
4030 4895
4031 4365
4032 2767
4033 4046
4034 4264
4035 2702
4036 2887
4037 4895
4038 4895
4039 4895
4040 4895
4041 4895
4042 4895
4043 4895
4044 4895
4045 4895
4046 4895
4047 4895
4048 2945
4049 3758
4050 3690
4051 3720
4052 2998
4053 2718
4054 3733
4055 3600
4056 3708
4057 4895
4058 4895
4059 4895
4060 4895
4061 4895
4062 4895
4063 4895
4064 4895
4065 4895
4066 4895
4067 4895
4068 4895
4069 4895
4070 4895
4071 4895
4072 3739
4073 4277
4074 4219
4075 3358
4076 3343
4077 3218
4078 3247
4079 3914
4080 3459
4081 3178
4082 2836
4083 4095
4084 2854
4085 2841
4086 4895
4087 4895
4088 4895
4089 4895
4090 3334
4091 3699
4092 4024
4093 3355
4094 3350
4095 4895
4096 2699
4097 2998
4098 3247
4099 3311
4100 2950
4101 4122
4102 3244
4103 2473
4104 3883
4105 3883
4106 3708
4107 3600
4108 3600
4109 4155
4110 4229
4111 4129
4112 4129
4113 4204
4114 3941
4115 2900
4116 3071
4117 3882
4118 3661
4119 3763
4120 3170
4121 2950
4122 3681
4123 4132
4124 4176
4125 4279
4126 3574
4127 3723
4128 4221
4129 4140
4130 4254
4131 2854
4132 3102
4133 1271
4134 3510
4135 3416
4136 3048
4137 1271
4138 3445
4139 3838
4140 4895
4141 4895
4142 4895
4143 4895
4144 3558
4145 4046
4146 3443
4147 2847
4148 2955
4149 3880
4150 3644
4151 3070
4152 4895
4153 3699
4154 3016
4155 4176
4156 3687
4157 4221
4158 3352
4159 3600
4160 3883
4161 3035
4162 2947
4163 3879
4164 3491
4165 4132
4166 3939
4167 2585
4168 3752
4169 3663
4170 2947
4171 4140
4172 2713
4173 3838
4174 3708
4175 3834
4176 3311
4177 2841
4178 3048
4179 1271
4180 2452
4181 3160
4182 3657
4183 4895
4184 2842
4185 3927
4186 3166
4187 3161
4188 3738
4189 4024
4190 4220
4191 3717
4192 3449
4193 4207
4194 3519
4195 3600
4196 3828
4197 3348
4198 3519
4199 3963
4200 3311
4201 3454
4202 3660
4203 4895
4204 3209
4205 3718
4206 4180
4207 3350
4208 3838
4209 4895
4210 4895
4211 4895
4212 4895
4213 3240
4214 2900
4215 4128
4216 3883
4217 3741
4218 4101
4219 4964
4220 3840
4221 3558
4222 4219
4223 3349
4224 3663
4225 3321
4226 3885
4227 2669
4228 3285
4229 828
4230 2473
4231 825
4232 826
4233 4394
4234 3960
4235 4509
4236 4468
4237 4468
4238 4460
4239 4087
4240 3574
4241 2747
4242 3694
4243 3694
4244 4895
4245 4895
4246 4895
4247 824
4248 3075
4249 3460
4250 4203
4251 3694
4252 3779
4253 4895
4254 3169
4255 4129
4256 4895
4257 4895
4258 4895
4259 4895
4260 4078
4261 4078
4262 3399
4263 4895
4264 4895
4265 4895
4266 4895
4267 2855
4268 4895
4269 3694
4270 3586
4271 3998
4272 2950
4273 3738
4274 2517
4275 2922
4276 3738
4277 2473
4278 2714
4279 3092
4280 2314
4281 4348
4282 4386
4283 1272
4284 4394
4285 4385
4286 2950
4287 826
4288 2562
4289 3399
4290 827
4291 2314
4292 3907
4293 4895
4294 4895
4295 4194
4296 2855
4297 4895
4298 4895
4299 2338
4300 2338
4301 4934
4302 4895
4303 4895
4304 4895
4305 4895
4306 4895
4307 4895
4308 4895
4309 4921
4310 826
4311 4895
4312 3738
4313 4194
4314 3286
4315 3968
4316 4078
4317 4078
4318 4078
4319 4256
4320 376
4321 4194
4322 826
4323 1272
4324 824
4325 2669
4326 824
4327 2669
4328 826
4329 4383
4330 2517
4331 4895
4332 3992
4333 3997
4334 4179
4335 4256
4336 4194
4337 4078
4338 4078
4339 4078
4340 4078
4341 4078
4342 4895
4343 4078
4344 4895
4345 4078
4346 4078
4347 4078
4348 4078
4349 4078
4350 3999
4351 4078
4352 3977
4353 3968
4354 3968
4355 3995
4356 4385
4357 4078
4358 4078
4359 4078
4360 825
4361 4078
4362 2669
4363 2517
4364 2669
4365 4194
4366 3564
4367 2484
4368 2517
4369 4168
4370 4168
4371 2669
4372 4168
4373 4168
4374 4394
4375 2517
4376 3961
4377 3959
4378 4394
4379 826
4380 4385
4381 2517
4382 4405
4383 4394
4384 4391
4385 4468
4386 4468
4387 4559
4388 4559
4389 4559
4390 4446
4391 4446
4392 4446
4393 4615
4394 1278
4395 4630
4396 4730
4397 955
4398 1205
4399 2256
4400 1205
4401 1205
4402 1205
4403 1205
4404 1224
4405 954
4406 4720
4407 4776
4408 1064
4409 1237
4410 1234
4411 4394
4412 4344
4413 4468
4414 4567
4415 4399
4416 4399
4417 4345
4418 3960
4419 2517
4420 4398
4421 4247
4422 4405
4423 4387
4424 3960
4425 4394
4426 3961
4427 4391
4428 4391
4429 4399
4430 4344
4431 3961
4432 4405
4433 376
4434 4284
4435 4284
4436 4405
4437 4397
4438 4247
4439 2816
4440 4398
4441 4405
4442 4308
4443 4168
4444 1273
4445 4344
4446 2816
4447 4387
4448 4567
4449 4446
4450 4615
4451 4630
4452 4644
4453 4730
4454 4760
4455 4760
4456 1234
4457 954
4458 955
4459 1064
4460 1237
4461 1205
4462 1205
4463 954
4464 4776
4465 4637
4466 4730
4467 4730
4468 4630
4469 1280
4470 4446
4471 4399
4472 4345
4473 1064
4474 4405
4475 4391
4476 4468
4477 4560
4478 4387
4479 3961
4480 4468
4481 4639
4482 4560
4483 4615
4484 4567
4485 4615
4486 4559
4487 4397
4488 4395
4489 1205
4490 1205
4491 2256
4492 2256
4493 2256
4494 1064
4495 955
4496 955
4497 954
4498 4760
4499 4733
4500 1234
4501 955
4502 1064
4503 1205
4504 1205
4505 1234
4506 4760
4507 4419
4508 4405
4509 1472
4510 1237
4511 1205
4512 1205
4513 1237
4514 1205
4515 1237
4516 4776
4517 4399
4518 4560
4519 2256
4520 955
4521 4560
4522 4446
4523 4345
4524 4399
4525 1205
4526 1205
4527 1205
4528 1205
4529 2256
4530 2256
4531 4381
4532 4395
4533 4386
4534 1234
4535 1205
4536 955
4537 1205
4538 954
4539 1237
4540 4509
4541 4446
4542 4345
4543 1064
4544 1205
4545 1205
4546 4733
4547 4733
4548 4730
4549 1064
4550 4776
4551 1205
4552 1237
4553 4559
4554 4567
4555 1472
4556 1472
4557 954
4558 954
4559 4468
4560 4468
4561 1205
4562 4567
4563 1064
4564 4567
4565 4639
4566 4615
4567 4405
4568 1205
4569 4405
4570 1472
4571 955
4572 1472
4573 4776
4574 4567
4575 955
4576 955
4577 955
4578 4776
4579 4720
4580 4524
4581 1205
4582 4247
4583 1234
4584 4472
4585 4344
4586 1237
4587 4730
4588 4733
4589 4644
4590 4443
4591 4639
4592 1278
4593 4446
4594 4247
4595 4760
4596 4472
4597 4472
4598 4345
4599 4468
4600 4644
4601 4477
4602 4630
4603 4630
4604 1205
4605 3960
4606 4730
4607 4765
4608 1237
4609 4559
4610 4399
4611 1064
4612 1205
4613 1205
4614 1278
4615 4677
4616 4733
4617 4730
4618 1234
4619 4477
4620 4733
4621 4644
4622 4730
4623 4446
4624 2256
4625 1205
4626 955
4627 4559
4628 4446
4629 4560
4630 955
4631 4644
4632 4630
4633 4509
4634 4477
4635 4630
4636 4477
4637 2256
4638 4472
4639 4509
4640 4472
4641 1205
4642 954
4643 1237
4644 955
4645 1234
4646 4760
4647 4776
4648 1064
4649 4765
4650 1064
4651 955
4652 1234
4653 1064
4654 4779
4655 4639
4656 1234
4657 4733
4658 4600
4659 4785
4660 4387
4661 4559
4662 4559
4663 1278
4664 4615
4665 4460
4666 4446
4667 1205
4668 2513
4669 1205
4670 1205
4671 1205
4672 1205
4673 1205
4674 955
4675 955
4676 954
4677 1166
4678 1205
4679 1234
4680 4615
4681 4615
4682 1205
4683 1237
4684 1205
4685 954
4686 954
4687 955
4688 4630
4689 955
4690 4575
4691 4615
4692 4468
4693 4446
4694 4644
4695 4644
4696 1205
4697 954
4698 955
4699 955
4700 4776
4701 1234
4702 1064
4703 1234
4704 1234
4705 4559
4706 4639
4707 4766
4708 4677
4709 4468
4710 4790
4711 4765
4712 4720
4713 4630
4714 1205
4715 1205
4716 1237
4717 4615
4718 4776
4719 4644
4720 4560
4721 4567
4722 4446
4723 4559
4724 1234
4725 955
4726 955
4727 4560
4728 4776
4729 4615
4730 4559
4731 4776
4732 4776
4733 4600
4734 4477
4735 4615
4736 1278
4737 954
4738 955
4739 4615
4740 1166
4741 1278
4742 4630
4743 4630
4744 1064
4745 4644
4746 1205
4747 955
4748 4776
4749 4730
4750 4776
4751 4776
4752 2190
4753 437
4754 268
4755 4808
4756 4808
4757 4808
4758 4808
4759 192
4760 4808
4761 437
4762 150
4763 4808
4764 4808
4765 4808
4766 48
4767 33
4768 38
4769 33
4770 33
4771 33
4772 757
4773 1008
4774 4428
4775 4428
4776 4429
4777 4593
4778 4959
4779 4959
4780 4965
4781 4965
4782 4580
4783 4580
4784 4580
4785 4426
4786 4426
4787 4580
4788 1228
4789 715
4790 1004
4791 4580
4792 4429
4793 1042
4794 1041
4795 4580
4796 4965
4797 4959
4798 4426
4799 758
4800 4426
4801 725
4802 725
4803 1243
4804 1008
4805 725
4806 4840
4807 763
4808 778
4809 4593
4810 763
4811 715
4812 4966
4813 1250
4814 1008
4815 1041
4816 4954
4817 4426
4818 4429
4819 715
4820 4428
4821 725
4822 725
4823 725
4824 4429
4825 4429
4826 4959
4827 1004
4828 1004
4829 1008
4830 1008
4831 4839
4832 1244
4833 725
4834 725
4835 725
4836 716
4837 4429
4838 649
4839 725
4840 725
4841 1008
4842 716
4843 4580
4844 530
4845 527
4846 733
4847 463
4848 701
4849 701
4850 462
4851 535
4852 669
4853 1249
4854 2249
4855 2616
4856 1032
4857 2249
4858 2579
4859 2249
4860 2249
4861 2249
4862 2249
4863 2829
4864 4985
4865 3463
4866 2897
4867 2171
4868 2171
4869 3426
4870 1966
4871 2026
4872 4988
4873 2923
4874 1966
4875 3075
4876 2182
4877 4895
4878 3840
4879 4895
4880 3994
4881 4895
4882 3587
4883 4895
4884 4895
4885 4895
4886 4895
4887 4895
4888 4904
4889 4187
4890 4078
4891 3694
4892 3883
4893 4187
4894 3694
4895 4187
4896 3840
4897 4187
4898 4187
4899 4187
4900 4187
4901 3808
4902 4908
4903 3637
4904 3808
4905 4020
4906 4919
4907 4137
4908 4895
4909 4895
4910 4895
4911 4895
4912 4895
4913 3840
4914 3840
4915 4895
4916 4895
4917 4895
4918 4895
4919 4895
4920 4895
4921 4895
4922 4187
4923 3285
4924 3161
4925 379
4926 3109
4927 378
4928 3776
4929 3501
4930 825
4931 3161
4932 3109
4933 3671
4934 3557
4935 372
4936 4895
4937 1237
4938 1205
4939 2256
4940 4615
4941 1205
4942 4733
4943 1205
4944 4630
4945 1234
4946 1205
4947 1205
4948 4730
4949 954
4950 954
4951 955
4952 3883
4953 3883
4954 746
4955 746
4956 1004
4957 895
4958 757
4959 746
4960 1004
4961 1008
4962 1966
4963 4988
4964 4970
4965 1379
4966 1801
4967 2026
4968 1379
4969 1382
4970 4970
4971 1379
4972 1382
4973 2026
4974 1382
4975 1382
4976 4988
4977 1966
4978 2026
4979 2264
4980 1380
4981 2026
4982 1379
4983 2482
4984 1382
4985 1382
4986 1966
4987 1379
4988 1382
4989 2264
4990 4970
4991 1966
4992 1382
4993 1004
4994 1812
4995 1812
4996 2636
4997 3679
4998 3679
4999 3679
