0 218
1 252
2 335
3 397
4 229
5 302
6 327
7 8
8 219
9 330
10 214
11 256
12 363
13 396
14 151
15 4818
16 4818
17 432
18 431
19 431
20 353
21 128
22 128
23 120
24 117
25 353
26 173
27 427
28 427
29 427
30 427
31 173
32 437
33 106
34 80
35 322
36 38
37 310
38 31
39 218
40 301
41 327
42 144
43 413
44 327
45 266
46 300
47 299
48 266
49 299
50 301
51 235
52 66
53 132
54 128
55 128
56 128
57 120
58 116
59 260
60 311
61 311
62 120
63 128
64 128
65 238
66 184
67 3
68 306
69 173
70 3
71 3
72 322
73 435
74 3
75 218
76 183
77 229
78 266
79 116
80 117
81 116
82 116
83 128
84 132
85 132
86 244
87 128
88 85
89 128
90 66
91 151
92 120
93 128
94 116
95 244
96 117
97 120
98 120
99 3
100 319
101 116
102 128
103 106
104 120
105 120
106 120
107 218
108 299
109 134
110 59
111 254
112 256
113 389
114 438
115 713
116 535
117 257
118 330
119 254
120 333
121 60
122 4819
123 117
124 218
125 229
126 301
127 120
128 226
129 116
130 38
131 299
132 218
133 117
134 192
135 38
136 427
137 173
138 437
139 4808
140 427
141 427
142 46
143 435
144 427
145 437
146 427
147 38
148 260
149 397
150 335
151 183
152 183
153 303
154 116
155 38
156 38
157 4808
158 335
159 218
160 266
161 56
162 219
163 219
164 198
165 529
166 441
167 417
168 581
169 440
170 529
171 291
172 361
173 285
174 307
175 307
176 291
177 217
178 701
179 923
180 664
181 539
182 392
183 508
184 438
185 285
186 219
187 461
188 660
189 397
190 134
191 219
192 362
193 438
194 360
195 235
196 117
197 165
198 165
199 38
200 299
201 151
202 266
203 327
204 116
205 134
206 134
207 355
208 128
209 126
210 335
211 232
212 252
213 38
214 38
215 128
216 302
217 219
218 219
219 219
220 290
221 505
222 120
223 437
224 61
225 232
226 134
227 219
228 329
229 362
230 363
231 60
232 116
233 116
234 244
235 192
236 165
237 134
238 264
239 199
240 3
241 3
242 322
243 3
244 397
245 128
246 243
247 128
248 116
249 183
250 192
251 116
252 117
253 151
254 399
255 7
256 56
257 128
258 196
259 285
260 219
261 258
262 254
263 361
264 128
265 116
266 120
267 3
268 183
269 218
270 94
271 266
272 266
273 327
274 327
275 413
276 38
277 299
278 327
279 399
280 219
281 330
282 46
283 192
284 435
285 435
286 318
287 319
288 435
289 435
290 435
291 181
292 182
293 184
294 199
295 61
296 266
297 285
298 120
299 264
300 361
301 128
302 266
303 301
304 413
305 333
306 181
307 14
308 237
309 299
310 301
311 285
312 330
313 184
314 330
315 110
316 128
317 116
318 66
319 456
320 128
321 120
322 327
323 8
324 413
325 256
326 437
327 330
328 214
329 517
330 537
331 366
332 813
333 1772
334 2162
335 2274
336 4892
337 4892
338 3425
339 2977
340 2507
341 2574
342 2230
343 2747
344 4130
345 824
346 2767
347 2749
348 3061
349 3232
350 2222
351 128
352 218
353 3
354 389
355 38
356 290
357 330
358 391
359 508
360 396
361 525
362 393
363 794
364 607
365 396
366 301
367 218
368 397
369 327
370 330
371 237
372 293
373 278
374 244
375 184
376 327
377 327
378 360
379 4808
380 192
381 362
382 181
383 181
384 437
385 427
386 144
387 329
388 138
389 307
390 254
391 437
392 120
393 319
394 4808
395 438
396 128
397 4808
398 144
399 413
400 427
401 121
402 102
403 435
404 435
405 435
406 437
407 338
408 508
409 291
410 510
411 581
412 442
413 442
414 199
415 413
416 581
417 461
418 506
419 512
420 138
421 203
422 307
423 307
424 136
425 136
426 307
427 390
428 391
429 134
430 214
431 413
432 330
433 135
434 222
435 361
436 290
437 290
438 508
439 136
440 581
441 534
442 701
443 706
444 466
445 1301
446 811
447 2330
448 1796
449 2770
450 2322
451 4088
452 3860
453 3748
454 2849
455 1758
456 2466
457 2040
458 3326
459 3326
460 489
461 1927
462 1894
463 1894
464 1939
465 3759
466 3256
467 3877
468 1707
469 1702
470 1706
471 1408
472 1922
473 472
474 4391
475 4445
476 4468
477 1275
478 4391
479 4460
480 4469
481 4446
482 4615
483 4412
484 2985
485 660
486 361
487 362
488 396
489 137
490 256
491 307
492 307
493 254
494 254
495 254
496 59
497 307
498 307
499 254
500 307
501 508
502 461
503 205
504 291
505 385
506 663
507 285
508 203
509 256
510 390
511 663
512 393
513 517
514 525
515 607
516 396
517 438
518 361
519 254
520 330
521 307
522 307
523 508
524 536
525 536
526 11
527 136
528 285
529 291
530 438
531 461
532 733
533 136
534 529
535 461
536 256
537 535
538 529
539 534
540 533
541 656
542 663
543 607
544 626
545 627
546 525
547 748
548 360
549 703
550 703
551 649
552 703
553 709
554 725
555 725
556 725
557 649
558 573
559 573
560 573
561 573
562 571
563 573
564 573
565 708
566 685
567 573
568 571
569 546
570 551
571 549
572 639
573 4843
574 976
575 4965
576 4853
577 1041
578 1213
579 1213
580 1213
581 1351
582 1394
583 1351
584 1394
585 1385
586 1471
587 1314
588 1120
589 945
590 1121
591 1046
592 1787
593 900
594 1541
595 1210
596 888
597 573
598 708
599 649
600 725
601 703
602 649
603 725
604 703
605 649
606 703
607 709
608 709
609 703
610 709
611 709
612 709
613 725
614 725
615 725
616 709
617 709
618 4531
619 4531
620 725
621 307
622 136
623 285
624 307
625 307
626 307
627 708
628 708
629 549
630 639
631 4834
632 551
633 895
634 1228
635 702
636 776
637 708
638 573
639 546
640 550
641 4531
642 4531
643 4426
644 840
645 1022
646 570
647 550
648 550
649 596
650 551
651 551
652 4838
653 4846
654 1410
655 959
656 1220
657 1459
658 1021
659 461
660 529
661 607
662 525
663 1011
664 991
665 604
666 685
667 685
668 573
669 4531
670 573
671 573
672 536
673 571
674 649
675 725
676 649
677 534
678 708
679 685
680 394
681 709
682 639
683 783
684 761
685 549
686 550
687 596
688 639
689 534
690 462
691 706
692 517
693 671
694 725
695 725
696 725
697 725
698 725
699 725
700 725
701 725
702 710
703 4531
704 4531
705 4531
706 4531
707 4531
708 4531
709 573
710 639
711 638
712 694
713 4834
714 640
715 307
716 533
717 639
718 694
719 551
720 4845
721 839
722 562
723 1022
724 725
725 725
726 725
727 725
728 725
729 4531
730 4531
731 4531
732 4531
733 4531
734 4531
735 4531
736 4531
737 4531
738 4531
739 4531
740 701
741 625
742 663
743 725
744 709
745 535
746 657
747 212
748 4853
749 674
750 674
751 525
752 670
753 4865
754 4857
755 640
756 777
757 810
758 212
759 839
760 567
761 671
762 4531
763 4834
764 442
765 692
766 761
767 4531
768 4531
769 4531
770 4531
771 725
772 709
773 725
774 709
775 725
776 4531
777 4531
778 4531
779 764
780 464
781 1572
782 1503
783 709
784 1456
785 1456
786 959
787 735
788 393
789 1024
790 1033
791 709
792 4531
793 709
794 4426
795 725
796 4531
797 4531
798 725
799 988
800 725
801 4531
802 4531
803 4531
804 4531
805 394
806 4531
807 4531
808 4426
809 1020
810 977
811 1688
812 1690
813 977
814 733
815 775
816 800
817 1177
818 4531
819 4531
820 4531
821 4531
822 4531
823 4426
824 733
825 733
826 209
827 443
828 4531
829 442
830 721
831 1215
832 4531
833 4531
834 1177
835 1019
836 1281
837 1134
838 4531
839 1022
840 4426
841 626
842 605
843 1215
844 4426
845 4426
846 4426
847 4426
848 702
849 895
850 895
851 552
852 1019
853 794
854 4531
855 764
856 1019
857 1220
858 1169
859 4426
860 764
861 988
862 691
863 1753
864 766
865 773
866 1178
867 1256
868 1568
869 1548
870 1753
871 977
872 779
873 4426
874 741
875 722
876 781
877 1026
878 600
879 1214
880 1214
881 4531
882 4531
883 4531
884 4531
885 564
886 600
887 1394
888 1232
889 1152
890 1440
891 1459
892 4531
893 4531
894 4531
895 1255
896 1010
897 810
898 538
899 1473
900 1010
901 978
902 918
903 366
904 1932
905 2133
906 1649
907 1951
908 2377
909 2652
910 2456
911 2364
912 2455
913 2060
914 2428
915 3180
916 2311
917 826
918 825
919 827
920 1272
921 4316
922 2484
923 4531
924 4531
925 1310
926 1690
927 560
928 1476
929 1578
930 1169
931 1394
932 4531
933 898
934 1210
935 945
936 945
937 945
938 1121
939 1210
940 1310
941 2628
942 1904
943 1688
944 877
945 1904
946 878
947 2260
948 1904
949 2536
950 1806
951 2535
952 2317
953 2317
954 881
955 1887
956 4700
957 1869
958 1646
959 2170
960 1804
961 2170
962 1905
963 4619
964 4619
965 1690
966 1314
967 1363
968 1398
969 1120
970 1398
971 1020
972 1905
973 1957
974 1210
975 2276
976 1825
977 945
978 1531
979 850
980 1787
981 900
982 1398
983 1693
984 1120
985 1541
986 2276
987 945
988 1363
989 1019
990 1972
991 1972
992 1541
993 1541
994 604
995 1231
996 1459
997 802
998 665
999 1330
1000 1905
1001 4806
1002 4806
1003 1781
1004 2315
1005 4538
1006 2368
1007 2368
1008 881
1009 2454
1010 2454
1011 1127
1012 2440
1013 1885
1014 1183
1015 2440
1016 2567
1017 4798
1018 1131
1019 2098
1020 1541
1021 945
1022 1152
1023 1476
1024 1394
1025 1249
1026 1826
1027 4487
1028 1361
1029 1132
1030 1870
1031 2681
1032 2463
1033 4863
1034 4619
1035 776
1036 1008
1037 996
1038 718
1039 1541
1040 1531
1041 1541
1042 557
1043 4426
1044 756
1045 746
1046 4426
1047 4426
1048 4426
1049 4426
1050 573
1051 4531
1052 573
1053 618
1054 549
1055 771
1056 4619
1057 4581
1058 780
1059 4866
1060 1582
1061 1429
1062 1690
1063 1014
1064 1787
1065 4969
1066 1210
1067 810
1068 1033
1069 1033
1070 776
1071 839
1072 960
1073 1329
1074 4698
1075 4619
1076 945
1077 1541
1078 1624
1079 1624
1080 1249
1081 776
1082 1825
1083 1957
1084 1210
1085 1541
1086 849
1087 2536
1088 1314
1089 1046
1090 1307
1091 1471
1092 4426
1093 1827
1094 1531
1095 877
1096 1441
1097 1046
1098 1046
1099 1394
1100 1394
1101 4426
1102 4426
1103 4426
1104 4426
1105 776
1106 776
1107 776
1108 716
1109 791
1110 4619
1111 840
1112 840
1113 567
1114 1031
1115 1020
1116 998
1117 1031
1118 900
1119 1132
1120 1870
1121 1541
1122 895
1123 4426
1124 4582
1125 4798
1126 4641
1127 4653
1128 4780
1129 4619
1130 1957
1131 839
1132 1016
1133 1314
1134 4778
1135 4653
1136 880
1137 1183
1138 2440
1139 1864
1140 2088
1141 1909
1142 1343
1143 1546
1144 1191
1145 1286
1146 500
1147 3075
1148 3247
1149 3122
1150 2998
1151 2702
1152 3403
1153 3078
1154 4160
1155 4160
1156 3427
1157 2048
1158 1715
1159 3931
1160 3309
1161 3427
1162 3427
1163 3512
1164 4107
1165 3310
1166 4891
1167 3075
1168 1906
1169 1163
1170 1254
1171 4413
1172 900
1173 2655
1174 2260
1175 1541
1176 1210
1177 4806
1178 1620
1179 567
1180 1033
1181 1033
1182 1287
1183 4538
1184 1888
1185 4418
1186 4596
1187 2106
1188 716
1189 1473
1190 1148
1191 1169
1192 1149
1193 1298
1194 1394
1195 2535
1196 2535
1197 2689
1198 1242
1199 958
1200 1541
1201 945
1202 850
1203 1693
1204 3275
1205 4653
1206 4755
1207 4806
1208 1530
1209 1609
1210 1864
1211 4596
1212 4452
1213 4615
1214 4468
1215 1887
1216 1909
1217 1787
1218 1512
1219 945
1220 4653
1221 4641
1222 4653
1223 4755
1224 4641
1225 800
1226 2485
1227 4446
1228 4467
1229 4467
1230 4400
1231 1748
1232 4514
1233 1164
1234 464
1235 2088
1236 4478
1237 4615
1238 4520
1239 1870
1240 945
1241 2463
1242 2655
1243 2276
1244 4501
1245 1162
1246 1864
1247 1887
1248 2454
1249 1541
1250 4452
1251 1112
1252 1310
1253 1658
1254 1440
1255 1010
1256 1870
1257 1459
1258 1231
1259 1471
1260 4452
1261 2368
1262 1885
1263 1956
1264 4520
1265 977
1266 913
1267 4417
1268 1363
1269 1163
1270 1316
1271 1230
1272 2368
1273 564
1274 4413
1275 4778
1276 2107
1277 723
1278 567
1279 998
1280 2396
1281 781
1282 4755
1283 945
1284 1023
1285 4950
1286 1363
1287 1316
1288 689
1289 771
1290 1956
1291 1887
1292 881
1293 998
1294 4619
1295 920
1296 540
1297 1853
1298 3092
1299 2767
1300 2222
1301 824
1302 4130
1303 4358
1304 2467
1305 2928
1306 4546
1307 4703
1308 4776
1309 4776
1310 1398
1311 1438
1312 1459
1313 881
1314 1655
1315 4446
1316 558
1317 1385
1318 4653
1319 1885
1320 1316
1321 4538
1322 878
1323 1957
1324 1277
1325 1277
1326 2104
1327 920
1328 920
1329 4596
1330 1313
1331 812
1332 1931
1333 1121
1334 1152
1335 1277
1336 945
1337 538
1338 1458
1339 1541
1340 1316
1341 1540
1342 3310
1343 3528
1344 4806
1345 881
1346 1887
1347 882
1348 2454
1349 1806
1350 1230
1351 1440
1352 4615
1353 1316
1354 1297
1355 1316
1356 1191
1357 1465
1358 4559
1359 4467
1360 1655
1361 2317
1362 4992
1363 2535
1364 2317
1365 2007
1366 1541
1367 848
1368 1476
1369 1285
1370 4674
1371 4798
1372 2440
1373 1716
1374 1740
1375 1276
1376 4404
1377 1276
1378 1917
1379 2277
1380 1829
1381 2009
1382 3403
1383 1908
1384 4467
1385 4445
1386 913
1387 2317
1388 4559
1389 996
1390 996
1391 996
1392 1168
1393 996
1394 1298
1395 1168
1396 1152
1397 1473
1398 1658
1399 566
1400 1150
1401 1459
1402 1712
1403 1210
1404 1578
1405 4467
1406 4624
1407 1300
1408 804
1409 1268
1410 1431
1411 1431
1412 3283
1413 1788
1414 1974
1415 1432
1416 3076
1417 2589
1418 1273
1419 4344
1420 1031
1421 1168
1422 1168
1423 1610
1424 1398
1425 1316
1426 2026
1427 2317
1428 1474
1429 1313
1430 1422
1431 1539
1432 1859
1433 1424
1434 1936
1435 1550
1436 1732
1437 770
1438 1313
1439 1794
1440 2577
1441 2711
1442 3561
1443 471
1444 4937
1445 4391
1446 4399
1447 4559
1448 1298
1449 945
1450 1284
1451 2107
1452 1276
1453 2535
1454 1311
1455 1741
1456 1475
1457 1643
1458 1529
1459 1451
1460 1514
1461 1449
1462 4615
1463 1168
1464 1298
1465 1351
1466 1351
1467 1351
1468 1351
1469 1214
1470 1214
1471 1313
1472 1562
1473 1541
1474 4619
1475 4468
1476 4469
1477 4577
1478 1458
1479 2004
1480 2865
1481 2589
1482 4201
1483 4387
1484 1121
1485 2567
1486 1541
1487 945
1488 1402
1489 2681
1490 2317
1491 2317
1492 2655
1493 4446
1494 1304
1495 2628
1496 1904
1497 4798
1498 4653
1499 4674
1500 4653
1501 4653
1502 1972
1503 1421
1504 1421
1505 1422
1506 1669
1507 2535
1508 2775
1509 4413
1510 1920
1511 1567
1512 1559
1513 1277
1514 4806
1515 540
1516 4653
1517 765
1518 1535
1519 1522
1520 1504
1521 4861
1522 1503
1523 4538
1524 1528
1525 1404
1526 367
1527 4514
1528 4969
1529 1178
1530 1527
1531 4445
1532 1539
1533 1449
1534 1541
1535 1827
1536 2276
1537 1740
1538 4467
1539 4400
1540 1552
1541 1423
1542 1753
1543 1936
1544 4392
1545 2954
1546 1273
1547 4344
1548 4399
1549 1666
1550 2133
1551 1562
1552 1693
1553 4665
1554 4577
1555 540
1556 1521
1557 1904
1558 1904
1559 1575
1560 4864
1561 1420
1562 1420
1563 4399
1564 1466
1565 4653
1566 4581
1567 1957
1568 723
1569 1538
1570 4399
1571 4387
1572 2586
1573 1914
1574 4201
1575 2589
1576 1958
1577 1432
1578 1643
1579 378
1580 1643
1581 1855
1582 1432
1583 1432
1584 1860
1585 3887
1586 1529
1587 1662
1588 1910
1589 1790
1590 2815
1591 1662
1592 1431
1593 1630
1594 1662
1595 1974
1596 2644
1597 1793
1598 2536
1599 2396
1600 1988
1601 1361
1602 4468
1603 1210
1604 1505
1605 4468
1606 2536
1607 4596
1608 1546
1609 1329
1610 1475
1611 4344
1612 4391
1613 4387
1614 1304
1615 4798
1616 1559
1617 1431
1618 1594
1619 1594
1620 2124
1621 2165
1622 2851
1623 3219
1624 3746
1625 3298
1626 3079
1627 3534
1628 3534
1629 1431
1630 2106
1631 1541
1632 4302
1633 1548
1634 1733
1635 1949
1636 2017
1637 2580
1638 1915
1639 2814
1640 1433
1641 3560
1642 2751
1643 1541
1644 2317
1645 367
1646 1561
1647 1329
1648 781
1649 1779
1650 2588
1651 1539
1652 1657
1653 1592
1654 2586
1655 4308
1656 4308
1657 1273
1658 1466
1659 1928
1660 2137
1661 3565
1662 4200
1663 1273
1664 1734
1665 2587
1666 1541
1667 1276
1668 3150
1669 3150
1670 1880
1671 2730
1672 1825
1673 1918
1674 1825
1675 1914
1676 2586
1677 1541
1678 1210
1679 4467
1680 1470
1681 1629
1682 1918
1683 1433
1684 3664
1685 1706
1686 1765
1687 1408
1688 469
1689 4639
1690 1915
1691 3846
1692 1992
1693 1408
1694 1623
1695 1662
1696 1662
1697 2853
1698 1790
1699 1989
1700 1974
1701 1974
1702 2007
1703 4520
1704 4694
1705 2135
1706 4653
1707 1790
1708 1432
1709 1774
1710 1662
1711 1790
1712 1974
1713 2536
1714 4665
1715 4700
1716 4645
1717 1566
1718 4468
1719 1753
1720 993
1721 1958
1722 2811
1723 1974
1724 2751
1725 1827
1726 1904
1727 4404
1728 1453
1729 1452
1730 1178
1731 1774
1732 1432
1733 1989
1734 1790
1735 2711
1736 471
1737 2004
1738 4445
1739 1276
1740 4520
1741 1547
1742 1191
1743 1159
1744 1506
1745 1549
1746 1936
1747 1535
1748 1626
1749 1910
1750 1210
1751 1316
1752 2864
1753 1274
1754 2576
1755 1433
1756 1918
1757 2317
1758 2276
1759 4418
1760 1930
1761 2215
1762 2154
1763 1796
1764 1540
1765 4674
1766 4315
1767 4653
1768 1788
1769 2007
1770 4411
1771 4630
1772 4446
1773 472
1774 1825
1775 367
1776 2718
1777 1270
1778 4387
1779 2576
1780 3109
1781 1431
1782 1329
1783 1796
1784 2397
1785 1852
1786 2597
1787 2397
1788 2907
1789 2864
1790 1775
1791 1760
1792 1924
1793 2118
1794 1881
1795 3111
1796 2009
1797 2232
1798 3358
1799 1430
1800 1595
1801 1329
1802 4560
1803 4559
1804 1227
1805 492
1806 3283
1807 2463
1808 1781
1809 1194
1810 882
1811 1954
1812 1458
1813 4460
1814 1740
1815 1666
1816 1797
1817 3275
1818 2320
1819 2536
1820 2589
1821 1348
1822 1583
1823 1194
1824 1111
1825 2368
1826 1703
1827 881
1828 2216
1829 2308
1830 2308
1831 4892
1832 2215
1833 2216
1834 4446
1835 1741
1836 1922
1837 1710
1838 1589
1839 1870
1840 4418
1841 4644
1842 4760
1843 4790
1844 1646
1845 2831
1846 2751
1847 1182
1848 1401
1849 1316
1850 1592
1851 1832
1852 1877
1853 1860
1854 1885
1855 4344
1856 4467
1857 2567
1858 1468
1859 1715
1860 2006
1861 4766
1862 1889
1863 1350
1864 1540
1865 1594
1866 2729
1867 3265
1868 3265
1869 3732
1870 3499
1871 1586
1872 3150
1873 1887
1874 4644
1875 4630
1876 4446
1877 4520
1878 2716
1879 1795
1880 1270
1881 1797
1882 3271
1883 3738
1884 3737
1885 4201
1886 2750
1887 1270
1888 3024
1889 4444
1890 4399
1891 3150
1892 2587
1893 813
1894 1501
1895 1551
1896 3150
1897 1880
1898 1877
1899 1407
1900 769
1901 2014
1902 2014
1903 2139
1904 4391
1905 4468
1906 1453
1907 1746
1908 1917
1909 2907
1910 2908
1911 3150
1912 1880
1913 3496
1914 3503
1915 1557
1916 1556
1917 1689
1918 1674
1919 1433
1920 1520
1921 1757
1922 774
1923 1650
1924 1888
1925 2832
1926 1565
1927 470
1928 2718
1929 1911
1930 3275
1931 1348
1932 1917
1933 1159
1934 1361
1935 4113
1936 3738
1937 2713
1938 2713
1939 1684
1940 1451
1941 1961
1942 1129
1943 1127
1944 2219
1945 1975
1946 1889
1947 1833
1948 1594
1949 1719
1950 3847
1951 3845
1952 1828
1953 2907
1954 1435
1955 1922
1956 1647
1957 2088
1958 2713
1959 4460
1960 1565
1961 1230
1962 4193
1963 1549
1964 1550
1965 493
1966 2910
1967 2868
1968 1992
1969 4630
1970 1983
1971 2277
1972 4670
1973 4412
1974 4760
1975 1646
1976 4524
1977 1470
1978 2656
1979 1922
1980 1429
1981 1183
1982 773
1983 1769
1984 3077
1985 2656
1986 2704
1987 2702
1988 2955
1989 2908
1990 3503
1991 1706
1992 1657
1993 1705
1994 1671
1995 3129
1996 2815
1997 3162
1998 2672
1999 4509
2000 2330
2001 1858
2002 1705
2003 2046
2004 3327
2005 2029
2006 2783
2007 3467
2008 2783
2009 1927
2010 1686
2011 2783
2012 1927
2013 1927
2014 2783
2015 1778
2016 3877
2017 1746
2018 4760
2019 1928
2020 1227
2021 1183
2022 816
2023 1591
2024 2037
2025 2037
2026 2563
2027 2310
2028 2218
2029 2766
2030 2286
2031 2113
2032 2325
2033 826
2034 1272
2035 826
2036 2289
2037 826
2038 827
2039 826
2040 826
2041 827
2042 827
2043 2452
2044 2429
2045 2066
2046 2766
2047 2130
2048 2286
2049 2077
2050 2289
2051 2563
2052 2429
2053 2484
2054 826
2055 2414
2056 1111
2057 4766
2058 1856
2059 2163
2060 1550
2061 1656
2062 3265
2063 1384
2064 1558
2065 1934
2066 1612
2067 827
2068 2066
2069 2747
2070 2747
2071 2310
2072 1509
2073 4760
2074 1646
2075 1796
2076 1241
2077 2563
2078 2747
2079 2766
2080 2766
2081 2766
2082 2286
2083 826
2084 2452
2085 2718
2086 1276
2087 1983
2088 2146
2089 2120
2090 2120
2091 2091
2092 767
2093 2037
2094 1254
2095 2132
2096 2429
2097 2221
2098 2766
2099 2766
2100 2310
2101 1953
2102 816
2103 1719
2104 1647
2105 1427
2106 2310
2107 2221
2108 2747
2109 827
2110 2221
2111 2002
2112 1746
2113 1691
2114 1829
2115 2015
2116 2310
2117 1276
2118 1961
2119 2047
2120 2154
2121 2393
2122 2563
2123 1272
2124 2310
2125 2473
2126 826
2127 2154
2128 2155
2129 2337
2130 1878
2131 1557
2132 3078
2133 3679
2134 2451
2135 2207
2136 831
2137 2678
2138 2678
2139 4405
2140 1199
2141 3955
2142 2130
2143 2632
2144 2338
2145 2428
2146 1550
2147 4389
2148 2314
2149 2207
2150 1200
2151 4386
2152 828
2153 2327
2154 2642
2155 2678
2156 4947
2157 4243
2158 2929
2159 2678
2160 4947
2161 2499
2162 2678
2163 4947
2164 4947
2165 4947
2166 3957
2167 1199
2168 4438
2169 4955
2170 4955
2171 1259
2172 1259
2173 4385
2174 4438
2175 4438
2176 826
2177 2139
2178 3563
2179 2221
2180 2154
2181 2304
2182 2250
2183 2360
2184 2641
2185 2207
2186 2207
2187 2207
2188 2248
2189 3034
2190 3898
2191 4445
2192 1979
2193 1758
2194 2235
2195 2419
2196 3038
2197 3151
2198 3058
2199 2958
2200 2207
2201 2677
2202 1259
2203 2484
2204 2669
2205 4947
2206 2517
2207 3957
2208 3957
2209 4292
2210 4294
2211 2929
2212 2678
2213 2642
2214 4947
2215 2517
2216 2007
2217 2831
2218 2831
2219 2923
2220 2923
2221 2831
2222 2831
2223 2964
2224 2517
2225 2747
2226 2537
2227 2017
2228 2766
2229 2747
2230 2747
2231 2221
2232 2562
2233 2393
2234 2104
2235 1793
2236 1889
2237 3957
2238 1830
2239 1935
2240 1935
2241 1190
2242 2286
2243 2766
2244 1272
2245 1199
2246 2414
2247 2563
2248 826
2249 2484
2250 1931
2251 2714
2252 1668
2253 2174
2254 2285
2255 2285
2256 2304
2257 2298
2258 1426
2259 2132
2260 1428
2261 1952
2262 2365
2263 2138
2264 2664
2265 2562
2266 826
2267 1272
2268 1272
2269 4882
2270 2170
2271 1804
2272 2170
2273 2001
2274 2668
2275 2438
2276 2328
2277 831
2278 1343
2279 2393
2280 2216
2281 2393
2282 2104
2283 4399
2284 1860
2285 2074
2286 2297
2287 2091
2288 2060
2289 2113
2290 2298
2291 4790
2292 4560
2293 2054
2294 4874
2295 2248
2296 2360
2297 2245
2298 2195
2299 2195
2300 2176
2301 2637
2302 2207
2303 2207
2304 2637
2305 2207
2306 2207
2307 2248
2308 2360
2309 2195
2310 2673
2311 3038
2312 2350
2313 2266
2314 376
2315 1584
2316 4947
2317 2138
2318 2621
2319 2427
2320 2132
2321 2106
2322 4630
2323 1772
2324 2761
2325 2193
2326 1297
2327 1919
2328 4294
2329 2335
2330 2195
2331 2195
2332 1676
2333 3541
2334 1165
2335 3403
2336 3358
2337 2462
2338 1199
2339 1200
2340 2370
2341 4644
2342 4615
2343 1793
2344 1631
2345 2579
2346 2247
2347 2360
2348 2335
2349 2247
2350 1702
2351 1437
2352 2621
2353 826
2354 1772
2355 2642
2356 4243
2357 3196
2358 2238
2359 2174
2360 2958
2361 2460
2362 2196
2363 2266
2364 2179
2365 2248
2366 2556
2367 2427
2368 2309
2369 826
2370 1272
2371 2631
2372 2455
2373 2457
2374 2632
2375 4946
2376 1427
2377 1199
2378 3499
2379 3548
2380 2465
2381 3122
2382 2091
2383 2473
2384 826
2385 1804
2386 2295
2387 2972
2388 2595
2389 1775
2390 496
2391 2621
2392 2176
2393 2772
2394 1425
2395 2598
2396 2048
2397 2922
2398 1793
2399 1977
2400 2017
2401 1793
2402 2382
2403 1612
2404 3792
2405 1350
2406 3533
2407 1783
2408 1646
2409 1277
2410 1677
2411 1384
2412 3679
2413 2702
2414 2702
2415 3172
2416 3075
2417 4386
2418 4955
2419 2207
2420 2248
2421 1259
2422 4344
2423 2349
2424 2176
2425 2255
2426 2578
2427 2821
2428 2465
2429 1715
2430 2304
2431 2428
2432 826
2433 1276
2434 4468
2435 2243
2436 2335
2437 2146
2438 3747
2439 3651
2440 3712
2441 3334
2442 3334
2443 2998
2444 2839
2445 2831
2446 2304
2447 4404
2448 2137
2449 3000
2450 1706
2451 3691
2452 1702
2453 3075
2454 3075
2455 4246
2456 4246
2457 4294
2458 4246
2459 3957
2460 3957
2461 3957
2462 3957
2463 3957
2464 3957
2465 4386
2466 4955
2467 2141
2468 2516
2469 3738
2470 4192
2471 3562
2472 3950
2473 2349
2474 2465
2475 2619
2476 2633
2477 2347
2478 2333
2479 3505
2480 471
2481 2953
2482 4946
2483 4405
2484 2474
2485 2474
2486 2753
2487 3122
2488 2562
2489 2714
2490 3738
2491 3162
2492 3561
2493 3162
2494 2854
2495 1270
2496 2714
2497 2176
2498 2195
2499 2195
2500 2248
2501 2632
2502 2237
2503 1199
2504 2135
2505 3871
2506 4107
2507 2893
2508 2831
2509 2831
2510 2893
2511 2828
2512 2831
2513 4438
2514 826
2515 1424
2516 4294
2517 2474
2518 2621
2519 2619
2520 2923
2521 2007
2522 826
2523 2614
2524 2678
2525 2678
2526 3505
2527 3432
2528 3505
2529 3195
2530 3195
2531 3515
2532 3957
2533 3401
2534 2893
2535 2893
2536 3957
2537 4385
2538 2804
2539 2803
2540 3029
2541 3428
2542 2407
2543 2360
2544 2958
2545 2248
2546 1594
2547 2595
2548 2831
2549 2831
2550 4438
2551 1276
2552 2616
2553 2248
2554 2248
2555 2678
2556 2207
2557 1708
2558 3541
2559 4891
2560 2517
2561 2499
2562 2854
2563 2673
2564 1259
2565 1259
2566 4243
2567 2046
2568 3554
2569 3427
2570 3075
2571 2831
2572 3171
2573 3170
2574 499
2575 2893
2576 2923
2577 2300
2578 2381
2579 1793
2580 4615
2581 1278
2582 2518
2583 4467
2584 4467
2585 1928
2586 2418
2587 4438
2588 3006
2589 3563
2590 3383
2591 3165
2592 2760
2593 3307
2594 3384
2595 1589
2596 2804
2597 3776
2598 3484
2599 2360
2600 3422
2601 3738
2602 2804
2603 2806
2604 2255
2605 2122
2606 2418
2607 2347
2608 1273
2609 3006
2610 3751
2611 2678
2612 3651
2613 2136
2614 3755
2615 3512
2616 2840
2617 3169
2618 3170
2619 3780
2620 3386
2621 3257
2622 3258
2623 2964
2624 2897
2625 2897
2626 2897
2627 2300
2628 2349
2629 1914
2630 3162
2631 2712
2632 2958
2633 3867
2634 2418
2635 2238
2636 2776
2637 3957
2638 2308
2639 3021
2640 2516
2641 2630
2642 2233
2643 1670
2644 3749
2645 2976
2646 2648
2647 2175
2648 3034
2649 2275
2650 370
2651 4869
2652 2823
2653 3551
2654 2077
2655 3792
2656 3794
2657 3794
2658 2027
2659 2027
2660 3555
2661 1798
2662 1373
2663 1401
2664 1383
2665 3542
2666 3520
2667 3077
2668 3077
2669 3249
2670 3529
2671 3679
2672 3249
2673 1872
2674 2908
2675 475
2676 3871
2677 2619
2678 2698
2679 2597
2680 2958
2681 2762
2682 4946
2683 2869
2684 1939
2685 1939
2686 1939
2687 1939
2688 1939
2689 2703
2690 3542
2691 2866
2692 4175
2693 3155
2694 2781
2695 4160
2696 2781
2697 4160
2698 4160
2699 3012
2700 2582
2701 2753
2702 2973
2703 2748
2704 2678
2705 3432
2706 2869
2707 2878
2708 2145
2709 3648
2710 3437
2711 2222
2712 3269
2713 824
2714 2100
2715 2958
2716 2146
2717 2119
2718 2278
2719 3957
2720 4630
2721 2893
2722 4630
2723 2831
2724 2839
2725 3311
2726 3463
2727 4125
2728 3247
2729 3166
2730 3100
2731 3329
2732 2839
2733 4412
2734 2322
2735 379
2736 3558
2737 3757
2738 3359
2739 3394
2740 3160
2741 2748
2742 3143
2743 2248
2744 2556
2745 2248
2746 2248
2747 2196
2748 2046
2749 3467
2750 2040
2751 3651
2752 2587
2753 3284
2754 4445
2755 4468
2756 2371
2757 495
2758 3371
2759 3078
2760 3774
2761 3774
2762 3513
2763 3688
2764 3688
2765 3155
2766 1634
2767 3957
2768 2760
2769 2584
2770 2808
2771 4089
2772 2897
2773 2897
2774 2897
2775 2897
2776 2897
2777 2897
2778 2891
2779 4165
2780 2939
2781 3463
2782 3169
2783 2897
2784 2897
2785 3073
2786 2292
2787 2886
2788 2897
2789 2940
2790 2940
2791 4119
2792 3689
2793 2944
2794 3016
2795 3650
2796 3412
2797 1960
2798 3739
2799 2897
2800 2163
2801 2643
2802 1745
2803 2954
2804 2730
2805 3428
2806 2912
2807 4160
2808 2598
2809 2897
2810 2897
2811 2897
2812 2897
2813 2897
2814 3957
2815 3957
2816 2886
2817 2886
2818 2208
2819 2897
2820 2207
2821 2578
2822 2783
2823 1927
2824 1927
2825 1927
2826 489
2827 1685
2828 1927
2829 2978
2830 3080
2831 3080
2832 4146
2833 2783
2834 2104
2835 4100
2836 3780
2837 3372
2838 3045
2839 4119
2840 3016
2841 4138
2842 4085
2843 3724
2844 1644
2845 3257
2846 1644
2847 3152
2848 3046
2849 2881
2850 3957
2851 2244
2852 2244
2853 2614
2854 2499
2855 4200
2856 2586
2857 3501
2858 3285
2859 2861
2860 3921
2861 3047
2862 3688
2863 3168
2864 2897
2865 2897
2866 2831
2867 1735
2868 1259
2869 3921
2870 1927
2871 1981
2872 4294
2873 2122
2874 1888
2875 2516
2876 3038
2877 2987
2878 3079
2879 3427
2880 4955
2881 1259
2882 2897
2883 2897
2884 3398
2885 3383
2886 3174
2887 3844
2888 3759
2889 1894
2890 1762
2891 1927
2892 2384
2893 3413
2894 3688
2895 2619
2896 4165
2897 2074
2898 2499
2899 2208
2900 2208
2901 4615
2902 2434
2903 2233
2904 3465
2905 2761
2906 2208
2907 2208
2908 2678
2909 3012
2910 3000
2911 3931
2912 4049
2913 3462
2914 3480
2915 3766
2916 3908
2917 2745
2918 2744
2919 1328
2920 3178
2921 4064
2922 4467
2923 1927
2924 1927
2925 1927
2926 2633
2927 4165
2928 3045
2929 3561
2930 4460
2931 3042
2932 2583
2933 2633
2934 3042
2935 2753
2936 2040
2937 4292
2938 3309
2939 4405
2940 4394
2941 2559
2942 3182
2943 2207
2944 4160
2945 2783
2946 2552
2947 2912
2948 3256
2949 4146
2950 2357
2951 3695
2952 3257
2953 3152
2954 2947
2955 3048
2956 2119
2957 3012
2958 3957
2959 4869
2960 2208
2961 2499
2962 2556
2963 2678
2964 3034
2965 2958
2966 3534
2967 2649
2968 3182
2969 2651
2970 3427
2971 3015
2972 2552
2973 2878
2974 3512
2975 2235
2976 2742
2977 3022
2978 3701
2979 2887
2980 3075
2981 3383
2982 4468
2983 4469
2984 3713
2985 3775
2986 4045
2987 2175
2988 2744
2989 4085
2990 1259
2991 2893
2992 1637
2993 4947
2994 3515
2995 4245
2996 2239
2997 2333
2998 2333
2999 2471
3000 2723
3001 2634
3002 3035
3003 3164
3004 4061
3005 3016
3006 4119
3007 2748
3008 3307
3009 2677
3010 3011
3011 2911
3012 3257
3013 1259
3014 2326
3015 2185
3016 2328
3017 3776
3018 4387
3019 4399
3020 2470
3021 3358
3022 1276
3023 2929
3024 3219
3025 2634
3026 2419
3027 2346
3028 2723
3029 4387
3030 3012
3031 2195
3032 2196
3033 3163
3034 4468
3035 3079
3036 3568
3037 3749
3038 1621
3039 3756
3040 3688
3041 3756
3042 3688
3043 1530
3044 1130
3045 4146
3046 2120
3047 3688
3048 1783
3049 1566
3050 2196
3051 878
3052 3361
3053 2342
3054 2405
3055 2405
3056 2553
3057 2642
3058 2642
3059 2642
3060 4947
3061 2564
3062 3008
3063 3523
3064 1547
3065 4236
3066 3756
3067 4191
3068 3774
3069 3011
3070 1783
3071 2649
3072 3018
3073 3143
3074 3471
3075 1894
3076 2783
3077 3329
3078 3043
3079 2333
3080 3739
3081 4138
3082 3016
3083 2898
3084 2843
3085 2702
3086 4630
3087 3174
3088 3466
3089 3129
3090 3504
3091 2945
3092 2637
3093 2207
3094 2248
3095 4946
3096 2731
3097 2239
3098 3038
3099 3038
3100 3038
3101 2649
3102 2781
3103 4294
3104 4294
3105 3427
3106 2634
3107 2958
3108 3127
3109 3521
3110 3288
3111 4085
3112 1781
3113 2243
3114 4119
3115 3530
3116 4046
3117 4198
3118 3472
3119 4208
3120 3736
3121 4129
3122 3445
3123 3351
3124 3460
3125 4230
3126 4121
3127 4208
3128 3100
3129 3174
3130 1939
3131 1939
3132 1894
3133 1939
3134 1939
3135 1939
3136 3427
3137 2958
3138 2958
3139 2248
3140 2248
3141 2958
3142 2958
3143 2958
3144 2248
3145 3379
3146 2460
3147 2335
3148 2335
3149 2507
3150 2355
3151 2819
3152 2207
3153 3739
3154 3788
3155 4254
3156 4219
3157 4229
3158 3352
3159 4181
3160 4112
3161 4231
3162 3903
3163 4183
3164 3285
3165 4468
3166 4872
3167 4175
3168 1464
3169 2703
3170 3542
3171 1372
3172 1939
3173 1463
3174 1939
3175 3549
3176 3542
3177 3249
3178 2866
3179 3025
3180 1470
3181 2037
3182 3908
3183 3157
3184 2248
3185 2434
3186 2958
3187 2958
3188 2678
3189 3689
3190 3359
3191 4214
3192 3042
3193 1781
3194 2247
3195 2247
3196 2945
3197 2748
3198 1685
3199 4146
3200 3012
3201 4146
3202 1464
3203 4146
3204 3843
3205 4872
3206 4146
3207 4191
3208 4870
3209 1259
3210 3469
3211 2336
3212 822
3213 2749
3214 3062
3215 2335
3216 4166
3217 4166
3218 3724
3219 4158
3220 4158
3221 4178
3222 4178
3223 4103
3224 4140
3225 3553
3226 4198
3227 4140
3228 4046
3229 4046
3230 4133
3231 4133
3232 3724
3233 1676
3234 2978
3235 3174
3236 1894
3237 1685
3238 3756
3239 3034
3240 2451
3241 2642
3242 2556
3243 2678
3244 2756
3245 3039
3246 3311
3247 3247
3248 2328
3249 4214
3250 4191
3251 2552
3252 3897
3253 2248
3254 2248
3255 2405
3256 2507
3257 2507
3258 2642
3259 2333
3260 3002
3261 1964
3262 1685
3263 1939
3264 1894
3265 1685
3266 1939
3267 1939
3268 1685
3269 1685
3270 1374
3271 491
3272 3112
3273 3686
3274 3686
3275 3731
3276 1699
3277 3848
3278 3034
3279 3080
3280 2944
3281 3470
3282 2207
3283 2678
3284 3043
3285 1939
3286 3488
3287 4265
3288 3842
3289 1547
3290 4947
3291 3149
3292 2678
3293 4947
3294 3289
3295 3653
3296 3296
3297 3237
3298 3698
3299 3745
3300 4104
3301 4149
3302 3213
3303 4231
3304 3345
3305 4132
3306 3649
3307 2504
3308 2705
3309 2878
3310 3908
3311 4049
3312 3008
3313 3515
3314 4263
3315 2207
3316 2556
3317 2642
3318 2943
3319 3484
3320 1277
3321 4146
3322 4947
3323 4947
3324 4946
3325 2248
3326 2678
3327 2678
3328 2678
3329 2065
3330 4157
3331 3196
3332 2333
3333 3118
3334 4166
3335 4469
3336 3011
3337 3568
3338 1554
3339 3257
3340 2248
3341 2357
3342 4947
3343 4947
3344 4947
3345 2405
3346 4176
3347 3343
3348 4254
3349 822
3350 2424
3351 3062
3352 2715
3353 4446
3354 2822
3355 4175
3356 2703
3357 3533
3358 1644
3359 4947
3360 4947
3361 3788
3362 3530
3363 3531
3364 3040
3365 1361
3366 3452
3367 4111
3368 2943
3369 2731
3370 2237
3371 1939
3372 2868
3373 2013
3374 3749
3375 1699
3376 3035
3377 1746
3378 3777
3379 2341
3380 489
3381 1812
3382 491
3383 2901
3384 2940
3385 3165
3386 2911
3387 1373
3388 1939
3389 1463
3390 1181
3391 1349
3392 1464
3393 3027
3394 2507
3395 3164
3396 4520
3397 3413
3398 3731
3399 2723
3400 2507
3401 2507
3402 2723
3403 2819
3404 3261
3405 3477
3406 3553
3407 4264
3408 4208
3409 4129
3410 4239
3411 3704
3412 3720
3413 3654
3414 3928
3415 4198
3416 4254
3417 3791
3418 4212
3419 3855
3420 3416
3421 3473
3422 3209
3423 4208
3424 3097
3425 3701
3426 2145
3427 2870
3428 1939
3429 1463
3430 1576
3431 2868
3432 3732
3433 3647
3434 2466
3435 1700
3436 1328
3437 2116
3438 1987
3439 2405
3440 3039
3441 3039
3442 3502
3443 2726
3444 4212
3445 4149
3446 3164
3447 3788
3448 4133
3449 3473
3450 4198
3451 3418
3452 3843
3453 3767
3454 2819
3455 2355
3456 3196
3457 3235
3458 3454
3459 3257
3460 2333
3461 3649
3462 4178
3463 3093
3464 3513
3465 4107
3466 3267
3467 3539
3468 3351
3469 4170
3470 3213
3471 4198
3472 2901
3473 4670
3474 3549
3475 1576
3476 3357
3477 3113
3478 2866
3479 3077
3480 3025
3481 2277
3482 2470
3483 2907
3484 3091
3485 2700
3486 3199
3487 3209
3488 2998
3489 2911
3490 3412
3491 2507
3492 2355
3493 3473
3494 3472
3495 4121
3496 3212
3497 2767
3498 2998
3499 3098
3500 4100
3501 4146
3502 1463
3503 1463
3504 3299
3505 4122
3506 3214
3507 3508
3508 3416
3509 2384
3510 1464
3511 3843
3512 3755
3513 3237
3514 3487
3515 3778
3516 4129
3517 4046
3518 2702
3519 1463
3520 3288
3521 3653
3522 1964
3523 3549
3524 3542
3525 3249
3526 3249
3527 3529
3528 3553
3529 2907
3530 3549
3531 3542
3532 2866
3533 1556
3534 3356
3535 3346
3536 3664
3537 1736
3538 3393
3539 2119
3540 3529
3541 3542
3542 3529
3543 3568
3544 1586
3545 4122
3546 3950
3547 4170
3548 1678
3549 3247
3550 2819
3551 1700
3552 3248
3553 2908
3554 472
3555 3416
3556 2383
3557 3520
3558 2866
3559 3542
3560 2703
3561 2031
3562 2727
3563 2185
3564 3159
3565 2420
3566 3191
3567 3483
3568 3394
3569 2767
3570 2950
3571 3774
3572 1960
3573 3503
3574 1672
3575 3784
3576 4221
3577 3880
3578 4207
3579 3831
3580 4255
3581 3575
3582 4288
3583 4895
3584 4895
3585 4895
3586 4895
3587 4895
3588 4895
3589 4895
3590 4895
3591 4895
3592 4895
3593 4895
3594 3570
3595 3720
3596 2710
3597 4186
3598 3575
3599 3575
3600 4186
3601 4186
3602 4150
3603 3837
3604 4182
3605 4182
3606 3837
3607 4255
3608 3815
3609 4288
3610 4136
3611 4277
3612 4365
3613 3575
3614 4186
3615 4255
3616 4259
3617 4259
3618 3832
3619 3916
3620 4092
3621 3880
3622 3880
3623 3669
3624 4186
3625 4255
3626 4279
3627 4007
3628 4362
3629 3815
3630 4136
3631 3575
3632 4232
3633 4232
3634 4232
3635 4232
3636 3816
3637 4232
3638 4232
3639 4232
3640 4186
3641 4186
3642 4186
3643 4186
3644 4186
3645 4255
3646 4255
3647 3908
3648 2706
3649 3049
3650 3267
3651 3296
3652 3167
3653 2727
3654 3903
3655 3451
3656 4063
3657 3242
3658 3850
3659 3720
3660 3704
3661 3353
3662 3663
3663 4186
3664 3874
3665 3399
3666 3837
3667 4215
3668 3669
3669 4206
3670 3222
3671 3248
3672 3265
3673 2185
3674 3902
3675 4128
3676 4176
3677 4046
3678 4140
3679 3726
3680 3838
3681 3916
3682 4254
3683 3011
3684 4046
3685 3296
3686 1719
3687 4229
3688 4186
3689 4255
3690 4180
3691 3170
3692 2341
3693 3357
3694 3425
3695 2866
3696 3323
3697 3077
3698 3077
3699 3686
3700 3674
3701 3750
3702 4255
3703 3448
3704 4259
3705 2925
3706 3362
3707 3386
3708 3673
3709 3477
3710 3845
3711 4112
3712 3558
3713 4239
3714 3703
3715 3687
3716 3832
3717 4182
3718 4215
3719 2165
3720 3757
3721 2866
3722 3775
3723 4186
3724 3719
3725 3720
3726 4215
3727 4180
3728 4206
3729 3530
3730 4085
3731 4085
3732 2945
3733 3653
3734 2943
3735 4205
3736 3836
3737 3836
3738 4186
3739 2730
3740 2767
3741 4185
3742 3837
3743 3508
3744 2819
3745 1328
3746 4146
3747 4220
3748 4205
3749 4215
3750 1830
3751 1547
3752 3711
3753 4106
3754 3191
3755 1674
3756 4238
3757 3847
3758 3925
3759 4185
3760 2998
3761 3171
3762 3098
3763 2834
3764 3361
3765 1960
3766 3536
3767 3782
3768 1697
3769 4106
3770 3494
3771 4207
3772 4185
3773 3360
3774 3323
3775 2277
3776 1436
3777 3077
3778 3243
3779 4279
3780 3575
3781 2810
3782 3097
3783 2519
3784 4180
3785 3167
3786 3077
3787 2383
3788 1625
3789 4215
3790 4161
3791 3473
3792 3523
3793 3513
3794 3653
3795 3783
3796 3445
3797 3451
3798 4178
3799 3530
3800 3345
3801 3355
3802 4158
3803 3433
3804 4198
3805 3358
3806 3400
3807 3679
3808 2222
3809 4150
3810 4150
3811 4186
3812 4186
3813 4150
3814 4259
3815 4186
3816 4186
3817 3575
3818 3575
3819 4232
3820 4279
3821 3815
3822 4136
3823 4136
3824 3831
3825 4220
3826 3816
3827 4279
3828 4279
3829 3816
3830 3575
3831 4279
3832 4007
3833 4007
3834 4279
3835 3575
3836 3836
3837 4207
3838 4185
3839 4182
3840 3836
3841 3448
3842 4092
3843 4207
3844 3838
3845 4186
3846 3695
3847 3513
3848 4146
3849 3078
3850 3505
3851 2165
3852 374
3853 3748
3854 1409
3855 4126
3856 473
3857 3100
3858 2767
3859 2222
3860 2846
3861 3736
3862 3386
3863 3673
3864 2977
3865 3028
3866 4122
3867 4255
3868 4220
3869 3546
3870 3421
3871 3791
3872 1470
3873 3233
3874 3292
3875 3172
3876 3842
3877 3038
3878 3365
3879 1470
3880 3550
3881 474
3882 3836
3883 4221
3884 3904
3885 3403
3886 3838
3887 2706
3888 3062
3889 2266
3890 2706
3891 3038
3892 3182
3893 3038
3894 3163
3895 2648
3896 2230
3897 3269
3898 3269
3899 2989
3900 3038
3901 4101
3902 4203
3903 3928
3904 3669
3905 4119
3906 4149
3907 3472
3908 4259
3909 2277
3910 3831
3911 1436
3912 3077
3913 3179
3914 3269
3915 2502
3916 824
3917 3687
3918 3687
3919 2116
3920 2706
3921 3490
3922 2239
3923 2185
3924 1917
3925 374
3926 2185
3927 495
3928 4185
3929 3506
3930 3674
3931 4230
3932 4230
3933 3531
3934 4178
3935 3099
3936 4165
3937 4208
3938 4266
3939 4150
3940 4186
3941 4150
3942 3470
3943 3470
3944 3758
3945 3674
3946 3826
3947 3078
3948 4279
3949 4279
3950 4232
3951 4186
3952 4186
3953 3490
3954 2574
3955 2226
3956 824
3957 2989
3958 3008
3959 2785
3960 3958
3961 4358
3962 4130
3963 824
3964 2037
3965 3100
3966 3659
3967 3786
3968 4895
3969 4895
3970 4895
3971 4895
3972 4895
3973 4288
3974 4277
3975 4006
3976 4362
3977 4083
3978 4274
3979 4083
3980 4324
3981 4379
3982 4288
3983 4136
3984 4136
3985 3826
3986 4314
3987 4895
3988 4895
3989 4895
3990 4362
3991 4011
3992 4314
3993 4083
3994 4895
3995 4895
3996 4895
3997 4895
3998 4895
3999 4895
4000 4895
4001 4895
4002 4895
4003 4895
4004 4895
4005 4155
4006 4155
4007 4224
4008 4083
4009 3826
4010 4136
4011 4279
4012 4279
4013 3816
4014 4232
4015 3575
4016 4136
4017 3719
4018 4135
4019 4128
4020 3589
4021 4083
4022 4895
4023 4895
4024 4895
4025 4895
4026 4895
4027 4895
4028 4895
4029 4895
4030 4895
4031 4895
4032 4895
4033 3586
4034 4895
4035 4136
4036 3038
4037 2230
4038 3182
4039 3477
4040 4132
4041 3695
4042 4895
4043 4895
4044 4895
4045 4895
4046 4895
4047 4895
4048 4895
4049 4895
4050 4895
4051 1781
4052 3010
4053 3403
4054 4112
4055 3061
4056 3212
4057 4259
4058 4259
4059 4895
4060 4895
4061 4895
4062 4895
4063 4895
4064 4895
4065 4895
4066 4895
4067 4895
4068 4895
4069 4895
4070 4895
4071 4895
4072 1987
4073 2944
4074 3237
4075 3078
4076 3249
4077 4094
4078 3111
4079 4161
4080 2836
4081 4092
4082 4895
4083 3167
4084 3673
4085 3469
4086 3099
4087 3932
4088 4895
4089 4895
4090 3653
4091 3502
4092 2945
4093 3351
4094 3838
4095 2335
4096 3477
4097 2837
4098 2747
4099 4136
4100 2950
4101 4085
4102 3784
4103 3119
4104 4150
4105 4186
4106 4255
4107 4150
4108 4150
4109 3013
4110 4136
4111 4104
4112 3508
4113 4104
4114 3720
4115 2945
4116 2944
4117 3401
4118 3762
4119 3855
4120 2266
4121 3057
4122 2648
4123 3412
4124 3345
4125 3575
4126 4203
4127 3216
4128 3244
4129 3016
4130 3788
4131 3208
4132 3228
4133 3463
4134 3168
4135 3416
4136 3916
4137 4895
4138 4895
4139 4895
4140 4895
4141 4895
4142 2230
4143 2231
4144 2903
4145 3778
4146 2266
4147 3783
4148 3521
4149 2749
4150 2950
4151 4895
4152 3791
4153 3172
4154 3084
4155 3570
4156 3244
4157 4129
4158 4259
4159 4186
4160 3045
4161 3780
4162 3964
4163 3879
4164 4094
4165 2183
4166 3589
4167 4170
4168 4174
4169 3880
4170 4182
4171 3836
4172 4220
4173 3832
4174 4174
4175 2939
4176 3168
4177 2422
4178 3084
4179 2767
4180 4254
4181 3504
4182 2939
4183 3785
4184 3269
4185 3446
4186 4207
4187 4185
4188 3720
4189 4195
4190 3448
4191 4255
4192 4895
4193 3870
4194 4104
4195 3836
4196 3426
4197 4097
4198 4186
4199 4895
4200 4222
4201 4207
4202 4162
4203 3932
4204 3916
4205 4895
4206 4895
4207 4895
4208 4895
4209 4895
4210 2944
4211 2944
4212 3763
4213 4186
4214 3575
4215 3837
4216 4202
4217 4255
4218 3780
4219 3292
4220 4121
4221 4207
4222 3147
4223 4130
4224 3899
4225 3269
4226 2989
4227 1637
4228 1637
4229 4383
4230 2525
4231 4733
4232 4746
4233 1750
4234 4776
4235 2989
4236 2746
4237 2950
4238 3084
4239 4186
4240 4895
4241 4895
4242 4895
4243 4130
4244 2989
4245 3932
4246 3168
4247 3745
4248 3575
4249 4895
4250 4895
4251 4266
4252 4186
4253 4895
4254 4155
4255 4155
4256 3826
4257 4279
4258 4895
4259 4895
4260 4895
4261 4895
4262 2950
4263 4895
4264 4288
4265 4136
4266 3084
4267 3269
4268 3899
4269 3899
4270 2950
4271 4130
4272 3269
4273 2451
4274 1638
4275 2773
4276 2928
4277 4510
4278 1641
4279 2971
4280 1641
4281 4409
4282 4510
4283 2928
4284 2763
4285 2451
4286 4130
4287 4130
4288 375
4289 2989
4290 824
4291 3008
4292 2763
4293 4232
4294 4895
4295 4895
4296 4157
4297 2527
4298 4895
4299 4895
4300 4895
4301 2989
4302 4232
4303 3816
4304 4895
4305 4895
4306 4895
4307 4895
4308 4895
4309 4895
4310 4136
4311 4157
4312 4895
4313 3899
4314 2929
4315 2539
4316 3826
4317 4224
4318 3826
4319 2790
4320 2732
4321 1638
4322 2928
4323 2930
4324 4383
4325 2773
4326 4130
4327 2747
4328 4130
4329 3899
4330 3008
4331 2863
4332 4462
4333 4130
4334 4263
4335 1638
4336 4288
4337 3826
4338 2733
4339 3899
4340 4155
4341 4083
4342 4083
4343 4895
4344 4895
4345 4083
4346 4083
4347 4314
4348 3586
4349 4083
4350 4007
4351 3826
4352 4007
4353 1637
4354 3008
4355 4224
4356 4224
4357 2733
4358 4083
4359 1637
4360 3899
4361 4130
4362 4262
4363 4342
4364 4355
4365 3898
4366 4355
4367 4262
4368 2971
4369 3958
4370 1638
4371 1639
4372 2526
4373 1639
4374 4311
4375 2467
4376 2526
4377 4612
4378 1637
4379 2527
4380 2525
4381 4453
4382 4575
4383 4730
4384 4612
4385 4409
4386 4546
4387 4462
4388 4746
4389 4746
4390 4594
4391 4594
4392 1750
4393 1069
4394 2800
4395 1750
4396 950
4397 1291
4398 1291
4399 1109
4400 1752
4401 1959
4402 1050
4403 1608
4404 1879
4405 1861
4406 1339
4407 1861
4408 1721
4409 4997
4410 1842
4411 1223
4412 1283
4413 4997
4414 1481
4415 3060
4416 2467
4417 4510
4418 4575
4419 4546
4420 4506
4421 4730
4422 4776
4423 4776
4424 4779
4425 4598
4426 4730
4427 2785
4428 4546
4429 2862
4430 3060
4431 4612
4432 4462
4433 4733
4434 4382
4435 4462
4436 4409
4437 4409
4438 4776
4439 4703
4440 4703
4441 4510
4442 4703
4443 4703
4444 4703
4445 2045
4446 481
4447 4409
4448 4409
4449 4409
4450 4352
4451 4462
4452 4409
4453 4409
4454 4730
4455 4776
4456 4776
4457 4409
4458 4703
4459 4703
4460 4703
4461 2928
4462 4510
4463 4462
4464 376
4465 4462
4466 4703
4467 1640
4468 3060
4469 4299
4470 4409
4471 4409
4472 4776
4473 4776
4474 4409
4475 4409
4476 4409
4477 4776
4478 4746
4479 4409
4480 4730
4481 4730
4482 4546
4483 4746
4484 482
4485 2800
4486 1109
4487 1959
4488 952
4489 1050
4490 1497
4491 1608
4492 1481
4493 1608
4494 1842
4495 1842
4496 1842
4497 1223
4498 1608
4499 956
4500 956
4501 1224
4502 1834
4503 1752
4504 1291
4505 1750
4506 3060
4507 2971
4508 4594
4509 4510
4510 2043
4511 4506
4512 4409
4513 4546
4514 2043
4515 4730
4516 2045
4517 2928
4518 2032
4519 2764
4520 481
4521 1891
4522 1891
4523 1234
4524 2045
4525 1291
4526 4733
4527 2045
4528 2800
4529 1640
4530 1599
4531 4997
4532 1339
4533 1721
4534 1861
4535 1607
4536 1223
4537 1339
4538 4997
4539 956
4540 1072
4541 956
4542 956
4543 4997
4544 1606
4545 1283
4546 2928
4547 2044
4548 1481
4549 4997
4550 4997
4551 1339
4552 1202
4553 1882
4554 4997
4555 1339
4556 2800
4557 481
4558 1641
4559 4598
4560 4510
4561 4997
4562 4997
4563 4997
4564 2862
4565 1641
4566 4546
4567 2773
4568 1223
4569 2800
4570 2800
4571 1339
4572 4997
4573 2045
4574 1481
4575 4746
4576 4997
4577 4997
4578 1202
4579 1202
4580 1174
4581 1982
4582 1339
4583 2800
4584 4733
4585 1842
4586 1339
4587 1606
4588 481
4589 2800
4590 1339
4591 1347
4592 956
4593 1347
4594 1413
4595 2044
4596 2800
4597 1223
4598 1223
4599 1842
4600 1347
4601 1069
4602 1842
4603 956
4604 2663
4605 951
4606 1339
4607 4730
4608 1069
4609 2043
4610 1842
4611 1235
4612 1973
4613 1834
4614 1291
4615 1069
4616 4506
4617 4506
4618 1069
4619 951
4620 4575
4621 2043
4622 1235
4623 1224
4624 1777
4625 1290
4626 1204
4627 1202
4628 1235
4629 1202
4630 1237
4631 1882
4632 4779
4633 1842
4634 1861
4635 970
4636 970
4637 1959
4638 950
4639 1235
4640 952
4641 1776
4642 2045
4643 1202
4644 952
4645 1291
4646 4997
4647 4997
4648 1069
4649 1069
4650 1069
4651 1761
4652 1606
4653 1973
4654 1834
4655 4703
4656 1834
4657 1777
4658 1777
4659 1721
4660 1290
4661 4730
4662 4703
4663 1339
4664 1842
4665 1842
4666 934
4667 1498
4668 1366
4669 1608
4670 1498
4671 1366
4672 1498
4673 1622
4674 1498
4675 1842
4676 1347
4677 1608
4678 2256
4679 1777
4680 1175
4681 1498
4682 1834
4683 1761
4684 1752
4685 1818
4686 1234
4687 1234
4688 1750
4689 1861
4690 1861
4691 1246
4692 1246
4693 1246
4694 1622
4695 1498
4696 1861
4697 1246
4698 4997
4699 1498
4700 1366
4701 1959
4702 1777
4703 1861
4704 1246
4705 1334
4706 1224
4707 1818
4708 1290
4709 1234
4710 1882
4711 1175
4712 1817
4713 952
4714 1498
4715 1842
4716 1498
4717 1498
4718 1366
4719 1174
4720 1498
4721 1497
4722 1498
4723 1498
4724 1750
4725 1202
4726 1498
4727 1818
4728 1347
4729 1729
4730 1368
4731 1050
4732 1879
4733 1861
4734 1879
4735 1861
4736 1959
4737 1175
4738 4733
4739 1882
4740 1069
4741 1882
4742 1761
4743 1246
4744 1221
4745 1221
4746 1291
4747 1368
4748 952
4749 1752
4750 1069
4751 1366
4752 1368
4753 1368
4754 1290
4755 1752
4756 1234
4757 1875
4758 1069
4759 1622
4760 934
4761 1234
4762 1498
4763 1290
4764 1777
4765 934
4766 1246
4767 952
4768 1221
4769 1498
4770 1498
4771 1174
4772 1498
4773 1498
4774 1175
4775 1368
4776 437
4777 3
4778 4808
4779 192
4780 192
4781 192
4782 116
4783 302
4784 311
4785 427
4786 234
4787 165
4788 38
4789 427
4790 996
4791 854
4792 4531
4793 4531
4794 4531
4795 709
4796 4531
4797 4843
4798 1214
4799 1351
4800 725
4801 709
4802 725
4803 4531
4804 4531
4805 4531
4806 1134
4807 757
4808 1298
4809 4426
4810 1351
4811 4531
4812 1351
4813 1213
4814 725
4815 4426
4816 592
4817 746
4818 697
4819 1214
4820 718
4821 1168
4822 4851
4823 4851
4824 593
4825 4965
4826 709
4827 716
4828 716
4829 1134
4830 1213
4831 1351
4832 1351
4833 4426
4834 4531
4835 895
4836 697
4837 549
4838 4843
4839 1351
4840 4531
4841 725
4842 593
4843 836
4844 1213
4845 1351
4846 597
4847 1214
4848 708
4849 703
4850 685
4851 1351
4852 1351
4853 4531
4854 638
4855 596
4856 4531
4857 1213
4858 1213
4859 725
4860 696
4861 803
4862 1503
4863 666
4864 466
4865 810
4866 1985
4867 4294
4868 1199
4869 3957
4870 4245
4871 3957
4872 3957
4873 3957
4874 4412
4875 2897
4876 3427
4877 3427
4878 4790
4879 4766
4880 3309
4881 3688
4882 1646
4883 2897
4884 2964
4885 4760
4886 4760
4887 2456
4888 1783
4889 2958
4890 4232
4891 4150
4892 4150
4893 3827
4894 4232
4895 4361
4896 3586
4897 4895
4898 4895
4899 4895
4900 4186
4901 4314
4902 4186
4903 4186
4904 4186
4905 4186
4906 4186
4907 3575
4908 4223
4909 3575
4910 3575
4911 4279
4912 4279
4913 4136
4914 4288
4915 3815
4916 4186
4917 4895
4918 4895
4919 4895
4920 4895
4921 4186
4922 4288
4923 4224
4924 4895
4925 4895
4926 3575
4927 3586
4928 4895
4929 3180
4930 2950
4931 2231
4932 2648
4933 3314
4934 2649
4935 3315
4936 2230
4937 4895
4938 4997
4939 4997
4940 1721
4941 4997
4942 1237
4943 1959
4944 1224
4945 1861
4946 4997
4947 1606
4948 4703
4949 4150
4950 4150
4951 716
4952 716
4953 1008
4954 960
4955 1168
4956 1008
4957 836
4958 1168
4959 2964
4960 2897
4961 2897
4962 2897
4963 2840
4964 2831
4965 2897
4966 2964
4967 2897
4968 2897
4969 2897
4970 2170
4971 2831
4972 2831
4973 1804
4974 2897
4975 2897
4976 2897
4977 2897
4978 2897
4979 2964
4980 2964
4981 2897
4982 2897
4983 2897
4984 2831
4985 2964
4986 2964
4987 2964
4988 2831
4989 2897
4990 2170
4991 2897
4992 2897
4993 2897
4994 2831
4995 2897
4996 2897
4997 2897
4998 2964
