0 49
1 230
2 84
3 84
4 84
5 84
6 84
7 12
8 82
9 259
10 302
11 258
12 346
13 454
14 520
15 443
16 443
17 39
18 32
19 32
20 353
21 4381
22 4381
23 4482
24 32
25 2638
26 4381
27 4610
28 4482
29 2638
30 2638
31 4610
32 4482
33 3592
34 2638
35 2638
36 2638
37 2638
38 2638
39 2638
40 2638
41 2638
42 2638
43 2638
44 2638
45 2638
46 2638
47 353
48 353
49 170
50 32
51 4482
52 4482
53 4381
54 4482
55 85
56 261
57 258
58 393
59 293
60 261
61 91
62 171
63 126
64 79
65 32
66 2638
67 4482
68 4482
69 353
70 353
71 4381
72 4482
73 2638
74 2638
75 2638
76 2638
77 4482
78 4787
79 4787
80 353
81 170
82 30
83 151
84 419
85 47
86 353
87 4610
88 151
89 151
90 170
91 443
92 32
93 85
94 308
95 85
96 84
97 91
98 4381
99 4482
100 4482
101 3592
102 2638
103 2638
104 2638
105 2638
106 2638
107 4482
108 4482
109 3592
110 4482
111 353
112 40
113 353
114 2638
115 353
116 307
117 3592
118 2638
119 2638
120 2638
121 2638
122 2638
123 2638
124 2638
125 49
126 151
127 4482
128 4381
129 4482
130 32
131 32
132 2638
133 2638
134 2638
135 3592
136 308
137 89
138 259
139 2
140 3
141 182
142 264
143 239
144 513
145 214
146 458
147 618
148 454
149 404
150 432
151 182
152 32
153 4381
154 443
155 85
156 85
157 89
158 80
159 2638
160 2638
161 84
162 2638
163 84
164 12
165 4482
166 3592
167 2638
168 2638
169 3592
170 2638
171 3592
172 2638
173 2638
174 2638
175 2638
176 2638
177 2638
178 2638
179 4610
180 353
181 4610
182 4610
183 2638
184 2638
185 2638
186 85
187 85
188 84
189 85
190 84
191 4482
192 3592
193 2638
194 3592
195 2638
196 2638
197 2638
198 2638
199 84
200 170
201 92
202 380
203 231
204 301
205 404
206 319
207 211
208 256
209 240
210 382
211 459
212 10
213 357
214 660
215 206
216 520
217 459
218 454
219 96
220 327
221 459
222 520
223 88
224 182
225 97
226 52
227 239
228 323
229 4482
230 4482
231 3592
232 2638
233 91
234 419
235 89
236 261
237 274
238 2638
239 81
240 135
241 260
242 126
243 353
244 32
245 32
246 85
247 81
248 3592
249 3592
250 2638
251 353
252 2638
253 0
254 0
255 393
256 327
257 334
258 4381
259 89
260 12
261 178
262 178
263 182
264 57
265 9
266 463
267 3
268 2638
269 2638
270 4482
271 3592
272 2638
273 2638
274 302
275 179
276 92
277 4381
278 85
279 85
280 30
281 151
282 170
283 84
284 2
285 353
286 125
287 2638
288 2638
289 170
290 85
291 3592
292 258
293 2638
294 2638
295 2638
296 92
297 88
298 123
299 2638
300 337
301 231
302 308
303 243
304 3
305 57
306 2638
307 4482
308 2638
309 32
310 56
311 85
312 85
313 84
314 261
315 258
316 82
317 2638
318 171
319 85
320 58
321 178
322 2638
323 2638
324 2638
325 2638
326 4610
327 353
328 353
329 353
330 32
331 353
332 4779
333 353
334 307
335 419
336 327
337 84
338 261
339 261
340 182
341 2638
342 327
343 243
344 353
345 2638
346 89
347 12
348 12
349 91
350 232
351 232
352 353
353 353
354 353
355 84
356 84
357 4784
358 96
359 89
360 8
361 353
362 4787
363 4482
364 2638
365 328
366 393
367 4381
368 393
369 258
370 302
371 7
372 2638
373 2638
374 57
375 413
376 459
377 10
378 618
379 542
380 700
381 675
382 202
383 473
384 981
385 1483
386 1676
387 4415
388 1253
389 1679
390 1679
391 1660
392 4469
393 4253
394 4421
395 1514
396 4552
397 1634
398 1658
399 1658
400 4362
401 4787
402 85
403 85
404 85
405 2638
406 2638
407 404
408 222
409 191
410 513
411 197
412 240
413 420
414 600
415 523
416 658
417 389
418 445
419 513
420 206
421 12
422 419
423 89
424 12
425 91
426 4381
427 4781
428 4381
429 4482
430 2638
431 12
432 239
433 123
434 302
435 4381
436 2638
437 4610
438 4610
439 4482
440 170
441 2638
442 4381
443 4482
444 137
445 301
446 323
447 2638
448 346
449 40
450 4482
451 323
452 459
453 4379
454 4482
455 4482
456 379
457 4610
458 4381
459 353
460 4610
461 353
462 4610
463 327
464 521
465 520
466 454
467 215
468 204
469 530
470 524
471 513
472 327
473 328
474 454
475 452
476 256
477 9
478 97
479 459
480 222
481 393
482 404
483 295
484 295
485 240
486 323
487 513
488 10
489 542
490 620
491 543
492 1702
493 817
494 1423
495 1453
496 1605
497 1676
498 1416
499 1372
500 1779
501 2873
502 1906
503 2226
504 1404
505 2789
506 3613
507 2657
508 3744
509 3719
510 3311
511 3713
512 3600
513 2322
514 1985
515 490
516 488
517 1637
518 1910
519 2465
520 2401
521 2561
522 2757
523 1073
524 1970
525 2455
526 214
527 235
528 463
529 295
530 323
531 256
532 235
533 618
534 7
535 463
536 527
537 454
538 240
539 513
540 10
541 600
542 214
543 729
544 210
545 463
546 454
547 10
548 8
549 454
550 520
551 527
552 524
553 197
554 197
555 463
556 516
557 459
558 198
559 197
560 521
561 10
562 385
563 10
564 701
565 473
566 736
567 4831
568 779
569 463
570 2494
571 2494
572 2270
573 2270
574 2270
575 2270
576 2270
577 2270
578 2270
579 2710
580 2796
581 730
582 2796
583 730
584 2710
585 2796
586 2494
587 2270
588 2494
589 2524
590 2796
591 2710
592 730
593 730
594 730
595 730
596 730
597 730
598 730
599 758
600 697
601 714
602 762
603 762
604 749
605 745
606 778
607 778
608 778
609 778
610 778
611 778
612 760
613 760
614 760
615 720
616 1127
617 1129
618 1359
619 1260
620 1260
621 1091
622 1129
623 1653
624 1439
625 1128
626 2494
627 2524
628 2270
629 2524
630 2270
631 2270
632 2524
633 2270
634 2270
635 2494
636 2494
637 2494
638 2270
639 2270
640 2270
641 2270
642 2270
643 2270
644 2270
645 2270
646 2270
647 2270
648 2270
649 454
650 463
651 527
652 2494
653 2494
654 730
655 730
656 730
657 730
658 714
659 4826
660 798
661 797
662 2494
663 2494
664 730
665 730
666 2796
667 730
668 689
669 785
670 4800
671 1218
672 730
673 730
674 730
675 730
676 730
677 730
678 629
679 588
680 734
681 738
682 745
683 720
684 840
685 513
686 520
687 517
688 526
689 670
690 1366
691 670
692 357
693 2494
694 2494
695 2270
696 2494
697 2494
698 2796
699 675
700 2494
701 2270
702 2270
703 2270
704 618
705 618
706 2270
707 386
708 2270
709 730
710 730
711 973
712 730
713 730
714 730
715 730
716 730
717 215
718 700
719 618
720 202
721 981
722 2270
723 2270
724 2270
725 2270
726 2270
727 2270
728 2270
729 2270
730 2270
731 730
732 2796
733 2494
734 2270
735 2796
736 2796
737 730
738 730
739 730
740 730
741 730
742 197
743 730
744 730
745 4826
746 628
747 646
748 969
749 1047
750 1184
751 1040
752 2270
753 2270
754 2270
755 2270
756 2270
757 2524
758 2710
759 730
760 2796
761 2270
762 2270
763 2270
764 2270
765 2270
766 2270
767 206
768 785
769 2270
770 2270
771 516
772 10
773 618
774 618
775 714
776 798
777 215
778 357
779 10
780 675
781 4831
782 358
783 1587
784 2270
785 648
786 389
787 600
788 660
789 918
790 215
791 1053
792 1218
793 206
794 617
795 648
796 650
797 533
798 458
799 754
800 2494
801 2270
802 2270
803 2270
804 2270
805 2270
806 2270
807 2270
808 2270
809 2270
810 357
811 671
812 1293
813 1481
814 1481
815 1656
816 1481
817 1656
818 465
819 2270
820 714
821 734
822 749
823 617
824 524
825 600
826 206
827 1184
828 2270
829 2494
830 2270
831 206
832 1032
833 2270
834 2524
835 2270
836 600
837 671
838 671
839 543
840 2270
841 2270
842 689
843 730
844 918
845 2270
846 1032
847 1226
848 1203
849 1259
850 1319
851 1186
852 526
853 389
854 604
855 604
856 526
857 2270
858 2270
859 2270
860 2524
861 2710
862 648
863 4826
864 700
865 671
866 445
867 556
868 654
869 778
870 2494
871 618
872 601
873 1190
874 762
875 745
876 730
877 4948
878 1218
879 918
880 1366
881 745
882 1032
883 786
884 1104
885 788
886 4793
887 798
888 4799
889 526
890 1217
891 2270
892 675
893 1226
894 745
895 776
896 754
897 542
898 1293
899 1481
900 543
901 1762
902 2195
903 981
904 1536
905 981
906 604
907 671
908 619
909 816
910 1606
911 2195
912 526
913 1112
914 604
915 1217
916 4948
917 389
918 736
919 725
920 778
921 778
922 2270
923 2524
924 2270
925 2494
926 730
927 730
928 786
929 591
930 591
931 793
932 757
933 1272
934 1203
935 1318
936 648
937 730
938 530
939 747
940 715
941 675
942 1422
943 472
944 1377
945 700
946 918
947 1318
948 1272
949 1259
950 736
951 736
952 1484
953 3921
954 4301
955 4301
956 4048
957 1968
958 1968
959 1968
960 1968
961 1245
962 1245
963 2608
964 4268
965 4502
966 3294
967 4748
968 4596
969 4748
970 4596
971 1974
972 4596
973 349
974 3884
975 4265
976 3676
977 1864
978 2494
979 2494
980 1272
981 840
982 1186
983 591
984 793
985 793
986 778
987 778
988 4949
989 523
990 1008
991 1653
992 903
993 1406
994 1128
995 989
996 1008
997 1503
998 1554
999 1260
1000 1454
1001 1454
1002 1449
1003 1097
1004 1325
1005 1757
1006 935
1007 1741
1008 1108
1009 2197
1010 2496
1011 2452
1012 1636
1013 1636
1014 1700
1015 1454
1016 1260
1017 1144
1018 1130
1019 885
1020 1502
1021 1346
1022 1112
1023 1636
1024 1559
1025 1636
1026 903
1027 1525
1028 1525
1029 1653
1030 1259
1031 897
1032 1440
1033 1131
1034 1635
1035 1635
1036 989
1037 989
1038 1145
1039 389
1040 1554
1041 1427
1042 1503
1043 903
1044 1359
1045 1319
1046 839
1047 1272
1048 700
1049 660
1050 1553
1051 1427
1052 1126
1053 1347
1054 1385
1055 1623
1056 1347
1057 1383
1058 936
1059 1182
1060 1741
1061 1305
1062 935
1063 1741
1064 2146
1065 3460
1066 1311
1067 1088
1068 874
1069 935
1070 1635
1071 722
1072 776
1073 591
1074 778
1075 675
1076 1454
1077 1554
1078 1754
1079 1754
1080 938
1081 1754
1082 1445
1083 671
1084 1410
1085 797
1086 762
1087 763
1088 888
1089 1440
1090 1129
1091 1360
1092 760
1093 648
1094 786
1095 730
1096 786
1097 648
1098 648
1099 730
1100 730
1101 730
1102 730
1103 730
1104 388
1105 1700
1106 1386
1107 604
1108 1230
1109 1366
1110 779
1111 726
1112 736
1113 1259
1114 897
1115 1091
1116 1097
1117 989
1118 1103
1119 1021
1120 751
1121 752
1122 1040
1123 1553
1124 1008
1125 1190
1126 1585
1127 1259
1128 1366
1129 736
1130 389
1131 1559
1132 1755
1133 1674
1134 1091
1135 1479
1136 1410
1137 885
1138 1130
1139 1319
1140 985
1141 839
1142 1427
1143 542
1144 542
1145 1144
1146 1520
1147 1259
1148 1259
1149 760
1150 760
1151 648
1152 648
1153 648
1154 648
1155 797
1156 797
1157 751
1158 753
1159 1021
1160 1427
1161 752
1162 991
1163 1190
1164 905
1165 1408
1166 1386
1167 935
1168 1406
1169 4827
1170 1386
1171 936
1172 1347
1173 1756
1174 1554
1175 1454
1176 1410
1177 1347
1178 903
1179 1260
1180 1031
1181 1454
1182 2910
1183 1136
1184 1841
1185 2370
1186 510
1187 3353
1188 3800
1189 3800
1190 3328
1191 3328
1192 3328
1193 3587
1194 2860
1195 2626
1196 3425
1197 4158
1198 2626
1199 2626
1200 2992
1201 3328
1202 3136
1203 2626
1204 2626
1205 3587
1206 2860
1207 2626
1208 3587
1209 4867
1210 3318
1211 4867
1212 753
1213 1347
1214 1347
1215 989
1216 989
1217 1602
1218 1410
1219 4866
1220 1217
1221 991
1222 752
1223 2287
1224 1665
1225 2224
1226 1665
1227 751
1228 1203
1229 720
1230 999
1231 757
1232 760
1233 760
1234 760
1235 1386
1236 1325
1237 1366
1238 1091
1239 1439
1240 1585
1241 569
1242 897
1243 935
1244 1757
1245 1602
1246 1886
1247 2832
1248 1293
1249 1696
1250 2370
1251 1770
1252 1877
1253 1713
1254 2746
1255 1127
1256 1127
1257 1091
1258 903
1259 1311
1260 1311
1261 1347
1262 658
1263 510
1264 2242
1265 2459
1266 2459
1267 3828
1268 4854
1269 2617
1270 3500
1271 510
1272 1293
1273 1293
1274 2178
1275 2565
1276 2244
1277 2617
1278 1349
1279 935
1280 1108
1281 1347
1282 1502
1283 720
1284 2287
1285 2178
1286 1711
1287 1768
1288 1440
1289 717
1290 1204
1291 840
1292 839
1293 776
1294 1757
1295 887
1296 776
1297 1204
1298 2910
1299 1636
1300 1182
1301 1182
1302 2619
1303 905
1304 1127
1305 1885
1306 1520
1307 2691
1308 1064
1309 1893
1310 1741
1311 2291
1312 1386
1313 1410
1314 1293
1315 1293
1316 725
1317 4854
1318 888
1319 1204
1320 935
1321 1175
1322 723
1323 890
1324 1166
1325 2565
1326 779
1327 2910
1328 1136
1329 671
1330 1293
1331 671
1332 620
1333 1701
1334 1716
1335 1305
1336 1757
1337 473
1338 1432
1339 1692
1340 4204
1341 1634
1342 1513
1343 1819
1344 1560
1345 1819
1346 1725
1347 1341
1348 1975
1349 1342
1350 2150
1351 1730
1352 813
1353 838
1354 1741
1355 1024
1356 3307
1357 840
1358 760
1359 1386
1360 1059
1361 3318
1362 1700
1363 1450
1364 1700
1365 1319
1366 1800
1367 4867
1368 473
1369 1422
1370 473
1371 4863
1372 1891
1373 1230
1374 1523
1375 863
1376 1128
1377 1757
1378 1559
1379 2224
1380 1529
1381 1529
1382 1285
1383 1260
1384 3900
1385 2620
1386 2627
1387 1449
1388 3192
1389 1716
1390 1797
1391 1305
1392 718
1393 2565
1394 2618
1395 1181
1396 3262
1397 1181
1398 2754
1399 2198
1400 3189
1401 1259
1402 1305
1403 1867
1404 1359
1405 757
1406 760
1407 1181
1408 1349
1409 1756
1410 1890
1411 2632
1412 1554
1413 2322
1414 3046
1415 4184
1416 4051
1417 3587
1418 3485
1419 1528
1420 3457
1421 778
1422 760
1423 778
1424 888
1425 778
1426 760
1427 888
1428 905
1429 776
1430 985
1431 840
1432 840
1433 1259
1434 985
1435 839
1436 985
1437 903
1438 1653
1439 872
1440 2254
1441 1241
1442 1423
1443 1241
1444 2613
1445 2637
1446 3503
1447 3265
1448 1436
1449 1582
1450 1399
1451 905
1452 1366
1453 721
1454 897
1455 897
1456 1305
1457 858
1458 1453
1459 1821
1460 364
1461 1723
1462 2558
1463 1863
1464 1592
1465 1732
1466 1536
1467 981
1468 726
1469 1452
1470 1680
1471 2790
1472 2808
1473 1869
1474 1861
1475 1317
1476 497
1477 2402
1478 1801
1479 776
1480 1129
1481 2826
1482 1479
1483 936
1484 476
1485 3445
1486 480
1487 2181
1488 3087
1489 760
1490 760
1491 760
1492 760
1493 760
1494 778
1495 778
1496 778
1497 778
1498 778
1499 1452
1500 1529
1501 1259
1502 863
1503 1700
1504 1997
1505 1801
1506 1024
1507 1605
1508 2852
1509 2808
1510 1824
1511 2338
1512 2402
1513 1408
1514 1181
1515 568
1516 891
1517 1971
1518 938
1519 1384
1520 1800
1521 1400
1522 1554
1523 1454
1524 1386
1525 1754
1526 936
1527 1386
1528 936
1529 2806
1530 1701
1531 1606
1532 1606
1533 1823
1534 1656
1535 2160
1536 2293
1537 1882
1538 2289
1539 1528
1540 872
1541 1439
1542 872
1543 3452
1544 910
1545 604
1546 1481
1547 1481
1548 1481
1549 1481
1550 1481
1551 1293
1552 1852
1553 1700
1554 1815
1555 2390
1556 1702
1557 2670
1558 1024
1559 1802
1560 1410
1561 604
1562 1425
1563 1624
1564 3248
1565 1823
1566 1764
1567 1091
1568 1408
1569 1176
1570 1176
1571 3319
1572 2460
1573 2806
1574 1762
1575 2390
1576 2390
1577 365
1578 1762
1579 364
1580 2160
1581 365
1582 3458
1583 3198
1584 3360
1585 2828
1586 1467
1587 1507
1588 1487
1589 1508
1590 2254
1591 1010
1592 1982
1593 1799
1594 543
1595 543
1596 1762
1597 1504
1598 1504
1599 1656
1600 1656
1601 1281
1602 364
1603 2198
1604 2027
1605 1407
1606 1449
1607 957
1608 1700
1609 779
1610 1004
1611 1815
1612 2428
1613 3077
1614 2834
1615 3265
1616 2997
1617 3263
1618 2488
1619 2162
1620 2996
1621 1436
1622 2613
1623 1718
1624 1717
1625 1754
1626 1756
1627 937
1628 1880
1629 1525
1630 2390
1631 1479
1632 3470
1633 1682
1634 1770
1635 1384
1636 819
1637 1230
1638 488
1639 2335
1640 2841
1641 2532
1642 3163
1643 2912
1644 2245
1645 2593
1646 2925
1647 2474
1648 3722
1649 3501
1650 3686
1651 3602
1652 2770
1653 3481
1654 2928
1655 2932
1656 2289
1657 1108
1658 1529
1659 364
1660 1391
1661 1484
1662 1489
1663 1487
1664 1538
1665 1962
1666 2890
1667 3502
1668 3076
1669 2947
1670 935
1671 1720
1672 1483
1673 1230
1674 951
1675 1484
1676 1484
1677 1721
1678 3617
1679 2359
1680 487
1681 3380
1682 3648
1683 2361
1684 2614
1685 3360
1686 935
1687 1508
1688 2290
1689 1925
1690 1782
1691 3329
1692 4047
1693 3743
1694 3819
1695 3814
1696 1504
1697 2880
1698 3704
1699 2633
1700 487
1701 1008
1702 3175
1703 1445
1704 781
1705 3523
1706 3473
1707 2926
1708 1803
1709 1757
1710 3280
1711 3311
1712 3305
1713 1803
1714 1576
1715 1440
1716 1509
1717 2541
1718 3088
1719 1498
1720 1724
1721 2383
1722 1577
1723 3196
1724 1325
1725 1802
1726 1982
1727 1059
1728 3262
1729 3712
1730 1606
1731 781
1732 1483
1733 3389
1734 2794
1735 3111
1736 2947
1737 1700
1738 1554
1739 1880
1740 1724
1741 2530
1742 3466
1743 2996
1744 2940
1745 2728
1746 1803
1747 2841
1748 1735
1749 1564
1750 4050
1751 3318
1752 1311
1753 1182
1754 2390
1755 1703
1756 2160
1757 1592
1758 364
1759 777
1760 2162
1761 2947
1762 1685
1763 3902
1764 2476
1765 3581
1766 766
1767 1636
1768 1665
1769 1507
1770 1510
1771 4346
1772 4577
1773 4243
1774 4048
1775 1494
1776 1825
1777 3319
1778 1927
1779 3713
1780 2703
1781 1768
1782 4863
1783 2666
1784 1969
1785 2575
1786 3833
1787 890
1788 1873
1789 2024
1790 2790
1791 479
1792 1584
1793 1692
1794 1523
1795 1416
1796 1523
1797 3902
1798 4216
1799 3699
1800 2630
1801 2630
1802 3444
1803 2630
1804 951
1805 951
1806 1982
1807 1799
1808 3175
1809 2927
1810 3921
1811 1754
1812 938
1813 1716
1814 1508
1815 1509
1816 2650
1817 1637
1818 3354
1819 1811
1820 1494
1821 1267
1822 2550
1823 1445
1824 1677
1825 3460
1826 2593
1827 1950
1828 4308
1829 1927
1830 1700
1831 873
1832 1900
1833 4538
1834 4648
1835 4647
1836 4301
1837 4415
1838 3111
1839 2650
1840 3874
1841 951
1842 1950
1843 1868
1844 4863
1845 2575
1846 1970
1847 2455
1848 876
1849 3102
1850 1141
1851 3900
1852 3318
1853 3638
1854 2489
1855 480
1856 1711
1857 2841
1858 1583
1859 1564
1860 1088
1861 2702
1862 2129
1863 2197
1864 2815
1865 3016
1866 2794
1867 3900
1868 3800
1869 2819
1870 4070
1871 3826
1872 3408
1873 1586
1874 2949
1875 2581
1876 2592
1877 2849
1878 2934
1879 1812
1880 1401
1881 2002
1882 1747
1883 1780
1884 1580
1885 1861
1886 1908
1887 2492
1888 2388
1889 2337
1890 1558
1891 2336
1892 2191
1893 2539
1894 1498
1895 3745
1896 3315
1897 1498
1898 1416
1899 3354
1900 1567
1901 3873
1902 2461
1903 2488
1904 766
1905 1962
1906 1468
1907 1949
1908 1950
1909 1968
1910 1877
1911 1734
1912 2476
1913 3320
1914 3803
1915 3745
1916 2656
1917 2929
1918 3719
1919 2819
1920 3743
1921 2657
1922 3819
1923 3745
1924 981
1925 1847
1926 782
1927 951
1928 1468
1929 3921
1930 1788
1931 875
1932 1434
1933 1893
1934 3902
1935 981
1936 727
1937 2024
1938 1744
1939 1684
1940 2860
1941 1484
1942 1814
1943 935
1944 1676
1945 1872
1946 2558
1947 1724
1948 1723
1949 3722
1950 2489
1951 2768
1952 3602
1953 1509
1954 4065
1955 3815
1956 766
1957 1788
1958 2815
1959 1141
1960 1916
1961 2808
1962 1824
1963 820
1964 3718
1965 2819
1966 3826
1967 2819
1968 2819
1969 951
1970 3306
1971 3401
1972 1867
1973 1273
1974 2581
1975 2446
1976 1074
1977 2815
1978 4184
1979 4149
1980 1487
1981 1494
1982 1608
1983 1398
1984 1741
1985 4217
1986 3444
1987 2626
1988 3719
1989 3311
1990 3481
1991 3522
1992 3672
1993 770
1994 2790
1995 2288
1996 1317
1997 1571
1998 3444
1999 2705
2000 2932
2001 3719
2002 3803
2003 770
2004 1970
2005 2614
2006 940
2007 2291
2008 3921
2009 1246
2010 1982
2011 3187
2012 4149
2013 66
2014 66
2015 4754
2016 276
2017 4713
2018 4268
2019 3884
2020 4923
2021 3884
2022 3884
2023 66
2024 3884
2025 322
2026 3884
2027 4923
2028 3884
2029 3884
2030 322
2031 349
2032 66
2033 75
2034 4675
2035 4713
2036 4154
2037 4154
2038 66
2039 66
2040 322
2041 349
2042 322
2043 66
2044 322
2045 4048
2046 2583
2047 2446
2048 1859
2049 1416
2050 823
2051 3617
2052 4150
2053 4149
2054 322
2055 349
2056 396
2057 4598
2058 396
2059 349
2060 2583
2061 2815
2062 2782
2063 2446
2064 3354
2065 2129
2066 4596
2067 4713
2068 3279
2069 3884
2070 2039
2071 2288
2072 1626
2073 2474
2074 1971
2075 1873
2076 1962
2077 1432
2078 768
2079 770
2080 3800
2081 2039
2082 3279
2083 276
2084 4727
2085 3294
2086 66
2087 1950
2088 4294
2089 1246
2090 4415
2091 3399
2092 3921
2093 1391
2094 1538
2095 4667
2096 4668
2097 396
2098 4669
2099 4596
2100 2556
2101 2476
2102 1722
2103 4120
2104 4149
2105 349
2106 1734
2107 1949
2108 3921
2109 1249
2110 1968
2111 3884
2112 3884
2113 66
2114 349
2115 322
2116 4270
2117 4415
2118 4415
2119 4360
2120 4360
2121 1775
2122 2657
2123 4184
2124 3444
2125 3587
2126 4644
2127 4845
2128 2373
2129 2373
2130 2795
2131 4265
2132 3676
2133 4719
2134 2608
2135 4721
2136 75
2137 4713
2138 4643
2139 2373
2140 4604
2141 3884
2142 3676
2143 4257
2144 4688
2145 3884
2146 4721
2147 2373
2148 4129
2149 2373
2150 4265
2151 4129
2152 4129
2153 4129
2154 4923
2155 2149
2156 4845
2157 2373
2158 2373
2159 4265
2160 4265
2161 4305
2162 4305
2163 4265
2164 4265
2165 4265
2166 4265
2167 4265
2168 4305
2169 4257
2170 3884
2171 4048
2172 1246
2173 3884
2174 4261
2175 4261
2176 4415
2177 4421
2178 4468
2179 75
2180 322
2181 66
2182 322
2183 322
2184 4845
2185 4845
2186 66
2187 66
2188 4721
2189 4604
2190 1734
2191 2339
2192 3400
2193 1244
2194 4154
2195 4159
2196 4154
2197 4733
2198 4598
2199 4625
2200 2373
2201 4604
2202 4844
2203 2373
2204 2373
2205 3676
2206 4265
2207 4265
2208 4265
2209 4265
2210 4265
2211 4265
2212 4129
2213 4265
2214 4845
2215 2129
2216 2130
2217 2130
2218 2130
2219 2989
2220 4844
2221 4643
2222 1814
2223 3884
2224 4265
2225 75
2226 4448
2227 4522
2228 4522
2229 4371
2230 4577
2231 4557
2232 2223
2233 2402
2234 1547
2235 4625
2236 3444
2237 3444
2238 3444
2239 3699
2240 4727
2241 3884
2242 3294
2243 4923
2244 4265
2245 4265
2246 75
2247 3884
2248 4923
2249 3676
2250 66
2251 2729
2252 2586
2253 4150
2254 4154
2255 3279
2256 4421
2257 4159
2258 1442
2259 1696
2260 4308
2261 4337
2262 1245
2263 4577
2264 4308
2265 4308
2266 4371
2267 4620
2268 3676
2269 3676
2270 1340
2271 3676
2272 3676
2273 3884
2274 3884
2275 3884
2276 2452
2277 2453
2278 2455
2279 1692
2280 4397
2281 4647
2282 3481
2283 2373
2284 4408
2285 4415
2286 4674
2287 4557
2288 3884
2289 2129
2290 1917
2291 3187
2292 3187
2293 4159
2294 1949
2295 4548
2296 4713
2297 3676
2298 2782
2299 1508
2300 2401
2301 2635
2302 4701
2303 4604
2304 4625
2305 4667
2306 4077
2307 4364
2308 4667
2309 2230
2310 2230
2311 2230
2312 2230
2313 2230
2314 4617
2315 4617
2316 4598
2317 4448
2318 4026
2319 4364
2320 1244
2321 4265
2322 4120
2323 3522
2324 2630
2325 1245
2326 4263
2327 4263
2328 3294
2329 2583
2330 2953
2331 1430
2332 2433
2333 4366
2334 3699
2335 2130
2336 2989
2337 4751
2338 4364
2339 4448
2340 2473
2341 4049
2342 3884
2343 2630
2344 2630
2345 4415
2346 4257
2347 3676
2348 4668
2349 4346
2350 2392
2351 1659
2352 1680
2353 3320
2354 4625
2355 2230
2356 4701
2357 4448
2358 4669
2359 4152
2360 3318
2361 1340
2362 1416
2363 4265
2364 4144
2365 1245
2366 4268
2367 4555
2368 4598
2369 4643
2370 4555
2371 349
2372 66
2373 66
2374 4261
2375 4288
2376 3294
2377 1888
2378 4152
2379 2608
2380 4264
2381 4294
2382 4268
2383 4268
2384 2630
2385 4308
2386 3884
2387 4120
2388 3826
2389 3743
2390 1398
2391 2626
2392 1965
2393 3135
2394 1725
2395 877
2396 4154
2397 4268
2398 2608
2399 4157
2400 2630
2401 2608
2402 4538
2403 4751
2404 1903
2405 484
2406 3743
2407 2406
2408 1317
2409 1857
2410 2279
2411 2020
2412 1907
2413 4152
2414 4051
2415 774
2416 2620
2417 3185
2418 2782
2419 1273
2420 365
2421 1536
2422 3444
2423 2626
2424 2626
2425 3328
2426 4257
2427 3135
2428 3884
2429 322
2430 3884
2431 2338
2432 1244
2433 4026
2434 4598
2435 4364
2436 4157
2437 3029
2438 4305
2439 4461
2440 3676
2441 2492
2442 495
2443 2435
2444 4733
2445 4625
2446 4617
2447 484
2448 3522
2449 484
2450 2768
2451 2767
2452 3652
2453 2626
2454 2626
2455 2626
2456 4963
2457 2229
2458 1416
2459 1917
2460 2473
2461 2705
2462 2931
2463 2932
2464 3328
2465 4305
2466 3876
2467 4265
2468 4265
2469 4265
2470 4265
2471 4265
2472 4265
2473 3876
2474 4265
2475 4265
2476 3876
2477 3876
2478 4265
2479 3876
2480 3876
2481 3876
2482 3876
2483 4257
2484 4265
2485 3135
2486 4371
2487 4371
2488 4748
2489 1844
2490 1862
2491 2391
2492 1647
2493 2227
2494 2521
2495 1814
2496 1987
2497 4308
2498 4343
2499 4517
2500 4406
2501 1966
2502 2709
2503 2934
2504 4617
2505 2795
2506 4265
2507 1399
2508 1432
2509 1962
2510 2406
2511 4713
2512 1820
2513 2219
2514 2105
2515 2234
2516 1546
2517 1655
2518 4364
2519 4598
2520 4751
2521 4625
2522 3473
2523 2608
2524 2608
2525 4265
2526 4301
2527 3652
2528 4158
2529 3029
2530 3136
2531 3029
2532 4696
2533 4305
2534 1864
2535 4265
2536 1919
2537 1245
2538 1962
2539 1968
2540 3921
2541 4308
2542 4332
2543 2130
2544 1888
2545 1243
2546 2230
2547 3495
2548 4026
2549 4154
2550 4154
2551 4268
2552 3522
2553 769
2554 4265
2555 3136
2556 4305
2557 3876
2558 2326
2559 2388
2560 2709
2561 1677
2562 4152
2563 4154
2564 4154
2565 4448
2566 4643
2567 4721
2568 2635
2569 4288
2570 4963
2571 4305
2572 1637
2573 495
2574 4617
2575 2230
2576 2230
2577 2230
2578 2230
2579 3094
2580 4308
2581 2626
2582 4360
2583 4936
2584 1864
2585 1340
2586 1719
2587 1372
2588 4366
2589 4129
2590 4604
2591 2795
2592 2627
2593 3136
2594 3328
2595 3029
2596 3029
2597 3029
2598 3029
2599 4548
2600 4700
2601 1371
2602 2561
2603 2671
2604 3189
2605 1564
2606 496
2607 1244
2608 4263
2609 1968
2610 3876
2611 4397
2612 499
2613 2388
2614 2326
2615 2326
2616 1541
2617 1252
2618 1392
2619 1373
2620 1869
2621 1547
2622 1415
2623 1540
2624 4625
2625 3743
2626 1909
2627 1414
2628 4625
2629 4625
2630 2230
2631 4243
2632 4342
2633 4268
2634 4516
2635 4748
2636 1864
2637 499
2638 2328
2639 2373
2640 1863
2641 3640
2642 3652
2643 2860
2644 3136
2645 3029
2646 3303
2647 3185
2648 3109
2649 3301
2650 2694
2651 2989
2652 4549
2653 4360
2654 1647
2655 1641
2656 1820
2657 4027
2658 1593
2659 4263
2660 4342
2661 4557
2662 3876
2663 4265
2664 4647
2665 1926
2666 4453
2667 480
2668 2931
2669 4399
2670 4360
2671 2588
2672 4360
2673 4373
2674 2015
2675 2326
2676 1392
2677 1372
2678 2653
2679 484
2680 3587
2681 1888
2682 4070
2683 2659
2684 2819
2685 2976
2686 3789
2687 3091
2688 3046
2689 2428
2690 4143
2691 2767
2692 1392
2693 4625
2694 4617
2695 3794
2696 3803
2697 2657
2698 3789
2699 3084
2700 2548
2701 3789
2702 4184
2703 4070
2704 4184
2705 2819
2706 2630
2707 4261
2708 4400
2709 4397
2710 1253
2711 1253
2712 4604
2713 4144
2714 2293
2715 2441
2716 2023
2717 2780
2718 1633
2719 1630
2720 1568
2721 1514
2722 1640
2723 4371
2724 1725
2725 4026
2726 2245
2727 3484
2728 2852
2729 2293
2730 2293
2731 3876
2732 2392
2733 1073
2734 2815
2735 1073
2736 2782
2737 2446
2738 2445
2739 1665
2740 1868
2741 3095
2742 2446
2743 2197
2744 1788
2745 1775
2746 3275
2747 2445
2748 2534
2749 2534
2750 2297
2751 1546
2752 2726
2753 1402
2754 3235
2755 1816
2756 1719
2757 1766
2758 4393
2759 2230
2760 4721
2761 4617
2762 4667
2763 3187
2764 2767
2765 498
2766 498
2767 1719
2768 1910
2769 1918
2770 3206
2771 3457
2772 3468
2773 3444
2774 2888
2775 2888
2776 4184
2777 2293
2778 1725
2779 2230
2780 1892
2781 4184
2782 2679
2783 2761
2784 4963
2785 2406
2786 3109
2787 3262
2788 3159
2789 2130
2790 876
2791 2197
2792 2406
2793 2130
2794 2129
2795 2130
2796 2130
2797 2333
2798 2189
2799 3275
2800 3335
2801 3301
2802 3301
2803 3327
2804 3037
2805 4175
2806 3903
2807 4713
2808 4640
2809 2584
2810 1902
2811 1783
2812 2294
2813 3299
2814 4604
2815 4268
2816 4158
2817 3311
2818 3225
2819 2989
2820 4265
2821 3876
2822 2681
2823 876
2824 4596
2825 2815
2826 2339
2827 1521
2828 4448
2829 3719
2830 3449
2831 3617
2832 3617
2833 2630
2834 4268
2835 3214
2836 3028
2837 3109
2838 2694
2839 1879
2840 1304
2841 3344
2842 3385
2843 3245
2844 3422
2845 3275
2846 3275
2847 2696
2848 2130
2849 4257
2850 4742
2851 876
2852 1243
2853 3676
2854 1901
2855 2388
2856 2025
2857 1655
2858 1779
2859 2373
2860 2795
2861 2989
2862 3136
2863 3136
2864 2406
2865 876
2866 4625
2867 2225
2868 505
2869 2727
2870 3743
2871 484
2872 4268
2873 4196
2874 4399
2875 3130
2876 495
2877 1244
2878 3650
2879 2626
2880 3136
2881 3109
2882 4265
2883 4265
2884 4265
2885 2197
2886 1617
2887 2894
2888 3744
2889 2360
2890 3587
2891 3921
2892 2897
2893 4265
2894 1844
2895 1243
2896 1844
2897 1926
2898 2514
2899 4599
2900 3492
2901 3214
2902 3245
2903 4721
2904 1844
2905 1340
2906 3687
2907 2511
2908 4308
2909 2885
2910 3353
2911 3500
2912 4854
2913 2999
2914 2502
2915 2921
2916 3869
2917 3245
2918 4461
2919 495
2920 3094
2921 3159
2922 3245
2923 4647
2924 2294
2925 2339
2926 1892
2927 1532
2928 1987
2929 4304
2930 3921
2931 3921
2932 1370
2933 2655
2934 4265
2935 3136
2936 4265
2937 4265
2938 4565
2939 4556
2940 4713
2941 4070
2942 396
2943 2382
2944 4159
2945 4421
2946 4308
2947 3059
2948 3109
2949 4748
2950 2197
2951 2197
2952 2641
2953 1776
2954 2860
2955 4349
2956 1888
2957 3884
2958 2230
2959 4625
2960 4667
2961 4667
2962 3687
2963 4360
2964 4159
2965 4154
2966 4468
2967 2911
2968 4207
2969 2932
2970 2626
2971 4521
2972 3275
2973 1840
2974 1768
2975 1108
2976 2189
2977 2815
2978 1541
2979 2435
2980 2636
2981 1809
2982 3162
2983 2418
2984 3274
2985 3385
2986 4598
2987 349
2988 1983
2989 2373
2990 4604
2991 1244
2992 3475
2993 4265
2994 4265
2995 4647
2996 1679
2997 4999
2998 4270
2999 2223
3000 1329
3001 1304
3002 3301
3003 4517
3004 1392
3005 1273
3006 4369
3007 3246
3008 3934
3009 3371
3010 4265
3011 1679
3012 1679
3013 4646
3014 1719
3015 1912
3016 2523
3017 2339
3018 3018
3019 3195
3020 3199
3021 3163
3022 2373
3023 3717
3024 4332
3025 2091
3026 1679
3027 4304
3028 2534
3029 2627
3030 2588
3031 4360
3032 496
3033 2654
3034 2926
3035 2860
3036 2630
3037 2888
3038 2626
3039 2630
3040 2888
3041 3444
3042 2626
3043 2626
3044 2626
3045 2626
3046 2588
3047 4075
3048 4075
3049 4521
3050 1679
3051 1864
3052 66
3053 4845
3054 2116
3055 4845
3056 2116
3057 3848
3058 499
3059 4669
3060 2654
3061 3870
3062 2632
3063 3500
3064 3469
3065 3679
3066 2977
3067 2978
3068 4516
3069 4453
3070 4717
3071 2105
3072 2891
3073 3371
3074 1679
3075 3275
3076 3069
3077 2187
3078 1665
3079 2534
3080 1969
3081 1073
3082 1908
3083 4366
3084 2704
3085 3109
3086 3245
3087 349
3088 1340
3089 1430
3090 4669
3091 2384
3092 1905
3093 1617
3094 1549
3095 1848
3096 1549
3097 1549
3098 4412
3099 4355
3100 4070
3101 4265
3102 4265
3103 1987
3104 1858
3105 4300
3106 4598
3107 276
3108 3869
3109 3044
3110 3366
3111 3037
3112 4751
3113 4265
3114 3301
3115 3037
3116 3346
3117 3368
3118 3369
3119 3396
3120 3224
3121 3224
3122 3224
3123 3395
3124 3942
3125 4092
3126 3430
3127 1986
3128 4024
3129 2976
3130 1891
3131 4598
3132 66
3133 66
3134 66
3135 349
3136 349
3137 396
3138 66
3139 66
3140 396
3141 75
3142 3370
3143 396
3144 2640
3145 3069
3146 3385
3147 3037
3148 3368
3149 3394
3150 3396
3151 3583
3152 3585
3153 4140
3154 4130
3155 4091
3156 4141
3157 2534
3158 2401
3159 4617
3160 4070
3161 3699
3162 3436
3163 3893
3164 4047
3165 3404
3166 3485
3167 2910
3168 2910
3169 4667
3170 66
3171 4696
3172 4719
3173 4265
3174 4265
3175 4204
3176 3280
3177 4149
3178 4308
3179 1987
3180 3413
3181 396
3182 349
3183 4265
3184 2671
3185 4845
3186 2630
3187 3444
3188 3444
3189 2620
3190 2630
3191 2630
3192 3444
3193 2640
3194 349
3195 4168
3196 66
3197 3069
3198 1679
3199 4717
3200 1670
3201 3301
3202 3344
3203 3069
3204 3037
3205 3368
3206 3038
3207 3368
3208 3346
3209 3037
3210 3419
3211 4515
3212 3280
3213 3650
3214 2886
3215 4604
3216 4721
3217 4191
3218 2373
3219 4265
3220 4265
3221 1679
3222 2446
3223 1982
3224 2708
3225 4593
3226 2630
3227 3444
3228 4604
3229 4604
3230 4604
3231 66
3232 322
3233 4516
3234 2640
3235 4648
3236 1274
3237 2327
3238 2658
3239 3077
3240 506
3241 4643
3242 3024
3243 4295
3244 4923
3245 4845
3246 4265
3247 4065
3248 2630
3249 2827
3250 2373
3251 4604
3252 4923
3253 4923
3254 4129
3255 3037
3256 3221
3257 4175
3258 4086
3259 3398
3260 4193
3261 3369
3262 3369
3263 3504
3264 3583
3265 3586
3266 3346
3267 3037
3268 3327
3269 2651
3270 1583
3271 2772
3272 2441
3273 2622
3274 2685
3275 2620
3276 4265
3277 322
3278 66
3279 4265
3280 4265
3281 2149
3282 3419
3283 1779
3284 2894
3285 4845
3286 4129
3287 3848
3288 4265
3289 4265
3290 66
3291 322
3292 4265
3293 4265
3294 4265
3295 4265
3296 4845
3297 2373
3298 1679
3299 1660
3300 4999
3301 1861
3302 2886
3303 3354
3304 3869
3305 66
3306 1651
3307 4129
3308 2373
3309 1660
3310 3346
3311 3368
3312 3346
3313 3349
3314 1679
3315 1768
3316 2514
3317 1073
3318 2401
3319 4157
3320 4184
3321 3084
3322 3444
3323 4129
3324 2373
3325 3848
3326 4264
3327 3037
3328 3433
3329 1809
3330 3349
3331 4193
3332 3038
3333 1824
3334 1394
3335 2891
3336 3848
3337 3199
3338 2721
3339 2105
3340 2926
3341 4300
3342 1716
3343 2224
3344 1532
3345 1747
3346 3444
3347 4148
3348 3084
3349 1858
3350 1692
3351 4999
3352 1274
3353 2537
3354 3084
3355 4295
3356 4264
3357 4304
3358 4295
3359 4999
3360 4084
3361 4211
3362 4085
3363 3040
3364 3591
3365 3837
3366 3681
3367 3681
3368 3596
3369 4164
3370 3367
3371 3368
3372 3368
3373 3472
3374 3394
3375 3074
3376 3430
3377 3348
3378 3394
3379 3430
3380 1782
3381 1782
3382 1810
3383 3800
3384 2462
3385 2789
3386 2704
3387 4178
3388 3903
3389 3422
3390 1660
3391 3367
3392 4085
3393 3868
3394 3733
3395 3430
3396 3368
3397 3038
3398 3368
3399 2561
3400 3468
3401 3247
3402 4175
3403 4508
3404 4516
3405 3394
3406 4304
3407 3433
3408 1598
3409 3084
3410 4191
3411 4404
3412 3074
3413 3585
3414 3071
3415 3368
3416 3394
3417 1658
3418 3024
3419 1997
3420 3439
3421 4270
3422 1679
3423 4676
3424 3369
3425 1072
3426 4270
3427 4295
3428 2640
3429 3041
3430 3618
3431 3344
3432 3430
3433 4393
3434 1789
3435 1881
3436 3245
3437 3444
3438 3502
3439 3039
3440 3642
3441 3395
3442 3504
3443 3422
3444 3084
3445 3828
3446 3084
3447 4086
3448 3221
3449 4192
3450 4185
3451 1769
3452 1810
3453 4059
3454 4086
3455 3714
3456 2650
3457 3599
3458 3076
3459 1716
3460 2791
3461 3452
3462 2828
3463 3346
3464 489
3465 1684
3466 3430
3467 2382
3468 2325
3469 2548
3470 2926
3471 3798
3472 3714
3473 488
3474 3381
3475 1769
3476 1900
3477 4106
3478 4169
3479 1684
3480 3368
3481 3235
3482 3893
3483 1403
3484 4646
3485 4516
3486 1615
3487 1816
3488 1633
3489 4634
3490 2383
3491 2972
3492 3704
3493 3162
3494 3428
3495 3656
3496 3682
3497 4162
3498 4209
3499 4147
3500 3772
3501 3947
3502 4041
3503 4041
3504 4041
3505 4042
3506 4042
3507 4042
3508 4042
3509 4042
3510 4041
3511 4042
3512 4041
3513 3506
3514 3681
3515 3709
3516 3301
3517 3361
3518 3571
3519 3527
3520 3537
3521 3560
3522 3571
3523 3571
3524 3528
3525 3594
3526 3535
3527 3631
3528 3680
3529 3752
3530 3571
3531 4882
3532 4042
3533 3945
3534 4042
3535 3947
3536 3947
3537 4893
3538 3571
3539 3571
3540 3528
3541 3524
3542 3554
3543 3524
3544 3544
3545 3631
3546 3631
3547 3532
3548 3709
3549 3507
3550 3673
3551 3838
3552 3524
3553 3610
3554 3984
3555 3947
3556 3986
3557 4895
3558 3537
3559 3559
3560 3559
3561 3914
3562 3559
3563 3991
3564 3559
3565 3559
3566 3949
3567 3914
3568 3560
3569 3527
3570 3571
3571 3528
3572 3527
3573 3669
3574 3571
3575 3528
3576 1401
3577 2381
3578 4270
3579 4059
3580 4175
3581 2997
3582 4091
3583 3340
3584 3655
3585 3596
3586 3341
3587 4162
3588 3725
3589 3521
3590 3725
3591 3571
3592 3585
3593 2726
3594 3524
3595 3631
3596 3646
3597 4052
3598 4165
3599 4332
3600 4183
3601 4173
3602 3037
3603 3346
3604 1108
3605 3680
3606 3535
3607 3430
3608 3870
3609 4086
3610 4067
3611 2652
3612 3732
3613 3571
3614 3571
3615 3571
3616 3681
3617 2161
3618 3245
3619 3282
3620 4169
3621 3528
3622 3524
3623 3668
3624 3544
3625 2983
3626 2825
3627 2023
3628 4169
3629 4223
3630 3342
3631 1142
3632 3506
3633 3584
3634 3595
3635 3533
3636 3680
3637 3631
3638 3646
3639 3283
3640 1842
3641 507
3642 1625
3643 3535
3644 3709
3645 3777
3646 3778
3647 4052
3648 3419
3649 3419
3650 3419
3651 3376
3652 3301
3653 1179
3654 4099
3655 3633
3656 3571
3657 3309
3658 3666
3659 1658
3660 3631
3661 3535
3662 3504
3663 1634
3664 1810
3665 3825
3666 3084
3667 3750
3668 4209
3669 4218
3670 3667
3671 2983
3672 2780
3673 2418
3674 2336
3675 506
3676 3042
3677 4146
3678 3682
3679 3646
3680 3048
3681 2242
3682 2224
3683 1806
3684 1806
3685 4178
3686 2780
3687 1404
3688 1871
3689 3073
3690 2541
3691 3631
3692 2502
3693 3434
3694 4164
3695 4894
3696 3560
3697 1403
3698 1495
3699 3505
3700 3467
3701 3825
3702 1807
3703 1679
3704 1906
3705 1685
3706 3430
3707 3554
3708 2502
3709 3221
3710 1625
3711 4091
3712 3603
3713 3346
3714 3044
3715 3349
3716 3069
3717 3037
3718 3350
3719 4166
3720 1770
3721 3359
3722 4700
3723 3528
3724 3528
3725 3528
3726 3528
3727 3571
3728 3528
3729 3528
3730 3571
3731 3527
3732 3560
3733 3560
3734 3537
3735 3991
3736 4014
3737 4062
3738 4037
3739 3947
3740 4187
3741 3680
3742 3528
3743 3949
3744 4006
3745 3996
3746 3997
3747 3539
3748 3560
3749 3537
3750 3772
3751 3984
3752 4299
3753 4041
3754 3772
3755 4232
3756 4218
3757 3532
3758 3631
3759 3646
3760 4209
3761 4218
3762 3646
3763 3631
3764 3594
3765 3571
3766 2978
3767 2754
3768 3787
3769 1401
3770 1683
3771 1652
3772 2833
3773 2301
3774 3656
3775 3656
3776 1879
3777 2693
3778 4457
3779 1802
3780 3395
3781 3528
3782 4169
3783 1848
3784 1617
3785 1699
3786 1683
3787 3338
3788 3560
3789 3763
3790 3299
3791 3346
3792 1816
3793 1630
3794 3368
3795 1800
3796 3646
3797 1550
3798 4301
3799 4207
3800 1611
3801 2546
3802 2104
3803 4170
3804 4165
3805 3508
3806 3535
3807 3435
3808 1371
3809 4646
3810 1401
3811 1549
3812 1248
3813 4405
3814 1549
3815 1415
3816 1672
3817 1611
3818 1611
3819 1549
3820 1848
3821 1549
3822 1549
3823 1611
3824 1611
3825 1611
3826 1648
3827 4634
3828 1549
3829 4237
3830 3918
3831 3798
3832 3780
3833 3316
3834 3584
3835 3528
3836 2978
3837 3733
3838 3191
3839 4457
3840 1679
3841 4393
3842 4465
3843 3776
3844 3533
3845 4059
3846 1550
3847 4404
3848 1617
3849 4193
3850 4228
3851 4177
3852 2254
3853 3533
3854 4169
3855 1617
3856 1549
3857 4185
3858 4185
3859 3069
3860 1782
3861 4863
3862 3430
3863 3465
3864 3528
3865 3528
3866 3528
3867 3727
3868 3903
3869 3413
3870 3422
3871 3981
3872 4412
3873 4878
3874 4909
3875 3537
3876 3527
3877 3527
3878 3071
3879 1907
3880 504
3881 1633
3882 1568
3883 1706
3884 4699
3885 1531
3886 4364
3887 4591
3888 2163
3889 1829
3890 4631
3891 1595
3892 4173
3893 875
3894 3505
3895 3653
3896 4042
3897 4041
3898 4041
3899 4041
3900 4042
3901 3947
3902 3947
3903 4042
3904 3971
3905 4042
3906 4042
3907 4042
3908 4042
3909 4042
3910 4037
3911 4037
3912 4019
3913 4037
3914 4042
3915 4042
3916 4042
3917 4042
3918 4041
3919 4042
3920 4906
3921 4037
3922 4042
3923 4042
3924 4042
3925 4042
3926 4042
3927 4042
3928 4042
3929 4042
3930 4042
3931 4042
3932 4042
3933 4042
3934 4042
3935 4042
3936 4041
3937 4042
3938 4042
3939 4042
3940 4037
3941 3944
3942 4037
3943 3997
3944 3948
3945 3537
3946 3560
3947 3947
3948 4879
3949 4146
3950 3433
3951 3551
3952 3535
3953 3947
3954 3947
3955 4042
3956 4042
3957 4042
3958 4042
3959 4042
3960 4042
3961 4042
3962 4041
3963 4041
3964 4041
3965 3947
3966 3947
3967 3512
3968 4355
3969 1249
3970 3351
3971 2336
3972 2999
3973 3947
3974 4041
3975 4041
3976 4041
3977 4041
3978 4041
3979 4041
3980 4041
3981 4041
3982 4041
3983 3947
3984 4041
3985 3385
3986 3245
3987 4086
3988 3341
3989 3368
3990 1634
3991 3528
3992 3594
3993 3594
3994 3947
3995 3947
3996 4041
3997 4041
3998 4041
3999 4042
4000 4042
4001 4041
4002 4041
4003 4041
4004 4041
4005 4041
4006 4041
4007 4041
4008 3947
4009 3301
4010 3350
4011 2459
4012 3433
4013 1108
4014 1634
4015 3827
4016 3430
4017 3482
4018 2619
4019 3327
4020 2746
4021 3947
4022 4042
4023 4041
4024 4042
4025 2244
4026 3398
4027 4170
4028 3583
4029 3348
4030 3500
4031 1648
4032 2242
4033 1630
4034 4359
4035 3370
4036 4092
4037 1630
4038 3528
4039 3571
4040 3528
4041 3544
4042 3528
4043 2502
4044 3512
4045 3039
4046 3394
4047 3430
4048 4162
4049 3275
4050 1108
4051 3552
4052 3586
4053 3947
4054 4507
4055 4412
4056 1766
4057 3037
4058 3044
4059 3222
4060 4232
4061 4232
4062 3623
4063 3551
4064 3037
4065 3346
4066 1630
4067 1630
4068 1630
4069 2370
4070 1630
4071 3038
4072 3631
4073 4041
4074 4041
4075 4041
4076 4041
4077 4404
4078 4392
4079 4576
4080 4211
4081 3069
4082 3359
4083 1923
4084 504
4085 3368
4086 4041
4087 3346
4088 3044
4089 4458
4090 1514
4091 3552
4092 3396
4093 3524
4094 3571
4095 3059
4096 3095
4097 3500
4098 3037
4099 3419
4100 3433
4101 4640
4102 3837
4103 3505
4104 3245
4105 2564
4106 3827
4107 3631
4108 3528
4109 3535
4110 2244
4111 2370
4112 3781
4113 2244
4114 1514
4115 4463
4116 4634
4117 3368
4118 4041
4119 2244
4120 3839
4121 4634
4122 1568
4123 1595
4124 3622
4125 4099
4126 3519
4127 3725
4128 3720
4129 3776
4130 3524
4131 4041
4132 4041
4133 3601
4134 3394
4135 3472
4136 2565
4137 3368
4138 3653
4139 3528
4140 2832
4141 3368
4142 3839
4143 3646
4144 3038
4145 3548
4146 4041
4147 4041
4148 4042
4149 4041
4150 4041
4151 3984
4152 3472
4153 3223
4154 3586
4155 3594
4156 3948
4157 3905
4158 3560
4159 3560
4160 4459
4161 3465
4162 3368
4163 3714
4164 4538
4165 4549
4166 1513
4167 4613
4168 504
4169 1706
4170 502
4171 502
4172 1819
4173 501
4174 1428
4175 1428
4176 1894
4177 1791
4178 1791
4179 1633
4180 2370
4181 4541
4182 4541
4183 3571
4184 4099
4185 4041
4186 4041
4187 4041
4188 4554
4189 2832
4190 3430
4191 4145
4192 3571
4193 3527
4194 4041
4195 4549
4196 3369
4197 3527
4198 4041
4199 4041
4200 3947
4201 3947
4202 4042
4203 1561
4204 4042
4205 4042
4206 4042
4207 3728
4208 4042
4209 4042
4210 3947
4211 3947
4212 4000
4213 1640
4214 1531
4215 503
4216 1706
4217 1706
4218 1706
4219 1568
4220 502
4221 4364
4222 4674
4223 4674
4224 4428
4225 1870
4226 1697
4227 1640
4228 1640
4229 1560
4230 502
4231 1515
4232 1513
4233 1514
4234 503
4235 4727
4236 3914
4237 4041
4238 4041
4239 1819
4240 4674
4241 1515
4242 4042
4243 4042
4244 4465
4245 1634
4246 3948
4247 4042
4248 4041
4249 4042
4250 4042
4251 4042
4252 4042
4253 4006
4254 1531
4255 1819
4256 4041
4257 4041
4258 1531
4259 1829
4260 4742
4261 1595
4262 3947
4263 4042
4264 4042
4265 4042
4266 503
4267 4742
4268 4364
4269 4726
4270 4370
4271 1560
4272 1819
4273 1627
4274 4463
4275 1514
4276 1560
4277 4042
4278 4585
4279 1560
4280 4586
4281 1627
4282 1829
4283 1819
4284 4634
4285 1513
4286 4037
4287 1513
4288 4585
4289 1560
4290 1560
4291 4042
4292 4042
4293 4042
4294 3947
4295 4042
4296 4042
4297 1819
4298 4042
4299 4042
4300 4042
4301 4042
4302 4042
4303 4042
4304 4042
4305 4042
4306 1819
4307 501
4308 4042
4309 4042
4310 4042
4311 4042
4312 1513
4313 4742
4314 1819
4315 1537
4316 1513
4317 4552
4318 2163
4319 1628
4320 1819
4321 1537
4322 1560
4323 1560
4324 1819
4325 2163
4326 1819
4327 4674
4328 503
4329 1628
4330 4587
4331 4615
4332 4742
4333 1697
4334 1870
4335 1975
4336 1725
4337 1819
4338 1627
4339 1628
4340 4632
4341 4637
4342 1156
4343 1202
4344 1258
4345 4444
4346 4656
4347 2823
4348 4664
4349 2823
4350 1894
4351 4101
4352 3901
4353 2042
4354 2042
4355 2042
4356 2742
4357 3441
4358 3660
4359 3737
4360 3734
4361 3694
4362 3694
4363 3694
4364 3694
4365 3694
4366 3694
4367 3694
4368 3694
4369 3694
4370 3066
4371 3663
4372 3943
4373 3441
4374 3943
4375 1974
4376 1974
4377 1211
4378 4656
4379 1791
4380 1730
4381 1791
4382 1844
4383 1627
4384 1864
4385 1628
4386 1156
4387 1505
4388 1627
4389 1156
4390 1888
4391 1341
4392 1315
4393 1315
4394 1316
4395 1725
4396 1974
4397 1156
4398 4427
4399 1211
4400 1714
4401 1974
4402 1156
4403 1726
4404 1864
4405 1628
4406 1697
4407 1725
4408 1162
4409 1156
4410 1211
4411 1714
4412 1315
4413 4937
4414 4664
4415 4101
4416 4101
4417 2742
4418 4044
4419 2742
4420 4043
4421 3907
4422 3217
4423 3441
4424 3441
4425 3943
4426 3899
4427 3737
4428 3737
4429 3907
4430 3943
4431 3217
4432 3662
4433 2742
4434 2742
4435 3910
4436 1894
4437 1894
4438 1645
4439 1156
4440 3616
4441 1156
4442 1202
4443 1736
4444 1342
4445 4664
4446 1315
4447 1725
4448 1315
4449 4444
4450 1315
4451 1894
4452 1315
4453 2823
4454 4444
4455 4444
4456 1974
4457 3441
4458 3899
4459 3734
4460 3658
4461 3694
4462 3694
4463 3694
4464 3694
4465 3943
4466 3388
4467 3033
4468 3066
4469 3155
4470 3694
4471 3694
4472 3694
4473 3616
4474 3616
4475 3616
4476 3033
4477 3155
4478 3694
4479 3694
4480 3694
4481 3386
4482 3943
4483 3943
4484 1340
4485 3296
4486 3694
4487 3694
4488 3694
4489 3694
4490 3694
4491 3296
4492 4043
4493 1315
4494 3694
4495 4929
4496 3734
4497 2823
4498 1888
4499 1844
4500 3737
4501 2308
4502 3694
4503 3694
4504 3694
4505 3694
4506 3694
4507 3694
4508 1974
4509 1888
4510 4444
4511 3441
4512 3694
4513 1315
4514 3441
4515 1341
4516 3694
4517 3694
4518 4444
4519 3943
4520 3441
4521 3155
4522 3694
4523 3694
4524 3694
4525 3616
4526 3217
4527 3663
4528 3217
4529 3615
4530 3616
4531 3907
4532 3694
4533 3901
4534 1315
4535 3155
4536 3155
4537 3155
4538 3155
4539 1315
4540 1645
4541 1791
4542 1645
4543 4600
4544 3033
4545 4656
4546 1791
4547 1791
4548 1894
4549 2913
4550 1428
4551 4664
4552 3736
4553 3033
4554 3615
4555 3155
4556 3616
4557 1315
4558 3907
4559 3155
4560 3155
4561 3066
4562 3616
4563 1315
4564 2823
4565 1888
4566 1887
4567 3901
4568 3899
4569 3660
4570 3662
4571 3662
4572 3907
4573 2742
4574 2742
4575 2823
4576 2823
4577 1340
4578 1211
4579 2823
4580 4101
4581 1505
4582 1156
4583 3662
4584 4023
4585 4055
4586 2742
4587 2823
4588 3441
4589 3694
4590 4043
4591 2744
4592 2742
4593 3660
4594 1791
4595 3155
4596 3694
4597 3694
4598 3694
4599 3694
4600 1791
4601 4101
4602 3910
4603 2742
4604 4043
4605 4043
4606 3943
4607 4043
4608 3907
4609 3907
4610 3662
4611 3907
4612 4044
4613 3694
4614 3694
4615 3066
4616 2823
4617 1894
4618 1791
4619 1894
4620 3155
4621 3907
4622 4055
4623 4929
4624 1926
4625 3066
4626 2742
4627 2742
4628 2742
4629 3694
4630 1730
4631 1730
4632 1895
4633 3736
4634 3737
4635 3737
4636 3943
4637 3616
4638 3616
4639 3899
4640 3899
4641 3899
4642 3441
4643 3386
4644 3296
4645 3662
4646 1895
4647 3694
4648 2742
4649 3909
4650 3907
4651 3616
4652 3662
4653 1894
4654 2042
4655 4044
4656 2505
4657 1791
4658 1791
4659 3694
4660 3694
4661 3694
4662 3694
4663 3694
4664 3694
4665 3899
4666 3737
4667 4929
4668 3441
4669 1342
4670 4044
4671 2742
4672 3694
4673 4929
4674 3734
4675 3736
4676 3907
4677 2742
4678 4023
4679 2742
4680 1894
4681 1315
4682 1342
4683 2913
4684 3907
4685 2742
4686 3694
4687 3296
4688 3737
4689 3943
4690 3441
4691 3907
4692 3616
4693 1791
4694 3441
4695 3943
4696 1894
4697 1894
4698 1791
4699 3660
4700 1894
4701 3139
4702 3616
4703 3907
4704 2742
4705 3694
4706 3694
4707 3694
4708 3734
4709 3899
4710 2042
4711 2742
4712 3907
4713 1894
4714 1894
4715 2913
4716 2624
4717 1894
4718 3694
4719 3694
4720 3694
4721 3694
4722 3734
4723 3734
4724 3694
4725 1894
4726 3662
4727 2042
4728 1894
4729 3907
4730 1894
4731 3907
4732 3907
4733 3910
4734 2913
4735 2505
4736 2042
4737 3694
4738 3734
4739 1894
4740 3899
4741 4043
4742 3907
4743 4055
4744 3734
4745 3734
4746 3734
4747 2742
4748 2308
4749 3943
4750 3907
4751 3907
4752 3217
4753 3907
4754 3907
4755 3907
4756 4482
4757 85
4758 2638
4759 4610
4760 4610
4761 2638
4762 2638
4763 85
4764 2638
4765 2638
4766 2638
4767 2638
4768 260
4769 230
4770 2638
4771 2638
4772 2638
4773 4610
4774 4482
4775 3592
4776 888
4777 730
4778 730
4779 2710
4780 2494
4781 2270
4782 730
4783 778
4784 778
4785 2270
4786 2270
4787 2270
4788 730
4789 2270
4790 2270
4791 749
4792 749
4793 749
4794 2270
4795 730
4796 648
4797 778
4798 778
4799 778
4800 2270
4801 778
4802 2270
4803 2270
4804 648
4805 648
4806 730
4807 730
4808 778
4809 888
4810 609
4811 579
4812 588
4813 588
4814 717
4815 798
4816 797
4817 745
4818 738
4819 778
4820 778
4821 778
4822 730
4823 2270
4824 730
4825 730
4826 730
4827 730
4828 730
4829 778
4830 730
4831 2270
4832 749
4833 778
4834 778
4835 778
4836 730
4837 778
4838 730
4839 730
4840 2494
4841 778
4842 2270
4843 730
4844 730
4845 730
4846 2494
4847 778
4848 778
4849 603
4850 805
4851 475
4852 675
4853 1476
4854 1606
4855 1481
4856 1656
4857 1656
4858 543
4859 1656
4860 1481
4861 202
4862 766
4863 1950
4864 4265
4865 4265
4866 4265
4867 4265
4868 4265
4869 3876
4870 4265
4871 4265
4872 1655
4873 3587
4874 3136
4875 3587
4876 2406
4877 2583
4878 1655
4879 3136
4880 2815
4881 1772
4882 3029
4883 1970
4884 2681
4885 2782
4886 1245
4887 2630
4888 4598
4889 3559
4890 3528
4891 3528
4892 4042
4893 3537
4894 3947
4895 4042
4896 4042
4897 4042
4898 4042
4899 4042
4900 3560
4901 4042
4902 3527
4903 3571
4904 3560
4905 3527
4906 3560
4907 3560
4908 3560
4909 3537
4910 3560
4911 3949
4912 4877
4913 4909
4914 3541
4915 4910
4916 4906
4917 4061
4918 3571
4919 4042
4920 4042
4921 4042
4922 4042
4923 4042
4924 3571
4925 3527
4926 3947
4927 3947
4928 4042
4929 4042
4930 3947
4931 3571
4932 1706
4933 1531
4934 1683
4935 1633
4936 1699
4937 1672
4938 1515
4939 504
4940 1549
4941 1699
4942 1699
4943 1672
4944 4041
4945 3694
4946 3694
4947 2308
4948 3694
4949 2913
4950 4929
4951 4043
4952 3694
4953 2742
4954 3694
4955 2742
4956 3694
4957 3694
4958 4444
4959 3033
4960 3155
4961 1791
4962 2308
4963 3528
4964 3528
4965 751
4966 751
4967 752
4968 751
4969 991
4970 717
4971 751
4972 763
4973 905
4974 4958
4975 2130
4976 3226
4977 2989
4978 2130
4979 2679
4980 2679
4981 4958
4982 2452
4983 2130
4984 2679
4985 2989
4986 2989
4987 2681
4988 2130
4989 2130
4990 2130
4991 4963
4992 4963
4993 2130
4994 4958
4995 4958
4996 4958
4997 2638
4998 2638
4999 2638
5000 2638
