0 10
1 10
2 93
3 93
4 2507
5 2
6 93
7 907
8 780
9 61
10 1
11 35
12 10
13 10
14 97
15 10
16 35
17 20
18 20
19 20
20 18
21 74
22 75
23 781
24 255
25 2314
26 77
27 132
28 48
29 2528
30 53
31 1537
32 1538
33 1511
34 2528
35 29
36 1537
37 2528
38 10
39 65
40 42
41 24
42 75
43 2528
44 62
45 2312
46 22
47 132
48 781
49 46
50 46
51 18
52 2314
53 22
54 76
55 3322
56 777
57 1
58 61
59 1424
60 1537
61 1538
62 253
63 907
64 810
65 179
66 10
67 34
68 42
69 35
70 42
71 132
72 10
73 135
74 117
75 29
76 78
77 786
78 174
79 66
80 30
81 30
82 30
83 22
84 1742
85 1742
86 1742
87 113
88 77
89 2515
90 98
91 98
92 29
93 2528
94 30
95 30
96 108
97 52
98 61
99 253
100 1
101 30
102 18
103 75
104 3322
105 2496
106 2455
107 810
108 2496
109 34
110 113
111 2528
112 2114
113 2503
114 2455
115 34
116 103
117 103
118 93
119 1537
120 2455
121 255
122 781
123 789
124 253
125 98
126 38
127 98
128 1742
129 67
130 484
131 2878
132 2311
133 789
134 81
135 42
136 2515
137 781
138 35
139 53
140 20
141 1537
142 1538
143 805
144 1537
145 907
146 907
147 1
148 117
149 10
150 10
151 10
152 143
153 182
154 182
155 793
156 793
157 182
158 142
159 143
160 143
161 67
162 793
163 786
164 1288
165 182
166 67
167 67
168 163
169 1286
170 30
171 30
172 78
173 143
174 174
175 30
176 793
177 182
178 182
179 78
180 67
181 67
182 67
183 163
184 143
185 143
186 143
187 67
188 182
189 182
190 165
191 66
192 30
193 163
194 67
195 165
196 182
197 182
198 182
199 182
200 182
201 182
202 182
203 182
204 165
205 78
206 143
207 165
208 163
209 187
210 1587
211 775
212 3949
213 3949
214 187
215 290
216 1437
217 2998
218 2699
219 2386
220 1729
221 775
222 1592
223 1734
224 3949
225 3949
226 3949
227 3949
228 1734
229 206
230 1345
231 2247
232 1587
233 2386
234 3949
235 816
236 1510
237 1461
238 1726
239 2247
240 1729
241 4819
242 817
243 1506
244 1459
245 4085
246 3949
247 3798
248 3798
249 2699
250 2699
251 1490
252 3949
253 3963
254 2699
255 1606
256 1593
257 4819
258 1598
259 1598
260 2208
261 1511
262 1426
263 2178
264 3993
265 1719
266 508
267 258
268 276
269 276
270 254
271 2295
272 568
273 508
274 276
275 2119
276 2144
277 2231
278 655
279 428
280 3299
281 1604
282 1731
283 465
284 1646
285 2260
286 1621
287 1642
288 4790
289 3043
290 2138
291 1737
292 2157
293 206
294 2178
295 2258
296 2258
297 2258
298 2259
299 2258
300 2259
301 1592
302 1593
303 2162
304 275
305 2260
306 295
307 4790
308 1636
309 295
310 295
311 1645
312 4791
313 274
314 3045
315 3045
316 3045
317 2257
318 1636
319 2257
320 1645
321 585
322 309
323 309
324 628
325 628
326 583
327 581
328 2220
329 2790
330 2791
331 2791
332 3083
333 4176
334 2791
335 4666
336 2791
337 4666
338 309
339 309
340 1635
341 2221
342 2221
343 4201
344 3083
345 2261
346 2261
347 2261
348 4814
349 4814
350 2764
351 4666
352 2790
353 2790
354 4666
355 2853
356 4817
357 4817
358 4817
359 3162
360 2984
361 2853
362 2853
363 2829
364 2829
365 2853
366 2805
367 4312
368 2829
369 2984
370 4226
371 2830
372 3163
373 2805
374 2800
375 2800
376 4239
377 2799
378 4862
379 2803
380 4334
381 4862
382 4462
383 4312
384 4859
385 4462
386 4473
387 4473
388 4462
389 4859
390 4462
391 4859
392 4859
393 4859
394 4859
395 4263
396 1748
397 4144
398 3043
399 4790
400 4790
401 295
402 2221
403 1611
404 4814
405 2791
406 2829
407 2805
408 2799
409 4862
410 4462
411 4462
412 267
413 681
414 4814
415 4814
416 4201
417 2261
418 1611
419 4201
420 4201
421 2853
422 2790
423 3162
424 3162
425 3162
426 2829
427 2829
428 2829
429 2829
430 2829
431 2829
432 2829
433 295
434 1727
435 769
436 2903
437 2903
438 1736
439 2193
440 2231
441 2231
442 2879
443 2393
444 3870
445 4993
446 3043
447 1748
448 1748
449 1748
450 293
451 293
452 3814
453 4986
454 479
455 566
456 1559
457 1351
458 3409
459 275
460 275
461 1738
462 2255
463 1606
464 1732
465 1456
466 1456
467 2119
468 1748
469 634
470 681
471 634
472 634
473 1635
474 464
475 464
476 1640
477 2259
478 1640
479 1748
480 477
481 3949
482 1356
483 248
484 1432
485 3949
486 3949
487 2386
488 775
489 187
490 1587
491 816
492 2208
493 3989
494 187
495 187
496 1587
497 3963
498 2114
499 3963
500 210
501 210
502 293
503 4814
504 4814
505 1584
506 1724
507 461
508 1465
509 1492
510 1492
511 556
512 1748
513 4144
514 3045
515 3043
516 3045
517 3045
518 3043
519 654
520 2259
521 668
522 2258
523 2259
524 654
525 4728
526 654
527 1749
528 306
529 4791
530 295
531 2221
532 1611
533 4814
534 4814
535 2791
536 3162
537 2789
538 2829
539 2831
540 4862
541 2805
542 4859
543 3814
544 3964
545 3814
546 2998
547 3814
548 3409
549 3409
550 1526
551 4830
552 2699
553 2699
554 3409
555 824
556 775
557 1345
558 1728
559 1727
560 2247
561 1587
562 1729
563 1606
564 1526
565 2699
566 3964
567 1598
568 441
569 2131
570 2193
571 280
572 3045
573 432
574 2879
575 1533
576 3045
577 3045
578 2258
579 2258
580 441
581 1593
582 1636
583 2220
584 1636
585 1645
586 1645
587 1645
588 581
589 4201
590 4814
591 4815
592 4201
593 1635
594 628
595 307
596 1635
597 2790
598 3162
599 2829
600 4186
601 2800
602 2800
603 2800
604 2800
605 2799
606 2805
607 4462
608 4462
609 4862
610 4862
611 4862
612 4312
613 2805
614 4462
615 4859
616 4462
617 3043
618 3043
619 1748
620 1748
621 4728
622 654
623 511
624 293
625 2193
626 2183
627 2183
628 2182
629 4201
630 4201
631 2261
632 1635
633 1611
634 1618
635 1464
636 1461
637 1558
638 1748
639 2119
640 2119
641 267
642 276
643 276
644 293
645 508
646 3949
647 3949
648 3409
649 3409
650 1526
651 824
652 2699
653 3814
654 872
655 2178
656 1749
657 397
658 2231
659 2220
660 2221
661 1635
662 4814
663 3162
664 2791
665 2789
666 4184
667 4224
668 4462
669 2258
670 4263
671 2259
672 2258
673 2259
674 2258
675 287
676 672
677 1709
678 479
679 187
680 2386
681 2903
682 824
683 3949
684 3300
685 463
686 463
687 2119
688 306
689 3814
690 3949
691 3949
692 3798
693 3201
694 3201
695 3889
696 3413
697 3240
698 3417
699 3425
700 3419
701 3197
702 3417
703 3235
704 3201
705 3889
706 4077
707 3417
708 3226
709 3226
710 3417
711 3413
712 3413
713 3226
714 3226
715 3226
716 3226
717 3230
718 3814
719 3962
720 3413
721 3814
722 2998
723 3814
724 3413
725 3814
726 3902
727 3902
728 3201
729 3240
730 3225
731 1466
732 3226
733 3962
734 3814
735 3963
736 3814
737 3889
738 3226
739 3203
740 3902
741 3889
742 3416
743 3230
744 3226
745 2998
746 3225
747 3280
748 3416
749 3425
750 3814
751 2998
752 3193
753 3226
754 3413
755 1446
756 3413
757 3962
758 3203
759 3902
760 3814
761 3228
762 3230
763 3413
764 3413
765 3226
766 3225
767 4090
768 290
769 1354
770 2699
771 2699
772 3409
773 1728
774 1456
775 3825
776 3417
777 3814
778 1728
779 1288
780 143
781 1511
782 778
783 30
784 1537
785 789
786 53
787 53
788 1737
789 143
790 165
791 786
792 786
793 477
794 1511
795 1511
796 4819
797 617
798 3300
799 786
800 793
801 1288
802 82
803 163
804 786
805 786
806 143
807 4267
808 2173
809 1598
810 580
811 580
812 621
813 2295
814 1584
815 179
816 179
817 253
818 253
819 27
820 7
821 476
822 1554
823 817
824 1522
825 2386
826 2699
827 2208
828 1351
829 2247
830 824
831 2386
832 4037
833 1456
834 1533
835 3949
836 3798
837 2903
838 2903
839 1456
840 1357
841 1456
842 3949
843 3798
844 3798
845 1506
846 1456
847 2903
848 3949
849 3949
850 3798
851 3949
852 1456
853 3949
854 2903
855 3949
856 2699
857 1526
858 3949
859 3798
860 3949
861 756
862 2903
863 2699
864 824
865 2386
866 1533
867 3798
868 4037
869 2699
870 3798
871 2699
872 3949
873 3949
874 3949
875 3949
876 2390
877 187
878 3949
879 824
880 3949
881 2903
882 2903
883 2903
884 2617
885 3798
886 2699
887 2699
888 2998
889 3230
890 2699
891 3814
892 3413
893 61
894 1
895 1
896 3225
897 3226
898 3416
899 3224
900 3417
901 3240
902 3240
903 3240
904 3235
905 4077
906 3414
907 3226
908 3225
909 3442
910 1416
911 3550
912 3442
913 3442
914 3189
915 3189
916 3189
917 3550
918 3442
919 3902
920 3189
921 3189
922 3442
923 3442
924 3189
925 3897
926 3912
927 3902
928 3442
929 3233
930 1229
931 1229
932 1229
933 1229
934 1229
935 3470
936 3692
937 3470
938 3485
939 3498
940 3722
941 1229
942 3683
943 1229
944 3466
945 3466
946 1229
947 1229
948 3931
949 3466
950 3753
951 3692
952 3692
953 976
954 1229
955 1229
956 3576
957 1416
958 3683
959 1229
960 3683
961 1229
962 3683
963 1030
964 1416
965 1416
966 3931
967 3466
968 1229
969 3457
970 1176
971 1134
972 3574
973 1229
974 3761
975 3931
976 3470
977 1134
978 976
979 1134
980 3449
981 3692
982 3768
983 3683
984 3467
985 1134
986 3487
987 3722
988 1215
989 1229
990 3770
991 3466
992 3466
993 3466
994 3765
995 976
996 1174
997 3770
998 3931
999 3770
1000 3449
1001 3459
1002 1164
1003 3466
1004 3683
1005 1229
1006 3761
1007 3442
1008 1030
1009 1416
1010 1416
1011 3442
1012 3442
1013 1416
1014 1164
1015 1229
1016 1229
1017 3765
1018 3765
1019 976
1020 1134
1021 1134
1022 1229
1023 1229
1024 1229
1025 1164
1026 1134
1027 976
1028 3466
1029 1164
1030 1134
1031 1134
1032 1229
1033 1164
1034 1229
1035 1164
1036 1104
1037 1104
1038 1134
1039 3459
1040 1164
1041 3760
1042 3931
1043 3551
1044 3442
1045 1416
1046 3442
1047 1229
1048 1229
1049 1193
1050 1174
1051 1134
1052 1164
1053 1174
1054 1134
1055 3487
1056 3467
1057 3543
1058 1229
1059 3650
1060 3574
1061 1164
1062 1134
1063 3233
1064 3931
1065 1134
1066 1164
1067 1103
1068 1164
1069 1104
1070 1106
1071 1105
1072 1105
1073 1103
1074 1103
1075 1114
1076 1114
1077 1105
1078 1105
1079 1164
1080 1166
1081 1103
1082 1106
1083 1114
1084 1105
1085 1106
1086 1105
1087 1174
1088 1134
1089 1134
1090 1176
1091 1164
1092 1134
1093 1134
1094 1176
1095 1104
1096 1134
1097 1164
1098 1164
1099 1104
1100 1134
1101 1164
1102 1134
1103 1134
1104 1164
1105 1105
1106 1164
1107 1106
1108 1164
1109 1134
1110 1103
1111 1164
1112 1104
1113 1164
1114 1114
1115 1103
1116 1106
1117 1104
1118 1103
1119 1134
1120 1164
1121 1164
1122 1103
1123 1105
1124 1105
1125 1114
1126 1114
1127 1114
1128 1105
1129 1105
1130 1114
1131 1105
1132 1114
1133 1105
1134 1105
1135 1114
1136 1105
1137 1105
1138 1114
1139 1114
1140 1114
1141 1114
1142 1114
1143 1114
1144 1134
1145 1164
1146 1164
1147 1164
1148 1164
1149 1164
1150 1164
1151 1164
1152 1134
1153 1164
1154 1134
1155 1164
1156 1134
1157 1134
1158 3722
1159 3449
1160 1166
1161 1164
1162 1164
1163 1134
1164 1134
1165 1164
1166 1164
1167 1174
1168 1164
1169 1164
1170 1103
1171 1164
1172 1176
1173 1104
1174 1164
1175 1104
1176 1104
1177 1105
1178 1104
1179 1104
1180 1134
1181 1106
1182 1164
1183 1104
1184 1105
1185 1105
1186 1114
1187 1105
1188 1114
1189 1114
1190 1105
1191 1105
1192 1105
1193 1114
1194 1114
1195 1114
1196 1114
1197 1103
1198 1105
1199 1105
1200 1105
1201 1114
1202 1114
1203 1114
1204 1114
1205 1164
1206 1134
1207 1164
1208 1134
1209 1164
1210 1134
1211 1176
1212 1134
1213 1134
1214 1164
1215 1201
1216 1134
1217 1201
1218 1174
1219 1134
1220 1134
1221 1176
1222 1134
1223 1134
1224 1134
1225 1174
1226 1210
1227 1134
1228 1134
1229 1104
1230 1134
1231 1134
1232 1176
1233 1105
1234 1134
1235 1104
1236 1114
1237 1105
1238 1105
1239 1105
1240 1105
1241 1105
1242 1105
1243 1105
1244 1164
1245 1104
1246 1104
1247 1104
1248 1114
1249 1114
1250 1105
1251 1114
1252 1134
1253 1174
1254 1134
1255 1174
1256 1174
1257 1174
1258 976
1259 1193
1260 1193
1261 1193
1262 1193
1263 1193
1264 1193
1265 1193
1266 1193
1267 1193
1268 1193
1269 1193
1270 1193
1271 1193
1272 1174
1273 1193
1274 1193
1275 1193
1276 1174
1277 1176
1278 1176
1279 1174
1280 1176
1281 1174
1282 1176
1283 1174
1284 1176
1285 1174
1286 1176
1287 1174
1288 1176
1289 1176
1290 1176
1291 1176
1292 1193
1293 1174
1294 1174
1295 1174
1296 1176
1297 1174
1298 1176
1299 1176
1300 1176
1301 3466
1302 1134
1303 1134
1304 1174
1305 1174
1306 1229
1307 1229
1308 3692
1309 1229
1310 976
1311 3761
1312 976
1313 976
1314 1229
1315 3765
1316 3683
1317 1229
1318 1229
1319 1229
1320 976
1321 1229
1322 3470
1323 3692
1324 3692
1325 1229
1326 3650
1327 3683
1328 1229
1329 1229
1330 1229
1331 1229
1332 3753
1333 3765
1334 3543
1335 3683
1336 3722
1337 3765
1338 3722
1339 3459
1340 3457
1341 3768
1342 3551
1343 3931
1344 3466
1345 1229
1346 1229
1347 1229
1348 1229
1349 10
1350 108
1351 1556
1352 29
1353 1289
1354 78
1355 78
1356 78
1357 1532
1358 3963
1359 3409
1360 3963
1361 3814
1362 2998
1363 3409
1364 3409
1365 3409
1366 3814
1367 3409
1368 3409
1369 3963
1370 3814
1371 2998
1372 3814
1373 2699
1374 2699
1375 3409
1376 1526
1377 3949
1378 3949
1379 3409
1380 2699
1381 4830
1382 3949
1383 2699
1384 3964
1385 1526
1386 3963
1387 3949
1388 3949
1389 2699
1390 3409
1391 261
1392 2393
1393 1461
1394 1464
1395 1461
1396 1559
1397 2393
1398 1461
1399 1558
1400 1462
1401 1562
1402 1606
1403 556
1404 1437
1405 775
1406 1354
1407 2392
1408 1354
1409 1345
1410 1727
1411 556
1412 556
1413 3240
1414 3240
1415 4077
1416 3226
1417 3224
1418 3417
1419 3414
1420 3417
1421 3202
1422 3240
1423 3240
1424 3411
1425 3411
1426 3226
1427 3417
1428 3417
1429 3889
1430 3202
1431 3204
1432 3416
1433 3416
1434 3203
1435 3886
1436 3416
1437 3201
1438 3202
1439 3193
1440 3889
1441 3902
1442 3902
1443 3897
1444 3203
1445 3425
1446 3902
1447 3902
1448 3418
1449 3902
1450 3421
1451 3201
1452 3203
1453 3189
1454 3233
1455 3233
1456 3912
1457 3233
1458 3233
1459 3189
1460 3233
1461 3912
1462 3189
1463 3189
1464 3442
1465 3442
1466 3189
1467 3189
1468 3550
1469 3442
1470 3189
1471 3442
1472 3442
1473 3442
1474 3442
1475 3550
1476 3442
1477 1510
1478 187
1479 1584
1480 1587
1481 1587
1482 479
1483 1509
1484 1460
1485 1606
1486 1729
1487 1606
1488 1728
1489 4310
1490 4088
1491 1509
1492 2379
1493 2379
1494 2903
1495 4037
1496 1533
1497 1533
1498 3409
1499 3814
1500 3814
1501 2699
1502 1456
1503 248
1504 1726
1505 1606
1506 1558
1507 2394
1508 1603
1509 1603
1510 1712
1511 653
1512 1592
1513 2254
1514 1603
1515 3409
1516 4985
1517 2247
1518 1506
1519 2386
1520 1556
1521 2392
1522 1728
1523 1345
1524 1432
1525 1432
1526 2247
1527 2198
1528 816
1529 1728
1530 1728
1531 1732
1532 1726
1533 1726
1534 631
1535 631
1536 4082
1537 816
1538 816
1539 1522
1540 4091
1541 3409
1542 3409
1543 2891
1544 2699
1545 3964
1546 4082
1547 2246
1548 1506
1549 2903
1550 1506
1551 2632
1552 2247
1553 2699
1554 2699
1555 2699
1556 2699
1557 2891
1558 2903
1559 2699
1560 1526
1561 3798
1562 3798
1563 1523
1564 1554
1565 4091
1566 4819
1567 4993
1568 3989
1569 3825
1570 3413
1571 3413
1572 3413
1573 1466
1574 3825
1575 3413
1576 3225
1577 3226
1578 3413
1579 3226
1580 3226
1581 3226
1582 3226
1583 3226
1584 2248
1585 1508
1586 2247
1587 4086
1588 4085
1589 4982
1590 1603
1591 4267
1592 4267
1593 2393
1594 4133
1595 2393
1596 2393
1597 4310
1598 4310
1599 2632
1600 2392
1601 1727
1602 3949
1603 3949
1604 3949
1605 3949
1606 2903
1607 2903
1608 3798
1609 3949
1610 3949
1611 805
1612 492
1613 253
1614 27
1615 1587
1616 1587
1617 1584
1618 1556
1619 4991
1620 679
1621 441
1622 2286
1623 3180
1624 2286
1625 2286
1626 1602
1627 264
1628 1712
1629 3300
1630 3299
1631 264
1632 2253
1633 1713
1634 1719
1635 1597
1636 2668
1637 1597
1638 1713
1639 2661
1640 1603
1641 3052
1642 295
1643 1636
1644 1612
1645 1612
1646 4790
1647 4790
1648 1645
1649 585
1650 295
1651 2257
1652 1618
1653 1618
1654 2257
1655 1636
1656 2220
1657 1642
1658 584
1659 1645
1660 585
1661 4788
1662 4790
1663 1612
1664 295
1665 3052
1666 295
1667 1638
1668 1636
1669 2257
1670 2257
1671 2257
1672 2257
1673 1619
1674 584
1675 1646
1676 584
1677 1642
1678 584
1679 1640
1680 2257
1681 1619
1682 1636
1683 3163
1684 2830
1685 2800
1686 2805
1687 2799
1688 2805
1689 2805
1690 3163
1691 2805
1692 2799
1693 2805
1694 2799
1695 4186
1696 2799
1697 2829
1698 2800
1699 2830
1700 4186
1701 2829
1702 4184
1703 2829
1704 2829
1705 2829
1706 2829
1707 2829
1708 2853
1709 2829
1710 2829
1711 2829
1712 4184
1713 2829
1714 2829
1715 4462
1716 2814
1717 2805
1718 2814
1719 4862
1720 2805
1721 4312
1722 2805
1723 4862
1724 2814
1725 4312
1726 4312
1727 4862
1728 2799
1729 4862
1730 4862
1731 2805
1732 2805
1733 2803
1734 2183
1735 2183
1736 3043
1737 3043
1738 639
1739 428
1740 428
1741 441
1742 2178
1743 2139
1744 2133
1745 1748
1746 432
1747 3043
1748 441
1749 264
1750 678
1751 2668
1752 396
1753 396
1754 459
1755 465
1756 511
1757 511
1758 656
1759 269
1760 1603
1761 1593
1762 421
1763 2157
1764 251
1765 1721
1766 1462
1767 800
1768 261
1769 1461
1770 1559
1771 2393
1772 4267
1773 2286
1774 1598
1775 568
1776 2156
1777 421
1778 1712
1779 1713
1780 1740
1781 2455
1782 2528
1783 4302
1784 1743
1785 179
1786 805
1787 34
1788 3993
1789 3043
1790 4263
1791 2393
1792 2393
1793 2393
1794 4561
1795 4654
1796 4561
1797 4654
1798 4561
1799 4863
1800 4561
1801 4654
1802 4863
1803 4561
1804 4561
1805 4654
1806 4561
1807 4549
1808 4561
1809 4561
1810 4561
1811 4561
1812 4561
1813 4561
1814 4561
1815 4561
1816 4561
1817 4609
1818 4561
1819 4561
1820 4561
1821 4549
1822 4561
1823 4337
1824 4337
1825 4337
1826 4337
1827 4337
1828 4420
1829 4350
1830 4420
1831 4337
1832 4337
1833 4337
1834 4337
1835 4337
1836 4337
1837 4337
1838 4337
1839 4337
1840 4337
1841 4337
1842 4337
1843 4337
1844 4337
1845 4337
1846 4337
1847 4337
1848 4337
1849 4337
1850 4337
1851 4408
1852 4337
1853 4409
1854 4409
1855 4337
1856 4408
1857 4337
1858 4337
1859 4420
1860 4390
1861 4337
1862 4377
1863 4377
1864 4337
1865 4377
1866 4337
1867 4337
1868 4420
1869 4337
1870 4337
1871 4337
1872 4420
1873 4377
1874 4337
1875 4337
1876 4337
1877 4420
1878 4337
1879 4337
1880 4337
1881 4337
1882 4337
1883 4350
1884 4447
1885 4447
1886 4337
1887 4420
1888 4337
1889 4337
1890 4337
1891 4337
1892 4337
1893 4420
1894 4420
1895 4447
1896 4337
1897 4409
1898 4409
1899 4377
1900 4423
1901 4337
1902 4447
1903 4337
1904 4337
1905 4337
1906 4337
1907 4362
1908 4423
1909 4409
1910 4337
1911 4423
1912 4408
1913 4337
1914 4337
1915 4337
1916 4447
1917 4377
1918 4337
1919 4337
1920 4337
1921 4337
1922 4337
1923 4337
1924 4337
1925 4420
1926 4337
1927 4337
1928 4337
1929 4337
1930 4337
1931 4337
1932 4409
1933 4337
1934 4337
1935 4447
1936 4377
1937 4337
1938 4393
1939 4337
1940 4337
1941 4337
1942 4420
1943 4337
1944 4337
1945 4447
1946 4337
1947 4337
1948 4337
1949 4420
1950 4420
1951 4337
1952 4337
1953 4420
1954 4447
1955 4377
1956 4337
1957 4561
1958 4654
1959 4654
1960 4561
1961 4324
1962 4561
1963 4324
1964 4654
1965 4654
1966 4654
1967 4654
1968 4654
1969 4654
1970 4462
1971 4654
1972 4863
1973 4863
1974 4863
1975 4561
1976 4561
1977 4549
1978 4561
1979 4609
1980 4609
1981 4609
1982 4609
1983 4609
1984 4608
1985 4608
1986 4609
1987 4561
1988 4561
1989 4624
1990 4624
1991 4624
1992 4624
1993 4624
1994 4343
1995 4624
1996 4624
1997 4343
1998 4624
1999 4375
2000 4624
2001 4365
2002 4365
2003 4625
2004 4454
2005 4375
2006 4624
2007 4365
2008 4377
2009 4343
2010 4343
2011 4343
2012 4595
2013 4502
2014 4497
2015 4502
2016 4502
2017 4591
2018 4624
2019 4624
2020 4375
2021 4592
2022 4602
2023 4592
2024 4592
2025 4591
2026 4592
2027 4602
2028 4592
2029 4591
2030 4591
2031 4591
2032 4602
2033 4602
2034 4565
2035 4602
2036 4565
2037 4591
2038 4591
2039 4591
2040 4620
2041 4620
2042 4620
2043 4620
2044 4620
2045 4602
2046 4591
2047 4602
2048 4591
2049 4595
2050 4502
2051 4592
2052 4602
2053 4602
2054 4602
2055 4602
2056 4602
2057 4602
2058 4554
2059 4595
2060 4554
2061 4554
2062 4591
2063 4638
2064 4596
2065 4596
2066 4563
2067 4591
2068 4602
2069 4565
2070 4598
2071 4599
2072 4602
2073 4375
2074 4592
2075 4592
2076 4592
2077 4592
2078 4591
2079 4591
2080 4591
2081 4591
2082 4591
2083 4591
2084 4591
2085 4591
2086 4563
2087 4608
2088 4602
2089 4602
2090 4608
2091 4608
2092 4565
2093 4602
2094 4609
2095 4602
2096 4602
2097 4620
2098 4620
2099 4602
2100 4609
2101 4608
2102 4609
2103 4365
2104 4639
2105 4640
2106 4624
2107 4624
2108 4375
2109 4375
2110 4375
2111 4375
2112 4375
2113 4639
2114 4624
2115 4639
2116 4639
2117 4502
2118 4639
2119 4639
2120 4592
2121 4592
2122 4501
2123 4592
2124 4639
2125 4592
2126 4554
2127 4591
2128 4501
2129 4639
2130 4501
2131 4591
2132 4591
2133 4591
2134 4639
2135 4639
2136 4591
2137 4591
2138 4591
2139 4501
2140 4591
2141 4591
2142 4377
2143 4377
2144 4377
2145 4625
2146 4377
2147 4377
2148 4447
2149 4350
2150 4377
2151 4377
2152 4377
2153 4377
2154 4377
2155 4344
2156 4343
2157 4377
2158 4409
2159 4409
2160 4363
2161 4363
2162 4626
2163 4343
2164 4343
2165 4343
2166 4343
2167 4343
2168 4343
2169 4350
2170 4350
2171 4625
2172 4448
2173 4377
2174 4365
2175 4625
2176 4377
2177 4343
2178 4609
2179 4609
2180 4609
2181 4549
2182 4609
2183 4609
2184 4521
2185 4608
2186 4608
2187 4608
2188 4608
2189 4609
2190 4608
2191 4608
2192 3949
2193 3989
2194 4090
2195 2829
2196 2829
2197 2853
2198 254
2199 254
2200 2119
2201 1645
2202 2193
2203 295
2204 4791
2205 4666
2206 4204
2207 4201
2208 4202
2209 2131
2210 4201
2211 4814
2212 2193
2213 2178
2214 267
2215 2156
2216 285
2217 266
2218 295
2219 267
2220 285
2221 2156
2222 1592
2223 580
2224 2144
2225 1642
2226 585
2227 585
2228 4201
2229 4814
2230 2764
2231 4814
2232 4666
2233 4814
2234 252
2235 4201
2236 2155
2237 276
2238 276
2239 2178
2240 800
2241 1645
2242 4791
2243 581
2244 2178
2245 800
2246 2853
2247 2853
2248 290
2249 800
2250 2120
2251 2139
2252 441
2253 619
2254 672
2255 441
2256 3043
2257 3043
2258 3043
2259 4263
2260 293
2261 428
2262 1748
2263 2879
2264 293
2265 293
2266 267
2267 1748
2268 1748
2269 3043
2270 681
2271 432
2272 4263
2273 1709
2274 302
2275 791
2276 2133
2277 2133
2278 265
2279 1719
2280 680
2281 1731
2282 274
2283 581
2284 3083
2285 4814
2286 2853
2287 2829
2288 1748
2289 307
2290 2984
2291 2879
2292 428
2293 274
2294 1726
2295 3045
2296 3045
2297 3043
2298 3045
2299 631
2300 3045
2301 2257
2302 3045
2303 2257
2304 1636
2305 1636
2306 1612
2307 1645
2308 628
2309 2800
2310 2799
2311 3043
2312 3043
2313 3043
2314 3043
2315 2879
2316 1748
2317 2220
2318 2221
2319 1611
2320 1635
2321 4814
2322 3162
2323 4817
2324 2829
2325 3163
2326 2803
2327 3870
2328 2379
2329 3798
2330 1456
2331 2386
2332 1558
2333 1558
2334 1713
2335 1726
2336 2198
2337 3964
2338 3409
2339 2386
2340 264
2341 678
2342 257
2343 1638
2344 1638
2345 2257
2346 2257
2347 1618
2348 2257
2349 1636
2350 1642
2351 2799
2352 2800
2353 2831
2354 2829
2355 2829
2356 4312
2357 2803
2358 1748
2359 1712
2360 1712
2361 4654
2362 4561
2363 4609
2364 4561
2365 4561
2366 4609
2367 4609
2368 4620
2369 4620
2370 4563
2371 4591
2372 4591
2373 4602
2374 4602
2375 4591
2376 4591
2377 4609
2378 1748
2379 1748
2380 1748
2381 775
2382 3949
2383 1554
2384 569
2385 2157
2386 2625
2387 1736
2388 2138
2389 622
2390 187
2391 557
2392 476
2393 569
2394 4090
2395 2379
2396 569
2397 817
2398 1554
2399 1727
2400 396
2401 2179
2402 653
2403 282
2404 2668
2405 2311
2406 132
2407 22
2408 48
2409 182
2410 182
2411 143
2412 182
2413 143
2414 143
2415 143
2416 182
2417 66
2418 78
2419 78
2420 119
2421 1286
2422 775
2423 2617
2424 3949
2425 290
2426 290
2427 2903
2428 3805
2429 1432
2430 248
2431 2903
2432 566
2433 2699
2434 775
2435 1456
2436 2903
2437 2386
2438 248
2439 1432
2440 1356
2441 1456
2442 2248
2443 2386
2444 3949
2445 2618
2446 187
2447 557
2448 3949
2449 2407
2450 1437
2451 1354
2452 2392
2453 1492
2454 775
2455 1456
2456 2379
2457 2903
2458 2198
2459 1728
2460 1345
2461 1345
2462 1458
2463 631
2464 2247
2465 2386
2466 1508
2467 556
2468 2249
2469 2386
2470 1345
2471 2903
2472 2386
2473 2386
2474 1354
2475 2386
2476 1456
2477 1727
2478 290
2479 4133
2480 4131
2481 2661
2482 2407
2483 2393
2484 4084
2485 2393
2486 4085
2487 3870
2488 4085
2489 1737
2490 4267
2491 2179
2492 283
2493 622
2494 4124
2495 2118
2496 2408
2497 2409
2498 2534
2499 2
2500 2496
2501 2455
2502 2465
2503 2434
2504 2421
2505 2421
2506 2408
2507 2532
2508 2419
2509 4900
2510 2520
2511 2520
2512 2520
2513 2422
2514 2426
2515 4904
2516 2430
2517 2528
2518 2520
2519 2514
2520 4302
2521 4901
2522 4904
2523 2430
2524 2528
2525 4035
2526 179
2527 2484
2528 2436
2529 4035
2530 2528
2531 2532
2532 2464
2533 2441
2534 59
2535 2495
2536 4302
2537 4079
2538 1744
2539 2429
2540 2521
2541 2436
2542 2436
2543 4904
2544 2452
2545 2426
2546 2478
2547 2430
2548 2478
2549 2492
2550 492
2551 3327
2552 2936
2553 4062
2554 4035
2555 1537
2556 2441
2557 2503
2558 492
2559 2500
2560 34
2561 4900
2562 2409
2563 2408
2564 2465
2565 2467
2566 2468
2567 2418
2568 3795
2569 2436
2570 3302
2571 2541
2572 2436
2573 2436
2574 2552
2575 2430
2576 4302
2577 2480
2578 2480
2579 2515
2580 2514
2581 2515
2582 2424
2583 2528
2584 3795
2585 2528
2586 2436
2587 2424
2588 2441
2589 3327
2590 2938
2591 3790
2592 2436
2593 34
2594 2478
2595 114
2596 2434
2597 907
2598 2
2599 2532
2600 2500
2601 2528
2602 4079
2603 2496
2604 907
2605 2464
2606 2440
2607 907
2608 4062
2609 2507
2610 2520
2611 2520
2612 2587
2613 2587
2614 2426
2615 2484
2616 98
2617 2480
2618 3307
2619 2624
2620 4079
2621 4901
2622 3327
2623 2485
2624 3795
2625 2515
2626 2436
2627 2520
2628 3297
2629 3327
2630 4062
2631 805
2632 4062
2633 3322
2634 2507
2635 2421
2636 2431
2637 2470
2638 2424
2639 2528
2640 2542
2641 2572
2642 2560
2643 3302
2644 3302
2645 2572
2646 2572
2647 2572
2648 2557
2649 2557
2650 3302
2651 3302
2652 3302
2653 3307
2654 2553
2655 3305
2656 3305
2657 3307
2658 2552
2659 3307
2660 3303
2661 2552
2662 3302
2663 3302
2664 2572
2665 3305
2666 3303
2667 3303
2668 2557
2669 2557
2670 2557
2671 2557
2672 2557
2673 2571
2674 2572
2675 2557
2676 3303
2677 2552
2678 2552
2679 2557
2680 2557
2681 3305
2682 2572
2683 2572
2684 2572
2685 2572
2686 2572
2687 3302
2688 3302
2689 2572
2690 2557
2691 3795
2692 2557
2693 2557
2694 2557
2695 3940
2696 4079
2697 4049
2698 4008
2699 4973
2700 3384
2701 3984
2702 3871
2703 822
2704 4935
2705 2618
2706 3859
2707 3951
2708 2676
2709 3951
2710 4975
2711 2337
2712 4967
2713 4119
2714 3859
2715 4826
2716 4090
2717 2878
2718 2647
2719 3328
2720 4036
2721 4119
2722 4826
2723 4780
2724 3951
2725 4034
2726 3858
2727 3857
2728 4290
2729 4825
2730 3967
2731 3967
2732 3967
2733 2335
2734 3377
2735 4823
2736 871
2737 871
2738 4283
2739 4120
2740 4011
2741 4756
2742 4115
2743 3957
2744 4893
2745 2587
2746 4048
2747 4048
2748 2678
2749 3105
2750 4266
2751 4173
2752 2917
2753 4118
2754 4275
2755 4739
2756 617
2757 4142
2758 4142
2759 428
2760 428
2761 428
2762 428
2763 428
2764 4120
2765 4835
2766 1618
2767 464
2768 4173
2769 584
2770 4160
2771 3045
2772 3043
2773 4257
2774 4741
2775 3313
2776 4856
2777 2893
2778 288
2779 2259
2780 2258
2781 2258
2782 2258
2783 1618
2784 2651
2785 3859
2786 3054
2787 1645
2788 2159
2789 2159
2790 296
2791 1629
2792 383
2793 1611
2794 300
2795 300
2796 309
2797 2257
2798 1614
2799 1614
2800 1614
2801 2220
2802 1636
2803 581
2804 583
2805 309
2806 312
2807 312
2808 1644
2809 1641
2810 1620
2811 1620
2812 1635
2813 2234
2814 2201
2815 330
2816 331
2817 331
2818 2147
2819 659
2820 402
2821 521
2822 312
2823 1641
2824 1611
2825 1610
2826 325
2827 324
2828 624
2829 324
2830 401
2831 2234
2832 386
2833 490
2834 2151
2835 2151
2836 316
2837 317
2838 319
2839 2149
2840 399
2841 322
2842 319
2843 319
2844 406
2845 338
2846 319
2847 2203
2848 345
2849 338
2850 338
2851 391
2852 522
2853 662
2854 1668
2855 601
2856 413
2857 601
2858 353
2859 349
2860 347
2861 347
2862 2263
2863 1659
2864 601
2865 1661
2866 1680
2867 391
2868 1686
2869 1682
2870 1687
2871 1691
2872 608
2873 1691
2874 607
2875 608
2876 361
2877 527
2878 1685
2879 2225
2880 1687
2881 672
2882 2258
2883 4263
2884 3043
2885 1629
2886 296
2887 298
2888 1611
2889 386
2890 519
2891 2234
2892 402
2893 522
2894 1668
2895 601
2896 2263
2897 1691
2898 607
2899 1706
2900 1748
2901 2147
2902 624
2903 324
2904 313
2905 386
2906 415
2907 627
2908 320
2909 331
2910 317
2911 322
2912 659
2913 522
2914 525
2915 404
2916 1668
2917 2203
2918 2202
2919 2203
2920 2146
2921 3859
2922 4967
2923 4031
2924 4785
2925 4898
2926 4257
2927 633
2928 428
2929 2231
2930 2231
2931 2879
2932 1748
2933 3863
2934 2886
2935 3043
2936 1748
2937 3043
2938 3043
2939 4792
2940 617
2941 4826
2942 3325
2943 3990
2944 4123
2945 3979
2946 2588
2947 4173
2948 2678
2949 2678
2950 4120
2951 4283
2952 4283
2953 3951
2954 3043
2955 3043
2956 3149
2957 4252
2958 4778
2959 4778
2960 4778
2961 1618
2962 1619
2963 2258
2964 2259
2965 306
2966 306
2967 2587
2968 4823
2969 4031
2970 4031
2971 2627
2972 4008
2973 4975
2974 3940
2975 4079
2976 4048
2977 4048
2978 3325
2979 3989
2980 3176
2981 2933
2982 4307
2983 4112
2984 822
2985 4035
2986 4078
2987 3940
2988 2715
2989 3055
2990 624
2991 329
2992 1584
2993 2665
2994 1714
2995 4128
2996 3951
2997 2405
2998 2648
2999 306
3000 579
3001 4144
3002 3045
3003 3043
3004 3045
3005 3043
3006 464
3007 668
3008 288
3009 2259
3010 288
3011 288
3012 287
3013 1612
3014 295
3015 2159
3016 517
3017 387
3018 386
3019 415
3020 627
3021 402
3022 521
3023 522
3024 522
3025 2116
3026 525
3027 2263
3028 2263
3029 2225
3030 1524
3031 822
3032 1524
3033 1524
3034 1524
3035 1327
3036 822
3037 3969
3038 3969
3039 814
3040 844
3041 833
3042 3385
3043 824
3044 3951
3045 3859
3046 3984
3047 4049
3048 4048
3049 2648
3050 2648
3051 824
3052 833
3053 4935
3054 4249
3055 2893
3056 4255
3057 3109
3058 3045
3059 2879
3060 428
3061 428
3062 2358
3063 2258
3064 2258
3065 2259
3066 2258
3067 2258
3068 2893
3069 4119
3070 582
3071 2220
3072 582
3073 628
3074 583
3075 309
3076 307
3077 415
3078 402
3079 402
3080 2234
3081 312
3082 312
3083 313
3084 1647
3085 324
3086 594
3087 2202
3088 525
3089 390
3090 413
3091 601
3092 2264
3093 347
3094 1662
3095 2263
3096 1683
3097 1690
3098 1659
3099 1659
3100 1661
3101 1661
3102 600
3103 363
3104 1691
3105 3043
3106 3043
3107 3045
3108 3045
3109 512
3110 654
3111 2715
3112 2834
3113 4741
3114 3149
3115 4262
3116 4262
3117 324
3118 313
3119 657
3120 386
3121 2257
3122 4119
3123 4278
3124 4835
3125 1748
3126 498
3127 2683
3128 4782
3129 4792
3130 3055
3131 3055
3132 3969
3133 4823
3134 822
3135 822
3136 3377
3137 844
3138 2349
3139 1524
3140 4898
3141 4739
3142 1709
3143 428
3144 4778
3145 4778
3146 2834
3147 1611
3148 1610
3149 386
3150 2234
3151 659
3152 659
3153 1668
3154 525
3155 1659
3156 608
3157 2259
3158 2259
3159 2258
3160 672
3161 2259
3162 1749
3163 654
3164 3043
3165 3176
3166 3324
3167 4967
3168 4008
3169 3969
3170 3377
3171 3105
3172 3300
3173 1619
3174 4788
3175 1645
3176 3969
3177 3969
3178 3969
3179 3372
3180 3967
3181 1547
3182 752
3183 1547
3184 752
3185 715
3186 742
3187 742
3188 1547
3189 1547
3190 1547
3191 1543
3192 1539
3193 752
3194 711
3195 537
3196 742
3197 1445
3198 2251
3199 742
3200 1305
3201 1293
3202 1446
3203 1447
3204 1513
3205 900
3206 1446
3207 1513
3208 1524
3209 2243
3210 1513
3211 1524
3212 547
3213 1516
3214 1524
3215 1524
3216 1524
3217 1547
3218 916
3219 752
3220 1446
3221 1446
3222 1513
3223 1446
3224 1524
3225 1524
3226 1524
3227 1524
3228 1524
3229 1544
3230 1446
3231 1547
3232 1547
3233 711
3234 1539
3235 1524
3236 1446
3237 1516
3238 1446
3239 1547
3240 1539
3241 703
3242 1516
3243 1524
3244 1539
3245 1313
3246 1466
3247 1293
3248 1513
3249 1524
3250 1524
3251 1544
3252 755
3253 822
3254 1446
3255 1293
3256 1513
3257 236
3258 1446
3259 1446
3260 3870
3261 3859
3262 4967
3263 1482
3264 1469
3265 3859
3266 4031
3267 1513
3268 1305
3269 1543
3270 3859
3271 2579
3272 3302
3273 3325
3274 2579
3275 2552
3276 3327
3277 3327
3278 2528
3279 2528
3280 2572
3281 2557
3282 2572
3283 2541
3284 2541
3285 4904
3286 4893
3287 3325
3288 4034
3289 3989
3290 617
3291 2541
3292 3302
3293 2572
3294 2553
3295 2552
3296 2557
3297 2541
3298 3307
3299 4266
3300 4120
3301 4115
3302 3048
3303 3109
3304 2871
3305 1716
3306 4108
3307 179
3308 3938
3309 2938
3310 3938
3311 3297
3312 2434
3313 2503
3314 4011
3315 4975
3316 4049
3317 3990
3318 4935
3319 4079
3320 4826
3321 4031
3322 4008
3323 4935
3324 4974
3325 824
3326 4935
3327 3969
3328 4008
3329 4967
3330 1507
3331 1507
3332 3967
3333 4821
3334 4008
3335 1507
3336 4823
3337 4008
3338 4967
3339 4823
3340 4821
3341 3377
3342 3969
3343 3377
3344 3967
3345 3969
3346 3969
3347 4967
3348 4003
3349 4935
3350 824
3351 3969
3352 3969
3353 3969
3354 3969
3355 3967
3356 3372
3357 4967
3358 1507
3359 1507
3360 4935
3361 824
3362 3385
3363 4031
3364 2358
3365 4935
3366 4975
3367 4975
3368 4031
3369 2349
3370 2627
3371 3377
3372 3377
3373 3969
3374 4011
3375 4937
3376 4937
3377 3377
3378 2627
3379 4008
3380 4967
3381 4821
3382 4823
3383 833
3384 833
3385 822
3386 1517
3387 2251
3388 822
3389 1524
3390 2496
3391 3321
3392 1513
3393 1513
3394 1446
3395 742
3396 742
3397 742
3398 1445
3399 1539
3400 1539
3401 901
3402 1543
3403 1310
3404 1314
3405 690
3406 1416
3407 1416
3408 738
3409 927
3410 718
3411 1376
3412 731
3413 748
3414 748
3415 916
3416 748
3417 1376
3418 731
3419 927
3420 697
3421 748
3422 748
3423 916
3424 910
3425 912
3426 910
3427 1229
3428 3683
3429 3683
3430 3688
3431 1229
3432 1229
3433 3768
3434 3766
3435 1229
3436 1416
3437 3457
3438 3760
3439 3722
3440 1416
3441 1164
3442 1134
3443 1229
3444 976
3445 3768
3446 3761
3447 1030
3448 1416
3449 1229
3450 3722
3451 1229
3452 1416
3453 3683
3454 1229
3455 1229
3456 3683
3457 3722
3458 3543
3459 1416
3460 1416
3461 1416
3462 1416
3463 1229
3464 1229
3465 1030
3466 976
3467 1174
3468 3722
3469 1229
3470 3722
3471 1201
3472 3722
3473 1229
3474 976
3475 976
3476 1134
3477 1030
3478 1229
3479 976
3480 1229
3481 1416
3482 976
3483 1276
3484 3722
3485 1276
3486 1229
3487 1229
3488 1416
3489 1134
3490 1416
3491 1416
3492 1229
3493 1164
3494 1176
3495 1134
3496 1030
3497 1030
3498 919
3499 1030
3500 1164
3501 1416
3502 1229
3503 1229
3504 3766
3505 1416
3506 1416
3507 1416
3508 1416
3509 1416
3510 1416
3511 1416
3512 1134
3513 1229
3514 1229
3515 1030
3516 1276
3517 1229
3518 1134
3519 1134
3520 3766
3521 1030
3522 1134
3523 1134
3524 1229
3525 976
3526 1134
3527 1164
3528 1229
3529 1229
3530 1134
3531 1229
3532 1134
3533 1416
3534 1065
3535 1134
3536 1134
3537 1134
3538 1030
3539 1164
3540 1276
3541 1416
3542 1416
3543 748
3544 3457
3545 1416
3546 1416
3547 3766
3548 1229
3549 976
3550 976
3551 3722
3552 1164
3553 1030
3554 1423
3555 3784
3556 1004
3557 1229
3558 3768
3559 1176
3560 976
3561 910
3562 1134
3563 1193
3564 1174
3565 1174
3566 1164
3567 1065
3568 1105
3569 1114
3570 1065
3571 1104
3572 1114
3573 1114
3574 1104
3575 1114
3576 1114
3577 1164
3578 1164
3579 1164
3580 1065
3581 1104
3582 1114
3583 1114
3584 1065
3585 976
3586 1134
3587 1134
3588 1174
3589 1176
3590 1176
3591 976
3592 1134
3593 1134
3594 1174
3595 1176
3596 1134
3597 1174
3598 1174
3599 1174
3600 1134
3601 1174
3602 1134
3603 1164
3604 1176
3605 1104
3606 1164
3607 1174
3608 1176
3609 1164
3610 1164
3611 1164
3612 1164
3613 1164
3614 1164
3615 1174
3616 1164
3617 1134
3618 1134
3619 1134
3620 1104
3621 1164
3622 1104
3623 1114
3624 1105
3625 1103
3626 1114
3627 1105
3628 1105
3629 1105
3630 1114
3631 1105
3632 1114
3633 1104
3634 1105
3635 1105
3636 1105
3637 1105
3638 1114
3639 1114
3640 1105
3641 1105
3642 1176
3643 1176
3644 1134
3645 1176
3646 1176
3647 1134
3648 1176
3649 1134
3650 1174
3651 1134
3652 1176
3653 1174
3654 976
3655 1229
3656 1030
3657 1176
3658 1176
3659 1174
3660 1134
3661 1176
3662 976
3663 1134
3664 1174
3665 1164
3666 1134
3667 1134
3668 1174
3669 1174
3670 976
3671 976
3672 1176
3673 976
3674 976
3675 1176
3676 976
3677 1134
3678 1176
3679 1104
3680 1164
3681 1104
3682 1105
3683 1105
3684 1105
3685 1104
3686 1103
3687 1105
3688 1103
3689 1105
3690 1105
3691 1105
3692 1105
3693 1105
3694 1164
3695 1104
3696 1105
3697 1105
3698 1114
3699 1105
3700 1105
3701 1105
3702 1134
3703 1134
3704 1134
3705 1174
3706 1176
3707 976
3708 1134
3709 1134
3710 1134
3711 1174
3712 1229
3713 976
3714 976
3715 976
3716 1174
3717 1174
3718 1229
3719 1210
3720 1134
3721 1134
3722 1134
3723 1229
3724 1134
3725 1174
3726 1210
3727 1134
3728 1210
3729 1114
3730 1201
3731 1164
3732 1164
3733 1201
3734 1210
3735 1164
3736 1104
3737 1134
3738 1134
3739 1164
3740 1104
3741 1164
3742 1104
3743 1174
3744 976
3745 1174
3746 1229
3747 1229
3748 976
3749 1229
3750 1229
3751 1193
3752 1193
3753 1193
3754 1193
3755 1193
3756 1229
3757 1193
3758 1229
3759 1229
3760 1193
3761 1229
3762 1193
3763 1174
3764 1174
3765 1174
3766 1193
3767 1174
3768 1193
3769 1174
3770 1174
3771 1193
3772 1193
3773 1176
3774 1174
3775 1176
3776 1193
3777 1193
3778 1193
3779 1193
3780 1174
3781 1193
3782 1174
3783 1174
3784 1174
3785 1174
3786 1174
3787 1176
3788 1176
3789 1174
3790 1176
3791 1174
3792 976
3793 3722
3794 1193
3795 3722
3796 3722
3797 3760
3798 1229
3799 1229
3800 3760
3801 1229
3802 1229
3803 1229
3804 3765
3805 1229
3806 3543
3807 1229
3808 1229
3809 1229
3810 1193
3811 3766
3812 3766
3813 3766
3814 3722
3815 1229
3816 1229
3817 1229
3818 1229
3819 1229
3820 1229
3821 1229
3822 1229
3823 3457
3824 1276
3825 3766
3826 3683
3827 3784
3828 919
3829 1416
3830 1030
3831 3768
3832 1030
3833 1416
3834 1416
3835 1229
3836 1229
3837 1229
3838 1229
3839 1229
3840 1229
3841 2431
3842 2877
3843 2436
3844 2552
3845 2430
3846 2521
3847 3307
3848 871
3849 824
3850 871
3851 871
3852 814
3853 822
3854 822
3855 833
3856 822
3857 822
3858 822
3859 822
3860 1327
3861 822
3862 822
3863 1516
3864 822
3865 833
3866 833
3867 833
3868 824
3869 3377
3870 3377
3871 822
3872 814
3873 822
3874 4823
3875 833
3876 844
3877 822
3878 814
3879 3377
3880 844
3881 3377
3882 833
3883 4134
3884 4278
3885 4757
3886 4278
3887 4127
3888 4134
3889 4278
3890 4835
3891 4278
3892 4284
3893 3984
3894 2648
3895 4931
3896 3871
3897 3871
3898 3859
3899 3951
3900 3859
3901 2588
3902 283
3903 1466
3904 742
3905 727
3906 1310
3907 742
3908 1446
3909 742
3910 742
3911 742
3912 1305
3913 742
3914 727
3915 1305
3916 1310
3917 742
3918 711
3919 1539
3920 732
3921 732
3922 1544
3923 742
3924 724
3925 711
3926 721
3927 711
3928 1547
3929 711
3930 1544
3931 1547
3932 916
3933 705
3934 703
3935 1547
3936 705
3937 1547
3938 1551
3939 1547
3940 916
3941 1547
3942 697
3943 912
3944 773
3945 1391
3946 748
3947 910
3948 1547
3949 773
3950 748
3951 748
3952 697
3953 748
3954 1416
3955 697
3956 690
3957 1416
3958 738
3959 1416
3960 738
3961 718
3962 1416
3963 1416
3964 738
3965 748
3966 927
3967 4036
3968 2886
3969 4034
3970 4079
3971 4043
3972 4880
3973 4044
3974 2648
3975 4835
3976 2648
3977 2648
3978 3859
3979 4284
3980 2886
3981 4044
3982 4975
3983 4975
3984 4935
3985 2358
3986 833
3987 822
3988 822
3989 833
3990 4823
3991 4031
3992 3857
3993 4283
3994 4283
3995 4835
3996 4835
3997 4874
3998 2651
3999 2656
4000 4120
4001 4120
4002 4874
4003 822
4004 4826
4005 4780
4006 4008
4007 4780
4008 3859
4009 3859
4010 3951
4011 3857
4012 4780
4013 2677
4014 3328
4015 3328
4016 3859
4017 3859
4018 2648
4019 3857
4020 4283
4021 4283
4022 3978
4023 2677
4024 2889
4025 4049
4026 4044
4027 833
4028 833
4029 833
4030 833
4031 4823
4032 833
4033 4826
4034 2677
4035 4031
4036 4967
4037 4031
4038 4826
4039 2677
4040 4973
4041 4823
4042 2349
4043 4935
4044 4935
4045 4935
4046 4932
4047 4935
4048 4970
4049 4932
4050 4975
4051 4011
4052 4034
4053 4079
4054 4043
4055 2251
4056 1513
4057 1513
4058 1513
4059 1447
4060 1446
4061 1447
4062 1303
4063 1446
4064 1446
4065 2251
4066 2251
4067 1513
4068 1446
4069 1446
4070 1513
4071 1446
4072 4967
4073 4780
4074 4826
4075 4085
4076 4085
4077 4982
4078 4132
4079 4132
4080 4267
4081 4134
4082 2393
4083 2393
4084 4133
4085 4825
4086 4284
4087 4826
4088 3859
4089 3859
4090 3399
4091 3377
4092 3969
4093 2627
4094 3967
4095 4008
4096 3967
4097 3969
4098 4823
4099 3297
4100 492
4101 179
4102 2938
4103 2434
4104 2407
4105 1587
4106 1
4107 1556
4108 2625
4109 3182
4110 2892
4111 4126
4112 2660
4113 4126
4114 4126
4115 2884
4116 3182
4117 3300
4118 2660
4119 3300
4120 4123
4121 4126
4122 4874
4123 4126
4124 3300
4125 4123
4126 2668
4127 4874
4128 4266
4129 4127
4130 2159
4131 309
4132 2145
4133 297
4134 1611
4135 1612
4136 2257
4137 1626
4138 308
4139 308
4140 301
4141 1618
4142 1618
4143 2258
4144 1618
4145 582
4146 582
4147 584
4148 307
4149 584
4150 1644
4151 383
4152 296
4153 1611
4154 1611
4155 1629
4156 1611
4157 1611
4158 582
4159 297
4160 1612
4161 1612
4162 1636
4163 1636
4164 1636
4165 307
4166 1636
4167 628
4168 584
4169 2261
4170 1618
4171 1636
4172 628
4173 1667
4174 414
4175 2264
4176 2206
4177 1662
4178 1671
4179 1671
4180 525
4181 412
4182 1648
4183 1648
4184 414
4185 598
4186 2264
4187 601
4188 2206
4189 349
4190 349
4191 349
4192 2206
4193 2202
4194 2203
4195 404
4196 2116
4197 2163
4198 349
4199 2203
4200 338
4201 413
4202 406
4203 525
4204 1674
4205 340
4206 602
4207 1655
4208 2263
4209 600
4210 2263
4211 1659
4212 391
4213 1662
4214 1648
4215 1683
4216 2263
4217 1648
4218 355
4219 598
4220 1659
4221 1663
4222 2262
4223 601
4224 1690
4225 4262
4226 4672
4227 2834
4228 3043
4229 3043
4230 4740
4231 2702
4232 428
4233 428
4234 2702
4235 4758
4236 3055
4237 4758
4238 4758
4239 1748
4240 428
4241 1706
4242 1748
4243 4263
4244 2659
4245 2659
4246 4123
4247 2668
4248 4778
4249 4261
4250 459
4251 2307
4252 617
4253 654
4254 656
4255 574
4256 4266
4257 4120
4258 3037
4259 2651
4260 3049
4261 4120
4262 4292
4263 4292
4264 3984
4265 4278
4266 4835
4267 4134
4268 4267
4269 4118
4270 4115
4271 3048
4272 2666
4273 4266
4274 4874
4275 777
4276 4035
4277 2455
4278 2486
4279 2453
4280 34
4281 103
4282 1744
4283 2114
4284 3043
4285 1587
4286 4263
4287 2393
4288 4134
4289 4084
4290 1902
4291 606
4292 370
4293 606
4294 1902
4295 1902
4296 665
4297 1687
4298 665
4299 1902
4300 370
4301 370
4302 1907
4303 1907
4304 1907
4305 2271
4306 1907
4307 1907
4308 1907
4309 1907
4310 1907
4311 1913
4312 1913
4313 1907
4314 1907
4315 1905
4316 1907
4317 1809
4318 1821
4319 1877
4320 1886
4321 1789
4322 1821
4323 1787
4324 1781
4325 1789
4326 1809
4327 1787
4328 1787
4329 1789
4330 1789
4331 1821
4332 1821
4333 1886
4334 1789
4335 1789
4336 1860
4337 1789
4338 1884
4339 1886
4340 1886
4341 1789
4342 1886
4343 1789
4344 1789
4345 1886
4346 1791
4347 1791
4348 1860
4349 1818
4350 1860
4351 1791
4352 1791
4353 1821
4354 1781
4355 1787
4356 1884
4357 1789
4358 1884
4359 1787
4360 1787
4361 1787
4362 1824
4363 1787
4364 1787
4365 1809
4366 1789
4367 1860
4368 1789
4369 1789
4370 1884
4371 1809
4372 1789
4373 1789
4374 1789
4375 1809
4376 1790
4377 1790
4378 1809
4379 1884
4380 1884
4381 1884
4382 1809
4383 1789
4384 1884
4385 1790
4386 1886
4387 1886
4388 1886
4389 1860
4390 1860
4391 1886
4392 1860
4393 1791
4394 1791
4395 1886
4396 1884
4397 1810
4398 1860
4399 1886
4400 1824
4401 1791
4402 1834
4403 1797
4404 2069
4405 1788
4406 2074
4407 1791
4408 1882
4409 1791
4410 1792
4411 1809
4412 1860
4413 1860
4414 1787
4415 1787
4416 1824
4417 1787
4418 1886
4419 1789
4420 1886
4421 1860
4422 1789
4423 1860
4424 1789
4425 1789
4426 1860
4427 1886
4428 1860
4429 1886
4430 1880
4431 1860
4432 1788
4433 1789
4434 1822
4435 1779
4436 1787
4437 1787
4438 1884
4439 1860
4440 1809
4441 1789
4442 1789
4443 1824
4444 1789
4445 1886
4446 1809
4447 1886
4448 1809
4449 1789
4450 1791
4451 1789
4452 1884
4453 1860
4454 1797
4455 1809
4456 2082
4457 1860
4458 1913
4459 368
4460 1913
4461 1693
4462 665
4463 1754
4464 606
4465 1905
4466 606
4467 665
4468 361
4469 665
4470 606
4471 607
4472 1693
4473 1902
4474 1687
4475 368
4476 1909
4477 1758
4478 1909
4479 1919
4480 1919
4481 1919
4482 2273
4483 1758
4484 1916
4485 1916
4486 1916
4487 1757
4488 1913
4489 1913
4490 2093
4491 2093
4492 2096
4493 2097
4494 1932
4495 2097
4496 2096
4497 1932
4498 1897
4499 1897
4500 2099
4501 1928
4502 2096
4503 2099
4504 1897
4505 1897
4506 2099
4507 2077
4508 2082
4509 1815
4510 2081
4511 1845
4512 1930
4513 1950
4514 1931
4515 1948
4516 1948
4517 1930
4518 1948
4519 1932
4520 1942
4521 1942
4522 2107
4523 1990
4524 1990
4525 2045
4526 1959
4527 1991
4528 1970
4529 1979
4530 1999
4531 1962
4532 1988
4533 2066
4534 2278
4535 1979
4536 2027
4537 1972
4538 1972
4539 1972
4540 2102
4541 1976
4542 2100
4543 2025
4544 2026
4545 2025
4546 1978
4547 2025
4548 1979
4549 1928
4550 1949
4551 1949
4552 1928
4553 1986
4554 2017
4555 1989
4556 1988
4557 1988
4558 1948
4559 1989
4560 1949
4561 1988
4562 1990
4563 1954
4564 1953
4565 1957
4566 1965
4567 1970
4568 1919
4569 2024
4570 1968
4571 2106
4572 2017
4573 1941
4574 1941
4575 1955
4576 2045
4577 2062
4578 2045
4579 2062
4580 2065
4581 1972
4582 1972
4583 1981
4584 1972
4585 2059
4586 2012
4587 2059
4588 2059
4589 1917
4590 2017
4591 1924
4592 2110
4593 1923
4594 1919
4595 2100
4596 1776
4597 1919
4598 2100
4599 1776
4600 2100
4601 2102
4602 2102
4603 2028
4604 2087
4605 1930
4606 1928
4607 2035
4608 1928
4609 2035
4610 1941
4611 1941
4612 1941
4613 2050
4614 2037
4615 2045
4616 1936
4617 2034
4618 1953
4619 2034
4620 1954
4621 2054
4622 2045
4623 2054
4624 1950
4625 1990
4626 1990
4627 1958
4628 2284
4629 2062
4630 2060
4631 2054
4632 2064
4633 2059
4634 2060
4635 2060
4636 1965
4637 1971
4638 1972
4639 2059
4640 2059
4641 2064
4642 2059
4643 1862
4644 2074
4645 1813
4646 1825
4647 1826
4648 1813
4649 2073
4650 1880
4651 1860
4652 1806
4653 1815
4654 1797
4655 1834
4656 1834
4657 1797
4658 1797
4659 1797
4660 1815
4661 1815
4662 2082
4663 1845
4664 1897
4665 2093
4666 2097
4667 2097
4668 1822
4669 1891
4670 1929
4671 1891
4672 2098
4673 1822
4674 1884
4675 1822
4676 2099
4677 1822
4678 1771
4679 1919
4680 1919
4681 2273
4682 1907
4683 1907
4684 1758
4685 2106
4686 2110
4687 2108
4688 2108
4689 1919
4690 1761
4691 1919
4692 3967
4693 3989
4694 4090
4695 2149
4696 404
4697 404
4698 399
4699 4118
4700 4174
4701 4790
4702 1626
4703 2893
4704 2159
4705 2147
4706 2151
4707 522
4708 415
4709 2145
4710 4256
4711 415
4712 2153
4713 2153
4714 4742
4715 3309
4716 3054
4717 3037
4718 2651
4719 296
4720 1644
4721 3055
4722 3048
4723 3048
4724 4119
4725 3048
4726 4792
4727 300
4728 2159
4729 309
4730 301
4731 324
4732 2147
4733 490
4734 399
4735 2153
4736 325
4737 312
4738 312
4739 2715
4740 4792
4741 4740
4742 3048
4743 2651
4744 1615
4745 1644
4746 4740
4747 2651
4748 3048
4749 335
4750 335
4751 3982
4752 4292
4753 4292
4754 4778
4755 498
4756 3040
4757 4758
4758 4149
4759 2659
4760 2659
4761 3043
4762 4263
4763 3043
4764 4758
4765 1748
4766 2879
4767 1748
4768 4166
4769 4842
4770 3055
4771 3043
4772 3043
4773 306
4774 1748
4775 2879
4776 4263
4777 2892
4778 4123
4779 2668
4780 4758
4781 2715
4782 4031
4783 3182
4784 4132
4785 4289
4786 1640
4787 2205
4788 401
4789 331
4790 319
4791 605
4792 2879
4793 2203
4794 406
4795 428
4796 2879
4797 4826
4798 2917
4799 3979
4800 3045
4801 3045
4802 3045
4803 3045
4804 3867
4805 3045
4806 3045
4807 2257
4808 2257
4809 2257
4810 383
4811 582
4812 2220
4813 1641
4814 2264
4815 601
4816 2262
4817 3045
4818 3043
4819 3043
4820 2879
4821 4031
4822 1611
4823 298
4824 386
4825 2234
4826 2234
4827 316
4828 522
4829 1674
4830 2264
4831 1659
4832 2877
4833 4785
4834 3969
4835 4823
4836 4823
4837 4134
4838 4835
4839 2677
4840 3978
4841 2886
4842 822
4843 833
4844 3182
4845 2659
4846 4874
4847 4128
4848 297
4849 1611
4850 2257
4851 2257
4852 1636
4853 2220
4854 2257
4855 583
4856 601
4857 2264
4858 2203
4859 407
4860 1661
4861 2263
4862 2879
4863 2659
4864 4835
4865 606
4866 665
4867 1905
4868 2271
4869 1907
4870 612
4871 606
4872 1907
4873 1972
4874 2025
4875 1970
4876 2280
4877 2015
4878 2059
4879 2102
4880 2015
4881 2059
4882 2059
4883 1919
4884 1748
4885 1748
4886 306
4887 2588
4888 2588
4889 4034
4890 3984
4891 4685
4892 2871
4893 4828
4894 4685
4895 2912
4896 3324
4897 4034
4898 4078
4899 4011
4900 4757
4901 4044
4902 4049
4903 3313
4904 4049
4905 3859
4906 2307
4907 422
4908 269
4909 2871
4910 4996
4911 2668
4912 2470
4913 2424
4914 3307
4915 4904
4916 4904
4917 2479
4918 2557
4919 2569
4920 2557
4921 2557
4922 2572
4923 2557
4924 2572
4925 2552
4926 3303
4927 2552
4928 3303
4929 3303
4930 4803
4931 3951
4932 4967
4933 2648
4934 3859
4935 4008
4936 4032
4937 3951
4938 4893
4939 3328
4940 4935
4941 3027
4942 4975
4943 3951
4944 2648
4945 3951
4946 4935
4947 4967
4948 4034
4949 4935
4950 4924
4951 4935
4952 4937
4953 4937
4954 2588
4955 3871
4956 3859
4957 4031
4958 4031
4959 4975
4960 3951
4961 3859
4962 3871
4963 3859
4964 3947
4965 4780
4966 4032
4967 4975
4968 3859
4969 2407
4970 3951
4971 3871
4972 880
4973 2646
4974 2646
4975 4975
4976 4975
4977 3871
4978 3857
4979 3984
4980 4127
4981 2661
4982 2661
4983 4884
4984 4982
4985 4134
4986 4134
4987 4085
4988 4085
4989 4266
4990 3858
4991 3858
4992 2666
4993 574
4994 283
4995 4275
4996 4124
4997 283
4998 4337
4999 4337
5000 4337
