0 21
1 74
2 106
3 2498
4 2598
5 2498
6 2560
7 2498
8 2627
9 138
10 57
11 140
12 44
13 106
14 42
15 45
16 140
17 18
18 39
19 51
20 50
21 139
22 785
23 50
24 52
25 53
26 2583
27 22
28 178
29 137
30 139
31 60
32 75
33 170
34 60
35 2583
36 2598
37 58
38 68
39 51
40 22
41 91
42 91
43 20
44 51
45 42
46 68
47 140
48 42
49 1784
50 50
51 52
52 52
53 52
54 2498
55 2983
56 4101
57 1617
58 2512
59 60
60 2629
61 1785
62 2598
63 2598
64 2605
65 51
66 1780
67 66
68 96
69 96
70 39
71 106
72 68
73 169
74 192
75 177
76 177
77 19
78 139
79 52
80 53
81 52
82 103
83 134
84 1354
85 801
86 25
87 2420
88 134
89 75
90 169
91 134
92 134
93 139
94 71
95 2498
96 1612
97 2558
98 2591
99 95
100 1784
101 2535
102 9
103 138
104 2591
105 2560
106 2603
107 14
108 2583
109 134
110 2512
111 4276
112 20
113 2554
114 2598
115 20
116 106
117 2498
118 2629
119 2498
120 2560
121 39
122 140
123 60
124 102
125 2519
126 75
127 75
128 134
129 134
130 2535
131 208
132 4276
133 2407
134 785
135 169
136 95
137 134
138 139
139 138
140 57
141 4101
142 3277
143 505
144 2512
145 106
146 2598
147 2598
148 2598
149 39
150 70
151 106
152 106
153 2615
154 2583
155 177
156 177
157 177
158 177
159 154
160 177
161 178
162 178
163 177
164 177
165 177
166 177
167 208
168 129
169 2420
170 2420
171 192
172 169
173 2420
174 168
175 177
176 177
177 178
178 178
179 178
180 192
181 169
182 168
183 1353
184 1353
185 2411
186 178
187 2420
188 178
189 129
190 1353
191 2420
192 2420
193 1353
194 129
195 178
196 177
197 178
198 178
199 177
200 177
201 177
202 177
203 177
204 178
205 178
206 177
207 2411
208 2411
209 821
210 1405
211 2453
212 2451
213 434
214 1530
215 545
216 1364
217 2457
218 2460
219 1523
220 556
221 1600
222 301
223 2477
224 2477
225 228
226 556
227 243
228 581
229 228
230 2465
231 2445
232 1529
233 2477
234 216
235 876
236 1481
237 1600
238 769
239 228
240 1494
241 1494
242 1494
243 1769
244 2466
245 2462
246 2430
247 2430
248 1523
249 680
250 2339
251 4832
252 1494
253 437
254 2339
255 2442
256 2457
257 2457
258 847
259 861
260 861
261 2465
262 2465
263 2465
264 492
265 1494
266 2445
267 545
268 545
269 1367
270 2457
271 2456
272 463
273 267
274 267
275 827
276 131
277 495
278 495
279 259
280 61
281 461
282 265
283 1630
284 267
285 274
286 313
287 270
288 1511
289 4995
290 272
291 684
292 798
293 274
294 287
295 1740
296 4766
297 4779
298 267
299 1597
300 1536
301 685
302 685
303 1675
304 1677
305 287
306 4702
307 1735
308 1735
309 2385
310 2198
311 1768
312 508
313 1403
314 1403
315 511
316 876
317 1738
318 1654
319 1680
320 2348
321 4170
322 259
323 581
324 1486
325 556
326 305
327 4744
328 2885
329 2885
330 2888
331 276
332 2224
333 4138
334 4151
335 4135
336 3070
337 4159
338 4159
339 2805
340 4745
341 2823
342 2809
343 2809
344 2807
345 4156
346 4154
347 2820
348 4826
349 2814
350 2816
351 2991
352 2991
353 3078
354 4735
355 2822
356 2822
357 4823
358 4711
359 3016
360 2827
361 2990
362 2990
363 4787
364 4825
365 2890
366 2833
367 2834
368 2842
369 2909
370 2908
371 2840
372 2911
373 2911
374 2843
375 2918
376 2850
377 2850
378 2849
379 2850
380 2860
381 4695
382 3087
383 4200
384 3088
385 3153
386 4189
387 4189
388 2847
389 4198
390 4178
391 2851
392 4181
393 4816
394 4213
395 4213
396 2879
397 4215
398 4215
399 4206
400 4206
401 4206
402 3102
403 3100
404 2868
405 4206
406 397
407 397
408 2314
409 3015
410 3016
411 4156
412 4711
413 3078
414 3021
415 4734
416 4697
417 3088
418 4178
419 3096
420 2214
421 412
422 449
423 2991
424 2903
425 3117
426 4711
427 2826
428 2907
429 4733
430 2816
431 4827
432 2820
433 2819
434 2848
435 2849
436 2847
437 2843
438 2919
439 2920
440 237
441 1529
442 1529
443 1529
444 2459
445 243
446 243
447 2449
448 2449
449 2449
450 2449
451 1763
452 2388
453 2388
454 3143
455 3060
456 3060
457 4765
458 3892
459 4283
460 3105
461 3058
462 571
463 2238
464 745
465 4832
466 251
467 1791
468 1536
469 556
470 772
471 313
472 2293
473 461
474 461
475 1393
476 240
477 464
478 1532
479 2430
480 243
481 1523
482 680
483 437
484 449
485 528
486 470
487 470
488 470
489 3149
490 2963
491 2779
492 4170
493 284
494 3106
495 2938
496 2445
497 437
498 861
499 861
500 2339
501 437
502 243
503 876
504 2392
505 210
506 260
507 495
508 495
509 545
510 781
511 1369
512 495
513 644
514 2245
515 2990
516 1768
517 2449
518 4969
519 2449
520 2983
521 1768
522 1762
523 4995
524 1562
525 292
526 2440
527 769
528 1403
529 1403
530 1403
531 1403
532 556
533 1600
534 1600
535 2477
536 3106
537 2314
538 4808
539 513
540 3001
541 3013
542 288
543 284
544 4253
545 671
546 3009
547 3008
548 3008
549 1641
550 4130
551 4132
552 4711
553 3018
554 2907
555 3078
556 2821
557 4734
558 4695
559 2848
560 4178
561 2868
562 1369
563 2465
564 2457
565 545
566 2457
567 745
568 745
569 745
570 545
571 1364
572 545
573 554
574 1562
575 861
576 1379
577 680
578 2330
579 680
580 2330
581 680
582 1367
583 847
584 847
585 769
586 769
587 680
588 680
589 1521
590 2460
591 1521
592 434
593 434
594 2426
595 1521
596 876
597 1600
598 240
599 240
600 847
601 847
602 2457
603 2457
604 1495
605 809
606 568
607 2199
608 1743
609 2388
610 529
611 2761
612 1740
613 1495
614 2305
615 308
616 2305
617 4808
618 568
619 581
620 2885
621 4154
622 3074
623 3074
624 2769
625 4849
626 2827
627 4713
628 2813
629 2822
630 2823
631 4823
632 3016
633 4825
634 4826
635 3086
636 3087
637 2848
638 3153
639 3154
640 2857
641 4176
642 2859
643 4212
644 3097
645 4221
646 3098
647 4219
648 4213
649 3100
650 2879
651 4215
652 2772
653 2311
654 3058
655 4253
656 2756
657 2238
658 1744
659 1735
660 472
661 1753
662 2903
663 2903
664 3149
665 4711
666 2803
667 4146
668 635
669 2240
670 636
671 461
672 1754
673 447
674 2200
675 2214
676 2214
677 276
678 2293
679 265
680 2465
681 2465
682 2465
683 2465
684 1495
685 2457
686 2465
687 2445
688 1562
689 1562
690 861
691 861
692 680
693 861
694 1369
695 1495
696 2385
697 2277
698 2213
699 2277
700 523
701 2271
702 658
703 2214
704 4154
705 2824
706 2887
707 3018
708 3018
709 2820
710 2911
711 2841
712 3025
713 3153
714 4216
715 397
716 3002
717 2348
718 670
719 2348
720 3009
721 671
722 671
723 495
724 861
725 846
726 861
727 861
728 861
729 861
730 4117
731 4118
732 645
733 2217
734 888
735 861
736 2455
737 861
738 847
739 1441
740 900
741 1441
742 900
743 900
744 900
745 900
746 1441
747 1441
748 900
749 900
750 900
751 1419
752 1420
753 897
754 714
755 900
756 1578
757 897
758 1583
759 714
760 714
761 1569
762 889
763 1572
764 720
765 751
766 545
767 721
768 499
769 745
770 748
771 900
772 1441
773 1572
774 897
775 720
776 720
777 892
778 892
779 719
780 1372
781 900
782 1583
783 748
784 900
785 1578
786 714
787 751
788 889
789 714
790 1441
791 748
792 748
793 889
794 900
795 1369
796 1420
797 1578
798 889
799 721
800 1441
801 721
802 1419
803 1419
804 889
805 736
806 1576
807 897
808 1486
809 1529
810 2440
811 2440
812 680
813 861
814 861
815 861
816 680
817 680
818 680
819 2330
820 852
821 2457
822 847
823 1522
824 861
825 861
826 1578
827 900
828 889
829 178
830 177
831 178
832 1785
833 2409
834 192
835 4101
836 785
837 139
838 291
839 1762
840 4992
841 165
842 177
843 2409
844 177
845 495
846 500
847 4283
848 3171
849 2756
850 177
851 2409
852 178
853 170
854 168
855 177
856 177
857 4078
858 2360
859 1513
860 809
861 1774
862 272
863 2213
864 811
865 812
866 3305
867 4910
868 505
869 1785
870 1612
871 138
872 2598
873 257
874 1565
875 1492
876 1492
877 2327
878 1492
879 825
880 825
881 680
882 236
883 2457
884 2445
885 1558
886 825
887 2445
888 861
889 825
890 861
891 861
892 2465
893 1494
894 1494
895 1494
896 861
897 847
898 861
899 437
900 2465
901 2445
902 2445
903 2445
904 2457
905 2445
906 437
907 437
908 861
909 852
910 847
911 847
912 774
913 2455
914 825
915 1562
916 1562
917 861
918 861
919 847
920 2455
921 847
922 243
923 861
924 861
925 861
926 2457
927 847
928 847
929 2457
930 1494
931 1495
932 825
933 2457
934 2457
935 2457
936 1494
937 2469
938 2455
939 774
940 680
941 2453
942 680
943 861
944 861
945 437
946 1494
947 1494
948 437
949 2445
950 1494
951 2457
952 252
953 745
954 892
955 548
956 745
957 1572
958 138
959 58
960 897
961 714
962 714
963 1420
964 1420
965 1414
966 900
967 1420
968 900
969 900
970 1420
971 1469
972 945
973 1469
974 1469
975 1469
976 928
977 1469
978 1474
979 1469
980 1474
981 1469
982 1474
983 1474
984 1469
985 1469
986 1474
987 1474
988 1441
989 1469
990 1441
991 1342
992 980
993 1000
994 1159
995 986
996 1342
997 1342
998 1342
999 1342
1000 986
1001 1311
1002 980
1003 1342
1004 1342
1005 980
1006 1342
1007 980
1008 1342
1009 1342
1010 1342
1011 1342
1012 1342
1013 990
1014 980
1015 1311
1016 1159
1017 980
1018 1342
1019 1342
1020 1159
1021 1158
1022 1311
1023 987
1024 980
1025 1342
1026 1311
1027 1159
1028 1158
1029 1342
1030 1342
1031 980
1032 1342
1033 1342
1034 1342
1035 1342
1036 1342
1037 990
1038 1158
1039 1342
1040 1342
1041 1342
1042 1342
1043 1342
1044 1158
1045 1342
1046 1342
1047 966
1048 966
1049 966
1050 957
1051 945
1052 1158
1053 980
1054 1342
1055 1342
1056 986
1057 1158
1058 1158
1059 982
1060 1158
1061 1158
1062 986
1063 1342
1064 986
1065 990
1066 1311
1067 980
1068 1311
1069 1342
1070 1158
1071 1158
1072 1158
1073 1342
1074 986
1075 1342
1076 1342
1077 1342
1078 1342
1079 966
1080 1342
1081 982
1082 997
1083 1311
1084 1158
1085 986
1086 1158
1087 1342
1088 980
1089 1158
1090 997
1091 1441
1092 1158
1093 994
1094 1158
1095 1158
1096 1158
1097 1158
1098 981
1099 1158
1100 1158
1101 981
1102 981
1103 981
1104 981
1105 1158
1106 981
1107 1158
1108 981
1109 1158
1110 981
1111 981
1112 981
1113 1158
1114 987
1115 1158
1116 1158
1117 1158
1118 1158
1119 1158
1120 1311
1121 1158
1122 1158
1123 1158
1124 986
1125 1158
1126 1158
1127 1158
1128 1158
1129 1158
1130 1158
1131 1158
1132 1158
1133 1158
1134 1158
1135 1158
1136 1158
1137 1158
1138 1158
1139 1158
1140 1158
1141 1158
1142 1158
1143 1311
1144 1158
1145 1158
1146 1158
1147 1158
1148 1158
1149 1158
1150 1158
1151 981
1152 981
1153 981
1154 1158
1155 981
1156 1158
1157 981
1158 981
1159 1158
1160 981
1161 981
1162 1158
1163 981
1164 1158
1165 981
1166 981
1167 981
1168 981
1169 981
1170 981
1171 981
1172 1158
1173 1158
1174 1158
1175 1158
1176 1158
1177 1158
1178 1158
1179 1158
1180 1158
1181 1158
1182 1158
1183 1158
1184 1159
1185 1342
1186 1158
1187 1158
1188 1158
1189 1158
1190 1158
1191 1158
1192 1158
1193 1158
1194 1158
1195 1158
1196 1158
1197 1158
1198 1158
1199 1158
1200 1158
1201 1158
1202 1158
1203 1158
1204 1158
1205 1158
1206 1158
1207 1158
1208 1158
1209 1158
1210 1158
1211 1158
1212 1158
1213 1158
1214 1158
1215 1158
1216 1158
1217 1158
1218 1158
1219 1158
1220 1158
1221 1158
1222 1158
1223 1158
1224 1158
1225 1158
1226 1158
1227 1158
1228 1158
1229 1158
1230 1158
1231 1158
1232 1158
1233 1158
1234 1158
1235 1158
1236 1158
1237 994
1238 1158
1239 994
1240 997
1241 1158
1242 1158
1243 1158
1244 1158
1245 990
1246 1158
1247 1158
1248 1158
1249 1158
1250 997
1251 1158
1252 1158
1253 1158
1254 1158
1255 1158
1256 1158
1257 1060
1258 1158
1259 1158
1260 1158
1261 1158
1262 1158
1263 1158
1264 1158
1265 1158
1266 1158
1267 1158
1268 1158
1269 994
1270 1158
1271 1158
1272 994
1273 994
1274 994
1275 994
1276 982
1277 982
1278 986
1279 986
1280 986
1281 982
1282 980
1283 986
1284 1311
1285 1311
1286 1311
1287 1311
1288 986
1289 1311
1290 1311
1291 1311
1292 1311
1293 1311
1294 1311
1295 1311
1296 986
1297 1311
1298 1311
1299 1311
1300 1311
1301 1311
1302 1311
1303 1311
1304 1342
1305 994
1306 986
1307 1158
1308 980
1309 990
1310 1342
1311 1342
1312 1159
1313 1342
1314 1159
1315 997
1316 990
1317 980
1318 1342
1319 1342
1320 1000
1321 982
1322 980
1323 1342
1324 980
1325 1342
1326 980
1327 1342
1328 1342
1329 1342
1330 1342
1331 1342
1332 1342
1333 1342
1334 1342
1335 1342
1336 1342
1337 980
1338 982
1339 39
1340 1481
1341 139
1342 129
1343 801
1344 554
1345 252
1346 554
1347 554
1348 1364
1349 1364
1350 1500
1351 545
1352 548
1353 772
1354 825
1355 252
1356 548
1357 888
1358 252
1359 252
1360 2455
1361 2330
1362 1383
1363 1383
1364 888
1365 1369
1366 1364
1367 545
1368 545
1369 2465
1370 680
1371 2465
1372 2465
1373 2465
1374 2457
1375 2465
1376 437
1377 1495
1378 1495
1379 680
1380 680
1381 680
1382 680
1383 680
1384 2457
1385 437
1386 252
1387 847
1388 847
1389 648
1390 2465
1391 2465
1392 2465
1393 252
1394 1383
1395 2330
1396 774
1397 554
1398 554
1399 861
1400 861
1401 861
1402 680
1403 1367
1404 1768
1405 462
1406 1588
1407 461
1408 1766
1409 635
1410 1767
1411 636
1412 636
1413 1392
1414 636
1415 462
1416 462
1417 1597
1418 229
1419 2425
1420 2425
1421 1768
1422 4086
1423 636
1424 636
1425 1405
1426 556
1427 769
1428 769
1429 769
1430 769
1431 769
1432 769
1433 1522
1434 1521
1435 1521
1436 556
1437 556
1438 556
1439 1403
1440 1403
1441 1414
1442 1420
1443 1419
1444 1420
1445 1414
1446 1414
1447 1420
1448 1420
1449 1419
1450 1420
1451 1420
1452 900
1453 900
1454 900
1455 900
1456 900
1457 900
1458 900
1459 900
1460 900
1461 900
1462 900
1463 900
1464 1441
1465 1441
1466 748
1467 748
1468 748
1469 748
1470 1441
1471 1441
1472 900
1473 1441
1474 748
1475 1474
1476 1474
1477 1474
1478 1469
1479 1474
1480 1474
1481 1474
1482 1469
1483 1469
1484 1474
1485 1469
1486 1469
1487 1469
1488 1469
1489 966
1490 1469
1491 966
1492 1469
1493 1469
1494 1469
1495 1469
1496 495
1497 210
1498 210
1499 4904
1500 636
1501 282
1502 282
1503 1597
1504 1412
1505 1412
1506 1412
1507 1487
1508 563
1509 1529
1510 2477
1511 2477
1512 229
1513 2426
1514 3968
1515 1493
1516 2457
1517 1562
1518 1495
1519 1495
1520 1500
1521 1495
1522 1367
1523 2457
1524 1494
1525 1494
1526 1494
1527 1494
1528 437
1529 2445
1530 2457
1531 1517
1532 1492
1533 2432
1534 2463
1535 2463
1536 282
1537 282
1538 282
1539 2333
1540 2332
1541 281
1542 281
1543 1508
1544 461
1545 256
1546 2216
1547 1762
1548 302
1549 1511
1550 267
1551 2234
1552 1639
1553 654
1554 4832
1555 823
1556 825
1557 1494
1558 1494
1559 1492
1560 2429
1561 769
1562 1409
1563 680
1564 2330
1565 852
1566 2469
1567 680
1568 2330
1569 825
1570 680
1571 2465
1572 2465
1573 2465
1574 437
1575 2457
1576 2445
1577 2445
1578 2457
1579 2465
1580 1528
1581 493
1582 1539
1583 1529
1584 1530
1585 240
1586 2460
1587 243
1588 2461
1589 2466
1590 2456
1591 2430
1592 2463
1593 2456
1594 1586
1595 444
1596 3980
1597 3968
1598 796
1599 1495
1600 1495
1601 2457
1602 2457
1603 2457
1604 1495
1605 2487
1606 2465
1607 1494
1608 2457
1609 2457
1610 2457
1611 825
1612 1538
1613 2457
1614 1495
1615 2455
1616 680
1617 2457
1618 1494
1619 2457
1620 825
1621 1494
1622 2457
1623 236
1624 260
1625 445
1626 2747
1627 1578
1628 1578
1629 720
1630 889
1631 1578
1632 892
1633 714
1634 1578
1635 1578
1636 714
1637 1419
1638 1578
1639 1583
1640 714
1641 825
1642 3968
1643 3892
1644 4078
1645 3892
1646 2726
1647 4797
1648 556
1649 1405
1650 556
1651 861
1652 861
1653 861
1654 861
1655 861
1656 861
1657 884
1658 884
1659 861
1660 2627
1661 2598
1662 97
1663 1405
1664 876
1665 1616
1666 1403
1667 1481
1668 4969
1669 1403
1670 4969
1671 2482
1672 1403
1673 2279
1674 1626
1675 1625
1676 2340
1677 1773
1678 2360
1679 2360
1680 2255
1681 2341
1682 1510
1683 4911
1684 4779
1685 1635
1686 1638
1687 1638
1688 1633
1689 280
1690 1636
1691 2944
1692 807
1693 807
1694 4078
1695 4078
1696 4130
1697 4139
1698 4720
1699 4154
1700 2886
1701 4152
1702 1648
1703 4130
1704 2802
1705 4810
1706 2803
1707 3071
1708 4849
1709 4168
1710 2805
1711 1648
1712 4729
1713 4152
1714 4154
1715 4131
1716 4720
1717 4849
1718 4153
1719 2886
1720 2886
1721 4151
1722 284
1723 3076
1724 1675
1725 4148
1726 2805
1727 284
1728 1654
1729 584
1730 4145
1731 4196
1732 4180
1733 2916
1734 3093
1735 4190
1736 3093
1737 2914
1738 3088
1739 4190
1740 2861
1741 3154
1742 2894
1743 2857
1744 4190
1745 3088
1746 2847
1747 3025
1748 4205
1749 2850
1750 2844
1751 2915
1752 2847
1753 2848
1754 2850
1755 2919
1756 4794
1757 4697
1758 4193
1759 4195
1760 2851
1761 3089
1762 4217
1763 3094
1764 2858
1765 3094
1766 4183
1767 3089
1768 4217
1769 4179
1770 2855
1771 4219
1772 4222
1773 3094
1774 3093
1775 4214
1776 471
1777 1735
1778 3106
1779 397
1780 1741
1781 4766
1782 2261
1783 1740
1784 4775
1785 1741
1786 2219
1787 1741
1788 2250
1789 2219
1790 2379
1791 2214
1792 2271
1793 2271
1794 398
1795 1626
1796 2341
1797 2404
1798 4126
1799 658
1800 470
1801 2957
1802 4251
1803 2957
1804 4253
1805 1757
1806 4249
1807 4078
1808 256
1809 256
1810 2216
1811 4272
1812 1761
1813 2402
1814 1513
1815 2199
1816 462
1817 2729
1818 1766
1819 291
1820 635
1821 636
1822 1768
1823 461
1824 2222
1825 1791
1826 4085
1827 281
1828 267
1829 1773
1830 1624
1831 1761
1832 1512
1833 1512
1834 811
1835 811
1836 1776
1837 1777
1838 2360
1839 4078
1840 2627
1841 2554
1842 2605
1843 2583
1844 53
1845 2535
1846 2534
1847 2605
1848 1780
1849 4276
1850 3105
1851 4762
1852 4085
1853 4215
1854 3103
1855 3103
1856 2874
1857 4474
1858 2880
1859 2879
1860 4475
1861 3103
1862 2870
1863 4475
1864 4467
1865 2870
1866 4312
1867 4298
1868 4298
1869 4312
1870 4473
1871 4296
1872 4459
1873 4510
1874 4505
1875 4510
1876 4498
1877 4510
1878 4574
1879 4510
1880 4498
1881 4505
1882 4505
1883 4505
1884 4498
1885 4505
1886 4498
1887 4505
1888 4498
1889 4505
1890 4574
1891 4510
1892 4510
1893 4510
1894 4573
1895 4574
1896 4498
1897 4510
1898 4574
1899 4510
1900 4574
1901 4574
1902 4574
1903 4573
1904 4505
1905 4552
1906 4510
1907 4498
1908 4552
1909 4612
1910 4498
1911 4505
1912 4498
1913 4505
1914 4498
1915 4552
1916 4498
1917 4498
1918 4498
1919 4505
1920 4498
1921 4498
1922 4498
1923 4498
1924 4552
1925 4498
1926 4498
1927 4510
1928 4498
1929 4498
1930 4498
1931 4520
1932 4574
1933 4510
1934 4574
1935 4510
1936 4510
1937 4574
1938 4574
1939 4510
1940 4560
1941 4510
1942 4498
1943 4510
1944 4574
1945 4573
1946 4575
1947 4573
1948 4526
1949 4573
1950 4574
1951 4574
1952 4510
1953 4505
1954 4510
1955 4510
1956 4510
1957 4510
1958 4505
1959 4510
1960 4498
1961 4498
1962 4505
1963 4510
1964 4510
1965 4510
1966 4510
1967 4574
1968 4573
1969 4574
1970 4510
1971 4552
1972 4510
1973 4498
1974 4498
1975 4505
1976 4498
1977 4498
1978 4505
1979 4498
1980 4510
1981 4498
1982 4498
1983 4574
1984 4510
1985 4520
1986 4510
1987 4574
1988 4573
1989 4622
1990 4573
1991 2880
1992 2880
1993 4474
1994 3103
1995 2870
1996 2869
1997 4474
1998 2879
1999 2868
2000 2869
2001 3103
2002 3103
2003 3103
2004 4298
2005 2880
2006 4488
2007 4489
2008 4488
2009 4488
2010 4312
2011 4312
2012 4467
2013 4487
2014 4487
2015 4489
2016 4487
2017 4488
2018 4298
2019 4572
2020 4558
2021 4557
2022 4572
2023 4553
2024 4557
2025 4553
2026 4524
2027 4527
2028 4572
2029 4553
2030 4558
2031 4553
2032 4524
2033 4527
2034 4533
2035 4557
2036 4524
2037 4526
2038 4613
2039 4533
2040 4527
2041 4571
2042 4687
2043 4571
2044 4571
2045 4571
2046 4572
2047 4534
2048 4534
2049 4571
2050 4687
2051 4874
2052 4874
2053 4688
2054 4874
2055 4543
2056 4544
2057 4544
2058 4689
2059 4687
2060 4688
2061 4482
2062 4872
2063 4543
2064 4680
2065 4680
2066 4680
2067 4681
2068 4872
2069 4680
2070 4482
2071 4681
2072 4680
2073 4571
2074 4571
2075 4572
2076 4687
2077 4686
2078 4687
2079 4689
2080 4592
2081 4687
2082 4592
2083 4592
2084 4571
2085 4571
2086 4592
2087 4486
2088 4680
2089 4691
2090 4691
2091 4691
2092 4486
2093 4691
2094 4880
2095 4531
2096 4529
2097 4535
2098 4541
2099 4547
2100 4544
2101 4544
2102 4874
2103 4544
2104 4543
2105 4537
2106 4543
2107 4592
2108 4487
2109 4486
2110 4487
2111 4487
2112 4478
2113 4482
2114 4478
2115 4313
2116 4313
2117 4313
2118 4312
2119 4572
2120 4572
2121 4524
2122 4527
2123 4533
2124 4533
2125 4535
2126 4528
2127 4583
2128 4535
2129 4572
2130 4535
2131 4535
2132 4529
2133 4572
2134 4571
2135 4571
2136 4547
2137 4535
2138 4541
2139 4535
2140 4571
2141 4547
2142 4544
2143 4547
2144 4543
2145 4541
2146 4547
2147 4543
2148 4543
2149 4544
2150 4545
2151 4544
2152 4545
2153 4537
2154 4537
2155 4545
2156 4558
2157 4612
2158 4520
2159 4526
2160 4527
2161 4520
2162 4525
2163 4573
2164 4560
2165 4520
2166 4573
2167 4574
2168 4573
2169 4574
2170 4525
2171 4573
2172 4573
2173 4527
2174 4527
2175 4527
2176 4526
2177 4560
2178 4518
2179 4560
2180 4514
2181 4558
2182 4514
2183 4558
2184 4518
2185 4514
2186 4560
2187 4313
2188 4313
2189 4489
2190 4299
2191 4312
2192 4690
2193 4691
2194 4691
2195 4690
2196 4312
2197 4312
2198 847
2199 847
2200 2537
2201 4734
2202 2849
2203 2198
2204 228
2205 2216
2206 2216
2207 2217
2208 1641
2209 2276
2210 2277
2211 4130
2212 2833
2213 2834
2214 2826
2215 2806
2216 2277
2217 2213
2218 2920
2219 4732
2220 2219
2221 2276
2222 2198
2223 2200
2224 570
2225 2213
2226 635
2227 2199
2228 4702
2229 4720
2230 2214
2231 2216
2232 2198
2233 2215
2234 811
2235 301
2236 2213
2237 2277
2238 2224
2239 2224
2240 4138
2241 4709
2242 2826
2243 4732
2244 4733
2245 4732
2246 4736
2247 1512
2248 4738
2249 2219
2250 1400
2251 2238
2252 1738
2253 2213
2254 2213
2255 301
2256 1512
2257 4138
2258 4130
2259 2277
2260 2219
2261 2234
2262 222
2263 272
2264 2839
2265 4749
2266 1488
2267 1394
2268 2249
2269 2249
2270 1400
2271 412
2272 412
2273 2250
2274 1741
2275 2219
2276 671
2277 1626
2278 1635
2279 2311
2280 4761
2281 2293
2282 4775
2283 467
2284 449
2285 571
2286 644
2287 2214
2288 2214
2289 2311
2290 2311
2291 639
2292 640
2293 640
2294 396
2295 395
2296 1748
2297 2404
2298 2219
2299 2219
2300 2214
2301 1494
2302 1494
2303 2279
2304 2280
2305 2488
2306 685
2307 2811
2308 2837
2309 4787
2310 2838
2311 2846
2312 4221
2313 4788
2314 2918
2315 4775
2316 4775
2317 265
2318 2465
2319 1536
2320 2301
2321 2300
2322 2800
2323 1665
2324 1492
2325 1495
2326 4136
2327 2305
2328 1663
2329 4154
2330 2885
2331 3117
2332 2916
2333 2857
2334 3105
2335 3058
2336 2314
2337 245
2338 571
2339 2465
2340 437
2341 2888
2342 2888
2343 4823
2344 4711
2345 2890
2346 2890
2347 2819
2348 2839
2349 4205
2350 4182
2351 3027
2352 493
2353 2457
2354 2457
2355 2445
2356 825
2357 1791
2358 2486
2359 1597
2360 1508
2361 1528
2362 1536
2363 1495
2364 1495
2365 2457
2366 2340
2367 2341
2368 2360
2369 281
2370 4154
2371 2888
2372 2305
2373 1643
2374 2886
2375 2350
2376 4165
2377 3154
2378 4180
2379 2854
2380 4210
2381 4214
2382 449
2383 4766
2384 1635
2385 1791
2386 2360
2387 2879
2388 4298
2389 4299
2390 4474
2391 4488
2392 4482
2393 4478
2394 4680
2395 4543
2396 4680
2397 4313
2398 4543
2399 4543
2400 4313
2401 2341
2402 2379
2403 620
2404 447
2405 556
2406 1478
2407 2385
2408 1511
2409 508
2410 635
2411 2477
2412 2477
2413 270
2414 1511
2415 4995
2416 292
2417 1403
2418 511
2419 1600
2420 1754
2421 1753
2422 2392
2423 2493
2424 876
2425 508
2426 229
2427 229
2428 556
2429 493
2430 229
2431 229
2432 229
2433 1511
2434 1511
2435 257
2436 556
2437 1754
2438 658
2439 2959
2440 2221
2441 2198
2442 2403
2443 4256
2444 39
2445 2420
2446 804
2447 28
2448 779
2449 177
2450 2412
2451 177
2452 177
2453 177
2454 177
2455 177
2456 170
2457 192
2458 170
2459 205
2460 556
2461 434
2462 1529
2463 556
2464 2477
2465 2477
2466 1600
2467 2440
2468 861
2469 2339
2470 437
2471 1405
2472 1529
2473 825
2474 2465
2475 825
2476 769
2477 769
2478 769
2479 861
2480 861
2481 2248
2482 434
2483 434
2484 2465
2485 1492
2486 1529
2487 2455
2488 861
2489 680
2490 2457
2491 2465
2492 251
2493 825
2494 831
2495 2328
2496 1405
2497 1405
2498 556
2499 769
2500 1521
2501 769
2502 2440
2503 861
2504 243
2505 2248
2506 2445
2507 437
2508 437
2509 2465
2510 769
2511 2440
2512 243
2513 2440
2514 852
2515 2330
2516 2438
2517 466
2518 2455
2519 852
2520 2465
2521 825
2522 861
2523 2465
2524 825
2525 825
2526 2457
2527 1586
2528 1492
2529 444
2530 1492
2531 1528
2532 2457
2533 2451
2534 1481
2535 1616
2536 2445
2537 2445
2538 1492
2539 2453
2540 2453
2541 556
2542 2453
2543 556
2544 768
2545 1394
2546 4992
2547 4992
2548 4078
2549 1762
2550 4992
2551 1762
2552 4992
2553 3892
2554 1762
2555 1405
2556 1405
2557 4087
2558 2722
2559 4909
2560 2958
2561 506
2562 506
2563 2994
2564 4256
2565 291
2566 3902
2567 2449
2568 2534
2569 2516
2570 2598
2571 2566
2572 1781
2573 2598
2574 1781
2575 2598
2576 2627
2577 2556
2578 2627
2579 2605
2580 2599
2581 2514
2582 2514
2583 2611
2584 2629
2585 3307
2586 2638
2587 2545
2588 2516
2589 2511
2590 2511
2591 2535
2592 2523
2593 2583
2594 2497
2595 2544
2596 2659
2597 2512
2598 3277
2599 3273
2600 3843
2601 2623
2602 2512
2603 2512
2604 2605
2605 2598
2606 2566
2607 2545
2608 2576
2609 2583
2610 2583
2611 2514
2612 2516
2613 2516
2614 2635
2615 2544
2616 2544
2617 2544
2618 4279
2619 2516
2620 2535
2621 2516
2622 2627
2623 1781
2624 2550
2625 3277
2626 3277
2627 3277
2628 3277
2629 2598
2630 1781
2631 2605
2632 2560
2633 2514
2634 2566
2635 2533
2636 2513
2637 2598
2638 2566
2639 2605
2640 2605
2641 2691
2642 2572
2643 3297
2644 3297
2645 2657
2646 2541
2647 2542
2648 2641
2649 2547
2650 2519
2651 2535
2652 2595
2653 3844
2654 4927
2655 2623
2656 2519
2657 3843
2658 2623
2659 2568
2660 2623
2661 2583
2662 2623
2663 2511
2664 2624
2665 2505
2666 2533
2667 2605
2668 2542
2669 2605
2670 2548
2671 2548
2672 3390
2673 106
2674 2605
2675 2591
2676 2534
2677 2519
2678 2615
2679 2512
2680 2525
2681 2614
2682 3277
2683 2598
2684 2534
2685 2605
2686 2598
2687 4912
2688 2598
2689 1781
2690 1781
2691 2629
2692 3307
2693 2549
2694 2623
2695 2623
2696 2623
2697 2623
2698 2623
2699 2535
2700 2642
2701 2525
2702 2562
2703 2512
2704 4927
2705 2582
2706 2623
2707 2623
2708 4106
2709 2511
2710 2550
2711 3277
2712 1617
2713 2512
2714 2591
2715 106
2716 2598
2717 2566
2718 2541
2719 2598
2720 2562
2721 2605
2722 2583
2723 2641
2724 2641
2725 3297
2726 3297
2727 3297
2728 2641
2729 2641
2730 4919
2731 4919
2732 2641
2733 2641
2734 2641
2735 2642
2736 2657
2737 4919
2738 4919
2739 2618
2740 2542
2741 2691
2742 2676
2743 2641
2744 2572
2745 2641
2746 2641
2747 2641
2748 2657
2749 2661
2750 2657
2751 2657
2752 2618
2753 4919
2754 4919
2755 4928
2756 2678
2757 2656
2758 2641
2759 2656
2760 2690
2761 2641
2762 2641
2763 2641
2764 2641
2765 3297
2766 3297
2767 3297
2768 2658
2769 4929
2770 4919
2771 4919
2772 4942
2773 2695
2774 2718
2775 3900
2776 2695
2777 4945
2778 3900
2779 4009
2780 3235
2781 3069
2782 2718
2783 4945
2784 4010
2785 2718
2786 3900
2787 4956
2788 3900
2789 2713
2790 3900
2791 3335
2792 3338
2793 2710
2794 2713
2795 3900
2796 3900
2797 4956
2798 4954
2799 2718
2800 4105
2801 2983
2802 3900
2803 2713
2804 4949
2805 3069
2806 4011
2807 3316
2808 4960
2809 2970
2810 4039
2811 4821
2812 4949
2813 4834
2814 4834
2815 3854
2816 3135
2817 4040
2818 3222
2819 3857
2820 4011
2821 3069
2822 4052
2823 4270
2824 4260
2825 3287
2826 2967
2827 4270
2828 3288
2829 4759
2830 4120
2831 4124
2832 4256
2833 4758
2834 4116
2835 2713
2836 4258
2837 4892
2838 4124
2839 4124
2840 3111
2841 4758
2842 4739
2843 4754
2844 3127
2845 4779
2846 4804
2847 4783
2848 4124
2849 2752
2850 2748
2851 4769
2852 4769
2853 4781
2854 4716
2855 4700
2856 4725
2857 4725
2858 4903
2859 4890
2860 2701
2861 4088
2862 3900
2863 4954
2864 2718
2865 4786
2866 4786
2867 2778
2868 4786
2869 4747
2870 4724
2871 3900
2872 4230
2873 4769
2874 3129
2875 309
2876 1644
2877 2800
2878 2791
2879 2791
2880 4781
2881 4740
2882 4109
2883 3175
2884 3175
2885 2772
2886 4786
2887 4786
2888 3111
2889 2751
2890 2786
2891 2786
2892 2786
2893 2768
2894 2768
2895 1682
2896 2283
2897 417
2898 326
2899 326
2900 2308
2901 323
2902 660
2903 420
2904 2757
2905 2751
2906 586
2907 4157
2908 328
2909 1650
2910 2769
2911 1676
2912 1676
2913 1676
2914 2283
2915 2283
2916 2208
2917 419
2918 416
2919 416
2920 416
2921 589
2922 590
2923 2285
2924 2285
2925 2285
2926 331
2927 2285
2928 2285
2929 331
2930 590
2931 427
2932 331
2933 331
2934 353
2935 362
2936 598
2937 2287
2938 365
2939 355
2940 355
2941 1706
2942 1711
2943 1710
2944 1710
2945 1706
2946 1713
2947 1713
2948 406
2949 1714
2950 2309
2951 2352
2952 2352
2953 2309
2954 1702
2955 1713
2956 1683
2957 2883
2958 397
2959 397
2960 2883
2961 3175
2962 3175
2963 4157
2964 1642
2965 531
2966 530
2967 1642
2968 531
2969 419
2970 590
2971 337
2972 427
2973 364
2974 406
2975 4238
2976 4238
2977 2243
2978 2243
2979 2947
2980 586
2981 594
2982 660
2983 1642
2984 416
2985 416
2986 2285
2987 661
2988 2285
2989 337
2990 337
2991 354
2992 334
2993 331
2994 353
2995 3175
2996 3270
2997 3899
2998 4945
2999 2724
3000 3338
3001 3338
3002 4954
3003 2946
3004 4954
3005 4888
3006 2753
3007 3303
3008 4754
3009 4227
3010 3115
3011 4775
3012 2899
3013 4023
3014 2985
3015 2899
3016 3128
3017 3126
3018 4758
3019 4120
3020 3389
3021 2987
3022 4959
3023 2765
3024 4954
3025 3853
3026 3068
3027 3068
3028 3069
3029 3270
3030 4011
3031 4010
3032 2970
3033 4036
3034 3127
3035 4236
3036 4238
3037 1676
3038 2940
3039 2752
3040 2767
3041 2940
3042 4885
3043 4239
3044 4239
3045 3384
3046 4834
3047 3338
3048 3331
3049 3331
3050 2712
3051 2710
3052 2718
3053 2695
3054 4105
3055 2695
3056 495
3057 4105
3058 2942
3059 3972
3060 2980
3061 1617
3062 505
3063 3207
3064 2987
3065 3207
3066 3307
3067 4758
3068 4753
3069 1658
3070 2776
3071 2946
3072 4104
3073 4104
3074 2775
3075 4903
3076 4892
3077 3854
3078 3266
3079 3338
3080 4954
3081 4954
3082 4954
3083 1616
3084 3900
3085 3900
3086 3900
3087 398
3088 397
3089 2883
3090 397
3091 2348
3092 3175
3093 528
3094 3175
3095 4253
3096 4253
3097 2940
3098 4253
3099 4253
3100 4253
3101 4253
3102 4716
3103 2758
3104 4700
3105 1642
3106 1642
3107 530
3108 1642
3109 531
3110 530
3111 420
3112 419
3113 590
3114 337
3115 351
3116 2195
3117 1713
3118 3256
3119 3216
3120 3389
3121 3222
3122 3389
3123 3214
3124 3235
3125 3235
3126 3852
3127 4040
3128 3349
3129 4949
3130 2736
3131 3856
3132 3857
3133 3856
3134 2718
3135 2970
3136 2718
3137 4945
3138 4945
3139 3900
3140 3900
3141 3900
3142 2718
3143 2983
3144 4956
3145 4010
3146 3856
3147 4007
3148 3134
3149 4260
3150 4270
3151 3303
3152 3303
3153 4716
3154 4716
3155 4754
3156 3851
3157 1653
3158 3010
3159 2348
3160 1652
3161 4270
3162 4724
3163 1680
3164 582
3165 2752
3166 3130
3167 2768
3168 1641
3169 531
3170 2308
3171 2757
3172 2786
3173 2768
3174 2768
3175 586
3176 1676
3177 2285
3178 331
3179 351
3180 351
3181 2286
3182 2286
3183 2286
3184 365
3185 1706
3186 1706
3187 432
3188 432
3189 431
3190 599
3191 1706
3192 1713
3193 1710
3194 3105
3195 4885
3196 3105
3197 4252
3198 4253
3199 4252
3200 4758
3201 4703
3202 4714
3203 2787
3204 2307
3205 2307
3206 531
3207 531
3208 2768
3209 3122
3210 4752
3211 3270
3212 4021
3213 4239
3214 4236
3215 4237
3216 4758
3217 3068
3218 4120
3219 4006
3220 3989
3221 4003
3222 3853
3223 3216
3224 3242
3225 3856
3226 3250
3227 3227
3228 4699
3229 4725
3230 4725
3231 527
3232 4238
3233 1676
3234 1656
3235 2283
3236 326
3237 593
3238 2285
3239 2285
3240 598
3241 2286
3242 1702
3243 3008
3244 3008
3245 3160
3246 3009
3247 3008
3248 3008
3249 3008
3250 397
3251 2987
3252 4006
3253 3338
3254 3338
3255 3135
3256 3135
3257 4124
3258 4124
3259 4124
3260 4120
3261 4236
3262 3214
3263 3349
3264 3135
3265 3364
3266 3135
3267 4006
3268 4040
3269 3217
3270 3229
3271 3217
3272 3929
3273 3399
3274 3194
3275 3399
3276 3217
3277 3940
3278 3931
3279 3194
3280 3399
3281 3234
3282 3194
3283 3917
3284 3925
3285 3197
3286 3908
3287 3404
3288 3404
3289 3917
3290 3197
3291 3908
3292 3197
3293 3254
3294 4068
3295 3197
3296 3223
3297 3222
3298 3222
3299 4055
3300 4065
3301 3389
3302 3222
3303 3217
3304 3217
3305 3229
3306 3940
3307 4065
3308 3396
3309 4071
3310 3221
3311 3220
3312 4071
3313 3267
3314 4070
3315 3222
3316 3404
3317 3251
3318 3217
3319 3402
3320 3193
3321 4055
3322 3404
3323 3248
3324 3908
3325 3940
3326 3229
3327 3936
3328 3217
3329 3222
3330 3229
3331 4070
3332 3917
3333 4068
3334 4055
3335 4069
3336 3251
3337 3938
3338 3222
3339 3404
3340 3394
3341 4068
3342 3221
3343 3197
3344 3199
3345 4009
3346 4956
3347 4956
3348 2710
3349 2970
3350 4006
3351 3242
3352 3216
3353 4945
3354 3338
3355 3338
3356 3338
3357 3200
3358 4055
3359 4009
3360 4928
3361 2646
3362 2612
3363 2691
3364 2629
3365 2629
3366 2511
3367 2542
3368 2775
3369 4903
3370 2641
3371 4919
3372 2641
3373 3297
3374 2987
3375 2987
3376 3287
3377 2746
3378 4124
3379 2756
3380 2646
3381 4919
3382 2691
3383 4914
3384 3297
3385 3297
3386 4847
3387 4784
3388 3069
3389 4724
3390 4743
3391 4722
3392 4725
3393 4910
3394 1781
3395 1617
3396 4101
3397 2610
3398 2627
3399 2603
3400 2980
3401 2980
3402 2974
3403 2980
3404 4939
3405 2943
3406 4049
3407 3287
3408 4966
3409 3135
3410 2943
3411 4947
3412 4036
3413 3868
3414 4006
3415 4040
3416 4006
3417 4040
3418 4006
3419 4036
3420 4036
3421 4006
3422 4006
3423 4006
3424 4036
3425 4006
3426 4006
3427 4006
3428 3338
3429 3349
3430 3135
3431 3349
3432 4949
3433 3338
3434 3338
3435 3349
3436 3338
3437 3854
3438 3349
3439 3349
3440 3349
3441 3349
3442 3380
3443 4040
3444 3359
3445 4006
3446 4036
3447 4006
3448 3062
3449 3856
3450 4006
3451 3852
3452 3360
3453 3983
3454 3989
3455 3331
3456 4953
3457 4949
3458 2712
3459 3349
3460 3324
3461 3349
3462 2718
3463 2695
3464 2710
3465 2980
3466 2980
3467 2980
3468 3325
3469 4006
3470 4006
3471 4006
3472 4036
3473 4006
3474 4027
3475 4003
3476 3216
3477 3222
3478 3254
3479 3389
3480 3389
3481 4071
3482 3390
3483 2627
3484 3908
3485 3908
3486 3199
3487 3234
3488 3395
3489 3399
3490 3399
3491 3399
3492 3194
3493 3194
3494 3196
3495 3403
3496 3960
3497 3505
3498 3959
3499 3959
3500 3959
3501 3960
3502 3959
3503 3418
3504 3940
3505 3965
3506 3964
3507 3426
3508 3965
3509 3418
3510 3418
3511 3960
3512 3418
3513 3418
3514 3423
3515 3940
3516 3940
3517 3418
3518 3418
3519 3499
3520 3797
3521 3812
3522 3832
3523 3499
3524 3488
3525 3488
3526 3499
3527 3452
3528 3797
3529 3483
3530 3804
3531 1081
3532 3488
3533 3490
3534 3811
3535 3832
3536 3544
3537 3832
3538 3832
3539 3490
3540 3957
3541 3490
3542 3797
3543 3488
3544 1079
3545 1027
3546 3434
3547 3540
3548 3832
3549 3497
3550 3656
3551 1027
3552 1169
3553 1081
3554 3809
3555 3515
3556 1103
3557 3540
3558 1027
3559 3499
3560 3656
3561 3832
3562 3656
3563 3797
3564 3832
3565 3488
3566 3490
3567 3488
3568 3434
3569 1076
3570 3656
3571 1027
3572 3488
3573 3521
3574 3490
3575 1081
3576 3490
3577 3656
3578 3505
3579 3490
3580 3959
3581 3959
3582 3959
3583 3505
3584 3505
3585 1103
3586 3540
3587 3488
3588 3472
3589 1027
3590 1103
3591 3797
3592 3804
3593 1169
3594 3809
3595 3490
3596 1071
3597 3434
3598 1103
3599 1079
3600 1103
3601 3797
3602 1076
3603 1076
3604 1081
3605 3472
3606 3521
3607 3540
3608 3505
3609 3488
3610 3965
3611 3957
3612 3490
3613 3832
3614 1027
3615 1319
3616 1027
3617 1027
3618 1071
3619 3488
3620 3488
3621 3499
3622 1081
3623 1027
3624 3938
3625 3490
3626 1027
3627 1103
3628 1070
3629 1076
3630 1141
3631 1141
3632 1141
3633 1076
3634 1076
3635 1194
3636 1076
3637 1194
3638 1194
3639 1076
3640 1076
3641 1076
3642 1139
3643 1194
3644 1194
3645 1195
3646 1194
3647 1141
3648 1081
3649 1079
3650 1024
3651 1169
3652 1079
3653 1103
3654 1079
3655 3472
3656 1081
3657 1081
3658 1081
3659 1103
3660 1169
3661 1081
3662 1081
3663 1139
3664 1081
3665 1085
3666 1085
3667 1169
3668 1169
3669 1081
3670 1081
3671 1139
3672 1141
3673 1085
3674 1190
3675 1070
3676 1085
3677 1081
3678 1085
3679 1141
3680 1141
3681 1141
3682 1141
3683 1141
3684 1141
3685 1141
3686 1141
3687 1141
3688 1141
3689 1141
3690 1139
3691 1141
3692 1141
3693 1139
3694 1139
3695 1141
3696 1139
3697 1141
3698 1141
3699 1139
3700 1141
3701 1169
3702 1081
3703 1103
3704 1169
3705 1169
3706 1103
3707 1081
3708 1103
3709 1103
3710 1081
3711 1081
3712 1027
3713 3483
3714 3499
3715 1081
3716 1169
3717 1081
3718 1027
3719 1169
3720 1081
3721 1141
3722 1081
3723 1085
3724 1085
3725 1169
3726 1103
3727 1070
3728 1070
3729 1081
3730 1070
3731 1081
3732 1081
3733 1190
3734 1190
3735 1190
3736 1081
3737 1070
3738 1141
3739 1141
3740 1139
3741 1141
3742 1141
3743 1141
3744 1141
3745 1141
3746 1141
3747 1141
3748 1141
3749 1141
3750 1190
3751 1141
3752 1139
3753 1141
3754 1141
3755 1141
3756 1141
3757 1169
3758 1169
3759 1169
3760 1081
3761 1103
3762 1103
3763 1169
3764 1081
3765 1103
3766 1103
3767 1103
3768 1027
3769 1253
3770 1103
3771 1233
3772 1103
3773 1169
3774 1319
3775 1319
3776 1081
3777 1103
3778 1225
3779 1250
3780 1081
3781 1233
3782 1081
3783 1103
3784 1071
3785 1070
3786 1070
3787 1076
3788 1071
3789 1071
3790 1076
3791 1076
3792 1071
3793 1071
3794 1071
3795 1071
3796 1081
3797 1250
3798 1071
3799 1070
3800 1076
3801 1071
3802 1071
3803 1076
3804 3434
3805 1027
3806 1319
3807 3434
3808 1319
3809 3812
3810 3472
3811 3813
3812 3472
3813 3435
3814 3797
3815 3797
3816 3435
3817 3472
3818 3776
3819 3779
3820 3776
3821 3435
3822 3776
3823 3776
3824 3779
3825 3435
3826 3779
3827 3776
3828 3779
3829 3435
3830 3760
3831 3435
3832 3760
3833 3776
3834 3776
3835 3779
3836 3776
3837 3488
3838 1027
3839 1027
3840 1103
3841 3540
3842 3797
3843 3515
3844 3540
3845 3434
3846 3515
3847 3504
3848 3797
3849 3797
3850 3832
3851 3488
3852 3434
3853 3811
3854 3811
3855 3797
3856 3497
3857 3656
3858 3813
3859 3656
3860 3832
3861 3488
3862 3832
3863 3488
3864 3488
3865 3488
3866 3488
3867 3488
3868 3490
3869 3656
3870 3797
3871 2598
3872 2562
3873 2605
3874 2598
3875 2598
3876 2542
3877 2656
3878 4919
3879 4914
3880 2691
3881 3216
3882 3235
3883 3033
3884 3250
3885 3250
3886 3214
3887 3389
3888 3216
3889 3216
3890 3389
3891 3214
3892 3235
3893 3235
3894 3250
3895 3389
3896 3249
3897 3389
3898 3389
3899 3854
3900 3854
3901 4003
3902 2736
3903 3856
3904 3856
3905 4003
3906 3856
3907 3030
3908 3135
3909 3216
3910 3237
3911 3227
3912 3135
3913 3135
3914 3854
3915 4003
3916 4890
3917 4019
3918 3270
3919 3270
3920 2776
3921 4752
3922 3270
3923 3270
3924 4799
3925 4011
3926 4021
3927 4088
3928 4088
3929 4961
3930 2776
3931 4022
3932 4011
3933 2718
3934 2718
3935 2718
3936 2718
3937 2718
3938 2970
3939 2970
3940 4945
3941 2718
3942 3900
3943 4977
3944 4954
3945 4954
3946 4954
3947 4954
3948 3399
3949 3194
3950 3906
3951 3194
3952 3923
3953 3923
3954 3399
3955 3399
3956 3399
3957 3915
3958 3917
3959 3925
3960 3917
3961 3402
3962 3194
3963 3229
3964 3229
3965 3219
3966 3234
3967 3229
3968 3399
3969 3229
3970 3193
3971 3185
3972 3229
3973 3229
3974 3940
3975 3217
3976 3229
3977 3251
3978 3217
3979 3940
3980 3940
3981 3217
3982 3217
3983 3940
3984 3217
3985 3940
3986 3217
3987 3418
3988 3940
3989 3950
3990 3950
3991 3418
3992 3418
3993 3931
3994 3418
3995 3418
3996 3950
3997 3418
3998 3965
3999 3964
4000 3960
4001 3960
4002 3959
4003 3965
4004 3959
4005 3964
4006 3959
4007 3965
4008 3965
4009 3959
4010 3965
4011 2700
4012 3316
4013 2974
4014 2695
4015 4285
4016 2974
4017 3270
4018 4011
4019 4956
4020 4888
4021 4888
4022 4894
4023 4011
4024 4956
4025 3900
4026 3900
4027 4088
4028 4804
4029 3982
4030 3983
4031 3324
4032 3986
4033 4842
4034 3030
4035 3030
4036 3853
4037 3871
4038 4072
4039 3368
4040 4012
4041 4964
4042 4964
4043 3992
4044 4021
4045 4018
4046 3889
4047 4078
4048 3069
4049 4722
4050 2950
4051 3999
4052 2713
4053 3853
4054 4003
4055 2723
4056 3321
4057 3367
4058 4072
4059 4945
4060 4945
4061 2970
4062 4945
4063 3991
4064 3991
4065 2970
4066 4782
4067 4037
4068 3316
4069 3981
4070 3973
4071 2724
4072 4945
4073 2724
4074 4960
4075 4960
4076 4007
4077 4023
4078 3316
4079 3316
4080 4051
4081 3853
4082 4842
4083 4842
4084 3324
4085 4036
4086 4842
4087 4842
4088 4027
4089 4023
4090 3367
4091 4036
4092 4072
4093 3367
4094 4965
4095 4036
4096 4029
4097 4003
4098 3325
4099 3326
4100 2943
4101 4947
4102 3325
4103 3326
4104 3317
4105 3315
4106 4051
4107 4904
4108 3254
4109 3254
4110 3197
4111 4063
4112 3911
4113 3404
4114 3394
4115 3908
4116 3197
4117 3404
4118 3197
4119 3404
4120 3404
4121 3197
4122 3908
4123 3367
4124 3316
4125 4039
4126 4847
4127 3892
4128 4022
4129 4797
4130 2718
4131 2718
4132 2718
4133 2718
4134 4040
4135 3364
4136 3871
4137 3867
4138 4006
4139 4006
4140 4006
4141 3339
4142 4006
4143 3135
4144 2627
4145 2550
4146 4285
4147 1616
4148 1481
4149 4983
4150 1481
4151 4969
4152 4954
4153 4954
4154 4969
4155 4969
4156 2742
4157 3301
4158 4245
4159 3301
4160 4269
4161 4863
4162 4847
4163 4120
4164 4120
4165 4118
4166 4114
4167 4114
4168 4114
4169 4120
4170 4120
4171 4256
4172 4114
4173 3997
4174 4847
4175 2765
4176 4716
4177 2758
4178 2791
4179 1674
4180 341
4181 3175
4182 4136
4183 2772
4184 4769
4185 4726
4186 2961
4187 4786
4188 4786
4189 4786
4190 3130
4191 4769
4192 2786
4193 3175
4194 4700
4195 4716
4196 529
4197 1644
4198 4716
4199 3175
4200 3175
4201 585
4202 317
4203 2349
4204 582
4205 584
4206 2752
4207 2767
4208 4783
4209 2786
4210 4769
4211 3130
4212 2767
4213 2767
4214 2768
4215 353
4216 360
4217 2286
4218 365
4219 2197
4220 351
4221 2197
4222 2195
4223 2197
4224 2286
4225 2286
4226 432
4227 2286
4228 360
4229 334
4230 353
4231 353
4232 331
4233 331
4234 337
4235 337
4236 351
4237 331
4238 353
4239 331
4240 337
4241 353
4242 331
4243 1706
4244 1706
4245 360
4246 1711
4247 1704
4248 1706
4249 427
4250 2195
4251 1706
4252 2195
4253 1711
4254 431
4255 1711
4256 1710
4257 2287
4258 368
4259 3112
4260 397
4261 2755
4262 4270
4263 2899
4264 4754
4265 4236
4266 3055
4267 2755
4268 4780
4269 1747
4270 4238
4271 4227
4272 397
4273 2742
4274 3997
4275 2944
4276 3114
4277 3115
4278 3115
4279 4124
4280 2940
4281 4249
4282 4847
4283 2721
4284 3999
4285 4258
4286 4724
4287 3069
4288 4847
4289 3270
4290 4753
4291 2995
4292 3122
4293 4699
4294 3891
4295 4753
4296 2765
4297 4018
4298 4269
4299 2784
4300 4743
4301 4724
4302 4722
4303 3303
4304 4723
4305 4784
4306 4114
4307 1780
4308 2605
4309 2605
4310 2569
4311 2523
4312 2535
4313 1617
4314 1780
4315 2598
4316 3105
4317 3105
4318 3892
4319 1683
4320 2351
4321 1727
4322 379
4323 606
4324 2310
4325 606
4326 606
4327 2352
4328 379
4329 613
4330 611
4331 613
4332 1729
4333 613
4334 606
4335 613
4336 367
4337 611
4338 613
4339 2113
4340 2020
4341 2077
4342 2118
4343 2116
4344 2122
4345 2118
4346 2122
4347 2118
4348 2118
4349 2020
4350 2020
4351 2118
4352 2020
4353 2020
4354 2020
4355 2020
4356 2020
4357 2020
4358 2120
4359 2020
4360 2076
4361 2120
4362 2076
4363 2120
4364 2076
4365 2120
4366 2055
4367 2059
4368 2125
4369 2077
4370 2118
4371 2122
4372 2058
4373 2118
4374 2127
4375 2020
4376 2122
4377 2020
4378 2122
4379 2122
4380 2021
4381 2020
4382 2118
4383 2118
4384 2028
4385 2020
4386 2020
4387 2125
4388 2120
4389 2020
4390 2078
4391 2020
4392 2074
4393 2028
4394 2020
4395 2028
4396 2125
4397 2076
4398 2076
4399 2120
4400 2074
4401 2076
4402 2020
4403 2076
4404 2028
4405 2076
4406 2028
4407 2055
4408 2055
4409 2120
4410 2120
4411 2076
4412 2077
4413 2028
4414 2079
4415 2055
4416 2125
4417 2076
4418 2076
4419 2078
4420 2116
4421 2076
4422 2122
4423 2127
4424 2020
4425 2020
4426 2020
4427 2020
4428 2118
4429 2020
4430 2020
4431 2118
4432 2020
4433 2020
4434 2120
4435 2020
4436 2028
4437 2125
4438 2129
4439 2127
4440 2020
4441 2125
4442 2058
4443 2118
4444 2020
4445 2118
4446 2118
4447 2020
4448 2122
4449 2020
4450 2020
4451 2118
4452 2073
4453 2028
4454 2120
4455 2028
4456 2125
4457 2074
4458 2076
4459 2055
4460 2125
4461 2076
4462 539
4463 606
4464 1683
4465 1684
4466 2352
4467 2310
4468 2352
4469 1684
4470 2353
4471 539
4472 2352
4473 1699
4474 606
4475 539
4476 606
4477 606
4478 1732
4479 367
4480 381
4481 1729
4482 2356
4483 383
4484 1715
4485 383
4486 613
4487 606
4488 2087
4489 2087
4490 1985
4491 2087
4492 1985
4493 2185
4494 2185
4495 1985
4496 2184
4497 2071
4498 2184
4499 2184
4500 2071
4501 2185
4502 2034
4503 2033
4504 2089
4505 2034
4506 2033
4507 2034
4508 1978
4509 1978
4510 1985
4511 1978
4512 1978
4513 1978
4514 1986
4515 1986
4516 1978
4517 1978
4518 1986
4519 1814
4520 1807
4521 1814
4522 1797
4523 2365
4524 1814
4525 393
4526 1814
4527 2365
4528 2365
4529 2365
4530 1799
4531 380
4532 2365
4533 2365
4534 2365
4535 2365
4536 2365
4537 2365
4538 2365
4539 2184
4540 1978
4541 1818
4542 1978
4543 1978
4544 1978
4545 1978
4546 1978
4547 1978
4548 1978
4549 1978
4550 1978
4551 1978
4552 1978
4553 1978
4554 2365
4555 1799
4556 1802
4557 393
4558 1978
4559 1807
4560 2184
4561 1807
4562 2184
4563 1807
4564 1807
4565 2365
4566 1807
4567 1797
4568 1807
4569 1799
4570 1807
4571 1978
4572 393
4573 1978
4574 393
4575 393
4576 393
4577 393
4578 380
4579 380
4580 381
4581 390
4582 381
4583 2365
4584 1978
4585 1985
4586 2184
4587 2184
4588 2034
4589 2184
4590 2034
4591 1807
4592 2184
4593 1807
4594 1807
4595 2184
4596 1978
4597 1978
4598 1978
4599 1807
4600 1807
4601 1807
4602 2191
4603 1807
4604 1978
4605 1807
4606 1807
4607 1807
4608 1807
4609 1807
4610 1807
4611 1807
4612 1807
4613 1807
4614 1807
4615 1807
4616 1807
4617 2071
4618 2033
4619 2127
4620 2127
4621 2078
4622 2028
4623 2027
4624 2078
4625 2027
4626 2078
4627 2031
4628 2077
4629 2077
4630 2031
4631 2031
4632 2031
4633 2033
4634 2087
4635 2055
4636 2032
4637 2055
4638 2089
4639 2053
4640 2053
4641 2087
4642 2055
4643 2055
4644 2055
4645 2089
4646 2057
4647 2057
4648 2071
4649 381
4650 1729
4651 612
4652 381
4653 383
4654 393
4655 614
4656 614
4657 613
4658 614
4659 4040
4660 3339
4661 2602
4662 590
4663 2233
4664 4699
4665 2713
4666 4237
4667 4721
4668 4716
4669 4725
4670 4716
4671 2210
4672 531
4673 1650
4674 2758
4675 3175
4676 4725
4677 1641
4678 433
4679 4725
4680 3122
4681 4758
4682 4725
4683 2701
4684 2713
4685 4716
4686 3129
4687 4758
4688 4722
4689 2701
4690 4722
4691 4724
4692 4739
4693 4758
4694 4781
4695 4726
4696 2758
4697 320
4698 589
4699 419
4700 589
4701 433
4702 2757
4703 3141
4704 3261
4705 4758
4706 4725
4707 4722
4708 4753
4709 4716
4710 4740
4711 2758
4712 2755
4713 4724
4714 4722
4715 590
4716 4956
4717 4956
4718 2714
4719 3261
4720 3261
4721 4961
4722 4238
4723 4238
4724 3055
4725 2755
4726 3009
4727 3997
4728 395
4729 397
4730 2777
4731 2899
4732 3127
4733 3127
4734 2777
4735 4780
4736 397
4737 4884
4738 4754
4739 4236
4740 671
4741 4125
4742 4125
4743 4780
4744 4758
4745 3068
4746 4120
4747 4844
4748 4012
4749 4844
4750 2768
4751 2308
4752 1676
4753 2285
4754 331
4755 1710
4756 2899
4757 586
4758 331
4759 3127
4760 2899
4761 4904
4762 4959
4763 4960
4764 2772
4765 2772
4766 2347
4767 4966
4768 4136
4769 578
4770 4808
4771 2348
4772 1644
4773 1644
4774 2949
4775 2768
4776 2286
4777 431
4778 397
4779 3002
4780 4761
4781 397
4782 4021
4783 3368
4784 328
4785 1674
4786 2283
4787 2283
4788 594
4789 416
4790 2285
4791 331
4792 2286
4793 360
4794 3968
4795 3331
4796 3989
4797 4049
4798 3993
4799 4021
4800 2739
4801 4966
4802 3316
4803 4003
4804 3853
4805 4027
4806 4863
4807 3997
4808 4114
4809 3889
4810 2317
4811 1668
4812 582
4813 2348
4814 2348
4815 2768
4816 432
4817 2286
4818 353
4819 331
4820 1710
4821 1706
4822 2899
4823 4239
4824 4021
4825 3300
4826 373
4827 611
4828 613
4829 1684
4830 381
4831 2365
4832 2365
4833 2365
4834 1807
4835 1807
4836 381
4837 2365
4838 1807
4839 1807
4840 4269
4841 4884
4842 398
4843 3900
4844 3900
4845 2980
4846 4699
4847 2701
4848 2701
4849 3900
4850 3900
4851 4699
4852 2926
4853 2710
4854 4699
4855 3900
4856 4088
4857 3114
4858 2926
4859 2980
4860 3304
4861 2980
4862 4949
4863 2695
4864 2980
4865 2695
4866 4890
4867 4888
4868 4888
4869 4088
4870 4967
4871 4088
4872 4088
4873 4088
4874 4888
4875 2753
4876 4889
4877 3900
4878 4249
4879 2957
4880 2701
4881 4723
4882 2944
4883 2497
4884 2657
4885 4915
4886 3285
4887 4917
4888 2641
4889 4919
4890 2641
4891 2641
4892 2641
4893 2641
4894 2641
4895 2542
4896 2678
4897 4914
4898 2676
4899 2718
4900 2710
4901 2710
4902 4956
4903 3900
4904 4956
4905 3900
4906 3900
4907 4105
4908 3900
4909 2710
4910 3368
4911 3368
4912 4956
4913 3982
4914 4047
4915 2710
4916 2710
4917 4957
4918 2970
4919 3900
4920 3900
4921 4945
4922 4956
4923 4956
4924 3331
4925 2970
4926 3366
4927 2942
4928 3326
4929 2980
4930 4949
4931 3349
4932 2980
4933 2980
4934 2980
4935 3896
4936 2718
4937 2718
4938 2718
4939 2718
4940 4945
4941 2710
4942 3335
4943 4956
4944 4956
4945 4967
4946 2970
4947 4945
4948 4945
4949 4945
4950 4945
4951 4945
4952 4945
4953 4945
4954 4821
4955 4821
4956 4821
4957 4966
4958 4833
4959 4967
4960 2718
4961 3900
4962 1616
4963 3321
4964 4037
4965 3896
4966 2695
4967 2710
4968 2718
4969 2718
4970 2718
4971 2710
4972 2718
4973 2718
4974 2718
4975 4961
4976 4089
4977 3900
4978 4992
4979 2933
4980 4258
4981 4992
4982 2775
4983 2775
4984 4903
4985 4903
4986 3980
4987 4078
4988 4909
4989 4797
4990 4909
4991 2492
4992 2492
4993 2775
4994 4910
4995 2492
4996 4894
4997 4894
4998 4894
4999 4498
