0 150
1 3614
2 3611
3 3235
4 347
5 41
6 3611
7 3617
8 213
9 143
10 122
11 304
12 166
13 304
14 164
15 140
16 140
17 140
18 3611
19 4364
20 41
21 3235
22 3617
23 41
24 41
25 3617
26 3611
27 3611
28 41
29 41
30 41
31 3710
32 304
33 3235
34 3614
35 41
36 150
37 3614
38 3611
39 164
40 3611
41 3268
42 3611
43 3611
44 41
45 3611
46 3611
47 4239
48 4364
49 3617
50 3611
51 41
52 41
53 3611
54 3617
55 4364
56 41
57 41
58 3773
59 41
60 4360
61 3614
62 3235
63 3729
64 3617
65 3718
66 3718
67 3617
68 3710
69 3773
70 3617
71 3592
72 304
73 150
74 150
75 3614
76 3617
77 3617
78 41
79 41
80 3729
81 3821
82 6
83 3614
84 3617
85 3235
86 3235
87 143
88 41
89 41
90 3718
91 3718
92 3830
93 3614
94 166
95 41
96 3592
97 3830
98 3327
99 3617
100 3235
101 3235
102 3235
103 3235
104 143
105 143
106 143
107 52
108 143
109 52
110 150
111 150
112 3617
113 3235
114 3235
115 3235
116 3235
117 3235
118 3154
119 3235
120 3235
121 3611
122 3617
123 3617
124 3613
125 167
126 4360
127 3611
128 394
129 177
130 168
131 347
132 394
133 260
134 125
135 180
136 168
137 4364
138 41
139 3830
140 3235
141 3617
142 41
143 3592
144 3710
145 3611
146 4364
147 41
148 41
149 41
150 3821
151 3611
152 304
153 3710
154 41
155 41
156 3611
157 3617
158 3611
159 3611
160 3611
161 4364
162 3611
163 41
164 4364
165 3611
166 3611
167 3611
168 3611
169 3611
170 4364
171 41
172 3611
173 3617
174 41
175 41
176 41
177 41
178 41
179 154
180 3235
181 147
182 3710
183 3592
184 3617
185 3718
186 3617
187 3611
188 41
189 41
190 3592
191 3592
192 122
193 150
194 150
195 3021
196 3617
197 3611
198 41
199 41
200 41
201 41
202 3611
203 3235
204 3235
205 182
206 182
207 41
208 41
209 3718
210 3611
211 3235
212 46
213 41
214 3592
215 41
216 3718
217 3617
218 41
219 3235
220 3611
221 3235
222 177
223 232
224 232
225 232
226 177
227 232
228 150
229 150
230 3235
231 3235
232 3235
233 3235
234 3235
235 3235
236 3154
237 3154
238 3611
239 3611
240 3617
241 3611
242 344
243 140
244 4248
245 4360
246 125
247 304
248 125
249 391
250 3626
251 3610
252 3620
253 3608
254 122
255 1620
256 3608
257 268
258 231
259 268
260 1542
261 1542
262 273
263 150
264 260
265 260
266 150
267 125
268 167
269 150
270 150
271 150
272 150
273 304
274 259
275 125
276 125
277 125
278 125
279 125
280 125
281 167
282 263
283 166
284 167
285 304
286 166
287 167
288 301
289 1542
290 289
291 3608
292 3608
293 3610
294 122
295 289
296 289
297 1542
298 273
299 150
300 125
301 122
302 263
303 301
304 167
305 166
306 304
307 304
308 310
309 310
310 167
311 167
312 140
313 379
314 166
315 301
316 3620
317 301
318 262
319 289
320 304
321 301
322 289
323 301
324 3608
325 3620
326 3620
327 3608
328 150
329 2342
330 3608
331 3610
332 2348
333 2353
334 2364
335 2293
336 385
337 150
338 125
339 229
340 125
341 125
342 125
343 125
344 125
345 173
346 125
347 344
348 381
349 125
350 125
351 125
352 125
353 125
354 125
355 125
356 385
357 125
358 147
359 177
360 394
361 125
362 385
363 2342
364 289
365 3608
366 3620
367 3620
368 260
369 294
370 289
371 2342
372 2293
373 150
374 125
375 125
376 385
377 385
378 216
379 347
380 385
381 347
382 385
383 391
384 129
385 174
386 262
387 3620
388 394
389 385
390 3620
391 347
392 294
393 289
394 347
395 344
396 382
397 385
398 3626
399 301
400 370
401 242
402 3626
403 167
404 396
405 3608
406 3676
407 242
408 3608
409 2293
410 234
411 407
412 234
413 255
414 266
415 266
416 1543
417 290
418 3608
419 1558
420 242
421 237
422 3608
423 321
424 375
425 1602
426 244
427 298
428 224
429 1543
430 1527
431 275
432 1576
433 1524
434 1576
435 244
436 1576
437 255
438 244
439 301
440 302
441 313
442 263
443 313
444 309
445 301
446 1542
447 2353
448 1536
449 1542
450 302
451 295
452 1555
453 1552
454 302
455 264
456 1619
457 1556
458 1514
459 1534
460 1555
461 1602
462 295
463 378
464 1602
465 1542
466 1542
467 267
468 2298
469 2355
470 1576
471 1542
472 1576
473 1576
474 234
475 244
476 316
477 407
478 233
479 407
480 407
481 248
482 248
483 1576
484 247
485 248
486 366
487 242
488 237
489 375
490 3676
491 2302
492 2355
493 2298
494 375
495 2374
496 2302
497 3626
498 1536
499 281
500 298
501 1626
502 1620
503 302
504 1542
505 301
506 301
507 263
508 263
509 302
510 263
511 263
512 1612
513 1626
514 1626
515 267
516 301
517 301
518 295
519 1555
520 277
521 316
522 249
523 425
524 318
525 235
526 2281
527 2281
528 1626
529 248
530 3608
531 1558
532 237
533 376
534 3608
535 366
536 289
537 370
538 395
539 330
540 1612
541 1626
542 230
543 230
544 395
545 249
546 2273
547 338
548 230
549 2273
550 396
551 2309
552 2342
553 2280
554 393
555 297
556 258
557 313
558 2342
559 3608
560 2353
561 2364
562 2285
563 2281
564 352
565 295
566 2283
567 2338
568 2355
569 370
570 355
571 2291
572 370
573 370
574 2291
575 1602
576 370
577 2364
578 2364
579 242
580 2304
581 2306
582 338
583 2342
584 2297
585 2297
586 383
587 2273
588 235
589 415
590 429
591 233
592 429
593 284
594 248
595 284
596 376
597 248
598 248
599 242
600 366
601 3676
602 3676
603 335
604 3608
605 237
606 3676
607 3676
608 3676
609 3676
610 2353
611 280
612 2273
613 278
614 2342
615 2286
616 2342
617 385
618 2285
619 385
620 393
621 2342
622 2293
623 2285
624 1612
625 1612
626 1612
627 326
628 2308
629 2293
630 378
631 352
632 383
633 233
634 1598
635 302
636 2404
637 2338
638 266
639 432
640 414
641 444
642 426
643 408
644 407
645 426
646 421
647 431
648 408
649 431
650 421
651 406
652 415
653 426
654 426
655 431
656 406
657 424
658 408
659 224
660 431
661 421
662 424
663 224
664 408
665 446
666 431
667 441
668 299
669 429
670 440
671 449
672 429
673 421
674 431
675 464
676 421
677 421
678 431
679 440
680 440
681 440
682 432
683 426
684 440
685 440
686 441
687 431
688 420
689 425
690 425
691 431
692 425
693 464
694 421
695 432
696 431
697 421
698 524
699 524
700 458
701 421
702 432
703 1417
704 432
705 458
706 458
707 458
708 615
709 524
710 615
711 619
712 1051
713 615
714 939
715 940
716 940
717 1380
718 1150
719 874
720 619
721 1102
722 1387
723 940
724 1361
725 1062
726 940
727 940
728 940
729 1380
730 601
731 1380
732 1081
733 619
734 609
735 531
736 531
737 1051
738 939
739 1051
740 762
741 609
742 664
743 615
744 504
745 504
746 609
747 609
748 520
749 688
750 762
751 615
752 1051
753 762
754 872
755 1081
756 1051
757 1051
758 913
759 890
760 965
761 1051
762 878
763 458
764 905
765 905
766 1051
767 1052
768 1051
769 531
770 1051
771 939
772 458
773 531
774 619
775 531
776 619
777 619
778 1060
779 556
780 619
781 1387
782 1387
783 1380
784 963
785 1380
786 556
787 609
788 553
789 940
790 569
791 940
792 940
793 458
794 458
795 421
796 458
797 458
798 566
799 556
800 619
801 913
802 1470
803 949
804 458
805 615
806 940
807 1060
808 556
809 556
810 874
811 1380
812 1062
813 601
814 1107
815 592
816 1107
817 601
818 592
819 1381
820 1380
821 458
822 553
823 1072
824 619
825 601
826 592
827 1060
828 1457
829 1060
830 940
831 904
832 940
833 939
834 939
835 940
836 1150
837 592
838 1150
839 601
840 644
841 874
842 1150
843 592
844 592
845 1380
846 1381
847 874
848 874
849 1150
850 592
851 973
852 874
853 1380
854 1150
855 1150
856 874
857 874
858 1380
859 1380
860 1380
861 592
862 1100
863 1150
864 1051
865 619
866 619
867 619
868 615
869 609
870 953
871 949
872 531
873 1051
874 1051
875 1051
876 615
877 619
878 615
879 1051
880 619
881 619
882 619
883 619
884 953
885 619
886 535
887 520
888 531
889 615
890 609
891 1051
892 1051
893 615
894 619
895 619
896 664
897 619
898 619
899 619
900 619
901 615
902 619
903 619
904 619
905 615
906 615
907 615
908 615
909 615
910 615
911 609
912 609
913 609
914 619
915 619
916 619
917 953
918 535
919 1051
920 1051
921 1051
922 1051
923 1051
924 1051
925 1051
926 1051
927 1051
928 1051
929 1051
930 1051
931 531
932 535
933 531
934 531
935 531
936 531
937 531
938 531
939 531
940 531
941 520
942 520
943 520
944 531
945 949
946 762
947 520
948 771
949 619
950 619
951 762
952 762
953 762
954 1051
955 1051
956 531
957 949
958 1051
959 531
960 762
961 1051
962 520
963 1051
964 1051
965 1051
966 619
967 609
968 609
969 619
970 615
971 609
972 949
973 1051
974 1051
975 771
976 1051
977 1051
978 609
979 615
980 1051
981 615
982 545
983 609
984 609
985 609
986 619
987 619
988 531
989 531
990 762
991 1051
992 1150
993 940
994 940
995 940
996 940
997 940
998 940
999 940
1000 940
1001 940
1002 940
1003 940
1004 940
1005 940
1006 940
1007 940
1008 940
1009 940
1010 940
1011 940
1012 940
1013 940
1014 940
1015 940
1016 940
1017 940
1018 940
1019 940
1020 940
1021 940
1022 940
1023 940
1024 940
1025 940
1026 940
1027 940
1028 1100
1029 644
1030 1150
1031 1150
1032 592
1033 1380
1034 1380
1035 874
1036 973
1037 592
1038 874
1039 874
1040 874
1041 874
1042 940
1043 940
1044 940
1045 940
1046 940
1047 940
1048 940
1049 940
1050 940
1051 940
1052 940
1053 939
1054 940
1055 940
1056 940
1057 939
1058 940
1059 940
1060 940
1061 609
1062 940
1063 949
1064 609
1065 1072
1066 874
1067 899
1068 940
1069 1470
1070 619
1071 872
1072 609
1073 609
1074 940
1075 940
1076 940
1077 940
1078 940
1079 939
1080 940
1081 939
1082 939
1083 940
1084 940
1085 940
1086 940
1087 940
1088 940
1089 940
1090 940
1091 940
1092 940
1093 940
1094 940
1095 940
1096 940
1097 1150
1098 601
1099 1380
1100 1380
1101 874
1102 1107
1103 1060
1104 1450
1105 1380
1106 1380
1107 556
1108 1107
1109 1107
1110 1060
1111 1060
1112 619
1113 1060
1114 874
1115 1100
1116 601
1117 874
1118 1107
1119 556
1120 553
1121 1450
1122 592
1123 1380
1124 1381
1125 1062
1126 556
1127 619
1128 1062
1129 619
1130 619
1131 619
1132 553
1133 1062
1134 553
1135 553
1136 940
1137 619
1138 421
1139 619
1140 619
1141 619
1142 619
1143 619
1144 615
1145 1446
1146 1472
1147 1361
1148 939
1149 1361
1150 1463
1151 1218
1152 949
1153 566
1154 566
1155 1295
1156 619
1157 1072
1158 1447
1159 1463
1160 949
1161 619
1162 1412
1163 1457
1164 1051
1165 504
1166 1361
1167 1446
1168 939
1169 566
1170 1457
1171 1450
1172 1384
1173 458
1174 829
1175 1378
1176 1357
1177 1412
1178 1472
1179 1472
1180 1472
1181 1335
1182 609
1183 1500
1184 949
1185 1170
1186 1463
1187 619
1188 1060
1189 1060
1190 556
1191 940
1192 1387
1193 1107
1194 1387
1195 1450
1196 556
1197 1062
1198 940
1199 1098
1200 940
1201 940
1202 609
1203 1081
1204 458
1205 421
1206 458
1207 458
1208 1072
1209 1060
1210 1062
1211 939
1212 1450
1213 1062
1214 566
1215 553
1216 940
1217 940
1218 1062
1219 1060
1220 874
1221 1380
1222 592
1223 1150
1224 1107
1225 1107
1226 1107
1227 1107
1228 1150
1229 874
1230 566
1231 574
1232 1062
1233 619
1234 556
1235 1150
1236 1072
1237 556
1238 1466
1239 1107
1240 940
1241 940
1242 940
1243 874
1244 566
1245 940
1246 1380
1247 1150
1248 601
1249 1150
1250 592
1251 874
1252 1150
1253 1150
1254 1100
1255 1098
1256 1380
1257 874
1258 874
1259 973
1260 1150
1261 874
1262 592
1263 1380
1264 1150
1265 601
1266 874
1267 1381
1268 1380
1269 592
1270 592
1271 1100
1272 644
1273 601
1274 1361
1275 619
1276 953
1277 615
1278 619
1279 1295
1280 1124
1281 1447
1282 1463
1283 1472
1284 1361
1285 1361
1286 619
1287 619
1288 615
1289 1361
1290 953
1291 1124
1292 619
1293 619
1294 1124
1295 619
1296 1102
1297 1447
1298 1463
1299 967
1300 1062
1301 1361
1302 1102
1303 953
1304 619
1305 619
1306 619
1307 953
1308 619
1309 619
1310 619
1311 619
1312 619
1313 619
1314 619
1315 615
1316 619
1317 619
1318 1295
1319 1295
1320 615
1321 1062
1322 1295
1323 1062
1324 619
1325 953
1326 953
1327 1446
1328 1446
1329 1472
1330 1102
1331 1361
1332 1361
1333 1361
1334 1361
1335 1361
1336 1361
1337 1361
1338 1361
1339 1361
1340 1361
1341 1472
1342 1446
1343 1472
1344 1472
1345 1472
1346 1472
1347 1463
1348 1472
1349 1463
1350 1472
1351 1447
1352 1447
1353 1446
1354 1446
1355 1447
1356 1447
1357 1124
1358 1447
1359 953
1360 1124
1361 1124
1362 953
1363 953
1364 1361
1365 1472
1366 1463
1367 1447
1368 1361
1369 967
1370 1124
1371 967
1372 1446
1373 1361
1374 1361
1375 1361
1376 619
1377 1062
1378 1472
1379 953
1380 619
1381 1062
1382 1446
1383 1361
1384 1361
1385 1446
1386 1472
1387 1361
1388 1447
1389 619
1390 615
1391 609
1392 1102
1393 1062
1394 1062
1395 1295
1396 1124
1397 619
1398 1472
1399 1446
1400 953
1401 1361
1402 601
1403 940
1404 940
1405 940
1406 940
1407 940
1408 940
1409 940
1410 940
1411 940
1412 940
1413 940
1414 940
1415 940
1416 940
1417 940
1418 940
1419 940
1420 940
1421 940
1422 940
1423 940
1424 940
1425 940
1426 940
1427 940
1428 940
1429 940
1430 940
1431 940
1432 940
1433 940
1434 940
1435 940
1436 940
1437 940
1438 1150
1439 973
1440 973
1441 601
1442 1150
1443 1380
1444 1380
1445 874
1446 601
1447 592
1448 874
1449 874
1450 1380
1451 874
1452 940
1453 940
1454 940
1455 940
1456 940
1457 940
1458 940
1459 940
1460 940
1461 940
1462 940
1463 940
1464 940
1465 940
1466 940
1467 940
1468 940
1469 939
1470 1060
1471 619
1472 940
1473 1072
1474 1082
1475 609
1476 939
1477 939
1478 939
1479 619
1480 1361
1481 1431
1482 1295
1483 1072
1484 940
1485 940
1486 940
1487 940
1488 940
1489 940
1490 939
1491 940
1492 940
1493 940
1494 940
1495 940
1496 940
1497 940
1498 940
1499 1461
1500 1150
1501 1098
1502 1380
1503 874
1504 1060
1505 1107
1506 1150
1507 1450
1508 1380
1509 556
1510 1107
1511 619
1512 1060
1513 619
1514 556
1515 1060
1516 1150
1517 592
1518 1380
1519 1060
1520 1107
1521 556
1522 619
1523 1107
1524 973
1525 1380
1526 1381
1527 1062
1528 553
1529 619
1530 1062
1531 553
1532 619
1533 619
1534 1062
1535 1062
1536 1062
1537 1062
1538 1387
1539 619
1540 458
1541 619
1542 953
1543 619
1544 619
1545 1387
1546 940
1547 940
1548 940
1549 940
1550 940
1551 940
1552 940
1553 940
1554 940
1555 324
1556 1551
1557 1551
1558 1613
1559 1600
1560 1629
1561 1612
1562 1520
1563 299
1564 1546
1565 1608
1566 1546
1567 1608
1568 1542
1569 277
1570 1546
1571 1603
1572 299
1573 1602
1574 1573
1575 1622
1576 1542
1577 1546
1578 1536
1579 267
1580 1546
1581 1536
1582 1542
1583 1536
1584 1542
1585 1560
1586 1589
1587 1613
1588 1589
1589 1563
1590 1600
1591 1613
1592 1613
1593 1597
1594 1613
1595 1613
1596 1619
1597 1602
1598 1536
1599 1564
1600 1597
1601 1597
1602 1594
1603 1605
1604 1613
1605 1597
1606 1587
1607 1588
1608 1551
1609 1553
1610 1600
1611 1551
1612 1551
1613 1551
1614 1516
1615 1551
1616 1600
1617 1554
1618 1580
1619 1638
1620 1554
1621 1516
1622 1571
1623 1608
1624 1554
1625 1571
1626 1554
1627 1554
1628 1554
1629 1516
1630 1559
1631 1559
1632 1551
1633 1571
1634 1551
1635 1559
1636 1551
1637 1551
1638 1599
1639 1551
1640 1603
1641 1600
1642 1613
1643 1622
1644 1613
1645 1542
1646 1600
1647 1600
1648 1551
1649 1563
1650 1613
1651 1600
1652 1563
1653 1551
1654 1563
1655 1613
1656 1613
1657 1613
1658 1605
1659 1609
1660 291
1661 1536
1662 1551
1663 1551
1664 1605
1665 1536
1666 1551
1667 1605
1668 1600
1669 1600
1670 1597
1671 1559
1672 1554
1673 1554
1674 1554
1675 275
1676 1571
1677 1609
1678 1605
1679 1618
1680 1581
1681 299
1682 1536
1683 1612
1684 1613
1685 1597
1686 1597
1687 1613
1688 1613
1689 1597
1690 1613
1691 1613
1692 1605
1693 1536
1694 1542
1695 299
1696 1571
1697 1603
1698 1602
1699 302
1700 1515
1701 1553
1702 1600
1703 1638
1704 1563
1705 1584
1706 1677
1707 1563
1708 1647
1709 1594
1710 1594
1711 1691
1712 1629
1713 1629
1714 1570
1715 1516
1716 1551
1717 1638
1718 1635
1719 1588
1720 1594
1721 1678
1722 1594
1723 1635
1724 1594
1725 1589
1726 1638
1727 1616
1728 1588
1729 1605
1730 1638
1731 1638
1732 1645
1733 1645
1734 1691
1735 1516
1736 1630
1737 1645
1738 1683
1739 1683
1740 1736
1741 1736
1742 1629
1743 1594
1744 1693
1745 1630
1746 1594
1747 1677
1748 1589
1749 1584
1750 1551
1751 1588
1752 1683
1753 1644
1754 1727
1755 1745
1756 1693
1757 1727
1758 1687
1759 1687
1760 1735
1761 1723
1762 1661
1763 1661
1764 1751
1765 1750
1766 1670
1767 1670
1768 1750
1769 1666
1770 1669
1771 1750
1772 1666
1773 1744
1774 1727
1775 1737
1776 1735
1777 1708
1778 1688
1779 1704
1780 1738
1781 1675
1782 1756
1783 1666
1784 1696
1785 1708
1786 1708
1787 1715
1788 1716
1789 1701
1790 1708
1791 1723
1792 1728
1793 1704
1794 1728
1795 1723
1796 1669
1797 1723
1798 1687
1799 1716
1800 1714
1801 1714
1802 1704
1803 1728
1804 1702
1805 1739
1806 1738
1807 1687
1808 1675
1809 1756
1810 1704
1811 1723
1812 1661
1813 1669
1814 1726
1815 1715
1816 1743
1817 1743
1818 1738
1819 1744
1820 1744
1821 1742
1822 1742
1823 1714
1824 1743
1825 1750
1826 1841
1827 1750
1828 1788
1829 1788
1830 1703
1831 1752
1832 1669
1833 1750
1834 1841
1835 1820
1836 1724
1837 1670
1838 1847
1839 1868
1840 1877
1841 1780
1842 1861
1843 1878
1844 1780
1845 1843
1846 1843
1847 1868
1848 1762
1849 1868
1850 1845
1851 1845
1852 1843
1853 1843
1854 1868
1855 1868
1856 1868
1857 1781
1858 1780
1859 1780
1860 1762
1861 1762
1862 1796
1863 1747
1864 1670
1865 1750
1866 1789
1867 1748
1868 1800
1869 1796
1870 1796
1871 1802
1872 1797
1873 1797
1874 1807
1875 1814
1876 1763
1877 1770
1878 1827
1879 1768
1880 1814
1881 1829
1882 1763
1883 1834
1884 1828
1885 1826
1886 1829
1887 1875
1888 1803
1889 1807
1890 1827
1891 1817
1892 1829
1893 1768
1894 1827
1895 1783
1896 1783
1897 1785
1898 1812
1899 1763
1900 1825
1901 1875
1902 1875
1903 1875
1904 1828
1905 1832
1906 1804
1907 1832
1908 1829
1909 1822
1910 1819
1911 1829
1912 1828
1913 1845
1914 1776
1915 1776
1916 1762
1917 1762
1918 1779
1919 1838
1920 1835
1921 1804
1922 1804
1923 1804
1924 1855
1925 1845
1926 1855
1927 1845
1928 1843
1929 1868
1930 1780
1931 1780
1932 1877
1933 1779
1934 1843
1935 1779
1936 1779
1937 1769
1938 1875
1939 1807
1940 1838
1941 1825
1942 1875
1943 1845
1944 1877
1945 1845
1946 1838
1947 1836
1948 1873
1949 2183
1950 1953
1951 1939
1952 2183
1953 1889
1954 1940
1955 1903
1956 1874
1957 1899
1958 1852
1959 1836
1960 1874
1961 1882
1962 1874
1963 1842
1964 1842
1965 1882
1966 1893
1967 1872
1968 1900
1969 2183
1970 2183
1971 2183
1972 1974
1973 1922
1974 1956
1975 2183
1976 1895
1977 1891
1978 1975
1979 1922
1980 1922
1981 1851
1982 1852
1983 1821
1984 1922
1985 1975
1986 2183
1987 1956
1988 1956
1989 1874
1990 2183
1991 2183
1992 2183
1993 2183
1994 2183
1995 1922
1996 2183
1997 1922
1998 1922
1999 2183
2000 1922
2001 1882
2002 1889
2003 1759
2004 1842
2005 1839
2006 1836
2007 2183
2008 1893
2009 2183
2010 1956
2011 1917
2012 1889
2013 1899
2014 1874
2015 1880
2016 1922
2017 1881
2018 1922
2019 1838
2020 2183
2021 1922
2022 2183
2023 2183
2024 1891
2025 2183
2026 1954
2027 1956
2028 2183
2029 1922
2030 1939
2031 1939
2032 1882
2033 1922
2034 1836
2035 1953
2036 1852
2037 1953
2038 1874
2039 1922
2040 1939
2041 1854
2042 1965
2043 1903
2044 1903
2045 1939
2046 1903
2047 1903
2048 1966
2049 1966
2050 1854
2051 1922
2052 1939
2053 1903
2054 1939
2055 1922
2056 1922
2057 1922
2058 1839
2059 1939
2060 1953
2061 1922
2062 1922
2063 1922
2064 1939
2065 1922
2066 1922
2067 1941
2068 1922
2069 1939
2070 2183
2071 1952
2072 1922
2073 1939
2074 1939
2075 1939
2076 1918
2077 1974
2078 1891
2079 1954
2080 2183
2081 1922
2082 2001
2083 2001
2084 2001
2085 1995
2086 2001
2087 2001
2088 2001
2089 2000
2090 2001
2091 2001
2092 2001
2093 2000
2094 2183
2095 2183
2096 2000
2097 2000
2098 1918
2099 2001
2100 2001
2101 1996
2102 2001
2103 2001
2104 2001
2105 2001
2106 2001
2107 2000
2108 2000
2109 2001
2110 2001
2111 1995
2112 2000
2113 1938
2114 2183
2115 2183
2116 1975
2117 1918
2118 2195
2119 2206
2120 1975
2121 2183
2122 2184
2123 2183
2124 2206
2125 2174
2126 2183
2127 2183
2128 2183
2129 2183
2130 2183
2131 2183
2132 2183
2133 1977
2134 2206
2135 2207
2136 2186
2137 2198
2138 2215
2139 2198
2140 2198
2141 2195
2142 2215
2143 2186
2144 2206
2145 2186
2146 2186
2147 2186
2148 2186
2149 2186
2150 2186
2151 2186
2152 2186
2153 2186
2154 2186
2155 2186
2156 2186
2157 2186
2158 2186
2159 2186
2160 2186
2161 2186
2162 2186
2163 2186
2164 2186
2165 2183
2166 2183
2167 1918
2168 2183
2169 2183
2170 2195
2171 2144
2172 2177
2173 2207
2174 2187
2175 2174
2176 2195
2177 2183
2178 2184
2179 2215
2180 2207
2181 2195
2182 2183
2183 2183
2184 2215
2185 2206
2186 2195
2187 2187
2188 2198
2189 2186
2190 2186
2191 2186
2192 2198
2193 2186
2194 2186
2195 2186
2196 2186
2197 2186
2198 2186
2199 2186
2200 2186
2201 2186
2202 2198
2203 2186
2204 2186
2205 2186
2206 2186
2207 2186
2208 2186
2209 2186
2210 2186
2211 2186
2212 2186
2213 2186
2214 2186
2215 2186
2216 2186
2217 2186
2218 2186
2219 2186
2220 2186
2221 2186
2222 2186
2223 2186
2224 2186
2225 2186
2226 2186
2227 2186
2228 2186
2229 2186
2230 2183
2231 2183
2232 2183
2233 2183
2234 2183
2235 2184
2236 2183
2237 2207
2238 2183
2239 2175
2240 1891
2241 2194
2242 2183
2243 2183
2244 1975
2245 1891
2246 2183
2247 2183
2248 2174
2249 2183
2250 2216
2251 2183
2252 1891
2253 2183
2254 2216
2255 2187
2256 2207
2257 2189
2258 2186
2259 2187
2260 2186
2261 2186
2262 2194
2263 2186
2264 2186
2265 2186
2266 2189
2267 2211
2268 2186
2269 2186
2270 2186
2271 2186
2272 2186
2273 2186
2274 2186
2275 2186
2276 2186
2277 2186
2278 2186
2279 2186
2280 2186
2281 2186
2282 2186
2283 2186
2284 2186
2285 2186
2286 2186
2287 2186
2288 2186
2289 2186
2290 2186
2291 2186
2292 2186
2293 2186
2294 2186
2295 2183
2296 1891
2297 1920
2298 1918
2299 2183
2300 2183
2301 1956
2302 2183
2303 2183
2304 1974
2305 1893
2306 2183
2307 2183
2308 1974
2309 2119
2310 2207
2311 2119
2312 2085
2313 2101
2314 2183
2315 2101
2316 2207
2317 2183
2318 2183
2319 2203
2320 2187
2321 2204
2322 2187
2323 2211
2324 2208
2325 2187
2326 2204
2327 2204
2328 2207
2329 2204
2330 2207
2331 2207
2332 2187
2333 2187
2334 2187
2335 2187
2336 2204
2337 2187
2338 2374
2339 2318
2340 2275
2341 2337
2342 2337
2343 2326
2344 1612
2345 1626
2346 250
2347 236
2348 2278
2349 374
2350 374
2351 2352
2352 2331
2353 2318
2354 333
2355 2365
2356 354
2357 2331
2358 2374
2359 2342
2360 368
2361 376
2362 2275
2363 2351
2364 2374
2365 2364
2366 2364
2367 396
2368 2340
2369 2343
2370 2297
2371 2367
2372 2276
2373 2277
2374 2322
2375 2277
2376 2277
2377 2276
2378 2276
2379 2352
2380 2351
2381 2317
2382 2317
2383 2277
2384 2277
2385 2317
2386 2367
2387 2277
2388 2351
2389 2324
2390 2343
2391 2276
2392 2276
2393 2276
2394 2276
2395 2275
2396 2276
2397 2275
2398 2276
2399 2297
2400 2305
2401 2312
2402 2278
2403 2275
2404 2278
2405 2305
2406 2275
2407 2276
2408 2275
2409 2275
2410 2275
2411 2275
2412 2276
2413 2275
2414 2275
2415 2276
2416 2277
2417 2276
2418 2351
2419 2337
2420 2351
2421 3946
2422 2276
2423 2277
2424 2277
2425 2374
2426 2276
2427 2276
2428 2276
2429 2276
2430 2277
2431 2276
2432 2276
2433 2276
2434 2367
2435 2276
2436 2276
2437 2277
2438 2351
2439 2276
2440 2278
2441 2277
2442 2304
2443 2275
2444 2276
2445 2351
2446 368
2447 2277
2448 2277
2449 2351
2450 2351
2451 2277
2452 368
2453 2312
2454 2312
2455 2297
2456 2346
2457 2312
2458 2310
2459 2346
2460 448
2461 2317
2462 2317
2463 2351
2464 2277
2465 2277
2466 2351
2467 2337
2468 2277
2469 2277
2470 2277
2471 2350
2472 2341
2473 2364
2474 2342
2475 2350
2476 354
2477 2317
2478 1558
2479 1612
2480 2276
2481 2276
2482 2266
2483 2367
2484 2276
2485 2310
2486 2332
2487 3946
2488 2332
2489 2332
2490 2276
2491 2326
2492 2326
2493 2326
2494 2275
2495 2276
2496 2276
2497 2330
2498 2332
2499 2326
2500 2330
2501 2332
2502 2350
2503 2276
2504 2276
2505 2305
2506 2330
2507 2276
2508 2276
2509 2276
2510 2332
2511 2326
2512 2276
2513 2323
2514 2326
2515 2332
2516 2331
2517 2330
2518 2367
2519 2330
2520 2341
2521 2330
2522 2332
2523 2322
2524 2326
2525 3946
2526 3946
2527 2350
2528 2337
2529 2276
2530 2326
2531 2330
2532 2326
2533 2358
2534 2314
2535 2436
2536 2358
2537 2498
2538 2486
2539 2434
2540 2488
2541 2495
2542 2498
2543 2498
2544 2400
2545 2391
2546 2493
2547 2498
2548 2478
2549 2493
2550 2493
2551 2443
2552 2436
2553 2358
2554 2361
2555 2430
2556 2435
2557 2389
2558 2436
2559 2357
2560 2357
2561 2381
2562 2430
2563 2478
2564 2432
2565 2396
2566 2360
2567 2390
2568 2434
2569 2486
2570 2486
2571 2442
2572 2394
2573 2389
2574 2478
2575 2478
2576 2396
2577 2396
2578 2390
2579 2360
2580 2328
2581 2488
2582 2488
2583 2434
2584 2360
2585 2360
2586 2390
2587 2392
2588 2381
2589 2390
2590 2430
2591 2401
2592 2400
2593 2478
2594 2485
2595 2488
2596 2396
2597 2360
2598 2360
2599 2359
2600 2357
2601 2313
2602 2436
2603 2436
2604 2361
2605 2492
2606 2492
2607 2497
2608 2490
2609 2467
2610 2469
2611 2464
2612 2443
2613 2495
2614 2622
2615 2622
2616 2482
2617 2443
2618 2465
2619 2473
2620 2458
2621 2481
2622 2477
2623 2445
2624 2511
2625 2460
2626 2452
2627 2477
2628 2462
2629 2507
2630 2467
2631 2471
2632 2505
2633 2445
2634 2444
2635 2512
2636 2473
2637 2410
2638 2511
2639 2511
2640 2456
2641 2452
2642 2467
2643 2465
2644 2464
2645 2443
2646 2469
2647 2465
2648 2495
2649 2497
2650 2464
2651 2440
2652 2467
2653 2467
2654 2577
2655 2516
2656 2545
2657 2523
2658 2500
2659 2511
2660 2540
2661 2577
2662 2540
2663 2622
2664 2523
2665 2500
2666 2577
2667 2540
2668 2500
2669 2540
2670 2577
2671 2622
2672 2616
2673 2511
2674 2541
2675 2500
2676 2543
2677 2500
2678 2500
2679 2500
2680 2540
2681 2540
2682 2517
2683 2626
2684 2577
2685 2579
2686 2577
2687 2577
2688 2579
2689 2579
2690 2579
2691 2577
2692 2505
2693 2505
2694 2505
2695 2467
2696 2452
2697 2473
2698 2583
2699 2579
2700 2579
2701 2579
2702 2622
2703 2474
2704 2452
2705 2473
2706 2452
2707 2505
2708 2449
2709 2511
2710 2512
2711 2511
2712 2445
2713 2445
2714 2473
2715 2473
2716 2516
2717 2540
2718 2523
2719 2577
2720 2622
2721 2583
2722 2457
2723 2458
2724 2505
2725 2458
2726 2622
2727 2586
2728 2630
2729 2569
2730 2589
2731 2693
2732 2593
2733 2583
2734 2593
2735 2622
2736 2583
2737 2632
2738 2569
2739 2586
2740 2633
2741 2593
2742 2591
2743 2566
2744 2588
2745 2561
2746 2561
2747 2630
2748 2971
2749 2970
2750 2630
2751 2668
2752 2650
2753 2716
2754 2650
2755 2701
2756 2688
2757 2641
2758 2637
2759 2572
2760 2566
2761 2583
2762 2704
2763 2690
2764 2691
2765 2650
2766 2587
2767 2916
2768 2685
2769 2631
2770 2971
2771 2685
2772 2703
2773 2687
2774 2637
2775 2640
2776 2643
2777 2651
2778 2641
2779 2630
2780 2630
2781 2643
2782 2587
2783 2591
2784 2583
2785 2569
2786 2971
2787 2643
2788 2916
2789 2633
2790 2630
2791 2644
2792 2592
2793 2590
2794 2564
2795 2688
2796 2561
2797 2625
2798 2586
2799 2686
2800 2668
2801 2632
2802 2971
2803 2970
2804 2693
2805 2650
2806 2641
2807 2625
2808 2625
2809 2632
2810 2590
2811 2625
2812 2703
2813 2622
2814 2668
2815 2690
2816 2643
2817 2592
2818 2703
2819 2632
2820 2604
2821 2588
2822 2624
2823 2631
2824 2632
2825 2625
2826 2631
2827 2604
2828 2604
2829 2624
2830 2588
2831 2632
2832 2625
2833 2604
2834 2625
2835 2625
2836 2566
2837 2642
2838 2604
2839 2632
2840 2632
2841 2625
2842 2625
2843 2642
2844 2625
2845 2648
2846 2625
2847 2673
2848 2645
2849 2632
2850 2673
2851 2654
2852 2654
2853 2673
2854 2714
2855 2625
2856 2647
2857 2724
2858 2727
2859 2724
2860 2724
2861 2724
2862 2727
2863 2725
2864 2725
2865 2725
2866 2727
2867 2724
2868 2724
2869 2714
2870 2724
2871 2687
2872 2724
2873 2648
2874 2724
2875 2724
2876 2725
2877 2724
2878 2724
2879 2725
2880 2714
2881 2724
2882 2654
2883 2971
2884 2971
2885 2685
2886 2918
2887 2971
2888 2722
2889 2908
2890 2918
2891 2682
2892 2916
2893 2918
2894 2934
2895 2974
2896 2971
2897 2911
2898 2685
2899 2929
2900 2971
2901 2921
2902 2949
2903 2949
2904 2943
2905 2933
2906 2943
2907 2949
2908 2943
2909 2943
2910 2943
2911 2943
2912 2943
2913 2943
2914 2943
2915 2943
2916 2943
2917 2943
2918 2943
2919 2943
2920 2943
2921 2943
2922 2943
2923 2943
2924 2943
2925 2943
2926 2943
2927 2943
2928 2943
2929 2684
2930 2693
2931 2687
2932 2916
2933 2908
2934 2929
2935 2911
2936 2909
2937 2933
2938 2915
2939 2929
2940 2977
2941 2911
2942 2925
2943 2911
2944 2918
2945 2929
2946 2912
2947 2915
2948 2929
2949 2933
2950 2946
2951 2943
2952 2943
2953 2943
2954 2943
2955 2943
2956 2943
2957 2946
2958 2943
2959 2943
2960 2943
2961 2943
2962 2943
2963 2943
2964 2943
2965 2943
2966 2943
2967 2943
2968 2943
2969 2943
2970 2943
2971 2943
2972 2943
2973 2943
2974 2943
2975 2943
2976 2943
2977 2943
2978 2943
2979 2943
2980 2943
2981 2943
2982 2943
2983 2943
2984 2943
2985 2943
2986 2933
2987 2646
2988 2693
2989 2646
2990 2916
2991 2635
2992 2635
2993 2942
2994 2933
2995 2911
2996 2921
2997 2912
2998 2915
2999 2843
3000 2927
3001 2936
3002 2646
3003 2913
3004 2911
3005 2936
3006 2650
3007 2693
3008 2933
3009 2913
3010 2661
3011 2909
3012 2915
3013 2908
3014 2916
3015 2909
3016 2925
3017 2718
3018 2716
3019 2925
3020 2943
3021 2943
3022 2956
3023 2943
3024 2943
3025 2943
3026 2943
3027 2943
3028 2943
3029 2956
3030 2943
3031 2937
3032 2943
3033 2943
3034 2943
3035 2943
3036 2943
3037 2943
3038 2944
3039 2943
3040 2943
3041 2943
3042 2943
3043 2943
3044 2943
3045 2943
3046 2943
3047 2943
3048 2943
3049 2943
3050 2943
3051 2943
3052 2943
3053 2943
3054 2943
3055 2943
3056 2943
3057 2943
3058 2943
3059 2943
3060 2943
3061 2943
3062 2943
3063 2943
3064 2641
3065 2650
3066 2641
3067 2650
3068 2643
3069 2643
3070 2652
3071 2718
3072 2648
3073 2661
3074 2638
3075 2635
3076 2915
3077 2641
3078 2662
3079 2702
3080 2646
3081 2641
3082 2925
3083 2936
3084 2913
3085 2925
3086 2917
3087 2936
3088 2947
3089 2937
3090 2927
3091 2915
3092 2947
3093 2959
3094 2937
3095 2956
3096 2956
3097 2794
3098 2918
3099 2944
3100 2943
3101 2943
3102 2943
3103 2943
3104 2943
3105 2943
3106 2943
3107 2943
3108 2943
3109 2956
3110 2943
3111 2944
3112 2943
3113 2943
3114 2943
3115 2943
3116 2943
3117 2943
3118 2943
3119 2943
3120 2943
3121 4441
3122 3617
3123 3617
3124 3235
3125 3235
3126 3065
3127 150
3128 4364
3129 41
3130 150
3131 3154
3132 167
3133 3311
3134 4266
3135 4442
3136 4243
3137 4411
3138 4411
3139 4411
3140 4408
3141 4315
3142 4315
3143 4454
3144 4442
3145 4315
3146 4315
3147 4243
3148 4409
3149 4315
3150 4266
3151 4442
3152 4242
3153 4442
3154 4252
3155 4409
3156 4266
3157 4315
3158 4327
3159 4418
3160 4412
3161 3335
3162 4418
3163 4418
3164 4327
3165 4275
3166 4313
3167 3116
3168 3153
3169 3051
3170 94
3171 3283
3172 3051
3173 94
3174 3115
3175 3283
3176 3141
3177 4275
3178 4422
3179 4313
3180 4313
3181 4442
3182 42
3183 41
3184 41
3185 3283
3186 3116
3187 3152
3188 41
3189 95
3190 41
3191 41
3192 41
3193 41
3194 4446
3195 3345
3196 4327
3197 3830
3198 3617
3199 3617
3200 3710
3201 3617
3202 3592
3203 41
3204 3592
3205 3592
3206 41
3207 3592
3208 3617
3209 3617
3210 3718
3211 3718
3212 3830
3213 3617
3214 3617
3215 3617
3216 3235
3217 3617
3218 3617
3219 3830
3220 3710
3221 41
3222 3154
3223 3235
3224 140
3225 3613
3226 4239
3227 4239
3228 3235
3229 3235
3230 3235
3231 3235
3232 150
3233 3327
3234 3235
3235 3235
3236 4364
3237 4362
3238 3268
3239 4362
3240 3235
3241 3154
3242 150
3243 150
3244 3318
3245 3318
3246 4418
3247 4412
3248 3611
3249 3611
3250 3235
3251 3235
3252 3235
3253 3235
3254 3235
3255 3614
3256 3614
3257 3235
3258 0
3259 0
3260 52
3261 3235
3262 3183
3263 4313
3264 3315
3265 3237
3266 3241
3267 52
3268 3335
3269 3235
3270 3235
3271 52
3272 3235
3273 3235
3274 3335
3275 52
3276 3616
3277 41
3278 3592
3279 3592
3280 3617
3281 3327
3282 4364
3283 3274
3284 4364
3285 41
3286 3611
3287 3830
3288 3830
3289 3616
3290 3592
3291 41
3292 3617
3293 4239
3294 4362
3295 3327
3296 4455
3297 3241
3298 3185
3299 3237
3300 3178
3301 3024
3302 3315
3303 3185
3304 3154
3305 4239
3306 3183
3307 4237
3308 3137
3309 3270
3310 4364
3311 3268
3312 41
3313 3065
3314 41
3315 41
3316 41
3317 41
3318 95
3319 41
3320 4364
3321 41
3322 41
3323 41
3324 3051
3325 52
3326 3237
3327 4449
3328 4360
3329 52
3330 41
3331 41
3332 3345
3333 3592
3334 3592
3335 3592
3336 3592
3337 41
3338 3592
3339 3592
3340 4411
3341 4409
3342 4312
3343 4411
3344 4411
3345 4442
3346 4442
3347 3151
3348 4446
3349 4243
3350 3116
3351 3116
3352 3116
3353 3116
3354 3151
3355 4243
3356 4313
3357 4441
3358 4411
3359 4313
3360 4418
3361 4411
3362 4417
3363 4412
3364 4417
3365 4455
3366 52
3367 3024
3368 52
3369 41
3370 41
3371 4154
3372 4409
3373 4411
3374 4422
3375 3592
3376 41
3377 3592
3378 3592
3379 19
3380 4442
3381 3617
3382 3616
3383 3617
3384 3592
3385 4422
3386 41
3387 4422
3388 4422
3389 3315
3390 41
3391 4449
3392 4412
3393 3183
3394 3338
3395 4418
3396 4412
3397 4364
3398 4449
3399 3237
3400 4449
3401 3335
3402 3021
3403 164
3404 140
3405 3235
3406 52
3407 132
3408 52
3409 150
3410 150
3411 143
3412 4422
3413 3241
3414 3237
3415 4409
3416 4440
3417 4422
3418 4327
3419 4422
3420 3318
3421 4418
3422 143
3423 52
3424 4248
3425 132
3426 140
3427 4360
3428 3322
3429 3268
3430 166
3431 3154
3432 3235
3433 3235
3434 140
3435 3138
3436 3146
3437 4547
3438 4454
3439 4581
3440 4167
3441 4142
3442 4318
3443 4547
3444 4547
3445 4581
3446 3489
3447 3506
3448 3455
3449 3506
3450 4591
3451 4596
3452 4596
3453 4547
3454 4548
3455 4561
3456 4587
3457 4535
3458 4597
3459 4533
3460 4405
3461 4252
3462 4405
3463 4250
3464 4405
3465 4405
3466 4252
3467 4454
3468 4252
3469 4454
3470 4454
3471 4315
3472 4240
3473 4454
3474 4252
3475 4311
3476 4252
3477 4405
3478 4380
3479 4253
3480 4399
3481 4408
3482 4250
3483 4167
3484 4179
3485 4405
3486 4250
3487 4380
3488 4166
3489 4581
3490 3497
3491 3497
3492 3431
3493 3497
3494 3489
3495 4547
3496 4591
3497 4577
3498 4599
3499 3507
3500 4356
3501 4599
3502 4557
3503 4600
3504 4590
3505 3484
3506 3498
3507 3484
3508 3444
3509 4600
3510 3498
3511 4142
3512 3397
3513 4576
3514 4142
3515 3396
3516 4491
3517 4557
3518 3512
3519 3400
3520 4488
3521 4493
3522 4357
3523 4166
3524 4356
3525 4268
3526 4375
3527 4175
3528 4179
3529 4344
3530 4181
3531 4492
3532 4343
3533 4602
3534 4375
3535 3400
3536 4405
3537 4253
3538 4253
3539 4375
3540 4356
3541 4345
3542 4142
3543 3396
3544 4535
3545 4492
3546 4142
3547 4375
3548 4356
3549 4166
3550 4193
3551 4193
3552 4411
3553 4399
3554 4408
3555 4311
3556 4408
3557 4399
3558 4160
3559 4251
3560 4251
3561 4251
3562 4405
3563 4253
3564 4405
3565 4179
3566 3485
3567 4167
3568 4491
3569 4538
3570 4408
3571 4356
3572 4599
3573 4493
3574 4342
3575 4356
3576 4356
3577 3041
3578 4600
3579 4315
3580 4315
3581 4311
3582 4454
3583 4315
3584 4406
3585 4240
3586 4128
3587 4393
3588 4240
3589 4406
3590 4405
3591 4809
3592 3497
3593 4791
3594 3412
3595 4809
3596 4608
3597 4718
3598 4719
3599 4716
3600 4709
3601 4709
3602 4714
3603 4704
3604 4813
3605 4716
3606 4704
3607 4813
3608 4714
3609 4608
3610 4718
3611 4707
3612 4702
3613 4702
3614 4714
3615 4714
3616 4714
3617 4699
3618 4702
3619 4714
3620 4809
3621 4762
3622 4762
3623 3628
3624 4593
3625 4478
3626 4533
3627 4542
3628 4796
3629 4471
3630 4796
3631 4541
3632 3506
3633 3503
3634 3455
3635 4542
3636 4507
3637 4596
3638 4517
3639 4534
3640 3638
3641 3503
3642 3638
3643 3449
3644 3628
3645 3441
3646 4479
3647 4533
3648 4522
3649 4564
3650 4537
3651 4533
3652 4501
3653 3506
3654 3706
3655 3841
3656 3525
3657 4798
3658 4732
3659 4706
3660 3841
3661 3841
3662 3525
3663 4706
3664 4720
3665 4736
3666 3765
3667 4785
3668 3719
3669 4668
3670 4736
3671 4729
3672 4734
3673 4668
3674 4726
3675 4734
3676 4668
3677 4729
3678 4791
3679 4670
3680 4736
3681 3735
3682 3525
3683 3765
3684 4785
3685 4736
3686 3719
3687 3525
3688 3823
3689 3765
3690 4800
3691 4729
3692 4736
3693 4648
3694 4667
3695 4667
3696 4805
3697 4507
3698 4471
3699 4669
3700 4666
3701 3575
3702 4470
3703 4470
3704 4471
3705 4475
3706 4478
3707 4523
3708 4592
3709 4514
3710 4461
3711 4507
3712 4515
3713 3412
3714 4486
3715 3497
3716 4601
3717 3400
3718 3484
3719 3400
3720 4714
3721 4813
3722 4714
3723 4701
3724 3525
3725 4734
3726 3633
3727 4550
3728 4705
3729 3841
3730 3841
3731 4705
3732 4705
3733 4705
3734 4717
3735 4700
3736 4774
3737 4715
3738 4785
3739 4667
3740 4805
3741 3735
3742 3528
3743 3735
3744 4669
3745 3642
3746 3642
3747 3642
3748 3634
3749 4517
3750 3704
3751 3638
3752 3628
3753 4471
3754 4507
3755 4461
3756 4542
3757 3449
3758 3706
3759 4523
3760 4541
3761 3441
3762 4534
3763 4517
3764 3634
3765 4478
3766 4669
3767 4479
3768 4471
3769 4790
3770 4785
3771 4708
3772 4562
3773 3441
3774 4522
3775 4813
3776 4704
3777 4648
3778 4705
3779 4718
3780 3841
3781 4729
3782 4810
3783 4930
3784 4859
3785 4891
3786 4930
3787 4633
3788 4828
3789 4825
3790 4613
3791 4625
3792 4625
3793 4813
3794 4762
3795 4622
3796 4719
3797 4809
3798 4808
3799 4627
3800 4761
3801 4764
3802 4719
3803 4685
3804 4684
3805 4685
3806 4930
3807 4891
3808 4891
3809 4930
3810 4905
3811 4930
3812 4890
3813 4856
3814 4890
3815 4930
3816 4855
3817 4901
3818 4860
3819 4930
3820 4915
3821 4854
3822 4930
3823 4858
3824 4858
3825 4901
3826 4891
3827 4882
3828 4906
3829 4638
3830 4637
3831 4936
3832 4638
3833 4818
3834 4831
3835 4632
3836 4636
3837 4934
3838 4890
3839 4936
3840 4632
3841 4632
3842 4637
3843 4825
3844 4890
3845 4905
3846 4820
3847 4818
3848 4828
3849 4851
3850 4928
3851 3448
3852 4905
3853 4908
3854 4936
3855 4628
3856 4621
3857 4614
3858 4831
3859 4852
3860 4916
3861 4918
3862 4638
3863 4936
3864 4750
3865 4625
3866 4626
3867 4632
3868 4936
3869 4626
3870 4763
3871 4626
3872 4622
3873 4621
3874 4812
3875 4803
3876 4936
3877 4828
3878 4829
3879 4637
3880 4936
3881 4935
3882 4914
3883 4828
3884 4928
3885 4637
3886 4637
3887 4633
3888 4633
3889 4625
3890 4637
3891 4808
3892 4761
3893 4814
3894 4624
3895 4890
3896 4890
3897 4882
3898 4750
3899 4628
3900 4814
3901 4764
3902 4831
3903 4828
3904 4831
3905 4638
3906 4934
3907 4622
3908 4625
3909 4811
3910 4812
3911 4831
3912 4626
3913 4626
3914 4626
3915 4622
3916 4828
3917 4812
3918 4619
3919 4619
3920 4627
3921 4761
3922 4829
3923 4828
3924 4852
3925 4852
3926 4617
3927 4818
3928 4831
3929 4685
3930 4684
3931 4719
3932 4852
3933 4852
3934 4813
3935 4803
3936 4685
3937 4621
3938 4621
3939 4808
3940 4811
3941 4626
3942 5074
3943 5152
3944 5074
3945 5036
3946 5074
3947 5074
3948 5010
3949 5143
3950 5074
3951 5036
3952 5143
3953 5074
3954 5074
3955 5074
3956 5074
3957 5074
3958 5074
3959 5074
3960 5074
3961 5074
3962 5074
3963 5032
3964 4848
3965 5031
3966 4904
3967 4909
3968 4858
3969 5084
3970 5032
3971 5143
3972 5143
3973 5074
3974 4856
3975 5074
3976 5074
3977 5031
3978 5074
3979 5074
3980 3370
3981 5010
3982 5074
3983 5074
3984 5074
3985 5032
3986 5074
3987 5074
3988 5074
3989 5074
3990 5074
3991 5074
3992 5074
3993 5074
3994 5074
3995 5074
3996 5074
3997 5074
3998 5074
3999 5074
4000 5074
4001 5074
4002 5074
4003 5074
4004 5074
4005 5074
4006 5074
4007 5074
4008 5074
4009 5074
4010 5074
4011 5074
4012 5083
4013 5009
4014 5074
4015 5074
4016 4909
4017 5074
4018 5074
4019 5074
4020 5074
4021 5088
4022 5074
4023 5074
4024 5074
4025 5074
4026 5074
4027 4891
4028 5074
4029 5074
4030 5074
4031 5074
4032 5074
4033 5074
4034 5009
4035 5074
4036 5032
4037 5074
4038 5074
4039 5074
4040 5074
4041 5074
4042 4904
4043 4929
4044 5084
4045 4904
4046 4860
4047 4837
4048 4904
4049 5083
4050 5074
4051 5074
4052 5074
4053 5145
4054 5143
4055 5074
4056 4846
4057 5070
4058 4904
4059 4856
4060 5074
4061 5074
4062 4915
4063 5083
4064 5074
4065 5074
4066 5074
4067 5074
4068 5074
4069 5074
4070 5074
4071 5074
4072 5074
4073 5074
4074 5074
4075 5074
4076 5074
4077 5074
4078 5074
4079 5074
4080 5074
4081 5074
4082 5074
4083 5074
4084 5074
4085 5074
4086 5074
4087 5074
4088 5074
4089 5145
4090 5143
4091 5158
4092 5036
4093 5145
4094 5031
4095 5143
4096 5145
4097 4891
4098 4856
4099 5145
4100 5031
4101 5032
4102 4915
4103 4891
4104 5010
4105 4891
4106 4849
4107 5074
4108 5104
4109 5074
4110 5074
4111 5104
4112 5074
4113 5074
4114 5074
4115 5074
4116 5074
4117 5074
4118 5074
4119 5074
4120 5074
4121 5074
4122 5074
4123 5074
4124 5074
4125 5074
4126 5074
4127 5074
4128 5074
4129 5074
4130 5074
4131 5074
4132 5074
4133 5074
4134 5074
4135 5074
4136 4904
4137 4909
4138 5074
4139 3579
4140 5010
4141 5158
4142 5074
4143 5074
4144 5074
4145 5074
4146 5074
4147 5074
4148 5074
4149 4848
4150 4229
4151 41
4152 3710
4153 3235
4154 150
4155 41
4156 41
4157 4364
4158 218
4159 150
4160 3154
4161 139
4162 4317
4163 4266
4164 4242
4165 4243
4166 4435
4167 4435
4168 4408
4169 4439
4170 4315
4171 4317
4172 4315
4173 4442
4174 4454
4175 4315
4176 4243
4177 4438
4178 4441
4179 4266
4180 4442
4181 4242
4182 4240
4183 4433
4184 4266
4185 4408
4186 4442
4187 103
4188 67
4189 4418
4190 4275
4191 207
4192 110
4193 4203
4194 4426
4195 4437
4196 3159
4197 3026
4198 4450
4199 3153
4200 3283
4201 3283
4202 3283
4203 3116
4204 3283
4205 4310
4206 4203
4207 4270
4208 4203
4209 4312
4210 3159
4211 4312
4212 3283
4213 41
4214 41
4215 94
4216 95
4217 41
4218 41
4219 41
4220 41
4221 41
4222 41
4223 25
4224 3159
4225 4428
4226 4117
4227 41
4228 41
4229 3592
4230 41
4231 41
4232 41
4233 3718
4234 3592
4235 3611
4236 3611
4237 41
4238 3611
4239 3617
4240 3235
4241 3235
4242 41
4243 41
4244 4364
4245 3235
4246 3235
4247 3235
4248 164
4249 4239
4250 4239
4251 3235
4252 3235
4253 3235
4254 140
4255 150
4256 4362
4257 3327
4258 3235
4259 41
4260 3268
4261 4362
4262 3268
4263 3235
4264 4248
4265 150
4266 150
4267 185
4268 197
4269 185
4270 106
4271 3617
4272 3617
4273 218
4274 3235
4275 3235
4276 3235
4277 3235
4278 4360
4279 0
4280 3235
4281 4248
4282 4427
4283 185
4284 211
4285 110
4286 4422
4287 3159
4288 185
4289 212
4290 222
4291 232
4292 218
4293 3235
4294 213
4295 218
4296 222
4297 185
4298 213
4299 3592
4300 41
4301 3592
4302 3611
4303 3611
4304 4364
4305 3327
4306 4366
4307 41
4308 3718
4309 3611
4310 41
4311 3592
4312 3592
4313 41
4314 3611
4315 3268
4316 3611
4317 4362
4318 4452
4319 218
4320 37
4321 30
4322 4119
4323 214
4324 4413
4325 4417
4326 4455
4327 3152
4328 3274
4329 3137
4330 3270
4331 70
4332 4455
4333 3358
4334 41
4335 41
4336 41
4337 41
4338 41
4339 41
4340 41
4341 4364
4342 41
4343 41
4344 41
4345 41
4346 4445
4347 164
4348 212
4349 185
4350 4424
4351 4360
4352 41
4353 41
4354 4445
4355 3592
4356 3710
4357 41
4358 41
4359 3592
4360 3592
4361 3592
4362 4266
4363 4312
4364 4438
4365 4438
4366 4438
4367 4315
4368 3151
4369 4232
4370 4447
4371 3116
4372 4243
4373 3116
4374 3115
4375 4442
4376 3026
4377 4243
4378 4437
4379 4437
4380 4331
4381 4313
4382 106
4383 4266
4384 4442
4385 4412
4386 197
4387 4424
4388 197
4389 218
4390 211
4391 95
4392 41
4393 4278
4394 4333
4395 4426
4396 3830
4397 3710
4398 3592
4399 41
4400 3592
4401 3358
4402 3159
4403 3710
4404 3710
4405 3592
4406 41
4407 3159
4408 41
4409 110
4410 103
4411 4367
4412 103
4413 106
4414 3217
4415 207
4416 207
4417 37
4418 3185
4419 207
4420 212
4421 207
4422 232
4423 3356
4424 164
4425 212
4426 3235
4427 212
4428 164
4429 200
4430 150
4431 177
4432 213
4433 110
4434 207
4435 103
4436 103
4437 103
4438 212
4439 106
4440 107
4441 212
4442 212
4443 204
4444 3154
4445 4239
4446 150
4447 3268
4448 4248
4449 3138
4450 204
4451 3350
4452 3154
4453 3024
4454 3235
4455 4360
4456 4455
4457 164
4458 4579
4459 4506
4460 3466
4461 4115
4462 4569
4463 4579
4464 4506
4465 4573
4466 3501
4467 3500
4468 3501
4469 3424
4470 3501
4471 4457
4472 4570
4473 4545
4474 4579
4475 4573
4476 4545
4477 4545
4478 4569
4479 4529
4480 4571
4481 4116
4482 4408
4483 4401
4484 4399
4485 4250
4486 4250
4487 4408
4488 4408
4489 4318
4490 4311
4491 4454
4492 4454
4493 4408
4494 4240
4495 4158
4496 4194
4497 4194
4498 4401
4499 4157
4500 4405
4501 4335
4502 4399
4503 4166
4504 4393
4505 4436
4506 4316
4507 4429
4508 4495
4509 3423
4510 3459
4511 3442
4512 3442
4513 3444
4514 4457
4515 4495
4516 4506
4517 4457
4518 4481
4519 4165
4520 4120
4521 4140
4522 4497
4523 4140
4524 3504
4525 3469
4526 3464
4527 3466
4528 4165
4529 4124
4530 4140
4531 4497
4532 3444
4533 4345
4534 4178
4535 4140
4536 4120
4537 4602
4538 4143
4539 4139
4540 4140
4541 4178
4542 4163
4543 4131
4544 4166
4545 4166
4546 4193
4547 4169
4548 4181
4549 4344
4550 4142
4551 4181
4552 4142
4553 4157
4554 4139
4555 4175
4556 4398
4557 4398
4558 3038
4559 4359
4560 3040
4561 4136
4562 4143
4563 4498
4564 4139
4565 3394
4566 4165
4567 4131
4568 4159
4569 4163
4570 4401
4571 4266
4572 4252
4573 4436
4574 4406
4575 4318
4576 4408
4577 4401
4578 4336
4579 4251
4580 4159
4581 4387
4582 4434
4583 4165
4584 4159
4585 3394
4586 4434
4587 4120
4588 4554
4589 4406
4590 4251
4591 4494
4592 4497
4593 4351
4594 4121
4595 3494
4596 4121
4597 4345
4598 4315
4599 4177
4600 4318
4601 4315
4602 4311
4603 4250
4604 4454
4605 4346
4606 4181
4607 4240
4608 4408
4609 4311
4610 4768
4611 3500
4612 3719
4613 4730
4614 4755
4615 4708
4616 4710
4617 4711
4618 4692
4619 4690
4620 4813
4621 4686
4622 4813
4623 4813
4624 4677
4625 4753
4626 4768
4627 4689
4628 4710
4629 4710
4630 4702
4631 4712
4632 4710
4633 4710
4634 4692
4635 4687
4636 4714
4637 4708
4638 4692
4639 4753
4640 4681
4641 4684
4642 4681
4643 4498
4644 3386
4645 4570
4646 3628
4647 4806
4648 4554
4649 3628
4650 4568
4651 3573
4652 4464
4653 3503
4654 4498
4655 3444
4656 3628
4657 4540
4658 3628
4659 4571
4660 3685
4661 3449
4662 3628
4663 3441
4664 4579
4665 3560
4666 3503
4667 4511
4668 3634
4669 3573
4670 4568
4671 4652
4672 4579
4673 4481
4674 4481
4675 3441
4676 3841
4677 4754
4678 4754
4679 4770
4680 3841
4681 3525
4682 3841
4683 3525
4684 4775
4685 4780
4686 4645
4687 3642
4688 4675
4689 4724
4690 3836
4691 4640
4692 4786
4693 4780
4694 4755
4695 4786
4696 4779
4697 4780
4698 4675
4699 3634
4700 4780
4701 3811
4702 4781
4703 4786
4704 3540
4705 4639
4706 3737
4707 4779
4708 3823
4709 3658
4710 3719
4711 4640
4712 4786
4713 4780
4714 4643
4715 4513
4716 4511
4717 3634
4718 3692
4719 3628
4720 3634
4721 3573
4722 3692
4723 3635
4724 3634
4725 3573
4726 3573
4727 4526
4728 4526
4729 4532
4730 4511
4731 4530
4732 4739
4733 3698
4734 3504
4735 4497
4736 4140
4737 4497
4738 3444
4739 4135
4740 4754
4741 4690
4742 4753
4743 4690
4744 4776
4745 3765
4746 3642
4747 3445
4748 4771
4749 4713
4750 3841
4751 3841
4752 4773
4753 4770
4754 4771
4755 4773
4756 4771
4757 4773
4758 4780
4759 4640
4760 3719
4761 3719
4762 3719
4763 3719
4764 3540
4765 3642
4766 3628
4767 3642
4768 3692
4769 3561
4770 3561
4771 3636
4772 3691
4773 3690
4774 3628
4775 3573
4776 3386
4777 3386
4778 3386
4779 4458
4780 4525
4781 4570
4782 3386
4783 4529
4784 3565
4785 4525
4786 4529
4787 4792
4788 3573
4789 4792
4790 4776
4791 4773
4792 4690
4793 3503
4794 3565
4795 4707
4796 4786
4797 4693
4798 4775
4799 4770
4800 4773
4801 4677
4802 4821
4803 4821
4804 4632
4805 4613
4806 4889
4807 4757
4808 3448
4809 4625
4810 4762
4811 4767
4812 4683
4813 4612
4814 4677
4815 4764
4816 4761
4817 4627
4818 4760
4819 4756
4820 4719
4821 4719
4822 4676
4823 4759
4824 4876
4825 4818
4826 4818
4827 4945
4828 4887
4829 4945
4830 4886
4831 4878
4832 4890
4833 4923
4834 4876
4835 4866
4836 4874
4837 4868
4838 4852
4839 4852
4840 4928
4841 4818
4842 4823
4843 4632
4844 4751
4845 4627
4846 4751
4847 4833
4848 4823
4849 4750
4850 4918
4851 4828
4852 4936
4853 4638
4854 4615
4855 4935
4856 4942
4857 4751
4858 4926
4859 4636
4860 4606
4861 4615
4862 4629
4863 4628
4864 4747
4865 4926
4866 4636
4867 4747
4868 4616
4869 4631
4870 4624
4871 4757
4872 4757
4873 4629
4874 4751
4875 4758
4876 4676
4877 4758
4878 4757
4879 4757
4880 4756
4881 4676
4882 4632
4883 4613
4884 4828
4885 4889
4886 4606
4887 4751
4888 4615
4889 4823
4890 4638
4891 4942
4892 4831
4893 4636
4894 4606
4895 4624
4896 4629
4897 4625
4898 4906
4899 4638
4900 4637
4901 4628
4902 4629
4903 4757
4904 4758
4905 4908
4906 4751
4907 4615
4908 4758
4909 4756
4910 4616
4911 4757
4912 4767
4913 4822
4914 4638
4915 4758
4916 4757
4917 4757
4918 4757
4919 4631
4920 4612
4921 4756
4922 4751
4923 4624
4924 4888
4925 4914
4926 4632
4927 4637
4928 4823
4929 4820
4930 3366
4931 4676
4932 4690
4933 4690
4934 4821
4935 4636
4936 4676
4937 4767
4938 4624
4939 4758
4940 4757
4941 4629
4942 4873
4943 4873
4944 5068
4945 4837
4946 4873
4947 4861
4948 4893
4949 4843
4950 5106
4951 4873
4952 5106
4953 5106
4954 5106
4955 5106
4956 5106
4957 4938
4958 5106
4959 5097
4960 5097
4961 5106
4962 4873
4963 4924
4964 4868
4965 4924
4966 4896
4967 4924
4968 4924
4969 4893
4970 4925
4971 4938
4972 4873
4973 4925
4974 4938
4975 4872
4976 4871
4977 4871
4978 4895
4979 4873
4980 4925
4981 4938
4982 5068
4983 4938
4984 4894
4985 4938
4986 4938
4987 4932
4988 4843
4989 4873
4990 5106
4991 5097
4992 5106
4993 5097
4994 5066
4995 5106
4996 5106
4997 5106
4998 5068
4999 5106
5000 5068
5001 5106
5002 5068
5003 5106
5004 5067
5005 4843
5006 5068
5007 5106
5008 4937
5009 5106
5010 5008
5011 4872
5012 5083
5013 5067
5014 4843
5015 4874
5016 4851
5017 4891
5018 5083
5019 5106
5020 5008
5021 4863
5022 4931
5023 4872
5024 4892
5025 5067
5026 4984
5027 4893
5028 4896
5029 4851
5030 5083
5031 5106
5032 5068
5033 4850
5034 5083
5035 5067
5036 4843
5037 4819
5038 4871
5039 4894
5040 4937
5041 5068
5042 5097
5043 4843
5044 3448
5045 4895
5046 4947
5047 4924
5048 4873
5049 4819
5050 4937
5051 5106
5052 4924
5053 4924
5054 4892
5055 4819
5056 4924
5057 5106
5058 4938
5059 4875
5060 4915
5061 4858
5062 4843
5063 4855
5064 5019
5065 5106
5066 5068
5067 4871
5068 4837
5069 4871
5070 4937
5071 5066
5072 5106
5073 4871
5074 4937
5075 5068
5076 5067
5077 5106
5078 5068
5079 4937
5080 4938
5081 4938
5082 5083
5083 5097
5084 5068
5085 5106
5086 5106
5087 5106
5088 4873
5089 4924
5090 4873
5091 4868
5092 4924
5093 4924
5094 4924
5095 4873
5096 4874
5097 4874
5098 4873
5099 4873
5100 4924
5101 4876
5102 4886
5103 4925
5104 4874
5105 4855
5106 4869
5107 4915
5108 4891
5109 4861
5110 4854
5111 5067
5112 4870
5113 4915
5114 5067
5115 4904
5116 4861
5117 4843
5118 5067
5119 4843
5120 5069
5121 5069
5122 5106
5123 5083
5124 5106
5125 5106
5126 5106
5127 5008
5128 5106
5129 5008
5130 5019
5131 4871
5132 4861
5133 4837
5134 4837
5135 5067
5136 4937
5137 4937
5138 4938
5139 5066
5140 4837
5141 5067
5142 4874
5143 4893
5144 4875
5145 4871
5146 4925
5147 4925
5148 4873
5149 4931
5150 5083
5151 5083
5152 5083
5153 5083
5154 5083
5155 4874
5156 940
5157 940
5158 1918
5159 2724
5160 2724
5161 2724
5162 2724
5163 2641
5164 2650
5165 2650
5166 3617
5167 3710
5168 3617
5169 3617
5170 3611
5171 4933
5172 5074
5173 5074
5174 5074
5175 4856
5176 3617
5177 3611
5178 3617
5179 4924
5180 4924
5181 4924
5182 940
5183 940
5184 2183
5185 1891
5186 2183
5187 2650
5188 2641
5189 2650
5190 2724
5191 2724
5192 2646
5193 2650
5194 3617
5195 3617
5196 3617
5197 3611
5198 41
5199 4360
5200 3592
5201 3617
5202 5031
5203 5074
5204 3710
5205 3611
5206 3617
5207 41
5208 4924
5209 4924
