0 1627
1 1597
2 1597
3 834
4 1620
5 1626
6 1620
7 1597
8 1630
9 1597
10 1596
11 1597
12 1630
13 1627
14 1627
15 1813
16 1824
17 1627
18 1627
19 1817
20 1613
21 1584
22 2704
23 1620
24 1613
25 1603
26 1809
27 1603
28 1613
29 1806
30 1813
31 1620
32 1613
33 1620
34 1584
35 4119
36 1634
37 1634
38 1631
39 1597
40 1597
41 1634
42 1628
43 1627
44 1630
45 1631
46 1631
47 1627
48 1630
49 1627
50 1627
51 1627
52 1785
53 1630
54 1627
55 1630
56 1817
57 1809
58 1809
59 1627
60 3607
61 3552
62 3552
63 3552
64 3552
65 3552
66 3552
67 3607
68 3607
69 3607
70 3607
71 3607
72 3607
73 3607
74 3607
75 3607
76 3552
77 3607
78 3607
79 3607
80 3607
81 3803
82 3559
83 3803
84 3607
85 3779
86 3789
87 3801
88 3559
89 3793
90 3803
91 3607
92 3565
93 3607
94 3607
95 3607
96 3607
97 3552
98 3552
99 3607
100 3607
101 3607
102 3607
103 3607
104 3565
105 3565
106 3560
107 3565
108 3607
109 3607
110 3607
111 3565
112 3607
113 3559
114 3607
115 5073
116 5073
117 790
118 5073
119 1813
120 1626
121 1626
122 1626
123 1785
124 5073
125 5073
126 1785
127 1785
128 1785
129 5073
130 1806
131 1806
132 1809
133 1806
134 1809
135 5073
136 1806
137 5073
138 5073
139 1806
140 1809
141 1627
142 1627
143 1785
144 1813
145 1806
146 3607
147 3607
148 3607
149 3607
150 3607
151 3607
152 3607
153 3607
154 3607
155 2197
156 2197
157 2197
158 2197
159 2197
160 2197
161 2197
162 2197
163 2197
164 2197
165 2197
166 2197
167 2174
168 2174
169 2197
170 2197
171 6
172 2197
173 2197
174 2197
175 6
176 6
177 2197
178 2197
179 6
180 6
181 2197
182 2174
183 2174
184 2197
185 2197
186 2197
187 2174
188 2197
189 2197
190 2197
191 2197
192 2197
193 2197
194 2197
195 2197
196 2197
197 3607
198 3607
199 3607
200 3607
201 3607
202 3607
203 3607
204 3607
205 3607
206 3607
207 3607
208 3607
209 3607
210 3607
211 3607
212 3607
213 3607
214 2174
215 2174
216 2174
217 2174
218 2174
219 2174
220 2120
221 2174
222 2174
223 2174
224 2174
225 2174
226 2174
227 2174
228 2174
229 2174
230 2174
231 2174
232 2174
233 2174
234 3565
235 3565
236 3565
237 3607
238 3607
239 3607
240 2197
241 2197
242 2197
243 2197
244 2174
245 2174
246 2197
247 2197
248 2197
249 2197
250 2197
251 2197
252 2197
253 2197
254 2197
255 2197
256 2197
257 650
258 650
259 650
260 650
261 650
262 650
263 2197
264 650
265 2197
266 650
267 2197
268 650
269 2197
270 650
271 1765
272 650
273 650
274 3559
275 3559
276 3559
277 3559
278 3559
279 3803
280 3565
281 3559
282 3801
283 3559
284 3565
285 3559
286 3559
287 3565
288 3565
289 3565
290 1630
291 1627
292 1627
293 1630
294 1630
295 1630
296 1630
297 1626
298 1630
299 1630
300 1628
301 5073
302 1628
303 1630
304 5073
305 5073
306 5074
307 5074
308 5002
309 1628
310 1628
311 1630
312 1627
313 1628
314 1630
315 1628
316 5073
317 5073
318 1626
319 3558
320 3560
321 3560
322 3558
323 3787
324 3789
325 3801
326 3779
327 3789
328 3558
329 3793
330 3788
331 3787
332 3788
333 3551
334 3548
335 3548
336 3551
337 3788
338 3802
339 650
340 650
341 650
342 650
343 650
344 650
345 686
346 650
347 650
348 2139
349 686
350 650
351 686
352 686
353 650
354 650
355 650
356 1765
357 1765
358 1765
359 650
360 650
361 650
362 1765
363 650
364 1765
365 1765
366 1765
367 1765
368 1765
369 1765
370 650
371 2065
372 2120
373 2120
374 2120
375 650
376 650
377 2343
378 2343
379 2343
380 2343
381 2343
382 2343
383 2331
384 1936
385 2343
386 2343
387 2343
388 1936
389 2343
390 2343
391 2331
392 2343
393 2343
394 3554
395 3554
396 3554
397 3554
398 3554
399 3554
400 3554
401 3554
402 3554
403 3631
404 3554
405 3554
406 3554
407 3554
408 3554
409 3554
410 3554
411 3554
412 3554
413 3554
414 3554
415 3554
416 3554
417 3554
418 3554
419 3554
420 3554
421 3554
422 3554
423 3631
424 3554
425 2343
426 2343
427 2343
428 3099
429 1355
430 3099
431 3109
432 3109
433 1465
434 1413
435 1302
436 1413
437 1409
438 2666
439 3097
440 1409
441 1457
442 1409
443 3095
444 3095
445 3109
446 1413
447 1414
448 2248
449 2248
450 1413
451 1413
452 1413
453 2248
454 2248
455 2248
456 3099
457 2248
458 2248
459 1413
460 2248
461 2248
462 2248
463 2248
464 2248
465 2248
466 2248
467 2248
468 2248
469 3094
470 3095
471 3099
472 2248
473 2248
474 3099
475 3099
476 3095
477 1346
478 2666
479 2972
480 2746
481 2666
482 2666
483 2242
484 1346
485 2690
486 2690
487 1409
488 2343
489 2343
490 2343
491 2343
492 2343
493 2343
494 2343
495 2343
496 2343
497 2343
498 2331
499 1936
500 2343
501 2343
502 2334
503 2331
504 2129
505 2071
506 2071
507 2129
508 2129
509 2129
510 2129
511 2071
512 2071
513 2129
514 2070
515 2103
516 2071
517 2105
518 2106
519 2103
520 2142
521 2144
522 2107
523 2107
524 2107
525 2129
526 2129
527 2133
528 511
529 2107
530 2107
531 2104
532 2107
533 2045
534 2129
535 3554
536 3554
537 3554
538 3554
539 3554
540 3554
541 3554
542 3554
543 3631
544 2334
545 2146
546 2142
547 2069
548 2069
549 2142
550 2039
551 686
552 686
553 686
554 686
555 2143
556 2142
557 2146
558 2039
559 2139
560 686
561 686
562 686
563 650
564 686
565 650
566 2149
567 657
568 686
569 650
570 686
571 650
572 650
573 650
574 650
575 650
576 650
577 650
578 650
579 650
580 650
581 650
582 650
583 650
584 650
585 650
586 3631
587 3631
588 3631
589 3631
590 3631
591 3631
592 3554
593 3554
594 3631
595 3631
596 3631
597 3631
598 2334
599 4047
600 3631
601 3631
602 3554
603 3554
604 3631
605 3554
606 3554
607 3631
608 650
609 650
610 650
611 650
612 650
613 650
614 650
615 650
616 650
617 650
618 650
619 650
620 650
621 650
622 650
623 650
624 3548
625 3550
626 3550
627 3548
628 3550
629 1762
630 1763
631 1714
632 1762
633 1763
634 1732
635 3548
636 3558
637 3558
638 3788
639 3551
640 3551
641 1933
642 1845
643 1845
644 503
645 1843
646 1936
647 1936
648 2331
649 2343
650 2331
651 1936
652 1936
653 1933
654 1933
655 1936
656 1936
657 1845
658 550
659 588
660 583
661 11
662 82
663 551
664 33
665 550
666 33
667 1845
668 516
669 2343
670 2343
671 2343
672 2343
673 1936
674 1936
675 2343
676 2343
677 2343
678 2343
679 2343
680 3631
681 3631
682 3788
683 1762
684 3642
685 3549
686 1764
687 1712
688 1721
689 1721
690 1719
691 1735
692 1719
693 1713
694 1717
695 1762
696 3642
697 1712
698 1712
699 3550
700 1762
701 3549
702 3546
703 3788
704 3779
705 3787
706 3779
707 3793
708 3789
709 3788
710 3789
711 3779
712 3558
713 3792
714 834
715 834
716 1596
717 1597
718 1634
719 1596
720 1596
721 1597
722 834
723 834
724 1596
725 1597
726 834
727 1160
728 1170
729 1337
730 1170
731 1160
732 1170
733 1596
734 5048
735 5048
736 1596
737 847
738 813
739 834
740 854
741 1160
742 818
743 834
744 1337
745 1337
746 858
747 1596
748 834
749 650
750 650
751 650
752 650
753 650
754 650
755 650
756 650
757 650
758 650
759 650
760 650
761 686
762 686
763 686
764 686
765 650
766 650
767 650
768 650
769 686
770 652
771 686
772 2146
773 686
774 1765
775 1765
776 1765
777 1765
778 686
779 686
780 1302
781 1139
782 1139
783 1162
784 1139
785 1302
786 1302
787 1139
788 1430
789 2248
790 566
791 1162
792 1162
793 542
794 566
795 1162
796 1162
797 1139
798 1302
799 1430
800 2248
801 2248
802 2248
803 2248
804 2248
805 2248
806 2248
807 2248
808 2248
809 2248
810 666
811 622
812 622
813 622
814 622
815 622
816 615
817 666
818 666
819 622
820 623
821 2104
822 623
823 654
824 666
825 666
826 666
827 666
828 666
829 666
830 666
831 666
832 666
833 666
834 666
835 1627
836 5074
837 5074
838 1634
839 1627
840 1662
841 1634
842 1630
843 1670
844 1670
845 5073
846 1631
847 1627
848 1609
849 1605
850 1627
851 1627
852 1626
853 1626
854 1630
855 1630
856 1620
857 1814
858 1620
859 1613
860 1615
861 1809
862 1809
863 1613
864 1603
865 1626
866 1626
867 1613
868 1603
869 1584
870 2692
871 2692
872 2720
873 2952
874 4119
875 4119
876 3690
877 2691
878 3690
879 1584
880 1597
881 1597
882 1597
883 1630
884 1823
885 1630
886 1634
887 1626
888 1626
889 1626
890 1620
891 1620
892 1626
893 1630
894 1634
895 1626
896 1620
897 1630
898 1413
899 1413
900 2248
901 1413
902 1430
903 2248
904 1430
905 1413
906 1412
907 3097
908 1413
909 2248
910 2248
911 2248
912 2248
913 2248
914 2248
915 2248
916 2248
917 2248
918 1414
919 2248
920 3099
921 2316
922 3233
923 2316
924 3097
925 3086
926 3110
927 2248
928 2248
929 3110
930 2248
931 2248
932 2248
933 2248
934 2248
935 2248
936 2248
937 2248
938 2248
939 2248
940 3123
941 3123
942 2975
943 3124
944 3124
945 3127
946 3124
947 3124
948 3039
949 2975
950 3124
951 2975
952 3043
953 2975
954 3124
955 622
956 622
957 622
958 1348
959 622
960 623
961 2975
962 1347
963 1347
964 1353
965 1356
966 615
967 3129
968 3110
969 3129
970 3123
971 3127
972 2975
973 2975
974 2975
975 3124
976 2975
977 622
978 666
979 663
980 666
981 666
982 666
983 654
984 654
985 622
986 617
987 612
988 2141
989 2144
990 2141
991 612
992 622
993 622
994 2141
995 2141
996 612
997 3232
998 2938
999 2938
1000 2938
1001 2938
1002 2938
1003 2938
1004 2938
1005 2938
1006 4666
1007 2938
1008 4666
1009 2612
1010 2612
1011 2612
1012 2950
1013 2938
1014 2612
1015 2942
1016 2950
1017 2942
1018 2938
1019 3232
1020 2319
1021 2319
1022 3233
1023 3233
1024 2938
1025 3225
1026 2938
1027 2938
1028 2319
1029 1405
1030 2319
1031 2319
1032 1346
1033 1346
1034 1346
1035 1407
1036 1405
1037 1346
1038 2249
1039 3233
1040 2319
1041 2319
1042 2319
1043 2319
1044 2319
1045 2969
1046 2942
1047 2687
1048 2746
1049 2945
1050 2242
1051 1346
1052 2242
1053 2945
1054 2969
1055 1430
1056 1430
1057 2248
1058 2248
1059 2248
1060 2248
1061 2248
1062 1430
1063 2248
1064 2248
1065 2248
1066 2248
1067 2248
1068 2248
1069 2248
1070 2248
1071 2248
1072 2248
1073 1302
1074 2248
1075 1302
1076 1430
1077 2248
1078 2248
1079 2248
1080 1430
1081 666
1082 666
1083 1430
1084 1356
1085 2248
1086 2250
1087 666
1088 666
1089 2248
1090 1430
1091 2248
1092 2248
1093 2248
1094 2248
1095 2248
1096 2248
1097 2248
1098 1356
1099 2248
1100 2248
1101 2248
1102 2248
1103 2248
1104 2248
1105 2248
1106 2248
1107 666
1108 1356
1109 1356
1110 2248
1111 2248
1112 2248
1113 2248
1114 2248
1115 2248
1116 1517
1117 1531
1118 1991
1119 1531
1120 1531
1121 1517
1122 3278
1123 4986
1124 5073
1125 5080
1126 4971
1127 4947
1128 3278
1129 5080
1130 1517
1131 5089
1132 5080
1133 3480
1134 5080
1135 3278
1136 4590
1137 4590
1138 4603
1139 4361
1140 4522
1141 4361
1142 4685
1143 3934
1144 4685
1145 4685
1146 4685
1147 4685
1148 4685
1149 4590
1150 4590
1151 4361
1152 4590
1153 4603
1154 4590
1155 4522
1156 4659
1157 4685
1158 4685
1159 3971
1160 4685
1161 4685
1162 4361
1163 4675
1164 4659
1165 4522
1166 4522
1167 4659
1168 4659
1169 4659
1170 4659
1171 4659
1172 4659
1173 4522
1174 4659
1175 4522
1176 4522
1177 4659
1178 4361
1179 4361
1180 4685
1181 4361
1182 4659
1183 4659
1184 4361
1185 4361
1186 4685
1187 1977
1188 4361
1189 4659
1190 4361
1191 4659
1192 4659
1193 4659
1194 4361
1195 4361
1196 4361
1197 4659
1198 4361
1199 4361
1200 4685
1201 1977
1202 1977
1203 4660
1204 1977
1205 1977
1206 1977
1207 4361
1208 4659
1209 4675
1210 4659
1211 4659
1212 4659
1213 4361
1214 4659
1215 4659
1216 4361
1217 4361
1218 4361
1219 4361
1220 4361
1221 4361
1222 4361
1223 4361
1224 4361
1225 4361
1226 4361
1227 4361
1228 4361
1229 4361
1230 4685
1231 4685
1232 4361
1233 4361
1234 4361
1235 4361
1236 4361
1237 4685
1238 4685
1239 4685
1240 4685
1241 4361
1242 4361
1243 2197
1244 2197
1245 2197
1246 2197
1247 2197
1248 2197
1249 2197
1250 2197
1251 2174
1252 2174
1253 2174
1254 2174
1255 2082
1256 2174
1257 2174
1258 2174
1259 2174
1260 2197
1261 2197
1262 2197
1263 2197
1264 2197
1265 2197
1266 2197
1267 2197
1268 2197
1269 2197
1270 2197
1271 2197
1272 2174
1273 650
1274 2174
1275 2174
1276 2094
1277 2094
1278 2174
1279 2174
1280 2174
1281 2174
1282 1765
1283 650
1284 650
1285 650
1286 650
1287 1765
1288 1765
1289 650
1290 2174
1291 1765
1292 650
1293 1765
1294 1765
1295 2174
1296 2174
1297 2197
1298 2085
1299 2082
1300 2094
1301 2082
1302 2094
1303 2082
1304 2082
1305 2082
1306 2085
1307 2082
1308 2082
1309 2082
1310 2124
1311 2066
1312 2066
1313 2065
1314 2085
1315 2085
1316 2067
1317 2066
1318 2065
1319 2082
1320 2082
1321 2082
1322 2082
1323 2082
1324 2540
1325 3001
1326 3001
1327 3001
1328 3001
1329 2540
1330 3001
1331 2540
1332 2540
1333 2540
1334 2540
1335 2540
1336 2540
1337 255
1338 259
1339 259
1340 259
1341 259
1342 259
1343 255
1344 255
1345 411
1346 470
1347 255
1348 420
1349 259
1350 255
1351 255
1352 255
1353 259
1354 420
1355 470
1356 255
1357 411
1358 255
1359 255
1360 255
1361 255
1362 259
1363 255
1364 259
1365 2540
1366 259
1367 259
1368 259
1369 2540
1370 2540
1371 259
1372 2540
1373 255
1374 255
1375 420
1376 373
1377 255
1378 4666
1379 4133
1380 4666
1381 4666
1382 4666
1383 3690
1384 1811
1385 1804
1386 3690
1387 1791
1388 4133
1389 4666
1390 4666
1391 4666
1392 4666
1393 4666
1394 1811
1395 1811
1396 4133
1397 4666
1398 1900
1399 4666
1400 1900
1401 1900
1402 2613
1403 2613
1404 2613
1405 2614
1406 1900
1407 1900
1408 2613
1409 2613
1410 1900
1411 556
1412 521
1413 1900
1414 4666
1415 1900
1416 2613
1417 2618
1418 2618
1419 2613
1420 3250
1421 2618
1422 2602
1423 1900
1424 4666
1425 4666
1426 2938
1427 2938
1428 2602
1429 2540
1430 2540
1431 2540
1432 2540
1433 2540
1434 2540
1435 2540
1436 2540
1437 2540
1438 2540
1439 2540
1440 2540
1441 2540
1442 2540
1443 259
1444 2540
1445 2071
1446 2071
1447 2069
1448 2066
1449 2071
1450 2071
1451 2071
1452 2071
1453 2071
1454 2129
1455 2129
1456 861
1457 2129
1458 2557
1459 861
1460 861
1461 865
1462 2129
1463 2129
1464 2129
1465 2129
1466 861
1467 2129
1468 2129
1469 259
1470 255
1471 255
1472 255
1473 255
1474 255
1475 255
1476 255
1477 259
1478 255
1479 255
1480 255
1481 259
1482 255
1483 255
1484 255
1485 259
1486 259
1487 2540
1488 262
1489 2094
1490 2082
1491 2082
1492 2082
1493 2082
1494 2082
1495 2082
1496 2082
1497 2082
1498 2082
1499 2082
1500 2082
1501 2082
1502 2094
1503 2174
1504 2174
1505 2094
1506 2082
1507 2082
1508 2082
1509 2174
1510 2174
1511 2174
1512 2174
1513 650
1514 2174
1515 2174
1516 2174
1517 2174
1518 2174
1519 2174
1520 2094
1521 2094
1522 2094
1523 2094
1524 2174
1525 259
1526 259
1527 255
1528 259
1529 255
1530 259
1531 373
1532 255
1533 255
1534 255
1535 259
1536 259
1537 259
1538 259
1539 2540
1540 2540
1541 262
1542 262
1543 262
1544 259
1545 255
1546 255
1547 255
1548 411
1549 255
1550 259
1551 259
1552 255
1553 296
1554 255
1555 255
1556 259
1557 262
1558 259
1559 259
1560 259
1561 262
1562 255
1563 262
1564 259
1565 259
1566 2540
1567 2540
1568 259
1569 2540
1570 259
1571 262
1572 2103
1573 2103
1574 2107
1575 2070
1576 2105
1577 2071
1578 2071
1579 2069
1580 2103
1581 2069
1582 2139
1583 686
1584 2143
1585 2146
1586 686
1587 2069
1588 2082
1589 2082
1590 2082
1591 2069
1592 2071
1593 2071
1594 2069
1595 2039
1596 2174
1597 650
1598 650
1599 650
1600 2082
1601 2082
1602 2082
1603 2082
1604 2119
1605 2119
1606 650
1607 650
1608 650
1609 650
1610 650
1611 650
1612 4581
1613 4660
1614 4673
1615 4673
1616 4672
1617 4672
1618 4581
1619 4581
1620 4660
1621 3934
1622 4660
1623 4660
1624 4660
1625 3934
1626 4660
1627 4660
1628 4581
1629 4581
1630 4581
1631 4581
1632 4581
1633 4660
1634 4660
1635 4581
1636 4673
1637 4672
1638 4673
1639 4673
1640 4673
1641 3001
1642 3001
1643 1420
1644 1831
1645 1420
1646 3001
1647 3001
1648 3001
1649 3001
1650 3001
1651 3001
1652 1412
1653 3001
1654 3001
1655 3001
1656 4660
1657 4660
1658 4581
1659 4660
1660 4672
1661 4581
1662 4673
1663 4581
1664 4660
1665 4660
1666 4660
1667 4660
1668 4660
1669 4660
1670 4581
1671 4660
1672 4660
1673 4660
1674 4660
1675 4660
1676 4660
1677 1977
1678 4660
1679 1791
1680 4986
1681 4963
1682 5089
1683 4963
1684 4986
1685 4963
1686 4963
1687 1791
1688 1791
1689 1791
1690 1791
1691 1791
1692 1806
1693 4986
1694 5080
1695 1806
1696 1806
1697 1806
1698 1806
1699 1806
1700 1806
1701 1806
1702 1806
1703 1806
1704 1765
1705 650
1706 2082
1707 1765
1708 1765
1709 1765
1710 1765
1711 1765
1712 1765
1713 686
1714 2082
1715 2082
1716 2082
1717 2082
1718 2082
1719 2082
1720 2082
1721 2139
1722 2613
1723 2707
1724 2707
1725 2614
1726 2707
1727 2702
1728 2614
1729 2708
1730 2685
1731 2708
1732 2713
1733 2707
1734 1900
1735 1900
1736 2614
1737 2613
1738 2613
1739 2613
1740 2613
1741 1900
1742 2613
1743 1900
1744 2613
1745 2618
1746 2614
1747 2613
1748 2613
1749 2707
1750 2702
1751 242
1752 2221
1753 2708
1754 247
1755 2203
1756 163
1757 2203
1758 163
1759 2221
1760 2702
1761 2685
1762 2745
1763 2678
1764 2758
1765 2720
1766 2686
1767 2129
1768 2129
1769 2129
1770 2071
1771 2071
1772 2129
1773 2745
1774 2129
1775 2073
1776 861
1777 2772
1778 2107
1779 2759
1780 2758
1781 2759
1782 2129
1783 2106
1784 2686
1785 2758
1786 2720
1787 5086
1788 790
1789 5073
1790 5073
1791 5073
1792 5073
1793 5073
1794 5074
1795 1558
1796 5002
1797 1558
1798 1571
1799 3480
1800 5002
1801 5005
1802 1571
1803 3504
1804 3491
1805 3504
1806 1571
1807 1558
1808 5083
1809 5089
1810 5086
1811 5073
1812 1558
1813 5073
1814 5089
1815 5089
1816 3491
1817 3480
1818 5089
1819 5078
1820 5083
1821 1605
1822 5073
1823 1611
1824 1603
1825 5073
1826 1603
1827 1626
1828 1809
1829 1581
1830 1605
1831 5073
1832 1605
1833 1626
1834 1605
1835 1613
1836 1900
1837 1900
1838 4666
1839 2612
1840 3232
1841 2319
1842 2937
1843 2937
1844 2319
1845 2942
1846 3232
1847 2942
1848 2942
1849 2319
1850 3232
1851 2612
1852 4666
1853 2938
1854 2938
1855 1900
1856 1900
1857 2602
1858 2602
1859 2938
1860 2938
1861 2938
1862 2938
1863 4666
1864 4666
1865 4666
1866 1811
1867 1811
1868 1811
1869 4666
1870 4666
1871 1900
1872 1900
1873 1900
1874 1898
1875 2716
1876 2707
1877 1900
1878 2614
1879 2614
1880 2614
1881 2707
1882 2614
1883 2614
1884 2707
1885 2656
1886 2613
1887 2613
1888 2613
1889 3250
1890 2656
1891 2614
1892 2707
1893 2707
1894 2614
1895 2613
1896 2656
1897 2613
1898 1900
1899 2707
1900 2713
1901 2707
1902 1900
1903 1898
1904 2614
1905 1900
1906 1900
1907 1900
1908 1900
1909 1900
1910 2613
1911 1900
1912 2614
1913 1900
1914 2197
1915 2197
1916 2197
1917 2197
1918 2197
1919 2197
1920 2197
1921 2197
1922 2197
1923 2197
1924 2197
1925 2197
1926 2197
1927 2197
1928 4685
1929 4685
1930 4361
1931 4685
1932 1977
1933 1977
1934 1977
1935 4660
1936 4660
1937 1977
1938 2614
1939 2614
1940 2614
1941 2614
1942 2614
1943 2618
1944 2614
1945 2613
1946 2620
1947 2772
1948 2706
1949 2686
1950 2685
1951 2707
1952 2713
1953 2713
1954 2703
1955 2713
1956 2686
1957 2614
1958 2707
1959 2707
1960 2713
1961 2704
1962 2685
1963 2713
1964 2707
1965 2707
1966 2614
1967 2614
1968 2613
1969 2707
1970 2618
1971 2613
1972 2618
1973 3246
1974 2707
1975 2707
1976 2614
1977 2613
1978 2685
1979 2713
1980 2685
1981 2707
1982 2707
1983 2713
1984 2702
1985 2713
1986 2221
1987 2702
1988 2685
1989 2702
1990 2707
1991 2685
1992 1809
1993 1603
1994 1631
1995 5073
1996 1662
1997 1670
1998 1670
1999 1661
2000 1105
2001 1662
2002 1662
2003 1670
2004 1670
2005 5073
2006 5074
2007 5073
2008 5083
2009 5073
2010 5007
2011 1558
2012 5078
2013 1662
2014 5073
2015 1626
2016 1628
2017 3607
2018 3560
2019 3803
2020 3789
2021 3787
2022 3793
2023 3565
2024 3558
2025 3787
2026 3607
2027 3607
2028 3607
2029 3565
2030 3607
2031 3565
2032 3607
2033 3801
2034 3801
2035 3793
2036 3792
2037 3785
2038 3607
2039 3559
2040 3803
2041 3552
2042 3552
2043 3552
2044 3552
2045 3552
2046 3552
2047 3552
2048 3565
2049 3607
2050 3565
2051 3787
2052 3560
2053 3607
2054 3787
2055 3558
2056 3560
2057 6
2058 2197
2059 2174
2060 2193
2061 2120
2062 2120
2063 2120
2064 2124
2065 2120
2066 2120
2067 2120
2068 2120
2069 2193
2070 2179
2071 2174
2072 2197
2073 3607
2074 3607
2075 3607
2076 3607
2077 3607
2078 3565
2079 3607
2080 3607
2081 3607
2082 3607
2083 3607
2084 2174
2085 2197
2086 650
2087 1765
2088 1765
2089 1765
2090 1765
2091 1765
2092 1765
2093 650
2094 1765
2095 3607
2096 3801
2097 3801
2098 3803
2099 2124
2100 2124
2101 2124
2102 2120
2103 2120
2104 2066
2105 2120
2106 3790
2107 650
2108 1765
2109 1765
2110 650
2111 1765
2112 2334
2113 2343
2114 2334
2115 2343
2116 2343
2117 2343
2118 2334
2119 2334
2120 2343
2121 3631
2122 2343
2123 3631
2124 3631
2125 3554
2126 3554
2127 3732
2128 3631
2129 3554
2130 3554
2131 3554
2132 3554
2133 3554
2134 3732
2135 3732
2136 3554
2137 3732
2138 3732
2139 3631
2140 2343
2141 2334
2142 2334
2143 3554
2144 3554
2145 3732
2146 3554
2147 3732
2148 3639
2149 3631
2150 2249
2151 2249
2152 3095
2153 1346
2154 2249
2155 2249
2156 3095
2157 3094
2158 3099
2159 2250
2160 3099
2161 3095
2162 3095
2163 2242
2164 1346
2165 2249
2166 1933
2167 1868
2168 1843
2169 516
2170 33
2171 1933
2172 1936
2173 1936
2174 1845
2175 1933
2176 503
2177 33
2178 1936
2179 1936
2180 2331
2181 2343
2182 2331
2183 1936
2184 1936
2185 3554
2186 3554
2187 3554
2188 3554
2189 3554
2190 3554
2191 3554
2192 3554
2193 3554
2194 3554
2195 3554
2196 3554
2197 3554
2198 3554
2199 3554
2200 3554
2201 3554
2202 3554
2203 3554
2204 3554
2205 3554
2206 3554
2207 2129
2208 2129
2209 2133
2210 3041
2211 2133
2212 861
2213 861
2214 3124
2215 3124
2216 2975
2217 3124
2218 3124
2219 2129
2220 3631
2221 3554
2222 3554
2223 3554
2224 3631
2225 3554
2226 3554
2227 3554
2228 3554
2229 3554
2230 3554
2231 3554
2232 3554
2233 686
2234 686
2235 657
2236 650
2237 650
2238 650
2239 650
2240 650
2241 650
2242 650
2243 650
2244 650
2245 650
2246 650
2247 650
2248 650
2249 650
2250 3554
2251 3554
2252 3554
2253 3554
2254 3554
2255 3554
2256 3554
2257 3554
2258 3554
2259 2334
2260 3631
2261 2343
2262 3631
2263 3631
2264 2343
2265 2343
2266 2343
2267 3631
2268 3554
2269 3554
2270 3554
2271 3554
2272 3631
2273 3554
2274 3554
2275 2334
2276 3554
2277 3554
2278 3554
2279 3554
2280 3554
2281 3554
2282 3554
2283 2144
2284 2045
2285 2102
2286 612
2287 2141
2288 2115
2289 2045
2290 2331
2291 2343
2292 1936
2293 1936
2294 1936
2295 2331
2296 2343
2297 1936
2298 1936
2299 1936
2300 1933
2301 1936
2302 1936
2303 1933
2304 650
2305 1721
2306 1719
2307 1727
2308 1734
2309 1740
2310 1728
2311 1718
2312 1737
2313 1731
2314 1731
2315 1735
2316 1740
2317 1734
2318 1729
2319 1715
2320 1736
2321 3550
2322 3788
2323 3551
2324 1733
2325 1715
2326 1732
2327 1735
2328 1724
2329 1652
2330 1728
2331 1729
2332 1747
2333 1722
2334 1653
2335 1652
2336 1737
2337 1728
2338 1646
2339 1729
2340 3548
2341 3548
2342 3550
2343 3551
2344 3788
2345 3788
2346 3779
2347 3558
2348 2133
2349 622
2350 622
2351 622
2352 2133
2353 2133
2354 511
2355 622
2356 622
2357 622
2358 622
2359 615
2360 615
2361 622
2362 2133
2363 622
2364 2104
2365 2104
2366 33
2367 2343
2368 2343
2369 1936
2370 2331
2371 2331
2372 1843
2373 1845
2374 1933
2375 3546
2376 3549
2377 3550
2378 3549
2379 3549
2380 3551
2381 3551
2382 3788
2383 3546
2384 3550
2385 1707
2386 3547
2387 1729
2388 1721
2389 1734
2390 1713
2391 1764
2392 3788
2393 1337
2394 1170
2395 1337
2396 1337
2397 1170
2398 818
2399 1170
2400 1170
2401 1337
2402 1337
2403 1337
2404 1337
2405 1336
2406 1337
2407 1337
2408 1337
2409 1337
2410 1170
2411 2248
2412 2248
2413 2248
2414 2248
2415 2248
2416 2248
2417 2248
2418 2248
2419 2248
2420 2248
2421 2248
2422 2248
2423 2248
2424 2248
2425 2248
2426 2248
2427 2248
2428 2248
2429 2248
2430 2248
2431 2248
2432 2248
2433 2248
2434 2248
2435 2248
2436 2248
2437 2248
2438 2248
2439 2248
2440 2248
2441 2248
2442 2248
2443 2248
2444 2248
2445 2248
2446 2248
2447 2248
2448 2248
2449 2248
2450 2248
2451 2248
2452 1139
2453 1162
2454 1162
2455 1139
2456 1146
2457 1162
2458 1162
2459 1139
2460 1302
2461 2248
2462 2248
2463 2248
2464 1302
2465 1162
2466 566
2467 548
2468 607
2469 566
2470 566
2471 1302
2472 2248
2473 2248
2474 2248
2475 2248
2476 2248
2477 2248
2478 2248
2479 2248
2480 2248
2481 2248
2482 663
2483 666
2484 666
2485 666
2486 666
2487 666
2488 666
2489 666
2490 666
2491 666
2492 615
2493 1634
2494 1627
2495 1634
2496 1626
2497 1630
2498 1634
2499 1597
2500 1634
2501 1596
2502 1597
2503 1634
2504 1634
2505 5073
2506 1571
2507 1571
2508 1237
2509 3504
2510 1237
2511 1571
2512 3504
2513 1571
2514 1323
2515 1571
2516 1558
2517 5002
2518 1560
2519 5002
2520 5002
2521 5073
2522 1571
2523 1558
2524 5002
2525 5002
2526 1560
2527 1321
2528 1571
2529 1479
2530 1479
2531 1662
2532 1630
2533 1626
2534 1630
2535 1626
2536 1634
2537 1596
2538 1597
2539 1597
2540 1160
2541 1634
2542 1634
2543 1630
2544 1630
2545 1581
2546 4119
2547 2971
2548 2951
2549 3232
2550 2942
2551 2942
2552 2942
2553 2951
2554 4666
2555 2942
2556 3232
2557 2942
2558 3232
2559 3232
2560 2971
2561 2969
2562 2746
2563 2971
2564 2969
2565 3232
2566 2319
2567 1405
2568 1405
2569 2319
2570 2319
2571 2319
2572 2319
2573 2319
2574 3232
2575 2319
2576 2319
2577 2719
2578 2690
2579 2690
2580 2690
2581 1170
2582 2690
2583 2746
2584 2670
2585 2720
2586 1409
2587 2746
2588 2690
2589 2690
2590 2666
2591 1409
2592 2972
2593 2666
2594 1407
2595 2319
2596 2319
2597 2319
2598 2319
2599 2319
2600 2319
2601 3232
2602 3232
2603 2319
2604 2319
2605 2319
2606 2319
2607 2319
2608 3233
2609 2319
2610 3233
2611 3233
2612 3233
2613 2975
2614 3127
2615 3233
2616 2319
2617 2319
2618 3233
2619 3233
2620 3233
2621 3110
2622 3110
2623 2250
2624 3110
2625 3233
2626 3233
2627 3233
2628 666
2629 663
2630 666
2631 3110
2632 1356
2633 666
2634 615
2635 3233
2636 3110
2637 3123
2638 2249
2639 3123
2640 2250
2641 1347
2642 3110
2643 3233
2644 3233
2645 3233
2646 2975
2647 3123
2648 3233
2649 3233
2650 666
2651 666
2652 666
2653 615
2654 615
2655 615
2656 666
2657 666
2658 615
2659 621
2660 859
2661 2135
2662 615
2663 615
2664 621
2665 2129
2666 859
2667 859
2668 859
2669 859
2670 1302
2671 862
2672 862
2673 1153
2674 1139
2675 1162
2676 878
2677 1153
2678 1153
2679 650
2680 666
2681 615
2682 666
2683 2133
2684 1302
2685 666
2686 1430
2687 1356
2688 1353
2689 666
2690 1356
2691 1356
2692 2248
2693 666
2694 1430
2695 1806
2696 1806
2697 1806
2698 1809
2699 1603
2700 1806
2701 1806
2702 1806
2703 1809
2704 1806
2705 1806
2706 1806
2707 1791
2708 1806
2709 1806
2710 1806
2711 1806
2712 1806
2713 1806
2714 1806
2715 1809
2716 1791
2717 5080
2718 4660
2719 4660
2720 4660
2721 4660
2722 4672
2723 4672
2724 4673
2725 4673
2726 1977
2727 4522
2728 4522
2729 4522
2730 4522
2731 4659
2732 4522
2733 4522
2734 4522
2735 4659
2736 4659
2737 4361
2738 4361
2739 4675
2740 6
2741 6
2742 4361
2743 4361
2744 4361
2745 4675
2746 4409
2747 4659
2748 4522
2749 4522
2750 4522
2751 4659
2752 4361
2753 4675
2754 4361
2755 4361
2756 4685
2757 4361
2758 4685
2759 4361
2760 4685
2761 1977
2762 1977
2763 4685
2764 4685
2765 4361
2766 2179
2767 1626
2768 1626
2769 5073
2770 1626
2771 1626
2772 1626
2773 5073
2774 1626
2775 5073
2776 1626
2777 4764
2778 5074
2779 5074
2780 1813
2781 1626
2782 5073
2783 1626
2784 4660
2785 4660
2786 4660
2787 4660
2788 4660
2789 4660
2790 4660
2791 4660
2792 4660
2793 4660
2794 4660
2795 4660
2796 4660
2797 4660
2798 4660
2799 2179
2800 2085
2801 2179
2802 2179
2803 2540
2804 2540
2805 2540
2806 2540
2807 2540
2808 2540
2809 2540
2810 2540
2811 2540
2812 2540
2813 2540
2814 259
2815 259
2816 259
2817 2540
2818 2540
2819 2540
2820 2540
2821 2540
2822 259
2823 255
2824 255
2825 255
2826 255
2827 259
2828 2540
2829 259
2830 411
2831 420
2832 255
2833 259
2834 255
2835 255
2836 411
2837 411
2838 255
2839 395
2840 420
2841 255
2842 255
2843 4666
2844 1900
2845 1900
2846 1900
2847 4666
2848 4666
2849 1900
2850 4666
2851 2612
2852 2612
2853 2950
2854 4666
2855 4666
2856 2687
2857 2612
2858 2938
2859 2540
2860 3001
2861 1465
2862 1412
2863 3001
2864 2540
2865 3001
2866 1412
2867 2540
2868 125
2869 1420
2870 117
2871 117
2872 125
2873 1465
2874 125
2875 125
2876 2540
2877 2540
2878 2540
2879 2540
2880 1465
2881 2540
2882 2540
2883 2540
2884 2540
2885 420
2886 470
2887 470
2888 296
2889 2129
2890 262
2891 470
2892 420
2893 411
2894 255
2895 2082
2896 2094
2897 255
2898 420
2899 470
2900 255
2901 296
2902 296
2903 2071
2904 2540
2905 2540
2906 3001
2907 2540
2908 2540
2909 3001
2910 3001
2911 2540
2912 4673
2913 4605
2914 4372
2915 4372
2916 4673
2917 4583
2918 4605
2919 4605
2920 4673
2921 4583
2922 4605
2923 4673
2924 4605
2925 4372
2926 4605
2927 2071
2928 117
2929 3001
2930 3001
2931 3001
2932 125
2933 125
2934 1465
2935 125
2936 125
2937 125
2938 125
2939 125
2940 63
2941 63
2942 125
2943 125
2944 125
2945 63
2946 2540
2947 262
2948 2540
2949 262
2950 259
2951 2540
2952 2540
2953 2540
2954 2540
2955 2540
2956 2540
2957 3001
2958 2540
2959 1412
2960 125
2961 117
2962 1465
2963 3001
2964 3001
2965 2540
2966 4673
2967 4673
2968 4605
2969 4372
2970 4605
2971 4673
2972 4673
2973 4605
2974 4605
2975 4583
2976 4673
2977 4673
2978 4673
2979 4673
2980 4673
2981 4673
2982 4673
2983 4673
2984 4673
2985 4673
2986 4673
2987 4672
2988 4673
2989 4673
2990 4583
2991 4672
2992 4581
2993 1791
2994 1806
2995 1806
2996 4963
2997 1791
2998 2082
2999 2082
3000 2082
3001 650
3002 2203
3003 148
3004 148
3005 148
3006 148
3007 148
3008 148
3009 148
3010 148
3011 148
3012 148
3013 163
3014 80
3015 2221
3016 163
3017 163
3018 242
3019 2685
3020 2707
3021 2614
3022 2613
3023 2707
3024 2613
3025 2713
3026 2221
3027 2713
3028 2710
3029 247
3030 2203
3031 2221
3032 2686
3033 2704
3034 2221
3035 2221
3036 2703
3037 2713
3038 2686
3039 2682
3040 2713
3041 2686
3042 2758
3043 2703
3044 2704
3045 2686
3046 1571
3047 2656
3048 2614
3049 2613
3050 511
3051 2104
3052 2104
3053 2107
3054 2045
3055 623
3056 511
3057 511
3058 2611
3059 2611
3060 2975
3061 3043
3062 2937
3063 2977
3064 3039
3065 2938
3066 2563
3067 2938
3068 2563
3069 2772
3070 2557
3071 2106
3072 2772
3073 2760
3074 2759
3075 2758
3076 2713
3077 2703
3078 2758
3079 2758
3080 2759
3081 2221
3082 2221
3083 2710
3084 2221
3085 2221
3086 2221
3087 2704
3088 2704
3089 2207
3090 2207
3091 2207
3092 2207
3093 80
3094 2221
3095 2207
3096 2207
3097 214
3098 80
3099 214
3100 2207
3101 2207
3102 2221
3103 2221
3104 247
3105 2702
3106 80
3107 247
3108 163
3109 2203
3110 80
3111 163
3112 148
3113 163
3114 148
3115 148
3116 148
3117 127
3118 80
3119 2685
3120 2614
3121 2759
3122 861
3123 2759
3124 2621
3125 2772
3126 2617
3127 2707
3128 2602
3129 2938
3130 2938
3131 2938
3132 2938
3133 3246
3134 2618
3135 2938
3136 2938
3137 2938
3138 3232
3139 2207
3140 2207
3141 2207
3142 2207
3143 2207
3144 2207
3145 2221
3146 4921
3147 4921
3148 1788
3149 1801
3150 1670
3151 4921
3152 4921
3153 1597
3154 4904
3155 1670
3156 4904
3157 4921
3158 1596
3159 1788
3160 1670
3161 1670
3162 1670
3163 1670
3164 1819
3165 1669
3166 1669
3167 1662
3168 1056
3169 1056
3170 1662
3171 1241
3172 3552
3173 3552
3174 3552
3175 3552
3176 3607
3177 3607
3178 3552
3179 3552
3180 3552
3181 3552
3182 3552
3183 3607
3184 3552
3185 3607
3186 3607
3187 3607
3188 3607
3189 3607
3190 3607
3191 3607
3192 3607
3193 3607
3194 1788
3195 5074
3196 4764
3197 3787
3198 3788
3199 3788
3200 3551
3201 3551
3202 3549
3203 650
3204 650
3205 3631
3206 3554
3207 3554
3208 3554
3209 3554
3210 3732
3211 3732
3212 3732
3213 3732
3214 3631
3215 2690
3216 2670
3217 2661
3218 2704
3219 2670
3220 2697
3221 2690
3222 2690
3223 2690
3224 2705
3225 2704
3226 2690
3227 2661
3228 1337
3229 2697
3230 2721
3231 1337
3232 1304
3233 2343
3234 2343
3235 2331
3236 1936
3237 3732
3238 3732
3239 3554
3240 2066
3241 3039
3242 1351
3243 3554
3244 3554
3245 3732
3246 3732
3247 3554
3248 3554
3249 3789
3250 1729
3251 1723
3252 1745
3253 1744
3254 1641
3255 1646
3256 1737
3257 1731
3258 1734
3259 1719
3260 2143
3261 2078
3262 652
3263 508
3264 627
3265 652
3266 686
3267 686
3268 627
3269 1634
3270 1817
3271 4792
3272 1662
3273 4904
3274 1670
3275 4904
3276 4921
3277 1597
3278 1631
3279 5048
3280 1788
3281 1170
3282 2684
3283 1160
3284 1160
3285 1627
3286 2746
3287 2690
3288 1765
3289 1765
3290 1765
3291 1765
3292 1765
3293 1765
3294 1765
3295 1765
3296 1765
3297 1765
3298 1765
3299 1765
3300 1765
3301 1765
3302 1765
3303 3558
3304 3779
3305 2248
3306 2248
3307 2248
3308 2248
3309 2248
3310 2248
3311 2248
3312 2248
3313 2248
3314 2250
3315 3099
3316 2248
3317 2250
3318 2248
3319 2248
3320 2250
3321 3094
3322 2249
3323 2249
3324 3094
3325 2250
3326 2250
3327 2250
3328 2250
3329 1806
3330 4522
3331 4522
3332 4522
3333 4522
3334 4522
3335 4660
3336 4660
3337 4660
3338 4581
3339 4660
3340 4660
3341 4660
3342 2540
3343 2540
3344 2540
3345 255
3346 2540
3347 2613
3348 2613
3349 2613
3350 2613
3351 1900
3352 1900
3353 1900
3354 1900
3355 1900
3356 1900
3357 2613
3358 2613
3359 2618
3360 1900
3361 2618
3362 2618
3363 3250
3364 2618
3365 2618
3366 2618
3367 2618
3368 2618
3369 2618
3370 2618
3371 2618
3372 2618
3373 2618
3374 2065
3375 2085
3376 2125
3377 2124
3378 2125
3379 2071
3380 420
3381 470
3382 420
3383 470
3384 5134
3385 470
3386 411
3387 255
3388 411
3389 373
3390 420
3391 420
3392 255
3393 420
3394 411
3395 420
3396 470
3397 470
3398 420
3399 2082
3400 650
3401 259
3402 420
3403 296
3404 420
3405 255
3406 255
3407 420
3408 255
3409 2082
3410 4660
3411 1977
3412 4660
3413 1977
3414 4361
3415 4685
3416 4660
3417 2759
3418 3001
3419 2540
3420 2540
3421 2540
3422 2540
3423 3001
3424 1806
3425 1765
3426 686
3427 2141
3428 685
3429 657
3430 1765
3431 686
3432 1765
3433 650
3434 1765
3435 1765
3436 2142
3437 2144
3438 2045
3439 2141
3440 2143
3441 2144
3442 163
3443 148
3444 148
3445 148
3446 148
3447 148
3448 148
3449 148
3450 148
3451 163
3452 163
3453 148
3454 148
3455 127
3456 163
3457 2071
3458 1517
3459 1531
3460 1517
3461 1517
3462 1531
3463 1531
3464 1531
3465 1531
3466 1531
3467 1119
3468 1531
3469 1626
3470 1603
3471 2319
3472 2937
3473 3233
3474 3127
3475 2938
3476 2937
3477 2938
3478 2937
3479 2319
3480 2937
3481 3039
3482 2977
3483 3127
3484 2319
3485 3233
3486 2319
3487 2319
3488 2613
3489 834
3490 834
3491 3552
3492 3552
3493 3552
3494 3607
3495 4764
3496 5073
3497 5073
3498 5073
3499 5073
3500 1936
3501 1936
3502 1936
3503 4145
3504 4145
3505 4145
3506 3732
3507 4145
3508 3554
3509 3554
3510 3554
3511 3554
3512 3732
3513 3554
3514 3554
3515 3554
3516 3560
3517 1762
3518 3550
3519 1762
3520 1762
3521 1714
3522 1763
3523 1712
3524 1721
3525 1712
3526 1762
3527 1707
3528 1732
3529 1727
3530 1701
3531 3789
3532 1707
3533 1731
3534 1729
3535 1725
3536 1735
3537 1727
3538 1765
3539 548
3540 548
3541 607
3542 607
3543 600
3544 607
3545 559
3546 559
3547 551
3548 559
3549 566
3550 607
3551 600
3552 566
3553 1347
3554 1347
3555 1352
3556 1353
3557 1353
3558 615
3559 1662
3560 1662
3561 1056
3562 3683
3563 1056
3564 1056
3565 1056
3566 1321
3567 1662
3568 1670
3569 1670
3570 1116
3571 1662
3572 622
3573 3127
3574 3127
3575 3124
3576 3233
3577 3043
3578 3232
3579 2617
3580 3225
3581 3225
3582 2557
3583 2557
3584 2557
3585 2557
3586 3225
3587 3225
3588 3233
3589 2690
3590 3607
3591 1302
3592 1153
3593 869
3594 859
3595 1153
3596 878
3597 1153
3598 1185
3599 548
3600 1153
3601 1153
3602 615
3603 2129
3604 621
3605 621
3606 615
3607 615
3608 2248
3609 859
3610 1153
3611 859
3612 859
3613 1302
3614 859
3615 1153
3616 1162
3617 878
3618 859
3619 859
3620 859
3621 5089
3622 5078
3623 5007
3624 5007
3625 5073
3626 5007
3627 5083
3628 5002
3629 5002
3630 1571
3631 3480
3632 3504
3633 1571
3634 3491
3635 1571
3636 5089
3637 5078
3638 3504
3639 3504
3640 3504
3641 3504
3642 3504
3643 3504
3644 3504
3645 3504
3646 3504
3647 3491
3648 5002
3649 1571
3650 5073
3651 5073
3652 5073
3653 5078
3654 5089
3655 3504
3656 1517
3657 5089
3658 1531
3659 1517
3660 5089
3661 3504
3662 3504
3663 3504
3664 3504
3665 1544
3666 3504
3667 3294
3668 1531
3669 1119
3670 1525
3671 1525
3672 1339
3673 1129
3674 1119
3675 1329
3676 1119
3677 1119
3678 1119
3679 1531
3680 1531
3681 1531
3682 1531
3683 3504
3684 1525
3685 1525
3686 1119
3687 4947
3688 4963
3689 1791
3690 4963
3691 1791
3692 1987
3693 1531
3694 1531
3695 1531
3696 1531
3697 1119
3698 3278
3699 3278
3700 3258
3701 4522
3702 4522
3703 4522
3704 4522
3705 4659
3706 4522
3707 4522
3708 4522
3709 4522
3710 4522
3711 4522
3712 4522
3713 4660
3714 4660
3715 4672
3716 4660
3717 4673
3718 4673
3719 4659
3720 5073
3721 411
3722 420
3723 420
3724 420
3725 255
3726 420
3727 470
3728 296
3729 2071
3730 2540
3731 3001
3732 2082
3733 1791
3734 1811
3735 1806
3736 1806
3737 1811
3738 1809
3739 1809
3740 4581
3741 4672
3742 4672
3743 4672
3744 4673
3745 4672
3746 4581
3747 4673
3748 4673
3749 4673
3750 4673
3751 4581
3752 4581
3753 4660
3754 4660
3755 4673
3756 2613
3757 2614
3758 2614
3759 2707
3760 2221
3761 2144
3762 2938
3763 2938
3764 2938
3765 2938
3766 2938
3767 2938
3768 163
3769 148
3770 148
3771 148
3772 148
3773 148
3774 106
3775 148
3776 148
3777 148
3778 148
3779 127
3780 163
3781 163
3782 214
3783 163
3784 247
3785 80
3786 214
3787 127
3788 2613
3789 2613
3790 2938
3791 2938
3792 2612
3793 2938
3794 2938
3795 2602
3796 2938
3797 2938
3798 2938
3799 2938
3800 1597
3801 1597
3802 3552
3803 3607
3804 3552
3805 3607
3806 3552
3807 3552
3808 1626
3809 5073
3810 503
3811 82
3812 583
3813 551
3814 559
3815 33
3816 82
3817 551
3818 559
3819 559
3820 559
3821 11
3822 3554
3823 3732
3824 3554
3825 3732
3826 3554
3827 3631
3828 548
3829 566
3830 566
3831 1144
3832 548
3833 607
3834 548
3835 600
3836 600
3837 1144
3838 548
3839 600
3840 600
3841 600
3842 600
3843 600
3844 600
3845 600
3846 2248
3847 2752
3848 2761
3849 1791
3850 3607
3851 2334
3852 2334
3853 2343
3854 2334
3855 2334
3856 2334
3857 1765
3858 1302
3859 2248
3860 3554
3861 1302
3862 1765
3863 1765
3864 1765
3865 686
3866 1765
3867 548
3868 548
3869 607
3870 600
3871 600
3872 559
3873 600
3874 602
3875 548
3876 2343
3877 859
3878 2343
3879 2334
3880 2334
3881 2343
3882 11
3883 588
3884 550
3885 33
3886 551
3887 559
3888 551
3889 559
3890 583
3891 559
3892 559
3893 551
3894 551
3895 1139
3896 566
3897 1146
3898 566
3899 1146
3900 548
3901 566
3902 548
3903 548
3904 566
3905 548
3906 869
3907 548
3908 1162
3909 2248
3910 2248
3911 2248
3912 2248
3913 2248
3914 2248
3915 2248
3916 2248
3917 2248
3918 2248
3919 3801
3920 3788
3921 1762
3922 1763
3923 1732
3924 1719
3925 1734
3926 1762
3927 1721
3928 5048
3929 1715
3930 1731
3931 1745
3932 1756
3933 1655
3934 1738
3935 1728
3936 1729
3937 1764
3938 2718
3939 2249
3940 2249
3941 1811
3942 1811
3943 3690
3944 4666
3945 4119
3946 1531
3947 1531
3948 1119
3949 1329
3950 1119
3951 1329
3952 1119
3953 1119
3954 1119
3955 1119
3956 1119
3957 1119
3958 1128
3959 4522
3960 4659
3961 4659
3962 4133
3963 1804
3964 1815
3965 1804
3966 1806
3967 1806
3968 262
3969 262
3970 2540
3971 262
3972 262
3973 2540
3974 262
3975 1765
3976 861
3977 1326
3978 296
3979 117
3980 125
3981 125
3982 106
3983 125
3984 125
3985 125
3986 3001
3987 2618
3988 2618
3989 2618
3990 2618
3991 2613
3992 2613
3993 2613
3994 2618
3995 2618
3996 2613
3997 1900
3998 2702
3999 2710
4000 2704
4001 2703
4002 2686
4003 2686
4004 2207
4005 2540
4006 255
4007 420
4008 5134
4009 470
4010 470
4011 470
4012 470
4013 470
4014 470
4015 470
4016 420
4017 2602
4018 2618
4019 3246
4020 470
4021 420
4022 470
4023 2203
4024 80
4025 214
4026 80
4027 214
4028 163
4029 2207
4030 2221
4031 3039
4032 4660
4033 4673
4034 4673
4035 4605
4036 4605
4037 4605
4038 4372
4039 4673
4040 4372
4041 4685
4042 3934
4043 4361
4044 4659
4045 4659
4046 4685
4047 4659
4048 4581
4049 4581
4050 4581
4051 4672
4052 4581
4053 4673
4054 4673
4055 4673
4056 4673
4057 4673
4058 4673
4059 4583
4060 4605
4061 4372
4062 4672
4063 1811
4064 4133
4065 4666
4066 2687
4067 1815
4068 2720
4069 2713
4070 2938
4071 470
4072 470
4073 470
4074 3552
4075 3552
4076 3554
4077 3732
4078 4165
4079 4145
4080 3732
4081 3554
4082 4145
4083 4165
4084 3554
4085 3554
4086 4145
4087 4145
4088 4145
4089 1845
4090 516
4091 550
4092 1868
4093 588
4094 1843
4095 1845
4096 1843
4097 33
4098 503
4099 1933
4100 1936
4101 503
4102 33
4103 33
4104 1843
4105 1747
4106 1756
4107 1647
4108 1698
4109 1650
4110 1696
4111 1760
4112 1757
4113 3550
4114 2248
4115 2248
4116 2248
4117 3554
4118 3732
4119 3554
4120 1936
4121 33
4122 82
4123 551
4124 559
4125 551
4126 583
4127 583
4128 583
4129 551
4130 33
4131 559
4132 600
4133 600
4134 591
4135 599
4136 607
4137 559
4138 551
4139 559
4140 566
4141 559
4142 559
4143 566
4144 2248
4145 2248
4146 2248
4147 2248
4148 607
4149 600
4150 548
4151 1185
4152 1185
4153 548
4154 548
4155 559
4156 559
4157 559
4158 559
4159 551
4160 559
4161 559
4162 559
4163 1936
4164 3732
4165 3732
4166 3732
4167 3732
4168 4165
4169 4165
4170 3732
4171 3732
4172 4165
4173 3732
4174 3732
4175 3732
4176 3732
4177 3554
4178 3732
4179 4165
4180 559
4181 551
4182 583
4183 588
4184 551
4185 11
4186 559
4187 551
4188 559
4189 559
4190 1765
4191 666
4192 621
4193 600
4194 4165
4195 4145
4196 4145
4197 3732
4198 3732
4199 3732
4200 4145
4201 4145
4202 3732
4203 4145
4204 3732
4205 4145
4206 3732
4207 4145
4208 2334
4209 2334
4210 2334
4211 2334
4212 2334
4213 2334
4214 2334
4215 2334
4216 2334
4217 583
4218 1153
4219 1153
4220 878
4221 559
4222 3554
4223 4145
4224 3732
4225 4145
4226 1936
4227 503
4228 583
4229 3094
4230 3732
4231 2690
4232 1662
4233 5083
4234 1662
4235 5078
4236 1571
4237 3504
4238 3504
4239 3504
4240 1479
4241 3504
4242 3504
4243 1479
4244 3504
4245 1479
4246 1479
4247 1241
4248 1479
4249 1313
4250 3504
4251 1571
4252 1571
4253 5078
4254 5073
4255 5073
4256 1271
4257 1322
4258 1558
4259 1571
4260 5002
4261 3607
4262 3552
4263 3552
4264 3607
4265 3552
4266 3552
4267 3552
4268 3552
4269 3552
4270 3552
4271 3550
4272 1721
4273 1740
4274 1735
4275 1731
4276 1739
4277 1729
4278 1731
4279 1737
4280 1734
4281 1718
4282 1736
4283 1737
4284 1756
4285 1739
4286 1738
4287 1729
4288 1760
4289 1654
4290 1674
4291 1674
4292 1678
4293 1653
4294 1647
4295 1691
4296 1698
4297 1644
4298 1646
4299 1654
4300 1668
4301 1096
4302 1482
4303 1096
4304 1668
4305 1674
4306 1674
4307 1674
4308 1678
4309 1654
4310 1678
4311 1696
4312 1674
4313 1668
4314 1096
4315 1096
4316 1096
4317 1668
4318 1674
4319 1674
4320 1678
4321 1674
4322 1675
4323 1675
4324 1668
4325 1668
4326 1482
4327 1096
4328 1674
4329 1096
4330 1668
4331 1482
4332 1482
4333 1482
4334 1482
4335 1096
4336 1462
4337 1096
4338 1482
4339 1462
4340 1468
4341 1468
4342 1468
4343 1468
4344 1468
4345 1462
4346 1462
4347 1462
4348 1482
4349 1698
4350 1694
4351 1678
4352 1678
4353 1644
4354 1653
4355 1648
4356 1691
4357 1674
4358 1668
4359 1482
4360 1482
4361 1482
4362 1096
4363 1462
4364 1675
4365 1096
4366 1096
4367 1674
4368 1674
4369 1096
4370 1668
4371 1096
4372 1675
4373 1096
4374 1482
4375 1462
4376 1468
4377 1462
4378 1468
4379 1468
4380 1468
4381 1468
4382 1078
4383 1482
4384 1468
4385 1650
4386 1468
4387 1468
4388 1078
4389 1468
4390 1045
4391 1482
4392 1468
4393 1468
4394 1482
4395 1482
4396 1468
4397 1482
4398 1482
4399 1482
4400 1482
4401 1096
4402 1482
4403 1096
4404 1482
4405 1096
4406 1482
4407 1482
4408 1468
4409 1482
4410 1482
4411 1468
4412 1482
4413 1078
4414 1045
4415 1482
4416 1482
4417 1482
4418 1045
4419 1045
4420 1482
4421 1468
4422 1482
4423 1482
4424 1078
4425 1468
4426 1045
4427 1045
4428 1045
4429 1097
4430 1045
4431 1669
4432 1669
4433 1669
4434 1669
4435 1097
4436 1045
4437 1045
4438 1045
4439 1045
4440 1078
4441 1468
4442 1045
4443 1078
4444 1045
4445 1116
4446 1078
4447 1468
4448 1078
4449 1468
4450 1468
4451 1045
4452 1045
4453 1045
4454 968
4455 905
4456 1045
4457 968
4458 1045
4459 905
4460 1670
4461 1669
4462 1669
4463 4904
4464 1045
4465 1482
4466 1096
4467 1096
4468 1482
4469 1675
4470 1668
4471 1482
4472 1482
4473 1482
4474 1482
4475 1482
4476 1468
4477 1078
4478 1482
4479 968
4480 905
4481 968
4482 905
4483 1040
4484 1078
4485 1482
4486 1482
4487 1482
4488 1482
4489 1320
4490 968
4491 968
4492 1482
4493 1321
4494 968
4495 1320
4496 1320
4497 1479
4498 1320
4499 1479
4500 1479
4501 3504
4502 3504
4503 3504
4504 1479
4505 3504
4506 1479
4507 1479
4508 1479
4509 1479
4510 1597
4511 1482
4512 4904
4513 4904
4514 5048
4515 5048
4516 4921
4517 4904
4518 1468
4519 1468
4520 1468
4521 1468
4522 1468
4523 1468
4524 1468
4525 968
4526 991
4527 1321
4528 968
4529 1030
4530 900
4531 1468
4532 968
4533 905
4534 1045
4535 1468
4536 1056
4537 969
4538 1078
4539 1468
4540 1468
4541 1468
4542 1482
4543 1462
4544 1647
4545 1674
4546 1668
4547 1674
4548 1678
4549 1674
4550 1654
4551 1674
4552 1668
4553 1096
4554 1678
4555 1652
4556 1756
4557 1724
4558 1691
4559 1648
4560 1654
4561 1646
4562 1721
4563 1705
4564 1668
4565 1482
4566 1096
4567 1482
4568 1482
4569 1482
4570 1482
4571 1078
4572 1116
4573 1116
4574 1670
4575 1748
4576 1724
4577 1641
4578 1678
4579 1675
4580 1674
4581 1668
4582 1653
4583 1482
4584 1056
4585 905
4586 1479
4587 4666
4588 1045
4589 1669
4590 1596
4591 1096
4592 1674
4593 1482
4594 1321
4595 1479
4596 1479
4597 1479
4598 1479
4599 1337
4600 1468
4601 1698
4602 1747
4603 1678
4604 1674
4605 1653
4606 1096
4607 2248
4608 4522
4609 4522
4610 4361
4611 4522
4612 4659
4613 420
4614 470
4615 470
4616 470
4617 470
4618 255
4619 4660
4620 4660
4621 4660
4622 4660
4623 1420
4624 125
4625 1831
4626 1831
4627 1412
4628 3001
4629 5089
4630 3279
4631 5089
4632 2207
4633 3504
4634 3504
4635 3504
4636 3490
4637 3504
4638 3504
4639 3504
4640 3504
4641 3504
4642 3490
4643 3490
4644 1525
4645 1525
4646 3504
4647 1531
4648 3504
4649 1525
4650 1525
4651 1525
4652 1525
4653 1339
4654 3250
4655 2938
4656 2938
4657 2707
4658 148
4659 148
4660 148
4661 148
4662 63
4663 63
4664 148
4665 148
4666 63
4667 63
4668 63
4669 148
4670 148
4671 163
4672 63
4673 63
4674 148
4675 63
4676 106
4677 106
4678 125
4679 125
4680 106
4681 148
4682 1465
4683 125
4684 125
4685 1412
4686 1412
4687 2540
4688 470
4689 470
4690 1420
4691 117
4692 125
4693 125
4694 125
4695 125
4696 106
4697 125
4698 125
4699 125
4700 125
4701 125
4702 125
4703 125
4704 1465
4705 106
4706 106
4707 106
4708 148
4709 148
4710 148
4711 148
4712 148
4713 148
4714 148
4715 106
4716 214
4717 2685
4718 163
4719 163
4720 163
4721 148
4722 148
4723 148
4724 148
4725 148
4726 106
4727 148
4728 106
4729 106
4730 106
4731 148
4732 106
4733 106
4734 63
4735 125
4736 106
4737 106
4738 63
4739 106
4740 106
4741 106
4742 125
4743 125
4744 1831
4745 125
4746 125
4747 125
4748 125
4749 63
4750 63
4751 117
4752 411
4753 470
4754 470
4755 470
4756 420
4757 470
4758 470
4759 470
4760 470
4761 470
4762 470
4763 470
4764 470
4765 470
4766 470
4767 470
4768 125
4769 148
4770 148
4771 148
4772 148
4773 148
4774 63
4775 63
4776 148
4777 148
4778 2221
4779 2207
4780 2207
4781 2207
4782 106
4783 3001
4784 373
4785 470
4786 470
4787 470
4788 470
4789 470
4790 470
4791 470
4792 470
4793 470
4794 470
4795 470
4796 470
4797 470
4798 470
4799 470
4800 470
4801 470
4802 470
4803 470
4804 470
4805 411
4806 470
4807 470
4808 420
4809 470
4810 470
4811 420
4812 259
4813 262
4814 262
4815 262
4816 262
4817 262
4818 262
4819 262
4820 262
4821 2540
4822 148
4823 2540
4824 2602
4825 3504
4826 3504
4827 3486
4828 3504
4829 3486
4830 3504
4831 3486
4832 3499
4833 3486
4834 3491
4835 3491
4836 3504
4837 3493
4838 3486
4839 3504
4840 3490
4841 1338
4842 1339
4843 1338
4844 1533
4845 1338
4846 3490
4847 3491
4848 3499
4849 3504
4850 3491
4851 1561
4852 1561
4853 5084
4854 5084
4855 1561
4856 4932
4857 5084
4858 1561
4859 3491
4860 1561
4861 1338
4862 5084
4863 5043
4864 4908
4865 4932
4866 5043
4867 5091
4868 3491
4869 1561
4870 5091
4871 1561
4872 3491
4873 5084
4874 5084
4875 5084
4876 4932
4877 3491
4878 1338
4879 3491
4880 1561
4881 4999
4882 5043
4883 1560
4884 1561
4885 1338
4886 1338
4887 3491
4888 1339
4889 3499
4890 1119
4891 1128
4892 1119
4893 1329
4894 1338
4895 1119
4896 1119
4897 1119
4898 1119
4899 1119
4900 5084
4901 5045
4902 5029
4903 4864
4904 4864
4905 5027
4906 5043
4907 4999
4908 4932
4909 5043
4910 4864
4911 4830
4912 4830
4913 4864
4914 5045
4915 5045
4916 4864
4917 4830
4918 4864
4919 4864
4920 4864
4921 1560
4922 1567
4923 1339
4924 1567
4925 1561
4926 1567
4927 1560
4928 4999
4929 4908
4930 5043
4931 5084
4932 5084
4933 5045
4934 4830
4935 4830
4936 4864
4937 4864
4938 4864
4939 4830
4940 5043
4941 5041
4942 4864
4943 5029
4944 4864
4945 4830
4946 4830
4947 4830
4948 4830
4949 4830
4950 4830
4951 4830
4952 4830
4953 4830
4954 4830
4955 4830
4956 3717
4957 3712
4958 3717
4959 4830
4960 4830
4961 4830
4962 4830
4963 3717
4964 3717
4965 3712
4966 3712
4967 4830
4968 3717
4969 4830
4970 4830
4971 5029
4972 5027
4973 5043
4974 4999
4975 5043
4976 5084
4977 4864
4978 4830
4979 4830
4980 5041
4981 4830
4982 4830
4983 4864
4984 5027
4985 4830
4986 4932
4987 1560
4988 5084
4989 5084
4990 5084
4991 5084
4992 5084
4993 4932
4994 5045
4995 1561
4996 1566
4997 1561
4998 3717
4999 3717
5000 3712
5001 3666
5002 3666
5003 4830
5004 3717
5005 3717
5006 3712
5007 3666
5008 3712
5009 3713
5010 4372
5011 3712
5012 4830
5013 4830
5014 4830
5015 3717
5016 3712
5017 3712
5018 3712
5019 3712
5020 3717
5021 3717
5022 4830
5023 4830
5024 4830
5025 4830
5026 4830
5027 4830
5028 4830
5029 4830
5030 3666
5031 4372
5032 4372
5033 3713
5034 4372
5035 4372
5036 4372
5037 4372
5038 4605
5039 3713
5040 3713
5041 3666
5042 3712
5043 3666
5044 4372
5045 4372
5046 4372
5047 3713
5048 3713
5049 3666
5050 3713
5051 3666
5052 3712
5053 3712
5054 3666
5055 3712
5056 4372
5057 4372
5058 4372
5059 3717
5060 3717
5061 3717
5062 3717
5063 4830
5064 4830
5065 4830
5066 4830
5067 3717
5068 3717
5069 3712
5070 4372
5071 4372
5072 4372
5073 3666
5074 3712
5075 3713
5076 3666
5077 3712
5078 3713
5079 4372
5080 4372
5081 4685
5082 4522
5083 4659
5084 4659
5085 4522
5086 4522
5087 4659
5088 4522
5089 4583
5090 4372
5091 4372
5092 4372
5093 4372
5094 4605
5095 4372
5096 4605
5097 4673
5098 4660
5099 4660
5100 4372
5101 3717
5102 5041
5103 4830
5104 4864
5105 4830
5106 4824
5107 4864
5108 5043
5109 5027
5110 4830
5111 4830
5112 4864
5113 4864
5114 4932
5115 5043
5116 5045
5117 4864
5118 1567
5119 1575
5120 1119
5121 1561
5122 1806
5123 1531
5124 1517
5125 1531
5126 1119
5127 1567
5128 1561
5129 1566
5130 5084
5131 1561
5132 1339
5133 1560
5134 5084
5135 4999
5136 5043
5137 5045
5138 4864
5139 5043
5140 5045
5141 5027
5142 5045
5143 4830
5144 4830
5145 3717
5146 4830
5147 4830
5148 3717
5149 4830
5150 4830
5151 4864
5152 4830
5153 4830
5154 3717
5155 3717
5156 4830
5157 4830
5158 4830
5159 4830
5160 3717
5161 3712
5162 3666
5163 3712
5164 3713
5165 3666
5166 4372
5167 3666
5168 3712
5169 4372
5170 4372
5171 4372
5172 4372
5173 4605
5174 4372
5175 4372
5176 3713
5177 4372
5178 4372
5179 3713
5180 4372
5181 4372
5182 3712
5183 4605
5184 4605
5185 4605
5186 4583
5187 4605
5188 4673
5189 1119
5190 1338
5191 4830
5192 3666
5193 4372
5194 3713
5195 3666
5196 4830
5197 3490
5198 3499
