0 41
1 41
2 41
3 41
4 3877
5 4022
6 263
7 263
8 263
9 263
10 263
11 263
12 263
13 263
14 3773
15 3773
16 3773
17 263
18 263
19 263
20 263
21 263
22 263
23 3773
24 263
25 263
26 4020
27 4023
28 4020
29 263
30 263
31 263
32 263
33 263
34 263
35 3823
36 263
37 263
38 263
39 263
40 263
41 263
42 263
43 263
44 263
45 263
46 263
47 263
48 263
49 263
50 263
51 263
52 263
53 263
54 263
55 4020
56 4020
57 3922
58 4022
59 263
60 3893
61 263
62 4004
63 4022
64 4022
65 4020
66 4020
67 263
68 263
69 263
70 263
71 3893
72 4022
73 4020
74 4022
75 3954
76 263
77 263
78 263
79 3922
80 3877
81 3877
82 3877
83 3877
84 3877
85 3877
86 3877
87 3877
88 3877
89 3877
90 3877
91 3877
92 3877
93 3877
94 3877
95 3877
96 3877
97 3877
98 3877
99 3877
100 3877
101 3877
102 3877
103 3877
104 3877
105 3877
106 3877
107 3877
108 3877
109 3877
110 3877
111 3877
112 3877
113 3877
114 3877
115 3877
116 4023
117 3877
118 4023
119 3877
120 3877
121 3877
122 4023
123 4022
124 263
125 263
126 263
127 4004
128 263
129 4023
130 4022
131 4023
132 263
133 263
134 263
135 3877
136 3877
137 3877
138 3877
139 3877
140 3877
141 3877
142 3877
143 3877
144 3877
145 3877
146 3877
147 3877
148 3877
149 3877
150 3877
151 3877
152 3877
153 3877
154 3877
155 3877
156 3877
157 3877
158 3877
159 3877
160 3877
161 3877
162 3877
163 3851
164 3773
165 3773
166 3791
167 3790
168 3530
169 3523
170 3543
171 3740
172 3848
173 3852
174 3851
175 3851
176 3773
177 3773
178 263
179 263
180 263
181 263
182 3749
183 3773
184 3773
185 3851
186 3773
187 3845
188 263
189 263
190 3749
191 263
192 263
193 3724
194 3724
195 3749
196 3796
197 3740
198 3740
199 3526
200 3666
201 3721
202 3591
203 3711
204 3657
205 3657
206 3520
207 3611
208 3616
209 3587
210 3592
211 3718
212 3589
213 3533
214 3740
215 3796
216 3791
217 3851
218 3773
219 3773
220 3773
221 3773
222 3851
223 3791
224 3851
225 3851
226 3851
227 3852
228 3819
229 3819
230 3852
231 3730
232 3790
233 4409
234 4409
235 4454
236 4454
237 4454
238 4454
239 4242
240 4266
241 4406
242 4397
243 4267
244 4250
245 4265
246 4250
247 4314
248 3256
249 3258
250 3263
251 3462
252 3406
253 3477
254 3480
255 3477
256 3048
257 3390
258 3390
259 3390
260 3390
261 3048
262 3390
263 4173
264 3389
265 3048
266 3390
267 4189
268 4324
269 3049
270 3029
271 3262
272 3029
273 3262
274 3259
275 3262
276 3406
277 4187
278 4432
279 4407
280 4280
281 4323
282 3232
283 3205
284 4259
285 4264
286 3253
287 3048
288 3048
289 3205
290 4282
291 3253
292 3032
293 3253
294 3032
295 3253
296 3204
297 3253
298 3298
299 3062
300 3299
301 3204
302 3020
303 4144
304 3298
305 94
306 4297
307 3299
308 4144
309 3201
310 4283
311 3299
312 4192
313 3406
314 4184
315 3252
316 4168
317 3094
318 3229
319 3048
320 3031
321 3094
322 3205
323 3292
324 3231
325 3253
326 3204
327 3204
328 3244
329 3020
330 3299
331 3020
332 3020
333 3053
334 4319
335 4242
336 3039
337 4355
338 4355
339 3477
340 3038
341 4138
342 3045
343 3028
344 3366
345 3367
346 3040
347 3256
348 3039
349 3039
350 3028
351 3474
352 4131
353 3407
354 3392
355 3471
356 3468
357 3461
358 3435
359 3448
360 3652
361 3427
362 3427
363 3646
364 3582
365 3511
366 3418
367 3446
368 3432
369 3432
370 3514
371 3515
372 3415
373 3559
374 3432
375 3426
376 3488
377 3509
378 3419
379 3438
380 3041
381 3438
382 3375
383 3494
384 3451
385 4178
386 3028
387 3035
388 3044
389 3043
390 3043
391 4160
392 3043
393 4398
394 4374
395 4400
396 3044
397 4128
398 3044
399 4193
400 4374
401 4401
402 4401
403 4405
404 4405
405 4408
406 4408
407 4411
408 4408
409 4438
410 4252
411 4411
412 4411
413 4252
414 4408
415 4116
416 4405
417 4380
418 4380
419 4166
420 4160
421 4380
422 4405
423 4405
424 4408
425 4408
426 4408
427 4250
428 4438
429 4438
430 4249
431 4411
432 4409
433 3338
434 3315
435 3315
436 4266
437 4266
438 4315
439 4242
440 4315
441 4315
442 4243
443 4442
444 4448
445 4315
446 4450
447 3316
448 3131
449 4229
450 3131
451 3177
452 3139
453 50
454 3187
455 4313
456 4313
457 3347
458 4310
459 3183
460 3237
461 3335
462 3237
463 50
464 53
465 3024
466 3330
467 3024
468 3024
469 41
470 41
471 41
472 41
473 25
474 3055
475 41
476 41
477 41
478 41
479 41
480 41
481 41
482 3123
483 3062
484 3062
485 3062
486 3150
487 51
488 65
489 3131
490 61
491 199
492 26
493 26
494 26
495 26
496 29
497 84
498 26
499 84
500 26
501 26
502 84
503 26
504 131
505 131
506 57
507 13
508 199
509 4302
510 4258
511 4259
512 78
513 4289
514 4197
515 4302
516 41
517 4144
518 4144
519 3061
520 41
521 94
522 41
523 41
524 41
525 4441
526 3338
527 4411
528 25
529 25
530 37
531 37
532 37
533 166
534 3241
535 143
536 26
537 26
538 26
539 26
540 6
541 154
542 154
543 154
544 6
545 160
546 154
547 114
548 3024
549 114
550 143
551 3333
552 3241
553 143
554 154
555 160
556 160
557 84
558 7
559 7
560 7
561 219
562 166
563 166
564 166
565 7
566 142
567 142
568 142
569 219
570 1709
571 166
572 1688
573 1688
574 1688
575 166
576 1697
577 7
578 1696
579 1688
580 1688
581 1696
582 1688
583 4557
584 4496
585 4557
586 4408
587 4411
588 4331
589 4399
590 4428
591 4275
592 4253
593 4275
594 4275
595 1696
596 4275
597 4275
598 4253
599 4356
600 431
601 421
602 431
603 431
604 4356
605 4356
606 4356
607 4356
608 4253
609 4253
610 4356
611 4356
612 4356
613 4356
614 4356
615 1666
616 1446
617 4127
618 1742
619 1447
620 1847
621 1847
622 1847
623 1742
624 1714
625 1847
626 4356
627 1845
628 1845
629 1877
630 1843
631 1843
632 1843
633 1843
634 1843
635 1877
636 1843
637 1877
638 1845
639 1877
640 1877
641 1845
642 1843
643 1843
644 1778
645 1843
646 1843
647 1843
648 1843
649 1843
650 1877
651 1845
652 1877
653 1877
654 1845
655 1845
656 1845
657 1845
658 1843
659 4356
660 1845
661 1845
662 1845
663 4356
664 4356
665 1845
666 1845
667 1845
668 1845
669 1845
670 1877
671 1843
672 1843
673 1843
674 1778
675 1877
676 1877
677 1877
678 1877
679 1877
680 1845
681 1845
682 1845
683 1845
684 1845
685 1845
686 1845
687 1845
688 1762
689 4356
690 4356
691 1845
692 1797
693 4482
694 4496
695 4483
696 4482
697 4496
698 4127
699 4127
700 1666
701 1666
702 1666
703 1670
704 1666
705 4428
706 1666
707 4428
708 1669
709 1666
710 1666
711 1666
712 1660
713 4275
714 421
715 421
716 4411
717 4411
718 431
719 4127
720 431
721 431
722 431
723 431
724 421
725 556
726 1463
727 4496
728 4557
729 4743
730 4541
731 2361
732 2277
733 2277
734 2277
735 4668
736 4666
737 4784
738 4785
739 4785
740 4784
741 4784
742 4788
743 4675
744 4782
745 4784
746 4784
747 4784
748 4784
749 4784
750 4735
751 4784
752 4566
753 2276
754 4566
755 2343
756 4788
757 2276
758 4721
759 4658
760 4781
761 2343
762 4788
763 2343
764 4785
765 4658
766 1810
767 2183
768 2183
769 2183
770 2183
771 2183
772 2209
773 1904
774 2213
775 1904
776 1904
777 1904
778 1904
779 2121
780 2145
781 2149
782 2213
783 2121
784 1904
785 1904
786 1904
787 2130
788 2130
789 2130
790 2130
791 2145
792 1904
793 2130
794 2130
795 2130
796 2125
797 2130
798 1904
799 2213
800 1904
801 1904
802 1904
803 1904
804 1904
805 1904
806 2125
807 2130
808 2130
809 2130
810 2130
811 2183
812 2183
813 2138
814 2149
815 2149
816 2145
817 2149
818 2149
819 2183
820 2130
821 2130
822 2130
823 1904
824 1904
825 1904
826 2130
827 1904
828 2130
829 1904
830 1904
831 2130
832 1904
833 1904
834 1904
835 2213
836 2130
837 2130
838 2130
839 2130
840 2130
841 1904
842 1904
843 1904
844 1904
845 1904
846 2209
847 1904
848 2183
849 2121
850 2130
851 2130
852 2130
853 2130
854 2130
855 2130
856 2130
857 3877
858 3877
859 3877
860 3877
861 3877
862 3877
863 3877
864 3877
865 3877
866 3877
867 3877
868 3877
869 3877
870 3877
871 3877
872 3877
873 3877
874 3877
875 3877
876 3877
877 3877
878 3877
879 4015
880 3877
881 3877
882 3877
883 3877
884 3877
885 3877
886 3877
887 3877
888 3877
889 4015
890 3876
891 3877
892 4023
893 3773
894 3852
895 3833
896 3853
897 3740
898 3543
899 3673
900 3710
901 3585
902 3537
903 3543
904 3664
905 3538
906 3710
907 3585
908 3543
909 3530
910 3655
911 3853
912 3833
913 3851
914 3740
915 3655
916 3521
917 3842
918 3538
919 3663
920 3721
921 3796
922 3791
923 3851
924 3773
925 3773
926 3773
927 3773
928 3851
929 3791
930 263
931 3724
932 3823
933 3773
934 3773
935 3773
936 3773
937 3773
938 3823
939 229
940 263
941 263
942 263
943 3724
944 263
945 3773
946 3851
947 3724
948 263
949 3530
950 3845
951 3851
952 3589
953 3587
954 3617
955 3612
956 3660
957 3710
958 3667
959 3584
960 3596
961 3600
962 3593
963 3603
964 3709
965 3597
966 3674
967 3613
968 3708
969 3597
970 3680
971 3598
972 3598
973 3619
974 3617
975 3612
976 3617
977 3613
978 3617
979 3617
980 3717
981 3592
982 3616
983 3611
984 3672
985 3601
986 3600
987 3597
988 3619
989 3598
990 3680
991 3620
992 3661
993 3550
994 3683
995 3618
996 3546
997 3702
998 3500
999 3379
1000 3637
1001 3570
1002 3496
1003 3429
1004 3702
1005 3431
1006 3431
1007 3688
1008 3570
1009 3688
1010 3682
1011 3550
1012 3683
1013 3679
1014 3679
1015 3684
1016 3632
1017 3661
1018 3552
1019 3615
1020 3613
1021 3603
1022 3616
1023 3538
1024 3614
1025 3585
1026 3585
1027 3603
1028 3594
1029 3676
1030 3677
1031 3678
1032 3552
1033 3640
1034 3682
1035 3599
1036 3682
1037 3430
1038 3677
1039 3553
1040 3678
1041 3676
1042 3639
1043 3500
1044 3678
1045 3379
1046 3431
1047 3430
1048 3661
1049 3597
1050 3598
1051 3596
1052 3594
1053 3595
1054 3594
1055 3675
1056 3601
1057 3605
1058 3660
1059 41
1060 41
1061 41
1062 41
1063 94
1064 53
1065 3333
1066 50
1067 3183
1068 3237
1069 3318
1070 3335
1071 3338
1072 3316
1073 4411
1074 3316
1075 3336
1076 3316
1077 4441
1078 4441
1079 4411
1080 4411
1081 3318
1082 3338
1083 4441
1084 3318
1085 3338
1086 4411
1087 3335
1088 3335
1089 3241
1090 4431
1091 4416
1092 4249
1093 4116
1094 3014
1095 3413
1096 3468
1097 3428
1098 3373
1099 3372
1100 3514
1101 3556
1102 3415
1103 3581
1104 3375
1105 3418
1106 3557
1107 3583
1108 3380
1109 3558
1110 3438
1111 3556
1112 3452
1113 3413
1114 3413
1115 3468
1116 4164
1117 3428
1118 3416
1119 3407
1120 4183
1121 3490
1122 4170
1123 4116
1124 4438
1125 4411
1126 4411
1127 4331
1128 4405
1129 4397
1130 4433
1131 4433
1132 3468
1133 3494
1134 3364
1135 3494
1136 3410
1137 3409
1138 3458
1139 3385
1140 3714
1141 3385
1142 3378
1143 3495
1144 3511
1145 3371
1146 3494
1147 3420
1148 3511
1149 3369
1150 3504
1151 3440
1152 3363
1153 3443
1154 3444
1155 3442
1156 3496
1157 3496
1158 3443
1159 3548
1160 3444
1161 3464
1162 3464
1163 3464
1164 3443
1165 3442
1166 3460
1167 3442
1168 3443
1169 3443
1170 3444
1171 3464
1172 3583
1173 3443
1174 3504
1175 3444
1176 3700
1177 3464
1178 3470
1179 3409
1180 3556
1181 3515
1182 3579
1183 3370
1184 3556
1185 3582
1186 3511
1187 3044
1188 4179
1189 3468
1190 3438
1191 3556
1192 3384
1193 3375
1194 3375
1195 3494
1196 3438
1197 3044
1198 3468
1199 3375
1200 3428
1201 3363
1202 3380
1203 3558
1204 3385
1205 3556
1206 3385
1207 3385
1208 3464
1209 3443
1210 3369
1211 3375
1212 4166
1213 4164
1214 4380
1215 4380
1216 4411
1217 4438
1218 4438
1219 4380
1220 84
1221 1697
1222 1688
1223 1696
1224 1696
1225 4449
1226 4449
1227 1669
1228 1669
1229 1696
1230 1708
1231 1669
1232 1668
1233 4428
1234 4449
1235 52
1236 131
1237 4329
1238 421
1239 4557
1240 166
1241 1797
1242 1845
1243 1845
1244 1845
1245 1877
1246 1877
1247 1877
1248 1843
1249 1843
1250 1778
1251 1868
1252 1868
1253 1778
1254 1843
1255 1843
1256 1843
1257 1843
1258 1877
1259 1845
1260 1845
1261 1762
1262 1845
1263 1845
1264 1845
1265 1845
1266 1843
1267 1868
1268 1868
1269 1868
1270 1868
1271 1868
1272 1868
1273 1868
1274 1781
1275 1783
1276 1783
1277 1783
1278 1825
1279 1763
1280 1783
1281 1781
1282 1868
1283 1780
1284 1868
1285 1868
1286 1781
1287 1780
1288 1784
1289 1825
1290 1868
1291 1843
1292 1778
1293 1843
1294 1778
1295 1778
1296 1843
1297 1868
1298 1868
1299 1781
1300 1783
1301 1763
1302 1763
1303 1780
1304 1780
1305 1868
1306 1781
1307 1868
1308 1868
1309 1868
1310 1778
1311 1868
1312 1778
1313 4356
1314 1845
1315 4356
1316 4496
1317 4127
1318 4557
1319 4496
1320 4496
1321 4496
1322 4457
1323 4127
1324 556
1325 1742
1326 1742
1327 1742
1328 432
1329 1742
1330 4496
1331 432
1332 431
1333 421
1334 421
1335 1062
1336 431
1337 1868
1338 1778
1339 1868
1340 1780
1341 1763
1342 1763
1343 1768
1344 1780
1345 1780
1346 1763
1347 1763
1348 1825
1349 1803
1350 1825
1351 1870
1352 1803
1353 1828
1354 1869
1355 1804
1356 1822
1357 1804
1358 1836
1359 1804
1360 1807
1361 1832
1362 1875
1363 1875
1364 1807
1365 1805
1366 1875
1367 1827
1368 1875
1369 1803
1370 1803
1371 1807
1372 1805
1373 1869
1374 1804
1375 1822
1376 1816
1377 1836
1378 1803
1379 1868
1380 3455
1381 4663
1382 4663
1383 4806
1384 4661
1385 4806
1386 4664
1387 4787
1388 4661
1389 4664
1390 4664
1391 4661
1392 4664
1393 2213
1394 1904
1395 2130
1396 1904
1397 2130
1398 2130
1399 2130
1400 2130
1401 2130
1402 2130
1403 2130
1404 2130
1405 2130
1406 2130
1407 2130
1408 2130
1409 2130
1410 2130
1411 2130
1412 2130
1413 2130
1414 2130
1415 2130
1416 2130
1417 2130
1418 2130
1419 2130
1420 2130
1421 2130
1422 2130
1423 2130
1424 2130
1425 2130
1426 2130
1427 2130
1428 1904
1429 1904
1430 2130
1431 2130
1432 2130
1433 2130
1434 2130
1435 2130
1436 2130
1437 2130
1438 2130
1439 2130
1440 2130
1441 2130
1442 2130
1443 2130
1444 2130
1445 2130
1446 2130
1447 2130
1448 2130
1449 1904
1450 1904
1451 1904
1452 1904
1453 2125
1454 2125
1455 1904
1456 1904
1457 2130
1458 2130
1459 2130
1460 2130
1461 1904
1462 2130
1463 1904
1464 2130
1465 2130
1466 2130
1467 2130
1468 2130
1469 2130
1470 2130
1471 2130
1472 2130
1473 2130
1474 2130
1475 1904
1476 1904
1477 1904
1478 1904
1479 1904
1480 2130
1481 2130
1482 2130
1483 2130
1484 2130
1485 2130
1486 2130
1487 2130
1488 2130
1489 2130
1490 2130
1491 2130
1492 2130
1493 2130
1494 2130
1495 2130
1496 2130
1497 2130
1498 2130
1499 2130
1500 2130
1501 2130
1502 2130
1503 2130
1504 2130
1505 2130
1506 2130
1507 1904
1508 2145
1509 2145
1510 2130
1511 2130
1512 2130
1513 2130
1514 2130
1515 2130
1516 2130
1517 2130
1518 2130
1519 2130
1520 2130
1521 2130
1522 2130
1523 2130
1524 2130
1525 2130
1526 2130
1527 2130
1528 2130
1529 2130
1530 2130
1531 2130
1532 2130
1533 2130
1534 2130
1535 2130
1536 2130
1537 2130
1538 2130
1539 2130
1540 2130
1541 2130
1542 2130
1543 2130
1544 2183
1545 2183
1546 1879
1547 2130
1548 2130
1549 2130
1550 2130
1551 2130
1552 2130
1553 2130
1554 2130
1555 3661
1556 3598
1557 3676
1558 3552
1559 3640
1560 3686
1561 3549
1562 3553
1563 3689
1564 3661
1565 3568
1566 3500
1567 3551
1568 3459
1569 3431
1570 3700
1571 3700
1572 3450
1573 3694
1574 3583
1575 3686
1576 3686
1577 3553
1578 3677
1579 3678
1580 3676
1581 3050
1582 4170
1583 3375
1584 3494
1585 4131
1586 3473
1587 3375
1588 2145
1589 2149
1590 2149
1591 2149
1592 2149
1593 1904
1594 1904
1595 1904
1596 1904
1597 1904
1598 2149
1599 2149
1600 2149
1601 1825
1602 1868
1603 1781
1604 2130
1605 2130
1606 2130
1607 2130
1608 2130
1609 2130
1610 2130
1611 2130
1612 2130
1613 2130
1614 2130
1615 3676
1616 3676
1617 3630
1618 3639
1619 3500
1620 3499
1621 3500
1622 3496
1623 3460
1624 3430
1625 3444
1626 3687
1627 3686
1628 3443
1629 3686
1630 3443
1631 3442
1632 3375
1633 3646
1634 3415
1635 3502
1636 3426
1637 3557
1638 3557
1639 3504
1640 3369
1641 3440
1642 3469
1643 3370
1644 3463
1645 2277
1646 2361
1647 2277
1648 2277
1649 2277
1650 2277
1651 2277
1652 1688
1653 1696
1654 166
1655 166
1656 166
1657 1688
1658 1688
1659 166
1660 166
1661 166
1662 166
1663 166
1664 1688
1665 1688
1666 1688
1667 219
1668 219
1669 1709
1670 1709
1671 219
1672 142
1673 219
1674 1697
1675 139
1676 219
1677 219
1678 1709
1679 1688
1680 219
1681 1697
1682 142
1683 1709
1684 1697
1685 1688
1686 1688
1687 1709
1688 1709
1689 1688
1690 1688
1691 1688
1692 1702
1693 1688
1694 1700
1695 1700
1696 1702
1697 1702
1698 1688
1699 1716
1700 421
1701 1702
1702 1716
1703 1716
1704 421
1705 421
1706 1716
1707 1716
1708 1124
1709 1446
1710 1447
1711 1716
1712 1124
1713 1447
1714 421
1715 1701
1716 1701
1717 1701
1718 1700
1719 1701
1720 1701
1721 1701
1722 458
1723 1701
1724 1701
1725 1701
1726 566
1727 1701
1728 1700
1729 1701
1730 1701
1731 566
1732 1118
1733 3318
1734 3316
1735 4310
1736 37
1737 3177
1738 3318
1739 1059
1740 1059
1741 1709
1742 1709
1743 1709
1744 1709
1745 1709
1746 3318
1747 3336
1748 3316
1749 86
1750 4301
1751 4195
1752 33
1753 34
1754 3056
1755 25
1756 41
1757 33
1758 33
1759 53
1760 2183
1761 2183
1762 2183
1763 2183
1764 2183
1765 2183
1766 2183
1767 2183
1768 3236
1769 2183
1770 1840
1771 57
1772 1837
1773 2183
1774 2183
1775 2183
1776 2183
1777 1879
1778 1941
1779 1890
1780 2183
1781 1879
1782 1840
1783 1873
1784 1869
1785 1804
1786 1873
1787 3131
1788 1873
1789 1875
1790 3177
1791 1807
1792 1875
1793 1828
1794 1805
1795 1832
1796 1804
1797 1869
1798 1804
1799 1869
1800 1804
1801 1840
1802 2183
1803 53
1804 3177
1805 41
1806 41
1807 41
1808 41
1809 41
1810 41
1811 41
1812 41
1813 41
1814 41
1815 41
1816 41
1817 41
1818 41
1819 41
1820 41
1821 41
1822 41
1823 41
1824 3116
1825 4153
1826 41
1827 3153
1828 3345
1829 4153
1830 94
1831 3052
1832 4243
1833 72
1834 73
1835 41
1836 41
1837 41
1838 25
1839 37
1840 37
1841 81
1842 81
1843 25
1844 25
1845 33
1846 3240
1847 33
1848 34
1849 41
1850 41
1851 33
1852 34
1853 3126
1854 41
1855 41
1856 3126
1857 3163
1858 41
1859 41
1860 1837
1861 1840
1862 1939
1863 1890
1864 1816
1865 1840
1866 1840
1867 3131
1868 37
1869 15
1870 4310
1871 103
1872 15
1873 15
1874 25
1875 25
1876 37
1877 4437
1878 91
1879 4225
1880 4261
1881 15
1882 4203
1883 4203
1884 4781
1885 4782
1886 4663
1887 4788
1888 4789
1889 4654
1890 4788
1891 4788
1892 4788
1893 4781
1894 4789
1895 4663
1896 3634
1897 4789
1898 4781
1899 4658
1900 4654
1901 4656
1902 4658
1903 4789
1904 166
1905 1688
1906 1696
1907 1688
1908 166
1909 142
1910 142
1911 142
1912 1709
1913 1709
1914 1836
1915 1836
1916 2183
1917 1941
1918 1879
1919 1879
1920 1868
1921 1868
1922 1868
1923 1781
1924 1781
1925 1868
1926 1783
1927 1763
1928 1763
1929 1825
1930 1803
1931 1828
1932 1875
1933 1869
1934 1829
1935 154
1936 154
1937 154
1938 154
1939 6
1940 4787
1941 29
1942 52
1943 1725
1944 1696
1945 29
1946 26
1947 29
1948 29
1949 29
1950 29
1951 29
1952 29
1953 154
1954 52
1955 1668
1956 29
1957 1668
1958 154
1959 154
1960 1668
1961 1668
1962 1668
1963 6
1964 52
1965 1669
1966 1668
1967 52
1968 154
1969 154
1970 6
1971 6
1972 52
1973 26
1974 131
1975 131
1976 3236
1977 3237
1978 3241
1979 52
1980 52
1981 6
1982 166
1983 6
1984 131
1985 3241
1986 6
1987 143
1988 143
1989 3241
1990 3236
1991 1847
1992 1847
1993 1856
1994 1847
1995 4356
1996 431
1997 556
1998 1742
1999 1796
2000 1796
2001 1847
2002 556
2003 1856
2004 1856
2005 1847
2006 1789
2007 1789
2008 1856
2009 1789
2010 556
2011 556
2012 431
2013 4356
2014 4356
2015 2183
2016 2183
2017 2183
2018 1890
2019 1816
2020 1840
2021 1810
2022 1837
2023 1890
2024 2138
2025 1904
2026 1904
2027 2183
2028 2138
2029 2149
2030 2183
2031 2121
2032 2144
2033 2145
2034 2149
2035 2149
2036 1904
2037 1904
2038 1904
2039 2144
2040 2145
2041 2144
2042 2121
2043 2145
2044 2145
2045 2145
2046 2145
2047 2145
2048 2145
2049 2121
2050 2145
2051 2145
2052 2149
2053 2145
2054 2144
2055 2145
2056 2183
2057 2183
2058 2183
2059 2183
2060 2183
2061 2183
2062 2183
2063 1837
2064 1879
2065 1964
2066 1890
2067 2183
2068 2183
2069 2183
2070 2183
2071 2183
2072 2183
2073 2183
2074 2183
2075 2183
2076 2183
2077 2183
2078 2183
2079 2121
2080 2183
2081 2183
2082 2183
2083 2144
2084 2121
2085 2144
2086 2183
2087 2183
2088 2183
2089 2183
2090 2183
2091 2183
2092 2183
2093 2121
2094 2144
2095 2183
2096 2183
2097 2183
2098 2183
2099 2183
2100 2183
2101 2183
2102 2183
2103 2183
2104 2183
2105 2183
2106 2183
2107 2183
2108 2183
2109 2183
2110 1804
2111 4779
2112 4663
2113 4789
2114 4788
2115 1816
2116 2277
2117 421
2118 4557
2119 1688
2120 1688
2121 1688
2122 4275
2123 1696
2124 4275
2125 1696
2126 1696
2127 4275
2128 4275
2129 4275
2130 4399
2131 421
2132 4399
2133 4253
2134 1696
2135 1696
2136 1688
2137 1688
2138 1696
2139 1696
2140 1688
2141 1688
2142 1688
2143 1688
2144 166
2145 1697
2146 166
2147 421
2148 421
2149 1688
2150 1688
2151 1688
2152 1688
2153 1688
2154 1688
2155 1696
2156 1688
2157 1688
2158 1688
2159 421
2160 432
2161 432
2162 421
2163 432
2164 431
2165 1742
2166 432
2167 4356
2168 556
2169 4356
2170 4356
2171 4356
2172 1060
2173 4356
2174 4557
2175 432
2176 1124
2177 1742
2178 1060
2179 556
2180 556
2181 1451
2182 1742
2183 1742
2184 1447
2185 431
2186 556
2187 1704
2188 556
2189 556
2190 556
2191 1847
2192 1847
2193 1797
2194 1847
2195 1060
2196 1796
2197 1796
2198 1847
2199 1856
2200 1856
2201 4557
2202 4557
2203 4127
2204 4496
2205 4127
2206 4625
2207 4625
2208 4496
2209 4496
2210 4484
2211 4482
2212 4518
2213 3634
2214 4640
2215 3692
2216 3573
2217 3634
2218 3634
2219 3634
2220 4594
2221 4534
2222 4484
2223 4482
2224 4482
2225 4482
2226 4496
2227 4496
2228 4496
2229 1742
2230 1742
2231 1742
2232 1742
2233 4127
2234 4127
2235 4127
2236 619
2237 3503
2238 3455
2239 4484
2240 4484
2241 3455
2242 4572
2243 3505
2244 4829
2245 3573
2246 3634
2247 2361
2248 2361
2249 2277
2250 4654
2251 4666
2252 4661
2253 4654
2254 4654
2255 4654
2256 4787
2257 4788
2258 4788
2259 4654
2260 4661
2261 4788
2262 4654
2263 4656
2264 2276
2265 4790
2266 2332
2267 4570
2268 4568
2269 4625
2270 4518
2271 4522
2272 4625
2273 4683
2274 4759
2275 4760
2276 4683
2277 4684
2278 4627
2279 4570
2280 4571
2281 3503
2282 3449
2283 3455
2284 3441
2285 3503
2286 3455
2287 3503
2288 3634
2289 3441
2290 3449
2291 4588
2292 4568
2293 4546
2294 4560
2295 4529
2296 4564
2297 4740
2298 4515
2299 3573
2300 3573
2301 4518
2302 3635
2303 4684
2304 4684
2305 4684
2306 1650
2307 2366
2308 1640
2309 1640
2310 4514
2311 4744
2312 4564
2313 4522
2314 3449
2315 4588
2316 3634
2317 3573
2318 3634
2319 3634
2320 4640
2321 4661
2322 3634
2323 4657
2324 3634
2325 4657
2326 4661
2327 4659
2328 4667
2329 4684
2330 3525
2331 3525
2332 4772
2333 4687
2334 1640
2335 1650
2336 1640
2337 1650
2338 4517
2339 1640
2340 1640
2341 4546
2342 4458
2343 4594
2344 4564
2345 4543
2346 4543
2347 4543
2348 4568
2349 4564
2350 4568
2351 4742
2352 4541
2353 1640
2354 2366
2355 2366
2356 4828
2357 2366
2358 4825
2359 2277
2360 4632
2361 4515
2362 4523
2363 2361
2364 2361
2365 2277
2366 2277
2367 2277
2368 2277
2369 2277
2370 2277
2371 2361
2372 2361
2373 2277
2374 2277
2375 2277
2376 2277
2377 2277
2378 2277
2379 2277
2380 2361
2381 2361
2382 2361
2383 2361
2384 2277
2385 4541
2386 4523
2387 4514
2388 2361
2389 2361
2390 4541
2391 2361
2392 2361
2393 2351
2394 2277
2395 2361
2396 2361
2397 2277
2398 2361
2399 2277
2400 2351
2401 2277
2402 2277
2403 2351
2404 2361
2405 2361
2406 4515
2407 4517
2408 4517
2409 1650
2410 1640
2411 4564
2412 4542
2413 4542
2414 4524
2415 4562
2416 4522
2417 4517
2418 2366
2419 2366
2420 2366
2421 2366
2422 2366
2423 4637
2424 4831
2425 4829
2426 4831
2427 4828
2428 4637
2429 4638
2430 4625
2431 4625
2432 4625
2433 4625
2434 4625
2435 4625
2436 4625
2437 4633
2438 4633
2439 4619
2440 4633
2441 4625
2442 4625
2443 4633
2444 4625
2445 4625
2446 4625
2447 4625
2448 4625
2449 4625
2450 4625
2451 4625
2452 4625
2453 2277
2454 2277
2455 2277
2456 1640
2457 2277
2458 1640
2459 1640
2460 1640
2461 1640
2462 2319
2463 2277
2464 1640
2465 1640
2466 1640
2467 2361
2468 2366
2469 2277
2470 2277
2471 2277
2472 2277
2473 2277
2474 2277
2475 2277
2476 2277
2477 2277
2478 2361
2479 2277
2480 2277
2481 2361
2482 2361
2483 2277
2484 4686
2485 3715
2486 4656
2487 4704
2488 4783
2489 4715
2490 4704
2491 4709
2492 4686
2493 4533
2494 4542
2495 4542
2496 4592
2497 4522
2498 4522
2499 4541
2500 4594
2501 4522
2502 4564
2503 4562
2504 2277
2505 2277
2506 2277
2507 4564
2508 4542
2509 4522
2510 4542
2511 4522
2512 4588
2513 4568
2514 2276
2515 4507
2516 2276
2517 2361
2518 2277
2519 2359
2520 4523
2521 4592
2522 4514
2523 4541
2524 4594
2525 2367
2526 2367
2527 2276
2528 4729
2529 4461
2530 4791
2531 4830
2532 4715
2533 4656
2534 4813
2535 4718
2536 4830
2537 4830
2538 4610
2539 4619
2540 4718
2541 4810
2542 4830
2543 4625
2544 4808
2545 4761
2546 4683
2547 4625
2548 4612
2549 4625
2550 4625
2551 4625
2552 4625
2553 4612
2554 4632
2555 4632
2556 4625
2557 4627
2558 4633
2559 4625
2560 4632
2561 4625
2562 4934
2563 4633
2564 4638
2565 4686
2566 4686
2567 4709
2568 4684
2569 4709
2570 4752
2571 4709
2572 4686
2573 4709
2574 4684
2575 4711
2576 4713
2577 2277
2578 2277
2579 2361
2580 2361
2581 2277
2582 2277
2583 4828
2584 4825
2585 2277
2586 4828
2587 4828
2588 4825
2589 2361
2590 4831
2591 4830
2592 4829
2593 2276
2594 2277
2595 41
2596 41
2597 41
2598 41
2599 3979
2600 3752
2601 3816
2602 3754
2603 3769
2604 3766
2605 3837
2606 3769
2607 3837
2608 3726
2609 3811
2610 3735
2611 3735
2612 3765
2613 3823
2614 3726
2615 3726
2616 3765
2617 3735
2618 3741
2619 3766
2620 3816
2621 3755
2622 3950
2623 3840
2624 3744
2625 3806
2626 3726
2627 3765
2628 3765
2629 3836
2630 3825
2631 3836
2632 3765
2633 3765
2634 3765
2635 3765
2636 3823
2637 3726
2638 3725
2639 3725
2640 3776
2641 3778
2642 3754
2643 3726
2644 3765
2645 3769
2646 3766
2647 3754
2648 3816
2649 3816
2650 3753
2651 3950
2652 3989
2653 3989
2654 3750
2655 3977
2656 3750
2657 4026
2658 3989
2659 3753
2660 3900
2661 4048
2662 3882
2663 3746
2664 3798
2665 3812
2666 3748
2667 3756
2668 3756
2669 3747
2670 3744
2671 3769
2672 3823
2673 3805
2674 3977
2675 3988
2676 3979
2677 3987
2678 4046
2679 4038
2680 3892
2681 3985
2682 3868
2683 3866
2684 3868
2685 3868
2686 4046
2687 4046
2688 4046
2689 4046
2690 4046
2691 3914
2692 4046
2693 3968
2694 3985
2695 3985
2696 4039
2697 4046
2698 3868
2699 4105
2700 3883
2701 4047
2702 4046
2703 3963
2704 3859
2705 3940
2706 3940
2707 3963
2708 4047
2709 3963
2710 3979
2711 3988
2712 3979
2713 3950
2714 4050
2715 4049
2716 3950
2717 3756
2718 3744
2719 3806
2720 3806
2721 3765
2722 3744
2723 3746
2724 3756
2725 4049
2726 3756
2727 3816
2728 3807
2729 3806
2730 3838
2731 4049
2732 4049
2733 4050
2734 4050
2735 4050
2736 3945
2737 3945
2738 3940
2739 3957
2740 3957
2741 3957
2742 3993
2743 3993
2744 3988
2745 3988
2746 3979
2747 3988
2748 3988
2749 3940
2750 3993
2751 4054
2752 4054
2753 3988
2754 3988
2755 4050
2756 4050
2757 4050
2758 3719
2759 3658
2760 3765
2761 3539
2762 3719
2763 3711
2764 3667
2765 3526
2766 3711
2767 3544
2768 3719
2769 3668
2770 3531
2771 3735
2772 3735
2773 3811
2774 3809
2775 3765
2776 3765
2777 3836
2778 3738
2779 3738
2780 3534
2781 3836
2782 3534
2783 3741
2784 3765
2785 3765
2786 3765
2787 3765
2788 3811
2789 3836
2790 3811
2791 3765
2792 3719
2793 3542
2794 3532
2795 3667
2796 3591
2797 3591
2798 3532
2799 3711
2800 3526
2801 3589
2802 3611
2803 3660
2804 3616
2805 3660
2806 3611
2807 3718
2808 3589
2809 3535
2810 3526
2811 3668
2812 3534
2813 3825
2814 3741
2815 3539
2816 3531
2817 3540
2818 3527
2819 3668
2820 3668
2821 3719
2822 3668
2823 3719
2824 3719
2825 3719
2826 3657
2827 3719
2828 3544
2829 4331
2830 4260
2831 3231
2832 4296
2833 4256
2834 4304
2835 3094
2836 4433
2837 3286
2838 4291
2839 4383
2840 4382
2841 4191
2842 3042
2843 3480
2844 3480
2845 3476
2846 3481
2847 3480
2848 3406
2849 3406
2850 3406
2851 3048
2852 3390
2853 3390
2854 3048
2855 3048
2856 3390
2857 3389
2858 3390
2859 3048
2860 3390
2861 3049
2862 3406
2863 3406
2864 3390
2865 3390
2866 3462
2867 3413
2868 3477
2869 3477
2870 3462
2871 3462
2872 3477
2873 4173
2874 3406
2875 3253
2876 4325
2877 3205
2878 3286
2879 4290
2880 4324
2881 3092
2882 3048
2883 3253
2884 3032
2885 3032
2886 3253
2887 3073
2888 3253
2889 3299
2890 3032
2891 3253
2892 3253
2893 3048
2894 3053
2895 94
2896 3298
2897 3299
2898 3020
2899 3204
2900 43
2901 3204
2902 4395
2903 3204
2904 4395
2905 3298
2906 4297
2907 3205
2908 3462
2909 4171
2910 3390
2911 3406
2912 4325
2913 3287
2914 3048
2915 3048
2916 4282
2917 3204
2918 3297
2919 3253
2920 4282
2921 4334
2922 3205
2923 4109
2924 3299
2925 4337
2926 4391
2927 3299
2928 3298
2929 3248
2930 3299
2931 4355
2932 3477
2933 3477
2934 3476
2935 3436
2936 4129
2937 4138
2938 3427
2939 3474
2940 3433
2941 3474
2942 3427
2943 3436
2944 3435
2945 3437
2946 3437
2947 3474
2948 3435
2949 3478
2950 3436
2951 3434
2952 3435
2953 3435
2954 3435
2955 3448
2956 3652
2957 3427
2958 3427
2959 3447
2960 3439
2961 4139
2962 3647
2963 3432
2964 3647
2965 3446
2966 3426
2967 3415
2968 3381
2969 3426
2970 3432
2971 3415
2972 3427
2973 3437
2974 3030
2975 4131
2976 3466
2977 3511
2978 3393
2979 3494
2980 3393
2981 3040
2982 3435
2983 3468
2984 4129
2985 3461
2986 4178
2987 3435
2988 4178
2989 3391
2990 3483
2991 3493
2992 3468
2993 3468
2994 3435
2995 3260
2996 4164
2997 4398
2998 4194
2999 4162
3000 4194
3001 4116
3002 4407
3003 4272
3004 4116
3005 4272
3006 4273
3007 4331
3008 4272
3009 4272
3010 4116
3011 4162
3012 4166
3013 3462
3014 4157
3015 3493
3016 4157
3017 4398
3018 4398
3019 4116
3020 4330
3021 4116
3022 4330
3023 4381
3024 4407
3025 4407
3026 4331
3027 4331
3028 4117
3029 4273
3030 4426
3031 109
3032 4329
3033 4430
3034 4261
3035 4332
3036 4283
3037 4254
3038 4244
3039 4273
3040 4261
3041 3347
3042 4229
3043 4418
3044 3152
3045 3347
3046 3131
3047 3187
3048 3131
3049 51
3050 3152
3051 4310
3052 91
3053 4313
3054 110
3055 106
3056 4418
3057 61
3058 3024
3059 3024
3060 3350
3061 3350
3062 51
3063 3024
3064 41
3065 3056
3066 3056
3067 4202
3068 4147
3069 41
3070 41
3071 41
3072 41
3073 41
3074 4155
3075 4200
3076 4144
3077 4144
3078 28
3079 212
3080 212
3081 212
3082 212
3083 68
3084 199
3085 199
3086 222
3087 208
3088 199
3089 84
3090 221
3091 221
3092 84
3093 84
3094 84
3095 222
3096 222
3097 218
3098 212
3099 222
3100 199
3101 4112
3102 4269
3103 4302
3104 4306
3105 4294
3106 4285
3107 4294
3108 4410
3109 41
3110 41
3111 41
3112 4144
3113 4144
3114 41
3115 41
3116 41
3117 4273
3118 4328
3119 4328
3120 4203
3121 105
3122 104
3123 107
3124 105
3125 218
3126 217
3127 200
3128 222
3129 182
3130 221
3131 182
3132 54
3133 154
3134 54
3135 84
3136 4119
3137 4119
3138 6
3139 160
3140 3024
3141 3024
3142 157
3143 218
3144 217
3145 201
3146 3021
3147 158
3148 3024
3149 3235
3150 7
3151 202
3152 202
3153 344
3154 344
3155 219
3156 344
3157 219
3158 7
3159 142
3160 219
3161 219
3162 29
3163 344
3164 344
3165 344
3166 344
3167 176
3168 219
3169 219
3170 344
3171 176
3172 1662
3173 219
3174 219
3175 4557
3176 4127
3177 4557
3178 4557
3179 1110
3180 1480
3181 1480
3182 1480
3183 1667
3184 1120
3185 1667
3186 1670
3187 219
3188 1670
3189 1667
3190 1129
3191 1074
3192 1123
3193 1060
3194 1061
3195 1123
3196 440
3197 431
3198 440
3199 431
3200 1088
3201 1071
3202 1088
3203 431
3204 2439
3205 440
3206 440
3207 1665
3208 431
3209 435
3210 1727
3211 1743
3212 1648
3213 445
3214 445
3215 1727
3216 1727
3217 440
3218 440
3219 2491
3220 445
3221 2479
3222 2479
3223 2479
3224 2479
3225 2479
3226 2479
3227 2479
3228 2479
3229 2479
3230 2439
3231 2438
3232 2479
3233 2438
3234 2479
3235 2401
3236 2401
3237 2401
3238 2452
3239 2479
3240 2479
3241 2479
3242 2401
3243 2479
3244 2479
3245 2479
3246 2479
3247 2479
3248 2438
3249 2491
3250 2479
3251 2479
3252 2439
3253 2438
3254 2440
3255 440
3256 440
3257 2438
3258 2438
3259 2438
3260 2479
3261 2479
3262 2401
3263 2479
3264 2479
3265 2479
3266 2401
3267 2479
3268 2401
3269 2479
3270 2479
3271 2479
3272 2479
3273 2479
3274 2401
3275 2491
3276 2438
3277 440
3278 2438
3279 449
3280 446
3281 2482
3282 2479
3283 446
3284 2401
3285 2439
3286 2438
3287 445
3288 440
3289 4127
3290 4483
3291 4457
3292 4496
3293 4582
3294 4127
3295 1666
3296 1670
3297 1660
3298 1660
3299 1665
3300 1670
3301 1660
3302 1670
3303 154
3304 132
3305 1670
3306 1666
3307 1660
3308 1660
3309 1062
3310 1670
3311 1750
3312 1670
3313 1480
3314 431
3315 408
3316 4127
3317 4127
3318 484
3319 484
3320 421
3321 431
3322 4496
3323 4496
3324 4541
3325 4511
3326 4512
3327 4467
3328 4467
3329 4468
3330 4640
3331 4755
3332 4735
3333 4786
3334 4786
3335 4735
3336 4780
3337 4780
3338 4675
3339 4779
3340 4784
3341 4780
3342 4735
3343 4784
3344 4780
3345 4735
3346 4787
3347 4786
3348 2343
3349 2343
3350 2343
3351 4640
3352 2343
3353 4675
3354 4735
3355 4780
3356 4780
3357 4755
3358 4640
3359 4735
3360 4755
3361 4755
3362 2605
3363 2974
3364 2685
3365 2971
3366 2971
3367 2971
3368 2989
3369 2913
3370 3005
3371 2936
3372 2958
3373 2958
3374 2936
3375 2683
3376 2982
3377 2909
3378 2912
3379 2913
3380 2936
3381 2934
3382 2949
3383 2875
3384 2886
3385 2875
3386 2875
3387 2982
3388 3005
3389 2875
3390 2875
3391 2963
3392 2949
3393 2886
3394 2936
3395 2983
3396 2949
3397 2936
3398 2998
3399 2949
3400 2957
3401 2875
3402 2943
3403 2875
3404 2886
3405 2943
3406 2687
3407 2685
3408 2703
3409 2984
3410 2989
3411 2974
3412 2982
3413 2982
3414 2984
3415 2875
3416 2875
3417 2875
3418 2875
3419 2963
3420 2958
3421 2963
3422 2875
3423 2875
3424 2957
3425 2943
3426 2957
3427 2886
3428 2989
3429 2936
3430 2982
3431 2875
3432 2875
3433 2875
3434 2875
3435 2875
3436 2932
3437 2949
3438 2936
3439 2936
3440 2998
3441 2983
3442 2908
3443 2971
3444 2971
3445 2958
3446 2875
3447 2875
3448 2875
3449 2875
3450 2875
3451 2875
3452 3993
3453 3940
3454 4047
3455 3949
3456 3963
3457 3963
3458 4047
3459 4047
3460 3930
3461 4047
3462 3963
3463 4047
3464 4046
3465 3940
3466 4047
3467 3940
3468 3859
3469 3859
3470 4047
3471 3866
3472 3940
3473 3963
3474 3957
3475 3742
3476 4046
3477 3859
3478 4046
3479 3914
3480 4046
3481 3868
3482 3868
3483 3914
3484 4088
3485 3957
3486 3747
3487 3742
3488 4044
3489 3540
3490 3719
3491 3719
3492 3544
3493 3513
3494 3589
3495 3591
3496 3628
3497 3591
3498 3667
3499 3628
3500 3721
3501 3667
3502 3721
3503 3628
3504 3520
3505 3526
3506 3719
3507 3535
3508 3719
3509 3719
3510 3711
3511 3533
3512 3533
3513 3589
3514 3532
3515 3614
3516 3535
3517 3719
3518 3540
3519 3527
3520 3668
3521 3539
3522 3738
3523 3668
3524 3531
3525 3836
3526 3836
3527 3855
3528 3658
3529 3658
3530 3738
3531 3658
3532 3737
3533 3836
3534 3765
3535 3765
3536 3765
3537 3765
3538 3836
3539 3836
3540 3825
3541 3738
3542 3527
3543 3836
3544 3836
3545 3533
3546 3540
3547 3721
3548 3628
3549 3685
3550 3617
3551 3561
3552 3565
3553 3718
3554 3628
3555 3628
3556 3565
3557 3698
3558 3561
3559 3560
3560 3386
3561 3620
3562 3597
3563 3613
3564 3620
3565 3610
3566 3386
3567 3680
3568 3697
3569 3386
3570 3563
3571 3609
3572 3609
3573 3613
3574 3617
3575 3612
3576 3717
3577 3565
3578 3685
3579 3611
3580 3628
3581 3386
3582 3386
3583 3560
3584 3386
3585 3679
3586 3386
3587 3620
3588 3680
3589 3679
3590 3683
3591 3570
3592 3570
3593 3568
3594 3424
3595 3424
3596 3568
3597 3430
3598 3459
3599 3424
3600 3463
3601 3496
3602 3688
3603 3568
3604 3500
3605 3570
3606 3683
3607 3679
3608 3679
3609 3618
3610 3683
3611 3618
3612 3620
3613 3683
3614 3661
3615 3609
3616 3386
3617 3612
3618 3667
3619 3721
3620 3628
3621 3628
3622 3690
3623 3560
3624 3386
3625 3568
3626 3568
3627 3688
3628 3688
3629 3566
3630 3683
3631 3679
3632 3431
3633 3424
3634 3562
3635 3688
3636 3618
3637 3688
3638 3424
3639 3689
3640 3683
3641 3500
3642 3463
3643 3618
3644 3615
3645 3386
3646 3561
3647 3386
3648 3386
3649 3698
3650 3690
3651 3698
3652 3565
3653 3690
3654 41
3655 41
3656 4144
3657 94
3658 41
3659 51
3660 4424
3661 212
3662 207
3663 110
3664 107
3665 207
3666 217
3667 105
3668 4117
3669 107
3670 105
3671 107
3672 4328
3673 4333
3674 4331
3675 4331
3676 4331
3677 185
3678 4328
3679 196
3680 105
3681 109
3682 207
3683 222
3684 107
3685 4269
3686 4269
3687 4112
3688 4330
3689 3462
3690 3448
3691 3462
3692 3434
3693 3646
3694 3581
3695 3580
3696 3580
3697 3557
3698 3581
3699 3580
3700 3582
3701 3572
3702 3583
3703 3547
3704 3713
3705 3580
3706 3572
3707 3652
3708 3434
3709 4165
3710 3367
3711 3476
3712 3646
3713 3419
3714 3434
3715 3434
3716 3476
3717 3462
3718 4407
3719 4112
3720 4269
3721 4269
3722 4331
3723 4194
3724 3389
3725 4407
3726 4330
3727 3434
3728 3420
3729 3420
3730 3420
3731 3376
3732 3410
3733 3421
3734 3443
3735 3583
3736 3464
3737 3502
3738 3385
3739 3703
3740 3376
3741 3420
3742 3581
3743 3703
3744 3572
3745 3583
3746 3694
3747 3558
3748 3583
3749 3443
3750 3444
3751 3460
3752 3431
3753 3694
3754 3443
3755 3443
3756 3460
3757 3464
3758 3440
3759 3444
3760 3443
3761 3444
3762 3459
3763 3443
3764 3443
3765 3444
3766 3443
3767 3504
3768 3583
3769 3464
3770 3444
3771 3444
3772 3443
3773 3495
3774 3579
3775 3579
3776 3469
3777 3502
3778 3579
3779 3368
3780 3410
3781 3495
3782 4359
3783 3493
3784 3420
3785 3581
3786 3567
3787 3558
3788 3580
3789 3581
3790 3420
3791 3447
3792 3471
3793 4345
3794 3580
3795 3582
3796 3713
3797 3572
3798 3713
3799 3583
3800 3572
3801 3583
3802 3547
3803 3443
3804 3686
3805 3713
3806 3703
3807 4157
3808 4178
3809 4178
3810 3413
3811 4279
3812 4112
3813 4112
3814 4166
3815 84
3816 7
3817 7
3818 7
3819 7
3820 1660
3821 1660
3822 7
3823 163
3824 130
3825 7
3826 151
3827 7
3828 1670
3829 1662
3830 182
3831 197
3832 1106
3833 1485
3834 4557
3835 220
3836 446
3837 2495
3838 2401
3839 2482
3840 2479
3841 2479
3842 2479
3843 2401
3844 2401
3845 2401
3846 2469
3847 2450
3848 2401
3849 2401
3850 2469
3851 2479
3852 2401
3853 2401
3854 2401
3855 2482
3856 446
3857 446
3858 2401
3859 446
3860 2479
3861 2491
3862 2452
3863 2505
3864 2473
3865 2473
3866 2471
3867 2452
3868 2445
3869 2445
3870 2541
3871 2514
3872 2516
3873 2513
3874 2513
3875 2526
3876 2540
3877 2540
3878 2445
3879 2445
3880 2472
3881 2445
3882 2511
3883 2516
3884 2619
3885 2439
3886 2439
3887 2401
3888 2479
3889 2401
3890 2439
3891 2479
3892 2507
3893 2511
3894 2540
3895 2526
3896 2513
3897 2619
3898 2531
3899 2526
3900 2539
3901 2477
3902 2511
3903 2473
3904 2511
3905 2452
3906 2452
3907 2452
3908 2401
3909 2438
3910 440
3911 4496
3912 3411
3913 4489
3914 4127
3915 4127
3916 4496
3917 4483
3918 4127
3919 982
3920 1648
3921 1735
3922 435
3923 1737
3924 435
3925 4127
3926 435
3927 561
3928 1485
3929 556
3930 954
3931 1478
3932 2469
3933 2469
3934 2401
3935 2540
3936 2526
3937 2528
3938 2619
3939 2514
3940 2516
3941 2526
3942 2619
3943 2534
3944 2536
3945 2626
3946 2626
3947 2577
3948 2577
3949 2622
3950 2593
3951 2593
3952 2593
3953 2590
3954 2593
3955 2583
3956 2583
3957 2580
3958 2577
3959 2582
3960 2622
3961 2577
3962 2536
3963 2577
3964 2534
3965 2536
3966 2577
3967 2577
3968 2622
3969 2593
3970 2593
3971 2592
3972 2591
3973 2534
3974 2472
3975 2450
3976 4663
3977 4779
3978 4788
3979 4664
3980 4641
3981 4806
3982 4787
3983 4640
3984 4462
3985 4650
3986 4566
3987 4806
3988 4650
3989 2913
3990 2957
3991 2958
3992 2875
3993 2874
3994 2875
3995 2875
3996 2875
3997 2875
3998 2875
3999 2875
4000 2875
4001 2875
4002 2875
4003 2875
4004 2875
4005 2875
4006 2875
4007 2875
4008 2875
4009 2875
4010 2875
4011 2875
4012 2875
4013 2875
4014 2875
4015 2875
4016 2875
4017 2875
4018 2875
4019 2875
4020 2875
4021 2875
4022 2886
4023 2886
4024 2963
4025 2957
4026 2875
4027 2875
4028 2875
4029 2875
4030 2875
4031 2875
4032 2875
4033 2875
4034 2875
4035 2875
4036 2875
4037 2875
4038 2875
4039 2875
4040 2875
4041 2875
4042 2875
4043 2875
4044 2875
4045 2886
4046 2963
4047 2958
4048 2957
4049 2936
4050 2949
4051 2886
4052 2943
4053 2875
4054 2875
4055 2875
4056 2943
4057 2957
4058 2875
4059 2875
4060 2875
4061 2875
4062 2875
4063 2875
4064 2875
4065 2875
4066 2875
4067 2875
4068 2875
4069 2943
4070 2963
4071 2936
4072 2958
4073 2963
4074 2875
4075 2875
4076 2875
4077 2875
4078 2875
4079 2875
4080 2875
4081 2875
4082 2875
4083 2875
4084 2875
4085 2875
4086 2875
4087 2875
4088 2875
4089 2875
4090 2875
4091 2875
4092 2875
4093 2875
4094 2875
4095 2875
4096 2875
4097 2875
4098 2875
4099 2875
4100 2874
4101 2875
4102 2957
4103 2682
4104 2682
4105 2875
4106 2875
4107 2875
4108 2875
4109 2875
4110 2875
4111 2875
4112 2875
4113 2875
4114 2875
4115 2875
4116 2875
4117 2875
4118 2875
4119 2875
4120 2875
4121 2875
4122 2875
4123 2875
4124 2875
4125 2875
4126 2875
4127 2875
4128 2875
4129 2875
4130 2875
4131 2875
4132 2875
4133 2875
4134 2875
4135 2875
4136 2875
4137 2875
4138 2875
4139 2875
4140 2703
4141 2690
4142 2875
4143 2875
4144 2875
4145 2875
4146 2875
4147 2875
4148 2875
4149 2875
4150 3685
4151 3386
4152 3618
4153 3688
4154 3568
4155 3564
4156 3424
4157 3463
4158 3424
4159 3683
4160 3568
4161 3564
4162 3562
4163 3562
4164 3562
4165 3387
4166 3387
4167 3443
4168 3443
4169 3694
4170 3687
4171 3460
4172 3564
4173 3696
4174 3570
4175 3386
4176 3618
4177 3477
4178 3406
4179 3427
4180 3646
4181 3652
4182 3373
4183 2989
4184 2989
4185 2984
4186 2984
4187 2983
4188 2984
4189 2983
4190 2982
4191 2982
4192 2983
4193 2984
4194 2984
4195 2984
4196 2513
4197 2619
4198 2540
4199 2875
4200 2875
4201 2875
4202 2875
4203 2875
4204 2875
4205 2875
4206 2875
4207 2875
4208 2875
4209 2875
4210 3661
4211 3688
4212 3618
4213 3500
4214 3424
4215 3424
4216 3429
4217 3463
4218 3463
4219 3424
4220 3431
4221 3459
4222 3460
4223 3459
4224 3547
4225 3443
4226 3444
4227 3646
4228 3582
4229 3646
4230 3556
4231 3558
4232 3572
4233 3713
4234 3583
4235 3547
4236 3547
4237 3579
4238 3515
4239 3431
4240 4511
4241 3642
4242 4509
4243 4467
4244 4465
4245 4465
4246 4465
4247 1662
4248 176
4249 176
4250 344
4251 344
4252 344
4253 344
4254 388
4255 344
4256 344
4257 176
4258 176
4259 219
4260 344
4261 344
4262 219
4263 344
4264 176
4265 344
4266 219
4267 176
4268 176
4269 219
4270 1697
4271 1697
4272 344
4273 344
4274 176
4275 176
4276 176
4277 219
4278 176
4279 1697
4280 219
4281 176
4282 176
4283 391
4284 176
4285 344
4286 176
4287 176
4288 1697
4289 176
4290 176
4291 176
4292 176
4293 176
4294 1725
4295 1662
4296 1480
4297 1670
4298 1725
4299 1670
4300 1469
4301 1662
4302 1662
4303 1103
4304 1103
4305 1071
4306 1469
4307 1134
4308 1446
4309 1134
4310 1059
4311 1709
4312 1697
4313 1701
4314 1697
4315 1709
4316 1709
4317 1062
4318 607
4319 1701
4320 1701
4321 1709
4322 1701
4323 1697
4324 1701
4325 566
4326 1701
4327 1059
4328 1447
4329 105
4330 104
4331 105
4332 59
4333 107
4334 1103
4335 1059
4336 176
4337 1697
4338 1697
4339 1697
4340 1697
4341 1697
4342 105
4343 105
4344 3215
4345 4203
4346 4283
4347 4196
4348 4223
4349 4261
4350 4261
4351 4203
4352 31
4353 4201
4354 185
4355 2685
4356 2687
4357 2916
4358 2687
4359 2971
4360 2685
4361 2687
4362 2687
4363 107
4364 2690
4365 217
4366 2605
4367 2602
4368 2688
4369 2688
4370 2688
4371 2688
4372 2602
4373 2605
4374 2668
4375 2690
4376 2602
4377 2590
4378 2592
4379 2622
4380 2593
4381 2592
4382 185
4383 63
4384 2591
4385 2626
4386 2577
4387 2577
4388 2534
4389 2577
4390 2582
4391 2580
4392 2622
4393 2593
4394 2593
4395 2583
4396 2639
4397 2690
4398 185
4399 185
4400 41
4401 41
4402 41
4403 41
4404 41
4405 41
4406 41
4407 41
4408 41
4409 41
4410 41
4411 41
4412 41
4413 41
4414 41
4415 3277
4416 4445
4417 4241
4418 3352
4419 42
4420 3125
4421 4153
4422 42
4423 4144
4424 94
4425 41
4426 41
4427 41
4428 41
4429 41
4430 104
4431 107
4432 107
4433 63
4434 4203
4435 104
4436 105
4437 3126
4438 4201
4439 34
4440 23
4441 3126
4442 41
4443 3056
4444 4220
4445 41
4446 41
4447 41
4448 41
4449 3056
4450 41
4451 41
4452 2602
4453 2602
4454 2602
4455 2592
4456 2605
4457 2602
4458 63
4459 105
4460 107
4461 104
4462 105
4463 4203
4464 105
4465 104
4466 4203
4467 104
4468 108
4469 108
4470 108
4471 4203
4472 4278
4473 4273
4474 108
4475 4780
4476 4675
4477 4788
4478 4755
4479 4755
4480 4787
4481 4787
4482 4788
4483 4788
4484 4663
4485 4788
4486 4789
4487 4675
4488 4664
4489 4663
4490 4675
4491 4779
4492 4755
4493 4788
4494 4779
4495 4787
4496 219
4497 176
4498 176
4499 176
4500 1697
4501 142
4502 219
4503 219
4504 219
4505 2590
4506 2592
4507 2668
4508 2688
4509 2668
4510 2602
4511 2668
4512 2439
4513 2511
4514 2540
4515 2540
4516 2511
4517 2528
4518 2526
4519 2619
4520 2619
4521 2534
4522 2626
4523 2579
4524 2577
4525 2622
4526 2622
4527 220
4528 154
4529 132
4530 220
4531 220
4532 4787
4533 182
4534 182
4535 7
4536 182
4537 182
4538 29
4539 84
4540 7
4541 29
4542 29
4543 182
4544 182
4545 168
4546 132
4547 29
4548 132
4549 132
4550 220
4551 7
4552 7
4553 151
4554 132
4555 151
4556 7
4557 7
4558 7
4559 220
4560 7
4561 132
4562 132
4563 132
4564 211
4565 218
4566 217
4567 212
4568 59
4569 59
4570 211
4571 202
4572 220
4573 211
4574 394
4575 218
4576 212
4577 211
4578 211
4579 211
4580 212
4581 212
4582 59
4583 446
4584 1727
4585 1727
4586 1727
4587 1123
4588 1648
4589 1648
4590 1648
4591 1727
4592 1648
4593 1648
4594 1648
4595 1648
4596 441
4597 445
4598 1727
4599 1727
4600 1727
4601 1123
4602 440
4603 1476
4604 1476
4605 431
4606 435
4607 2703
4608 2688
4609 2668
4610 2592
4611 2590
4612 2592
4613 2639
4614 2602
4615 2668
4616 3006
4617 2949
4618 2685
4619 2989
4620 2989
4621 2989
4622 2916
4623 2989
4624 2974
4625 2984
4626 2984
4627 2936
4628 2998
4629 2949
4630 2949
4631 2908
4632 2974
4633 2974
4634 2682
4635 2989
4636 2974
4637 2916
4638 2989
4639 2989
4640 2989
4641 2974
4642 2974
4643 2989
4644 2983
4645 2682
4646 2989
4647 2682
4648 2971
4649 2685
4650 2971
4651 2971
4652 2701
4653 2916
4654 2602
4655 2668
4656 2602
4657 2602
4658 2668
4659 2690
4660 2690
4661 2688
4662 2703
4663 2687
4664 2685
4665 2687
4666 2682
4667 2971
4668 2685
4669 2685
4670 2701
4671 2698
4672 2912
4673 2916
4674 2974
4675 2701
4676 2682
4677 2908
4678 2685
4679 2687
4680 2687
4681 2685
4682 2701
4683 2687
4684 2687
4685 2974
4686 2971
4687 2916
4688 2701
4689 2916
4690 2971
4691 2971
4692 2685
4693 2971
4694 2687
4695 2685
4696 2703
4697 2687
4698 2685
4699 2685
4700 2701
4701 2685
4702 2583
4703 4675
4704 4788
4705 4663
4706 4661
4707 2593
4708 4465
4709 982
4710 176
4711 176
4712 1662
4713 1667
4714 1667
4715 1667
4716 1667
4717 1478
4718 1662
4719 1667
4720 1074
4721 1478
4722 1088
4723 1478
4724 1478
4725 1088
4726 1667
4727 1667
4728 391
4729 391
4730 391
4731 176
4732 385
4733 176
4734 344
4735 344
4736 344
4737 344
4738 1725
4739 1662
4740 1662
4741 391
4742 344
4743 391
4744 344
4745 344
4746 391
4747 1725
4748 176
4749 176
4750 176
4751 1469
4752 1469
4753 1123
4754 1469
4755 982
4756 1480
4757 982
4758 1469
4759 1088
4760 1088
4761 431
4762 1088
4763 408
4764 431
4765 408
4766 1463
4767 1469
4768 1270
4769 1203
4770 1476
4771 1476
4772 1735
4773 1202
4774 1743
4775 431
4776 1476
4777 1648
4778 1735
4779 1727
4780 1735
4781 431
4782 431
4783 440
4784 449
4785 1648
4786 435
4787 408
4788 1648
4789 440
4790 1648
4791 1727
4792 431
4793 3411
4794 4496
4795 4489
4796 4496
4797 4489
4798 4631
4799 4612
4800 4457
4801 4496
4802 4482
4803 4512
4804 4742
4805 4806
4806 4464
4807 3692
4808 3635
4809 3634
4810 3634
4811 3634
4812 4510
4813 3441
4814 3455
4815 4484
4816 4484
4817 4496
4818 4496
4819 4496
4820 4484
4821 1743
4822 4484
4823 1743
4824 406
4825 4127
4826 4496
4827 408
4828 3455
4829 3455
4830 3506
4831 3455
4832 3455
4833 4572
4834 3455
4835 3455
4836 3573
4837 3692
4838 4759
4839 4511
4840 4509
4841 4464
4842 4792
4843 4806
4844 4806
4845 4640
4846 4787
4847 4640
4848 4640
4849 4787
4850 4788
4851 4806
4852 4755
4853 4640
4854 4640
4855 4664
4856 2343
4857 4641
4858 2343
4859 4570
4860 4526
4861 4510
4862 4510
4863 4458
4864 4757
4865 4757
4866 4760
4867 4684
4868 4676
4869 4612
4870 4570
4871 4572
4872 3503
4873 3503
4874 3449
4875 3505
4876 3503
4877 3503
4878 3503
4879 3455
4880 3634
4881 3503
4882 3449
4883 3445
4884 4528
4885 3441
4886 3449
4887 4564
4888 4562
4889 4529
4890 3642
4891 4510
4892 3573
4893 3642
4894 3692
4895 4686
4896 4752
4897 1650
4898 940
4899 940
4900 2317
4901 2366
4902 4568
4903 4529
4904 4458
4905 3449
4906 3449
4907 3449
4908 4566
4909 3692
4910 3634
4911 4665
4912 4640
4913 3634
4914 4806
4915 3634
4916 3634
4917 3634
4918 4755
4919 4664
4920 4686
4921 4687
4922 3525
4923 4639
4924 4688
4925 4753
4926 4568
4927 940
4928 4525
4929 4513
4930 4458
4931 4527
4932 4513
4933 4569
4934 4567
4935 4458
4936 4529
4937 4564
4938 3449
4939 4564
4940 4568
4941 4529
4942 4568
4943 4458
4944 4464
4945 940
4946 940
4947 2366
4948 4825
4949 2366
4950 2366
4951 4637
4952 4617
4953 4513
4954 4510
4955 4509
4956 4530
4957 4467
4958 4464
4959 4511
4960 4468
4961 4465
4962 4511
4963 4513
4964 4467
4965 4468
4966 4468
4967 4465
4968 4465
4969 2361
4970 4465
4971 4511
4972 4509
4973 4511
4974 4509
4975 4465
4976 4468
4977 4510
4978 4525
4979 4530
4980 4511
4981 4525
4982 4530
4983 4511
4984 4509
4985 4468
4986 3642
4987 3642
4988 4464
4989 4467
4990 4468
4991 4509
4992 4469
4993 3642
4994 4511
4995 4464
4996 4509
4997 3642
4998 4527
4999 4509
5000 4527
5001 4527
5002 4513
5003 4529
5004 4568
5005 4568
5006 4564
5007 4564
5008 4525
5009 4526
5010 2366
5011 2366
5012 2366
5013 2319
5014 2319
5015 4829
5016 4828
5017 4828
5018 4830
5019 4828
5020 4830
5021 4612
5022 4637
5023 4612
5024 4628
5025 4628
5026 4612
5027 4624
5028 4612
5029 4610
5030 4747
5031 4830
5032 4830
5033 4610
5034 4624
5035 4628
5036 4624
5037 4628
5038 4613
5039 4628
5040 4610
5041 4628
5042 4628
5043 4613
5044 4465
5045 4468
5046 4469
5047 4465
5048 4469
5049 4513
5050 3642
5051 4464
5052 4513
5053 4467
5054 4468
5055 3642
5056 4468
5057 4464
5058 3642
5059 4465
5060 2319
5061 2351
5062 2319
5063 2319
5064 4465
5065 4467
5066 4467
5067 4468
5068 4467
5069 4468
5070 4511
5071 4468
5072 4464
5073 4511
5074 4511
5075 4711
5076 4775
5077 4754
5078 4753
5079 4755
5080 4755
5081 4730
5082 4753
5083 4687
5084 4521
5085 4568
5086 4568
5087 4525
5088 4525
5089 4525
5090 4567
5091 4567
5092 4568
5093 4458
5094 3449
5095 4529
5096 2351
5097 2319
5098 4465
5099 4568
5100 2319
5101 4568
5102 4568
5103 4525
5104 4520
5105 4465
5106 2337
5107 2266
5108 4464
5109 4467
5110 4464
5111 4510
5112 4512
5113 4530
5114 4510
5115 4525
5116 4525
5117 2351
5118 4735
5119 4467
5120 3642
5121 4642
5122 4735
5123 4784
5124 4776
5125 4755
5126 3841
5127 3525
5128 3525
5129 4830
5130 3841
5131 3841
5132 4771
5133 2337
5134 3525
5135 4693
5136 4690
5137 4767
5138 4683
5139 4612
5140 4612
5141 4612
5142 4612
5143 4612
5144 4757
5145 4628
5146 4613
5147 4628
5148 4627
5149 4628
5150 4627
5151 4628
5152 4637
5153 4613
5154 4830
5155 4830
5156 4830
5157 4686
5158 4686
5159 4686
5160 4686
5161 4686
5162 4752
5163 4686
5164 4686
5165 4687
5166 4707
5167 4687
5168 4753
5169 3642
5170 4468
5171 3642
5172 3642
5173 4468
5174 4465
5175 2276
5176 2319
5177 2351
5178 2332
5179 2351
5180 4825
5181 4830
5182 2266
5183 4735
5184 4822
5185 2266
5186 2319
5187 1696
5188 1696
5189 1688
5190 41
5191 41
5192 41
5193 176
5194 1662
5195 1696
5196 41
5197 41
5198 41
5199 176
5200 41
5201 41
5202 41
5203 176
