0 3696
1 3532
2 532
3 698
4 3602
5 705
6 699
7 4350
8 3195
9 463
10 2091
11 4293
12 463
13 1198
14 3153
15 1220
16 3532
17 417
18 463
19 3157
20 2091
21 1463
22 3532
23 508
24 3532
25 3518
26 3518
27 3837
28 3626
29 4294
30 3195
31 4512
32 3204
33 3272
34 3532
35 1198
36 463
37 4293
38 406
39 3623
40 398
41 413
42 1488
43 2091
44 405
45 3155
46 3558
47 2048
48 3622
49 3163
50 3602
51 476
52 722
53 414
54 398
55 393
56 3840
57 3163
58 416
59 4512
60 3837
61 3905
62 4528
63 3150
64 463
65 2091
66 660
67 699
68 3531
69 2727
70 3706
71 2084
72 2298
73 398
74 3212
75 1463
76 3707
77 2091
78 3270
79 2275
80 3532
81 506
82 1198
83 3154
84 3837
85 1964
86 3922
87 461
88 1198
89 4223
90 2091
91 2219
92 461
93 3155
94 3281
95 3195
96 3534
97 399
98 722
99 479
100 3518
101 2091
102 2091
103 3163
104 508
105 508
106 675
107 3151
108 2202
109 3841
110 412
111 3836
112 468
113 2003
114 3606
115 3204
116 3204
117 2091
118 3558
119 4223
120 4223
121 722
122 2232
123 2222
124 136
125 3836
126 2733
127 4223
128 1464
129 3212
130 3518
131 483
132 477
133 3842
134 697
135 1960
136 3623
137 3270
138 1960
139 2734
140 632
141 425
142 3836
143 2733
144 705
145 641
146 3160
147 2202
148 2091
149 1964
150 4942
151 3213
152 722
153 3519
154 136
155 393
156 136
157 2733
158 722
159 701
160 3633
161 3165
162 399
163 3298
164 3162
165 3533
166 404
167 3155
168 3297
169 635
170 3842
171 1964
172 3835
173 2225
174 3162
175 1960
176 3629
177 3163
178 3271
179 1960
180 3163
181 4350
182 379
183 664
184 3689
185 3198
186 2733
187 711
188 503
189 3605
190 3695
191 424
192 3707
193 416
194 2232
195 1150
196 1434
197 3920
198 482
199 2704
200 4201
201 3162
202 377
203 3602
204 3182
205 3204
206 3840
207 2003
208 424
209 2733
210 4513
211 2670
212 3920
213 482
214 2091
215 3204
216 3841
217 477
218 424
219 4942
220 3558
221 2222
222 3262
223 2203
224 722
225 3265
226 410
227 3527
228 1537
229 3265
230 2003
231 664
232 3527
233 675
234 3695
235 3154
236 3284
237 3632
238 4513
239 3183
240 3837
241 3160
242 536
243 3605
244 1965
245 3689
246 3270
247 3525
248 136
249 410
250 3525
251 697
252 3269
253 4130
254 722
255 3562
256 1960
257 478
258 1433
259 482
260 3836
261 3212
262 3707
263 3281
264 2003
265 1198
266 3243
267 2334
268 3839
269 477
270 4347
271 3695
272 3527
273 3837
274 3922
275 379
276 3214
277 669
278 2702
279 3841
280 3204
281 3695
282 3150
283 479
284 700
285 664
286 503
287 3840
288 405
289 4310
290 3859
291 497
292 2046
293 2048
294 693
295 3904
296 3524
297 1540
298 1960
299 2784
300 508
301 695
302 2791
303 4528
304 2088
305 1198
306 3530
307 3527
308 697
309 477
310 477
311 2929
312 463
313 424
314 1198
315 3220
316 478
317 483
318 2726
319 3281
320 3526
321 2727
322 4130
323 631
324 2734
325 3183
326 710
327 3629
328 3206
329 2328
330 479
331 1152
332 673
333 484
334 697
335 1964
336 398
337 2232
338 3517
339 4530
340 697
341 3162
342 3190
343 1964
344 3510
345 3150
346 3920
347 3837
348 1537
349 2091
350 3166
351 3518
352 631
353 2739
354 3163
355 2203
356 3155
357 3841
358 3526
359 4942
360 1964
361 4201
362 479
363 536
364 3195
365 660
366 2787
367 3204
368 3190
369 1455
370 3163
371 3155
372 656
373 3320
374 3518
375 3904
376 1960
377 3533
378 479
379 3155
380 4351
381 3689
382 2003
383 4318
384 631
385 3163
386 4528
387 3220
388 4291
389 2049
390 2202
391 2328
392 324
393 3243
394 4308
395 2201
396 2926
397 3229
398 3558
399 3265
400 410
401 2298
402 484
403 3527
404 477
405 2791
406 646
407 3229
408 484
409 3167
410 2091
411 3917
412 3562
413 3893
414 3917
415 4308
416 3535
417 479
418 1488
419 3275
420 1365
421 2003
422 2203
423 3564
424 3695
425 2048
426 1531
427 722
428 693
429 2798
430 3163
431 1434
432 2775
433 407
434 483
435 3279
436 3535
437 2334
438 675
439 1533
440 2792
441 2222
442 419
443 686
444 410
445 3163
446 532
447 2065
448 3859
449 3517
450 3211
451 3174
452 3837
453 2787
454 3214
455 3562
456 722
457 3623
458 479
459 631
460 695
461 2740
462 636
463 631
464 3904
465 3510
466 1960
467 393
468 3183
469 2334
470 3321
471 3840
472 1533
473 3204
474 3630
475 3160
476 3155
477 1221
478 2329
479 699
480 3265
481 3859
482 307
483 671
484 3898
485 1538
486 3531
487 1540
488 632
489 2775
490 1365
491 3265
492 3281
493 1531
494 510
495 3298
496 3601
497 2219
498 398
499 2230
500 1124
501 479
502 2003
503 2791
504 3220
505 1529
506 4942
507 3562
508 3162
509 2733
510 3174
511 406
512 2203
513 2704
514 2232
515 3521
516 1462
517 1463
518 4310
519 3204
520 2039
521 3211
522 640
523 2234
524 3171
525 1438
526 379
527 482
528 1489
529 635
530 2203
531 3600
532 646
533 660
534 3220
535 4512
536 415
537 2199
538 2886
539 2787
540 636
541 3198
542 3531
543 673
544 182
545 468
546 1202
547 3206
548 631
549 2202
550 3163
551 2228
552 2775
553 4310
554 722
555 1532
556 3190
557 3264
558 3922
559 479
560 3155
561 1540
562 2762
563 307
564 3269
565 3274
566 2923
567 172
568 1088
569 722
570 3195
571 4942
572 3517
573 3163
574 4347
575 2800
576 1710
577 686
578 2733
579 1123
580 310
581 484
582 3174
583 1533
584 1531
585 3564
586 3706
587 4939
588 1456
589 2929
590 3920
591 2202
592 722
593 3840
594 175
595 172
596 4529
597 2270
598 3562
599 671
600 3859
601 3695
602 2733
603 3558
604 722
605 1461
606 4350
607 410
608 3510
609 1531
610 304
611 2708
612 631
613 2048
614 2334
615 4347
616 646
617 2926
618 1478
619 2294
620 3320
621 482
622 4512
623 4293
624 3281
625 1533
626 3256
627 2222
628 1537
629 4512
630 3157
631 1456
632 416
633 726
634 1531
635 2329
636 2923
637 722
638 2758
639 2202
640 4293
641 4352
642 3706
643 3162
644 1706
645 3071
646 2003
647 2203
648 4493
649 3321
650 2708
651 3160
652 722
653 3163
654 639
655 698
656 2886
657 1198
658 2039
659 231
660 3318
661 1932
662 425
663 1533
664 681
665 638
666 673
667 2730
668 2091
669 307
670 2699
671 410
672 1528
673 1092
674 5194
675 3270
676 532
677 3707
678 3840
679 3919
680 3079
681 3664
682 468
683 2707
684 2328
685 3206
686 4840
687 645
688 469
689 1716
690 722
691 2760
692 639
693 3693
694 3520
695 2048
696 1533
697 2202
698 3695
699 710
700 3564
701 3070
702 3663
703 3298
704 667
705 472
706 1152
707 3188
708 2670
709 3196
710 3204
711 3295
712 341
713 4840
714 1945
715 4347
716 477
717 673
718 3150
719 3898
720 667
721 646
722 1533
723 2670
724 1932
725 2782
726 1531
727 469
728 321
729 3171
730 4830
731 244
732 2052
733 3837
734 3298
735 4725
736 393
737 196
738 3253
739 2048
740 2202
741 689
742 4777
743 692
744 2003
745 3270
746 3185
747 4488
748 2670
749 693
750 2798
751 3897
752 4375
753 638
754 645
755 3270
756 321
757 4379
758 1664
759 414
760 2048
761 3663
762 2923
763 2835
764 3154
765 3706
766 2221
767 1122
768 3174
769 1538
770 3106
771 2704
772 3641
773 660
774 673
775 1997
776 2787
777 3526
778 728
779 1533
780 1434
781 2299
782 1498
783 1462
784 274
785 2923
786 497
787 1965
788 3682
789 726
790 3069
791 4942
792 3211
793 674
794 3841
795 635
796 4376
797 1533
798 2329
799 3265
800 1531
801 2183
802 1438
803 4527
804 3295
805 3265
806 2733
807 674
808 175
809 482
810 3195
811 4833
812 3347
813 4420
814 638
815 3347
816 3859
817 4713
818 3859
819 2203
820 3835
821 237
822 2733
823 1960
824 673
825 532
826 2765
827 3081
828 3922
829 2003
830 244
831 421
832 2202
833 3318
834 4529
835 237
836 477
837 4439
838 3155
839 3081
840 658
841 4656
842 2929
843 2048
844 484
845 3304
846 3069
847 3271
848 3642
849 4409
850 3664
851 679
852 1672
853 5155
854 5157
855 2670
856 4379
857 632
858 281
859 4482
860 3936
861 1112
862 3105
863 3837
864 3662
865 3707
866 2048
867 2052
868 5152
869 3213
870 3526
871 2556
872 3936
873 4201
874 3922
875 1705
876 3159
877 3347
878 3182
879 4224
880 3106
881 1932
882 393
883 4767
884 4293
885 3538
886 3682
887 237
888 484
889 666
890 4776
891 2794
892 3251
893 2798
894 3163
895 631
896 414
897 2704
898 673
899 3079
900 405
901 3663
902 2199
903 2003
904 3157
905 2798
906 2675
907 4483
908 2329
909 4168
910 3663
911 2298
912 4834
913 532
914 1531
915 497
916 3081
917 244
918 3706
919 5127
920 2859
921 3204
922 3682
923 4830
924 1365
925 5107
926 4409
927 675
928 4379
929 2203
930 280
931 2280
932 2424
933 2727
934 3270
935 3706
936 4767
937 484
938 2199
939 3272
940 4786
941 3663
942 3587
943 3174
944 3198
945 1089
946 2929
947 3570
948 5099
949 2052
950 638
951 393
952 1933
953 2204
954 3189
955 3917
956 3655
957 3347
958 2280
959 2853
960 4834
961 722
962 638
963 2280
964 3079
965 418
966 3189
967 3256
968 3570
969 3650
970 1514
971 2229
972 3174
973 2926
974 2557
975 5136
976 2557
977 1521
978 2278
979 1136
980 3837
981 2794
982 3572
983 1488
984 631
985 3270
986 646
987 4654
988 4537
989 3302
990 3302
991 2556
992 3936
993 3106
994 3286
995 2119
996 3663
997 3105
998 4376
999 2200
1000 722
1001 4033
1002 3204
1003 3894
1004 4350
1005 3660
1006 324
1007 470
1008 5098
1009 2280
1010 4374
1011 3265
1012 3663
1013 238
1014 1365
1015 4471
1016 2859
1017 2704
1018 3840
1019 638
1020 3613
1021 3936
1022 2310
1023 3630
1024 3304
1025 1419
1026 2280
1027 2857
1028 4033
1029 3311
1030 2287
1031 2035
1032 2733
1033 1916
1034 2160
1035 4271
1036 4369
1037 3184
1038 4654
1039 238
1040 136
1041 483
1042 3535
1043 4386
1044 675
1045 244
1046 2212
1047 3068
1048 1762
1049 4873
1050 3081
1051 668
1052 2230
1053 635
1054 3212
1055 2733
1056 2276
1057 309
1058 3663
1059 2857
1060 2046
1061 3894
1062 3859
1063 667
1064 2924
1065 3318
1066 3163
1067 4840
1068 3105
1069 4000
1070 4336
1071 5108
1072 3685
1073 3679
1074 4224
1075 4812
1076 1152
1077 2280
1078 4802
1079 2199
1080 2556
1081 3275
1082 2233
1083 3894
1084 3682
1085 2065
1086 2198
1087 3304
1088 2119
1089 2055
1090 3679
1091 2556
1092 3840
1093 638
1094 2278
1095 2048
1096 4592
1097 961
1098 2675
1099 4000
1100 5155
1101 2940
1102 142
1103 2202
1104 2199
1105 3304
1106 3319
1107 646
1108 675
1109 4833
1110 3069
1111 3269
1112 1236
1113 237
1114 3105
1115 1945
1116 2424
1117 1112
1118 4130
1119 2277
1120 2281
1121 4182
1122 2277
1123 4592
1124 2557
1125 2935
1126 3648
1127 5144
1128 539
1129 4182
1130 2903
1131 2294
1132 237
1133 3655
1134 2203
1135 3665
1136 743
1137 5051
1138 2424
1139 3326
1140 2940
1141 3526
1142 5142
1143 3682
1144 3682
1145 1531
1146 2219
1147 3664
1148 4377
1149 3663
1150 4379
1151 4527
1152 4378
1153 2094
1154 2854
1155 2199
1156 2201
1157 1531
1158 3154
1159 4382
1160 864
1161 862
1162 136
1163 3161
1164 4840
1165 2791
1166 538
1167 2094
1168 3554
1169 4541
1170 192
1171 3541
1172 1122
1173 2160
1174 3105
1175 737
1176 3543
1177 2557
1178 3150
1179 4182
1180 2038
1181 3639
1182 3919
1183 734
1184 237
1185 2201
1186 3105
1187 1246
1188 538
1189 4377
1190 1236
1191 3706
1192 2941
1193 2288
1194 4592
1195 4882
1196 1136
1197 3541
1198 2941
1199 3685
1200 3706
1201 2233
1202 2294
1203 4033
1204 961
1205 1893
1206 3106
1207 4384
1208 4532
1209 1893
1210 3657
1211 4656
1212 4817
1213 2298
1214 2153
1215 4815
1216 1893
1217 3570
1218 1916
1219 4352
1220 244
1221 810
1222 2275
1223 739
1224 1531
1225 532
1226 2094
1227 3221
1228 4282
1229 2675
1230 4840
1231 1236
1232 2153
1233 3682
1234 2204
1235 3347
1236 1183
1237 3613
1238 2205
1239 1710
1240 3562
1241 4001
1242 5139
1243 2926
1244 701
1245 2942
1246 3562
1247 4194
1248 478
1249 4470
1250 4162
1251 2424
1252 1932
1253 3105
1254 2309
1255 5128
1256 664
1257 4767
1258 3160
1259 4162
1260 3281
1261 4376
1262 1249
1263 233
1264 660
1265 3682
1266 3638
1267 4421
1268 4352
1269 3347
1270 2153
1271 322
1272 734
1273 3582
1274 3685
1275 4882
1276 4897
1277 3650
1278 2794
1279 4425
1280 3685
1281 675
1282 2787
1283 2940
1284 3596
1285 2707
1286 4339
1287 3311
1288 1525
1289 3596
1290 2038
1291 4197
1292 1131
1293 987
1294 2556
1295 538
1296 237
1297 2290
1298 2269
1299 2222
1300 4439
1301 2862
1302 3701
1303 5047
1304 3701
1305 1914
1306 3542
1307 3304
1308 4373
1309 4224
1310 4744
1311 3717
1312 3153
1313 4781
1314 5042
1315 4282
1316 5036
1317 4380
1318 3031
1319 1762
1320 2556
1321 238
1322 3682
1323 4182
1324 4833
1325 5178
1326 3554
1327 2204
1328 4201
1329 3155
1330 4000
1331 3031
1332 5160
1333 4318
1334 3340
1335 3357
1336 3357
1337 2556
1338 4000
1339 1700
1340 5190
1341 2124
1342 4379
1343 737
1344 2291
1345 638
1346 4316
1347 5041
1348 1692
1349 2424
1350 2069
1351 2204
1352 4956
1353 2277
1354 2556
1355 237
1356 3938
1357 4385
1358 2212
1359 1498
1360 5160
1361 2088
1362 4482
1363 2811
1364 1606
1365 3699
1366 5142
1367 2045
1368 1670
1369 3302
1370 4377
1371 3302
1372 3920
1373 4310
1374 3157
1375 810
1376 4001
1377 4180
1378 129
1379 4483
1380 539
1381 4888
1382 735
1383 3155
1384 4830
1385 3157
1386 3581
1387 1893
1388 4353
1389 4495
1390 3116
1391 1762
1392 3275
1393 3504
1394 2559
1395 2556
1396 237
1397 3526
1398 4318
1399 1893
1400 4594
1401 697
1402 1244
1403 2980
1404 1236
1405 5031
1406 2276
1407 4654
1408 1112
1409 2853
1410 539
1411 539
1412 5127
1413 3069
1414 720
1415 225
1416 3682
1417 1249
1418 2247
1419 4376
1420 4898
1421 3311
1422 3685
1423 2294
1424 4812
1425 2980
1426 4351
1427 3213
1428 497
1429 2048
1430 645
1431 2940
1432 237
1433 4162
1434 3511
1435 2153
1436 3639
1437 4352
1438 244
1439 4435
1440 3581
1441 4815
1442 2309
1443 2556
1444 539
1445 5041
1446 5094
1447 1236
1448 4201
1449 2234
1450 4197
1451 4380
1452 2553
1453 2955
1454 477
1455 536
1456 3577
1457 479
1458 4809
1459 182
1460 3313
1461 2919
1462 4656
1463 4592
1464 4042
1465 4882
1466 2277
1467 2680
1468 2278
1469 675
1470 2700
1471 4714
1472 3309
1473 3641
1474 2955
1475 4302
1476 2244
1477 4446
1478 2278
1479 4840
1480 4840
1481 3922
1482 136
1483 3339
1484 469
1485 3840
1486 4195
1487 3212
1488 5155
1489 5162
1490 2544
1491 3212
1492 4485
1493 3580
1494 2278
1495 2557
1496 3286
1497 4000
1498 4302
1499 3298
1500 3685
1501 3600
1502 4162
1503 2670
1504 237
1505 3685
1506 2289
1507 5134
1508 4513
1509 3643
1510 225
1511 2121
1512 4808
1513 4314
1514 4000
1515 244
1516 375
1517 2940
1518 1732
1519 1419
1520 2276
1521 2303
1522 5099
1523 2655
1524 5190
1525 225
1526 4221
1527 3106
1528 3069
1529 1527
1530 1249
1531 241
1532 2276
1533 484
1534 3682
1535 2303
1536 1997
1537 3581
1538 4594
1539 2252
1540 3657
1541 3594
1542 4435
1543 744
1544 5048
1545 4057
1546 4336
1547 2853
1548 4198
1549 2557
1550 2294
1551 3594
1552 3682
1553 4162
1554 862
1555 1754
1556 2798
1557 1152
1558 3685
1559 3682
1560 3904
1561 4042
1562 3876
1563 819
1564 3817
1565 679
1566 1244
1567 2556
1568 4811
1569 3685
1570 2306
1571 3541
1572 5153
1573 3585
1574 237
1575 4168
1576 3811
1577 2655
1578 4271
1579 3247
1580 2232
1581 4894
1582 4314
1583 4377
1584 4594
1585 4724
1586 1487
1587 4944
1588 1152
1589 2270
1590 244
1591 3374
1592 3105
1593 3309
1594 3833
1595 3155
1596 3321
1597 3807
1598 1690
1599 4197
1600 3106
1601 1236
1602 4873
1603 479
1604 5146
1605 237
1606 3272
1607 244
1608 3081
1609 4042
1610 4194
1611 1434
1612 2708
1613 4557
1614 4194
1615 4304
1616 4008
1617 2153
1618 4221
1619 2565
1620 4692
1621 1236
1622 3347
1623 3106
1624 2153
1625 2279
1626 2294
1627 5099
1628 2287
1629 3921
1630 4873
1631 4835
1632 241
1633 4308
1634 3591
1635 3682
1636 4061
1637 4478
1638 4789
1639 1152
1640 3570
1641 3593
1642 2556
1643 3582
1644 238
1645 2212
1646 3685
1647 536
1648 1964
1649 3217
1650 3830
1651 4308
1652 4920
1653 3679
1654 4001
1655 2121
1656 237
1657 2221
1658 4687
1659 4768
1660 4162
1661 3894
1662 2955
1663 4488
1664 4799
1665 173
1666 5047
1667 4042
1668 4042
1669 241
1670 3339
1671 3634
1672 3075
1673 5158
1674 5039
1675 2655
1676 4175
1677 4818
1678 4873
1679 3352
1680 532
1681 4537
1682 2199
1683 539
1684 175
1685 4806
1686 536
1687 1933
1688 1751
1689 1246
1690 4194
1691 3682
1692 3302
1693 3587
1694 4898
1695 5037
1696 4195
1697 4377
1698 4453
1699 182
1700 1945
1701 1893
1702 2203
1703 2278
1704 1695
1705 645
1706 2557
1707 3826
1708 2241
1709 2276
1710 2557
1711 2268
1712 132
1713 2940
1714 1308
1715 4352
1716 3374
1717 3936
1718 2052
1719 3682
1720 4318
1721 3663
1722 3695
1723 538
1724 2279
1725 4453
1726 5180
1727 3105
1728 4541
1729 4087
1730 2294
1731 2675
1732 3220
1733 2941
1734 5036
1735 1916
1736 3318
1737 1236
1738 2556
1739 4339
1740 2424
1741 3105
1742 3662
1743 469
1744 2278
1745 5165
1746 4298
1747 4785
1748 736
1749 4768
1750 4001
1751 3813
1752 3243
1753 3572
1754 3302
1755 2941
1756 3799
1757 1236
1758 3679
1759 2941
1760 2557
1761 3431
1762 309
1763 1112
1764 237
1765 2289
1766 3079
1767 2704
1768 4533
1769 801
1770 673
1771 4309
1772 2919
1773 4531
1774 1668
1775 2557
1776 4316
1777 666
1778 696
1779 1244
1780 2957
1781 2269
1782 2557
1783 2204
1784 2941
1785 2556
1786 739
1787 237
1788 3504
1789 2269
1790 3024
1791 2954
1792 240
1793 1376
1794 4809
1795 2306
1796 172
1797 4768
1798 4778
1799 2559
1800 3312
1801 3105
1802 2277
1803 4767
1804 5153
1805 4896
1806 2940
1807 1893
1808 1465
1809 2706
1810 539
1811 3581
1812 4592
1813 3183
1814 3699
1815 4891
1816 4906
1817 5187
1818 237
1819 1713
1820 4767
1821 2424
1822 241
1823 3648
1824 1365
1825 5106
1826 3811
1827 5170
1828 4936
1829 1578
1830 3570
1831 4373
1832 4812
1833 2208
1834 2321
1835 4813
1836 1531
1837 2424
1838 3339
1839 2153
1840 3105
1841 646
1842 2557
1843 3594
1844 3554
1845 2123
1846 3821
1847 2310
1848 4453
1849 241
1850 2556
1851 2306
1852 1150
1853 5193
1854 1672
1855 4271
1856 5046
1857 4656
1858 4075
1859 4684
1860 4826
1861 3313
1862 4917
1863 4248
1864 2306
1865 3679
1866 1488
1867 2955
1868 4350
1869 3275
1870 491
1871 2661
1872 2294
1873 2247
1874 4058
1875 2294
1876 4540
1877 5142
1878 2247
1879 985
1880 1720
1881 5162
1882 4054
1883 3644
1884 5041
1885 3578
1886 2252
1887 2708
1888 4926
1889 3105
1890 398
1891 3577
1892 1236
1893 4191
1894 4055
1895 539
1896 2704
1897 2935
1898 4196
1899 2276
1900 4196
1901 4786
1902 3600
1903 3697
1904 3581
1905 1713
1906 1932
1907 2289
1908 3682
1909 1933
1910 1525
1911 1893
1912 1152
1913 3163
1914 1498
1915 2230
1916 225
1917 309
1918 3582
1919 3582
1920 646
1921 2121
1922 2094
1923 5048
1924 4194
1925 1254
1926 530
1927 4316
1928 2153
1929 3105
1930 2564
1931 3816
1932 3922
1933 1660
1934 4318
1935 538
1936 4198
1937 3340
1938 3828
1939 2280
1940 1720
1941 2708
1942 171
1943 1308
1944 5147
1945 4574
1946 2219
1947 4084
1948 2704
1949 2278
1950 3339
1951 810
1952 4373
1953 4809
1954 2940
1955 3057
1956 3350
1957 4872
1958 3921
1959 5154
1960 3204
1961 3860
1962 2049
1963 3578
1964 4055
1965 3679
1966 4000
1967 4271
1968 2276
1969 4314
1970 2276
1971 4291
1972 1112
1973 2424
1974 3805
1975 1583
1976 3663
1977 4001
1978 4455
1979 2080
1980 3431
1981 3589
1982 635
1983 4744
1984 3699
1985 1578
1986 3271
1987 2556
1988 4471
1989 4447
1990 5118
1991 5040
1992 2199
1993 1545
1994 3821
1995 1254
1996 2052
1997 5035
1998 2264
1999 4409
2000 241
2001 5172
2002 5155
2003 2299
2004 862
2005 4182
2006 2556
2007 2119
2008 3543
2009 2249
2010 3596
2011 322
2012 3679
2013 3936
2014 830
2015 2655
2016 2203
2017 2980
2018 3586
2019 5150
2020 4248
2021 3105
2022 4294
2023 2798
2024 2286
2025 2244
2026 4817
2027 241
2028 1289
2029 4316
2030 4810
2031 1232
2032 4532
2033 2249
2034 3587
2035 2272
2036 1289
2037 4054
2038 2310
2039 4384
2040 2941
2041 237
2042 3374
2043 3039
2044 4198
2045 2557
2046 4866
2047 3214
2048 309
2049 4249
2050 2959
2051 5161
2052 5101
2053 1112
2054 4813
2055 2306
2056 5184
2057 5148
2058 224
2059 5183
2060 3682
2061 2544
2062 2288
2063 2278
2064 3840
2065 1249
2066 2294
2067 4008
2068 4659
2069 2247
2070 241
2071 3343
2072 4201
2073 4182
2074 2556
2075 1667
2076 5024
2077 736
2078 2276
2079 2963
2080 2670
2081 3214
2082 2799
2083 4175
2084 4379
2085 3182
2086 1112
2087 4209
2088 5106
2089 4683
2090 1152
2091 957
2092 2926
2093 4687
2094 2038
2095 3570
2096 3354
2097 2556
2098 241
2099 4162
2100 237
2101 237
2102 4087
2103 1893
2104 3048
2105 2811
2106 4791
2107 2310
2108 3578
2109 4130
2110 1241
2111 2647
2112 241
2113 2272
2114 3220
2115 2306
2116 810
2117 4907
2118 3330
2119 2811
2120 2954
2121 2675
2122 2676
2123 4888
2124 4057
2125 2557
2126 3572
2127 536
2128 1762
2129 4810
2130 3936
2131 136
2132 3682
2133 3704
2134 2709
2135 4042
2136 5040
2137 4574
2138 2119
2139 2957
2140 3214
2141 2276
2142 4380
2143 4666
2144 4483
2145 3799
2146 4042
2147 4537
2148 4883
2149 237
2150 2266
2151 2227
2152 1893
2153 3674
2154 869
2155 722
2156 241
2157 241
2158 2266
2159 3151
2160 4531
2161 3182
2162 5152
2163 3663
2164 3578
2165 3705
2166 4033
2167 3077
2168 539
2169 2294
2170 2654
2171 1932
2172 3298
2173 2263
2174 3220
2175 2266
2176 3214
2177 4557
2178 669
2179 5036
2180 5154
2181 2644
2182 2704
2183 3701
2184 4302
2185 3704
2186 2204
2187 2153
2188 3575
2189 1531
2190 2811
2191 5191
2192 3220
2193 2044
2194 4162
2195 1533
2196 4943
2197 3707
2198 1250
2199 2424
2200 4379
2201 2249
2202 2277
2203 3214
2204 377
2205 3313
2206 532
2207 2798
2208 3151
2209 3159
2210 1932
2211 2276
2212 2244
2213 3219
2214 307
2215 5138
2216 4559
2217 3271
2218 4552
2219 2704
2220 4664
2221 3639
2222 744
2223 1666
2224 4833
2225 3650
2226 4681
2227 2292
2228 3313
2229 3594
2230 237
2231 4792
2232 2661
2233 2289
2234 5135
2235 5177
2236 2658
2237 4875
2238 3274
2239 4130
2240 5013
2241 3936
2242 2424
2243 4198
2244 4882
2245 4162
2246 2244
2247 4141
2248 3035
2249 241
2250 4024
2251 739
2252 3819
2253 4826
2254 2225
2255 3212
2256 3685
2257 5178
2258 4666
2259 2564
2260 3995
2261 5013
2262 3057
2263 2955
2264 4172
2265 1533
2266 4087
2267 3589
2268 1249
2269 2119
2270 1932
2271 5042
2272 2121
2273 3339
2274 237
2275 2277
2276 3510
2277 1150
2278 1710
2279 2292
2280 4663
2281 3281
2282 3519
2283 4810
2284 4992
2285 3309
2286 4512
2287 2286
2288 1104
2289 4594
2290 3685
2291 2241
2292 2309
2293 3835
2294 4211
2295 3701
2296 3431
2297 2294
2298 1498
2299 2700
2300 3936
2301 4000
2302 1152
2303 5155
2304 3817
2305 4530
2306 2781
2307 3220
2308 175
2309 3160
2310 4000
2311 3326
2312 4674
2313 4781
2314 3431
2315 2700
2316 2294
2317 3832
2318 4382
2319 3655
2320 4088
2321 4373
2322 2789
2323 821
2324 1917
2325 2042
2326 2825
2327 4914
2328 2544
2329 4218
2330 2953
2331 2038
2332 2278
2333 4376
2334 2299
2335 4778
2336 241
2337 2919
2338 2644
2339 3580
2340 2252
2341 5140
2342 4687
2343 2424
2344 1248
2345 5027
2346 736
2347 3582
2348 4665
2349 3073
2350 2825
2351 2424
2352 3247
2353 2199
2354 2153
2355 646
2356 5048
2357 1700
2358 5029
2359 1249
2360 244
2361 1123
2362 3674
2363 3313
2364 4175
2365 1498
2366 539
2367 3706
2368 2290
2369 2543
2370 4379
2371 2230
2372 2309
2373 1152
2374 4888
2375 237
2376 2919
2377 3663
2378 4141
2379 2543
2380 244
2381 4377
2382 3105
2383 4873
2384 237
2385 2247
2386 1254
2387 3214
2388 3270
2389 5039
2390 4162
2391 5019
2392 3602
2393 2280
2394 4196
2395 4819
2396 2208
2397 4652
2398 244
2399 4444
2400 2557
2401 3685
2402 2955
2403 4528
2404 3831
2405 3663
2406 1249
2407 4554
2408 3649
2409 1420
2410 2644
2411 4307
2412 2811
2413 4552
2414 3682
2415 4667
2416 3894
2417 2275
2418 1434
2419 3697
2420 2700
2421 3339
2422 2244
2423 3570
2424 539
2425 3578
2426 739
2427 3056
2428 4936
2429 2276
2430 2276
2431 241
2432 4567
2433 1377
2434 2121
2435 1104
2436 3664
2437 3663
2438 1742
2439 2266
2440 2241
2441 3643
2442 646
2443 3256
2444 2956
2445 788
2446 4033
2447 2278
2448 4552
2449 2289
2450 3247
2451 2217
2452 4834
2453 4839
2454 4291
2455 3079
2456 3581
2457 3214
2458 4675
2459 2294
2460 3649
2461 830
2462 244
2463 3050
2464 2275
2465 1666
2466 4293
2467 2557
2468 2955
2469 2699
2470 5045
2471 4482
2472 3663
2473 4024
2474 1376
2475 4651
2476 2153
2477 1185
2478 3581
2479 1104
2480 1289
2481 2288
2482 3309
2483 2554
2484 3214
2485 2557
2486 3832
2487 2306
2488 538
2489 3663
2490 5106
2491 4552
2492 667
2493 2153
2494 2233
2495 4008
2496 4900
2497 3374
2498 2205
2499 1289
2500 1260
2501 4918
2502 3811
2503 241
2504 4088
2505 3639
2506 3057
2507 1150
2508 3580
2509 4378
2510 4130
2511 2854
2512 238
2513 2957
2514 2303
2515 3076
2516 4647
2517 3431
2518 3663
2519 3510
2520 3650
2521 3079
2522 4182
2523 4834
2524 3829
2525 819
2526 303
2527 3069
2528 4000
2529 3163
2530 2825
2531 237
2532 4784
2533 4787
2534 1606
2535 5024
2536 2121
2537 2276
2538 4380
2539 2294
2540 4873
2541 1929
2542 2287
2543 2276
2544 4227
2545 2291
2546 4663
2547 192
2548 3219
2549 4378
2550 3663
2551 4008
2552 4682
2553 245
2554 2121
2555 4310
2556 3601
2557 4000
2558 3339
2559 377
2560 241
2561 241
2562 722
2563 4687
2564 2424
2565 483
2566 3343
2567 4424
2568 477
2569 1700
2570 2123
2571 2642
2572 1666
2573 3636
2574 1578
2575 241
2576 4540
2577 4768
2578 3183
2579 4745
2580 4527
2581 4651
2582 1236
2583 538
2584 827
2585 1762
2586 237
2587 1533
2588 228
2589 1079
2590 2825
2591 1419
2592 3698
2593 2811
2594 4008
2595 3701
2596 309
2597 4680
2598 4552
2599 3805
2600 4791
2601 5039
2602 1254
2603 538
2604 1672
2605 538
2606 3313
2607 1740
2608 4915
2609 4383
2610 4008
2611 3264
2612 3032
2613 1945
2614 2544
2615 3076
2616 5164
2617 3298
2618 1705
2619 4455
2620 3105
2621 244
2622 3813
2623 2813
2624 1248
2625 4893
2626 4807
2627 863
2628 1112
2629 737
2630 2276
2631 3264
2632 2657
2633 675
2634 2294
2635 3050
2636 4201
2637 2220
2638 4182
2639 3613
2640 1487
2641 4921
2642 1893
2643 2080
2644 4594
2645 3229
2646 4058
2647 4574
2648 4293
2649 739
2650 4530
2651 3623
2652 1257
2653 2644
2654 827
2655 2662
2656 1537
2657 3578
2658 4934
2659 3572
2660 5144
2661 2286
2662 3706
2663 1489
2664 4042
2665 3168
2666 3542
2667 4212
2668 1419
2669 3835
2670 1533
2671 3105
2672 4196
2673 5040
2674 2424
2675 4360
2676 1698
2677 2088
2678 1236
2679 3309
2680 3570
2681 1434
2682 667
2683 2244
2684 4799
2685 2272
2686 2121
2687 1240
2688 245
2689 2237
2690 4008
2691 5012
2692 4294
2693 2424
2694 2289
2695 4033
2696 1104
2697 4564
2698 1743
2699 4201
2700 2959
2701 307
2702 2919
2703 3106
2704 4087
2705 79
2706 1667
2707 3578
2708 3035
2709 4308
2710 2244
2711 4033
2712 3699
2713 1498
2714 241
2715 2955
2716 2680
2717 3820
2718 2272
2719 2960
2720 1112
2721 2048
2722 3256
2723 4652
2724 2670
2725 3295
2726 241
2727 3570
2728 2294
2729 2775
2730 1112
2731 4033
2732 5125
2733 3601
2734 4001
2735 2222
2736 2956
2737 3106
2738 1531
2739 3154
2740 3266
2741 4033
2742 3264
2743 4790
2744 3699
2745 4565
2746 4360
2747 2210
2748 1289
2749 237
2750 4376
2751 3069
2752 2303
2753 4182
2754 237
2755 3707
2756 4474
2757 3813
2758 1123
2759 4162
2760 1257
2761 4801
2762 4291
2763 2209
2764 2294
2765 4916
2766 4387
2767 961
2768 4594
2769 4162
2770 4942
2771 3817
2772 2424
2773 309
2774 4834
2775 3657
2776 3079
2777 2951
2778 961
2779 477
2780 4841
2781 4893
2782 2121
2783 4475
2784 241
2785 4552
2786 4008
2787 2241
2788 2292
2789 3220
2790 4308
2791 2198
2792 4894
2793 4001
2794 1259
2795 3431
2796 4537
2797 3584
2798 2272
2799 3572
2800 1669
2801 4144
2802 2857
2803 241
2804 4372
2805 4147
2806 2959
2807 2150
2808 241
2809 3556
2810 5150
2811 3036
2812 4376
2813 5182
2814 3281
2815 3811
2816 3663
2817 1104
2818 2275
2819 1249
2820 130
2821 3663
2822 1743
2823 2775
2824 3682
2825 237
2826 2556
2827 4840
2828 5016
2829 735
2830 4220
2831 4379
2832 4065
2833 734
2834 842
2835 2294
2836 182
2837 1374
2838 244
2839 4297
2840 3105
2841 4291
2842 2424
2843 4944
2844 2121
2845 241
2846 3674
2847 241
2848 3154
2849 3587
2850 2264
2851 3701
2852 1964
2853 3587
2854 4653
2855 4667
2856 3663
2857 4923
2858 4474
2859 2798
2860 1732
2861 4690
2862 2557
2863 241
2864 2220
2865 735
2866 2294
2867 3601
2868 2556
2869 2289
2870 1377
2871 2955
2872 4552
2873 110
2874 4420
2875 4145
2876 4224
2877 2252
2878 4664
2879 3311
2880 4000
2881 3663
2882 722
2883 2424
2884 5140
2885 3700
2886 4179
2887 821
2888 2121
2889 2279
2890 2662
2891 827
2892 2038
2893 2556
2894 1256
2895 3587
2896 2124
2897 5118
2898 1583
2899 4182
2900 4291
2901 3037
2902 4666
2903 673
2904 3270
2905 5019
2906 2289
2907 2266
2908 4360
2909 4198
2910 4162
2911 241
2912 4033
2913 1733
2914 3829
2915 1050
2916 3106
2917 3057
2918 2670
2919 2657
2920 4223
2921 242
2922 2153
2923 3081
2924 322
2925 3601
2926 241
2927 3357
2928 4485
2929 3153
2930 2276
2931 2210
2932 4840
2933 4162
2934 4663
2935 1582
2936 3663
2937 4667
2938 2424
2939 3663
2940 1700
2941 2700
2942 5191
2943 4191
2944 3674
2945 241
2946 1718
2947 4896
2948 2294
2949 2557
2950 2218
2951 2295
2952 2543
2953 130
2954 4024
2955 4682
2956 3578
2957 1749
2958 2208
2959 4155
2960 3374
2961 3601
2962 3542
2963 2563
2964 3105
2965 4033
2966 3663
2967 3212
2968 2424
2969 1377
2970 4194
2971 3431
2972 3594
2973 3663
2974 241
2975 3313
2976 2286
2977 2656
2978 4380
2979 4142
2980 1606
2981 2278
2982 238
2983 3264
2984 4316
2985 3214
2986 3034
2987 3823
2988 2557
2989 2244
2990 5035
2991 3883
2992 2150
2993 3663
2994 4209
2995 510
2996 2700
2997 3081
2998 4665
2999 4043
3000 4785
3001 2294
3002 2278
3003 3663
3004 241
3005 4552
3006 961
3007 2205
3008 4767
3009 3073
3010 4008
3011 3799
3012 4059
3013 3556
3014 645
3015 4916
3016 4058
3017 2276
3018 4692
3019 4683
3020 2565
3021 1673
3022 2424
3023 241
3024 174
3025 135
3026 4897
3027 4790
3028 1377
3029 3213
3030 4691
3031 3586
3032 3578
3033 4528
3034 4424
3035 538
3036 2544
3037 3578
3038 2279
3039 5018
3040 1533
3041 244
3042 2309
3043 2676
3044 244
3045 3663
3046 3570
3047 3034
3048 241
3049 3682
3050 3835
3051 132
3052 5019
3053 2150
3054 5107
3055 2424
3056 1202
3057 3811
3058 5118
3059 673
3060 237
3061 1740
3062 2644
3063 1932
3064 3663
3065 1365
3066 2280
3067 2556
3068 739
3069 1667
3070 1693
3071 2679
3072 3597
3073 2543
3074 4303
3075 4386
3076 4767
3077 788
3078 2244
3079 3587
3080 2205
3081 4087
3082 2249
3083 1667
3084 1152
3085 2424
3086 735
3087 3304
3088 3883
3089 2303
3090 1377
3091 2543
3092 2700
3093 722
3094 4475
3095 2306
3096 3295
3097 2919
3098 4008
3099 4465
3100 1733
3101 4767
3102 4144
3103 5036
3104 5019
3105 3663
3106 4767
3107 2309
3108 241
3109 4313
3110 3154
3111 3696
3112 4592
3113 4552
3114 3663
3115 5015
3116 3701
3117 1240
3118 3256
3119 4767
3120 4918
3121 1583
3122 3663
3123 2553
3124 3663
3125 2862
3126 1713
3127 1236
3128 4293
3129 4352
3130 5137
3131 3685
3132 4917
3133 667
3134 3594
3135 4944
3136 3701
3137 244
3138 3022
3139 3587
3140 539
3141 2940
3142 2919
3143 3079
3144 2294
3145 5002
3146 3064
3147 1236
3148 3570
3149 3211
3150 4060
3151 1533
3152 241
3153 2153
3154 1377
3155 228
3156 4674
3157 2266
3158 4745
3159 4687
3160 1660
3161 3106
3162 4566
3163 4424
3164 3674
3165 4387
3166 2544
3167 1236
3168 377
3169 1374
3170 1756
3171 4656
3172 1964
3173 4767
3174 3577
3175 2306
3176 4008
3177 3663
3178 3682
3179 4057
3180 2543
3181 175
3182 3663
3183 3832
3184 3022
3185 2121
3186 2294
3187 5029
3188 1690
3189 304
3190 538
3191 3022
3192 539
3193 1582
3194 241
3195 1487
3196 2228
3197 5149
3198 2252
3199 4840
3200 4574
3201 241
3202 2150
3203 3043
3204 4840
3205 307
3206 675
3207 3586
3208 3662
3209 4056
3210 539
3211 4377
3212 3663
3213 2588
3214 2675
3215 5037
3216 735
3217 1914
3218 4656
3219 2275
3220 4659
3221 3821
3222 5160
3223 2044
3224 3161
3225 4302
3226 667
3227 2664
3228 3212
3229 2289
3230 4146
3231 2941
3232 4008
3233 4141
3234 136
3235 2862
3236 4683
3237 3682
3238 4933
3239 1916
3240 1461
3241 130
3242 4447
3243 3706
3244 241
3245 4552
3246 3105
3247 2222
3248 3699
3249 4223
3250 2294
3251 4512
3252 3116
3253 2276
3254 4487
3255 1377
3256 2150
3257 4008
3258 2150
3259 743
3260 244
3261 3700
3262 3588
3263 4810
3264 4786
3265 4537
3266 4667
3267 2424
3268 2954
3269 1668
3270 1667
3271 241
3272 4714
3273 2306
3274 2280
3275 3663
3276 2654
3277 1733
3278 1185
3279 2233
3280 1932
3281 3105
3282 2311
3283 4268
3284 247
3285 4918
3286 3663
3287 241
3288 2792
3289 4074
3290 4799
3291 2424
3292 3302
3293 3050
3294 3685
3295 2275
3296 2424
3297 4008
3298 2811
3299 4794
3300 4033
3301 3510
3302 4360
3303 2941
3304 5139
3305 2700
3306 1745
3307 4309
3308 2929
3309 2556
3310 1666
3311 1710
3312 3605
3313 1660
3314 1710
3315 2048
3316 2279
3317 244
3318 4054
3319 3816
3320 3871
3321 2221
3322 308
3323 4682
3324 241
3325 743
3326 3706
3327 4294
3328 1762
3329 5030
3330 3581
3331 4149
3332 4008
3333 2205
3334 4271
3335 3613
3336 3032
3337 4531
3338 2276
3339 4833
3340 3602
3341 3878
3342 2675
3343 3286
3344 4921
3345 2811
3346 2853
3347 241
3348 2424
3349 4956
3350 2252
3351 4059
3352 4532
3353 2306
3354 3045
3355 2213
3356 2646
3357 244
3358 4833
3359 3816
3360 538
3361 1578
3362 538
3363 1583
3364 3816
3365 241
3366 310
3367 2278
3368 3036
3369 4087
3370 3431
3371 2706
3372 4141
3373 2543
3374 5186
3375 5027
3376 241
3377 4768
3378 4594
3379 3431
3380 4382
3381 2263
3382 5195
3383 395
3384 2278
3385 3704
3386 4033
3387 2955
3388 241
3389 1112
3390 3663
3391 2150
3392 4352
3393 4465
3394 237
3395 3995
3396 720
3397 1152
3398 3580
3399 3663
3400 4067
3401 2217
3402 2277
3403 1666
3404 1240
3405 4787
3406 4227
3407 321
3408 3031
3409 4033
3410 3431
3411 3037
3412 4651
3413 743
3414 4308
3415 2276
3416 2266
3417 4671
3418 4360
3419 739
3420 788
3421 2270
3422 5028
3423 237
3424 5141
3425 788
3426 2277
3427 241
3428 4574
3429 136
3430 4866
3431 4925
3432 3923
3433 3591
3434 739
3435 2121
3436 1112
3437 2280
3438 4540
3439 1123
3440 1236
3441 2160
3442 4352
3443 2854
3444 2217
3445 850
3446 3693
3447 241
3448 4830
3449 2652
3450 4662
3451 4816
3452 241
3453 3697
3454 737
3455 3431
3456 3663
3457 3302
3458 4942
3459 645
3460 2303
3461 5010
3462 3663
3463 4661
3464 4840
3465 1236
3466 3648
3467 237
3468 1670
3469 1669
3470 2544
3471 4316
3472 1377
3473 4942
3474 1582
3475 523
3476 1749
3477 241
3478 1668
3479 4162
3480 242
3481 538
3482 4768
3483 3663
3484 3835
3485 4386
3486 2291
3487 3679
3488 2244
3489 3243
3490 244
3491 3643
3492 2306
3493 4196
3494 241
3495 3281
3496 2778
3497 3831
3498 3034
3499 1660
3500 2652
3501 3663
3502 1377
3503 4008
3504 1744
3505 5156
3506 863
3507 1377
3508 4008
3509 4667
3510 2276
3511 2278
3512 2311
3513 1762
3514 2247
3515 2266
3516 4833
3517 3212
3518 1697
3519 4513
3520 2244
3521 4055
3522 4654
3523 4652
3524 1933
3525 4294
3526 3701
3527 244
3528 2275
3529 241
3530 722
3531 739
3532 4565
3533 4045
3534 4659
3535 666
3536 1893
3537 2700
3538 2670
3539 4083
3540 237
3541 1533
3542 4197
3543 3243
3544 4818
3545 5169
3546 3663
3547 241
3548 4062
3549 3151
3550 3811
3551 307
3552 3606
3553 3663
3554 3313
3555 4008
3556 4669
3557 2959
3558 2543
3559 4182
3560 3204
3561 3050
3562 2291
3563 3577
3564 4826
3565 237
3566 2543
3567 241
3568 3679
3569 4667
3570 4446
3571 1693
3572 3591
3573 5034
3574 4574
3575 2337
3576 2980
3577 4661
3578 241
3579 2214
3580 2424
3581 5020
3582 4373
3583 237
3584 3047
3585 5140
3586 2662
3587 3813
3588 3431
3589 2119
3590 3921
3591 3817
3592 5142
3593 1104
3594 2700
3595 2198
3596 4942
3597 4574
3598 1289
3599 238
3600 3105
3601 536
3602 5037
3603 307
3604 797
3605 3105
3606 788
3607 237
3608 4662
3609 4373
3610 2269
3611 3695
3612 4896
3613 4008
3614 4001
3615 2311
3616 961
3617 2424
3618 224
3619 3302
3620 3697
3621 322
3622 3052
3623 3589
3624 2217
3625 3035
3626 2424
3627 2311
3628 4008
3629 1377
3630 2269
3631 3432
3632 4033
3633 4144
3634 2252
3635 241
3636 244
3637 3221
3638 4808
3639 241
3640 4141
3641 4552
3642 4000
3643 2543
3644 1668
3645 2249
3646 1365
3647 1669
3648 2554
3649 4659
3650 3921
3651 737
3652 3586
3653 4565
3654 538
3655 1289
3656 2680
3657 4293
3658 237
3659 2700
3660 2557
3661 3921
3662 4465
3663 4083
3664 3704
3665 3663
3666 3706
3667 1756
3668 2277
3669 4380
3670 1289
3671 961
3672 4008
3673 244
3674 5093
3675 2278
3676 5184
3677 863
3678 3582
3679 3819
3680 4531
3681 3663
3682 4376
3683 3697
3684 1236
3685 745
3686 2287
3687 4385
3688 3821
3689 2153
3690 961
3691 4840
3692 238
3693 1376
3694 4386
3695 4066
3696 4944
3697 4008
3698 4767
3699 241
3700 3917
3701 4182
3702 4591
3703 2700
3704 2424
3705 4141
3706 3824
3707 4932
3708 4942
3709 2309
3710 3923
3711 4299
3712 4409
3713 1236
3714 1498
3715 2424
3716 1917
3717 2862
3718 3105
3719 3685
3720 4060
3721 3035
3722 3106
3723 4594
3724 1377
3725 4666
3726 1377
3727 1668
3728 4565
3729 3577
3730 2544
3731 241
3732 3586
3733 4787
3734 307
3735 2277
3736 1376
3737 2424
3738 1377
3739 4335
3740 4008
3741 241
3742 3541
3743 4474
3744 2294
3745 4227
3746 4380
3747 3706
3748 2941
3749 1666
3750 237
3751 244
3752 2700
3753 3105
3754 5194
3755 2294
3756 862
3757 2543
3758 832
3759 3542
3760 739
3761 2556
3762 2679
3763 864
3764 2153
3765 1669
3766 241
3767 2272
3768 4308
3769 2670
3770 4086
3771 1377
3772 5021
3773 241
3774 4942
3775 241
3776 3045
3777 4008
3778 536
3779 2307
3780 2543
3781 788
3782 3919
3783 5010
3784 244
3785 241
3786 1916
3787 2247
3788 3685
3789 3510
3790 241
3791 241
3792 5051
3793 5045
3794 241
3795 1670
3796 4894
3797 244
3798 4574
3799 1122
3800 2676
3801 4446
3802 3281
3803 241
3804 1754
3805 4182
3806 3601
3807 4008
3808 2294
3809 2086
3810 3105
3811 3586
3812 4376
3813 3309
3814 244
3815 237
3816 2254
3817 863
3818 1754
3819 744
3820 4574
3821 4087
3822 3663
3823 4803
3824 4088
3825 1247
3826 2221
3827 241
3828 307
3829 2150
3830 1377
3831 667
3832 3819
3833 3707
3834 3634
3835 4008
3836 3270
3837 3695
3838 241
3839 4377
3840 2212
3841 1240
3842 3601
3843 3578
3844 244
3845 2726
3846 1700
3847 241
3848 2661
3849 667
3850 1660
3851 2700
3852 3822
3853 3281
3854 3076
3855 2543
3856 241
3857 2543
3858 4316
3859 3835
3860 3591
3861 242
3862 3431
3863 4182
3864 237
3865 2963
3866 4379
3867 4352
3868 1695
3869 4347
3870 4465
3871 2153
3872 5010
3873 244
3874 237
3875 5016
3876 4819
3877 4669
3878 307
3879 2670
3880 4562
3881 237
3882 1122
3883 225
3884 146
3885 2962
3886 1893
3887 172
3888 244
3889 3582
3890 4667
3891 241
3892 2424
3893 2281
3894 4141
3895 2275
3896 4162
3897 1606
3898 3302
3899 241
3900 3105
3901 4942
3902 739
3903 4461
3904 237
3905 743
3906 1289
3907 2276
3908 3151
3909 4008
3910 5026
3911 242
3912 4530
3913 3813
3914 1743
3915 3570
3916 737
3917 3057
3918 3572
3919 4384
3920 2955
3921 2543
3922 3578
3923 538
3924 735
3925 3570
3926 2556
3927 1660
3928 241
3929 172
3930 3212
3931 237
3932 2209
3933 3105
3934 3685
3935 3220
3936 3271
3937 2247
3938 2212
3939 3543
3940 2825
3941 3510
3942 4943
3943 4652
3944 800
3945 3605
3946 3605
3947 2247
3948 3302
3949 2644
3950 2700
3951 4271
3952 241
3953 1740
3954 2670
3955 241
3956 244
3957 4992
3958 3921
3959 4592
3960 241
3961 4991
3962 2704
3963 2275
3964 2307
3965 237
3966 5036
3967 2556
3968 244
3969 4594
3970 2208
3971 4008
3972 3860
3973 4213
3974 2825
3975 3431
3976 3706
3977 2294
3978 4001
3979 739
3980 3679
3981 2700
3982 3663
3983 2661
3984 2954
3985 3682
3986 1964
3987 3543
3988 241
3989 2554
3990 3431
3991 241
3992 2277
3993 3036
3994 237
3995 241
3996 2199
3997 4654
3998 3562
3999 4901
4000 2306
4001 4450
4002 3835
4003 4465
4004 4141
4005 2287
4006 241
4007 4248
4008 3079
4009 1929
4010 4471
4011 1932
4012 2670
4013 3106
4014 4473
4015 4651
4016 4592
4017 3272
4018 2951
4019 4574
4020 2811
4021 175
4022 241
4023 3663
4024 4380
4025 3105
4026 1932
4027 3813
4028 241
4029 3070
4030 538
4031 4818
4032 244
4033 1463
4034 1893
4035 539
4036 1749
4037 4182
4038 5117
4039 3577
4040 244
4041 2424
4042 1365
4043 2306
4044 3106
4045 1419
4046 3034
4047 3570
4048 673
4049 4086
4050 4087
4051 307
4052 3311
4053 1236
4054 4008
4055 4384
4056 4767
4057 2290
4058 3827
4059 2309
4060 3313
4061 1582
4062 4932
4063 2210
4064 241
4065 2263
4066 4873
4067 3106
4068 237
4069 1882
4070 3995
4071 1917
4072 800
4073 3577
4074 1112
4075 237
4076 3580
4077 237
4078 2543
4079 1669
4080 3860
4081 4144
4082 744
4083 5037
4084 241
4085 3585
4086 1668
4087 241
4088 1376
4089 4421
4090 241
4091 1669
4092 2699
4093 4992
4094 3105
4095 2286
4096 241
4097 244
4098 2309
4099 4064
4100 3034
4101 241
4102 2963
4103 4198
4104 4944
4105 3663
4106 1668
4107 2972
4108 2700
4109 4182
4110 1733
4111 3917
4112 307
4113 2039
4114 2275
4115 1692
4116 4352
4117 3682
4118 2670
4119 4942
4120 2670
4121 2811
4122 237
4123 4182
4124 2862
4125 2699
4126 2303
4127 3032
4128 4767
4129 2244
4130 2199
4131 2153
4132 3663
4133 2670
4134 4042
4135 3587
4136 961
4137 3699
4138 3038
4139 2210
4140 4008
4141 3585
4142 2700
4143 1582
4144 3601
4145 2588
4146 2700
4147 1670
4148 3542
4149 1259
4150 241
4151 2208
4152 1465
4153 745
4154 1964
4155 2813
4156 2854
4157 4008
4158 4565
4159 1377
4160 3105
4161 144
4162 863
4163 1245
4164 3589
4165 308
4166 3799
4167 478
4168 4001
4169 1421
4170 3050
4171 79
4172 3663
4173 4662
4174 4182
4175 3105
4176 241
4177 241
4178 4182
4179 2556
4180 4000
4181 237
4182 1525
4183 2210
4184 241
4185 666
4186 237
4187 3706
4188 788
4189 244
4190 2702
4191 3105
4192 2646
4193 3570
4194 1578
4195 2121
4196 237
4197 237
4198 3682
4199 3304
4200 4008
4201 2675
4202 1945
4203 4787
4204 2670
4205 3298
4206 2209
4207 4767
4208 3256
4209 3220
4210 241
4211 3827
4212 245
4213 2210
4214 304
4215 1136
4216 1488
4217 2424
4218 2150
4219 2153
4220 3510
4221 3431
4222 2641
4223 2825
4224 4840
4225 241
4226 307
4227 864
4228 1377
4229 3264
4230 1660
4231 4794
4232 237
4233 5022
4234 2424
4235 3106
4236 2207
4237 241
4238 2702
4239 737
4240 1538
4241 1236
4242 736
4243 3022
4244 237
4245 241
4246 4806
4247 1893
4248 4042
4249 667
4250 1743
4251 4768
4252 830
4253 510
4254 2244
4255 4008
4256 4943
4257 4001
4258 4485
4259 237
4260 241
4261 3679
4262 2702
4263 3809
4264 2208
4265 2980
4266 2660
4267 2283
4268 307
4269 172
4270 3663
4271 736
4272 4926
4273 4182
4274 2208
4275 3105
4276 4033
4277 244
4278 1582
4279 3105
4280 735
4281 2544
4282 3106
4283 827
4284 3034
4285 1917
4286 3106
4287 3663
4288 735
4289 241
4290 241
4291 2778
4292 2230
4293 241
4294 237
4295 961
4296 1236
4297 4540
4298 241
4299 244
4300 2094
4301 484
4302 3584
4303 1932
4304 863
4305 241
4306 739
4307 961
4308 3105
4309 4201
4310 4453
4311 4008
4312 4882
4313 743
4314 4883
4315 2307
4316 2039
4317 241
4318 1463
4319 4993
4320 241
4321 2679
4322 1693
4323 3682
4324 3586
4325 985
4326 3587
4327 241
4328 4495
4329 3679
4330 737
4331 237
4332 3811
4333 1668
4334 3511
4335 241
4336 739
4337 1744
4338 2645
4339 3049
4340 2424
4341 3106
4342 985
4343 4554
4344 2424
4345 1660
4346 4932
4347 1932
4348 1997
4349 241
4350 4465
4351 2811
4352 2679
4353 241
4354 1582
4355 1660
4356 2208
4357 4182
4358 135
4359 1240
4360 743
4361 745
4362 4942
4363 2680
4364 241
4365 961
4366 146
4367 2835
4368 4008
4369 2543
4370 3674
4371 307
4372 2209
4373 4659
4374 4141
4375 3592
4376 1668
4377 2699
4378 130
4379 3587
4380 739
4381 241
4382 3105
4383 1929
4384 1236
4385 3663
4386 237
4387 4566
4388 244
4389 4474
4390 2641
4391 2680
4392 3054
4393 4008
4394 961
4395 5192
4396 863
4397 739
4398 1377
4399 2658
4400 3587
4401 1257
4402 2680
4403 961
4404 2670
4405 735
4406 739
4407 4565
4408 4224
4409 2199
4410 4450
4411 4559
4412 4465
4413 4008
4414 735
4415 4450
4416 4662
4417 824
4418 2578
4419 241
4420 172
4421 4944
4422 2680
4423 4024
4424 1660
4425 241
4426 1934
4427 4182
4428 244
4429 745
4430 1744
4431 237
4432 241
4433 2652
4434 2670
4435 4574
4436 2652
4437 863
4438 2700
4439 3022
4440 735
4441 1932
4442 3511
4443 3597
4444 2813
4445 241
4446 4087
4447 3588
4448 4008
4449 4465
4450 2543
4451 3105
4452 4483
4453 2825
4454 225
4455 244
4456 4130
4457 241
4458 3860
4459 3922
4460 2424
4461 2679
4462 985
4463 3570
4464 3105
4465 241
4466 3034
4467 3298
4468 241
4469 743
4470 737
4471 4227
4472 737
4473 2424
4474 241
4475 241
4476 743
4477 2962
4478 4000
4479 172
4480 2680
4481 539
4482 3105
4483 4454
4484 2003
4485 1668
4486 3431
4487 3639
4488 3682
4489 241
4490 244
4491 241
4492 1377
4493 1945
4494 2211
4495 1377
4496 4482
4497 2903
4498 3105
4499 3663
4500 985
4501 1732
4502 2679
4503 3577
4504 3105
4505 745
4506 4000
4507 4008
4508 3679
4509 3106
4510 4667
4511 3105
4512 4008
4513 4667
4514 3105
4515 1668
4516 237
4517 4464
4518 2424
4519 3682
4520 241
4521 4465
4522 2670
4523 4565
4524 3679
4525 864
4526 3031
4527 237
4528 2679
4529 2207
4530 241
4531 4369
4532 2209
4533 864
4534 1289
4535 2962
4536 241
4537 4991
4538 2679
4539 2424
4540 4465
4541 2544
4542 4248
4543 241
4544 4182
4545 2675
4546 237
4547 2208
4548 2679
4549 173
4550 739
4551 744
4552 241
4553 3679
4554 3649
4555 2208
4556 4452
4557 2424
4558 2543
4559 241
4560 4453
4561 4182
4562 241
4563 2670
4564 735
4565 4465
4566 1945
4567 2675
4568 241
4569 241
4570 4133
4571 3055
4572 4227
4573 2679
4574 3105
4575 2670
4576 3587
4577 1606
4578 3811
4579 3105
4580 1136
4581 3663
4582 2543
4583 2212
4584 4552
4585 241
4586 2679
4587 241
4588 987
4589 3105
4590 3589
4591 2680
4592 4565
4593 241
4594 1668
4595 4182
4596 241
4597 4455
4598 737
4599 2679
4600 744
4601 241
4602 3663
4603 4450
4604 2670
4605 2702
4606 1669
4607 241
4608 2680
4609 241
4610 3682
4611 4794
4612 4475
4613 3105
4614 1256
4615 4227
4616 4474
4617 2544
4618 2670
4619 4786
4620 1670
4621 4008
4622 241
4623 2670
4624 4008
4625 4833
4626 4552
4627 736
4628 2544
4629 4559
4630 2207
4631 3116
4632 735
4633 4450
4634 2919
4635 821
4636 3105
4637 737
4638 1377
4639 241
4640 3674
4641 135
4642 241
4643 3388
4644 4043
4645 3589
4646 4201
4647 1377
4648 175
4649 734
4650 3682
4651 2544
4652 2659
4653 3663
4654 4024
4655 1377
4656 736
4657 3105
4658 4474
4659 734
4660 2644
4661 734
4662 739
4663 3431
4664 3679
4665 4567
4666 4792
4667 824
4668 4033
4669 4790
4670 4651
4671 1588
4672 3679
4673 2424
4674 4565
4675 734
4676 3682
4677 4665
4678 241
4679 4476
4680 734
4681 244
4682 4387
4683 4485
4684 241
4685 4659
4686 1743
4687 241
4688 4369
4689 3648
4690 1695
4691 3679
4692 4087
4693 4083
4694 4087
4695 2652
4696 2424
4697 1606
4698 3679
4699 4087
4700 4087
4701 4087
4702 4042
4703 4042
4704 4043
4705 4042
4706 1533
4707 483
4708 482
4709 478
4710 483
4711 478
4712 483
4713 483
4714 3923
4715 483
4716 3917
4717 510
4718 483
4719 483
4720 3922
4721 484
4722 483
4723 3156
4724 484
4725 483
4726 484
4727 484
4728 3156
4729 1531
4730 2036
4731 3252
4732 3319
4733 3256
4734 1531
4735 3366
4736 3319
4737 2046
4738 3158
4739 1539
4740 1531
4741 3695
4742 2044
4743 2044
4744 3367
4745 3251
4746 2046
4747 2071
4748 3257
4749 1531
4750 3366
4751 3366
4752 1531
4753 3368
4754 2071
4755 1531
4756 3368
4757 3320
4758 3256
4759 3366
4760 722
4761 722
4762 722
4763 479
4764 479
4765 3174
4766 1531
4767 1531
4768 3706
4769 4130
4770 4130
4771 1546
4772 3183
4773 2835
4774 196
4775 182
4776 182
4777 2328
4778 2784
4779 280
4780 224
4781 238
4782 3298
4783 2929
4784 2929
4785 237
4786 2926
4787 3587
4788 3587
4789 3587
4790 734
4791 3587
4792 3679
4793 3679
4794 3587
4795 734
4796 2424
4797 3570
4798 2424
4799 3570
4800 2424
4801 2424
4802 2424
4803 2424
4804 2424
4805 2857
4806 3106
4807 3106
4808 3106
4809 2160
4810 4224
4811 2825
4812 2825
4813 961
4814 2825
4815 2670
4816 4942
4817 4227
4818 3682
4819 2980
4820 2980
4821 2980
4822 2980
4823 810
4824 4565
4825 2700
4826 4565
4827 4001
4828 4565
4829 2700
4830 4227
4831 4565
4832 4565
4833 3388
4834 4565
4835 1245
4836 4227
4837 4552
4838 4574
4839 1240
4840 3811
4841 4565
4842 4565
4843 4565
4844 1328
4845 1257
4846 1256
4847 1259
4848 4574
4849 4552
4850 3997
4851 3388
4852 4565
4853 4552
4854 3384
4855 4001
4856 4565
4857 4565
4858 4565
4859 4565
4860 4565
4861 4001
4862 4565
4863 4565
4864 4565
4865 4565
4866 4565
4867 4565
4868 4565
4869 4565
4870 4565
4871 4565
4872 4565
4873 4565
4874 4565
4875 4565
4876 4565
4877 4565
4878 4565
4879 4565
4880 4567
4881 4565
4882 4567
4883 4565
4884 4565
4885 4566
4886 4565
4887 4565
4888 4565
4889 4565
4890 4574
4891 4565
4892 4574
4893 4565
4894 4574
4895 4565
4896 4566
4897 4227
4898 4565
4899 1136
4900 2670
4901 2670
4902 244
4903 244
4904 244
4905 244
4906 3105
4907 3105
4908 2825
4909 2825
4910 2424
4911 961
4912 2424
4913 2424
4914 3105
4915 2424
4916 3105
4917 2424
4918 2825
4919 3105
4920 2825
4921 961
4922 3105
4923 3105
4924 3105
4925 3105
4926 3105
4927 3105
4928 3105
4929 2424
4930 2424
4931 2424
4932 2424
4933 2424
4934 2424
4935 3105
4936 3105
4937 3105
4938 2424
4939 2424
4940 2424
4941 3105
4942 2424
4943 3105
4944 237
4945 3682
4946 3682
4947 2679
4948 2679
4949 2303
4950 244
4951 739
4952 864
4953 864
4954 4182
4955 4182
4956 4182
4957 985
4958 4182
4959 863
4960 4182
4961 4182
4962 739
4963 745
4964 744
4965 744
4966 4182
4967 869
4968 4182
4969 862
4970 739
4971 4485
4972 3033
4973 4488
4974 4133
4975 4833
4976 4474
4977 4464
4978 4833
4979 1693
4980 1695
4981 4476
4982 1693
4983 4465
4984 4833
4985 4495
4986 4495
4987 4495
4988 4495
4989 4465
4990 4474
4991 4452
4992 3033
4993 4476
4994 3032
4995 1606
4996 4450
4997 3058
4998 4450
4999 4464
5000 3053
5001 3052
5002 3052
5003 3058
5004 1606
5005 3039
5006 3034
5007 1595
5008 3032
5009 4131
5010 1592
5011 739
5012 743
5013 987
5014 736
5015 737
5016 143
5017 3663
5018 3663
5019 3663
5020 3663
5021 3663
5022 3663
5023 3663
5024 3663
5025 3663
5026 3663
5027 3663
5028 3663
5029 3663
5030 3663
5031 3663
5032 3663
5033 3663
5034 3663
5035 3663
5036 3663
5037 3663
5038 3663
5039 3663
5040 3663
5041 3663
5042 3663
5043 3663
5044 3663
5045 3663
5046 3663
5047 3663
5048 3663
5049 3663
5050 3663
5051 3663
5052 3663
5053 3663
5054 3663
5055 3663
5056 3663
5057 3663
5058 3663
5059 3663
5060 3663
5061 3663
5062 3663
5063 3663
5064 3663
5065 3663
5066 3105
5067 3105
5068 3105
5069 3105
5070 3105
5071 3105
5072 3105
5073 3105
5074 3105
5075 3105
5076 237
5077 237
5078 2680
5079 2670
5080 2680
5081 2247
5082 739
5083 4182
5084 4182
5085 850
5086 739
5087 172
5088 244
5089 3106
5090 3106
5091 307
5092 172
5093 307
5094 2680
5095 172
5096 172
5097 237
5098 961
5099 536
5100 4383
5101 4554
5102 4353
5103 4942
5104 3605
5105 5136
5106 146
5107 4001
5108 4001
5109 2680
5110 2700
5111 2813
5112 827
5113 827
5114 824
5115 2679
5116 304
5117 175
5118 4991
5119 4944
5120 4956
5121 5083
5122 5007
5123 5092
5124 3682
5125 146
5126 2424
5127 4087
5128 4086
5129 4082
5130 4087
5131 2675
5132 2679
5133 2670
5134 3572
5135 4942
5136 4227
5137 4794
5138 237
5139 2276
5140 3679
5141 3679
5142 3679
5143 2670
5144 2670
5145 238
5146 737
5147 1419
5148 2675
5149 2681
5150 4064
5151 2679
5152 3431
5153 241
5154 1377
5155 1754
5156 4042
5157 4001
5158 4465
5159 4474
5160 4559
5161 3648
5162 743
5163 3033
5164 241
5165 4008
5166 4033
5167 4792
5168 3570
5169 3106
5170 3106
5171 3256
5172 3366
5173 1539
5174 3366
5175 2424
5176 2424
5177 2424
5178 2424
5179 3105
5180 3105
5181 3106
5182 3106
5183 3570
5184 2424
5185 2424
5186 3570
5187 2424
5188 3106
5189 3256
5190 3368
5191 3366
5192 1539
5193 2424
5194 2424
5195 3105
5196 3106
