0 3950
1 3950
2 3892
3 3155
4 1332
5 996
6 1107
7 1511
8 1489
9 1390
10 1087
11 1396
12 1336
13 1027
14 1054
15 4601
16 4567
17 4599
18 4564
19 4529
20 238
21 3950
22 250
23 3950
24 238
25 3892
26 3731
27 1172
28 3689
29 3493
30 3493
31 1172
32 1143
33 661
34 3673
35 3219
36 3673
37 3672
38 3779
39 3780
40 3630
41 3630
42 3673
43 1428
44 1537
45 1619
46 1576
47 1523
48 1523
49 462
50 3703
51 4859
52 3630
53 3703
54 3950
55 3154
56 4222
57 3950
58 3502
59 3154
60 3731
61 3892
62 4289
63 3957
64 4663
65 4435
66 1292
67 1659
68 1594
69 3511
70 250
71 250
72 4222
73 302
74 6
75 4554
76 1387
77 4779
78 1787
79 1824
80 2254
81 1526
82 1955
83 1694
84 1978
85 1564
86 2193
87 1814
88 4317
89 3963
90 4317
91 3483
92 3483
93 3474
94 3483
95 3539
96 3455
97 3456
98 949
99 3907
100 1594
101 950
102 5023
103 3556
104 3510
105 5121
106 1216
107 1216
108 1292
109 5118
110 624
111 624
112 4958
113 759
114 759
115 759
116 624
117 3783
118 3783
119 89
120 4917
121 4158
122 3783
123 3167
124 3124
125 4469
126 4917
127 3699
128 3699
129 2899
130 3699
131 4917
132 5123
133 3906
134 5123
135 1292
136 1526
137 1892
138 2762
139 776
140 182
141 1495
142 678
143 4326
144 4700
145 661
146 661
147 1386
148 3124
149 4725
150 512
151 512
152 4531
153 770
154 770
155 519
156 1758
157 1525
158 1172
159 3493
160 3533
161 1172
162 3354
163 3476
164 3398
165 1031
166 1172
167 1172
168 3794
169 3728
170 3728
171 3794
172 3794
173 3632
174 3632
175 3779
176 3721
177 3779
178 3794
179 3794
180 3728
181 3794
182 1523
183 3778
184 1523
185 3778
186 3778
187 3778
188 1576
189 3486
190 2957
191 3883
192 2005
193 3778
194 3778
195 1523
196 1523
197 462
198 1523
199 3632
200 3779
201 3673
202 3545
203 3371
204 1864
205 1870
206 3055
207 1520
208 3016
209 3016
210 3016
211 3015
212 2451
213 1870
214 4469
215 1292
216 3957
217 2782
218 3465
219 3465
220 3511
221 3911
222 3465
223 2415
224 2415
225 2415
226 5029
227 813
228 5028
229 5028
230 4317
231 3382
232 1867
233 3167
234 1413
235 6
236 3154
237 3911
238 2175
239 2433
240 2415
241 3511
242 3911
243 3465
244 2211
245 3020
246 519
247 180
248 678
249 3056
250 2505
251 2505
252 2175
253 2867
254 2867
255 2947
256 2947
257 3808
258 3808
259 2769
260 3884
261 3884
262 3778
263 2451
264 2505
265 4158
266 4158
267 3783
268 2762
269 5119
270 5123
271 1377
272 3980
273 830
274 830
275 830
276 759
277 4944
278 759
279 759
280 759
281 3056
282 1601
283 1537
284 461
285 1787
286 1525
287 1692
288 303
289 4198
290 3950
291 4611
292 1410
293 1410
294 949
295 3907
296 775
297 158
298 158
299 89
300 3154
301 3957
302 4383
303 4666
304 4987
305 4986
306 1390
307 1482
308 1213
309 1389
310 1507
311 1318
312 1057
313 632
314 3772
315 2921
316 2013
317 2783
318 3918
319 3698
320 468
321 3544
322 1567
323 2860
324 2002
325 1913
326 1971
327 1620
328 2013
329 2492
330 2947
331 3433
332 1705
333 3177
334 2415
335 3433
336 2433
337 2505
338 3884
339 3560
340 2769
341 3884
342 1172
343 844
344 844
345 759
346 624
347 624
348 624
349 624
350 759
351 4372
352 4372
353 1292
354 4435
355 2669
356 3167
357 830
358 830
359 1129
360 1129
361 5002
362 624
363 624
364 624
365 624
366 624
367 661
368 759
369 1291
370 3957
371 1292
372 661
373 4497
374 4594
375 1172
376 1143
377 844
378 844
379 1171
380 1171
381 3474
382 4818
383 4898
384 4898
385 4818
386 4469
387 5120
388 4611
389 594
390 624
391 624
392 624
393 3568
394 3300
395 3568
396 3773
397 3163
398 3163
399 2633
400 1375
401 1518
402 3560
403 2495
404 2765
405 624
406 624
407 624
408 759
409 759
410 4535
411 4326
412 4564
413 4700
414 4326
415 4326
416 4326
417 4372
418 1255
419 1216
420 2013
421 1949
422 4266
423 4687
424 4738
425 4883
426 4775
427 4799
428 4824
429 4687
430 3347
431 3976
432 5147
433 4778
434 4330
435 1679
436 1097
437 1062
438 1001
439 1250
440 1097
441 3118
442 773
443 2669
444 2505
445 2153
446 2492
447 2451
448 1870
449 2505
450 661
451 1782
452 1628
453 1576
454 3883
455 2427
456 1517
457 1828
458 3884
459 1518
460 2011
461 3778
462 1870
463 2505
464 2492
465 3015
466 4779
467 4554
468 678
469 4326
470 1387
471 5147
472 4851
473 1388
474 4809
475 4848
476 2907
477 1096
478 1402
479 1681
480 1292
481 4010
482 4010
483 2122
484 1911
485 1986
486 5046
487 2361
488 2085
489 2253
490 2396
491 1746
492 1574
493 4476
494 360
495 4317
496 3188
497 3189
498 1057
499 4987
500 1128
501 1128
502 1396
503 1318
504 2614
505 4554
506 2361
507 2972
508 1910
509 1921
510 2907
511 3689
512 3476
513 3398
514 3925
515 3189
516 3188
517 3925
518 2088
519 5123
520 3925
521 4215
522 3564
523 1410
524 1818
525 1818
526 2907
527 2396
528 1911
529 661
530 185
531 4875
532 4807
533 4807
534 4851
535 4851
536 4885
537 759
538 2433
539 1171
540 2492
541 434
542 434
543 3968
544 434
545 4317
546 828
547 661
548 3719
549 3299
550 470
551 3885
552 1747
553 2626
554 2350
555 4497
556 1403
557 1007
558 1172
559 1601
560 5014
561 951
562 2433
563 2867
564 1495
565 2175
566 1562
567 1723
568 3773
569 1497
570 2005
571 1292
572 2907
573 1688
574 1140
575 661
576 661
577 487
578 2311
579 2085
580 1911
581 2886
582 5046
583 487
584 1651
585 1129
586 4987
587 1318
588 1318
589 1396
590 1555
591 1621
592 2908
593 2906
594 2744
595 624
596 624
597 624
598 4330
599 1388
600 3911
601 3326
602 3925
603 3866
604 3739
605 4258
606 3865
607 3865
608 1010
609 1011
610 2907
611 2361
612 2426
613 2085
614 483
615 4867
616 2362
617 1911
618 4599
619 3815
620 3924
621 813
622 5033
623 5022
624 4489
625 4490
626 4433
627 4358
628 813
629 5031
630 780
631 2724
632 3925
633 4023
634 3911
635 661
636 1097
637 1250
638 1002
639 2433
640 185
641 661
642 185
643 185
644 185
645 4535
646 430
647 3190
648 1801
649 1210
650 1164
651 4965
652 632
653 4987
654 5002
655 719
656 624
657 1388
658 2211
659 5046
660 1893
661 1788
662 2782
663 1991
664 430
665 5028
666 3189
667 4774
668 4703
669 4799
670 4807
671 4889
672 4883
673 4687
674 1561
675 2767
676 2403
677 3719
678 1128
679 1172
680 4688
681 4194
682 3224
683 3448
684 2907
685 2907
686 4529
687 4497
688 3196
689 3968
690 3914
691 4317
692 3968
693 4424
694 813
695 3548
696 1734
697 2943
698 2919
699 2919
700 2986
701 1404
702 999
703 3689
704 3215
705 3297
706 3978
707 3536
708 3297
709 3493
710 3689
711 1172
712 1031
713 3398
714 4564
715 4564
716 4564
717 4594
718 3326
719 1128
720 2311
721 5046
722 2919
723 1526
724 1526
725 3326
726 4278
727 3774
728 3866
729 3866
730 5118
731 5118
732 180
733 180
734 1526
735 2861
736 1918
737 2862
738 4295
739 3872
740 4258
741 4258
742 4258
743 4258
744 3865
745 3576
746 5118
747 1292
748 3050
749 1171
750 1171
751 1129
752 4964
753 632
754 1507
755 1294
756 1508
757 2505
758 3963
759 4231
760 4231
761 4424
762 4317
763 4317
764 3914
765 4317
766 3914
767 3914
768 3196
769 3196
770 4133
771 4133
772 1129
773 4987
774 4964
775 751
776 4155
777 4154
778 3189
779 2769
780 1172
781 1172
782 1172
783 4384
784 813
785 2972
786 4372
787 1172
788 3291
789 3138
790 158
791 3699
792 3476
793 3536
794 3689
795 3292
796 3292
797 3978
798 3742
799 661
800 1261
801 2837
802 2919
803 4875
804 2738
805 3050
806 1128
807 4875
808 2783
809 2782
810 4875
811 4594
812 4280
813 3251
814 3817
815 3888
816 3447
817 4280
818 3698
819 3326
820 3017
821 4594
822 1620
823 516
824 4594
825 3911
826 3739
827 4876
828 4889
829 4688
830 4703
831 4372
832 5120
833 1171
834 1172
835 1171
836 624
837 5147
838 519
839 4848
840 4851
841 4871
842 516
843 1447
844 2004
845 2122
846 1447
847 1448
848 1290
849 2426
850 2122
851 480
852 4023
853 5023
854 4889
855 4889
856 3155
857 3154
858 4258
859 4280
860 4305
861 4280
862 2837
863 4871
864 4834
865 1172
866 1172
867 1172
868 1171
869 1171
870 903
871 3742
872 4660
873 4258
874 4258
875 4258
876 3872
877 1143
878 480
879 1849
880 1849
881 1849
882 661
883 3208
884 3529
885 4818
886 2846
887 1953
888 4197
889 3075
890 1953
891 3272
892 3342
893 3455
894 3455
895 185
896 4258
897 4258
898 1388
899 3206
900 3272
901 3949
902 3227
903 2846
904 3075
905 3209
906 4818
907 4818
908 3206
909 3772
910 4695
911 2986
912 1290
913 1821
914 1651
915 1523
916 1653
917 1292
918 1292
919 4611
920 1220
921 1737
922 1292
923 1220
924 4737
925 4535
926 2361
927 5032
928 5031
929 5031
930 3911
931 3911
932 1660
933 2972
934 4442
935 4155
936 3911
937 3911
938 2972
939 2972
940 4738
941 4807
942 4883
943 4687
944 2541
945 1261
946 4403
947 1261
948 4403
949 2085
950 1261
951 1261
952 180
953 4211
954 4190
955 3746
956 3866
957 3425
958 3461
959 4289
960 3461
961 4258
962 4258
963 4258
964 3196
965 5031
966 5031
967 1413
968 1660
969 1626
970 4898
971 2846
972 1953
973 1795
974 4197
975 3890
976 4238
977 4238
978 2761
979 3980
980 3950
981 4258
982 3447
983 3249
984 3817
985 4195
986 4258
987 512
988 1653
989 3979
990 3949
991 1953
992 1660
993 3268
994 3740
995 3304
996 3949
997 5031
998 995
999 578
1000 1213
1001 4871
1002 3787
1003 3949
1004 2846
1005 2365
1006 3493
1007 3689
1008 3297
1009 3292
1010 3476
1011 3493
1012 4293
1013 4797
1014 661
1015 4258
1016 3866
1017 1589
1018 3209
1019 3469
1020 1381
1021 4483
1022 3460
1023 4238
1024 1953
1025 2846
1026 5147
1027 4797
1028 1200
1029 1046
1030 1002
1031 574
1032 572
1033 571
1034 574
1035 4660
1036 4663
1037 3460
1038 3866
1039 4535
1040 4663
1041 4616
1042 4490
1043 4797
1044 1875
1045 2762
1046 3455
1047 3494
1048 3219
1049 3219
1050 1001
1051 997
1052 1292
1053 1261
1054 1381
1055 4539
1056 4488
1057 4539
1058 3739
1059 4278
1060 1173
1061 1261
1062 4483
1063 1220
1064 1640
1065 3739
1066 4258
1067 4258
1068 4258
1069 3448
1070 4258
1071 4511
1072 430
1073 4660
1074 4489
1075 4489
1076 3739
1077 999
1078 1086
1079 1779
1080 4154
1081 3227
1082 828
1083 844
1084 3224
1085 3709
1086 3739
1087 1168
1088 1212
1089 3539
1090 180
1091 180
1092 180
1093 180
1094 180
1095 4390
1096 844
1097 844
1098 3673
1099 1589
1100 4526
1101 4660
1102 4490
1103 4558
1104 4616
1105 3728
1106 3728
1107 3728
1108 1387
1109 4488
1110 3456
1111 3483
1112 434
1113 4358
1114 3086
1115 4917
1116 158
1117 3742
1118 89
1119 89
1120 3783
1121 3783
1122 3783
1123 4490
1124 3037
1125 4547
1126 4490
1127 4539
1128 4433
1129 4480
1130 4490
1131 4424
1132 4358
1133 4317
1134 844
1135 1143
1136 844
1137 4278
1138 3739
1139 3699
1140 844
1141 3780
1142 3728
1143 3794
1144 3780
1145 3780
1146 185
1147 3461
1148 3425
1149 2750
1150 3980
1151 4390
1152 4258
1153 3425
1154 4165
1155 3461
1156 3461
1157 4424
1158 4358
1159 4424
1160 1737
1161 3783
1162 3474
1163 3483
1164 3483
1165 3219
1166 3219
1167 3710
1168 3219
1169 3545
1170 995
1171 1153
1172 1220
1173 3425
1174 4424
1175 4442
1176 3943
1177 3943
1178 434
1179 434
1180 3425
1181 4238
1182 4238
1183 3425
1184 903
1185 1171
1186 3460
1187 4165
1188 3872
1189 844
1190 3425
1191 4165
1192 4165
1193 903
1194 3742
1195 3297
1196 1295
1197 578
1198 1838
1199 1276
1200 3353
1201 3545
1202 3545
1203 3353
1204 3545
1205 3460
1206 2895
1207 1396
1208 4489
1209 3460
1210 3817
1211 3251
1212 3817
1213 1292
1214 3576
1215 3576
1216 4390
1217 4258
1218 4539
1219 4483
1220 4611
1221 4489
1222 1827
1223 1838
1224 1106
1225 4358
1226 1160
1227 3196
1228 3196
1229 1660
1230 3015
1231 2088
1232 1640
1233 1660
1234 4491
1235 4317
1236 4317
1237 4231
1238 360
1239 3914
1240 2762
1241 3455
1242 828
1243 661
1244 3672
1245 180
1246 3015
1247 3783
1248 185
1249 3352
1250 661
1251 89
1252 4442
1253 1961
1254 1468
1255 2193
1256 1892
1257 3456
1258 3721
1259 3703
1260 3219
1261 1087
1262 4358
1263 3911
1264 1826
1265 1694
1266 2772
1267 828
1268 3155
1269 3155
1270 4222
1271 3980
1272 3950
1273 3980
1274 4222
1275 3892
1276 3892
1277 3154
1278 3892
1279 3892
1280 3511
1281 3892
1282 3892
1283 4222
1284 1345
1285 1213
1286 1026
1287 572
1288 570
1289 1507
1290 996
1291 1275
1292 1173
1293 994
1294 1176
1295 572
1296 1107
1297 1027
1298 1506
1299 1169
1300 1506
1301 1213
1302 1482
1303 1511
1304 1396
1305 1057
1306 1333
1307 1396
1308 1057
1309 1057
1310 1396
1311 1396
1312 1057
1313 1318
1314 1396
1315 1318
1316 1390
1317 1390
1318 1507
1319 1389
1320 1365
1321 1169
1322 1395
1323 1213
1324 997
1325 1107
1326 574
1327 1027
1328 994
1329 4529
1330 4529
1331 4529
1332 4529
1333 4529
1334 519
1335 519
1336 678
1337 4547
1338 4599
1339 4564
1340 4700
1341 4599
1342 4599
1343 4547
1344 4529
1345 311
1346 311
1347 251
1348 2750
1349 303
1350 311
1351 311
1352 250
1353 250
1354 3950
1355 3155
1356 3154
1357 3950
1358 4222
1359 137
1360 303
1361 137
1362 251
1363 4222
1364 3511
1365 3511
1366 3154
1367 3911
1368 3911
1369 4132
1370 3511
1371 1172
1372 1031
1373 3398
1374 3689
1375 3689
1376 3689
1377 3398
1378 3493
1379 3292
1380 3398
1381 3398
1382 1031
1383 1172
1384 1143
1385 1143
1386 1172
1387 1172
1388 1143
1389 1143
1390 1172
1391 1143
1392 661
1393 180
1394 661
1395 661
1396 3672
1397 3632
1398 3352
1399 3779
1400 3703
1401 3353
1402 3703
1403 3545
1404 3353
1405 3353
1406 3703
1407 3545
1408 3673
1409 3593
1410 3779
1411 3593
1412 3674
1413 3632
1414 3780
1415 3630
1416 3780
1417 3630
1418 3780
1419 3780
1420 3779
1421 3630
1422 3779
1423 3780
1424 3779
1425 3672
1426 3674
1427 3673
1428 3545
1429 1627
1430 1594
1431 1594
1432 1627
1433 1659
1434 1594
1435 1537
1436 1619
1437 1619
1438 1619
1439 1497
1440 2005
1441 1641
1442 1761
1443 1627
1444 1523
1445 1523
1446 1523
1447 1576
1448 1576
1449 1627
1450 1523
1451 1627
1452 1523
1453 462
1454 1627
1455 3710
1456 3545
1457 4511
1458 4859
1459 4511
1460 3474
1461 4818
1462 3794
1463 3632
1464 3630
1465 3674
1466 3673
1467 3721
1468 3219
1469 4222
1470 3980
1471 3950
1472 3980
1473 3553
1474 3892
1475 3155
1476 4222
1477 3950
1478 4222
1479 3950
1480 3980
1481 4289
1482 4222
1483 3155
1484 3502
1485 137
1486 3950
1487 3155
1488 3155
1489 3892
1490 3731
1491 4222
1492 3892
1493 3154
1494 3911
1495 3892
1496 3155
1497 3950
1498 4222
1499 3980
1500 3980
1501 3980
1502 4446
1503 4469
1504 4435
1505 4478
1506 4537
1507 4560
1508 4616
1509 4554
1510 4474
1511 4478
1512 4469
1513 4469
1514 3958
1515 1292
1516 1292
1517 1292
1518 1292
1519 462
1520 1552
1521 1495
1522 1523
1523 1561
1524 1537
1525 250
1526 250
1527 250
1528 3911
1529 250
1530 250
1531 3511
1532 250
1533 250
1534 250
1535 250
1536 4222
1537 3892
1538 250
1539 3154
1540 250
1541 250
1542 6
1543 302
1544 6
1545 2415
1546 3911
1547 3911
1548 4535
1549 4554
1550 4535
1551 4554
1552 4535
1553 4326
1554 4564
1555 4554
1556 4616
1557 1919
1558 1787
1559 1758
1560 1694
1561 1620
1562 1619
1563 1971
1564 1692
1565 1955
1566 1919
1567 2002
1568 1919
1569 2003
1570 1526
1571 1912
1572 1787
1573 1596
1574 1564
1575 2002
1576 1675
1577 1826
1578 1826
1579 1949
1580 1978
1581 1826
1582 1675
1583 2004
1584 1892
1585 2253
1586 2782
1587 2193
1588 4155
1589 3963
1590 4317
1591 4317
1592 3963
1593 3963
1594 3963
1595 4317
1596 4317
1597 4155
1598 4317
1599 4317
1600 3455
1601 3483
1602 3539
1603 3474
1604 3474
1605 3474
1606 3474
1607 3219
1608 3474
1609 3545
1610 3474
1611 3474
1612 3474
1613 3474
1614 3483
1615 3539
1616 3456
1617 3455
1618 3456
1619 3539
1620 3517
1621 3509
1622 4818
1623 3456
1624 3483
1625 949
1626 3907
1627 5026
1628 1377
1629 1410
1630 949
1631 778
1632 776
1633 1496
1634 1561
1635 1493
1636 1496
1637 461
1638 1410
1639 1410
1640 5023
1641 1514
1642 950
1643 5031
1644 949
1645 813
1646 5028
1647 5029
1648 813
1649 813
1650 3760
1651 4259
1652 3510
1653 3929
1654 4023
1655 4116
1656 4177
1657 4009
1658 4008
1659 4008
1660 4274
1661 4023
1662 4023
1663 3906
1664 5118
1665 1292
1666 5118
1667 5123
1668 950
1669 1410
1670 624
1671 624
1672 624
1673 830
1674 624
1675 624
1676 624
1677 624
1678 624
1679 751
1680 624
1681 624
1682 751
1683 830
1684 624
1685 759
1686 759
1687 759
1688 759
1689 759
1690 624
1691 624
1692 759
1693 624
1694 624
1695 624
1696 624
1697 624
1698 3783
1699 3783
1700 4158
1701 3783
1702 3783
1703 3783
1704 3783
1705 3783
1706 3783
1707 89
1708 89
1709 89
1710 159
1711 2897
1712 89
1713 105
1714 4158
1715 4158
1716 3783
1717 3783
1718 3783
1719 2669
1720 2669
1721 3050
1722 3124
1723 4478
1724 4398
1725 4464
1726 4917
1727 158
1728 4130
1729 158
1730 158
1731 4190
1732 4211
1733 3742
1734 158
1735 4917
1736 158
1737 4190
1738 4211
1739 3239
1740 158
1741 158
1742 158
1743 4130
1744 158
1745 158
1746 1255
1747 1292
1748 1292
1749 3907
1750 4214
1751 5118
1752 3907
1753 1377
1754 1292
1755 1292
1756 1292
1757 1292
1758 1292
1759 1292
1760 1292
1761 1292
1762 1292
1763 1216
1764 1675
1765 2193
1766 1468
1767 1892
1768 1502
1769 1991
1770 2762
1771 2762
1772 2762
1773 2762
1774 3783
1775 3783
1776 844
1777 844
1778 1143
1779 844
1780 844
1781 844
1782 1143
1783 1172
1784 844
1785 1561
1786 776
1787 182
1788 5014
1789 182
1790 1410
1791 777
1792 678
1793 678
1794 678
1795 678
1796 4326
1797 1386
1798 678
1799 678
1800 4564
1801 4548
1802 4564
1803 661
1804 661
1805 661
1806 661
1807 661
1808 661
1809 4875
1810 661
1811 4326
1812 4326
1813 2669
1814 3124
1815 3056
1816 4564
1817 4326
1818 678
1819 512
1820 4599
1821 430
1822 185
1823 430
1824 4529
1825 4567
1826 4564
1827 4564
1828 4779
1829 4535
1830 1386
1831 4554
1832 828
1833 519
1834 828
1835 828
1836 868
1837 678
1838 519
1839 828
1840 1758
1841 1787
1842 2254
1843 2254
1844 1919
1845 2254
1846 1919
1847 1172
1848 1143
1849 1172
1850 1172
1851 1172
1852 3398
1853 1172
1854 1031
1855 1172
1856 3689
1857 3493
1858 1031
1859 1172
1860 1143
1861 1143
1862 844
1863 844
1864 1172
1865 3398
1866 1031
1867 3398
1868 3493
1869 3493
1870 3689
1871 3476
1872 3689
1873 3292
1874 3493
1875 3493
1876 3689
1877 3398
1878 3398
1879 3398
1880 1172
1881 1172
1882 1031
1883 3794
1884 3630
1885 3794
1886 3728
1887 3728
1888 3912
1889 3794
1890 3794
1891 3794
1892 3780
1893 3780
1894 3780
1895 3630
1896 3672
1897 3780
1898 3912
1899 3632
1900 3794
1901 3780
1902 3630
1903 3632
1904 3672
1905 3674
1906 3721
1907 3632
1908 3593
1909 3672
1910 3632
1911 3352
1912 3632
1913 3630
1914 3780
1915 3632
1916 3780
1917 3630
1918 3630
1919 3794
1920 3728
1921 3728
1922 3728
1923 3728
1924 3709
1925 3728
1926 3794
1927 3794
1928 1523
1929 1523
1930 1523
1931 3778
1932 3778
1933 2957
1934 1523
1935 1523
1936 1523
1937 3778
1938 2957
1939 3884
1940 2957
1941 2957
1942 2005
1943 2005
1944 2957
1945 3778
1946 3778
1947 2957
1948 1576
1949 2005
1950 3883
1951 1576
1952 2541
1953 3037
1954 1576
1955 1523
1956 1523
1957 3778
1958 1627
1959 1523
1960 1523
1961 462
1962 462
1963 1523
1964 462
1965 1523
1966 1523
1967 3632
1968 3352
1969 3779
1970 3632
1971 3632
1972 3674
1973 3674
1974 3721
1975 3672
1976 3779
1977 3673
1978 3353
1979 3721
1980 3545
1981 3219
1982 3703
1983 4511
1984 3055
1985 3055
1986 3055
1987 3016
1988 1870
1989 1870
1990 1870
1991 2492
1992 3055
1993 3785
1994 3055
1995 3055
1996 3037
1997 3055
1998 1520
1999 910
2000 3134
2001 3016
2002 3371
2003 3016
2004 1864
2005 1864
2006 3016
2007 3016
2008 3015
2009 3015
2010 3016
2011 3016
2012 1864
2013 3015
2014 1870
2015 1870
2016 1870
2017 2505
2018 1870
2019 1870
2020 2505
2021 3957
2022 4446
2023 1292
2024 3382
2025 3382
2026 3957
2027 4274
2028 3309
2029 2253
2030 2396
2031 2193
2032 2860
2033 1675
2034 2002
2035 2175
2036 3911
2037 3465
2038 3911
2039 3911
2040 3731
2041 3911
2042 3154
2043 3911
2044 3911
2045 3911
2046 3911
2047 2175
2048 2415
2049 3465
2050 2415
2051 2492
2052 2867
2053 3326
2054 2415
2055 2433
2056 2867
2057 3465
2058 2867
2059 2867
2060 3911
2061 813
2062 5028
2063 3964
2064 5028
2065 3968
2066 813
2067 813
2068 5028
2069 5029
2070 3964
2071 3968
2072 3556
2073 4154
2074 4317
2075 3964
2076 3309
2077 3309
2078 4174
2079 3309
2080 2681
2081 3309
2082 4174
2083 3309
2084 1865
2085 4274
2086 3309
2087 4469
2088 5029
2089 5023
2090 5031
2091 5023
2092 5023
2093 2415
2094 6
2095 3911
2096 6
2097 250
2098 3911
2099 3911
2100 3911
2101 3465
2102 3911
2103 2153
2104 2415
2105 2175
2106 2433
2107 2415
2108 2153
2109 2433
2110 2415
2111 2415
2112 2153
2113 3911
2114 3731
2115 3911
2116 3731
2117 3911
2118 3911
2119 3911
2120 3465
2121 3911
2122 3465
2123 3911
2124 3911
2125 678
2126 678
2127 3124
2128 2211
2129 678
2130 4700
2131 519
2132 678
2133 519
2134 519
2135 180
2136 180
2137 180
2138 519
2139 519
2140 678
2141 518
2142 126
2143 2211
2144 2211
2145 2669
2146 3167
2147 3050
2148 3884
2149 2725
2150 3884
2151 3884
2152 3732
2153 2492
2154 2505
2155 2492
2156 2433
2157 2492
2158 2175
2159 2867
2160 2433
2161 2175
2162 2867
2163 3326
2164 2175
2165 3665
2166 3433
2167 3665
2168 3665
2169 2947
2170 3665
2171 2433
2172 3732
2173 3732
2174 3732
2175 2492
2176 3808
2177 3808
2178 3808
2179 3774
2180 3774
2181 3808
2182 3884
2183 4022
2184 3884
2185 3884
2186 3808
2187 2725
2188 3884
2189 2726
2190 2726
2191 3778
2192 2726
2193 2739
2194 2739
2195 2739
2196 2739
2197 3778
2198 3778
2199 2739
2200 2739
2201 2739
2202 2725
2203 2505
2204 2492
2205 3783
2206 3783
2207 3783
2208 3783
2209 4158
2210 3783
2211 89
2212 3783
2213 3783
2214 3783
2215 3783
2216 2762
2217 2762
2218 3783
2219 3783
2220 3783
2221 3783
2222 3783
2223 4383
2224 5118
2225 3906
2226 3980
2227 137
2228 3980
2229 4944
2230 4944
2231 4944
2232 4944
2233 4944
2234 830
2235 4932
2236 830
2237 830
2238 830
2239 830
2240 830
2241 830
2242 4944
2243 4944
2244 759
2245 759
2246 759
2247 759
2248 4944
2249 759
2250 759
2251 4944
2252 4944
2253 830
2254 4663
2255 1723
2256 1601
2257 1824
2258 1619
2259 1561
2260 776
2261 1561
2262 1595
2263 1619
2264 1787
2265 1949
2266 2003
2267 1955
2268 1564
2269 1824
2270 1758
2271 1971
2272 4132
2273 3511
2274 238
2275 3512
2276 3512
2277 3425
2278 251
2279 238
2280 4611
2281 4611
2282 519
2283 949
2284 777
2285 950
2286 461
2287 1598
2288 1594
2289 776
2290 1410
2291 3907
2292 949
2293 949
2294 775
2295 4267
2296 4267
2297 4917
2298 89
2299 4917
2300 89
2301 89
2302 4917
2303 158
2304 89
2305 89
2306 3783
2307 5034
2308 3968
2309 3929
2310 3929
2311 3891
2312 3957
2313 3929
2314 3929
2315 4383
2316 4383
2317 4383
2318 5121
2319 4594
2320 4594
2321 4594
2322 4594
2323 4986
2324 1057
2325 1087
2326 1318
2327 632
2328 631
2329 1128
2330 4987
2331 4986
2332 4987
2333 1057
2334 1057
2335 1318
2336 1396
2337 1396
2338 1395
2339 1507
2340 1506
2341 1318
2342 1360
2343 1555
2344 1345
2345 1395
2346 1489
2347 1029
2348 1332
2349 1027
2350 1360
2351 1213
2352 1489
2353 1489
2354 570
2355 1390
2356 1318
2357 1087
2358 1318
2359 1087
2360 4986
2361 631
2362 632
2363 4987
2364 631
2365 632
2366 4964
2367 4987
2368 632
2369 3794
2370 1143
2371 1143
2372 1915
2373 2013
2374 1919
2375 3677
2376 469
2377 3531
2378 469
2379 1919
2380 469
2381 468
2382 3108
2383 2013
2384 3772
2385 3772
2386 3773
2387 3772
2388 3719
2389 3677
2390 469
2391 2496
2392 3121
2393 2766
2394 469
2395 3324
2396 3175
2397 3401
2398 3752
2399 3177
2400 3810
2401 3401
2402 482
2403 1991
2404 2863
2405 1567
2406 1528
2407 2626
2408 3401
2409 1949
2410 3324
2411 3531
2412 3531
2413 2772
2414 2003
2415 2254
2416 2013
2417 1694
2418 1758
2419 1813
2420 1694
2421 1971
2422 1813
2423 1669
2424 2013
2425 1813
2426 2013
2427 3108
2428 2123
2429 2505
2430 3808
2431 2492
2432 2947
2433 2505
2434 3808
2435 2433
2436 3433
2437 3665
2438 1705
2439 2867
2440 2867
2441 2867
2442 3433
2443 3665
2444 3514
2445 2867
2446 3326
2447 3665
2448 3665
2449 3433
2450 3665
2451 2947
2452 2492
2453 2492
2454 2492
2455 2505
2456 2451
2457 3884
2458 3808
2459 3774
2460 2767
2461 3808
2462 3808
2463 3560
2464 2120
2465 3916
2466 2120
2467 2740
2468 3884
2469 3163
2470 3560
2471 4022
2472 2769
2473 3884
2474 3560
2475 3884
2476 3560
2477 3883
2478 4156
2479 1172
2480 1143
2481 1143
2482 1143
2483 1143
2484 844
2485 844
2486 759
2487 624
2488 759
2489 624
2490 759
2491 759
2492 759
2493 759
2494 624
2495 624
2496 624
2497 759
2498 624
2499 624
2500 624
2501 624
2502 624
2503 624
2504 624
2505 624
2506 624
2507 624
2508 624
2509 624
2510 4469
2511 4372
2512 4469
2513 5120
2514 4372
2515 4372
2516 1292
2517 1292
2518 4469
2519 4374
2520 4490
2521 4469
2522 3118
2523 2614
2524 2614
2525 2669
2526 3124
2527 830
2528 624
2529 624
2530 830
2531 624
2532 624
2533 830
2534 830
2535 612
2536 830
2537 607
2538 4930
2539 4965
2540 589
2541 1126
2542 1129
2543 4964
2544 4965
2545 1129
2546 4965
2547 1129
2548 589
2549 609
2550 1125
2551 1126
2552 4958
2553 751
2554 624
2555 624
2556 751
2557 609
2558 624
2559 624
2560 624
2561 624
2562 624
2563 624
2564 624
2565 624
2566 624
2567 624
2568 624
2569 624
2570 624
2571 624
2572 759
2573 759
2574 4875
2575 4875
2576 180
2577 661
2578 185
2579 180
2580 759
2581 759
2582 4383
2583 4372
2584 1292
2585 1292
2586 1291
2587 1292
2588 4611
2589 185
2590 4611
2591 516
2592 4594
2593 4611
2594 4611
2595 4529
2596 4529
2597 4594
2598 4875
2599 1171
2600 844
2601 844
2602 844
2603 1143
2604 844
2605 4818
2606 4818
2607 4511
2608 4818
2609 4818
2610 4899
2611 4898
2612 4818
2613 4899
2614 4898
2615 4818
2616 4818
2617 3474
2618 4489
2619 4476
2620 4434
2621 5120
2622 5130
2623 5120
2624 5120
2625 4611
2626 4666
2627 589
2628 1129
2629 594
2630 706
2631 751
2632 589
2633 608
2634 751
2635 624
2636 624
2637 624
2638 624
2639 624
2640 624
2641 624
2642 624
2643 624
2644 467
2645 3186
2646 2086
2647 2120
2648 3677
2649 2765
2650 1703
2651 1703
2652 2119
2653 3773
2654 2120
2655 2120
2656 2119
2657 2119
2658 2403
2659 2630
2660 2630
2661 2630
2662 1830
2663 2956
2664 2783
2665 2783
2666 1949
2667 467
2668 468
2669 2634
2670 3677
2671 624
2672 624
2673 624
2674 624
2675 624
2676 624
2677 624
2678 624
2679 624
2680 624
2681 624
2682 759
2683 624
2684 759
2685 4616
2686 4535
2687 4616
2688 4326
2689 4564
2690 4564
2691 4564
2692 4564
2693 4564
2694 4564
2695 4700
2696 4700
2697 4326
2698 4700
2699 4700
2700 4700
2701 1387
2702 4554
2703 4663
2704 5120
2705 4372
2706 5120
2707 5120
2708 1216
2709 1255
2710 4384
2711 1255
2712 1216
2713 1292
2714 1971
2715 2013
2716 1678
2717 4688
2718 4688
2719 4687
2720 4688
2721 4713
2722 4688
2723 4195
2724 4195
2725 4688
2726 4703
2727 4687
2728 4688
2729 4703
2730 4799
2731 4775
2732 4703
2733 4773
2734 4799
2735 4883
2736 4704
2737 4703
2738 4703
2739 4774
2740 4883
2741 4876
2742 4713
2743 4708
2744 4799
2745 4703
2746 4687
2747 4688
2748 4688
2749 4687
2750 4194
2751 3249
2752 4195
2753 3442
2754 4194
2755 4193
2756 4194
2757 4195
2758 4195
2759 4194
2760 4670
2761 5147
2762 4727
2763 4832
2764 1388
2765 4778
2766 1388
2767 4832
2768 5147
2769 4330
2770 180
2771 180
2772 1249
2773 1010
2774 1011
2775 1097
2776 1296
2777 1068
2778 1010
2779 1679
2780 1316
2781 1200
2782 1251
2783 1211
2784 1063
2785 1316
2786 1010
2787 1249
2788 1602
2789 1296
2790 1818
2791 2614
2792 2614
2793 2669
2794 3118
2795 3382
2796 434
2797 3333
2798 434
2799 3333
2800 3142
2801 2614
2802 3124
2803 3056
2804 2669
2805 3124
2806 2433
2807 2433
2808 2505
2809 2415
2810 2415
2811 980
2812 2505
2813 2492
2814 2505
2815 1870
2816 2451
2817 3055
2818 2451
2819 2451
2820 2505
2821 2433
2822 2433
2823 2492
2824 4611
2825 4695
2826 4594
2827 661
2828 4695
2829 4695
2830 1669
2831 1963
2832 1963
2833 1723
2834 1594
2835 1576
2836 1637
2837 1641
2838 1979
2839 2411
2840 3778
2841 3778
2842 1641
2843 3883
2844 4022
2845 3884
2846 3884
2847 1641
2848 1963
2849 2120
2850 2119
2851 1620
2852 1620
2853 1597
2854 1971
2855 1620
2856 1562
2857 1620
2858 1572
2859 3884
2860 2633
2861 2633
2862 4022
2863 1518
2864 2428
2865 3778
2866 3778
2867 1870
2868 2451
2869 3015
2870 2492
2871 2505
2872 2451
2873 3015
2874 3015
2875 2088
2876 4535
2877 4554
2878 678
2879 4535
2880 4663
2881 4725
2882 4326
2883 4779
2884 4725
2885 4326
2886 4535
2887 678
2888 678
2889 4326
2890 4326
2891 4535
2892 4654
2893 4663
2894 5147
2895 4809
2896 4851
2897 4872
2898 4330
2899 4811
2900 4809
2901 4670
2902 4327
2903 4778
2904 1388
2905 4832
2906 4832
2907 4851
2908 4330
2909 4834
2910 1874
2911 1096
2912 2906
2913 1734
2914 1734
2915 1681
2916 1095
2917 1067
2918 1827
2919 1007
2920 1403
2921 1094
2922 1402
2923 1095
2924 1734
2925 2906
2926 2907
2927 1216
2928 4010
2929 5123
2930 4010
2931 4237
2932 2724
2933 4010
2934 4010
2935 1255
2936 3907
2937 2085
2938 1911
2939 1911
2940 2361
2941 1290
2942 486
2943 1921
2944 1790
2945 5046
2946 2339
2947 5046
2948 1986
2949 1790
2950 2361
2951 2986
2952 487
2953 2744
2954 1790
2955 1911
2956 2311
2957 1911
2958 480
2959 2396
2960 480
2961 2253
2962 1290
2963 2085
2964 4875
2965 1404
2966 1722
2967 1067
2968 1734
2969 1874
2970 2907
2971 2907
2972 4317
2973 4442
2974 4442
2975 4314
2976 5130
2977 3189
2978 4089
2979 3815
2980 3190
2981 3190
2982 5130
2983 5130
2984 5130
2985 5130
2986 5120
2987 1057
2988 1057
2989 4987
2990 1396
2991 4986
2992 1057
2993 4987
2994 631
2995 4987
2996 1128
2997 4964
2998 631
2999 4964
3000 1129
3001 1057
3002 1057
3003 1128
3004 4986
3005 1396
3006 1318
3007 1318
3008 1407
3009 3056
3010 2614
3011 3124
3012 3141
3013 3056
3014 4554
3015 2669
3016 2361
3017 2744
3018 2972
3019 2744
3020 2837
3021 2744
3022 2986
3023 2339
3024 1909
3025 1821
3026 2339
3027 1821
3028 1910
3029 2363
3030 2361
3031 2837
3032 2908
3033 2907
3034 2907
3035 3398
3036 1031
3037 3476
3038 3689
3039 3292
3040 3526
3041 1031
3042 1031
3043 1031
3044 1172
3045 1172
3046 3548
3047 3925
3048 3548
3049 3924
3050 3189
3051 3924
3052 3189
3053 4089
3054 3963
3055 4089
3056 3189
3057 3548
3058 3924
3059 359
3060 3548
3061 3925
3062 3925
3063 1864
3064 4666
3065 4611
3066 4611
3067 4009
3068 4009
3069 5123
3070 5121
3071 5130
3072 2724
3073 2724
3074 5126
3075 4214
3076 3564
3077 949
3078 949
3079 1410
3080 1874
3081 1818
3082 1734
3083 1734
3084 1575
3085 1801
3086 1575
3087 1574
3088 1095
3089 1067
3090 2839
3091 2888
3092 1788
3093 2396
3094 2085
3095 1821
3096 4089
3097 3188
3098 661
3099 661
3100 661
3101 661
3102 661
3103 185
3104 185
3105 4875
3106 4875
3107 4875
3108 4871
3109 4734
3110 4807
3111 4889
3112 4889
3113 4889
3114 4885
3115 4871
3116 4834
3117 4851
3118 4867
3119 5147
3120 4867
3121 4848
3122 4885
3123 4834
3124 4889
3125 4807
3126 4807
3127 2433
3128 2505
3129 2492
3130 1171
3131 844
3132 844
3133 2505
3134 2451
3135 1660
3136 434
3137 4442
3138 434
3139 434
3140 4442
3141 3382
3142 434
3143 3968
3144 360
3145 661
3146 4875
3147 828
3148 180
3149 180
3150 661
3151 3698
3152 2496
3153 468
3154 468
3155 2884
3156 3514
3157 2496
3158 3736
3159 1918
3160 2862
3161 2884
3162 3177
3163 2626
3164 2626
3165 1814
3166 3707
3167 2884
3168 3698
3169 3736
3170 3736
3171 2626
3172 1565
3173 3772
3174 1703
3175 3186
3176 3679
3177 4497
3178 4695
3179 4611
3180 1843
3181 1679
3182 1403
3183 1047
3184 1680
3185 1172
3186 1143
3187 777
3188 1619
3189 1628
3190 1723
3191 951
3192 949
3193 2415
3194 2492
3195 2867
3196 2433
3197 2867
3198 3326
3199 4317
3200 4317
3201 1578
3202 1637
3203 1561
3204 1637
3205 1619
3206 1619
3207 2888
3208 2809
3209 2986
3210 1885
3211 1960
3212 3916
3213 1799
3214 1375
3215 1292
3216 1220
3217 1292
3218 1292
3219 678
3220 2907
3221 1734
3222 1096
3223 1801
3224 1818
3225 1602
3226 1010
3227 1046
3228 185
3229 661
3230 661
3231 661
3232 4594
3233 661
3234 661
3235 2312
3236 1790
3237 2311
3238 1893
3239 1911
3240 2426
3241 1893
3242 2085
3243 1788
3244 1788
3245 2426
3246 2311
3247 2122
3248 2312
3249 487
3250 3065
3251 2617
3252 2361
3253 2919
3254 2361
3255 2312
3256 487
3257 2122
3258 1651
3259 2122
3260 2085
3261 480
3262 828
3263 828
3264 1129
3265 4986
3266 4986
3267 4986
3268 1057
3269 1396
3270 1396
3271 1489
3272 1395
3273 1396
3274 1489
3275 1621
3276 1511
3277 1507
3278 1509
3279 1276
3280 1360
3281 1489
3282 1395
3283 1555
3284 2837
3285 2986
3286 2809
3287 2837
3288 2908
3289 2972
3290 2986
3291 2919
3292 2943
3293 624
3294 624
3295 624
3296 624
3297 3728
3298 3794
3299 4872
3300 4851
3301 4809
3302 5147
3303 4778
3304 4778
3305 2867
3306 3911
3307 3326
3308 3465
3309 3326
3310 3326
3311 4023
3312 949
3313 4278
3314 3866
3315 3865
3316 4258
3317 4258
3318 4258
3319 4258
3320 4278
3321 4278
3322 3865
3323 3866
3324 180
3325 180
3326 180
3327 180
3328 1063
3329 1679
3330 1679
3331 1068
3332 1199
3333 1734
3334 2907
3335 1734
3336 1235
3337 2617
3338 2312
3339 2617
3340 2621
3341 1911
3342 2312
3343 2311
3344 1976
3345 1566
3346 483
3347 1290
3348 2861
3349 4851
3350 4834
3351 4851
3352 2362
3353 2361
3354 2616
3355 1821
3356 2122
3357 1893
3358 1911
3359 1290
3360 4529
3361 4695
3362 5035
3363 4023
3364 4023
3365 813
3366 455
3367 4023
3368 950
3369 5033
3370 1410
3371 5035
3372 3511
3373 4490
3374 4018
3375 4476
3376 4489
3377 4489
3378 4490
3379 4490
3380 4490
3381 4480
3382 4480
3383 4358
3384 4476
3385 4442
3386 5033
3387 5032
3388 5032
3389 813
3390 5031
3391 5031
3392 5033
3393 5025
3394 813
3395 4023
3396 5032
3397 4023
3398 3925
3399 2724
3400 3925
3401 813
3402 5028
3403 3924
3404 3189
3405 4023
3406 813
3407 4023
3408 813
3409 3911
3410 3911
3411 3511
3412 661
3413 661
3414 661
3415 1012
3416 1296
3417 1068
3418 1418
3419 1249
3420 1063
3421 1200
3422 1002
3423 2505
3424 661
3425 180
3426 185
3427 185
3428 661
3429 185
3430 185
3431 430
3432 430
3433 430
3434 430
3435 430
3436 430
3437 430
3438 180
3439 4536
3440 519
3441 185
3442 3924
3443 3924
3444 5028
3445 2724
3446 1874
3447 1818
3448 1192
3449 1827
3450 1680
3451 1251
3452 1036
3453 1100
3454 4964
3455 4964
3456 1129
3457 589
3458 632
3459 4986
3460 4964
3461 4965
3462 4964
3463 1057
3464 4965
3465 605
3466 714
3467 750
3468 751
3469 751
3470 624
3471 4737
3472 1388
3473 4727
3474 4529
3475 519
3476 4725
3477 5046
3478 1235
3479 1893
3480 1976
3481 483
3482 1687
3483 2859
3484 2085
3485 1849
3486 2582
3487 2782
3488 430
3489 430
3490 430
3491 185
3492 430
3493 2837
3494 3190
3495 4774
3496 4738
3497 4774
3498 4883
3499 4751
3500 4831
3501 4703
3502 4688
3503 4775
3504 4883
3505 4824
3506 4883
3507 4831
3508 4889
3509 4885
3510 4807
3511 4885
3512 4807
3513 4889
3514 4883
3515 4687
3516 4688
3517 4688
3518 4708
3519 4688
3520 1495
3521 2906
3522 1251
3523 2767
3524 3773
3525 2740
3526 3773
3527 2086
3528 1125
3529 1125
3530 1125
3531 3533
3532 1031
3533 4688
3534 4703
3535 4687
3536 4195
3537 4688
3538 4193
3539 3224
3540 3817
3541 4195
3542 4194
3543 3249
3544 2907
3545 2907
3546 2908
3547 2809
3548 2837
3549 1012
3550 1734
3551 519
3552 678
3553 4611
3554 4611
3555 4611
3556 4529
3557 4594
3558 3963
3559 3963
3560 3196
3561 4317
3562 4154
3563 4317
3564 4317
3565 4317
3566 4317
3567 4317
3568 3968
3569 3968
3570 4317
3571 3968
3572 3196
3573 4154
3574 4023
3575 2908
3576 2907
3577 1734
3578 2839
3579 2809
3580 2837
3581 2986
3582 2919
3583 2914
3584 2986
3585 2837
3586 2943
3587 2919
3588 2943
3589 2919
3590 2743
3591 1007
3592 1003
3593 1050
3594 1615
3595 1001
3596 1054
3597 3354
3598 3526
3599 3493
3600 3689
3601 3526
3602 3297
3603 3215
3604 3689
3605 3526
3606 3818
3607 3476
3608 3297
3609 3978
3610 4171
3611 3818
3612 3526
3613 3476
3614 3291
3615 3291
3616 4171
3617 4171
3618 3476
3619 3526
3620 3297
3621 3292
3622 3526
3623 3689
3624 3689
3625 1031
3626 3398
3627 1031
3628 1031
3629 1172
3630 3398
3631 3493
3632 1031
3633 1172
3634 1031
3635 3354
3636 3493
3637 3398
3638 1031
3639 1031
3640 4564
3641 4547
3642 4547
3643 4564
3644 4564
3645 4547
3646 4594
3647 3326
3648 3326
3649 632
3650 631
3651 1128
3652 2122
3653 2122
3654 2763
3655 2744
3656 1292
3657 2972
3658 2919
3659 2986
3660 1978
3661 2193
3662 1956
3663 1564
3664 3911
3665 3911
3666 3576
3667 3865
3668 3865
3669 3679
3670 2767
3671 2769
3672 3679
3673 3679
3674 3739
3675 4278
3676 3739
3677 4258
3678 3866
3679 4258
3680 4258
3681 3866
3682 4258
3683 4258
3684 3865
3685 3865
3686 3865
3687 4278
3688 3865
3689 3865
3690 1255
3691 4383
3692 5123
3693 5118
3694 5118
3695 5123
3696 1292
3697 4529
3698 4529
3699 4611
3700 2671
3701 2495
3702 2118
3703 3401
3704 3151
3705 2782
3706 3151
3707 1918
3708 2671
3709 3401
3710 1920
3711 3872
3712 4258
3713 3872
3714 4291
3715 4200
3716 4316
3717 3447
3718 4258
3719 4258
3720 4258
3721 4258
3722 4258
3723 3866
3724 3739
3725 4258
3726 4258
3727 3576
3728 1292
3729 5123
3730 1292
3731 1292
3732 4383
3733 3050
3734 3050
3735 3141
3736 4964
3737 632
3738 1057
3739 1509
3740 581
3741 1360
3742 1507
3743 1395
3744 1870
3745 2451
3746 2505
3747 2505
3748 4374
3749 3196
3750 3196
3751 4133
3752 4231
3753 3943
3754 3196
3755 3196
3756 4231
3757 4442
3758 4442
3759 4442
3760 4442
3761 4317
3762 4317
3763 4317
3764 4231
3765 3196
3766 3760
3767 3196
3768 4472
3769 4133
3770 813
3771 3956
3772 3196
3773 3196
3774 4133
3775 4405
3776 3196
3777 5119
3778 632
3779 632
3780 4986
3781 5002
3782 631
3783 1057
3784 4986
3785 603
3786 830
3787 3188
3788 3188
3789 3189
3790 4155
3791 4155
3792 4089
3793 4089
3794 3189
3795 2767
3796 2767
3797 4022
3798 1172
3799 1031
3800 1172
3801 1172
3802 1143
3803 1172
3804 1143
3805 1172
3806 1031
3807 1172
3808 1172
3809 1216
3810 1292
3811 1292
3812 1216
3813 5032
3814 4089
3815 4133
3816 3760
3817 813
3818 180
3819 180
3820 180
3821 180
3822 2986
3823 1292
3824 4372
3825 1172
3826 1143
3827 1172
3828 1172
3829 3743
3830 3978
3831 3239
3832 3291
3833 3239
3834 3239
3835 3742
3836 2899
3837 158
3838 3138
3839 2897
3840 158
3841 4917
3842 4190
3843 3138
3844 2899
3845 2899
3846 3291
3847 3978
3848 4171
3849 3978
3850 3297
3851 3978
3852 3536
3853 4171
3854 4171
3855 3818
3856 3297
3857 3291
3858 3742
3859 3239
3860 3978
3861 4212
3862 180
3863 844
3864 844
3865 844
3866 1220
3867 1261
3868 1292
3869 1220
3870 1261
3871 2986
3872 2907
3873 2743
3874 2986
3875 2837
3876 4594
3877 2451
3878 3884
3879 3884
3880 4535
3881 2809
3882 4875
3883 4875
3884 2972
3885 2636
3886 1955
3887 1526
3888 4875
3889 4875
3890 4594
3891 3739
3892 3866
3893 3866
3894 4258
3895 4258
3896 4258
3897 3448
3898 3251
3899 3224
3900 4316
3901 4280
3902 4280
3903 3447
3904 4282
3905 4295
3906 3888
3907 4258
3908 3921
3909 4295
3910 3920
3911 3447
3912 3888
3913 3224
3914 4282
3915 3251
3916 3665
3917 3698
3918 3326
3919 3911
3920 3326
3921 2867
3922 3326
3923 3911
3924 4594
3925 1620
3926 4594
3927 453
3928 180
3929 516
3930 4594
3931 4594
3932 1172
3933 1172
3934 4478
3935 3911
3936 3865
3937 3865
3938 4713
3939 4883
3940 4831
3941 4807
3942 4885
3943 4688
3944 4687
3945 4703
3946 4799
3947 4773
3948 4807
3949 4372
3950 1292
3951 4372
3952 1171
3953 1171
3954 1171
3955 844
3956 844
3957 1172
3958 1143
3959 1143
3960 844
3961 4964
3962 589
3963 4809
3964 4778
3965 4327
3966 4737
3967 678
3968 4478
3969 661
3970 4871
3971 4834
3972 4848
3973 4834
3974 4330
3975 4834
3976 4328
3977 512
3978 516
3979 1788
3980 1991
3981 1290
3982 1849
3983 2085
3984 1656
3985 1559
3986 1651
3987 1290
3988 480
3989 1290
3990 2581
3991 2003
3992 1919
3993 1872
3994 1911
3995 2122
3996 1290
3997 1559
3998 1991
3999 1892
4000 1910
4001 1759
4002 1289
4003 1290
4004 1788
4005 1651
4006 1447
4007 5120
4008 5023
4009 4023
4010 813
4011 813
4012 5031
4013 4734
4014 4807
4015 4774
4016 4885
4017 4885
4018 4871
4019 250
4020 3892
4021 3154
4022 3866
4023 4258
4024 4258
4025 4258
4026 3872
4027 4281
4028 4295
4029 4281
4030 4280
4031 3448
4032 3442
4033 3888
4034 3447
4035 3888
4036 4181
4037 3888
4038 4291
4039 3872
4040 4258
4041 3866
4042 4258
4043 2744
4044 2986
4045 4872
4046 4848
4047 4885
4048 4330
4049 4851
4050 844
4051 1143
4052 1143
4053 1143
4054 844
4055 1172
4056 844
4057 1171
4058 1171
4059 1171
4060 3239
4061 3291
4062 1387
4063 4660
4064 4778
4065 4258
4066 4258
4067 4281
4068 4281
4069 4258
4070 4291
4071 3740
4072 4258
4073 1687
4074 1656
4075 1814
4076 2085
4077 1849
4078 1727
4079 3330
4080 3342
4081 3272
4082 3469
4083 3396
4084 3272
4085 2846
4086 3475
4087 3517
4088 4898
4089 3342
4090 4898
4091 4861
4092 3208
4093 3304
4094 3075
4095 3206
4096 3075
4097 1953
4098 2761
4099 1953
4100 2761
4101 2991
4102 1953
4103 1953
4104 3033
4105 1953
4106 2846
4107 3304
4108 3206
4109 3272
4110 3075
4111 2846
4112 3208
4113 3206
4114 3304
4115 3206
4116 3075
4117 2857
4118 3209
4119 3216
4120 3529
4121 3431
4122 3455
4123 3517
4124 3455
4125 3456
4126 3216
4127 3509
4128 3431
4129 3539
4130 516
4131 661
4132 4258
4133 4258
4134 4258
4135 3740
4136 4258
4137 3866
4138 3866
4139 3866
4140 4258
4141 4832
4142 4832
4143 3208
4144 4861
4145 3272
4146 2846
4147 3330
4148 3075
4149 1953
4150 3075
4151 1953
4152 1795
4153 3227
4154 1953
4155 3033
4156 1953
4157 1953
4158 1953
4159 1953
4160 3075
4161 3304
4162 2846
4163 3272
4164 1953
4165 3208
4166 3208
4167 3330
4168 3304
4169 3206
4170 3469
4171 3206
4172 4818
4173 4818
4174 4861
4175 4898
4176 4861
4177 4898
4178 4861
4179 3272
4180 3272
4181 3208
4182 3304
4183 2846
4184 1953
4185 2766
4186 3918
4187 4695
4188 4875
4189 2908
4190 2943
4191 2837
4192 480
4193 1468
4194 1448
4195 1651
4196 1290
4197 2726
4198 4695
4199 1800
4200 2011
4201 462
4202 1653
4203 1636
4204 1292
4205 1292
4206 5120
4207 1292
4208 1292
4209 1220
4210 1261
4211 1261
4212 1737
4213 4481
4214 1737
4215 4486
4216 1261
4217 1737
4218 1261
4219 1292
4220 1220
4221 1220
4222 1220
4223 1220
4224 1261
4225 4660
4226 4797
4227 4616
4228 1387
4229 2763
4230 1292
4231 5031
4232 5023
4233 5031
4234 5031
4235 5031
4236 5031
4237 5031
4238 5031
4239 5023
4240 3731
4241 3911
4242 3892
4243 1660
4244 1590
4245 1523
4246 4317
4247 4313
4248 360
4249 4317
4250 4317
4251 4155
4252 4155
4253 4155
4254 4535
4255 3911
4256 5046
4257 2986
4258 2743
4259 2986
4260 2919
4261 2744
4262 2744
4263 4708
4264 4738
4265 4883
4266 4883
4267 4775
4268 3442
4269 661
4270 2738
4271 2541
4272 2541
4273 1261
4274 1261
4275 1261
4276 1381
4277 1261
4278 4403
4279 1261
4280 1261
4281 1261
4282 1261
4283 1261
4284 1261
4285 1737
4286 1381
4287 1220
4288 1261
4289 180
4290 828
4291 828
4292 3093
4293 158
4294 3866
4295 4158
4296 3461
4297 3553
4298 3425
4299 3425
4300 4165
4301 2750
4302 4158
4303 2750
4304 3980
4305 3950
4306 4158
4307 3461
4308 3425
4309 2750
4310 3460
4311 3739
4312 3739
4313 4258
4314 3740
4315 4291
4316 4330
4317 1626
4318 5031
4319 1589
4320 1626
4321 5031
4322 5031
4323 1589
4324 1590
4325 1660
4326 1660
4327 1589
4328 1660
4329 5031
4330 1626
4331 1626
4332 1626
4333 3431
4334 3206
4335 2846
4336 3304
4337 2846
4338 3227
4339 3033
4340 1795
4341 3949
4342 1953
4343 1953
4344 2750
4345 1953
4346 1953
4347 3890
4348 4238
4349 4304
4350 3460
4351 2991
4352 3949
4353 3979
4354 3460
4355 4304
4356 4304
4357 3949
4358 3890
4359 1953
4360 4293
4361 1953
4362 3783
4363 3980
4364 3980
4365 4222
4366 3155
4367 3872
4368 4258
4369 3888
4370 4295
4371 4295
4372 4280
4373 3251
4374 3447
4375 4291
4376 4280
4377 4200
4378 3249
4379 4194
4380 4194
4381 3817
4382 4316
4383 4194
4384 3442
4385 3249
4386 3817
4387 3224
4388 4194
4389 4258
4390 3495
4391 1626
4392 5031
4393 3460
4394 2991
4395 2991
4396 4304
4397 3460
4398 1795
4399 1953
4400 3227
4401 2761
4402 1953
4403 2846
4404 3206
4405 3304
4406 3015
4407 1636
4408 3015
4409 4258
4410 4258
4411 4258
4412 3740
4413 4295
4414 4258
4415 3447
4416 4291
4417 3888
4418 4280
4419 3251
4420 180
4421 3075
4422 1953
4423 1953
4424 3227
4425 1953
4426 3949
4427 3979
4428 3442
4429 4193
4430 457
4431 1653
4432 1653
4433 1086
4434 1276
4435 1085
4436 1345
4437 1395
4438 1169
4439 1212
4440 1507
4441 4197
4442 1795
4443 1953
4444 2761
4445 2991
4446 1953
4447 1953
4448 1953
4449 3272
4450 2750
4451 3398
4452 3526
4453 3689
4454 3292
4455 3787
4456 2837
4457 1660
4458 1636
4459 4258
4460 4258
4461 4258
4462 4258
4463 3866
4464 3209
4465 3529
4466 3216
4467 3206
4468 3272
4469 3075
4470 4158
4471 3311
4472 4539
4473 4481
4474 4539
4475 4390
4476 4483
4477 4403
4478 1381
4479 3460
4480 3949
4481 3979
4482 3061
4483 3949
4484 1795
4485 3033
4486 1953
4487 2846
4488 5147
4489 4832
4490 4778
4491 1388
4492 1388
4493 994
4494 1430
4495 1009
4496 1063
4497 1251
4498 999
4499 1200
4500 1002
4501 1107
4502 1317
4503 1173
4504 1028
4505 573
4506 573
4507 1211
4508 1173
4509 1045
4510 997
4511 1211
4512 1200
4513 4558
4514 4660
4515 4491
4516 4663
4517 4663
4518 4663
4519 4490
4520 3425
4521 3979
4522 3061
4523 3460
4524 3739
4525 3866
4526 3739
4527 4258
4528 3866
4529 3866
4530 3739
4531 1387
4532 4737
4533 4663
4534 4535
4535 4654
4536 4663
4537 4663
4538 4490
4539 4660
4540 4490
4541 4491
4542 4663
4543 4616
4544 4660
4545 4535
4546 4778
4547 4539
4548 1875
4549 4539
4550 1875
4551 2762
4552 4539
4553 4539
4554 3483
4555 3539
4556 3455
4557 3483
4558 3474
4559 3219
4560 3456
4561 3539
4562 3474
4563 3710
4564 3353
4565 3703
4566 1046
4567 999
4568 1107
4569 574
4570 1055
4571 1359
4572 1345
4573 1737
4574 1261
4575 1737
4576 4483
4577 1737
4578 1261
4579 1381
4580 4526
4581 4539
4582 4526
4583 4481
4584 4390
4585 1737
4586 1737
4587 3739
4588 3739
4589 2972
4590 1000
4591 1028
4592 1166
4593 1344
4594 1261
4595 1344
4596 1261
4597 1344
4598 1261
4599 1261
4600 3866
4601 1495
4602 4278
4603 4278
4604 3739
4605 3728
4606 3728
4607 3728
4608 3728
4609 3728
4610 4258
4611 3866
4612 3866
4613 3866
4614 4258
4615 3249
4616 1541
4617 465
4618 4818
4619 1737
4620 4737
4621 4616
4622 4660
4623 4558
4624 4489
4625 4491
4626 4491
4627 4491
4628 4489
4629 4558
4630 3866
4631 3866
4632 3739
4633 1252
4634 1000
4635 1105
4636 1649
4637 996
4638 1037
4639 1838
4640 4089
4641 4154
4642 4737
4643 3949
4644 180
4645 180
4646 844
4647 3865
4648 3865
4649 4278
4650 3865
4651 3474
4652 3539
4653 3728
4654 3728
4655 1506
4656 1360
4657 1318
4658 1213
4659 3483
4660 3539
4661 180
4662 180
4663 180
4664 180
4665 180
4666 180
4667 180
4668 180
4669 180
4670 180
4671 180
4672 4539
4673 4390
4674 4488
4675 180
4676 844
4677 844
4678 1737
4679 3783
4680 3674
4681 3353
4682 457
4683 4317
4684 2762
4685 4526
4686 4663
4687 4616
4688 4558
4689 4491
4690 4489
4691 4489
4692 3943
4693 4491
4694 4663
4695 4663
4696 4660
4697 4737
4698 3728
4699 3728
4700 3605
4701 3728
4702 3728
4703 4663
4704 4797
4705 4539
4706 3456
4707 3539
4708 3539
4709 3539
4710 3539
4711 3483
4712 3474
4713 2503
4714 3333
4715 4424
4716 4442
4717 3333
4718 3118
4719 4917
4720 4917
4721 4212
4722 158
4723 4917
4724 4130
4725 4211
4726 3138
4727 2899
4728 3138
4729 4212
4730 3239
4731 3291
4732 2899
4733 3239
4734 4211
4735 3239
4736 3783
4737 4917
4738 89
4739 4917
4740 3783
4741 105
4742 4158
4743 3783
4744 2762
4745 3783
4746 4663
4747 4654
4748 4490
4749 2088
4750 2088
4751 1864
4752 4317
4753 4529
4754 4490
4755 4491
4756 4663
4757 185
4758 4539
4759 4481
4760 4491
4761 4480
4762 4491
4763 4491
4764 4490
4765 4489
4766 828
4767 4491
4768 4480
4769 4489
4770 4480
4771 3914
4772 4317
4773 3576
4774 4491
4775 4490
4776 4490
4777 4358
4778 4424
4779 844
4780 844
4781 1143
4782 1172
4783 844
4784 4258
4785 844
4786 844
4787 844
4788 3630
4789 3794
4790 3794
4791 3794
4792 3630
4793 3632
4794 3632
4795 3794
4796 3630
4797 4480
4798 1143
4799 2750
4800 3425
4801 3461
4802 3425
4803 3425
4804 3461
4805 2750
4806 4158
4807 4158
4808 3311
4809 3783
4810 4158
4811 3311
4812 3461
4813 4488
4814 4258
4815 2750
4816 4165
4817 3460
4818 3425
4819 3461
4820 3425
4821 3425
4822 2750
4823 2750
4824 2750
4825 3311
4826 3425
4827 3461
4828 4442
4829 4442
4830 4424
4831 4491
4832 4480
4833 4424
4834 3783
4835 3783
4836 1737
4837 3783
4838 3474
4839 3219
4840 3474
4841 3474
4842 3474
4843 3494
4844 3474
4845 3474
4846 3474
4847 3474
4848 3545
4849 3219
4850 3219
4851 3219
4852 3545
4853 3703
4854 3352
4855 1006
4856 1032
4857 1086
4858 1280
4859 581
4860 1343
4861 238
4862 4442
4863 4442
4864 4424
4865 4442
4866 3943
4867 4442
4868 4442
4869 4424
4870 360
4871 4442
4872 4358
4873 4358
4874 4424
4875 4165
4876 3425
4877 4165
4878 3460
4879 3890
4880 4304
4881 4238
4882 3460
4883 3460
4884 3425
4885 3425
4886 3461
4887 3425
4888 903
4889 4238
4890 3460
4891 4165
4892 903
4893 3425
4894 3061
4895 3979
4896 3950
4897 2991
4898 3460
4899 1355
4900 1323
4901 1277
4902 995
4903 1842
4904 1208
4905 1038
4906 1158
4907 1746
4908 1712
4909 661
4910 661
4911 3352
4912 3703
4913 3703
4914 3352
4915 3721
4916 3673
4917 3593
4918 3721
4919 180
4920 3979
4921 3460
4922 4238
4923 4165
4924 3979
4925 1318
4926 4558
4927 828
4928 4539
4929 1901
4930 3448
4931 4222
4932 1737
4933 4390
4934 4539
4935 4539
4936 4390
4937 4488
4938 3866
4939 4539
4940 4526
4941 4539
4942 1737
4943 4481
4944 4611
4945 1901
4946 1842
4947 1587
4948 1050
4949 1105
4950 4480
4951 4491
4952 4154
4953 3815
4954 3924
4955 3924
4956 3196
4957 4231
4958 1660
4959 1800
4960 3016
4961 3015
4962 3015
4963 3015
4964 2088
4965 1520
4966 3134
4967 1523
4968 1660
4969 1660
4970 4358
4971 4424
4972 3914
4973 4317
4974 4317
4975 360
4976 4317
4977 2762
4978 3545
4979 1590
4980 1413
4981 3431
4982 3455
4983 180
4984 3539
4985 3483
4986 185
4987 3632
4988 3672
4989 3251
4990 4280
4991 4282
4992 661
4993 180
4994 180
4995 661
4996 661
4997 3783
4998 3219
4999 661
5000 180
5001 4222
5002 89
5003 4158
5004 1502
5005 2193
5006 1956
5007 478
5008 1826
5009 158
5010 3455
5011 3455
5012 3539
5013 3593
5014 3352
5015 3703
5016 4358
5017 3911
5018 1526
5019 1802
5020 1787
5021 1596
5022 2956
5023 180
5024 4013
5025 4013
5026 4491
5027 4358
5028 4480
5029 3943
5030 3943
5031 3943
5032 3943
5033 4442
5034 4442
5035 3943
5036 3943
5037 3943
5038 4231
5039 3943
5040 4231
5041 4405
5042 4231
5043 4231
5044 4424
5045 3914
5046 4424
5047 4317
5048 4424
5049 4231
5050 4424
5051 4472
5052 4013
5053 4424
5054 4374
5055 4424
5056 4442
5057 3943
5058 4442
5059 4424
5060 4424
5061 4231
5062 4424
5063 3943
5064 4424
5065 3943
5066 3943
5067 3943
5068 3943
5069 4424
5070 3943
5071 3943
5072 4424
5073 4424
5074 4231
5075 4231
5076 4231
5077 3943
5078 3943
5079 3943
5080 4424
5081 3943
5082 4231
5083 3943
5084 3943
5085 4231
5086 3943
5087 3943
5088 4358
5089 4231
5090 3943
5091 3943
5092 4424
5093 3943
5094 1292
5095 1292
5096 1292
5097 1292
5098 1292
5099 1292
5100 1220
5101 1220
5102 1220
5103 1292
5104 1220
5105 1220
5106 1220
5107 1292
5108 1220
5109 1261
5110 1220
5111 1292
5112 1292
5113 1292
5114 1292
5115 1292
5116 1292
5117 1216
5118 1292
5119 4008
5120 1292
5121 1292
5122 1216
5123 1292
5124 4383
5125 1292
5126 1216
5127 4383
5128 1216
5129 1216
5130 1292
5131 4383
5132 1216
5133 4383
5134 1292
5135 4383
5136 1216
5137 4383
5138 4383
5139 1292
5140 1292
5141 1292
5142 1292
5143 1292
5144 1220
5145 1220
5146 1292
5147 1292
5148 1261
5149 1261
5150 1292
5151 1261
5152 1292
5153 1292
5154 1220
5155 1292
5156 1220
5157 1292
5158 1292
5159 1292
5160 1292
5161 1220
5162 1220
5163 1261
5164 1261
5165 1292
5166 1220
5167 1292
5168 1220
5169 1292
5170 1220
5171 1261
5172 1260
5173 1261
5174 1220
5175 1292
5176 1261
5177 1220
5178 1261
5179 1220
5180 1220
5181 1220
5182 1261
5183 1220
5184 1292
5185 1220
5186 1220
5187 4491
5188 4472
5189 4491
5190 4472
5191 4472
5192 4472
5193 1171
5194 185
5195 1171
5196 180
