0 928
1 3783
2 3406
3 20
4 2425
5 3974
6 3813
7 3766
8 224
9 3406
10 966
11 4107
12 4449
13 4094
14 4449
15 2090
16 4085
17 4085
18 4094
19 20
20 20
21 585
22 4085
23 4447
24 883
25 4079
26 3520
27 4114
28 2425
29 4010
30 4094
31 4094
32 4108
33 4234
34 2387
35 397
36 4085
37 1940
38 1940
39 397
40 2050
41 1940
42 992
43 3817
44 853
45 1940
46 4009
47 4089
48 185
49 20
50 1940
51 20
52 4094
53 397
54 4085
55 397
56 3766
57 4447
58 187
59 1844
60 4107
61 2468
62 4319
63 853
64 2378
65 185
66 4107
67 4431
68 2266
69 332
70 4550
71 2468
72 4430
73 3974
74 315
75 4402
76 1842
77 185
78 4094
79 2378
80 4447
81 2381
82 4009
83 2413
84 883
85 332
86 4431
87 1940
88 2378
89 4094
90 1064
91 187
92 853
93 185
94 1940
95 3771
96 3974
97 3766
98 4929
99 20
100 4431
101 185
102 2378
103 397
104 2059
105 3188
106 315
107 4447
108 2372
109 3817
110 20
111 4237
112 4235
113 3925
114 2381
115 853
116 2263
117 4235
118 327
119 653
120 4550
121 4430
122 1940
123 4108
124 4079
125 187
126 966
127 4009
128 3204
129 853
130 3188
131 20
132 853
133 20
134 187
135 4235
136 1844
137 2263
138 421
139 3167
140 4233
141 3766
142 848
143 1936
144 1561
145 1562
146 4234
147 2382
148 4009
149 2593
150 20
151 2263
152 3925
153 404
154 4234
155 3815
156 1559
157 4234
158 5021
159 928
160 1444
161 4009
162 853
163 2035
164 1958
165 4011
166 2396
167 853
168 853
169 332
170 4010
171 373
172 20
173 3974
174 4929
175 1581
176 4237
177 2378
178 909
179 3603
180 2664
181 2408
182 187
183 3189
184 2382
185 928
186 4094
187 4009
188 2382
189 966
190 3190
191 327
192 4431
193 1791
194 20
195 1253
196 2664
197 853
198 4011
199 20
200 4009
201 3925
202 3775
203 4401
204 4009
205 883
206 4234
207 225
208 2288
209 3154
210 808
211 3974
212 3406
213 966
214 4319
215 4010
216 3485
217 180
218 182
219 4011
220 2019
221 940
222 2438
223 4107
224 287
225 969
226 2593
227 4234
228 2417
229 4317
230 1559
231 2959
232 4928
233 2035
234 1960
235 802
236 3925
237 883
238 2959
239 2417
240 437
241 677
242 2425
243 4550
244 327
245 966
246 853
247 4331
248 4362
249 2372
250 3003
251 67
252 327
253 3123
254 397
255 2030
256 4237
257 909
258 4234
259 2593
260 4009
261 969
262 3485
263 4011
264 751
265 3974
266 2811
267 4011
268 1562
269 853
270 562
271 4237
272 883
273 1561
274 1311
275 2593
276 4550
277 4009
278 67
279 853
280 3607
281 585
282 1311
283 4234
284 20
285 3748
286 3780
287 1904
288 4093
289 966
290 4009
291 3604
292 3748
293 185
294 1064
295 855
296 4106
297 397
298 2902
299 3449
300 4331
301 2372
302 848
303 908
304 2854
305 3748
306 2919
307 1520
308 315
309 1253
310 4234
311 2345
312 2901
313 3449
314 657
315 1064
316 2288
317 4331
318 599
319 553
320 4266
321 20
322 3256
323 940
324 3766
325 20
326 1559
327 4550
328 3777
329 2417
330 394
331 20
332 185
333 4082
334 4234
335 4488
336 79
337 310
338 3042
339 4234
340 4009
341 327
342 4550
343 4234
344 3775
345 180
346 474
347 4234
348 5020
349 3775
350 4010
351 2834
352 3885
353 3766
354 3817
355 394
356 2408
357 3406
358 3193
359 773
360 2345
361 4234
362 4176
363 1430
364 20
365 20
366 1074
367 2395
368 3748
369 1085
370 3598
371 4237
372 924
373 3355
374 3770
375 4234
376 3979
377 1784
378 2959
379 1636
380 404
381 4549
382 3256
383 845
384 4549
385 489
386 4009
387 2452
388 4945
389 20
390 1151
391 2288
392 2059
393 4550
394 1085
395 4016
396 4003
397 3987
398 4942
399 3003
400 1936
401 969
402 1879
403 2901
404 3357
405 11
406 3748
407 3772
408 2593
409 4613
410 4945
411 1739
412 1583
413 4011
414 4263
415 4178
416 316
417 2899
418 4945
419 3849
420 1274
421 4929
422 4427
423 4317
424 3256
425 1085
426 4945
427 3193
428 3843
429 437
430 2263
431 1218
432 3597
433 4929
434 1960
435 3607
436 3772
437 650
438 4237
439 650
440 4929
441 2345
442 1064
443 4657
444 1269
445 3256
446 1782
447 1520
448 3925
449 4901
450 4009
451 1898
452 3026
453 4324
454 4003
455 3193
456 1039
457 3817
458 4016
459 20
460 334
461 965
462 3389
463 2593
464 553
465 1985
466 2343
467 4009
468 1520
469 4225
470 2067
471 1311
472 4331
473 3748
474 1784
475 3302
476 3846
477 681
478 4362
479 3604
480 180
481 4009
482 3783
483 2438
484 3355
485 2351
486 3655
487 4571
488 650
489 1546
490 1878
491 2092
492 2425
493 1348
494 3750
495 5024
496 3748
497 4009
498 3026
499 4980
500 332
501 3748
502 2109
503 3777
504 1027
505 4327
506 650
507 3189
508 3979
509 1520
510 969
511 4489
512 20
513 3766
514 2288
515 4319
516 3750
517 1121
518 4009
519 4094
520 1880
521 4331
522 4728
523 445
524 3748
525 4009
526 4655
527 2611
528 20
529 4231
530 1881
531 180
532 3655
533 1308
534 3770
535 180
536 3405
537 5024
538 4550
539 2345
540 3775
541 3770
542 180
543 4657
544 1881
545 3357
546 3770
547 4237
548 4898
549 3770
550 4928
551 437
552 3598
553 2035
554 2811
555 3449
556 4267
557 334
558 927
559 3772
560 3256
561 1581
562 11
563 3485
564 3748
565 2035
566 4532
567 4082
568 3772
569 3246
570 4002
571 3773
572 2035
573 3748
574 3594
575 3748
576 3018
577 3580
578 1074
579 3770
580 1844
581 3777
582 4016
583 4265
584 3463
585 1304
586 3356
587 4016
588 4225
589 928
590 3748
591 705
592 4619
593 4178
594 853
595 4536
596 3964
597 4942
598 4364
599 3772
600 3909
601 3925
602 3026
603 4009
604 20
605 4550
606 4571
607 3658
608 2354
609 4941
610 562
611 697
612 437
613 4009
614 2035
615 3979
616 1191
617 3357
618 180
619 1103
620 1940
621 3193
622 315
623 20
624 4489
625 3026
626 2288
627 2901
628 4571
629 1265
630 4215
631 3772
632 4009
633 20
634 4657
635 3766
636 1546
637 3925
638 3943
639 4009
640 2397
641 4016
642 3246
643 3123
644 1026
645 3026
646 20
647 2901
648 817
649 3018
650 3974
651 4009
652 2452
653 4535
654 20
655 4009
656 2102
657 437
658 3449
659 437
660 1240
661 553
662 3604
663 768
664 971
665 4572
666 2059
667 3241
668 4225
669 4301
670 2417
671 4550
672 4488
673 1844
674 1348
675 2262
676 4318
677 4016
678 2744
679 1311
680 3748
681 3748
682 1560
683 307
684 218
685 4002
686 2019
687 437
688 322
689 137
690 437
691 3355
692 4179
693 2353
694 4143
695 4536
696 4812
697 4326
698 4009
699 1191
700 2452
701 3773
702 3848
703 4657
704 4402
705 4977
706 1218
707 3163
708 20
709 4488
710 4537
711 4488
712 4532
713 3353
714 2059
715 3123
716 263
717 20
718 1103
719 2897
720 4536
721 3848
722 1878
723 20
724 4508
725 445
726 3748
727 4728
728 4571
729 3964
730 225
731 3843
732 3848
733 2005
734 958
735 4179
736 1960
737 4522
738 883
739 3026
740 3125
741 1925
742 802
743 3356
744 4536
745 2351
746 553
747 3849
748 187
749 3748
750 4523
751 3784
752 3748
753 2425
754 307
755 4488
756 2426
757 445
758 1311
759 2406
760 3770
761 2353
762 4085
763 2062
764 4011
765 3463
766 3356
767 3766
768 3520
769 3356
770 20
771 3484
772 4422
773 3026
774 3713
775 2343
776 3748
777 3843
778 617
779 4302
780 3771
781 3815
782 2107
783 4422
784 3986
785 4237
786 2346
787 1103
788 3274
789 4503
790 3580
791 2906
792 4178
793 3449
794 206
795 1899
796 3783
797 3188
798 5077
799 218
800 4336
801 4178
802 2353
803 3355
804 3974
805 3123
806 908
807 4550
808 4549
809 4532
810 3771
811 307
812 4180
813 2452
814 1308
815 3999
816 3987
817 2019
818 4514
819 3713
820 1546
821 445
822 4179
823 552
824 1562
825 4571
826 4657
827 225
828 3485
829 3026
830 20
831 4522
832 3401
833 4449
834 2020
835 315
836 2811
837 3964
838 3925
839 5024
840 3909
841 1311
842 2343
843 3356
844 437
845 3091
846 4536
847 1781
848 1635
849 3772
850 2050
851 206
852 8
853 3777
854 2019
855 271
856 4514
857 3766
858 3911
859 397
860 2020
861 3775
862 1898
863 4537
864 4940
865 3750
866 4623
867 3078
868 4327
869 2959
870 315
871 2347
872 212
873 848
874 971
875 2102
876 209
877 4550
878 2292
879 4782
880 4362
881 1307
882 4728
883 1878
884 2593
885 2287
886 971
887 3748
888 4728
889 225
890 20
891 437
892 3356
893 4085
894 20
895 3985
896 4009
897 3536
898 4362
899 2294
900 1274
901 4225
902 4898
903 3849
904 4535
905 2011
906 4009
907 908
908 2019
909 908
910 2350
911 4080
912 4009
913 4143
914 2287
915 1564
916 2453
917 180
918 4467
919 2262
920 3449
921 802
922 1026
923 3242
924 3974
925 1561
926 307
927 4489
928 4570
929 2919
930 218
931 1907
932 437
933 2290
934 4655
935 4488
936 3344
937 3777
938 2747
939 875
940 3655
941 1565
942 1074
943 4302
944 1085
945 85
946 2035
947 1635
948 3748
949 4015
950 4523
951 180
952 11
953 3743
954 437
955 817
956 4895
957 3256
958 4080
959 4568
960 4016
961 5024
962 3845
963 3018
964 3356
965 4003
966 3256
967 1570
968 3256
969 3344
970 3026
971 85
972 1841
973 3766
974 20
975 3808
976 3187
977 1964
978 4489
979 79
980 2088
981 4233
982 4812
983 1074
984 4076
985 3771
986 4237
987 3909
988 20
989 3775
990 4317
991 2519
992 3771
993 3974
994 4657
995 1214
996 1362
997 1840
998 3764
999 4571
1000 2519
1001 848
1002 2417
1003 1557
1004 1581
1005 4571
1006 3777
1007 471
1008 1843
1009 3193
1010 3387
1011 2433
1012 47
1013 296
1014 1103
1015 263
1016 3357
1017 2811
1018 2519
1019 4657
1020 3398
1021 4895
1022 2518
1023 2519
1024 4182
1025 3714
1026 3713
1027 4532
1028 1771
1029 2062
1030 3187
1031 3585
1032 2518
1033 334
1034 203
1035 2035
1036 3748
1037 474
1038 2018
1039 614
1040 1274
1041 2510
1042 226
1043 3256
1044 4502
1045 4571
1046 1035
1047 203
1048 1560
1049 1035
1050 2290
1051 5024
1052 1311
1053 928
1054 4427
1055 1362
1056 65
1057 4658
1058 1584
1059 2004
1060 3815
1061 2347
1062 1362
1063 1362
1064 848
1065 1193
1066 4427
1067 1565
1068 4082
1069 3484
1070 271
1071 2352
1072 4273
1073 2433
1074 4488
1075 1985
1076 2519
1077 5024
1078 522
1079 3355
1080 5054
1081 4422
1082 1565
1083 2088
1084 3777
1085 3748
1086 1551
1087 263
1088 218
1089 4489
1090 3171
1091 4895
1092 1907
1093 2900
1094 4536
1095 3192
1096 705
1097 3748
1098 1940
1099 552
1100 3484
1101 4273
1102 295
1103 958
1104 2518
1105 1074
1106 316
1107 848
1108 2897
1109 848
1110 2510
1111 4728
1112 1634
1113 225
1114 20
1115 3986
1116 3713
1117 4491
1118 4530
1119 3603
1120 2453
1121 2821
1122 3353
1123 3885
1124 20
1125 437
1126 1881
1127 3604
1128 2019
1129 4301
1130 1362
1131 1151
1132 1551
1133 3909
1134 3072
1135 562
1136 1918
1137 1308
1138 185
1139 4732
1140 1565
1141 373
1142 1919
1143 4657
1144 2340
1145 3871
1146 3473
1147 3187
1148 4655
1149 2035
1150 3535
1151 2067
1152 4217
1153 2433
1154 4225
1155 4945
1156 3750
1157 294
1158 4893
1159 1997
1160 4812
1161 3748
1162 2454
1163 3775
1164 20
1165 4514
1166 2510
1167 4549
1168 4048
1169 2834
1170 4900
1171 2812
1172 4272
1173 1846
1174 2351
1175 4941
1176 553
1177 3167
1178 940
1179 4695
1180 3655
1181 1940
1182 334
1183 332
1184 437
1185 2822
1186 20
1187 2035
1188 1362
1189 3846
1190 3192
1191 3192
1192 3167
1193 5024
1194 4813
1195 2897
1196 315
1197 1582
1198 3407
1199 4740
1200 2338
1201 3394
1202 4009
1203 4658
1204 3909
1205 1845
1206 1563
1207 3401
1208 3161
1209 3073
1210 2262
1211 4002
1212 4550
1213 180
1214 4537
1215 2519
1216 3748
1217 4929
1218 1765
1219 1109
1220 4514
1221 2293
1222 2593
1223 3748
1224 3845
1225 2109
1226 4728
1227 4900
1228 3604
1229 2353
1230 3345
1231 2011
1232 2959
1233 971
1234 925
1235 802
1236 2019
1237 3356
1238 1103
1239 617
1240 1753
1241 2433
1242 3353
1243 4539
1244 474
1245 3445
1246 3986
1247 3398
1248 217
1249 2594
1250 3655
1251 2812
1252 3816
1253 3366
1254 614
1255 4009
1256 4009
1257 2898
1258 4658
1259 3073
1260 3345
1261 3772
1262 3815
1263 4900
1264 82
1265 2919
1266 4527
1267 2836
1268 4179
1269 845
1270 3125
1271 4532
1272 2452
1273 2068
1274 4225
1275 3560
1276 2519
1277 1190
1278 3777
1279 617
1280 2518
1281 5024
1282 4686
1283 3766
1284 3484
1285 2959
1286 3072
1287 4568
1288 1274
1289 852
1290 1221
1291 3445
1292 4945
1293 1561
1294 1581
1295 4488
1296 397
1297 2811
1298 282
1299 1565
1300 4535
1301 2011
1302 2347
1303 226
1304 3357
1305 3655
1306 7
1307 3278
1308 4550
1309 1581
1310 3366
1311 3449
1312 4317
1313 1565
1314 552
1315 1103
1316 2518
1317 4898
1318 3775
1319 4549
1320 2932
1321 2342
1322 3405
1323 4488
1324 445
1325 100
1326 4893
1327 3974
1328 1121
1329 4813
1330 4225
1331 1581
1332 1546
1333 1074
1334 4001
1335 3449
1336 5054
1337 2744
1338 4009
1339 1546
1340 3394
1341 2519
1342 3775
1343 332
1344 1899
1345 1444
1346 2062
1347 3399
1348 2398
1349 3125
1350 2262
1351 4422
1352 3192
1353 4550
1354 1121
1355 599
1356 3775
1357 2642
1358 4527
1359 3777
1360 4425
1361 4225
1362 4301
1363 2433
1364 2068
1365 3356
1366 875
1367 2068
1368 3060
1369 2438
1370 3846
1371 4898
1372 1193
1373 4016
1374 2452
1375 2088
1376 639
1377 552
1378 940
1379 4537
1380 271
1381 2831
1382 4488
1383 3256
1384 3771
1385 3843
1386 4537
1387 1109
1388 4657
1389 2510
1390 4929
1391 332
1392 4009
1393 4079
1394 2747
1395 2594
1396 3775
1397 4215
1398 3162
1399 4097
1400 2713
1401 1960
1402 1508
1403 2020
1404 20
1405 4537
1406 20
1407 2372
1408 3387
1409 628
1410 1846
1411 2897
1412 3987
1413 3399
1414 3072
1415 3449
1416 562
1417 271
1418 3974
1419 3713
1420 2713
1421 2519
1422 4422
1423 2056
1424 3911
1425 5020
1426 2018
1427 2747
1428 3303
1429 848
1430 3403
1431 1565
1432 4936
1433 4530
1434 4657
1435 2518
1436 4422
1437 1568
1438 3750
1439 3777
1440 308
1441 4342
1442 2518
1443 2293
1444 3486
1445 1586
1446 2433
1447 4619
1448 3365
1449 522
1450 817
1451 1846
1452 1843
1453 4301
1454 20
1455 1308
1456 3713
1457 4425
1458 1564
1459 2068
1460 4550
1461 2293
1462 3748
1463 2867
1464 1085
1465 4550
1466 2811
1467 2519
1468 3256
1469 5024
1470 4217
1471 4401
1472 1581
1473 1945
1474 4523
1475 2821
1476 802
1477 4940
1478 3911
1479 1936
1480 3403
1481 3750
1482 3192
1483 2293
1484 802
1485 3604
1486 234
1487 4184
1488 4425
1489 3777
1490 2899
1491 1563
1492 4736
1493 1557
1494 2483
1495 3192
1496 4568
1497 1240
1498 4237
1499 3748
1500 4217
1501 1753
1502 550
1503 1845
1504 1068
1505 4571
1506 753
1507 3987
1508 2293
1509 3123
1510 3748
1511 855
1512 3925
1513 47
1514 3193
1515 1583
1516 1035
1517 1704
1518 3394
1519 4427
1520 20
1521 3078
1522 4489
1523 3072
1524 2285
1525 1508
1526 1753
1527 4337
1528 1511
1529 4036
1530 2020
1531 437
1532 2519
1533 1314
1534 4488
1535 3775
1536 1087
1537 973
1538 2011
1539 4613
1540 2896
1541 3815
1542 296
1543 1566
1544 1274
1545 445
1546 1362
1547 1565
1548 3772
1549 969
1550 1964
1551 1193
1552 940
1553 3158
1554 3348
1555 1558
1556 3356
1557 3748
1558 3750
1559 1240
1560 2288
1561 4488
1562 4336
1563 3203
1564 846
1565 3366
1566 4568
1567 1120
1568 2059
1569 3655
1570 4942
1571 2005
1572 437
1573 4728
1574 4522
1575 2519
1576 4488
1577 332
1578 4536
1579 4941
1580 4227
1581 47
1582 3771
1583 2400
1584 1088
1585 437
1586 1584
1587 20
1588 3815
1589 3072
1590 3766
1591 332
1592 4549
1593 1269
1594 1057
1595 4901
1596 3398
1597 4488
1598 4184
1599 2018
1600 2670
1601 12
1602 1584
1603 2453
1604 924
1605 2056
1606 3909
1607 3986
1608 3607
1609 307
1610 3355
1611 2011
1612 2068
1613 1318
1614 1104
1615 2018
1616 2519
1617 4217
1618 4093
1619 133
1620 2744
1621 4533
1622 3463
1623 1557
1624 5054
1625 3366
1626 3816
1627 2747
1628 3748
1629 4502
1630 1127
1631 404
1632 3713
1633 971
1634 1650
1635 4002
1636 79
1637 4002
1638 971
1639 2518
1640 3281
1641 1573
1642 47
1643 1362
1644 802
1645 2871
1646 4225
1647 4945
1648 2433
1649 1316
1650 3356
1651 4182
1652 3357
1653 4945
1654 4473
1655 4940
1656 3713
1657 4009
1658 4427
1659 384
1660 1191
1661 4267
1662 2818
1663 3713
1664 4421
1665 4977
1666 3355
1667 4550
1668 5024
1669 4743
1670 3356
1671 20
1672 3771
1673 5054
1674 3713
1675 4178
1676 5024
1677 1580
1678 225
1679 972
1680 3986
1681 2020
1682 3713
1683 1508
1684 1774
1685 2713
1686 3849
1687 1569
1688 2831
1689 4336
1690 4722
1691 1104
1692 251
1693 4016
1694 3584
1695 3655
1696 447
1697 4738
1698 445
1699 4942
1700 4743
1701 1035
1702 4929
1703 2961
1704 3603
1705 4901
1706 2867
1707 945
1708 2810
1709 3909
1710 2035
1711 209
1712 4550
1713 1102
1714 447
1715 3910
1716 180
1717 4945
1718 4550
1719 1308
1720 4613
1721 1362
1722 3845
1723 1444
1724 218
1725 3246
1726 848
1727 3909
1728 4570
1729 3403
1730 3079
1731 3536
1732 1193
1733 1151
1734 332
1735 4537
1736 3777
1737 1121
1738 1669
1739 4940
1740 1704
1741 561
1742 3394
1743 4002
1744 4570
1745 3078
1746 4422
1747 1074
1748 4184
1749 20
1750 4508
1751 3355
1752 4009
1753 2959
1754 217
1755 20
1756 3986
1757 4265
1758 1035
1759 3463
1760 3026
1761 3777
1762 972
1763 2519
1764 3401
1765 1104
1766 20
1767 3241
1768 3026
1769 2841
1770 924
1771 20
1772 4266
1773 3775
1774 972
1775 3849
1776 1511
1777 4489
1778 296
1779 3845
1780 4523
1781 1919
1782 599
1783 2035
1784 4522
1785 4720
1786 3848
1787 3127
1788 4537
1789 307
1790 1362
1791 973
1792 3748
1793 1729
1794 1043
1795 449
1796 3943
1797 218
1798 1841
1799 1207
1800 4941
1801 875
1802 924
1803 2510
1804 2811
1805 4539
1806 561
1807 79
1808 3773
1809 2417
1810 2288
1811 3353
1812 1043
1813 4977
1814 4936
1815 4297
1816 1119
1817 924
1818 4016
1819 5054
1820 2262
1821 4444
1822 20
1823 4364
1824 4940
1825 4098
1826 2453
1827 2255
1828 4265
1829 3078
1830 3655
1831 562
1832 1121
1833 3242
1834 4301
1835 4016
1836 2292
1837 182
1838 3026
1839 1103
1840 4184
1841 3775
1842 2433
1843 4619
1844 3123
1845 4940
1846 225
1847 4184
1848 3192
1849 4533
1850 3655
1851 4005
1852 4945
1853 4225
1854 3123
1855 1035
1856 3748
1857 1508
1858 3986
1859 2867
1860 2812
1861 271
1862 4550
1863 3256
1864 474
1865 4980
1866 2452
1867 3366
1868 3748
1869 3598
1870 3979
1871 4422
1872 4514
1873 1644
1874 3777
1875 428
1876 180
1877 2747
1878 5149
1879 3193
1880 4732
1881 20
1882 4508
1883 1269
1884 437
1885 972
1886 4272
1887 4488
1888 3713
1889 4571
1890 1274
1891 1214
1892 1033
1893 1271
1894 845
1895 1362
1896 445
1897 3777
1898 4893
1899 1508
1900 3484
1901 3910
1902 453
1903 972
1904 753
1905 3658
1906 1191
1907 1104
1908 3750
1909 3777
1910 4076
1911 5021
1912 447
1913 4893
1914 85
1915 4488
1916 4568
1917 3274
1918 1193
1919 3256
1920 4514
1921 3987
1922 1508
1923 1584
1924 2836
1925 4225
1926 1508
1927 4010
1928 2821
1929 4928
1930 4016
1931 4549
1932 1729
1933 1704
1934 3394
1935 3713
1936 661
1937 1898
1938 3485
1939 845
1940 65
1941 2994
1942 4929
1943 218
1944 3241
1945 4097
1946 1559
1947 463
1948 1579
1949 1560
1950 1650
1951 4619
1952 2831
1953 2899
1954 3394
1955 4929
1956 3655
1957 4537
1958 1315
1959 1569
1960 20
1961 3366
1962 206
1963 203
1964 5018
1965 4951
1966 1753
1967 3485
1968 452
1969 697
1970 1633
1971 3473
1972 559
1973 4945
1974 294
1975 2262
1976 269
1977 20
1978 817
1979 1964
1980 4537
1981 817
1982 296
1983 3192
1984 2812
1985 2899
1986 753
1987 1088
1988 2519
1989 4940
1990 3713
1991 2262
1992 2353
1993 3241
1994 472
1995 1563
1996 4550
1997 1033
1998 1074
1999 4719
2000 3979
2001 3018
2002 4265
2003 1348
2004 3655
2005 1964
2006 1659
2007 4619
2008 4263
2009 8
2010 2899
2011 4431
2012 4217
2013 1565
2014 1348
2015 282
2016 3193
2017 2899
2018 4619
2019 4571
2020 3713
2021 307
2022 3775
2023 4940
2024 4737
2025 2897
2026 4530
2027 471
2028 1362
2029 4719
2030 20
2031 3355
2032 20
2033 2897
2034 3748
2035 2593
2036 3766
2037 445
2038 3026
2039 848
2040 3387
2041 3241
2042 1027
2043 2293
2044 3745
2045 973
2046 2811
2047 2453
2048 5024
2049 2293
2050 2030
2051 3660
2052 724
2053 316
2054 2035
2055 4901
2056 3123
2057 463
2058 2822
2059 1191
2060 1729
2061 945
2062 1362
2063 1633
2064 4619
2065 3877
2066 4530
2067 1074
2068 3120
2069 1659
2070 4009
2071 1318
2072 2806
2073 5024
2074 875
2075 1269
2076 2019
2077 1879
2078 3256
2079 2068
2080 109
2081 10
2082 1565
2083 1104
2084 1508
2085 4568
2086 1899
2087 1087
2088 3655
2089 802
2090 3777
2091 1729
2092 337
2093 4612
2094 20
2095 681
2096 3125
2097 3987
2098 1559
2099 4422
2100 2897
2101 282
2102 2287
2103 3123
2104 4941
2105 3445
2106 5024
2107 4142
2108 4301
2109 4568
2110 5024
2111 3909
2112 3026
2113 4225
2114 3750
2115 1551
2116 4550
2117 1508
2118 1644
2119 180
2120 3603
2121 1316
2122 4940
2123 1193
2124 875
2125 4217
2126 802
2127 1641
2128 3750
2129 4427
2130 940
2131 1362
2132 3607
2133 4549
2134 2102
2135 20
2136 1580
2137 4657
2138 2035
2139 3925
2140 4901
2141 445
2142 4537
2143 1919
2144 1444
2145 3078
2146 3748
2147 4537
2148 2288
2149 2385
2150 2255
2151 4217
2152 2347
2153 3060
2154 972
2155 4508
2156 2452
2157 312
2158 4263
2159 3910
2160 4812
2161 2417
2162 972
2163 4550
2164 4508
2165 5054
2166 1771
2167 4508
2168 4014
2169 1919
2170 3655
2171 3846
2172 1570
2173 2994
2174 4740
2175 2425
2176 218
2177 4273
2178 2512
2179 292
2180 3387
2181 1120
2182 3604
2183 4362
2184 1843
2185 1362
2186 3777
2187 1088
2188 845
2189 2016
2190 4009
2191 4940
2192 447
2193 4728
2194 1109
2195 3127
2196 4537
2197 1875
2198 1348
2199 3987
2200 2433
2201 817
2202 3655
2203 79
2204 2994
2205 292
2206 1511
2207 3344
2208 20
2209 1642
2210 4048
2211 1068
2212 753
2213 1844
2214 2003
2215 4267
2216 3603
2217 4657
2218 218
2219 1562
2220 437
2221 4488
2222 783
2223 2806
2224 1563
2225 3748
2226 2293
2227 2293
2228 3655
2229 437
2230 109
2231 1315
2232 3355
2233 2905
2234 1193
2235 3777
2236 1841
2237 4217
2238 1508
2239 3813
2240 1035
2241 3005
2242 4613
2243 2811
2244 3042
2245 1207
2246 2519
2247 212
2248 3256
2249 3775
2250 3241
2251 697
2252 4331
2253 3357
2254 1511
2255 4940
2256 4728
2257 4568
2258 2895
2259 3242
2260 1829
2261 4740
2262 808
2263 4508
2264 4522
2265 4940
2266 209
2267 1311
2268 3123
2269 3777
2270 4302
2271 1218
2272 2433
2273 3775
2274 628
2275 3966
2276 1308
2277 4523
2278 2870
2279 4612
2280 2593
2281 437
2282 3748
2283 3485
2284 1151
2285 3777
2286 3655
2287 2811
2288 1569
2289 4550
2290 4619
2291 4550
2292 2262
2293 3123
2294 3775
2295 3750
2296 1151
2297 206
2298 2867
2299 428
2300 924
2301 4945
2302 180
2303 4427
2304 4267
2305 2897
2306 4940
2307 1771
2308 4619
2309 489
2310 3748
2311 3773
2312 2919
2313 2831
2314 1845
2315 4263
2316 4094
2317 4728
2318 2898
2319 4503
2320 3846
2321 4342
2322 2519
2323 1039
2324 1727
2325 3597
2326 2744
2327 3123
2328 3909
2329 2867
2330 1729
2331 2433
2332 4095
2333 4143
2334 522
2335 1127
2336 945
2337 3700
2338 271
2339 1771
2340 180
2341 3241
2342 2452
2343 4743
2344 4015
2345 47
2346 4489
2347 783
2348 2713
2349 2407
2350 437
2351 4945
2352 463
2353 3748
2354 2425
2355 4488
2356 2453
2357 4619
2358 4488
2359 3986
2360 4940
2361 3655
2362 1348
2363 958
2364 4533
2365 2058
2366 845
2367 4549
2368 2822
2369 2744
2370 4722
2371 4695
2372 3655
2373 4537
2374 3750
2375 995
2376 1546
2377 2020
2378 1989
2379 474
2380 2867
2381 2030
2382 3748
2383 3777
2384 3816
2385 1918
2386 20
2387 4508
2388 4234
2389 2897
2390 474
2391 617
2392 20
2393 3713
2394 445
2395 3192
2396 1584
2397 2452
2398 5024
2399 4488
2400 2747
2401 2016
2402 180
2403 3771
2404 4016
2405 2019
2406 4336
2407 2293
2408 1316
2409 1629
2410 1240
2411 871
2412 1318
2413 2812
2414 817
2415 697
2416 20
2417 1562
2418 2425
2419 945
2420 2896
2421 4425
2422 1551
2423 871
2424 1191
2425 4940
2426 3925
2427 4114
2428 4656
2429 4940
2430 3193
2431 771
2432 4232
2433 4002
2434 4945
2435 1151
2436 3816
2437 5024
2438 1035
2439 2263
2440 1214
2441 2408
2442 1348
2443 4658
2444 4097
2445 3750
2446 1559
2447 4893
2448 3125
2449 4858
2450 1571
2451 5024
2452 1650
2453 2389
2454 5024
2455 4598
2456 4523
2457 2293
2458 1546
2459 3713
2460 2286
2461 3713
2462 3832
2463 1562
2464 3766
2465 2901
2466 4893
2467 1562
2468 3777
2469 4549
2470 2785
2471 1965
2472 1771
2473 3925
2474 2294
2475 437
2476 3123
2477 1875
2478 3777
2479 1570
2480 4940
2481 2867
2482 4184
2483 4179
2484 2088
2485 598
2486 3394
2487 4016
2488 4301
2489 3913
2490 4740
2491 3123
2492 3772
2493 3655
2494 4488
2495 4530
2496 2713
2497 4549
2498 322
2499 3659
2500 3481
2501 1318
2502 2821
2503 5054
2504 2003
2505 4143
2506 1087
2507 3582
2508 3187
2509 4217
2510 3366
2511 3582
2512 3974
2513 99
2514 650
2515 1086
2516 1753
2517 1669
2518 1646
2519 4537
2520 4302
2521 1659
2522 3974
2523 1753
2524 1035
2525 4945
2526 20
2527 4550
2528 294
2529 3123
2530 4655
2531 133
2532 20
2533 2294
2534 1311
2535 3187
2536 1988
2537 334
2538 4929
2539 2811
2540 20
2541 3700
2542 2347
2543 1564
2544 455
2545 3775
2546 1121
2547 1120
2548 3750
2549 4893
2550 2896
2551 271
2552 2667
2553 2293
2554 3246
2555 1035
2556 463
2557 3772
2558 4114
2559 437
2560 294
2561 3775
2562 4284
2563 2262
2564 2901
2565 4615
2566 2294
2567 3777
2568 4491
2569 1899
2570 2011
2571 4945
2572 2262
2573 1551
2574 4342
2575 4743
2576 2293
2577 5024
2578 1878
2579 1087
2580 4550
2581 3449
2582 263
2583 875
2584 3775
2585 4968
2586 2290
2587 2389
2588 3192
2589 4098
2590 2919
2591 1315
2592 4491
2593 4550
2594 2644
2595 2821
2596 3485
2597 4002
2598 2452
2599 817
2600 79
2601 1774
2602 800
2603 1875
2604 1348
2605 2013
2606 2901
2607 1646
2608 4265
2609 109
2610 3966
2611 271
2612 4337
2613 1104
2614 1774
2615 979
2616 2919
2617 4362
2618 3481
2619 986
2620 3434
2621 1511
2622 2747
2623 3123
2624 1659
2625 474
2626 3925
2627 4094
2628 1729
2629 1508
2630 4549
2631 212
2632 4488
2633 4732
2634 3655
2635 4225
2636 4473
2637 20
2638 2864
2639 2868
2640 3026
2641 969
2642 3246
2643 4473
2644 3771
2645 3750
2646 3535
2647 180
2648 1729
2649 20
2650 2020
2651 2871
2652 2452
2653 3772
2654 4945
2655 3026
2656 3582
2657 3748
2658 3772
2659 5192
2660 445
2661 3449
2662 4488
2663 3775
2664 1573
2665 2048
2666 1771
2667 3655
2668 4570
2669 4657
2670 4100
2671 20
2672 2518
2673 3713
2674 3713
2675 1560
2676 3771
2677 2005
2678 972
2679 1562
2680 4532
2681 20
2682 2867
2683 3187
2684 1729
2685 4225
2686 2512
2687 3783
2688 2453
2689 3123
2690 3659
2691 1918
2692 4941
2693 5182
2694 4940
2695 4244
2696 4738
2697 639
2698 4537
2699 2812
2700 2747
2701 940
2702 2814
2703 2003
2704 2452
2705 1269
2706 1771
2707 334
2708 2453
2709 5024
2710 4342
2711 2593
2712 2004
2713 3078
2714 4005
2715 5178
2716 1429
2717 3203
2718 2705
2719 2394
2720 4005
2721 4898
2722 1771
2723 5021
2724 1348
2725 1115
2726 85
2727 1647
2728 2019
2729 4503
2730 1311
2731 1753
2732 4015
2733 1218
2734 295
2735 4743
2736 4568
2737 1508
2738 2329
2739 3190
2740 3748
2741 4009
2742 3777
2743 4523
2744 2806
2745 397
2746 2433
2747 875
2748 848
2749 185
2750 4568
2751 4225
2752 2897
2753 1315
2754 2744
2755 4612
2756 3655
2757 4265
2758 1315
2759 3777
2760 3748
2761 4812
2762 3771
2763 3777
2764 2822
2765 1564
2766 3353
2767 106
2768 3996
2769 4180
2770 657
2771 12
2772 1109
2773 234
2774 4940
2775 2003
2776 3026
2777 3766
2778 4719
2779 2003
2780 1074
2781 2389
2782 2288
2783 1903
2784 2020
2785 4728
2786 2353
2787 4535
2788 4217
2789 1774
2790 4009
2791 4514
2792 4098
2793 4571
2794 180
2795 2035
2796 2705
2797 598
2798 4097
2799 3775
2800 3713
2801 4094
2802 848
2803 4537
2804 561
2805 4342
2806 1304
2807 4427
2808 447
2809 1729
2810 4655
2811 271
2812 4488
2813 1569
2814 4619
2815 3775
2816 4550
2817 3943
2818 639
2819 213
2820 639
2821 4737
2822 2822
2823 552
2824 1563
2825 4572
2826 428
2827 4097
2828 4504
2829 4182
2830 99
2831 4180
2832 2425
2833 3161
2834 3748
2835 1771
2836 3769
2837 3580
2838 871
2839 1655
2840 4719
2841 1315
2842 4549
2843 3434
2844 3771
2845 2011
2846 20
2847 180
2848 3911
2849 3026
2850 2035
2851 334
2852 296
2853 1627
2854 296
2855 2867
2856 1729
2857 180
2858 3964
2859 663
2860 3123
2861 4945
2862 4940
2863 2413
2864 4719
2865 3125
2866 3125
2867 2812
2868 404
2869 5024
2870 2756
2871 3481
2872 1120
2873 1240
2874 2806
2875 3353
2876 3775
2877 4940
2878 4342
2879 2458
2880 218
2881 322
2882 3996
2883 4301
2884 4549
2885 3771
2886 180
2887 1511
2888 3026
2889 5054
2890 4184
2891 4097
2892 85
2893 3912
2894 4568
2895 4002
2896 4488
2897 4225
2898 4941
2899 3356
2900 4489
2901 332
2902 5024
2903 99
2904 817
2905 447
2906 4568
2907 47
2908 445
2909 3484
2910 1269
2911 1945
2912 1635
2913 4009
2914 4568
2915 4522
2916 1508
2917 4178
2918 3713
2919 995
2920 2867
2921 802
2922 4537
2923 3772
2924 522
2925 2593
2926 2015
2927 1841
2928 3449
2929 2016
2930 2433
2931 65
2932 2906
2933 2593
2934 1035
2935 2818
2936 3766
2937 3241
2938 1119
2939 5178
2940 212
2941 2452
2942 562
2943 2041
2944 1768
2945 1570
2946 2816
2947 4273
2948 269
2949 2896
2950 4977
2951 4097
2952 4263
2953 4940
2954 4550
2955 4532
2956 4362
2957 3655
2958 3091
2959 2868
2960 1190
2961 3910
2962 133
2963 3256
2964 8
2965 2020
2966 1348
2967 1190
2968 3604
2969 133
2970 4977
2971 4263
2972 20
2973 20
2974 633
2975 3398
2976 4530
2977 263
2978 657
2979 5179
2980 3077
2981 1348
2982 2047
2983 3356
2984 3897
2985 269
2986 3846
2987 1560
2988 2011
2989 2019
2990 1771
2991 2901
2992 3777
2993 322
2994 2919
2995 3849
2996 1569
2997 1986
2998 4532
2999 4598
3000 2452
3001 2354
3002 4619
3003 2035
3004 4537
3005 1085
3006 3473
3007 1774
3008 3655
3009 4743
3010 2452
3011 1560
3012 2823
3013 1348
3014 78
3015 2870
3016 3535
3017 1510
3018 1546
3019 180
3020 282
3021 4267
3022 3772
3023 3026
3024 20
3025 1579
3026 2747
3027 735
3028 1057
3029 3256
3030 1662
3031 4267
3032 2059
3033 2620
3034 2897
3035 1704
3036 4536
3037 4237
3038 3713
3039 445
3040 1087
3041 1765
3042 133
3043 3018
3044 719
3045 848
3046 1546
3047 3775
3048 1561
3049 947
3050 4550
3051 1119
3052 463
3053 908
3054 296
3055 1771
3056 4263
3057 3979
3058 2340
3059 2350
3060 925
3061 4002
3062 3026
3063 4550
3064 4537
3065 3598
3066 3777
3067 1430
3068 4009
3069 463
3070 455
3071 4657
3072 4977
3073 3537
3074 3845
3075 4263
3076 1348
3077 5182
3078 4103
3079 4901
3080 2329
3081 322
3082 800
3083 1193
3084 226
3085 2897
3086 1581
3087 1348
3088 1650
3089 2837
3090 1035
3091 437
3092 20
3093 735
3094 2293
3095 4568
3096 3423
3097 4743
3098 1193
3099 757
3100 4217
3101 5176
3102 1771
3103 4337
3104 2744
3105 2899
3106 2744
3107 1127
3108 296
3109 927
3110 2035
3111 4276
3112 20
3113 3748
3114 3537
3115 5024
3116 848
3117 3713
3118 271
3119 871
3120 11
3121 2812
3122 4550
3123 846
3124 3655
3125 4945
3126 4977
3127 3772
3128 225
3129 3473
3130 1119
3131 1104
3132 2259
3133 3193
3134 4743
3135 3123
3136 783
3137 971
3138 20
3139 1581
3140 1565
3141 1679
3142 2897
3143 206
3144 4951
3145 969
3146 4568
3147 1771
3148 3713
3149 3915
3150 3771
3151 2354
3152 2285
3153 2806
3154 852
3155 1564
3156 927
3157 4488
3158 4225
3159 969
3160 4267
3161 2896
3162 4297
3163 4234
3164 3775
3165 2293
3166 4263
3167 79
3168 3026
3169 4940
3170 2897
3171 2090
3172 2018
3173 404
3174 2003
3175 2259
3176 2901
3177 180
3178 4180
3179 3748
3180 735
3181 3192
3182 4467
3183 3773
3184 3848
3185 4297
3186 296
3187 905
3188 4508
3189 5021
3190 1314
3191 4425
3192 928
3193 2035
3194 971
3195 4568
3196 4107
3197 1659
3198 4267
3199 2035
3200 3777
3201 1753
3202 109
3203 1729
3204 3775
3205 4732
3206 1989
3207 3766
3208 4014
3209 3909
3210 4508
3211 2283
3212 2059
3213 109
3214 3242
3215 4399
3216 1151
3217 560
3218 1311
3219 4657
3220 2512
3221 2255
3222 1056
3223 4941
3224 4009
3225 4016
3226 47
3227 1121
3228 1630
3229 1120
3230 4619
3231 3078
3232 20
3233 463
3234 5182
3235 4422
3236 1348
3237 99
3238 848
3239 5176
3240 3355
3241 1727
3242 4097
3243 4743
3244 4568
3245 848
3246 2287
3247 4016
3248 4276
3249 681
3250 3279
3251 848
3252 3302
3253 1642
3254 773
3255 3659
3256 3814
3257 1348
3258 3256
3259 4535
3260 1207
3261 4504
3262 2452
3263 3355
3264 1583
3265 3278
3266 4951
3267 4337
3268 2425
3269 2433
3270 2292
3271 3604
3272 2895
3273 1068
3274 4488
3275 185
3276 2620
3277 218
3278 2901
3279 4284
3280 945
3281 2453
3282 3766
3283 463
3284 4535
3285 4619
3286 599
3287 20
3288 1570
3289 4473
3290 3897
3291 4977
3292 1932
3293 4098
3294 4225
3295 3910
3296 3485
3297 4002
3298 3241
3299 1193
3300 437
3301 735
3302 1562
3303 4743
3304 12
3305 5024
3306 474
3307 4508
3308 2020
3309 1511
3310 4097
3311 3192
3312 1561
3313 4227
3314 2644
3315 109
3316 4568
3317 3449
3318 2004
3319 4473
3320 1151
3321 4945
3322 1704
3323 3192
3324 5182
3325 2035
3326 2818
3327 4342
3328 2901
3329 1193
3330 1753
3331 2896
3332 218
3333 2090
3334 2030
3335 4568
3336 2452
3337 4265
3338 3775
3339 4530
3340 12
3341 4267
3342 3537
3343 945
3344 1704
3345 2512
3346 4743
3347 3485
3348 4002
3349 3771
3350 47
3351 2285
3352 3582
3353 447
3354 3078
3355 2035
3356 2870
3357 561
3358 1986
3359 2932
3360 1903
3361 437
3362 218
3363 218
3364 1771
3365 2822
3366 3463
3367 817
3368 4265
3369 3018
3370 883
3371 2262
3372 3748
3373 437
3374 958
3375 296
3376 1997
3377 617
3378 206
3379 4928
3380 5024
3381 940
3382 4489
3383 4005
3384 4016
3385 1774
3386 2433
3387 4893
3388 2620
3389 1315
3390 2255
3391 4812
3392 2458
3393 2896
3394 3706
3395 384
3396 4488
3397 855
3398 4940
3399 3078
3400 20
3401 3766
3402 971
3403 1511
3404 2483
3405 4738
3406 3366
3407 945
3408 1056
3409 437
3410 2897
3411 2810
3412 47
3413 2453
3414 1559
3415 1316
3416 2896
3417 1074
3418 3772
3419 180
3420 4097
3421 4951
3422 1511
3423 2812
3424 180
3425 561
3426 20
3427 4942
3428 4619
3429 3344
3430 2812
3431 2812
3432 950
3433 180
3434 1561
3435 3943
3436 941
3437 950
3438 3535
3439 735
3440 3536
3441 1904
3442 4016
3443 3449
3444 2285
3445 3771
3446 1729
3447 3747
3448 2897
3449 4550
3450 2285
3451 3700
3452 3484
3453 3843
3454 852
3455 322
3456 4225
3457 20
3458 2452
3459 1824
3460 945
3461 2831
3462 240
3463 1348
3464 1882
3465 4657
3466 1348
3467 3909
3468 979
3469 2285
3470 4488
3471 4658
3472 4549
3473 397
3474 180
3475 1088
3476 1843
3477 437
3478 2293
3479 4273
3480 1120
3481 4522
3482 4225
3483 4598
3484 4568
3485 1274
3486 4945
3487 4267
3488 3748
3489 471
3490 1035
3491 2018
3492 2834
3493 3192
3494 3042
3495 447
3496 4273
3497 2285
3498 1784
3499 4016
3500 4097
3501 294
3502 206
3503 3925
3504 1315
3505 3535
3506 3777
3507 4598
3508 4719
3509 2255
3510 4015
3511 2452
3512 4263
3513 4655
3514 4217
3515 2047
3516 1568
3517 4743
3518 1965
3519 4536
3520 4739
3521 4740
3522 3780
3523 282
3524 3302
3525 2068
3526 1784
3527 1986
3528 4940
3529 4598
3530 3748
3531 1918
3532 3964
3533 3241
3534 20
3535 3394
3536 3771
3537 4217
3538 20
3539 3769
3540 2047
3541 4530
3542 2620
3543 284
3544 3943
3545 206
3546 1753
3547 282
3548 3655
3549 4940
3550 4014
3551 4535
3552 3241
3553 2900
3554 924
3555 2812
3556 2512
3557 1580
3558 1240
3559 185
3560 522
3561 3060
3562 855
3563 4598
3564 4570
3565 3848
3566 4097
3567 2898
3568 735
3569 4945
3570 209
3571 2932
3572 2868
3573 1559
3574 2058
3575 3463
3576 322
3577 3603
3578 2810
3579 4097
3580 1992
3581 2816
3582 4743
3583 3594
3584 180
3585 2047
3586 437
3587 4421
3588 1272
3589 1659
3590 754
3591 2003
3592 2047
3593 1878
3594 4227
3595 4184
3596 3748
3597 2397
3598 2512
3599 2905
3600 1348
3601 4945
3602 2512
3603 225
3604 1574
3605 471
3606 2293
3607 218
3608 1635
3609 735
3610 4097
3611 972
3612 2897
3613 3750
3614 455
3615 2821
3616 447
3617 2255
3618 2593
3619 4598
3620 3394
3621 3387
3622 2512
3623 757
3624 2812
3625 4003
3626 2898
3627 294
3628 1314
3629 4002
3630 447
3631 4108
3632 4217
3633 3366
3634 263
3635 2433
3636 4928
3637 2837
3638 1564
3639 4143
3640 4537
3641 1875
3642 1348
3643 1085
3644 3345
3645 848
3646 2901
3647 2011
3648 4284
3649 1879
3650 4977
3651 3912
3652 852
3653 2810
3654 4097
3655 180
3656 4097
3657 322
3658 4945
3659 5182
3660 1557
3661 3777
3662 945
3663 3943
3664 4225
3665 1997
3666 940
3667 4227
3668 1068
3669 315
3670 1033
3671 4596
3672 2458
3673 4267
3674 462
3675 2899
3676 1918
3677 4263
3678 1774
3679 1434
3680 3078
3681 5024
3682 928
3683 940
3684 928
3685 4267
3686 2003
3687 1625
3688 4100
3689 20
3690 2262
3691 4002
3692 941
3693 1348
3694 4421
3695 1642
3696 218
3697 1560
3698 1771
3699 2620
3700 1193
3701 1986
3702 4467
3703 2285
3704 3658
3705 1878
3706 2896
3707 3771
3708 1958
3709 4217
3710 4079
3711 2897
3712 4739
3713 4951
3714 1035
3715 1639
3716 945
3717 4302
3718 909
3719 1919
3720 5182
3721 4940
3722 3771
3723 4528
3724 2285
3725 3655
3726 940
3727 106
3728 269
3729 3192
3730 4097
3731 1880
3732 4657
3733 2262
3734 2455
3735 4488
3736 4537
3737 1918
3738 1214
3739 940
3740 4076
3741 2005
3742 4549
3743 2290
3744 3192
3745 3560
3746 2932
3747 924
3748 1565
3749 294
3750 945
3751 5113
3752 3768
3753 2290
3754 2285
3755 4657
3756 2288
3757 2047
3758 2593
3759 1768
3760 4398
3761 2810
3762 1348
3763 4516
3764 1348
3765 1579
3766 1758
3767 5025
3768 3449
3769 2452
3770 1629
3771 4005
3772 4568
3773 3598
3774 4002
3775 1214
3776 3910
3777 1932
3778 294
3779 2035
3780 2899
3781 4568
3782 657
3783 2047
3784 3777
3785 1056
3786 1085
3787 20
3788 4009
3789 3078
3790 1771
3791 4273
3792 3560
3793 447
3794 3535
3795 4536
3796 47
3797 3536
3798 986
3799 2262
3800 4184
3801 4537
3802 3344
3803 1903
3804 445
3805 2901
3806 3346
3807 4097
3808 296
3809 1102
3810 657
3811 1109
3812 5024
3813 2812
3814 3026
3815 522
3816 2747
3817 4076
3818 950
3819 757
3820 2285
3821 4225
3822 3125
3823 3125
3824 1925
3825 2293
3826 20
3827 4488
3828 972
3829 2900
3830 463
3831 2898
3832 1085
3833 263
3834 1784
3835 3580
3836 2620
3837 180
3838 474
3839 4657
3840 1109
3841 4657
3842 618
3843 3355
3844 1019
3845 2262
3846 945
3847 3193
3848 3123
3849 180
3850 1986
3851 4945
3852 3748
3853 2290
3854 471
3855 2059
3856 437
3857 4048
3858 437
3859 1027
3860 681
3861 1121
3862 3484
3863 3473
3864 2822
3865 218
3866 4929
3867 3536
3868 2011
3869 5113
3870 802
3871 905
3872 1193
3873 4014
3874 3569
3875 4179
3876 1631
3877 2518
3878 663
3879 3366
3880 85
3881 617
3882 1765
3883 3943
3884 462
3885 180
3886 540
3887 3077
3888 2035
3889 3192
3890 3775
3891 5176
3892 2713
3893 100
3894 3018
3895 85
3896 2593
3897 950
3898 4537
3899 5178
3900 561
3901 1994
3902 614
3903 4740
3904 373
3905 3449
3906 3201
3907 735
3908 2285
3909 3537
3910 4266
3911 5024
3912 204
3913 4539
3914 1348
3915 332
3916 2035
3917 293
3918 2455
3919 4550
3920 4284
3921 4284
3922 1729
3923 3256
3924 1565
3925 3655
3926 2456
3927 639
3928 180
3929 3077
3930 4477
3931 5113
3932 1669
3933 447
3934 3910
3935 3845
3936 180
3937 4227
3938 966
3939 79
3940 4737
3941 3125
3942 2109
3943 1348
3944 2834
3945 1659
3946 4977
3947 4719
3948 12
3949 4743
3950 3449
3951 2268
3952 3655
3953 109
3954 2901
3955 4942
3956 2285
3957 1563
3958 4301
3959 2394
3960 437
3961 85
3962 2452
3963 2705
3964 1631
3965 950
3966 437
3967 1841
3968 1035
3969 3256
3970 1825
3971 1240
3972 180
3973 4273
3974 1579
3975 2389
3976 4965
3977 3192
3978 100
3979 3449
3980 1898
3981 4180
3982 947
3983 2867
3984 1958
3985 950
3986 1965
3987 20
3988 1662
3989 2013
3990 294
3991 1669
3992 3125
3993 3535
3994 1348
3995 723
3996 2285
3997 3077
3998 2294
3999 271
4000 1758
4001 294
4002 1362
4003 1311
4004 4267
4005 4097
4006 4215
4007 2011
4008 4619
4009 3845
4010 213
4011 4227
4012 1632
4013 2812
4014 1348
4015 420
4016 294
4017 1560
4018 3655
4019 940
4020 3125
4021 294
4022 3911
4023 848
4024 2293
4025 945
4026 2047
4027 1508
4028 681
4029 4473
4030 296
4031 2812
4032 681
4033 1508
4034 1669
4035 437
4036 1753
4037 1508
4038 861
4039 437
4040 1084
4041 5113
4042 85
4043 2812
4044 2895
4045 4550
4046 474
4047 1085
4048 2283
4049 2285
4050 293
4051 2290
4052 20
4053 271
4054 4977
4055 2258
4056 3018
4057 284
4058 4422
4059 1119
4060 296
4061 2822
4062 1018
4063 4743
4064 1348
4065 4342
4066 5113
4067 447
4068 3536
4069 1121
4070 271
4071 1510
4072 4656
4073 2012
4074 1311
4075 4522
4076 3187
4077 43
4078 2262
4079 2644
4080 4508
4081 126
4082 4337
4083 271
4084 4273
4085 3018
4086 4273
4087 180
4088 1782
4089 1027
4090 2106
4091 2290
4092 20
4093 4276
4094 1311
4095 4342
4096 1056
4097 455
4098 4977
4099 2806
4100 3996
4101 204
4102 294
4103 2747
4104 1056
4105 2285
4106 4273
4107 85
4108 4217
4109 2810
4110 20
4111 4619
4112 4342
4113 1570
4114 4276
4115 79
4116 883
4117 2713
4118 4489
4119 4657
4120 2812
4121 1348
4122 4719
4123 4015
4124 1085
4125 2011
4126 437
4127 3304
4128 3187
4129 293
4130 1958
4131 282
4132 4596
4133 757
4134 1508
4135 4737
4136 1727
4137 1729
4138 284
4139 3434
4140 2453
4141 20
4142 1771
4143 2518
4144 598
4145 2713
4146 2812
4147 2899
4148 1919
4149 1019
4150 1632
4151 2293
4152 271
4153 1560
4154 2035
4155 2372
4156 2003
4157 4100
4158 3449
4159 4273
4160 4960
4161 3302
4162 2870
4163 3766
4164 4812
4165 1669
4166 950
4167 4016
4168 4273
4169 2810
4170 4421
4171 1631
4172 2518
4173 2512
4174 1510
4175 3304
4176 3537
4177 47
4178 4467
4179 1085
4180 1019
4181 315
4182 800
4183 1729
4184 1348
4185 2290
4186 735
4187 5182
4188 2895
4189 567
4190 5024
4191 2455
4192 2900
4193 1668
4194 218
4195 282
4196 284
4197 464
4198 1508
4199 3713
4200 2812
4201 1508
4202 4217
4203 437
4204 1085
4205 4282
4206 972
4207 20
4208 1348
4209 2518
4210 1583
4211 1056
4212 3582
4213 3537
4214 269
4215 2290
4216 599
4217 5083
4218 1508
4219 85
4220 473
4221 180
4222 85
4223 2285
4224 447
4225 1771
4226 282
4227 3535
4228 20
4229 1056
4230 4079
4231 1571
4232 1508
4233 1315
4234 2011
4235 106
4236 753
4237 138
4238 940
4239 271
4240 11
4241 940
4242 1315
4243 284
4244 1311
4245 397
4246 4940
4247 284
4248 883
4249 3843
4250 5113
4251 875
4252 474
4253 4425
4254 20
4255 1020
4256 1668
4257 3655
4258 204
4259 212
4260 2822
4261 3582
4262 2812
4263 3713
4264 2811
4265 2041
4266 971
4267 3355
4268 1019
4269 3192
4270 1508
4271 2810
4272 3536
4273 271
4274 294
4275 296
4276 639
4277 294
4278 2747
4279 3655
4280 282
4281 2747
4282 269
4283 284
4284 282
4285 1669
4286 1669
4287 207
4288 2041
4289 1632
4290 1632
4291 284
4292 2812
4293 2812
4294 133
4295 373
4296 3714
4297 1729
4298 2452
4299 3843
4300 735
4301 1018
4302 2870
4303 1574
4304 271
4305 1508
4306 1632
4307 1085
4308 294
4309 1632
4310 4263
4311 1902
4312 3187
4313 2901
4314 4114
4315 4549
4316 1729
4317 3485
4318 2258
4319 1964
4320 2713
4321 4720
4322 2285
4323 979
4324 4719
4325 2293
4326 85
4327 1085
4328 3535
4329 4488
4330 5178
4331 2290
4332 437
4333 1827
4334 138
4335 1019
4336 85
4337 1315
4338 1151
4339 3485
4340 437
4341 2919
4342 1027
4343 1085
4344 294
4345 2810
4346 4276
4347 1572
4348 4217
4349 4404
4350 3535
4351 4094
4352 4302
4353 3582
4354 2041
4355 4722
4356 4584
4357 4225
4358 4217
4359 2285
4360 4398
4361 1035
4362 883
4363 20
4364 1582
4365 2518
4366 4672
4367 1314
4368 1109
4369 4422
4370 2713
4371 4225
4372 1727
4373 1573
4374 1214
4375 440
4376 4267
4377 4114
4378 225
4379 853
4380 4940
4381 1348
4382 1057
4383 4477
4384 3915
4385 1729
4386 3658
4387 1085
4388 3535
4389 296
4390 1829
4391 3537
4392 4009
4393 4596
4394 1085
4395 4596
4396 1753
4397 3241
4398 4596
4399 47
4400 1727
4401 972
4402 3535
4403 4114
4404 1729
4405 294
4406 5182
4407 4619
4408 5024
4409 3344
4410 1727
4411 3256
4412 3536
4413 1727
4414 5178
4415 1508
4416 294
4417 1020
4418 4719
4419 2285
4420 294
4421 2593
4422 3713
4423 4225
4424 209
4425 4076
4426 4398
4427 3580
4428 2285
4429 853
4430 3580
4431 1315
4432 4657
4433 1730
4434 1727
4435 1584
4436 4719
4437 1727
4438 853
4439 3580
4440 4619
4441 1020
4442 4550
4443 3881
4444 1727
4445 1729
4446 3580
4447 294
4448 294
4449 4657
4450 3246
4451 4596
4452 1445
4453 126
4454 4719
4455 4719
4456 1207
4457 1109
4458 1151
4459 47
4460 2325
4461 47
4462 133
4463 4657
4464 1020
4465 2334
4466 419
4467 4663
4468 419
4469 3810
4470 1315
4471 783
4472 419
4473 419
4474 419
4475 4663
4476 419
4477 2354
4478 1033
4479 2705
4480 783
4481 294
4482 783
4483 783
4484 419
4485 2705
4486 419
4487 419
4488 419
4489 3810
4490 783
4491 2713
4492 2713
4493 419
4494 2705
4495 294
4496 1753
4497 296
4498 294
4499 2285
4500 295
4501 1753
4502 2518
4503 295
4504 1753
4505 133
4506 133
4507 133
4508 3817
4509 3406
4510 853
4511 4009
4512 3817
4513 853
4514 853
4515 3817
4516 4107
4517 3925
4518 3925
4519 4094
4520 4094
4521 4085
4522 4094
4523 4114
4524 4094
4525 4449
4526 4449
4527 4094
4528 735
4529 1584
4530 735
4531 1584
4532 3481
4533 1584
4534 3486
4535 3345
4536 1581
4537 1574
4538 1574
4539 1581
4540 85
4541 1574
4542 1574
4543 1584
4544 1765
4545 1768
4546 1581
4547 2398
4548 1581
4549 1940
4550 559
4551 187
4552 2394
4553 2372
4554 2413
4555 47
4556 1995
4557 2020
4558 2011
4559 2811
4560 1965
4561 204
4562 209
4563 2285
4564 2020
4565 2020
4566 204
4567 204
4568 47
4569 1986
4570 47
4571 1995
4572 1964
4573 2003
4574 2747
4575 180
4576 180
4577 180
4578 4535
4579 1027
4580 4537
4581 4535
4582 4535
4583 4535
4584 4532
4585 4491
4586 1027
4587 4489
4588 4489
4589 657
4590 4491
4591 657
4592 3580
4593 3580
4594 3659
4595 1729
4596 4722
4597 1727
4598 1734
4599 3585
4600 1734
4601 1729
4602 1729
4603 1729
4604 4722
4605 1729
4606 3580
4607 3580
4608 3580
4609 1729
4610 3881
4611 3881
4612 1729
4613 1729
4614 1729
4615 1729
4616 126
4617 3881
4618 3881
4619 1727
4620 4722
4621 4722
4622 3881
4623 4719
4624 4719
4625 3580
4626 1729
4627 1729
4628 1729
4629 1729
4630 1727
4631 1727
4632 3881
4633 4719
4634 1730
4635 4719
4636 1730
4637 1730
4638 1730
4639 3335
4640 3335
4641 1729
4642 1727
4643 1727
4644 440
4645 1727
4646 1729
4647 1727
4648 1727
4649 1729
4650 1727
4651 1730
4652 1727
4653 1727
4654 1727
4655 3022
4656 1085
4657 1085
4658 1214
4659 180
4660 979
4661 1784
4662 4427
4663 1918
4664 1193
4665 1214
4666 1085
4667 1918
4668 1085
4669 1085
4670 1190
4671 1898
4672 4362
4673 3598
4674 1085
4675 1782
4676 1898
4677 1898
4678 1085
4679 3604
4680 1085
4681 4523
4682 1193
4683 1193
4684 1214
4685 1214
4686 1191
4687 1879
4688 4680
4689 1410
4690 1274
4691 1781
4692 4895
4693 4898
4694 958
4695 1919
4696 1925
4697 1919
4698 1925
4699 180
4700 180
4701 1271
4702 1881
4703 4302
4704 3848
4705 1085
4706 1085
4707 1085
4708 1085
4709 1085
4710 1085
4711 1214
4712 180
4713 1194
4714 180
4715 180
4716 1919
4717 180
4718 1190
4719 1191
4720 1879
4721 1190
4722 4301
4723 4362
4724 4302
4725 1739
4726 180
4727 180
4728 1880
4729 1784
4730 2483
4731 1879
4732 180
4733 1918
4734 4680
4735 180
4736 3845
4737 1739
4738 1190
4739 4301
4740 4301
4741 4893
4742 1191
4743 4812
4744 4812
4745 4427
4746 1190
4747 4523
4748 1191
4749 4427
4750 4898
4751 4523
4752 4427
4753 3843
4754 4522
4755 4522
4756 4522
4757 3843
4758 4522
4759 4522
4760 3845
4761 3846
4762 4895
4763 3846
4764 4895
4765 3843
4766 3835
4767 3845
4768 3846
4769 4061
4770 4061
4771 871
4772 3849
4773 705
4774 3849
4775 3607
4776 3603
4777 3603
4778 3604
4779 3607
4780 1879
4781 1882
4782 1878
4783 1878
4784 3042
4785 3604
4786 1882
4787 180
4788 180
4789 180
4790 180
4791 1214
4792 180
4793 180
4794 1085
4795 180
4796 180
4797 1085
4798 180
4799 180
4800 180
4801 1085
4802 1085
4803 180
4804 180
4805 1085
4806 180
4807 1085
4808 1193
4809 1881
4810 1784
4811 1882
4812 1784
4813 3808
4814 1784
4815 1880
4816 1781
4817 1782
4818 1781
4819 1879
4820 1193
4821 1784
4822 1782
4823 1878
4824 1784
4825 1881
4826 1880
4827 1784
4828 1880
4829 180
4830 1918
4831 1918
4832 180
4833 1903
4834 1925
4835 1193
4836 180
4837 180
4838 180
4839 1904
4840 1919
4841 1918
4842 180
4843 180
4844 180
4845 1918
4846 180
4847 180
4848 180
4849 180
4850 1904
4851 180
4852 1919
4853 180
4854 1193
4855 1193
4856 1903
4857 1193
4858 1193
4859 1193
4860 1193
4861 1903
4862 1919
4863 1902
4864 1193
4865 1903
4866 1193
4867 1193
4868 1193
4869 437
4870 463
4871 463
4872 3192
4873 3192
4874 296
4875 2293
4876 2293
4877 3078
4878 3077
4879 3078
4880 2293
4881 3078
4882 2283
4883 3078
4884 3655
4885 3655
4886 3655
4887 3018
4888 3655
4889 3582
4890 3655
4891 3655
4892 3655
4893 4537
4894 4537
4895 4537
4896 4695
4897 4537
4898 2452
4899 2452
4900 2452
4901 3018
4902 4719
4903 1727
4904 4737
4905 1119
4906 3658
4907 4737
4908 4738
4909 4739
4910 1119
4911 4568
4912 3537
4913 3943
4914 4263
4915 4263
4916 681
4917 4263
4918 940
4919 3537
4920 2744
4921 2747
4922 681
4923 2747
4924 2744
4925 3536
4926 3943
4927 4263
4928 3943
4929 4263
4930 2747
4931 2744
4932 3943
4933 3535
4934 3535
4935 2747
4936 3536
4937 3536
4938 2744
4939 4263
4940 4263
4941 4263
4942 4263
4943 940
4944 2744
4945 940
4946 940
4947 940
4948 3537
4949 3537
4950 3537
4951 3535
4952 3536
4953 3536
4954 3535
4955 4263
4956 2747
4957 4263
4958 4263
4959 4263
4960 4263
4961 940
4962 4263
4963 4263
4964 2747
4965 4263
4966 940
4967 3537
4968 3535
4969 3537
4970 3537
4971 3943
4972 3943
4973 3537
4974 3943
4975 3943
4976 3943
4977 3537
4978 3535
4979 2747
4980 4263
4981 2747
4982 2747
4983 2747
4984 2747
4985 4263
4986 2747
4987 2747
4988 4263
4989 2747
4990 2747
4991 4263
4992 3943
4993 2747
4994 2747
4995 3943
4996 4533
4997 3026
4998 2755
4999 2755
5000 2755
5001 2755
5002 4550
5003 4550
5004 4550
5005 4537
5006 4535
5007 4007
5008 4227
5009 1035
5010 1035
5011 4225
5012 1035
5013 4225
5014 1035
5015 1035
5016 1035
5017 4225
5018 1035
5019 20
5020 3910
5021 3713
5022 3713
5023 3713
5024 3713
5025 639
5026 2822
5027 2454
5028 2713
5029 1348
5030 553
5031 4535
5032 1903
5033 1508
5034 4508
5035 1348
5036 1348
5037 1348
5038 1348
5039 1348
5040 1348
5041 2016
5042 4217
5043 4225
5044 3964
5045 4225
5046 4225
5047 1127
5048 1035
5049 4225
5050 4473
5051 4225
5052 4225
5053 5178
5054 4225
5055 4478
5056 1020
5057 4225
5058 4225
5059 4473
5060 4473
5061 4286
5062 4225
5063 4225
5064 4225
5065 4473
5066 5178
5067 4595
5068 4225
5069 4595
5070 945
5071 4273
5072 950
5073 4225
5074 4225
5075 4473
5076 4225
5077 950
5078 1021
5079 4595
5080 4478
5081 4273
5082 4473
5083 1020
5084 4225
5085 950
5086 1020
5087 4473
5088 4473
5089 4473
5090 948
5091 1021
5092 4473
5093 4473
5094 4286
5095 1021
5096 1021
5097 4225
5098 4225
5099 4225
5100 4225
5101 4225
5102 4595
5103 4225
5104 4225
5105 4473
5106 1021
5107 4225
5108 4514
5109 1508
5110 4514
5111 1508
5112 1508
5113 4514
5114 4514
5115 1508
5116 940
5117 940
5118 940
5119 2812
5120 4263
5121 3473
5122 474
5123 1348
5124 1348
5125 1348
5126 1348
5127 3887
5128 1318
5129 1315
5130 1315
5131 1315
5132 1315
5133 1315
5134 1315
5135 1315
5136 4657
5137 1318
5138 1316
5139 1316
5140 1318
5141 1316
5142 1316
5143 1316
5144 1316
5145 1316
5146 1318
5147 1316
5148 1087
5149 1316
5150 1318
5151 3423
5152 1771
5153 2811
5154 2806
5155 3536
5156 3535
5157 3537
5158 1104
5159 3449
5160 209
5161 209
5162 2900
5163 1348
5164 697
5165 437
5166 2812
5167 463
5168 2747
5169 3537
5170 2812
5171 2293
5172 4568
5173 4568
5174 2455
5175 4226
5176 2867
5177 294
5178 2837
5179 2831
5180 2834
5181 2831
5182 2837
5183 3201
5184 455
5185 2842
5186 2847
5187 2285
5188 4263
5189 2035
5190 1085
5191 1085
5192 1056
5193 437
5194 2294
5195 1445
