0 3764
1 3764
2 3765
3 3765
4 2549
5 2548
6 2549
7 2549
8 2559
9 3073
10 2636
11 875
12 254
13 254
14 3764
15 3764
16 3764
17 4620
18 4620
19 4620
20 4620
21 4620
22 4620
23 4620
24 3764
25 3764
26 3764
27 4620
28 4620
29 4620
30 4620
31 4620
32 4620
33 4620
34 4620
35 4620
36 4620
37 4620
38 4620
39 4620
40 4620
41 3764
42 3764
43 3764
44 3764
45 4620
46 3764
47 3764
48 3764
49 3761
50 2559
51 3475
52 2636
53 223
54 622
55 2560
56 2559
57 3476
58 3764
59 3764
60 3764
61 3764
62 3764
63 4620
64 4620
65 4620
66 4620
67 4620
68 4620
69 4620
70 4620
71 4620
72 4620
73 3764
74 3764
75 3764
76 4620
77 4620
78 4620
79 3761
80 4620
81 4620
82 4620
83 4620
84 3763
85 3764
86 3761
87 3765
88 3773
89 3764
90 3764
91 3764
92 3764
93 4620
94 3764
95 3764
96 3764
97 3764
98 3764
99 3764
100 3764
101 3764
102 3764
103 3764
104 3764
105 3764
106 3764
107 3764
108 3764
109 3764
110 3764
111 4620
112 4620
113 3764
114 3764
115 3764
116 3764
117 3764
118 3764
119 3764
120 3764
121 3764
122 3764
123 3764
124 3764
125 3764
126 3764
127 3764
128 3766
129 3773
130 3472
131 3472
132 263
133 262
134 254
135 2848
136 2007
137 2007
138 1992
139 259
140 263
141 263
142 2635
143 3764
144 3764
145 3764
146 3764
147 3761
148 3766
149 3476
150 3764
151 3764
152 3764
153 3765
154 3766
155 3764
156 3764
157 4620
158 4620
159 4620
160 4620
161 4620
162 4620
163 4620
164 4620
165 4620
166 4620
167 4620
168 4599
169 4620
170 4620
171 4620
172 4620
173 3764
174 3764
175 3765
176 3765
177 3765
178 3764
179 4620
180 4620
181 4620
182 3765
183 3765
184 3773
185 3476
186 222
187 3472
188 3472
189 2635
190 3472
191 2635
192 3472
193 2635
194 262
195 2848
196 1992
197 1442
198 4092
199 2007
200 1992
201 2848
202 254
203 2635
204 2636
205 4397
206 2560
207 3474
208 2635
209 262
210 2623
211 3764
212 4620
213 4620
214 4620
215 2559
216 3764
217 3764
218 2559
219 3773
220 2394
221 3764
222 2394
223 223
224 3476
225 3764
226 4620
227 4620
228 3764
229 3766
230 3475
231 3764
232 3764
233 3764
234 3475
235 223
236 2636
237 3472
238 2636
239 3764
240 3764
241 3764
242 4620
243 622
244 3474
245 2635
246 2635
247 262
248 2623
249 254
250 3474
251 3764
252 4620
253 4620
254 4620
255 222
256 3764
257 3764
258 2394
259 2549
260 4620
261 3763
262 4620
263 3773
264 3472
265 2394
266 3764
267 3764
268 4620
269 4620
270 2549
271 4620
272 2559
273 4620
274 2394
275 2549
276 3475
277 4620
278 3476
279 3472
280 3472
281 3474
282 2635
283 263
284 263
285 263
286 4620
287 4620
288 4620
289 4620
290 3474
291 3764
292 3765
293 3765
294 2559
295 223
296 3475
297 4620
298 4620
299 2559
300 3763
301 262
302 2557
303 4620
304 4620
305 4620
306 4620
307 4599
308 4620
309 4620
310 4599
311 4599
312 4599
313 4620
314 4599
315 4599
316 4620
317 3763
318 3766
319 3472
320 3766
321 2557
322 2635
323 263
324 4620
325 2394
326 223
327 262
328 4620
329 3772
330 622
331 3475
332 3472
333 4620
334 4620
335 4620
336 4620
337 4620
338 622
339 263
340 2635
341 3763
342 622
343 263
344 263
345 4620
346 4620
347 4620
348 4620
349 2394
350 4620
351 4620
352 2636
353 3475
354 223
355 4620
356 4620
357 263
358 262
359 2848
360 2000
361 4085
362 4352
363 4346
364 4771
365 4991
366 4979
367 4005
368 1393
369 4277
370 4276
371 4276
372 2239
373 3010
374 3014
375 3902
376 4811
377 3685
378 3252
379 3228
380 2245
381 3685
382 3685
383 3763
384 2549
385 2549
386 258
387 4620
388 2636
389 2635
390 2623
391 2623
392 4071
393 2000
394 4071
395 1442
396 4355
397 4352
398 4355
399 254
400 2848
401 263
402 2557
403 3772
404 2557
405 2635
406 4620
407 4620
408 4620
409 4620
410 4620
411 2558
412 2623
413 223
414 4620
415 4620
416 4620
417 2623
418 4620
419 4620
420 2394
421 4620
422 4620
423 4620
424 3472
425 263
426 263
427 2635
428 4620
429 4620
430 4620
431 4620
432 4620
433 254
434 4620
435 4620
436 4620
437 3073
438 4620
439 4620
440 4620
441 4620
442 4599
443 4599
444 4599
445 4071
446 3092
447 262
448 4397
449 1567
450 1567
451 2007
452 1472
453 4071
454 875
455 875
456 263
457 262
458 263
459 263
460 262
461 2848
462 2636
463 2635
464 262
465 875
466 3472
467 2623
468 262
469 2848
470 1571
471 2861
472 4098
473 4098
474 2412
475 4625
476 4991
477 4033
478 4969
479 4034
480 2791
481 2318
482 2791
483 1066
484 3668
485 1066
486 3668
487 1211
488 1204
489 1204
490 1204
491 3462
492 1204
493 3462
494 3958
495 3958
496 3958
497 4586
498 3414
499 3413
500 2266
501 4065
502 4065
503 3302
504 5041
505 2835
506 797
507 4065
508 797
509 3457
510 3414
511 4587
512 4582
513 3452
514 3453
515 3453
516 180
517 4397
518 262
519 254
520 263
521 2635
522 263
523 2635
524 240
525 2007
526 2635
527 263
528 2000
529 2635
530 262
531 4072
532 1992
533 2006
534 2000
535 241
536 2000
537 258
538 262
539 263
540 262
541 1995
542 2007
543 4328
544 238
545 262
546 241
547 254
548 4071
549 258
550 2000
551 259
552 1995
553 4072
554 2006
555 4352
556 4767
557 4328
558 4087
559 4771
560 3282
561 3282
562 3282
563 3282
564 3282
565 3282
566 3282
567 3282
568 3282
569 3282
570 3282
571 3282
572 3282
573 3282
574 3282
575 3282
576 3282
577 3282
578 3282
579 3282
580 3282
581 3282
582 3282
583 3330
584 2087
585 2106
586 4175
587 4169
588 1763
589 1772
590 1774
591 1771
592 1770
593 4241
594 4248
595 4241
596 2996
597 5197
598 5194
599 5179
600 5181
601 4658
602 4662
603 4650
604 5168
605 5148
606 4502
607 5168
608 3282
609 3282
610 3282
611 3282
612 3282
613 3282
614 3282
615 3282
616 3282
617 3282
618 3282
619 3282
620 3282
621 3282
622 3282
623 3282
624 3282
625 3282
626 3282
627 3282
628 3282
629 3282
630 3282
631 3282
632 3282
633 3282
634 3282
635 3282
636 3282
637 3282
638 2623
639 254
640 3282
641 3282
642 3282
643 3282
644 3282
645 3282
646 4173
647 2046
648 4175
649 4175
650 1764
651 3282
652 3282
653 3282
654 3282
655 3282
656 3282
657 3282
658 3212
659 2944
660 2959
661 3282
662 3282
663 3282
664 3282
665 3282
666 3282
667 3282
668 3282
669 2087
670 4168
671 4170
672 4187
673 2967
674 4670
675 4662
676 2000
677 1442
678 4085
679 4352
680 4346
681 4346
682 4089
683 4346
684 3282
685 3282
686 3282
687 3282
688 3282
689 3282
690 3282
691 1472
692 3282
693 3282
694 3282
695 2848
696 3092
697 3282
698 3282
699 4085
700 3282
701 3282
702 3177
703 2106
704 2947
705 3282
706 3282
707 3330
708 3282
709 3282
710 3282
711 1548
712 3096
713 1442
714 4346
715 3282
716 3282
717 3282
718 3282
719 3282
720 3282
721 3282
722 3282
723 3282
724 3282
725 3282
726 3282
727 3282
728 3282
729 3282
730 3282
731 3282
732 3330
733 259
734 3282
735 2948
736 3282
737 2083
738 2106
739 4172
740 4185
741 1774
742 2997
743 3282
744 3282
745 3282
746 3282
747 3282
748 3282
749 3282
750 3282
751 3282
752 3282
753 3282
754 3282
755 3282
756 3282
757 3282
758 2848
759 2106
760 3282
761 3282
762 3282
763 2848
764 4071
765 4073
766 2947
767 4169
768 2000
769 1442
770 2006
771 4355
772 4328
773 4355
774 2412
775 3282
776 4328
777 4328
778 4355
779 4346
780 4071
781 1710
782 4170
783 2000
784 4625
785 4355
786 3282
787 2000
788 2000
789 2094
790 2949
791 3282
792 3282
793 3282
794 3282
795 3282
796 3282
797 3282
798 3282
799 3282
800 3282
801 3282
802 3282
803 4071
804 1571
805 3096
806 2861
807 4097
808 4624
809 4355
810 4625
811 3282
812 4172
813 4169
814 1764
815 4184
816 2006
817 1442
818 4328
819 1711
820 2953
821 3282
822 3282
823 4071
824 4071
825 2943
826 3282
827 3282
828 4071
829 1567
830 1571
831 3096
832 4085
833 4097
834 3282
835 2107
836 3282
837 3282
838 3282
839 4089
840 3282
841 1707
842 1720
843 4203
844 4662
845 4180
846 2962
847 4328
848 4328
849 4356
850 4074
851 1572
852 1938
853 3282
854 3282
855 3282
856 3282
857 3282
858 3330
859 4071
860 1571
861 4124
862 4124
863 2006
864 2942
865 4161
866 1772
867 1772
868 4085
869 3282
870 4161
871 1442
872 4077
873 2959
874 1774
875 1765
876 4187
877 3282
878 2944
879 2967
880 2007
881 4346
882 4767
883 4184
884 4411
885 2991
886 2991
887 4170
888 4168
889 4169
890 2093
891 2051
892 4403
893 2967
894 4352
895 3282
896 2000
897 1461
898 1772
899 1770
900 1713
901 2949
902 1571
903 1571
904 1571
905 1571
906 4344
907 4097
908 4624
909 4355
910 4347
911 4347
912 3056
913 4476
914 3028
915 4476
916 4476
917 4351
918 1567
919 4124
920 4124
921 4078
922 2863
923 2860
924 2862
925 4347
926 3096
927 1718
928 4089
929 1714
930 2944
931 4085
932 4085
933 4097
934 4351
935 4074
936 1771
937 1771
938 3282
939 3282
940 3282
941 3282
942 3282
943 3282
944 3282
945 4239
946 1771
947 1770
948 4241
949 4243
950 4205
951 4672
952 4654
953 3212
954 3282
955 3282
956 1571
957 4078
958 4077
959 4074
960 4085
961 4352
962 4767
963 4771
964 1715
965 4179
966 4671
967 4653
968 4771
969 4347
970 4112
971 4112
972 4112
973 1801
974 1801
975 1795
976 4110
977 4107
978 4683
979 4483
980 3506
981 1789
982 3054
983 2306
984 2978
985 2977
986 2977
987 1725
988 2301
989 2983
990 1729
991 2968
992 4314
993 3282
994 3282
995 3282
996 4205
997 4206
998 4242
999 4248
1000 4164
1001 4654
1002 4242
1003 1770
1004 1770
1005 3282
1006 5197
1007 1571
1008 4519
1009 4535
1010 5155
1011 5178
1012 5191
1013 5156
1014 4505
1015 4536
1016 4721
1017 5138
1018 5193
1019 5154
1020 4537
1021 5144
1022 2345
1023 2352
1024 4529
1025 4702
1026 4693
1027 4700
1028 4919
1029 4929
1030 159
1031 159
1032 180
1033 180
1034 5143
1035 5141
1036 5146
1037 5144
1038 4209
1039 5196
1040 4640
1041 5172
1042 5171
1043 4661
1044 2083
1045 4200
1046 4538
1047 2353
1048 5164
1049 4519
1050 5143
1051 4543
1052 5136
1053 5148
1054 5172
1055 4644
1056 5167
1057 5174
1058 4649
1059 4646
1060 5163
1061 5154
1062 2353
1063 5167
1064 5140
1065 5145
1066 4543
1067 5149
1068 4542
1069 4543
1070 4653
1071 4652
1072 1938
1073 4087
1074 5135
1075 4720
1076 5144
1077 4691
1078 4690
1079 4527
1080 5147
1081 4713
1082 4702
1083 4688
1084 4687
1085 4701
1086 4701
1087 4700
1088 4699
1089 5116
1090 4697
1091 5132
1092 4699
1093 4699
1094 4700
1095 4645
1096 5171
1097 4651
1098 4244
1099 4241
1100 1571
1101 1571
1102 1571
1103 4078
1104 2860
1105 4723
1106 4525
1107 4710
1108 4691
1109 4710
1110 4695
1111 2344
1112 4097
1113 4098
1114 5164
1115 1764
1116 1761
1117 1774
1118 1772
1119 5178
1120 5162
1121 4243
1122 4654
1123 2083
1124 4403
1125 4403
1126 2090
1127 4403
1128 3177
1129 3282
1130 3282
1131 3282
1132 3282
1133 3282
1134 3282
1135 2863
1136 4124
1137 1571
1138 4718
1139 4708
1140 4352
1141 4346
1142 4328
1143 1818
1144 1805
1145 2163
1146 3028
1147 4089
1148 4636
1149 4667
1150 5188
1151 4515
1152 5145
1153 1702
1154 4236
1155 5023
1156 1719
1157 4718
1158 5135
1159 5141
1160 5166
1161 5152
1162 4625
1163 4346
1164 4352
1165 1565
1166 4170
1167 4535
1168 4516
1169 4517
1170 4673
1171 4649
1172 5193
1173 5187
1174 4661
1175 5197
1176 4673
1177 2963
1178 1713
1179 4507
1180 4124
1181 4124
1182 5196
1183 4346
1184 5197
1185 4660
1186 4241
1187 4241
1188 2095
1189 4403
1190 3282
1191 2093
1192 4174
1193 1764
1194 5023
1195 1764
1196 5023
1197 4186
1198 4710
1199 4198
1200 4198
1201 4542
1202 4702
1203 5137
1204 4507
1205 2985
1206 4706
1207 4703
1208 4700
1209 4709
1210 4733
1211 4729
1212 4723
1213 5135
1214 4705
1215 4691
1216 4502
1217 4662
1218 2087
1219 5136
1220 4919
1221 4919
1222 4919
1223 4694
1224 4919
1225 4919
1226 4929
1227 4919
1228 4915
1229 4929
1230 180
1231 180
1232 179
1233 3451
1234 3452
1235 3452
1236 4582
1237 4587
1238 3414
1239 3958
1240 3757
1241 4627
1242 4627
1243 4627
1244 4627
1245 4627
1246 3757
1247 3445
1248 3445
1249 3445
1250 4919
1251 4919
1252 4919
1253 4919
1254 4533
1255 4516
1256 5144
1257 4513
1258 4709
1259 2861
1260 4697
1261 1774
1262 4187
1263 4185
1264 4697
1265 4698
1266 4915
1267 4697
1268 4697
1269 4185
1270 4672
1271 4651
1272 4241
1273 4241
1274 4248
1275 4241
1276 4241
1277 4691
1278 4534
1279 5197
1280 4667
1281 5173
1282 4494
1283 4498
1284 4635
1285 4767
1286 4699
1287 4704
1288 4706
1289 4705
1290 4915
1291 1548
1292 3096
1293 5116
1294 4915
1295 4874
1296 5054
1297 4697
1298 5116
1299 4661
1300 4659
1301 5167
1302 4705
1303 4562
1304 4689
1305 4701
1306 4706
1307 1571
1308 4124
1309 4076
1310 4929
1311 4874
1312 5054
1313 5113
1314 4874
1315 5116
1316 4877
1317 4929
1318 1548
1319 4097
1320 4624
1321 4929
1322 4929
1323 4878
1324 4874
1325 1715
1326 4352
1327 4526
1328 4517
1329 4703
1330 4877
1331 4694
1332 4699
1333 4694
1334 4509
1335 1774
1336 1770
1337 4653
1338 4670
1339 4654
1340 4672
1341 4919
1342 4637
1343 4672
1344 4245
1345 4874
1346 4693
1347 4700
1348 4874
1349 1771
1350 4673
1351 4658
1352 4767
1353 5192
1354 4697
1355 4697
1356 4561
1357 4198
1358 4874
1359 4730
1360 4702
1361 2861
1362 4085
1363 4624
1364 5170
1365 4352
1366 4198
1367 4346
1368 4625
1369 4671
1370 1571
1371 4511
1372 4200
1373 4919
1374 4084
1375 4919
1376 4124
1377 1548
1378 3096
1379 2861
1380 4097
1381 2861
1382 1548
1383 4520
1384 5132
1385 4248
1386 4874
1387 4771
1388 4008
1389 4040
1390 3252
1391 3901
1392 3685
1393 4281
1394 5050
1395 5053
1396 2475
1397 1980
1398 3106
1399 1980
1400 4652
1401 4672
1402 4202
1403 5193
1404 4919
1405 4653
1406 2996
1407 4701
1408 5116
1409 4697
1410 2344
1411 2361
1412 2361
1413 4712
1414 4245
1415 4874
1416 5116
1417 4346
1418 4771
1419 4915
1420 4005
1421 4521
1422 4998
1423 2346
1424 5185
1425 4651
1426 4874
1427 5054
1428 4771
1429 4770
1430 4772
1431 4696
1432 4874
1433 4874
1434 4874
1435 4705
1436 4874
1437 5116
1438 4688
1439 4701
1440 4247
1441 4929
1442 4919
1443 5116
1444 4919
1445 4697
1446 4874
1447 5113
1448 4208
1449 4701
1450 4697
1451 5131
1452 2964
1453 4244
1454 4700
1455 4700
1456 4701
1457 4695
1458 4877
1459 4919
1460 5113
1461 5113
1462 5113
1463 5113
1464 5113
1465 3452
1466 160
1467 5113
1468 4352
1469 5195
1470 4241
1471 4248
1472 1771
1473 4201
1474 4248
1475 4248
1476 4248
1477 2996
1478 4202
1479 4245
1480 4245
1481 4638
1482 4653
1483 4652
1484 4670
1485 5157
1486 4500
1487 4242
1488 5054
1489 4991
1490 4991
1491 1409
1492 1408
1493 1408
1494 19
1495 19
1496 19
1497 3307
1498 4198
1499 4241
1500 4669
1501 4662
1502 4661
1503 4693
1504 4660
1505 4991
1506 4771
1507 4770
1508 4033
1509 4005
1510 4770
1511 4104
1512 3056
1513 3028
1514 1796
1515 4476
1516 2161
1517 4998
1518 4031
1519 19
1520 19
1521 1066
1522 19
1523 19
1524 1211
1525 1205
1526 3307
1527 3415
1528 3458
1529 4248
1530 4501
1531 4241
1532 4919
1533 4498
1534 4770
1535 1409
1536 18
1537 1409
1538 4005
1539 4248
1540 4241
1541 4198
1542 4248
1543 4248
1544 4248
1545 4248
1546 4248
1547 1770
1548 1770
1549 4991
1550 4993
1551 4991
1552 4508
1553 4874
1554 5113
1555 5192
1556 5113
1557 4008
1558 1408
1559 19
1560 19
1561 19
1562 3300
1563 3307
1564 2266
1565 3304
1566 4507
1567 4696
1568 4501
1569 4502
1570 4004
1571 4692
1572 4691
1573 4874
1574 4004
1575 2350
1576 2347
1577 4689
1578 4702
1579 4701
1580 4687
1581 5054
1582 4513
1583 4346
1584 4346
1585 4771
1586 4346
1587 4004
1588 4010
1589 1394
1590 1395
1591 4513
1592 4692
1593 4507
1594 2345
1595 4693
1596 4076
1597 4075
1598 2853
1599 4355
1600 2412
1601 2888
1602 2412
1603 4355
1604 2412
1605 2412
1606 4355
1607 4625
1608 5135
1609 4346
1610 2412
1611 5113
1612 1409
1613 4661
1614 2346
1615 4691
1616 4344
1617 4351
1618 4625
1619 5041
1620 4770
1621 4657
1622 4878
1623 2353
1624 4877
1625 4874
1626 5113
1627 4355
1628 4347
1629 4770
1630 2412
1631 4347
1632 4351
1633 796
1634 798
1635 5056
1636 4346
1637 4090
1638 4347
1639 4111
1640 5054
1641 5192
1642 4919
1643 4003
1644 4355
1645 4625
1646 4991
1647 2347
1648 2351
1649 2412
1650 2412
1651 2412
1652 4770
1653 2835
1654 5041
1655 5187
1656 4526
1657 4533
1658 2350
1659 4351
1660 1821
1661 2156
1662 798
1663 4065
1664 19
1665 19
1666 19
1667 19
1668 19
1669 19
1670 505
1671 4009
1672 1400
1673 4533
1674 4523
1675 4702
1676 4693
1677 4509
1678 4505
1679 4499
1680 4527
1681 4919
1682 4874
1683 4515
1684 4026
1685 2412
1686 798
1687 797
1688 4004
1689 4008
1690 1408
1691 1408
1692 1394
1693 4966
1694 4033
1695 4034
1696 4042
1697 2318
1698 19
1699 19
1700 19
1701 2767
1702 1203
1703 1203
1704 1408
1705 4500
1706 4697
1707 5168
1708 2835
1709 4090
1710 1796
1711 2161
1712 1802
1713 2156
1714 1786
1715 3028
1716 3055
1717 3055
1718 1783
1719 798
1720 19
1721 19
1722 4496
1723 4696
1724 4874
1725 4347
1726 4528
1727 3487
1728 3028
1729 2164
1730 4065
1731 19
1732 19
1733 798
1734 1408
1735 3782
1736 4044
1737 19
1738 4687
1739 3056
1740 19
1741 19
1742 94
1743 4505
1744 2835
1745 2835
1746 2835
1747 2266
1748 4065
1749 2353
1750 19
1751 19
1752 19
1753 4503
1754 5054
1755 5113
1756 4351
1757 19
1758 16
1759 1211
1760 4034
1761 5054
1762 19
1763 3302
1764 1408
1765 19
1766 19
1767 1400
1768 4700
1769 4033
1770 4877
1771 5113
1772 4346
1773 19
1774 19
1775 4034
1776 4929
1777 4929
1778 4697
1779 4915
1780 4682
1781 4351
1782 1796
1783 1796
1784 19
1785 19
1786 2350
1787 2342
1788 5056
1789 4004
1790 4074
1791 4517
1792 19
1793 19
1794 4034
1795 5113
1796 5054
1797 3452
1798 4915
1799 4919
1800 4696
1801 4699
1802 4991
1803 4770
1804 4770
1805 4354
1806 4476
1807 4702
1808 4026
1809 4919
1810 5056
1811 3302
1812 2359
1813 4695
1814 3319
1815 96
1816 4123
1817 4681
1818 4105
1819 4110
1820 1408
1821 4770
1822 4699
1823 4700
1824 4065
1825 2161
1826 4697
1827 4516
1828 4874
1829 5054
1830 797
1831 3319
1832 4966
1833 4027
1834 1400
1835 798
1836 2342
1837 4966
1838 4966
1839 4008
1840 1410
1841 4979
1842 2835
1843 3457
1844 3452
1845 3452
1846 2835
1847 1469
1848 1395
1849 2156
1850 2161
1851 4516
1852 5113
1853 4929
1854 4874
1855 2347
1856 4691
1857 4533
1858 4521
1859 4697
1860 4082
1861 797
1862 5041
1863 4929
1864 4682
1865 4033
1866 4699
1867 2835
1868 2835
1869 4104
1870 4082
1871 4697
1872 2154
1873 4692
1874 5132
1875 4687
1876 4700
1877 4114
1878 4082
1879 4120
1880 4121
1881 4276
1882 3014
1883 4082
1884 797
1885 4919
1886 4065
1887 2156
1888 4692
1889 4919
1890 4877
1891 4874
1892 4874
1893 180
1894 4919
1895 19
1896 4878
1897 4919
1898 2835
1899 2835
1900 19
1901 3782
1902 4696
1903 797
1904 5054
1905 5116
1906 4919
1907 4919
1908 4915
1909 4877
1910 4030
1911 4874
1912 160
1913 3457
1914 2835
1915 3457
1916 3457
1917 3457
1918 4587
1919 4587
1920 3414
1921 797
1922 4065
1923 4696
1924 4874
1925 4874
1926 5054
1927 4874
1928 4034
1929 2791
1930 1408
1931 4033
1932 1066
1933 1066
1934 1066
1935 21
1936 1086
1937 1086
1938 1211
1939 2318
1940 1066
1941 4874
1942 2835
1943 2835
1944 2835
1945 19
1946 4993
1947 2266
1948 4874
1949 3457
1950 2835
1951 4065
1952 19
1953 19
1954 3028
1955 1801
1956 1786
1957 1786
1958 1802
1959 1327
1960 4112
1961 5056
1962 4030
1963 2835
1964 3457
1965 3457
1966 2835
1967 2835
1968 797
1969 4065
1970 4065
1971 4065
1972 4065
1973 797
1974 797
1975 4065
1976 797
1977 19
1978 3028
1979 4695
1980 3028
1981 3028
1982 4626
1983 3028
1984 1327
1985 4919
1986 4697
1987 4698
1988 1400
1989 4694
1990 5116
1991 4476
1992 4700
1993 3028
1994 4687
1995 19
1996 2798
1997 1469
1998 18
1999 1801
2000 1802
2001 3055
2002 4701
2003 4701
2004 4966
2005 4005
2006 4993
2007 1408
2008 19
2009 94
2010 19
2011 4874
2012 3452
2013 4065
2014 3028
2015 3028
2016 3028
2017 1802
2018 4919
2019 19
2020 5113
2021 3457
2022 4695
2023 19
2024 4772
2025 3457
2026 3415
2027 4587
2028 3457
2029 3302
2030 3028
2031 4026
2032 1408
2033 4697
2034 4874
2035 4874
2036 180
2037 180
2038 4581
2039 4065
2040 1786
2041 26
2042 4698
2043 4626
2044 4701
2045 3452
2046 4581
2047 3453
2048 3452
2049 4065
2050 13
2051 19
2052 1211
2053 2597
2054 19
2055 2317
2056 4034
2057 797
2058 4004
2059 5054
2060 17
2061 1205
2062 2266
2063 3307
2064 1203
2065 3413
2066 3413
2067 3751
2068 1204
2069 3462
2070 3462
2071 3751
2072 3416
2073 3416
2074 3413
2075 3458
2076 3416
2077 3056
2078 1786
2079 3028
2080 4929
2081 4034
2082 4929
2083 4696
2084 4112
2085 797
2086 4581
2087 4696
2088 2975
2089 3313
2090 2504
2091 3710
2092 3710
2093 3046
2094 4317
2095 2968
2096 2969
2097 2969
2098 2969
2099 1728
2100 1728
2101 2983
2102 2969
2103 2974
2104 2969
2105 2969
2106 1729
2107 1729
2108 2975
2109 1728
2110 1725
2111 2975
2112 2969
2113 2504
2114 3057
2115 3047
2116 4474
2117 2297
2118 1789
2119 1729
2120 2973
2121 1729
2122 2504
2123 1729
2124 2969
2125 3313
2126 1728
2127 2969
2128 4696
2129 4874
2130 4026
2131 4082
2132 4123
2133 3415
2134 3457
2135 3457
2136 3415
2137 3457
2138 3457
2139 4065
2140 2982
2141 2504
2142 2504
2143 2504
2144 2504
2145 4874
2146 4878
2147 4008
2148 2854
2149 2969
2150 2504
2151 3710
2152 3047
2153 3049
2154 2969
2155 1729
2156 4697
2157 2318
2158 4587
2159 4966
2160 4005
2161 4009
2162 4680
2163 4680
2164 3055
2165 3055
2166 3457
2167 4697
2168 3054
2169 3054
2170 1729
2171 2504
2172 3049
2173 3714
2174 3049
2175 3054
2176 3054
2177 2977
2178 1802
2179 1783
2180 4110
2181 17
2182 4112
2183 4478
2184 3710
2185 3710
2186 2504
2187 3710
2188 2504
2189 1725
2190 2504
2191 4008
2192 4032
2193 4009
2194 797
2195 17
2196 3452
2197 5113
2198 4027
2199 1783
2200 1783
2201 1793
2202 1795
2203 1729
2204 2968
2205 2504
2206 2982
2207 1729
2208 1793
2209 1794
2210 5116
2211 4034
2212 4582
2213 160
2214 3453
2215 3054
2216 4315
2217 4308
2218 4308
2219 4308
2220 2282
2221 2282
2222 3132
2223 4220
2224 4220
2225 4220
2226 2968
2227 4119
2228 2504
2229 2504
2230 3047
2231 3055
2232 1729
2233 4308
2234 1831
2235 2968
2236 2968
2237 2973
2238 3057
2239 2969
2240 1831
2241 4308
2242 2282
2243 2282
2244 4229
2245 4229
2246 4146
2247 4146
2248 4229
2249 4232
2250 4222
2251 4232
2252 4232
2253 4232
2254 4229
2255 3124
2256 4220
2257 4220
2258 4220
2259 3127
2260 3126
2261 2971
2262 4220
2263 4220
2264 2969
2265 1783
2266 1795
2267 2968
2268 4479
2269 4107
2270 1793
2271 4317
2272 2300
2273 4310
2274 4310
2275 1842
2276 4310
2277 4231
2278 4302
2279 1842
2280 1842
2281 4310
2282 3302
2283 5113
2284 19
2285 4065
2286 2297
2287 4480
2288 4119
2289 4119
2290 2295
2291 1843
2292 4309
2293 2282
2294 3710
2295 2504
2296 3705
2297 3546
2298 4214
2299 4220
2300 4220
2301 4146
2302 4316
2303 4146
2304 4229
2305 4146
2306 4146
2307 3054
2308 4919
2309 4929
2310 159
2311 180
2312 159
2313 180
2314 180
2315 811
2316 3714
2317 2974
2318 1801
2319 4112
2320 3054
2321 2968
2322 3710
2323 3714
2324 2297
2325 3054
2326 1794
2327 4919
2328 4065
2329 797
2330 3307
2331 4034
2332 3705
2333 2972
2334 3452
2335 2835
2336 2968
2337 3714
2338 3054
2339 2295
2340 2968
2341 1729
2342 2975
2343 4082
2344 4874
2345 796
2346 3415
2347 4915
2348 4119
2349 4480
2350 4480
2351 4483
2352 3054
2353 2297
2354 4119
2355 4475
2356 4475
2357 4683
2358 1793
2359 2299
2360 2306
2361 1728
2362 2969
2363 2979
2364 172
2365 4929
2366 159
2367 19
2368 1404
2369 4276
2370 1404
2371 3710
2372 2282
2373 1795
2374 1794
2375 1793
2376 4697
2377 4004
2378 19
2379 19
2380 4480
2381 2968
2382 4266
2383 2297
2384 1728
2385 4929
2386 5113
2387 3452
2388 1400
2389 1846
2390 1846
2391 1847
2392 1848
2393 4321
2394 4321
2395 1836
2396 1831
2397 4308
2398 4307
2399 4308
2400 4307
2401 4307
2402 2291
2403 1846
2404 4322
2405 2294
2406 2294
2407 3054
2408 2294
2409 2297
2410 2972
2411 3415
2412 3300
2413 2835
2414 4683
2415 4683
2416 2297
2417 4919
2418 4874
2419 5041
2420 19
2421 4587
2422 4626
2423 159
2424 4220
2425 3054
2426 3048
2427 4034
2428 19
2429 4119
2430 3452
2431 2835
2432 4697
2433 4220
2434 1729
2435 4919
2436 4110
2437 160
2438 160
2439 1408
2440 5055
2441 4322
2442 1846
2443 4308
2444 2294
2445 3049
2446 797
2447 4678
2448 4683
2449 1725
2450 4004
2451 1831
2452 4308
2453 4480
2454 4480
2455 4483
2456 4119
2457 3054
2458 3054
2459 3054
2460 2295
2461 2300
2462 4065
2463 4683
2464 4220
2465 1728
2466 2975
2467 4480
2468 4678
2469 4325
2470 4483
2471 4319
2472 4874
2473 4483
2474 796
2475 3414
2476 796
2477 180
2478 180
2479 4478
2480 2295
2481 2977
2482 1728
2483 4929
2484 4008
2485 4480
2486 4483
2487 4319
2488 3457
2489 2835
2490 4919
2491 4680
2492 4027
2493 4003
2494 19
2495 796
2496 4220
2497 4065
2498 4033
2499 4005
2500 797
2501 2318
2502 4678
2503 4587
2504 4082
2505 3452
2506 4581
2507 2979
2508 4878
2509 5113
2510 4584
2511 4009
2512 4993
2513 3409
2514 3452
2515 3452
2516 179
2517 3132
2518 4146
2519 4229
2520 4211
2521 2301
2522 4314
2523 19
2524 3300
2525 4119
2526 3054
2527 4322
2528 2295
2529 4106
2530 4877
2531 4220
2532 1788
2533 2969
2534 94
2535 4587
2536 4587
2537 3458
2538 3046
2539 4008
2540 20
2541 26
2542 19
2543 19
2544 19
2545 19
2546 3409
2547 3451
2548 180
2549 4929
2550 1793
2551 3313
2552 3457
2553 19
2554 94
2555 1211
2556 2266
2557 180
2558 180
2559 3132
2560 3132
2561 4220
2562 4220
2563 4220
2564 4220
2565 4220
2566 4220
2567 4220
2568 3132
2569 4317
2570 2969
2571 2975
2572 2973
2573 19
2574 1066
2575 1066
2576 2791
2577 4479
2578 4479
2579 4121
2580 1793
2581 3015
2582 3015
2583 3024
2584 4479
2585 2975
2586 160
2587 4033
2588 4004
2589 2282
2590 3132
2591 4082
2592 4082
2593 4318
2594 1793
2595 1729
2596 1066
2597 1066
2598 2791
2599 1066
2600 2318
2601 2791
2602 2791
2603 4582
2604 3054
2605 1847
2606 1847
2607 1843
2608 26
2609 180
2610 4318
2611 4009
2612 4105
2613 4587
2614 180
2615 180
2616 180
2617 180
2618 180
2619 2969
2620 1729
2621 4966
2622 4146
2623 796
2624 4082
2625 4683
2626 4475
2627 4318
2628 180
2629 159
2630 1729
2631 2974
2632 2971
2633 2282
2634 2282
2635 4317
2636 4119
2637 4119
2638 4483
2639 4483
2640 1211
2641 3132
2642 180
2643 180
2644 180
2645 4220
2646 2973
2647 94
2648 4027
2649 4119
2650 4119
2651 4119
2652 1842
2653 1843
2654 1841
2655 2282
2656 4683
2657 159
2658 172
2659 3307
2660 796
2661 3307
2662 4322
2663 2291
2664 2291
2665 2282
2666 4308
2667 2266
2668 3458
2669 2266
2670 4475
2671 3445
2672 2308
2673 2981
2674 4234
2675 4234
2676 2972
2677 2791
2678 4027
2679 2282
2680 2282
2681 4027
2682 4065
2683 4063
2684 4627
2685 4627
2686 180
2687 180
2688 4627
2689 4627
2690 4627
2691 4627
2692 4627
2693 4627
2694 180
2695 4108
2696 1788
2697 3313
2698 3452
2699 3452
2700 3418
2701 3448
2702 3414
2703 5113
2704 4585
2705 3054
2706 4065
2707 4110
2708 4312
2709 2975
2710 94
2711 3272
2712 3267
2713 2327
2714 2246
2715 3275
2716 2318
2717 4034
2718 2246
2719 2287
2720 2282
2721 3415
2722 2318
2723 4027
2724 4322
2725 4322
2726 4480
2727 2299
2728 1788
2729 2300
2730 19
2731 1066
2732 1066
2733 4008
2734 4030
2735 94
2736 19
2737 4483
2738 3451
2739 3445
2740 4627
2741 4627
2742 4627
2743 4627
2744 4627
2745 4627
2746 1531
2747 1531
2748 4628
2749 4627
2750 4628
2751 4121
2752 4319
2753 3042
2754 1066
2755 1066
2756 2791
2757 2287
2758 4966
2759 3409
2760 4325
2761 1788
2762 4220
2763 4120
2764 4277
2765 4265
2766 2969
2767 2973
2768 4034
2769 19
2770 1205
2771 4597
2772 4121
2773 1789
2774 1788
2775 2969
2776 2824
2777 2246
2778 1394
2779 1394
2780 2767
2781 2266
2782 3445
2783 2973
2784 4587
2785 3414
2786 3958
2787 3958
2788 3462
2789 3462
2790 3462
2791 3463
2792 3463
2793 3463
2794 1086
2795 1066
2796 4587
2797 19
2798 1404
2799 4040
2800 4322
2801 1400
2802 4316
2803 3958
2804 3462
2805 1204
2806 3462
2807 3462
2808 3462
2809 3462
2810 3462
2811 3462
2812 3462
2813 3958
2814 3958
2815 3414
2816 3958
2817 19
2818 4121
2819 4120
2820 4121
2821 4121
2822 2282
2823 4119
2824 4584
2825 4009
2826 2327
2827 4274
2828 3901
2829 3897
2830 3268
2831 2794
2832 3269
2833 3939
2834 3685
2835 4319
2836 3688
2837 4229
2838 4026
2839 4034
2840 3901
2841 3897
2842 4030
2843 4027
2844 4220
2845 4483
2846 3453
2847 3453
2848 4627
2849 3445
2850 4627
2851 4627
2852 4628
2853 4628
2854 4628
2855 4627
2856 4627
2857 4628
2858 4343
2859 1531
2860 4628
2861 4627
2862 4627
2863 3453
2864 2798
2865 2318
2866 2318
2867 4778
2868 4042
2869 2318
2870 2791
2871 2327
2872 3252
2873 4308
2874 4308
2875 4307
2876 1846
2877 4307
2878 4322
2879 2791
2880 3413
2881 3751
2882 1211
2883 4587
2884 19
2885 1066
2886 2799
2887 3414
2888 3958
2889 3462
2890 3469
2891 3749
2892 3465
2893 3465
2894 3958
2895 3958
2896 4220
2897 3307
2898 4034
2899 4308
2900 1395
2901 3414
2902 4342
2903 4342
2904 4342
2905 180
2906 4628
2907 4343
2908 4628
2909 4627
2910 4627
2911 4628
2912 4628
2913 4627
2914 4628
2915 4628
2916 4342
2917 4343
2918 1531
2919 1412
2920 1531
2921 1531
2922 1421
2923 1420
2924 1420
2925 1421
2926 1789
2927 19
2928 1086
2929 1066
2930 1086
2931 797
2932 3668
2933 4480
2934 1394
2935 2597
2936 1814
2937 4627
2938 4628
2939 4220
2940 4220
2941 4628
2942 4342
2943 2979
2944 160
2945 3414
2946 4582
2947 4322
2948 3413
2949 3462
2950 3462
2951 3462
2952 3462
2953 4597
2954 19
2955 1066
2956 1066
2957 3757
2958 3307
2959 3307
2960 4628
2961 4627
2962 4628
2963 4628
2964 4630
2965 1531
2966 1421
2967 1421
2968 1412
2969 4630
2970 1412
2971 1531
2972 1531
2973 4628
2974 4220
2975 4266
2976 4342
2977 3127
2978 2979
2979 2825
2980 1066
2981 3453
2982 2317
2983 2282
2984 3054
2985 4586
2986 4627
2987 4627
2988 4627
2989 4628
2990 4628
2991 4627
2992 1066
2993 2791
2994 3414
2995 19
2996 4483
2997 1793
2998 1793
2999 4627
3000 4119
3001 3054
3002 2317
3003 2767
3004 4627
3005 4627
3006 4628
3007 3132
3008 4628
3009 3688
3010 1400
3011 3957
3012 3958
3013 3462
3014 3462
3015 2318
3016 3413
3017 1204
3018 4627
3019 4107
3020 4121
3021 3132
3022 4234
3023 2972
3024 2972
3025 2972
3026 4146
3027 1724
3028 2974
3029 4146
3030 3409
3031 3445
3032 4324
3033 88
3034 4121
3035 4628
3036 2981
3037 4234
3038 4233
3039 2974
3040 2972
3041 2282
3042 3414
3043 1793
3044 4627
3045 2428
3046 3470
3047 3469
3048 2428
3049 4628
3050 1531
3051 1412
3052 1531
3053 2974
3054 3415
3055 3416
3056 1204
3057 4319
3058 4628
3059 1531
3060 4121
3061 3847
3062 1211
3063 2791
3064 4026
3065 4277
3066 4277
3067 4277
3068 4265
3069 4265
3070 1205
3071 3128
3072 4627
3073 4220
3074 3132
3075 1788
3076 2974
3077 4324
3078 2295
3079 3413
3080 3413
3081 3413
3082 3413
3083 2304
3084 4044
3085 4480
3086 4121
3087 4628
3088 4628
3089 4628
3090 3054
3091 4628
3092 1066
3093 4026
3094 3958
3095 3132
3096 3039
3097 4234
3098 4234
3099 3131
3100 4146
3101 2972
3102 4229
3103 2282
3104 4310
3105 2282
3106 3054
3107 1086
3108 1789
3109 1789
3110 3054
3111 4627
3112 4627
3113 1531
3114 3668
3115 3751
3116 4266
3117 1788
3118 1531
3119 1531
3120 1531
3121 4628
3122 4343
3123 4627
3124 2317
3125 3457
3126 1400
3127 1066
3128 2318
3129 4317
3130 1531
3131 1421
3132 2305
3133 3127
3134 3039
3135 4304
3136 4229
3137 4119
3138 4146
3139 3132
3140 4277
3141 3015
3142 3015
3143 3015
3144 4265
3145 4343
3146 1531
3147 1531
3148 1531
3149 1412
3150 1398
3151 1398
3152 3252
3153 4309
3154 4627
3155 3506
3156 1531
3157 3126
3158 4276
3159 2255
3160 3014
3161 4274
3162 3415
3163 3668
3164 3462
3165 1086
3166 4316
3167 3054
3168 4121
3169 1793
3170 1793
3171 3015
3172 1531
3173 4034
3174 4627
3175 4317
3176 1793
3177 4234
3178 4146
3179 1066
3180 1066
3181 3751
3182 1204
3183 4339
3184 3465
3185 3757
3186 3465
3187 3465
3188 4121
3189 3757
3190 3757
3191 3757
3192 1531
3193 1421
3194 1412
3195 1789
3196 1788
3197 3015
3198 4312
3199 4226
3200 4226
3201 4222
3202 4229
3203 3039
3204 3131
3205 1066
3206 4309
3207 2428
3208 281
3209 281
3210 3469
3211 3469
3212 3469
3213 3757
3214 3015
3215 4312
3216 4276
3217 2244
3218 1257
3219 1066
3220 4628
3221 1421
3222 3015
3223 1531
3224 1531
3225 1531
3226 4628
3227 4627
3228 4627
3229 1066
3230 2295
3231 1066
3232 1066
3233 4628
3234 1421
3235 2300
3236 1842
3237 3418
3238 4304
3239 4277
3240 3876
3241 1283
3242 3939
3243 3939
3244 3939
3245 3939
3246 3939
3247 3939
3248 3682
3249 4799
3250 4799
3251 3014
3252 1086
3253 3128
3254 3514
3255 3014
3256 2305
3257 2295
3258 1412
3259 1420
3260 1411
3261 1411
3262 3054
3263 3128
3264 1421
3265 1411
3266 3629
3267 3627
3268 4751
3269 3621
3270 3621
3271 3603
3272 4757
3273 3622
3274 3622
3275 4751
3276 3627
3277 1531
3278 4042
3279 3462
3280 3462
3281 3462
3282 3462
3283 3462
3284 2295
3285 4324
3286 2305
3287 2300
3288 2295
3289 2295
3290 2295
3291 2300
3292 2300
3293 2295
3294 2295
3295 1421
3296 2305
3297 3015
3298 3015
3299 3506
3300 4226
3301 1420
3302 3628
3303 3627
3304 4751
3305 3622
3306 466
3307 465
3308 463
3309 465
3310 3622
3311 1412
3312 4627
3313 3415
3314 1400
3315 3958
3316 3465
3317 3462
3318 3462
3319 3462
3320 3462
3321 3462
3322 3462
3323 1086
3324 4627
3325 4627
3326 2300
3327 2295
3328 2305
3329 2295
3330 3128
3331 3668
3332 2318
3333 3465
3334 4277
3335 2305
3336 2300
3337 2305
3338 1420
3339 3448
3340 4146
3341 3465
3342 3462
3343 3465
3344 3465
3345 3465
3346 3465
3347 1793
3348 2305
3349 1420
3350 4310
3351 1531
3352 4276
3353 4276
3354 2235
3355 4799
3356 1419
3357 1412
3358 1420
3359 1427
3360 1436
3361 3091
3362 3629
3363 3629
3364 2736
3365 1411
3366 1421
3367 4307
3368 2318
3369 2318
3370 3462
3371 3465
3372 4309
3373 4307
3374 4226
3375 3128
3376 3128
3377 4276
3378 4276
3379 4121
3380 4628
3381 4627
3382 3272
3383 3465
3384 3465
3385 4309
3386 4302
3387 4231
3388 4309
3389 2300
3390 3015
3391 3015
3392 3015
3393 1531
3394 1066
3395 3462
3396 3462
3397 1204
3398 1204
3399 1086
3400 1086
3401 3668
3402 1066
3403 2318
3404 4231
3405 3015
3406 4232
3407 4226
3408 3015
3409 1400
3410 4232
3411 3465
3412 3757
3413 4232
3414 4310
3415 2300
3416 4222
3417 4226
3418 4146
3419 1411
3420 1427
3421 1420
3422 2735
3423 1427
3424 3091
3425 3091
3426 4751
3427 4751
3428 4751
3429 465
3430 464
3431 463
3432 465
3433 3629
3434 1435
3435 1086
3436 1066
3437 1400
3438 3462
3439 3537
3440 3757
3441 1066
3442 4473
3443 4310
3444 1842
3445 3126
3446 4232
3447 1411
3448 2317
3449 3415
3450 3465
3451 4229
3452 4146
3453 4229
3454 3128
3455 2300
3456 3128
3457 3128
3458 4310
3459 4473
3460 4226
3461 3014
3462 3015
3463 1531
3464 2791
3465 4627
3466 1204
3467 1531
3468 1842
3469 3015
3470 3015
3471 4229
3472 4229
3473 3015
3474 3629
3475 1436
3476 5009
3477 4276
3478 2235
3479 1066
3480 4627
3481 3416
3482 2318
3483 3462
3484 3465
3485 1412
3486 4229
3487 4229
3488 4229
3489 3015
3490 1411
3491 1411
3492 1066
3493 1436
3494 3629
3495 3627
3496 1066
3497 4277
3498 4276
3499 1204
3500 1211
3501 1086
3502 1411
3503 3668
3504 2791
3505 1400
3506 1187
3507 1066
3508 4343
3509 4628
3510 4277
3511 4276
3512 3462
3513 3462
3514 3462
3515 3462
3516 3462
3517 3462
3518 3462
3519 4276
3520 3015
3521 1531
3522 3462
3523 1187
3524 3014
3525 3015
3526 3014
3527 1435
3528 3629
3529 3627
3530 4751
3531 4757
3532 3622
3533 465
3534 440
3535 458
3536 2497
3537 440
3538 466
3539 3091
3540 3629
3541 3629
3542 4751
3543 4757
3544 3622
3545 4751
3546 4751
3547 4757
3548 4751
3549 2817
3550 4628
3551 4630
3552 2327
3553 2428
3554 3462
3555 3462
3556 1066
3557 1066
3558 1421
3559 1421
3560 2735
3561 1420
3562 3014
3563 3627
3564 4751
3565 4751
3566 3622
3567 4751
3568 3629
3569 3627
3570 3629
3571 2312
3572 1066
3573 3014
3574 3015
3575 3015
3576 4751
3577 3628
3578 1066
3579 2318
3580 3462
3581 3462
3582 3462
3583 1435
3584 3622
3585 3621
3586 3622
3587 3629
3588 4757
3589 1066
3590 4277
3591 1086
3592 3462
3593 3462
3594 3462
3595 3668
3596 3010
3597 2235
3598 4274
3599 4630
3600 4627
3601 2318
3602 1420
3603 4751
3604 3628
3605 3622
3606 3617
3607 3252
3608 4627
3609 4627
3610 281
3611 3469
3612 1066
3613 2791
3614 4751
3615 3621
3616 3622
3617 4757
3618 1531
3619 1531
3620 3469
3621 3462
3622 1427
3623 1427
3624 1420
3625 4751
3626 3621
3627 4627
3628 4276
3629 3014
3630 1420
3631 3628
3632 3416
3633 3462
3634 2318
3635 2791
3636 4276
3637 3462
3638 1086
3639 2736
3640 465
3641 1066
3642 2246
3643 2246
3644 4627
3645 3462
3646 3462
3647 4751
3648 2318
3649 465
3650 3668
3651 3958
3652 4799
3653 3901
3654 2263
3655 3668
3656 3629
3657 3628
3658 4627
3659 1204
3660 2791
3661 2239
3662 4274
3663 2239
3664 3010
3665 1066
3666 2317
3667 2318
3668 3253
3669 3896
3670 4276
3671 3469
3672 2318
3673 2791
3674 1066
3675 463
3676 440
3677 460
3678 2496
3679 477
3680 478
3681 2681
3682 2712
3683 2713
3684 2715
3685 2715
3686 2715
3687 2715
3688 2715
3689 2715
3690 2715
3691 2715
3692 2715
3693 455
3694 458
3695 2498
3696 1531
3697 492
3698 490
3699 490
3700 1024
3701 490
3702 490
3703 493
3704 2486
3705 2486
3706 479
3707 482
3708 3655
3709 1020
3710 1043
3711 2703
3712 2713
3713 2713
3714 2712
3715 1024
3716 490
3717 492
3718 492
3719 493
3720 476
3721 479
3722 2486
3723 2484
3724 2495
3725 2497
3726 2497
3727 2497
3728 458
3729 440
3730 493
3731 3655
3732 1296
3733 2712
3734 1045
3735 1045
3736 1020
3737 1020
3738 1029
3739 2656
3740 1025
3741 1020
3742 490
3743 1024
3744 490
3745 490
3746 1024
3747 490
3748 492
3749 492
3750 2244
3751 3676
3752 4799
3753 2318
3754 3014
3755 1420
3756 1420
3757 1427
3758 3014
3759 3630
3760 463
3761 455
3762 455
3763 456
3764 1531
3765 440
3766 463
3767 440
3768 492
3769 466
3770 2318
3771 492
3772 2486
3773 3660
3774 2495
3775 455
3776 4757
3777 1086
3778 4276
3779 3621
3780 2736
3781 2736
3782 3668
3783 482
3784 476
3785 4751
3786 2266
3787 1420
3788 1427
3789 1420
3790 2791
3791 4757
3792 492
3793 492
3794 492
3795 458
3796 491
3797 3414
3798 3462
3799 1086
3800 1435
3801 2791
3802 1411
3803 482
3804 3621
3805 491
3806 3958
3807 4628
3808 2251
3809 3091
3810 3091
3811 3629
3812 466
3813 2791
3814 460
3815 440
3816 456
3817 2496
3818 482
3819 479
3820 479
3821 2499
3822 3448
3823 2327
3824 2318
3825 2318
3826 2318
3827 2791
3828 2486
3829 476
3830 458
3831 2497
3832 460
3833 458
3834 1420
3835 1420
3836 1421
3837 1420
3838 1421
3839 1412
3840 480
3841 476
3842 482
3843 2484
3844 492
3845 1066
3846 3668
3847 2495
3848 2484
3849 476
3850 3622
3851 3267
3852 2327
3853 3901
3854 1412
3855 3469
3856 477
3857 477
3858 2486
3859 2484
3860 2496
3861 4751
3862 3469
3863 2318
3864 2318
3865 2318
3866 1066
3867 4751
3868 1066
3869 2791
3870 458
3871 460
3872 3757
3873 4627
3874 3676
3875 3268
3876 1531
3877 2735
3878 2318
3879 1066
3880 1411
3881 463
3882 466
3883 2486
3884 3660
3885 4627
3886 2318
3887 466
3888 1025
3889 490
3890 2712
3891 3629
3892 3462
3893 460
3894 3676
3895 1412
3896 2318
3897 1086
3898 440
3899 1066
3900 3628
3901 481
3902 4627
3903 1427
3904 3630
3905 3621
3906 466
3907 1420
3908 1427
3909 1427
3910 2735
3911 1435
3912 1435
3913 3091
3914 3461
3915 3467
3916 3252
3917 490
3918 492
3919 492
3920 492
3921 492
3922 492
3923 1024
3924 1024
3925 1024
3926 1024
3927 1024
3928 1024
3929 1031
3930 3657
3931 2756
3932 2712
3933 3952
3934 1102
3935 480
3936 492
3937 3658
3938 1030
3939 2757
3940 3953
3941 1030
3942 2712
3943 1305
3944 490
3945 480
3946 2485
3947 2485
3948 2486
3949 3660
3950 2484
3951 2497
3952 2484
3953 2485
3954 477
3955 492
3956 2428
3957 3469
3958 3939
3959 3462
3960 3462
3961 2318
3962 2794
3963 2791
3964 1066
3965 2318
3966 3668
3967 463
3968 463
3969 3462
3970 4630
3971 3252
3972 4799
3973 3622
3974 2498
3975 1531
3976 3091
3977 3268
3978 3939
3979 3269
3980 3269
3981 2794
3982 4751
3983 492
3984 478
3985 1025
3986 2736
3987 3462
3988 3275
3989 3629
3990 3470
3991 2485
3992 4628
3993 2251
3994 3013
3995 3462
3996 3939
3997 2318
3998 1066
3999 2484
4000 455
4001 460
4002 3462
4003 478
4004 3901
4005 3939
4006 3939
4007 3939
4008 2252
4009 3939
4010 3462
4011 3939
4012 3676
4013 4799
4014 3939
4015 3851
4016 3268
4017 3268
4018 3939
4019 3939
4020 3939
4021 3939
4022 3939
4023 3939
4024 3682
4025 3937
4026 3676
4027 3676
4028 3676
4029 3937
4030 4815
4031 4799
4032 4811
4033 3939
4034 1025
4035 3622
4036 3630
4037 1531
4038 4627
4039 3627
4040 3655
4041 3462
4042 489
4043 3463
4044 3252
4045 3896
4046 3685
4047 2484
4048 2497
4049 2484
4050 1420
4051 3901
4052 4799
4053 3010
4054 3939
4055 3939
4056 3939
4057 3937
4058 3091
4059 1086
4060 2318
4061 4274
4062 1531
4063 2486
4064 1435
4065 3939
4066 3939
4067 3682
4068 3939
4069 3622
4070 3621
4071 1427
4072 4630
4073 4628
4074 4751
4075 3628
4076 3627
4077 492
4078 492
4079 2735
4080 2735
4081 1412
4082 3014
4083 1435
4084 3937
4085 3676
4086 3462
4087 1029
4088 1021
4089 490
4090 490
4091 490
4092 1031
4093 1024
4094 1031
4095 2318
4096 3268
4097 3939
4098 3939
4099 3685
4100 3685
4101 3685
4102 3685
4103 3931
4104 4281
4105 5050
4106 3931
4107 3685
4108 3621
4109 2318
4110 463
4111 1420
4112 2715
4113 2715
4114 2715
4115 2715
4116 2715
4117 2712
4118 2712
4119 2712
4120 2713
4121 2713
4122 2715
4123 2715
4124 2712
4125 2713
4126 2759
4127 2712
4128 2712
4129 2713
4130 2715
4131 2715
4132 2713
4133 2713
4134 1035
4135 2713
4136 2712
4137 2713
4138 2715
4139 2715
4140 2715
4141 2715
4142 2715
4143 2715
4144 2715
4145 2715
4146 2715
4147 2715
4148 2715
4149 2715
4150 2715
4151 2713
4152 2712
4153 2713
4154 2715
4155 2715
4156 2712
4157 2712
4158 1029
4159 1030
4160 1029
4161 1031
4162 3676
4163 3676
4164 3091
4165 465
4166 440
4167 458
4168 482
4169 2713
4170 2715
4171 2715
4172 2715
4173 2715
4174 2715
4175 2715
4176 2715
4177 2715
4178 2713
4179 2713
4180 2713
4181 2712
4182 2235
4183 4799
4184 4799
4185 3628
4186 2794
4187 4627
4188 2713
4189 2713
4190 2713
4191 2715
4192 2715
4193 2715
4194 2715
4195 2715
4196 2715
4197 2715
4198 2715
4199 1412
4200 1412
4201 1531
4202 440
4203 3252
4204 3269
4205 3660
4206 3655
4207 491
4208 2713
4209 2713
4210 2715
4211 2715
4212 2713
4213 2713
4214 2715
4215 2715
4216 2715
4217 2715
4218 2715
4219 2713
4220 2713
4221 2715
4222 2715
4223 2735
4224 4848
4225 3010
4226 3463
4227 3462
4228 4627
4229 460
4230 2496
4231 2713
4232 4630
4233 3469
4234 1427
4235 4627
4236 2715
4237 2715
4238 281
4239 1435
4240 2486
4241 3621
4242 482
4243 3010
4244 3013
4245 4274
4246 3269
4247 4848
4248 2735
4249 4751
4250 466
4251 455
4252 1024
4253 490
4254 3655
4255 492
4256 4627
4257 2712
4258 4751
4259 4757
4260 4751
4261 3627
4262 2496
4263 1531
4264 4627
4265 463
4266 463
4267 466
4268 2428
4269 4799
4270 4799
4271 3676
4272 4799
4273 1427
4274 1420
4275 1427
4276 492
4277 3633
4278 4757
4279 463
4280 2736
4281 3091
4282 3269
4283 3941
4284 3757
4285 3269
4286 3622
4287 477
4288 2715
4289 2715
4290 2715
4291 2715
4292 4799
4293 4799
4294 1427
4295 3627
4296 1421
4297 3469
4298 1412
4299 455
4300 1436
4301 2715
4302 1435
4303 3470
4304 3896
4305 440
4306 3621
4307 3621
4308 492
4309 492
4310 4341
4311 4627
4312 3658
4313 1427
4314 2735
4315 4799
4316 455
4317 466
4318 2497
4319 3622
4320 3269
4321 480
4322 478
4323 489
4324 4627
4325 4627
4326 281
4327 1263
4328 3901
4329 440
4330 2713
4331 4630
4332 2235
4333 4627
4334 3685
4335 476
4336 477
4337 2494
4338 458
4339 463
4340 3627
4341 490
4342 4630
4343 4751
4344 4751
4345 3622
4346 4627
4347 3629
4348 458
4349 492
4350 4627
4351 3091
4352 440
4353 455
4354 3627
4355 477
4356 2715
4357 2715
4358 2715
4359 2713
4360 1292
4361 3091
4362 4627
4363 465
4364 492
4365 3658
4366 1102
4367 2681
4368 3902
4369 4628
4370 3627
4371 4757
4372 4751
4373 4848
4374 3685
4375 3931
4376 4811
4377 4815
4378 3937
4379 3676
4380 4815
4381 3937
4382 4811
4383 3931
4384 4281
4385 4281
4386 1683
4387 1980
4388 3103
4389 4385
4390 1982
4391 3685
4392 3685
4393 3091
4394 481
4395 3936
4396 490
4397 1031
4398 2715
4399 4811
4400 4811
4401 3628
4402 4751
4403 3628
4404 492
4405 1031
4406 2715
4407 3902
4408 4751
4409 2715
4410 2713
4411 2712
4412 2712
4413 2712
4414 4811
4415 2715
4416 2715
4417 2715
4418 2715
4419 3941
4420 2715
4421 2712
4422 2759
4423 1130
4424 3685
4425 3931
4426 3931
4427 3931
4428 3685
4429 3685
4430 3937
4431 3902
4432 3931
4433 5039
4434 5050
4435 2475
4436 2476
4437 2476
4438 5053
4439 5039
4440 3685
4441 3685
4442 3931
4443 3685
4444 3931
4445 3685
4446 3685
4447 4281
4448 3953
4449 1025
4450 2715
4451 4281
4452 5038
4453 3685
4454 2715
4455 2715
4456 4811
4457 4811
4458 3953
4459 2715
4460 2715
4461 2715
4462 2715
4463 2715
4464 1293
4465 3931
4466 3685
4467 4811
4468 3931
4469 5039
4470 3685
4471 2712
4472 2712
4473 2712
4474 2712
4475 4281
4476 5039
4477 2476
4478 3685
4479 4281
4480 5050
4481 3685
4482 3685
4483 4811
4484 4281
4485 4281
4486 4373
4487 4281
4488 5050
4489 5039
4490 4811
4491 2712
4492 4811
4493 5039
4494 2713
4495 2713
4496 2715
4497 2715
4498 2713
4499 2712
4500 2715
4501 2715
4502 2715
4503 2715
4504 2715
4505 2715
4506 2715
4507 2715
4508 2715
4509 2713
4510 2712
4511 5039
4512 5038
4513 2715
4514 2715
4515 2715
4516 2715
4517 4281
4518 2715
4519 5039
4520 4811
4521 3685
4522 3931
4523 5039
4524 4281
4525 3931
4526 3685
4527 5039
4528 5039
4529 5038
4530 3931
4531 5053
4532 4811
4533 4811
4534 5050
4535 5050
4536 2475
4537 2476
4538 2476
4539 3931
4540 5057
4541 5050
4542 2475
4543 3107
4544 3106
4545 411
4546 2474
4547 4383
4548 3005
4549 2998
4550 4684
4551 3006
4552 1599
4553 1599
4554 3006
4555 1599
4556 1599
4557 1601
4558 1594
4559 4160
4560 4675
4561 4675
4562 4675
4563 4675
4564 4675
4565 4675
4566 4675
4567 4675
4568 4675
4569 4675
4570 4675
4571 4675
4572 4675
4573 4675
4574 2475
4575 2475
4576 2475
4577 2475
4578 4388
4579 3102
4580 1980
4581 5050
4582 3106
4583 3106
4584 5050
4585 5050
4586 5039
4587 2475
4588 2475
4589 2475
4590 2476
4591 2475
4592 2475
4593 2475
4594 2475
4595 1982
4596 5050
4597 5050
4598 3107
4599 3106
4600 2475
4601 2475
4602 2475
4603 3107
4604 5038
4605 2475
4606 5057
4607 2475
4608 5053
4609 2475
4610 3107
4611 2475
4612 2475
4613 1982
4614 1980
4615 807
4616 4385
4617 4684
4618 3006
4619 1594
4620 1601
4621 1601
4622 4362
4623 4364
4624 4675
4625 4675
4626 4675
4627 4675
4628 4675
4629 4675
4630 4675
4631 4675
4632 4675
4633 4675
4634 4675
4635 3112
4636 3114
4637 1601
4638 1594
4639 3005
4640 3102
4641 3107
4642 4675
4643 3102
4644 411
4645 2474
4646 411
4647 4684
4648 2475
4649 4373
4650 4383
4651 4385
4652 4385
4653 3005
4654 4388
4655 3006
4656 4383
4657 4382
4658 411
4659 4373
4660 4675
4661 4675
4662 4675
4663 4675
4664 4675
4665 4675
4666 4675
4667 4675
4668 4675
4669 4675
4670 4675
4671 4675
4672 4675
4673 4675
4674 4675
4675 4675
4676 4675
4677 4675
4678 4382
4679 4675
4680 4675
4681 4675
4682 4675
4683 4675
4684 3103
4685 4675
4686 4675
4687 4675
4688 3005
4689 3107
4690 3107
4691 4675
4692 4675
4693 4675
4694 4675
4695 1700
4696 3107
4697 2475
4698 5050
4699 4675
4700 4675
4701 4385
4702 4675
4703 2475
4704 4675
4705 2998
4706 4675
4707 4675
4708 4675
4709 4675
4710 4675
4711 4675
4712 4675
4713 4675
4714 4675
4715 2998
4716 411
4717 807
4718 4675
4719 4675
4720 4675
4721 4675
4722 1982
4723 4388
4724 4675
4725 3005
4726 807
4727 4388
4728 4382
4729 3006
4730 3106
4731 3006
4732 3106
4733 4675
4734 4675
4735 4675
4736 4385
4737 3006
4738 4675
4739 4675
4740 4388
4741 4675
4742 4675
4743 3102
4744 3006
4745 4675
4746 4675
4747 4675
4748 4675
4749 3114
4750 4684
4751 3006
4752 3006
4753 3106
4754 836
4755 1601
4756 1599
4757 3106
4758 3106
4759 4364
4760 4160
4761 4160
4762 1601
4763 1601
4764 4675
4765 3107
4766 4260
4767 3006
4768 4675
4769 4684
4770 836
4771 3103
4772 4675
4773 4675
4774 4675
4775 1601
4776 1601
4777 4363
4778 3111
4779 4675
4780 4160
4781 4675
4782 3112
4783 4364
4784 1599
4785 4675
4786 4675
4787 4675
4788 4675
4789 3006
4790 4684
4791 4382
4792 4675
4793 4364
4794 3114
4795 3002
4796 4675
4797 1601
4798 3114
4799 1601
4800 4675
4801 1982
4802 1980
4803 3114
4804 4675
4805 4675
4806 4675
4807 4675
4808 4675
4809 4675
4810 4675
4811 4675
4812 4675
4813 4675
4814 4675
4815 4675
4816 4675
4817 4675
4818 4675
4819 4383
4820 4675
4821 4362
4822 4362
4823 4130
4824 4675
4825 3102
4826 3002
4827 3006
4828 3109
4829 1594
4830 1601
4831 1599
4832 3103
4833 4675
4834 4675
4835 4675
4836 4675
4837 4675
4838 4675
4839 4675
4840 4675
4841 4675
4842 4675
4843 4675
4844 1594
4845 1601
4846 4675
4847 4675
4848 4675
4849 4675
4850 4675
4851 1601
4852 1601
4853 3006
4854 3103
4855 4385
4856 2998
4857 3007
4858 1601
4859 4675
4860 4675
4861 4675
4862 4675
4863 4675
4864 4675
4865 4675
4866 4675
4867 4675
4868 4675
4869 4382
4870 4388
4871 4675
4872 4675
4873 3102
4874 4388
4875 3002
4876 4675
4877 4675
4878 4253
4879 4675
4880 4675
4881 4675
4882 4675
4883 1594
4884 4675
4885 3114
4886 3103
4887 4385
4888 3006
4889 4383
4890 4385
4891 4675
4892 4675
4893 4675
4894 3114
4895 4130
4896 3112
4897 1599
4898 4383
4899 4255
4900 4675
4901 4130
4902 1599
4903 1594
4904 3006
4905 4684
4906 3006
4907 2998
4908 4675
4909 4675
4910 3006
4911 4675
4912 1601
4913 4362
4914 3114
4915 4675
4916 3114
4917 4160
4918 3114
4919 4675
4920 4364
4921 4675
4922 4675
4923 5199
4924 4262
4925 4620
4926 4620
4927 2549
4928 4620
4929 4620
4930 4620
4931 4620
4932 3763
4933 4620
4934 4620
4935 4620
4936 2558
4937 4620
4938 4620
4939 4620
4940 4620
4941 4620
4942 4620
4943 1770
4944 3177
4945 3282
4946 3282
4947 3282
4948 3282
4949 3282
4950 3282
4951 3177
4952 1772
4953 1770
4954 3282
4955 3282
4956 2083
4957 2083
4958 3282
4959 4185
4960 1763
4961 1763
4962 3282
4963 3282
4964 3282
4965 4248
4966 4248
4967 4248
4968 3282
4969 3282
4970 2083
4971 2046
4972 3177
4973 3282
4974 1770
4975 1770
4976 2094
4977 2046
4978 4169
4979 1764
4980 4186
4981 3282
4982 4168
4983 5023
4984 1774
4985 4248
4986 4248
4987 1770
4988 3177
4989 3282
4990 3282
4991 4169
4992 3282
4993 3282
4994 2083
4995 4248
4996 3282
4997 3282
4998 4185
4999 1771
5000 1770
5001 4248
5002 1774
5003 4177
5004 1770
5005 3282
5006 3282
5007 3282
5008 2083
5009 4248
5010 3282
5011 3282
5012 3282
5013 3282
5014 3282
5015 1771
5016 3282
5017 4625
5018 4346
5019 4097
5020 4355
5021 4352
5022 4355
5023 4355
5024 4098
5025 2412
5026 2412
5027 2888
5028 4624
5029 4624
5030 3487
5031 1801
5032 3132
5033 4220
5034 4220
5035 4220
5036 4220
5037 3132
5038 4220
5039 4220
5040 4220
5041 3453
5042 4627
5043 4627
5044 4874
5045 180
5046 4627
5047 4627
5048 4627
5049 4342
5050 159
5051 180
5052 4342
5053 2977
5054 3445
5055 1793
5056 2715
5057 3658
5058 2713
5059 492
5060 2715
5061 3953
5062 1023
5063 2712
5064 2713
5065 2715
5066 2715
5067 2715
5068 2715
5069 490
5070 490
5071 1137
5072 1024
5073 490
5074 490
5075 490
5076 1031
5077 1024
5078 1024
5079 1024
5080 490
5081 1019
5082 1029
5083 1032
5084 1293
5085 1296
5086 3658
5087 490
5088 2715
5089 2715
5090 2715
5091 2715
5092 2715
5093 1025
5094 1024
5095 490
5096 490
5097 490
5098 2712
5099 2712
5100 2715
5101 2715
5102 1024
5103 2713
5104 2713
5105 492
5106 3937
5107 3937
5108 3931
5109 3937
5110 3268
5111 3939
5112 3939
5113 3939
5114 3685
5115 3685
5116 3931
5117 3682
5118 3937
5119 3939
5120 3939
5121 1283
5122 3939
5123 3939
5124 3939
5125 3939
5126 2715
5127 4675
5128 4675
5129 4675
5130 1594
5131 4675
5132 4675
5133 4364
5134 1601
5135 4160
5136 4675
5137 4675
5138 4675
5139 4675
5140 1980
5141 492
5142 4248
5143 5023
5144 5023
5145 4185
5146 4185
5147 1772
5148 1770
5149 4187
5150 1770
5151 159
5152 4628
5153 159
5154 4342
5155 4342
5156 4342
5157 4342
5158 4342
5159 4342
5160 159
5161 4342
5162 4342
5163 159
5164 4342
5165 4342
5166 4342
5167 4342
5168 4342
5169 4628
5170 4342
5171 4342
5172 4342
5173 180
5174 4342
5175 4342
5176 4342
5177 4342
5178 4342
5179 180
5180 180
5181 4342
5182 180
5183 4342
5184 4628
5185 4342
5186 4342
5187 4342
5188 4342
5189 180
5190 180
5191 4342
5192 4186
5193 5023
5194 4185
5195 5023
5196 5023
5197 4187
5198 3462
