0 90
1 5
2 1146
3 1146
4 1735
5 1735
6 1146
7 1146
8 1146
9 1140
10 1562
11 3773
12 3625
13 3625
14 108
15 108
16 123
17 108
18 108
19 123
20 121
21 121
22 121
23 121
24 109
25 121
26 121
27 121
28 121
29 121
30 121
31 121
32 121
33 121
34 121
35 121
36 121
37 121
38 121
39 90
40 108
41 121
42 121
43 121
44 90
45 1146
46 1146
47 1146
48 1567
49 1562
50 1140
51 1146
52 1146
53 1146
54 1146
55 1146
56 121
57 123
58 108
59 121
60 121
61 121
62 121
63 121
64 121
65 121
66 121
67 121
68 121
69 121
70 90
71 90
72 90
73 108
74 108
75 121
76 5
77 5
78 123
79 121
80 123
81 1144
82 1735
83 1735
84 1146
85 1146
86 121
87 121
88 121
89 121
90 121
91 121
92 121
93 121
94 121
95 121
96 108
97 121
98 123
99 121
100 121
101 108
102 108
103 121
104 121
105 121
106 121
107 121
108 121
109 121
110 5
111 5
112 108
113 121
114 121
115 121
116 121
117 121
118 121
119 121
120 121
121 5
122 1146
123 1146
124 1146
125 1567
126 1567
127 3787
128 4875
129 4908
130 3637
131 3773
132 3786
133 947
134 3773
135 4875
136 4945
137 4945
138 3773
139 1580
140 121
141 121
142 121
143 108
144 90
145 5
146 1146
147 1146
148 1146
149 121
150 121
151 121
152 5
153 1146
154 5
155 121
156 121
157 121
158 121
159 121
160 121
161 121
162 121
163 121
164 121
165 121
166 121
167 121
168 121
169 121
170 121
171 121
172 121
173 5
174 5
175 1146
176 1146
177 1146
178 1146
179 121
180 121
181 121
182 121
183 1146
184 5
185 1146
186 1146
187 1561
188 1567
189 1567
190 1567
191 1567
192 4945
193 4945
194 4945
195 4945
196 3830
197 3830
198 4875
199 4875
200 947
201 949
202 1154
203 1154
204 949
205 947
206 947
207 3833
208 3773
209 4875
210 3619
211 1567
212 1561
213 3641
214 1146
215 1146
216 1567
217 3830
218 4875
219 4875
220 121
221 121
222 121
223 121
224 1146
225 121
226 1146
227 1146
228 1561
229 121
230 1146
231 1146
232 1567
233 1146
234 1146
235 121
236 123
237 121
238 121
239 1146
240 1146
241 5
242 121
243 121
244 121
245 121
246 1146
247 1146
248 1146
249 1140
250 1146
251 1562
252 1562
253 1140
254 121
255 90
256 1140
257 1567
258 1567
259 4875
260 4875
261 1561
262 1562
263 121
264 121
265 1140
266 1561
267 1146
268 121
269 1140
270 1105
271 90
272 108
273 90
274 1146
275 121
276 1562
277 121
278 121
279 123
280 1735
281 121
282 1146
283 121
284 90
285 121
286 1146
287 1146
288 1146
289 1146
290 1561
291 1567
292 5
293 1567
294 1567
295 3787
296 4875
297 121
298 121
299 121
300 121
301 121
302 108
303 1567
304 4945
305 1146
306 1146
307 1146
308 1146
309 1140
310 1146
311 121
312 121
313 1146
314 5
315 1580
316 4875
317 1561
318 121
319 121
320 121
321 121
322 123
323 121
324 123
325 121
326 121
327 121
328 123
329 108
330 123
331 90
332 1567
333 1146
334 1146
335 1567
336 4945
337 1140
338 1140
339 1140
340 4945
341 108
342 1146
343 1146
344 1146
345 1146
346 1146
347 1567
348 123
349 108
350 121
351 123
352 1146
353 1146
354 4945
355 3773
356 5
357 1146
358 4875
359 121
360 121
361 121
362 121
363 121
364 1147
365 1567
366 121
367 121
368 121
369 1146
370 1567
371 1146
372 1146
373 4875
374 121
375 121
376 4875
377 4875
378 3625
379 3833
380 1154
381 949
382 1154
383 3614
384 3614
385 3614
386 3618
387 3618
388 4894
389 5030
390 2926
391 2515
392 2515
393 246
394 1964
395 2146
396 2108
397 2026
398 2645
399 1901
400 2645
401 2645
402 2645
403 2212
404 2202
405 2222
406 2645
407 2645
408 121
409 1735
410 1735
411 1735
412 4908
413 121
414 3773
415 3787
416 4945
417 3619
418 3625
419 3641
420 3773
421 947
422 1154
423 1154
424 1154
425 4875
426 3625
427 1146
428 1146
429 1146
430 1146
431 1146
432 121
433 121
434 121
435 1146
436 4908
437 1146
438 4875
439 121
440 121
441 4908
442 121
443 108
444 1561
445 121
446 4909
447 121
448 1567
449 1562
450 3773
451 4875
452 3830
453 121
454 123
455 121
456 121
457 4875
458 4908
459 121
460 121
461 121
462 1140
463 121
464 121
465 121
466 121
467 121
468 4908
469 3641
470 3773
471 4919
472 3625
473 3833
474 1154
475 1154
476 947
477 1567
478 4875
479 1562
480 1562
481 1561
482 4875
483 3625
484 4875
485 4875
486 4875
487 3830
488 4875
489 4908
490 3787
491 1561
492 1567
493 4875
494 1567
495 1567
496 4875
497 4919
498 3625
499 3833
500 1154
501 3618
502 4894
503 4894
504 4894
505 4894
506 5031
507 4894
508 4894
509 2524
510 1631
511 1860
512 3965
513 3965
514 3965
515 2347
516 2351
517 2354
518 2825
519 1498
520 1436
521 1444
522 1444
523 1444
524 2620
525 3591
526 2594
527 3538
528 1405
529 3528
530 1415
531 3584
532 3591
533 3591
534 1397
535 2562
536 3224
537 3350
538 3773
539 3830
540 3619
541 1567
542 3787
543 4908
544 4875
545 4919
546 3641
547 3786
548 3830
549 4908
550 3625
551 3786
552 4908
553 3773
554 4875
555 3625
556 947
557 949
558 3773
559 1154
560 3773
561 3641
562 3625
563 4875
564 3833
565 3625
566 3625
567 3773
568 3785
569 3786
570 1154
571 3786
572 3773
573 3786
574 3641
575 947
576 3625
577 3787
578 3833
579 3786
580 3833
581 3641
582 3786
583 1154
584 1154
585 3624
586 3614
587 949
588 3629
589 4894
590 3625
591 392
592 392
593 374
594 392
595 374
596 374
597 366
598 366
599 392
600 392
601 366
602 366
603 319
604 258
605 306
606 306
607 343
608 343
609 266
610 266
611 266
612 266
613 266
614 266
615 2429
616 2429
617 2428
618 2387
619 2456
620 2459
621 2479
622 2396
623 2371
624 2397
625 2459
626 2466
627 2479
628 2451
629 2461
630 2459
631 392
632 392
633 374
634 374
635 392
636 374
637 374
638 374
639 374
640 392
641 374
642 374
643 374
644 374
645 374
646 374
647 374
648 392
649 374
650 3773
651 3786
652 392
653 366
654 392
655 319
656 476
657 444
658 343
659 343
660 343
661 343
662 266
663 366
664 366
665 320
666 476
667 343
668 343
669 266
670 2429
671 366
672 419
673 319
674 444
675 476
676 343
677 266
678 266
679 2430
680 2372
681 2409
682 3786
683 3787
684 947
685 1154
686 3618
687 3630
688 3630
689 3622
690 3787
691 392
692 366
693 366
694 947
695 392
696 374
697 374
698 3786
699 1154
700 392
701 3787
702 476
703 343
704 266
705 319
706 319
707 343
708 476
709 1154
710 3787
711 1154
712 3629
713 3618
714 374
715 374
716 374
717 374
718 374
719 374
720 374
721 374
722 366
723 392
724 392
725 366
726 444
727 444
728 3786
729 476
730 259
731 258
732 476
733 343
734 266
735 266
736 625
737 374
738 374
739 374
740 392
741 320
742 366
743 374
744 374
745 374
746 374
747 343
748 343
749 374
750 374
751 947
752 947
753 947
754 947
755 3833
756 947
757 947
758 1154
759 1154
760 947
761 3629
762 1154
763 3614
764 3618
765 4894
766 4894
767 4894
768 3833
769 1154
770 3833
771 949
772 3629
773 3614
774 3786
775 266
776 266
777 266
778 947
779 3630
780 3614
781 1154
782 392
783 259
784 1154
785 947
786 266
787 392
788 392
789 392
790 374
791 374
792 374
793 374
794 374
795 374
796 374
797 1154
798 3618
799 4894
800 947
801 374
802 266
803 266
804 266
805 949
806 1154
807 947
808 266
809 266
810 3833
811 374
812 392
813 374
814 3833
815 266
816 374
817 1154
818 1154
819 3618
820 374
821 374
822 259
823 366
824 258
825 1154
826 1154
827 374
828 343
829 266
830 2429
831 2428
832 2372
833 2430
834 521
835 1154
836 3622
837 3618
838 4894
839 1154
840 374
841 374
842 374
843 392
844 306
845 3614
846 949
847 1154
848 266
849 1154
850 947
851 392
852 374
853 392
854 947
855 1154
856 2429
857 2429
858 266
859 366
860 392
861 266
862 947
863 3629
864 3614
865 5029
866 3625
867 343
868 343
869 343
870 343
871 306
872 343
873 343
874 266
875 343
876 2429
877 366
878 1154
879 1154
880 625
881 266
882 2429
883 625
884 266
885 266
886 1154
887 4860
888 5031
889 1631
890 4907
891 4894
892 3618
893 3618
894 4893
895 5030
896 5030
897 3630
898 1154
899 3692
900 625
901 1154
902 3630
903 3618
904 3618
905 625
906 374
907 374
908 366
909 320
910 2430
911 625
912 521
913 2429
914 2429
915 1154
916 2429
917 2428
918 259
919 307
920 366
921 4894
922 4894
923 2428
924 1154
925 3622
926 3614
927 3614
928 3614
929 3618
930 3618
931 3614
932 3618
933 3618
934 4894
935 4894
936 947
937 2430
938 2372
939 2372
940 2428
941 4894
942 4894
943 3853
944 5006
945 5006
946 4986
947 5006
948 4986
949 3434
950 1595
951 1595
952 3430
953 3435
954 3435
955 3430
956 593
957 611
958 2056
959 2056
960 2056
961 1351
962 1472
963 392
964 392
965 2428
966 2372
967 2428
968 2429
969 2429
970 2429
971 2429
972 521
973 392
974 2454
975 2448
976 2473
977 2473
978 2470
979 2460
980 2459
981 2457
982 1877
983 1783
984 2428
985 1795
986 2462
987 2478
988 2453
989 2449
990 2478
991 2469
992 2462
993 1807
994 2469
995 1788
996 1809
997 1712
998 1720
999 3011
1000 2933
1001 2976
1002 2980
1003 2980
1004 2942
1005 2940
1006 2449
1007 2449
1008 2478
1009 2478
1010 2449
1011 2371
1012 2397
1013 2396
1014 2456
1015 2459
1016 2456
1017 2371
1018 2478
1019 2449
1020 2474
1021 2465
1022 2449
1023 2449
1024 1807
1025 2479
1026 1877
1027 2479
1028 1894
1029 2456
1030 2396
1031 2458
1032 2358
1033 2459
1034 2460
1035 1770
1036 1770
1037 2449
1038 2465
1039 2409
1040 3630
1041 2462
1042 2478
1043 2474
1044 2478
1045 2479
1046 1895
1047 1706
1048 2430
1049 2428
1050 1154
1051 4894
1052 1154
1053 2449
1054 2469
1055 2462
1056 1807
1057 2547
1058 2535
1059 2511
1060 2469
1061 1810
1062 2547
1063 1754
1064 1749
1065 1747
1066 1747
1067 1747
1068 1720
1069 1747
1070 1747
1071 3011
1072 3005
1073 3005
1074 1747
1075 3011
1076 899
1077 904
1078 904
1079 2461
1080 1783
1081 2429
1082 2429
1083 1154
1084 1154
1085 3618
1086 2462
1087 2509
1088 2509
1089 2509
1090 2532
1091 2509
1092 1712
1093 2509
1094 2462
1095 3614
1096 4894
1097 2469
1098 266
1099 266
1100 266
1101 2461
1102 2466
1103 1895
1104 2479
1105 2429
1106 306
1107 306
1108 307
1109 343
1110 306
1111 258
1112 366
1113 392
1114 392
1115 366
1116 366
1117 1154
1118 3614
1119 2535
1120 2547
1121 3630
1122 3618
1123 3630
1124 5006
1125 2372
1126 2409
1127 2397
1128 1802
1129 1795
1130 1795
1131 3629
1132 266
1133 266
1134 2469
1135 2547
1136 2463
1137 2430
1138 2461
1139 2466
1140 3630
1141 3630
1142 3630
1143 2473
1144 2449
1145 2449
1146 2449
1147 2474
1148 2459
1149 2396
1150 1806
1151 2456
1152 2410
1153 2372
1154 2428
1155 2428
1156 2430
1157 1806
1158 2461
1159 1154
1160 2397
1161 3618
1162 2396
1163 2454
1164 2395
1165 2429
1166 307
1167 319
1168 343
1169 266
1170 266
1171 2429
1172 2460
1173 2547
1174 1720
1175 1807
1176 2461
1177 2453
1178 343
1179 1789
1180 1720
1181 2535
1182 1720
1183 1747
1184 2478
1185 2469
1186 1810
1187 3629
1188 2388
1189 2429
1190 2463
1191 2462
1192 2933
1193 3005
1194 2933
1195 3005
1196 2971
1197 2971
1198 2971
1199 2971
1200 2933
1201 2971
1202 2976
1203 2975
1204 2976
1205 2975
1206 2942
1207 2980
1208 3236
1209 3255
1210 3337
1211 3443
1212 3443
1213 3447
1214 3445
1215 3438
1216 3336
1217 3255
1218 3255
1219 3236
1220 2991
1221 3005
1222 2933
1223 2933
1224 2971
1225 2457
1226 1811
1227 1802
1228 3618
1229 2461
1230 1783
1231 2535
1232 2971
1233 2429
1234 266
1235 266
1236 2933
1237 3005
1238 2933
1239 2971
1240 2971
1241 3005
1242 266
1243 2398
1244 2430
1245 2429
1246 2429
1247 1789
1248 1810
1249 1811
1250 3630
1251 2397
1252 2457
1253 2458
1254 2466
1255 2458
1256 2360
1257 2360
1258 1749
1259 1720
1260 2532
1261 2933
1262 2933
1263 3005
1264 1789
1265 2971
1266 3298
1267 1403
1268 2933
1269 3005
1270 1810
1271 2397
1272 2450
1273 2458
1274 1809
1275 2479
1276 1713
1277 1720
1278 1712
1279 3618
1280 3618
1281 1749
1282 2998
1283 2620
1284 1445
1285 1404
1286 3236
1287 3209
1288 2998
1289 2971
1290 3073
1291 2971
1292 3005
1293 2933
1294 2998
1295 2998
1296 2993
1297 3602
1298 1749
1299 2466
1300 2933
1301 1811
1302 2459
1303 2430
1304 2993
1305 3011
1306 1174
1307 2479
1308 2464
1309 625
1310 2428
1311 2428
1312 2428
1313 2430
1314 1712
1315 1712
1316 2387
1317 2428
1318 2428
1319 2372
1320 1747
1321 3602
1322 2463
1323 1725
1324 1747
1325 3255
1326 2430
1327 2453
1328 2397
1329 4894
1330 2396
1331 3005
1332 2933
1333 1747
1334 904
1335 2429
1336 2534
1337 2971
1338 3630
1339 3287
1340 2429
1341 521
1342 2428
1343 1720
1344 2372
1345 994
1346 2466
1347 521
1348 3287
1349 2998
1350 3618
1351 1713
1352 2509
1353 4894
1354 4893
1355 2460
1356 1748
1357 1747
1358 1712
1359 3265
1360 4894
1361 4894
1362 1860
1363 1869
1364 3965
1365 2529
1366 2202
1367 2002
1368 2645
1369 2645
1370 2638
1371 2638
1372 2638
1373 2638
1374 1505
1375 1505
1376 1505
1377 1297
1378 1297
1379 1297
1380 1297
1381 1297
1382 2428
1383 2428
1384 1445
1385 2430
1386 2388
1387 1749
1388 2971
1389 2430
1390 2429
1391 3005
1392 3005
1393 3005
1394 2933
1395 2511
1396 2462
1397 2462
1398 2476
1399 2468
1400 3287
1401 2454
1402 2933
1403 3614
1404 4894
1405 4894
1406 4894
1407 4894
1408 3618
1409 4894
1410 3618
1411 1631
1412 1859
1413 5006
1414 5031
1415 2466
1416 2460
1417 2430
1418 2998
1419 2465
1420 2971
1421 4894
1422 5031
1423 4893
1424 1854
1425 1631
1426 2524
1427 2524
1428 2453
1429 2998
1430 3275
1431 3273
1432 2980
1433 2976
1434 3209
1435 1404
1436 3005
1437 3005
1438 1725
1439 1713
1440 2429
1441 2998
1442 2971
1443 3005
1444 2933
1445 2974
1446 3255
1447 4894
1448 1405
1449 3209
1450 2366
1451 1720
1452 1713
1453 2933
1454 2460
1455 2430
1456 2429
1457 2429
1458 1747
1459 1747
1460 1713
1461 2534
1462 2534
1463 2532
1464 3045
1465 2469
1466 1405
1467 1404
1468 1404
1469 3209
1470 3209
1471 2991
1472 2582
1473 1403
1474 2388
1475 1747
1476 521
1477 625
1478 625
1479 521
1480 625
1481 2429
1482 2429
1483 2366
1484 2428
1485 2387
1486 2366
1487 2430
1488 2398
1489 2372
1490 2479
1491 2461
1492 2429
1493 1404
1494 2524
1495 5031
1496 2965
1497 1851
1498 1631
1499 5031
1500 1685
1501 2524
1502 1631
1503 1859
1504 1869
1505 3965
1506 3965
1507 2347
1508 2344
1509 2791
1510 2792
1511 1631
1512 2429
1513 4894
1514 5031
1515 2454
1516 2360
1517 2397
1518 2453
1519 1713
1520 2387
1521 1868
1522 1631
1523 5031
1524 4882
1525 1851
1526 1864
1527 1869
1528 3965
1529 1869
1530 1860
1531 4906
1532 5006
1533 5004
1534 1631
1535 1851
1536 1869
1537 3965
1538 2350
1539 2344
1540 2795
1541 1412
1542 3591
1543 2620
1544 2429
1545 2429
1546 2461
1547 2971
1548 2457
1549 3628
1550 2524
1551 1631
1552 1859
1553 1859
1554 1869
1555 2347
1556 1860
1557 1869
1558 1859
1559 1868
1560 2429
1561 2429
1562 521
1563 521
1564 521
1565 2524
1566 4860
1567 1851
1568 4894
1569 2366
1570 2459
1571 1806
1572 2469
1573 1403
1574 1445
1575 3265
1576 1851
1577 1860
1578 1869
1579 3965
1580 2342
1581 2791
1582 1422
1583 3204
1584 2396
1585 3011
1586 2458
1587 2451
1588 2466
1589 2479
1590 1851
1591 1860
1592 1809
1593 1788
1594 2524
1595 1851
1596 1631
1597 2449
1598 2449
1599 1749
1600 2534
1601 2535
1602 1720
1603 1720
1604 2534
1605 2473
1606 2474
1607 2434
1608 5031
1609 5031
1610 2524
1611 5031
1612 2524
1613 1789
1614 2971
1615 1869
1616 3965
1617 3965
1618 3965
1619 5031
1620 2474
1621 2533
1622 2450
1623 2462
1624 1712
1625 4893
1626 4906
1627 5031
1628 4893
1629 4893
1630 4893
1631 2462
1632 2524
1633 2524
1634 1860
1635 2453
1636 2998
1637 2478
1638 2535
1639 5030
1640 2404
1641 1631
1642 1860
1643 2457
1644 2460
1645 2449
1646 2448
1647 2941
1648 3602
1649 3209
1650 2620
1651 5030
1652 2524
1653 1851
1654 2524
1655 1631
1656 1405
1657 2582
1658 1405
1659 2573
1660 1413
1661 2449
1662 1860
1663 3839
1664 5029
1665 3618
1666 1404
1667 2450
1668 2933
1669 3209
1670 1860
1671 4893
1672 1404
1673 2449
1674 2448
1675 1685
1676 1685
1677 1856
1678 2524
1679 2582
1680 3529
1681 1864
1682 2456
1683 2534
1684 2509
1685 2469
1686 2476
1687 2449
1688 3618
1689 1415
1690 1631
1691 2524
1692 1415
1693 3538
1694 2665
1695 2795
1696 2338
1697 2342
1698 2338
1699 2346
1700 2346
1701 2342
1702 2347
1703 2346
1704 2791
1705 3965
1706 3965
1707 3965
1708 3965
1709 1808
1710 2469
1711 2509
1712 2535
1713 1712
1714 2942
1715 2466
1716 2403
1717 1415
1718 2509
1719 2971
1720 3265
1721 2971
1722 2404
1723 1869
1724 3632
1725 2594
1726 1415
1727 2465
1728 1859
1729 1836
1730 3965
1731 3965
1732 3965
1733 2347
1734 2347
1735 2347
1736 2140
1737 2310
1738 2325
1739 2811
1740 2795
1741 2807
1742 1498
1743 1415
1744 3965
1745 2464
1746 2933
1747 1631
1748 2524
1749 3853
1750 5006
1751 5006
1752 4986
1753 4986
1754 3432
1755 3537
1756 2466
1757 2346
1758 2795
1759 2817
1760 2823
1761 1720
1762 1860
1763 4894
1764 5006
1765 2478
1766 3839
1767 4985
1768 1412
1769 2791
1770 2592
1771 2340
1772 2344
1773 1415
1774 2573
1775 2347
1776 2342
1777 2346
1778 2816
1779 2347
1780 2795
1781 5006
1782 5006
1783 2801
1784 2464
1785 1404
1786 3528
1787 2448
1788 2474
1789 2791
1790 2474
1791 2346
1792 2573
1793 2346
1794 3553
1795 2448
1796 1404
1797 3209
1798 2511
1799 2750
1800 2698
1801 2594
1802 2573
1803 2933
1804 3601
1805 2346
1806 2817
1807 2698
1808 3553
1809 3965
1810 3965
1811 3965
1812 2338
1813 2338
1814 3965
1815 1747
1816 3965
1817 3265
1818 2926
1819 3011
1820 2532
1821 2347
1822 2338
1823 2347
1824 1712
1825 2594
1826 2462
1827 2941
1828 2977
1829 2933
1830 2933
1831 2933
1832 1631
1833 3618
1834 3795
1835 2338
1836 2322
1837 2792
1838 2449
1839 2478
1840 2478
1841 3528
1842 1860
1843 2582
1844 2449
1845 2347
1846 2347
1847 2346
1848 2801
1849 3965
1850 3538
1851 1404
1852 3209
1853 2933
1854 2933
1855 3011
1856 1713
1857 1631
1858 1856
1859 1859
1860 1859
1861 4894
1862 3965
1863 2474
1864 3965
1865 2933
1866 1404
1867 3527
1868 1413
1869 2462
1870 3965
1871 2434
1872 2474
1873 2933
1874 5006
1875 5006
1876 4986
1877 4986
1878 3965
1879 5006
1880 3602
1881 1713
1882 1405
1883 2532
1884 1711
1885 2476
1886 2404
1887 3267
1888 1404
1889 1860
1890 2511
1891 2448
1892 2933
1893 3965
1894 3965
1895 2350
1896 3965
1897 2469
1898 3965
1899 3965
1900 1859
1901 2515
1902 1851
1903 1851
1904 1404
1905 3287
1906 2901
1907 1869
1908 2476
1909 2532
1910 1404
1911 2977
1912 3255
1913 3204
1914 2449
1915 2511
1916 2509
1917 2511
1918 2535
1919 3005
1920 5006
1921 1860
1922 3528
1923 1403
1924 2449
1925 2791
1926 1860
1927 3011
1928 3011
1929 3538
1930 2462
1931 2346
1932 2933
1933 3011
1934 5006
1935 2534
1936 1720
1937 2449
1938 1720
1939 1720
1940 1713
1941 2476
1942 5004
1943 3434
1944 1595
1945 608
1946 616
1947 5006
1948 2515
1949 2515
1950 2620
1951 3298
1952 3591
1953 2340
1954 2338
1955 1712
1956 2975
1957 2977
1958 2980
1959 2975
1960 2994
1961 2933
1962 2933
1963 2933
1964 1404
1965 3277
1966 2941
1967 3011
1968 2340
1969 2816
1970 2342
1971 2469
1972 3011
1973 3011
1974 1422
1975 3528
1976 3005
1977 2811
1978 2971
1979 2994
1980 2933
1981 2981
1982 2322
1983 3255
1984 3236
1985 3134
1986 2617
1987 3538
1988 3011
1989 3005
1990 3209
1991 3255
1992 3255
1993 3267
1994 1404
1995 3965
1996 2338
1997 3965
1998 2342
1999 2823
2000 1422
2001 3201
2002 3287
2003 3287
2004 3584
2005 3965
2006 2795
2007 5031
2008 3591
2009 3045
2010 2990
2011 2322
2012 2346
2013 5006
2014 4986
2015 4986
2016 2620
2017 3187
2018 1869
2019 1859
2020 3965
2021 3527
2022 3591
2023 3528
2024 1413
2025 2523
2026 5029
2027 5006
2028 2994
2029 2933
2030 2933
2031 2933
2032 2347
2033 2342
2034 3005
2035 1404
2036 1747
2037 2534
2038 2347
2039 2564
2040 1422
2041 3255
2042 2347
2043 5006
2044 1720
2045 1747
2046 1720
2047 3965
2048 1860
2049 1856
2050 1860
2051 1864
2052 3965
2053 2338
2054 3011
2055 2809
2056 2346
2057 1712
2058 1860
2059 3131
2060 5006
2061 2933
2062 2933
2063 2992
2064 3584
2065 2933
2066 2795
2067 1860
2068 1851
2069 1851
2070 5036
2071 3531
2072 3965
2073 3965
2074 2342
2075 2620
2076 3277
2077 3248
2078 3528
2079 2620
2080 3538
2081 5006
2082 3591
2083 5004
2084 1713
2085 1851
2086 3287
2087 3348
2088 3537
2089 2608
2090 3965
2091 2579
2092 3131
2093 2344
2094 2347
2095 3965
2096 1860
2097 2338
2098 3255
2099 2579
2100 3584
2101 3591
2102 5031
2103 4906
2104 3011
2105 2992
2106 2347
2107 2342
2108 2994
2109 2972
2110 2933
2111 3011
2112 3005
2113 5006
2114 3591
2115 2342
2116 3011
2117 513
2118 513
2119 622
2120 599
2121 553
2122 1351
2123 1351
2124 2056
2125 2056
2126 2056
2127 2056
2128 513
2129 622
2130 596
2131 599
2132 596
2133 2056
2134 2056
2135 1351
2136 2991
2137 2529
2138 2529
2139 1851
2140 1859
2141 5030
2142 2801
2143 3134
2144 3538
2145 2056
2146 1747
2147 2981
2148 1869
2149 2977
2150 2933
2151 2056
2152 595
2153 598
2154 622
2155 3005
2156 2347
2157 1404
2158 3965
2159 1869
2160 246
2161 553
2162 2515
2163 2515
2164 2515
2165 4998
2166 5006
2167 5004
2168 3005
2169 599
2170 513
2171 513
2172 599
2173 4986
2174 3011
2175 5006
2176 4986
2177 1860
2178 2811
2179 3005
2180 5006
2181 622
2182 513
2183 513
2184 2056
2185 513
2186 5031
2187 2166
2188 3965
2189 2594
2190 1404
2191 4986
2192 4986
2193 3235
2194 3235
2195 4986
2196 1351
2197 513
2198 2056
2199 4986
2200 3235
2201 3430
2202 4986
2203 2347
2204 2338
2205 2338
2206 3309
2207 2991
2208 2991
2209 598
2210 531
2211 1915
2212 1915
2213 1344
2214 1344
2215 1344
2216 1344
2217 1472
2218 596
2219 513
2220 513
2221 513
2222 622
2223 598
2224 2056
2225 622
2226 1915
2227 1351
2228 1472
2229 2056
2230 2056
2231 2056
2232 1915
2233 1344
2234 1344
2235 1379
2236 1316
2237 1956
2238 1316
2239 1316
2240 1344
2241 1316
2242 1472
2243 1472
2244 1472
2245 1472
2246 1344
2247 1472
2248 1472
2249 4986
2250 4986
2251 1351
2252 4986
2253 3434
2254 553
2255 610
2256 2127
2257 1950
2258 2101
2259 1472
2260 1472
2261 1956
2262 2101
2263 1950
2264 2101
2265 2619
2266 2795
2267 599
2268 599
2269 599
2270 599
2271 2061
2272 2059
2273 1993
2274 2115
2275 1986
2276 1379
2277 2056
2278 2056
2279 1915
2280 1344
2281 1344
2282 1344
2283 1344
2284 1379
2285 1316
2286 1316
2287 1316
2288 1316
2289 1316
2290 2056
2291 2994
2292 2994
2293 2975
2294 2975
2295 2975
2296 2975
2297 2938
2298 2938
2299 2938
2300 2938
2301 2976
2302 2976
2303 2976
2304 2056
2305 4986
2306 4986
2307 2056
2308 598
2309 598
2310 622
2311 595
2312 595
2313 5006
2314 3431
2315 2933
2316 2933
2317 1498
2318 1404
2319 3965
2320 1344
2321 1445
2322 2994
2323 1472
2324 4986
2325 513
2326 2056
2327 5031
2328 3591
2329 599
2330 2620
2331 596
2332 3435
2333 3435
2334 553
2335 3434
2336 2933
2337 599
2338 3433
2339 3430
2340 3435
2341 3431
2342 3431
2343 595
2344 622
2345 2056
2346 513
2347 2994
2348 2976
2349 2980
2350 2975
2351 2976
2352 2942
2353 2529
2354 2515
2355 1976
2356 2809
2357 2056
2358 2972
2359 3235
2360 3435
2361 3235
2362 3235
2363 3431
2364 553
2365 2941
2366 2342
2367 2823
2368 599
2369 2980
2370 3431
2371 596
2372 3435
2373 3005
2374 2980
2375 2529
2376 3341
2377 2339
2378 2056
2379 1915
2380 1915
2381 2056
2382 2056
2383 2069
2384 569
2385 2056
2386 1915
2387 2115
2388 2115
2389 2115
2390 2115
2391 1909
2392 1910
2393 1915
2394 2130
2395 2130
2396 545
2397 532
2398 598
2399 598
2400 1344
2401 2056
2402 3430
2403 3235
2404 3430
2405 599
2406 2933
2407 2975
2408 3236
2409 2620
2410 2801
2411 2942
2412 2975
2413 2975
2414 2975
2415 2975
2416 2975
2417 3435
2418 623
2419 622
2420 512
2421 2823
2422 2816
2423 596
2424 1404
2425 3348
2426 2975
2427 3235
2428 2933
2429 2056
2430 2933
2431 4986
2432 3215
2433 3336
2434 2347
2435 2347
2436 1915
2437 1915
2438 1915
2439 1909
2440 2056
2441 2056
2442 3591
2443 3430
2444 1868
2445 2056
2446 1344
2447 596
2448 593
2449 593
2450 608
2451 610
2452 1964
2453 2134
2454 2134
2455 1903
2456 3431
2457 1595
2458 599
2459 3434
2460 596
2461 553
2462 553
2463 553
2464 593
2465 609
2466 606
2467 609
2468 2980
2469 3434
2470 2994
2471 3187
2472 3528
2473 4906
2474 2980
2475 3434
2476 2056
2477 2975
2478 3965
2479 596
2480 553
2481 553
2482 608
2483 1404
2484 1472
2485 2933
2486 3434
2487 513
2488 3965
2489 2515
2490 1869
2491 1344
2492 553
2493 2056
2494 3201
2495 598
2496 3434
2497 596
2498 1404
2499 2515
2500 2515
2501 2620
2502 2620
2503 3348
2504 3337
2505 2994
2506 3247
2507 2558
2508 553
2509 2515
2510 1859
2511 3287
2512 3287
2513 2056
2514 1986
2515 1981
2516 1472
2517 1477
2518 1344
2519 598
2520 544
2521 2071
2522 3431
2523 2994
2524 2994
2525 2994
2526 3431
2527 593
2528 2056
2529 2619
2530 2617
2531 2056
2532 1915
2533 1864
2534 2809
2535 2994
2536 2994
2537 2975
2538 2975
2539 2975
2540 553
2541 3187
2542 2816
2543 2811
2544 3204
2545 2816
2546 2976
2547 2994
2548 2056
2549 1344
2550 1379
2551 1472
2552 1472
2553 1472
2554 598
2555 2056
2556 2823
2557 2823
2558 2640
2559 2515
2560 2986
2561 2515
2562 553
2563 1964
2564 1964
2565 2146
2566 1964
2567 2340
2568 3965
2569 1344
2570 1344
2571 1344
2572 2515
2573 2515
2574 2515
2575 2515
2576 246
2577 2975
2578 553
2579 2351
2580 2350
2581 623
2582 512
2583 1915
2584 1910
2585 1595
2586 1344
2587 2924
2588 2795
2589 3337
2590 3336
2591 3349
2592 2980
2593 2942
2594 1472
2595 1472
2596 1344
2597 1344
2598 2515
2599 1445
2600 1595
2601 1595
2602 553
2603 553
2604 553
2605 553
2606 553
2607 2976
2608 2975
2609 2975
2610 2938
2611 2056
2612 1344
2613 1344
2614 598
2615 599
2616 598
2617 596
2618 593
2619 3204
2620 2515
2621 1344
2622 2980
2623 1472
2624 2056
2625 2529
2626 592
2627 596
2628 609
2629 1964
2630 2127
2631 1986
2632 1989
2633 1909
2634 1422
2635 553
2636 1595
2637 2976
2638 2940
2639 2975
2640 2940
2641 3591
2642 1434
2643 1915
2644 2057
2645 2115
2646 1344
2647 2115
2648 3591
2649 1595
2650 2991
2651 553
2652 2056
2653 2056
2654 2347
2655 512
2656 1344
2657 1344
2658 1379
2659 3273
2660 3260
2661 3464
2662 2980
2663 2980
2664 2947
2665 3368
2666 3249
2667 2960
2668 2947
2669 553
2670 555
2671 1991
2672 2146
2673 3340
2674 2562
2675 3335
2676 3334
2677 545
2678 3591
2679 220
2680 2056
2681 2801
2682 2529
2683 2306
2684 2529
2685 2529
2686 2306
2687 2308
2688 1926
2689 2650
2690 2529
2691 2337
2692 2347
2693 4023
2694 3591
2695 2529
2696 1915
2697 2071
2698 596
2699 1915
2700 589
2701 1964
2702 553
2703 2056
2704 2794
2705 2723
2706 1344
2707 3965
2708 2529
2709 2529
2710 3292
2711 3336
2712 3338
2713 3350
2714 3368
2715 3375
2716 3373
2717 3439
2718 3421
2719 3457
2720 3431
2721 1619
2722 2926
2723 2495
2724 2909
2725 3372
2726 2938
2727 2938
2728 608
2729 616
2730 2146
2731 2056
2732 2815
2733 1915
2734 2529
2735 553
2736 593
2737 603
2738 1964
2739 2003
2740 553
2741 556
2742 2056
2743 2515
2744 2339
2745 1477
2746 3201
2747 553
2748 553
2749 553
2750 614
2751 1990
2752 616
2753 610
2754 2529
2755 3965
2756 2345
2757 3224
2758 1915
2759 2620
2760 2558
2761 3335
2762 1447
2763 2515
2764 2529
2765 2071
2766 1992
2767 2331
2768 2343
2769 3335
2770 1391
2771 1397
2772 2558
2773 608
2774 553
2775 553
2776 553
2777 1344
2778 2115
2779 570
2780 1404
2781 2529
2782 2306
2783 2023
2784 2729
2785 2275
2786 2155
2787 1996
2788 2296
2789 2056
2790 1915
2791 1344
2792 2306
2793 2254
2794 2257
2795 2306
2796 3351
2797 3352
2798 3351
2799 3437
2800 3459
2801 3427
2802 3427
2803 3461
2804 3003
2805 2917
2806 3009
2807 2909
2808 2926
2809 2495
2810 3461
2811 3438
2812 2256
2813 2309
2814 2326
2815 2149
2816 2275
2817 2345
2818 2529
2819 2529
2820 2203
2821 2115
2822 1909
2823 2115
2824 1921
2825 2115
2826 1344
2827 3584
2828 610
2829 2794
2830 1414
2831 3591
2832 1442
2833 1391
2834 1391
2835 3443
2836 2558
2837 3584
2838 2115
2839 2115
2840 2529
2841 2529
2842 593
2843 3483
2844 3375
2845 3401
2846 3016
2847 3027
2848 3022
2849 3019
2850 2917
2851 2917
2852 2909
2853 3040
2854 3424
2855 3422
2856 3483
2857 3383
2858 3016
2859 3386
2860 3422
2861 3421
2862 3460
2863 3022
2864 3027
2865 3042
2866 3023
2867 3023
2868 3022
2869 3022
2870 3494
2871 3422
2872 3422
2873 3027
2874 3021
2875 3027
2876 2985
2877 2495
2878 4969
2879 2494
2880 2503
2881 3033
2882 2494
2883 4973
2884 5046
2885 5016
2886 5046
2887 4958
2888 246
2889 1498
2890 1478
2891 1477
2892 1498
2893 1412
2894 2115
2895 610
2896 2166
2897 3337
2898 608
2899 3383
2900 3313
2901 3372
2902 3313
2903 3420
2904 3421
2905 3424
2906 2056
2907 3330
2908 1397
2909 1403
2910 2801
2911 1478
2912 2792
2913 3451
2914 3422
2915 3027
2916 3024
2917 3041
2918 3035
2919 3028
2920 2917
2921 2921
2922 2917
2923 2926
2924 2503
2925 4969
2926 4957
2927 4969
2928 4969
2929 2503
2930 4969
2931 2495
2932 2503
2933 2503
2934 3033
2935 3422
2936 1472
2937 2127
2938 3006
2939 1915
2940 2795
2941 2791
2942 2345
2943 1379
2944 2069
2945 1379
2946 3330
2947 3024
2948 3024
2949 3019
2950 3024
2951 3024
2952 3424
2953 3425
2954 3350
2955 1478
2956 1478
2957 1422
2958 610
2959 3204
2960 608
2961 553
2962 589
2963 3484
2964 3421
2965 3421
2966 570
2967 603
2968 2345
2969 2334
2970 2724
2971 3330
2972 3351
2973 3034
2974 1472
2975 2060
2976 3439
2977 2529
2978 2216
2979 2331
2980 1404
2981 2816
2982 2817
2983 3336
2984 562
2985 3041
2986 1344
2987 3445
2988 623
2989 1980
2990 2791
2991 3034
2992 3041
2993 610
2994 2352
2995 2337
2996 2817
2997 3423
2998 3440
2999 3460
3000 3460
3001 3461
3002 3443
3003 3427
3004 3427
3005 2918
3006 2917
3007 2503
3008 4969
3009 4973
3010 2503
3011 3446
3012 1397
3013 2003
3014 3423
3015 2909
3016 1619
3017 2926
3018 2909
3019 2335
3020 3591
3021 2529
3022 2202
3023 2202
3024 2195
3025 1960
3026 2032
3027 1964
3028 2202
3029 2529
3030 1344
3031 3464
3032 1344
3033 1344
3034 556
3035 2059
3036 2059
3037 570
3038 1986
3039 2341
3040 1404
3041 609
3042 609
3043 1964
3044 3427
3045 2917
3046 2909
3047 2917
3048 1619
3049 3440
3050 2791
3051 2306
3052 2529
3053 3336
3054 1344
3055 1981
3056 1379
3057 1986
3058 1986
3059 534
3060 3591
3061 1991
3062 2134
3063 1991
3064 3353
3065 3439
3066 3447
3067 1964
3068 2529
3069 3591
3070 2134
3071 555
3072 1991
3073 2926
3074 2917
3075 2917
3076 2918
3077 2929
3078 3454
3079 2254
3080 2159
3081 1403
3082 3335
3083 1477
3084 1498
3085 2716
3086 2134
3087 2127
3088 2503
3089 4969
3090 5046
3091 1913
3092 3447
3093 1956
3094 1956
3095 623
3096 1344
3097 609
3098 1919
3099 1904
3100 2909
3101 1619
3102 1619
3103 2926
3104 2495
3105 2515
3106 2529
3107 2529
3108 1986
3109 1907
3110 555
3111 1964
3112 2494
3113 2495
3114 1986
3115 246
3116 1964
3117 2515
3118 1976
3119 3591
3120 1403
3121 1403
3122 1443
3123 2620
3124 1379
3125 2794
3126 1964
3127 555
3128 1919
3129 2168
3130 2495
3131 2341
3132 3462
3133 3461
3134 2135
3135 2134
3136 1445
3137 1344
3138 1444
3139 1436
3140 1447
3141 2558
3142 2562
3143 2134
3144 804
3145 4957
3146 4957
3147 2494
3148 2146
3149 2494
3150 2101
3151 1344
3152 1956
3153 1316
3154 1316
3155 1316
3156 1316
3157 2716
3158 1379
3159 3440
3160 3460
3161 3461
3162 2562
3163 3443
3164 3461
3165 2926
3166 1964
3167 2136
3168 2529
3169 2202
3170 2341
3171 2166
3172 2503
3173 4969
3174 555
3175 1619
3176 4969
3177 4957
3178 4958
3179 4969
3180 2495
3181 3440
3182 3440
3183 3446
3184 2529
3185 2821
3186 2792
3187 1477
3188 2915
3189 2926
3190 4957
3191 2127
3192 2101
3193 1472
3194 1344
3195 1986
3196 1986
3197 2529
3198 2529
3199 2203
3200 1941
3201 1941
3202 2002
3203 1964
3204 3591
3205 1344
3206 1344
3207 2515
3208 1960
3209 2146
3210 4969
3211 4950
3212 4973
3213 4958
3214 5016
3215 1964
3216 1472
3217 5063
3218 4958
3219 4974
3220 4815
3221 1848
3222 1862
3223 1830
3224 3997
3225 4004
3226 3997
3227 4058
3228 3957
3229 4058
3230 4004
3231 674
3232 1849
3233 1847
3234 2494
3235 2341
3236 1391
3237 1903
3238 1950
3239 1950
3240 1950
3241 1950
3242 1472
3243 5046
3244 1991
3245 2003
3246 1986
3247 1986
3248 4973
3249 4815
3250 4852
3251 1847
3252 3998
3253 676
3254 3997
3255 3949
3256 3949
3257 3981
3258 3949
3259 3997
3260 4059
3261 2793
3262 1443
3263 2343
3264 1391
3265 1391
3266 1391
3267 2918
3268 2918
3269 1950
3270 2146
3271 2148
3272 1344
3273 5063
3274 1436
3275 2792
3276 1498
3277 1964
3278 1950
3279 1903
3280 4958
3281 2529
3282 1986
3283 2136
3284 1950
3285 1472
3286 1344
3287 1472
3288 4958
3289 553
3290 1964
3291 1964
3292 1976
3293 2645
3294 1619
3295 2494
3296 4957
3297 5046
3298 4958
3299 5016
3300 4797
3301 4852
3302 4815
3303 4815
3304 4846
3305 4958
3306 4969
3307 1964
3308 1950
3309 1406
3310 2326
3311 3460
3312 2101
3313 2101
3314 4973
3315 1950
3316 1950
3317 1344
3318 1344
3319 1344
3320 1344
3321 1344
3322 4958
3323 2146
3324 608
3325 3427
3326 2918
3327 2202
3328 2101
3329 2101
3330 1472
3331 1472
3332 1919
3333 1919
3334 2495
3335 2791
3336 3591
3337 1442
3338 1445
3339 1986
3340 1477
3341 4895
3342 1344
3343 3446
3344 1478
3345 2101
3346 1956
3347 4969
3348 1344
3349 1344
3350 1472
3351 1316
3352 1316
3353 4974
3354 5034
3355 5016
3356 4958
3357 5008
3358 4815
3359 1848
3360 1849
3361 1847
3362 679
3363 4058
3364 3997
3365 3997
3366 3981
3367 5016
3368 5016
3369 4846
3370 4853
3371 3591
3372 1436
3373 2562
3374 2337
3375 3461
3376 3446
3377 2515
3378 1956
3379 1472
3380 1316
3381 5016
3382 2494
3383 2306
3384 1397
3385 2562
3386 1316
3387 2101
3388 1316
3389 1316
3390 1316
3391 1344
3392 1344
3393 1344
3394 5016
3395 1904
3396 2495
3397 2323
3398 3459
3399 1436
3400 2101
3401 1316
3402 1316
3403 1316
3404 1316
3405 2139
3406 4815
3407 4815
3408 4853
3409 5034
3410 608
3411 1901
3412 2793
3413 3460
3414 3438
3415 2306
3416 2494
3417 4969
3418 1316
3419 1316
3420 1316
3421 1316
3422 4974
3423 5046
3424 4895
3425 2811
3426 4815
3427 4852
3428 1848
3429 2723
3430 2308
3431 2529
3432 1444
3433 2503
3434 1446
3435 2159
3436 1478
3437 4808
3438 2917
3439 3442
3440 2529
3441 2202
3442 2096
3443 1976
3444 2212
3445 4808
3446 1862
3447 2503
3448 2168
3449 2139
3450 2103
3451 5034
3452 4815
3453 1847
3454 1849
3455 675
3456 4058
3457 3997
3458 3949
3459 4051
3460 4486
3461 4486
3462 4051
3463 3996
3464 4815
3465 4815
3466 4852
3467 4852
3468 4852
3469 1899
3470 1830
3471 4058
3472 4058
3473 1847
3474 1849
3475 1830
3476 674
3477 1862
3478 3427
3479 2918
3480 1442
3481 3426
3482 1442
3483 1437
3484 1446
3485 5046
3486 4957
3487 5046
3488 4969
3489 4958
3490 1847
3491 1862
3492 4059
3493 4059
3494 4059
3495 4058
3496 4852
3497 5016
3498 1848
3499 1847
3500 2926
3501 2562
3502 1436
3503 1904
3504 1904
3505 1848
3506 2032
3507 4958
3508 2306
3509 2751
3510 2147
3511 5046
3512 5034
3513 4058
3514 3996
3515 4058
3516 3997
3517 4815
3518 1830
3519 2794
3520 1397
3521 2909
3522 1443
3523 2202
3524 1964
3525 2168
3526 4957
3527 2919
3528 1830
3529 2222
3530 5016
3531 4958
3532 1849
3533 1830
3534 1848
3535 3957
3536 3996
3537 1848
3538 2202
3539 3459
3540 3428
3541 2495
3542 1436
3543 1436
3544 4058
3545 5034
3546 3957
3547 1848
3548 3335
3549 4969
3550 2495
3551 3443
3552 4846
3553 5016
3554 1861
3555 1849
3556 5016
3557 3438
3558 2038
3559 5016
3560 3997
3561 1422
3562 1391
3563 1406
3564 4815
3565 2202
3566 2326
3567 4815
3568 4957
3569 3996
3570 3591
3571 1437
3572 2318
3573 2306
3574 2202
3575 2562
3576 1862
3577 3997
3578 3997
3579 3949
3580 1437
3581 3446
3582 1966
3583 1434
3584 4852
3585 1436
3586 3460
3587 2254
3588 1498
3589 1904
3590 2108
3591 2108
3592 2649
3593 2254
3594 2215
3595 2216
3596 1936
3597 2254
3598 2159
3599 2326
3600 1422
3601 4004
3602 3994
3603 4051
3604 4486
3605 4488
3606 4488
3607 4504
3608 4500
3609 4614
3610 4672
3611 4672
3612 4672
3613 4672
3614 4672
3615 4672
3616 4672
3617 4672
3618 4672
3619 4672
3620 4672
3621 4672
3622 4672
3623 4672
3624 4052
3625 4052
3626 4486
3627 3994
3628 2495
3629 4505
3630 4505
3631 4505
3632 4505
3633 4469
3634 4475
3635 4488
3636 4475
3637 4504
3638 4623
3639 4614
3640 4672
3641 4672
3642 4672
3643 4672
3644 4623
3645 4505
3646 4505
3647 4469
3648 4469
3649 4475
3650 4488
3651 4488
3652 4486
3653 4486
3654 4052
3655 4505
3656 4504
3657 4623
3658 4672
3659 4672
3660 4672
3661 4687
3662 4623
3663 4687
3664 4685
3665 4685
3666 4687
3667 4687
3668 4685
3669 4509
3670 4505
3671 4464
3672 4469
3673 4505
3674 4505
3675 4505
3676 2042
3677 2327
3678 1966
3679 2212
3680 4958
3681 5046
3682 1498
3683 3997
3684 3981
3685 3994
3686 4052
3687 4051
3688 4449
3689 4486
3690 4051
3691 4052
3692 3981
3693 3981
3694 4505
3695 3949
3696 2329
3697 2302
3698 2729
3699 4469
3700 4469
3701 4488
3702 4448
3703 4052
3704 4052
3705 2308
3706 1444
3707 3997
3708 4004
3709 4051
3710 4853
3711 4849
3712 2918
3713 4469
3714 4469
3715 4504
3716 4852
3717 5046
3718 4846
3719 4958
3720 1436
3721 1436
3722 4505
3723 4505
3724 4505
3725 4486
3726 3440
3727 2503
3728 5034
3729 1435
3730 4469
3731 4469
3732 4488
3733 4469
3734 3454
3735 2909
3736 2202
3737 4815
3738 4815
3739 4852
3740 1498
3741 3949
3742 2926
3743 4052
3744 4051
3745 3994
3746 3994
3747 4486
3748 4486
3749 4504
3750 4504
3751 4475
3752 4486
3753 3431
3754 1926
3755 2302
3756 2716
3757 1420
3758 4505
3759 4486
3760 4486
3761 4486
3762 4486
3763 4052
3764 5046
3765 4973
3766 4973
3767 4957
3768 4950
3769 4969
3770 2495
3771 4475
3772 4469
3773 4504
3774 4505
3775 4505
3776 3591
3777 1445
3778 4448
3779 4488
3780 4504
3781 4059
3782 2234
3783 2234
3784 2308
3785 4957
3786 4469
3787 4475
3788 4475
3789 4488
3790 4486
3791 4486
3792 4852
3793 2302
3794 1418
3795 2326
3796 2729
3797 1437
3798 1830
3799 1436
3800 1498
3801 2226
3802 4051
3803 4052
3804 4486
3805 3446
3806 3461
3807 3460
3808 2926
3809 2494
3810 2254
3811 1436
3812 1436
3813 2716
3814 2716
3815 3949
3816 4488
3817 4488
3818 3428
3819 1418
3820 4464
3821 4615
3822 4672
3823 2495
3824 1443
3825 1397
3826 4052
3827 4958
3828 2149
3829 1904
3830 4486
3831 2926
3832 4852
3833 4469
3834 3431
3835 4957
3836 2645
3837 3996
3838 3997
3839 4004
3840 5046
3841 5046
3842 4846
3843 4974
3844 4958
3845 5016
3846 4974
3847 4815
3848 2562
3849 2562
3850 2079
3851 4505
3852 4505
3853 4505
3854 4505
3855 4505
3856 4505
3857 4500
3858 4500
3859 4500
3860 4623
3861 4687
3862 4428
3863 4428
3864 4672
3865 4500
3866 4469
3867 4505
3868 4687
3869 4662
3870 4428
3871 4428
3872 4623
3873 4432
3874 4672
3875 4623
3876 4478
3877 4469
3878 4488
3879 4488
3880 4488
3881 4488
3882 4488
3883 4448
3884 4488
3885 4504
3886 4469
3887 4505
3888 3443
3889 3461
3890 1397
3891 5137
3892 2229
3893 2302
3894 2326
3895 1446
3896 3994
3897 3981
3898 2917
3899 2917
3900 2212
3901 2645
3902 4004
3903 4059
3904 4486
3905 4853
3906 2023
3907 1997
3908 1830
3909 1443
3910 4469
3911 4469
3912 4846
3913 4849
3914 2215
3915 2023
3916 4815
3917 3443
3918 4488
3919 1966
3920 2645
3921 2645
3922 1937
3923 1444
3924 2326
3925 4475
3926 4052
3927 4486
3928 1966
3929 4504
3930 2216
3931 2645
3932 1941
3933 1996
3934 1917
3935 2155
3936 1941
3937 2645
3938 2645
3939 4614
3940 4500
3941 4058
3942 3997
3943 2909
3944 3981
3945 1848
3946 4469
3947 4058
3948 4623
3949 2212
3950 2645
3951 2645
3952 2083
3953 4448
3954 4486
3955 4486
3956 4895
3957 2240
3958 2645
3959 2240
3960 1937
3961 2645
3962 2562
3963 3426
3964 1936
3965 4004
3966 4488
3967 4958
3968 2918
3969 3461
3970 1847
3971 1848
3972 1848
3973 4505
3974 4505
3975 5046
3976 4973
3977 2494
3978 2103
3979 4614
3980 1936
3981 4614
3982 4614
3983 4662
3984 4509
3985 4500
3986 4505
3987 4505
3988 4505
3989 2642
3990 1937
3991 1997
3992 2155
3993 1996
3994 1995
3995 2645
3996 2645
3997 2638
3998 2638
3999 2638
4000 2638
4001 1540
4002 1508
4003 1505
4004 2638
4005 2638
4006 2645
4007 1997
4008 2149
4009 2917
4010 2215
4011 4486
4012 4672
4013 4672
4014 4672
4015 4672
4016 4672
4017 4672
4018 4672
4019 4672
4020 4672
4021 4672
4022 4672
4023 4428
4024 4428
4025 4428
4026 4428
4027 4428
4028 4428
4029 4428
4030 4428
4031 4428
4032 4672
4033 4672
4034 4428
4035 4428
4036 4428
4037 4428
4038 4672
4039 4672
4040 4672
4041 4672
4042 4672
4043 4672
4044 4672
4045 4672
4046 4672
4047 4428
4048 4672
4049 4672
4050 4672
4051 4672
4052 4672
4053 4428
4054 4428
4055 4428
4056 4428
4057 4428
4058 4428
4059 4662
4060 4687
4061 4662
4062 4662
4063 4509
4064 4509
4065 2275
4066 3949
4067 5016
4068 1938
4069 4051
4070 4052
4071 4504
4072 4672
4073 4672
4074 4672
4075 4672
4076 4672
4077 4672
4078 4672
4079 4672
4080 4672
4081 4672
4082 2073
4083 1941
4084 1848
4085 4059
4086 2234
4087 4672
4088 4672
4089 4672
4090 4672
4091 4672
4092 4672
4093 4672
4094 4672
4095 4672
4096 4672
4097 4672
4098 4672
4099 4672
4100 4969
4101 2494
4102 2495
4103 4504
4104 3994
4105 2042
4106 4448
4107 4469
4108 4469
4109 4469
4110 4672
4111 4672
4112 4672
4113 4672
4114 4672
4115 4672
4116 4672
4117 4672
4118 4672
4119 4672
4120 4672
4121 4672
4122 4672
4123 4672
4124 4957
4125 2645
4126 2645
4127 1397
4128 1937
4129 3443
4130 3428
4131 2243
4132 4052
4133 673
4134 2926
4135 3443
4136 1931
4137 2918
4138 1847
4139 4672
4140 4672
4141 2645
4142 4974
4143 4969
4144 3997
4145 674
4146 4504
4147 4973
4148 2645
4149 3443
4150 2645
4151 2023
4152 3459
4153 2645
4154 4973
4155 4852
4156 3949
4157 2234
4158 4505
4159 4505
4160 2917
4161 4614
4162 1849
4163 681
4164 1849
4165 673
4166 3997
4167 4969
4168 1619
4169 3981
4170 3994
4171 3949
4172 3949
4173 3459
4174 2645
4175 4895
4176 4957
4177 4958
4178 4895
4179 5016
4180 4614
4181 4464
4182 4505
4183 3981
4184 4974
4185 4815
4186 2155
4187 1936
4188 3443
4189 3442
4190 1933
4191 3442
4192 681
4193 4672
4194 4672
4195 4672
4196 2645
4197 5016
4198 1848
4199 1847
4200 3949
4201 4051
4202 1933
4203 4815
4204 2096
4205 4672
4206 4974
4207 2494
4208 4895
4209 2645
4210 4815
4211 4051
4212 3997
4213 676
4214 2917
4215 2909
4216 3443
4217 4853
4218 2645
4219 5046
4220 4958
4221 2645
4222 4449
4223 4052
4224 3996
4225 3949
4226 3428
4227 3957
4228 1918
4229 4486
4230 4469
4231 4505
4232 4488
4233 3460
4234 3459
4235 3994
4236 3431
4237 1941
4238 1941
4239 3994
4240 4672
4241 2918
4242 3431
4243 4853
4244 3426
4245 2645
4246 4469
4247 4475
4248 4475
4249 4486
4250 3994
4251 3994
4252 4486
4253 4505
4254 4672
4255 4815
4256 679
4257 676
4258 4815
4259 3426
4260 4815
4261 4052
4262 4505
4263 3427
4264 679
4265 4058
4266 3981
4267 4051
4268 4852
4269 4504
4270 4672
4271 4672
4272 4672
4273 4672
4274 1619
4275 3996
4276 3996
4277 4469
4278 4500
4279 4685
4280 4662
4281 4623
4282 4509
4283 4505
4284 4505
4285 2645
4286 4852
4287 675
4288 3997
4289 4504
4290 2645
4291 2638
4292 2638
4293 2645
4294 2645
4295 1337
4296 2638
4297 2638
4298 2638
4299 1540
4300 1540
4301 1322
4302 1322
4303 1540
4304 1297
4305 1297
4306 1521
4307 1297
4308 1289
4309 1337
4310 4815
4311 4469
4312 4469
4313 2645
4314 4505
4315 4672
4316 1337
4317 1337
4318 1847
4319 1848
4320 4852
4321 4500
4322 4509
4323 4672
4324 2645
4325 1848
4326 4672
4327 4672
4328 4672
4329 4672
4330 4672
4331 4623
4332 2645
4333 4672
4334 4672
4335 4672
4336 4672
4337 4505
4338 4672
4339 4509
4340 4500
4341 4672
4342 4672
4343 4662
4344 4662
4345 1941
4346 2638
4347 2638
4348 2638
4349 2638
4350 2638
4351 2638
4352 1995
4353 2296
4354 2638
4355 1996
4356 2296
4357 2638
4358 2638
4359 2638
4360 1505
4361 2638
4362 1505
4363 1505
4364 1505
4365 1505
4366 2638
4367 2645
4368 2638
4369 2638
4370 2638
4371 2638
4372 2638
4373 2638
4374 1941
4375 2645
4376 2638
4377 2638
4378 4672
4379 2638
4380 2638
4381 2638
4382 2638
4383 4672
4384 1337
4385 2645
4386 4687
4387 4662
4388 4672
4389 4672
4390 4672
4391 4672
4392 4672
4393 4672
4394 4428
4395 2638
4396 2638
4397 2638
4398 4672
4399 2638
4400 2638
4401 2638
4402 2645
4403 4428
4404 4672
4405 4428
4406 2638
4407 2638
4408 2638
4409 1508
4410 2645
4411 2638
4412 2645
4413 2645
4414 2638
4415 1337
4416 2638
4417 2638
4418 2638
4419 2638
4420 1322
4421 1508
4422 2645
4423 2638
4424 2638
4425 1337
4426 4428
4427 1337
4428 2638
4429 2638
4430 4428
4431 4672
4432 4672
4433 4672
4434 4672
4435 4428
4436 4428
4437 4428
4438 4428
4439 4428
4440 4428
4441 4428
4442 2638
4443 2638
4444 4428
4445 4428
4446 2638
4447 1508
4448 1322
4449 2638
4450 1337
4451 2638
4452 1337
4453 2638
4454 2638
4455 2638
4456 2638
4457 1337
4458 2638
4459 2638
4460 2638
4461 2638
4462 2638
4463 2638
4464 1508
4465 1505
4466 2638
4467 1322
4468 2638
4469 1505
4470 1505
4471 1540
4472 2638
4473 2638
4474 1508
4475 1505
4476 1297
4477 1297
4478 1505
4479 2638
4480 2638
4481 2638
4482 1508
4483 2638
4484 2638
4485 1297
4486 1297
4487 1322
4488 1297
4489 1290
4490 1297
4491 1297
4492 1521
4493 1521
4494 1521
4495 1781
4496 1781
4497 1781
4498 1781
4499 1781
4500 1781
4501 1781
4502 1828
4503 3866
4504 5082
4505 5094
4506 5094
4507 5094
4508 5094
4509 5094
4510 5094
4511 5094
4512 5094
4513 5094
4514 5094
4515 5094
4516 5094
4517 5094
4518 5094
4519 5094
4520 5094
4521 5094
4522 1505
4523 1297
4524 1297
4525 1297
4526 1297
4527 1297
4528 1297
4529 1297
4530 1505
4531 1505
4532 1297
4533 1297
4534 2638
4535 1505
4536 2638
4537 2638
4538 2638
4539 1505
4540 1297
4541 1297
4542 1297
4543 1297
4544 1322
4545 1505
4546 1297
4547 1322
4548 1297
4549 1297
4550 1297
4551 1290
4552 1290
4553 1322
4554 1297
4555 2638
4556 1322
4557 1322
4558 1297
4559 1505
4560 1505
4561 1297
4562 1297
4563 1505
4564 1297
4565 2638
4566 1297
4567 2638
4568 1297
4569 1297
4570 1297
4571 2638
4572 1297
4573 1297
4574 1505
4575 1322
4576 1322
4577 1322
4578 1297
4579 1508
4580 1297
4581 1297
4582 1297
4583 1297
4584 1297
4585 1297
4586 1297
4587 1521
4588 1781
4589 1781
4590 1781
4591 1781
4592 1828
4593 3866
4594 3866
4595 3854
4596 4701
4597 4701
4598 4107
4599 5094
4600 5094
4601 5094
4602 5094
4603 4107
4604 4086
4605 4097
4606 3880
4607 4067
4608 3866
4609 1828
4610 1828
4611 1828
4612 1521
4613 1289
4614 1540
4615 1322
4616 1322
4617 1322
4618 4086
4619 1297
4620 1297
4621 1297
4622 1297
4623 1297
4624 1297
4625 1297
4626 1297
4627 1297
4628 1297
4629 1521
4630 1297
4631 1297
4632 1297
4633 1322
4634 1540
4635 1540
4636 1508
4637 1508
4638 1521
4639 1289
4640 1322
4641 1297
4642 1521
4643 1521
4644 1781
4645 1297
4646 1781
4647 1521
4648 1521
4649 1521
4650 2638
4651 1505
4652 5094
4653 5094
4654 5094
4655 5094
4656 5094
4657 5094
4658 5094
4659 5094
4660 5094
4661 5094
4662 5094
4663 5094
4664 5094
4665 4126
4666 4094
4667 5094
4668 5094
4669 5094
4670 5094
4671 5094
4672 5094
4673 4138
4674 3873
4675 1322
4676 1297
4677 1297
4678 5094
4679 5094
4680 5094
4681 5094
4682 5094
4683 5094
4684 5094
4685 3880
4686 1289
4687 1289
4688 5094
4689 5094
4690 5094
4691 1521
4692 1521
4693 1297
4694 1297
4695 5094
4696 5094
4697 5094
4698 5094
4699 5094
4700 5094
4701 1505
4702 1505
4703 1288
4704 1508
4705 5094
4706 5094
4707 5094
4708 1289
4709 1521
4710 1781
4711 5094
4712 1297
4713 1297
4714 1288
4715 1290
4716 5094
4717 1297
4718 5094
4719 5094
4720 5094
4721 4105
4722 4094
4723 3873
4724 4097
4725 4110
4726 1297
4727 1297
4728 4541
4729 5094
4730 1521
4731 1521
4732 1297
4733 5094
4734 5094
4735 5094
4736 5094
4737 5094
4738 1521
4739 1521
4740 1289
4741 5094
4742 1521
4743 1521
4744 5094
4745 1521
4746 1521
4747 1781
4748 1828
4749 1297
4750 1322
4751 1521
4752 5094
4753 1540
4754 5094
4755 5094
4756 4111
4757 1521
4758 1521
4759 5094
4760 4105
4761 1290
4762 1289
4763 1781
4764 5094
4765 1297
4766 1781
4767 1540
4768 5094
4769 3866
4770 3868
4771 1828
4772 1521
4773 1521
4774 1781
4775 1781
4776 1297
4777 1297
4778 1781
4779 1289
4780 1297
4781 1322
4782 4067
4783 3866
4784 1828
4785 1828
4786 1781
4787 1781
4788 5082
4789 5094
4790 1297
4791 3880
4792 4698
4793 4694
4794 5094
4795 1521
4796 1370
4797 5094
4798 5094
4799 5094
4800 5094
4801 1828
4802 1828
4803 5094
4804 4067
4805 3873
4806 4105
4807 3866
4808 1828
4809 3854
4810 3866
4811 3866
4812 1781
4813 5094
4814 5094
4815 1521
4816 1781
4817 1521
4818 1521
4819 5094
4820 3868
4821 5094
4822 1297
4823 1828
4824 3868
4825 1828
4826 1828
4827 1297
4828 1297
4829 1297
4830 3866
4831 5094
4832 4112
4833 4701
4834 4701
4835 4701
4836 5082
4837 5082
4838 4107
4839 5094
4840 1521
4841 1297
4842 5094
4843 5094
4844 3866
4845 3866
4846 3854
4847 4701
4848 5082
4849 1297
4850 1828
4851 1521
4852 1521
4853 1828
4854 1828
4855 1828
4856 1781
4857 1297
4858 1521
4859 1521
4860 5094
4861 5094
4862 5094
4863 5094
4864 5094
4865 4107
4866 4107
4867 5094
4868 5082
4869 1297
4870 1828
4871 5094
4872 5094
4873 5094
4874 5082
4875 1828
4876 1828
4877 1828
4878 1781
4879 1289
4880 1521
4881 1521
4882 3880
4883 1781
4884 1521
4885 3868
4886 5094
4887 5094
4888 4701
4889 4701
4890 4701
4891 5082
4892 4110
4893 5082
4894 5094
4895 1781
4896 1521
4897 1521
4898 4694
4899 4107
4900 1289
4901 1289
4902 1781
4903 4105
4904 4694
4905 4110
4906 3868
4907 5094
4908 5094
4909 5094
4910 5094
4911 1781
4912 1781
4913 1828
4914 1828
4915 1521
4916 1521
4917 1521
4918 1781
4919 1521
4920 1521
4921 1521
4922 4107
4923 4107
4924 1521
4925 3854
4926 3866
4927 1781
4928 1521
4929 4698
4930 4701
4931 1781
4932 3854
4933 3854
4934 1828
4935 1781
4936 1781
4937 1828
4938 1521
4939 1781
4940 1781
4941 5082
4942 1781
4943 1781
4944 1828
4945 3866
4946 1828
4947 3866
4948 4107
4949 3868
4950 5094
4951 4701
4952 3902
4953 4701
4954 4701
4955 3866
4956 3854
4957 3866
4958 4701
4959 3866
4960 3866
4961 4701
4962 3902
4963 121
4964 1735
4965 121
4966 121
4967 121
4968 121
4969 1144
4970 121
4971 121
4972 90
4973 121
4974 121
4975 121
4976 121
4977 121
4978 121
4979 121
4980 121
4981 121
4982 521
4983 366
4984 392
4985 392
4986 374
4987 343
4988 343
4989 625
4990 374
4991 374
4992 374
4993 266
4994 266
4995 392
4996 319
4997 2429
4998 374
4999 374
5000 374
5001 307
5002 319
5003 319
5004 625
5005 343
5006 266
5007 266
5008 266
5009 266
5010 266
5011 521
5012 625
5013 320
5014 374
5015 343
5016 366
5017 306
5018 366
5019 319
5020 476
5021 392
5022 374
5023 374
5024 266
5025 266
5026 266
5027 521
5028 266
5029 392
5030 392
5031 392
5032 336
5033 625
5034 392
5035 444
5036 476
5037 625
5038 374
5039 4894
5040 4894
5041 3614
5042 3614
5043 3614
5044 3614
5045 947
5046 3623
5047 4894
5048 4894
5049 3618
5050 4894
5051 4894
5052 4894
5053 978
5054 4894
5055 4860
5056 3614
5057 374
5058 1344
5059 1344
5060 1472
5061 1344
5062 1344
5063 1344
5064 2938
5065 2938
5066 3351
5067 3016
5068 3022
5069 3351
5070 3330
5071 3311
5072 3256
5073 3462
5074 3461
5075 4672
5076 4662
5077 4672
5078 4672
5079 4685
5080 4672
5081 4672
5082 4672
5083 4672
5084 4672
5085 4672
5086 4672
5087 4505
5088 4428
5089 4500
5090 4505
5091 4500
5092 4500
5093 4505
5094 4505
5095 4509
5096 4500
5097 4500
5098 4687
5099 4662
5100 4662
5101 4662
5102 4428
5103 4672
5104 4672
5105 4672
5106 4672
5107 4505
5108 4505
5109 4672
5110 4672
5111 4672
5112 4672
5113 4672
5114 4672
5115 4672
5116 4505
5117 1337
5118 1996
5119 1995
5120 1933
5121 2155
5122 2645
5123 1996
5124 2638
5125 2155
5126 2645
5127 1995
5128 1995
5129 4672
5130 5094
5131 1521
5132 5094
5133 5094
5134 1781
5135 5094
5136 5094
5137 1521
5138 3866
5139 5094
5140 5094
5141 1828
5142 5094
5143 5094
5144 1289
5145 5094
5146 5094
5147 5094
5148 5094
5149 1297
5150 4505
5151 266
5152 266
5153 625
5154 2940
5155 3016
5156 2938
5157 3368
5158 3311
5159 2955
5160 2955
5161 2942
5162 2935
5163 2940
5164 2938
5165 2938
5166 2940
5167 3411
5168 2940
5169 3486
5170 3510
5171 3276
5172 3403
5173 3486
5174 2940
5175 3378
5176 3510
5177 3491
5178 2940
5179 2938
5180 2938
5181 3311
5182 3313
5183 3510
5184 3408
5185 2938
5186 2938
5187 2947
5188 2937
5189 3383
5190 3512
5191 2938
5192 2938
5193 3070
5194 3401
5195 3510
5196 3510
5197 266
5198 1146
5199 1146
