0 245
1 235
2 2888
3 2764
4 2764
5 2763
6 2764
7 2764
8 2886
9 1088
10 2706
11 1099
12 3514
13 3514
14 245
15 245
16 241
17 241
18 242
19 242
20 242
21 242
22 242
23 242
24 241
25 241
26 241
27 241
28 241
29 241
30 241
31 241
32 241
33 241
34 242
35 242
36 242
37 242
38 241
39 241
40 242
41 241
42 241
43 241
44 241
45 241
46 241
47 241
48 245
49 2888
50 2768
51 2886
52 2706
53 2707
54 2770
55 2768
56 2768
57 2886
58 241
59 241
60 241
61 241
62 241
63 241
64 241
65 242
66 242
67 242
68 242
69 242
70 242
71 241
72 241
73 245
74 245
75 245
76 241
77 241
78 241
79 235
80 241
81 241
82 242
83 241
84 235
85 245
86 2888
87 2764
88 2770
89 241
90 241
91 241
92 241
93 241
94 241
95 241
96 241
97 241
98 241
99 241
100 241
101 241
102 241
103 241
104 241
105 245
106 245
107 245
108 241
109 241
110 241
111 241
112 241
113 241
114 241
115 245
116 245
117 241
118 241
119 241
120 241
121 241
122 241
123 241
124 241
125 241
126 241
127 241
128 2763
129 2770
130 2709
131 309
132 309
133 1102
134 1103
135 2191
136 2198
137 2198
138 2187
139 3510
140 309
141 309
142 309
143 241
144 241
145 241
146 245
147 235
148 2769
149 2886
150 241
151 241
152 235
153 2888
154 2763
155 235
156 241
157 241
158 241
159 241
160 241
161 241
162 242
163 242
164 242
165 242
166 242
167 242
168 242
169 242
170 242
171 241
172 242
173 235
174 236
175 2888
176 2764
177 233
178 241
179 241
180 241
181 242
182 2888
183 2764
184 2770
185 2708
186 2706
187 2710
188 2710
189 309
190 2710
191 309
192 309
193 142
194 142
195 2702
196 2192
197 650
198 638
199 1441
200 2192
201 2701
202 1103
203 309
204 2706
205 2700
206 2768
207 1101
208 309
209 142
210 3510
211 241
212 241
213 241
214 241
215 2768
216 241
217 245
218 2770
219 2770
220 2707
221 241
222 2707
223 2706
224 2708
225 241
226 241
227 241
228 241
229 2763
230 2886
231 241
232 241
233 241
234 2886
235 2706
236 2706
237 2710
238 2706
239 241
240 241
241 245
242 241
243 2770
244 2706
245 309
246 309
247 142
248 2704
249 2699
250 2706
251 241
252 241
253 241
254 241
255 2706
256 241
257 241
258 2707
259 2888
260 241
261 245
262 241
263 2769
264 2710
265 2707
266 241
267 241
268 241
269 241
270 2888
271 241
272 2708
273 241
274 2707
275 2888
276 2886
277 241
278 2708
279 2710
280 2710
281 2706
282 309
283 309
284 309
285 309
286 241
287 241
288 241
289 242
290 2709
291 235
292 233
293 2764
294 2768
295 2706
296 2886
297 241
298 241
299 2708
300 235
301 2705
302 2770
303 241
304 241
305 242
306 242
307 242
308 242
309 242
310 242
311 242
312 242
313 242
314 242
315 242
316 241
317 245
318 2763
319 2709
320 2764
321 2768
322 309
323 309
324 241
325 2707
326 2706
327 142
328 241
329 2770
330 2770
331 2886
332 2710
333 241
334 241
335 241
336 241
337 241
338 2769
339 309
340 309
341 245
342 2770
343 142
344 309
345 241
346 241
347 242
348 241
349 2707
350 241
351 241
352 2706
353 2886
354 2707
355 242
356 242
357 142
358 142
359 2701
360 2198
361 638
362 3260
363 3247
364 2088
365 2088
366 2085
367 2085
368 493
369 482
370 342
371 484
372 2136
373 2136
374 2140
375 2940
376 3347
377 2941
378 1178
379 2143
380 2143
381 2941
382 2940
383 245
384 2888
385 2888
386 3510
387 242
388 2706
389 309
390 2704
391 3510
392 2700
393 2336
394 2187
395 650
396 3258
397 3260
398 3258
399 3514
400 2702
401 142
402 2768
403 2770
404 2768
405 309
406 241
407 242
408 242
409 242
410 242
411 2886
412 2704
413 2707
414 242
415 242
416 242
417 2698
418 242
419 242
420 2707
421 242
422 242
423 242
424 1100
425 2705
426 2705
427 170
428 242
429 242
430 242
431 242
432 242
433 1097
434 242
435 242
436 242
437 2707
438 242
439 242
440 242
441 242
442 242
443 242
444 242
445 2700
446 2187
447 2698
448 2700
449 2209
450 2206
451 2198
452 638
453 2700
454 171
455 171
456 2705
457 142
458 142
459 142
460 142
461 2191
462 2706
463 309
464 1102
465 171
466 2710
467 3510
468 2704
469 2208
470 645
471 2794
472 640
473 632
474 3519
475 2076
476 2085
477 2854
478 3541
479 2843
480 1128
481 1143
482 3930
483 560
484 2407
485 2360
486 3410
487 2401
488 2379
489 2752
490 2752
491 2410
492 2752
493 2410
494 3721
495 3721
496 4563
497 584
498 1222
499 1384
500 3441
501 620
502 4019
503 3785
504 1250
505 2557
506 1234
507 1229
508 2546
509 1267
510 4001
511 3998
512 3996
513 3970
514 3983
515 3983
516 4271
517 2700
518 142
519 1103
520 2705
521 309
522 2705
523 309
524 2700
525 2198
526 309
527 2705
528 2337
529 142
530 142
531 4093
532 2779
533 650
534 2336
535 2192
536 2193
537 3510
538 142
539 142
540 142
541 2187
542 2198
543 2179
544 2191
545 142
546 2336
547 3514
548 3323
549 3510
550 2337
551 3510
552 2700
553 4093
554 2204
555 3260
556 3247
557 2179
558 631
559 2088
560 3682
561 3682
562 3682
563 3682
564 3682
565 3682
566 3682
567 3682
568 3682
569 3682
570 3682
571 3682
572 3682
573 3682
574 3682
575 3682
576 3682
577 3682
578 3682
579 3682
580 3682
581 3682
582 3682
583 1951
584 1939
585 3680
586 1940
587 4040
588 4048
589 2650
590 4091
591 2653
592 2647
593 2607
594 2607
595 2607
596 2645
597 4064
598 4062
599 4899
600 4215
601 4062
602 4071
603 3831
604 5028
605 4915
606 4690
607 4669
608 3682
609 3682
610 3682
611 3682
612 3682
613 3682
614 3682
615 3682
616 3682
617 3682
618 3682
619 3682
620 3682
621 3682
622 3682
623 3682
624 3682
625 3682
626 3682
627 3682
628 3682
629 3682
630 3682
631 3682
632 3682
633 3682
634 3682
635 3682
636 3682
637 3682
638 2704
639 2702
640 3682
641 3682
642 3682
643 3682
644 3682
645 3682
646 1939
647 1945
648 1936
649 1936
650 4041
651 3682
652 3682
653 3682
654 3682
655 3682
656 3682
657 3682
658 3689
659 2585
660 2586
661 3682
662 3682
663 3682
664 3682
665 3682
666 3682
667 3682
668 3682
669 1939
670 2601
671 4052
672 4048
673 2595
674 4080
675 3825
676 2337
677 2204
678 638
679 3260
680 3247
681 3247
682 3258
683 3262
684 3682
685 3682
686 3682
687 3682
688 3682
689 3682
690 3682
691 638
692 3682
693 3682
694 3682
695 2191
696 2187
697 3682
698 3682
699 638
700 3682
701 3682
702 3682
703 3680
704 1883
705 3682
706 3682
707 1893
708 3682
709 3682
710 3682
711 3562
712 652
713 650
714 3262
715 3682
716 3682
717 3682
718 3682
719 3682
720 3682
721 3682
722 3682
723 3682
724 3682
725 3682
726 3682
727 3682
728 3682
729 3682
730 3682
731 3682
732 1893
733 3510
734 3682
735 2578
736 3682
737 1894
738 1879
739 1888
740 2606
741 4086
742 3496
743 3682
744 3682
745 3682
746 3682
747 3682
748 3682
749 3682
750 3682
751 3682
752 3682
753 3682
754 3682
755 3682
756 3682
757 3682
758 2702
759 3680
760 3682
761 3682
762 3682
763 2703
764 3323
765 2211
766 1883
767 4041
768 2198
769 2204
770 2204
771 3258
772 632
773 3520
774 2076
775 3682
776 636
777 632
778 3258
779 3262
780 2700
781 2600
782 2602
783 2198
784 2076
785 3258
786 3682
787 2193
788 2336
789 1888
790 2604
791 3682
792 3682
793 3682
794 3682
795 3682
796 3682
797 3682
798 3682
799 3682
800 3682
801 3682
802 3682
803 2700
804 2775
805 3563
806 2794
807 640
808 633
809 634
810 2076
811 3682
812 1888
813 4040
814 4041
815 4050
816 2204
817 650
818 636
819 2605
820 3494
821 3682
822 3682
823 2700
824 2209
825 2598
826 3682
827 3682
828 2209
829 2206
830 2213
831 3563
832 658
833 658
834 3682
835 1959
836 3682
837 3682
838 3682
839 3258
840 3682
841 3507
842 2585
843 4663
844 2655
845 4665
846 3834
847 636
848 2179
849 657
850 2787
851 2789
852 2198
853 3682
854 3682
855 3682
856 3682
857 3682
858 1893
859 2210
860 645
861 2203
862 2201
863 2204
864 2575
865 2599
866 2648
867 2650
868 638
869 3682
870 2599
871 650
872 2790
873 4661
874 4091
875 4043
876 4042
877 3682
878 2585
879 2595
880 2204
881 3262
882 2088
883 4050
884 3689
885 1888
886 1888
887 4052
888 1938
889 4041
890 1889
891 1882
892 1945
893 2596
894 3260
895 3682
896 2199
897 2198
898 4082
899 2651
900 3499
901 2575
902 2206
903 2213
904 2213
905 645
906 2788
907 640
908 633
909 634
910 471
911 471
912 472
913 712
914 685
915 685
916 659
917 662
918 2206
919 2203
920 2203
921 2783
922 3562
923 657
924 2070
925 468
926 3318
927 4667
928 3258
929 3823
930 3494
931 631
932 2791
933 640
934 3522
935 2787
936 2653
937 2653
938 3682
939 3682
940 3682
941 3682
942 3682
943 3682
944 3682
945 1886
946 2653
947 2651
948 2639
949 2654
950 3822
951 2588
952 4667
953 3689
954 3682
955 3682
956 2205
957 2783
958 2794
959 2795
960 638
961 3260
962 3247
963 2085
964 3823
965 3827
966 3826
967 2590
968 2088
969 3247
970 2091
971 2065
972 721
973 2080
974 2035
975 2052
976 2052
977 722
978 665
979 3152
980 3152
981 3151
982 3153
983 3923
984 4325
985 4309
986 4315
987 4303
988 4526
989 4532
990 3581
991 3581
992 4291
993 3682
994 3682
995 3682
996 3822
997 3821
998 2608
999 2607
1000 2645
1001 2644
1002 2643
1003 2651
1004 2651
1005 3682
1006 4664
1007 2213
1008 4936
1009 4916
1010 4921
1011 4918
1012 4681
1013 4912
1014 4923
1015 4933
1016 5184
1017 5185
1018 3824
1019 4905
1020 5023
1021 5039
1022 5042
1023 5036
1024 5144
1025 4809
1026 5113
1027 5101
1028 4965
1029 4262
1030 4578
1031 4578
1032 4579
1033 4260
1034 5182
1035 5022
1036 5023
1037 4929
1038 3817
1039 3819
1040 3820
1041 3830
1042 4682
1043 4054
1044 1892
1045 3814
1046 4925
1047 5024
1048 4687
1049 4936
1050 4925
1051 4917
1052 4931
1053 4915
1054 4219
1055 4683
1056 4060
1057 4919
1058 4682
1059 4218
1060 4674
1061 4905
1062 4901
1063 4680
1064 4931
1065 4933
1066 4923
1067 4914
1068 4672
1069 4923
1070 2659
1071 3821
1072 2204
1073 631
1074 5144
1075 5186
1076 4929
1077 5147
1078 5138
1079 5142
1080 5019
1081 5140
1082 5125
1083 5126
1084 5127
1085 5164
1086 5100
1087 5104
1088 5102
1089 5106
1090 4963
1091 4807
1092 5112
1093 4818
1094 4814
1095 5028
1096 4913
1097 2661
1098 2645
1099 2607
1100 2206
1101 2205
1102 645
1103 2783
1104 2791
1105 4935
1106 5146
1107 5176
1108 5044
1109 5191
1110 5122
1111 5016
1112 661
1113 632
1114 4917
1115 4052
1116 4050
1117 4091
1118 2650
1119 4918
1120 4675
1121 2661
1122 2644
1123 1894
1124 1884
1125 3680
1126 1886
1127 1884
1128 3682
1129 3682
1130 3682
1131 3682
1132 3682
1133 3682
1134 3682
1135 2202
1136 2203
1137 645
1138 5146
1139 5141
1140 2071
1141 2076
1142 640
1143 678
1144 690
1145 690
1146 685
1147 3258
1148 3816
1149 3830
1150 3832
1151 5183
1152 4933
1153 3507
1154 2604
1155 2603
1156 3502
1157 5146
1158 5144
1159 5022
1160 4914
1161 4921
1162 3262
1163 3247
1164 3260
1165 2201
1166 4052
1167 5027
1168 5023
1169 5031
1170 4665
1171 4216
1172 3824
1173 4075
1174 4054
1175 4064
1176 2657
1177 2588
1178 4661
1179 4673
1180 2203
1181 2203
1182 4054
1183 3262
1184 3816
1185 4079
1186 2639
1187 2639
1188 1880
1189 1884
1190 3682
1191 1939
1192 2601
1193 4041
1194 4052
1195 4052
1196 4052
1197 4050
1198 5176
1199 3834
1200 2607
1201 4921
1202 5125
1203 4934
1204 4056
1205 1883
1206 4810
1207 5149
1208 4814
1209 5148
1210 5130
1211 5151
1212 4935
1213 5144
1214 5142
1215 5139
1216 4672
1217 2655
1218 1882
1219 4931
1220 4787
1221 4787
1222 4787
1223 4792
1224 4787
1225 4383
1226 4369
1227 4383
1228 4377
1229 4587
1230 4115
1231 4095
1232 1348
1233 1349
1234 1344
1235 1303
1236 1298
1237 1298
1238 4001
1239 4574
1240 4566
1241 4232
1242 5054
1243 4236
1244 4559
1245 4232
1246 4549
1247 4551
1248 4122
1249 1348
1250 4786
1251 4384
1252 4384
1253 4786
1254 5146
1255 5020
1256 4929
1257 4912
1258 4809
1259 3563
1260 4794
1261 4045
1262 3506
1263 4050
1264 4794
1265 4958
1266 4377
1267 4958
1268 4963
1269 4050
1270 2588
1271 2661
1272 2639
1273 2639
1274 2607
1275 2607
1276 2639
1277 5180
1278 5051
1279 3816
1280 4067
1281 4058
1282 4895
1283 4055
1284 4209
1285 3247
1286 4795
1287 5150
1288 4810
1289 5147
1290 4386
1291 3562
1292 2789
1293 4790
1294 4377
1295 4373
1296 1248
1297 4788
1298 4790
1299 4054
1300 4210
1301 4060
1302 5142
1303 5127
1304 5126
1305 5137
1306 5148
1307 2205
1308 3562
1309 2791
1310 4369
1311 4653
1312 4651
1313 1249
1314 4379
1315 4790
1316 4387
1317 4378
1318 3562
1319 658
1320 641
1321 4387
1322 4387
1323 4373
1324 4373
1325 4666
1326 3260
1327 5195
1328 5182
1329 5149
1330 4376
1331 4792
1332 4818
1333 5108
1334 4684
1335 4086
1336 2652
1337 4663
1338 4080
1339 2644
1340 2654
1341 4377
1342 2641
1343 2588
1344 4665
1345 4373
1346 4811
1347 4800
1348 4653
1349 4087
1350 4665
1351 4062
1352 2088
1353 4061
1354 4382
1355 4794
1356 5130
1357 4088
1358 4653
1359 5127
1360 5138
1361 2794
1362 2790
1363 2785
1364 4674
1365 3260
1366 2647
1367 2076
1368 2076
1369 3826
1370 645
1371 4894
1372 4662
1373 4781
1374 3247
1375 4384
1376 3562
1377 3562
1378 3563
1379 2794
1380 2788
1381 2794
1382 2789
1383 5013
1384 5102
1385 2652
1386 4373
1387 2088
1388 3313
1389 4517
1390 450
1391 534
1392 2940
1393 4488
1394 4487
1395 4151
1396 4147
1397 4147
1398 4149
1399 805
1400 4080
1401 2588
1402 2644
1403 2655
1404 4426
1405 2659
1406 2639
1407 4801
1408 4793
1409 4794
1410 5016
1411 5015
1412 5015
1413 5019
1414 4665
1415 4653
1416 4790
1417 3247
1418 2087
1419 4377
1420 359
1421 5144
1422 477
1423 5185
1424 4060
1425 2642
1426 4651
1427 4651
1428 2088
1429 2085
1430 2085
1431 5136
1432 4379
1433 4379
1434 4119
1435 5142
1436 4653
1437 5106
1438 5160
1439 5164
1440 2608
1441 4387
1442 4383
1443 4793
1444 4781
1445 4806
1446 4379
1447 1249
1448 4208
1449 5151
1450 5107
1451 4958
1452 2642
1453 2608
1454 4814
1455 5134
1456 5151
1457 5158
1458 4387
1459 4383
1460 1248
1461 2553
1462 1250
1463 2553
1464 4655
1465 1255
1466 1348
1467 1248
1468 2075
1469 4211
1470 2639
1471 2647
1472 2650
1473 2645
1474 2647
1475 2647
1476 2647
1477 2639
1478 2644
1479 4213
1480 2657
1481 4213
1482 2665
1483 4080
1484 4069
1485 4900
1486 4056
1487 2608
1488 4651
1489 2085
1490 2087
1491 2150
1492 2153
1493 3307
1494 1136
1495 1145
1496 3791
1497 1230
1498 2607
1499 2607
1500 4066
1501 3825
1502 4054
1503 5097
1504 4212
1505 2088
1506 2088
1507 4156
1508 2854
1509 3227
1510 446
1511 2091
1512 716
1513 685
1514 690
1515 656
1516 685
1517 428
1518 2858
1519 4168
1520 4186
1521 4025
1522 1226
1523 1287
1524 1274
1525 4019
1526 1230
1527 1222
1528 1222
1529 2647
1530 5011
1531 2607
1532 4785
1533 4218
1534 2085
1535 2150
1536 4165
1537 2854
1538 359
1539 2647
1540 2607
1541 2607
1542 2607
1543 2607
1544 2607
1545 2607
1546 2607
1547 2653
1548 2647
1549 2085
1550 3227
1551 2088
1552 4057
1553 3813
1554 3799
1555 4061
1556 1248
1557 3313
1558 2153
1559 1143
1560 2110
1561 1228
1562 1235
1563 1230
1564 1268
1565 1230
1566 4056
1567 4792
1568 4691
1569 4690
1570 2286
1571 5159
1572 5044
1573 3813
1574 359
1575 5025
1576 5037
1577 5149
1578 4809
1579 5099
1580 5127
1581 1248
1582 5027
1583 471
1584 471
1585 2088
1586 460
1587 359
1588 2854
1589 2153
1590 2150
1591 5029
1592 4810
1593 4919
1594 5053
1595 5130
1596 2790
1597 2799
1598 2069
1599 633
1600 3519
1601 3523
1602 3527
1603 634
1604 3523
1605 3519
1606 633
1607 460
1608 5140
1609 460
1610 3527
1611 1249
1612 2150
1613 4054
1614 5052
1615 5139
1616 2788
1617 3522
1618 710
1619 3799
1620 2085
1621 4059
1622 4373
1623 5024
1624 4376
1625 4373
1626 1248
1627 3519
1628 471
1629 438
1630 3527
1631 476
1632 681
1633 2548
1634 3782
1635 2556
1636 3247
1637 2074
1638 3247
1639 468
1640 4651
1641 4061
1642 4967
1643 3313
1644 3521
1645 679
1646 467
1647 5037
1648 5038
1649 3519
1650 3527
1651 3527
1652 438
1653 2541
1654 1250
1655 4075
1656 5177
1657 5049
1658 5043
1659 662
1660 659
1661 690
1662 3782
1663 3782
1664 3797
1665 3797
1666 1138
1667 1143
1668 2121
1669 2868
1670 4165
1671 2854
1672 2094
1673 5045
1674 5050
1675 5048
1676 5188
1677 4895
1678 4687
1679 4059
1680 5197
1681 4582
1682 3802
1683 5043
1684 4541
1685 3564
1686 3782
1687 2557
1688 3549
1689 2858
1690 4541
1691 2153
1692 2094
1693 3556
1694 4517
1695 2155
1696 535
1697 1151
1698 2869
1699 2112
1700 2882
1701 564
1702 2372
1703 2372
1704 2153
1705 4056
1706 4963
1707 4899
1708 1252
1709 2076
1710 683
1711 683
1712 2079
1713 690
1714 683
1715 685
1716 718
1717 3189
1718 719
1719 3782
1720 1144
1721 3797
1722 5011
1723 5136
1724 4379
1725 2088
1726 5015
1727 2073
1728 688
1729 715
1730 3782
1731 1129
1732 3797
1733 1147
1734 4174
1735 3304
1736 2097
1737 3797
1738 5189
1739 468
1740 1228
1741 1226
1742 2350
1743 4687
1744 2559
1745 2548
1746 1397
1747 3457
1748 1404
1749 4925
1750 1129
1751 1143
1752 1144
1753 5035
1754 3813
1755 1248
1756 656
1757 3797
1758 2399
1759 2385
1760 2094
1761 4651
1762 3797
1763 4657
1764 4174
1765 4165
1766 1143
1767 1126
1768 5101
1769 3309
1770 4374
1771 3799
1772 460
1773 1143
1774 4165
1775 2094
1776 4776
1777 4259
1778 4794
1779 4258
1780 468
1781 656
1782 690
1783 2073
1784 4163
1785 3796
1786 5025
1787 5052
1788 1250
1789 359
1790 2787
1791 5031
1792 2121
1793 4163
1794 2843
1795 1250
1796 3813
1797 1258
1798 4377
1799 4439
1800 4819
1801 5102
1802 2088
1803 476
1804 2085
1805 659
1806 656
1807 5048
1808 4361
1809 4778
1810 1250
1811 3782
1812 5015
1813 5122
1814 4897
1815 1236
1816 476
1817 476
1818 2091
1819 3163
1820 4541
1821 477
1822 5102
1823 4791
1824 2538
1825 685
1826 4963
1827 5023
1828 4373
1829 3882
1830 1224
1831 5027
1832 2854
1833 4541
1834 1126
1835 1147
1836 5039
1837 3541
1838 3556
1839 3553
1840 439
1841 438
1842 2559
1843 2560
1844 2572
1845 1303
1846 1331
1847 1302
1848 4541
1849 683
1850 685
1851 5023
1852 1249
1853 4387
1854 4653
1855 5034
1856 5044
1857 5049
1858 5016
1859 4963
1860 477
1861 1234
1862 1252
1863 4776
1864 468
1865 4359
1866 5105
1867 1398
1868 1398
1869 476
1870 477
1871 4435
1872 720
1873 5160
1874 5102
1875 5189
1876 5104
1877 467
1878 477
1879 477
1880 4180
1881 510
1882 510
1883 477
1884 2540
1885 4785
1886 1402
1887 685
1888 5117
1889 4969
1890 3879
1891 4115
1892 4278
1893 4579
1894 4965
1895 4163
1896 4373
1897 4781
1898 1400
1899 1398
1900 4186
1901 3302
1902 5136
1903 3782
1904 4651
1905 4784
1906 4966
1907 4968
1908 4584
1909 3879
1910 2854
1911 4653
1912 4363
1913 2559
1914 2548
1915 1267
1916 2567
1917 2568
1918 2560
1919 1260
1920 1252
1921 4007
1922 1404
1923 5106
1924 3878
1925 4121
1926 3871
1927 4443
1928 4164
1929 2117
1930 4541
1931 4359
1932 3930
1933 4034
1934 4025
1935 2406
1936 575
1937 1273
1938 1274
1939 3846
1940 2107
1941 3801
1942 1400
1943 2548
1944 1398
1945 1232
1946 477
1947 1234
1948 4379
1949 2559
1950 2547
1951 1399
1952 1136
1953 2121
1954 3184
1955 2033
1956 2079
1957 2079
1958 2079
1959 2065
1960 720
1961 1250
1962 3313
1963 1398
1964 1267
1965 1267
1966 2549
1967 1393
1968 2549
1969 1399
1970 1404
1971 1399
1972 1401
1973 3787
1974 1224
1975 1404
1976 2546
1977 4011
1978 683
1979 5046
1980 683
1981 683
1982 3184
1983 683
1984 469
1985 4968
1986 4963
1987 4958
1988 1126
1989 4422
1990 4423
1991 689
1992 5104
1993 685
1994 5189
1995 4169
1996 1126
1997 1302
1998 2121
1999 2035
2000 718
2001 717
2002 5099
2003 5100
2004 3554
2005 431
2006 2085
2007 4164
2008 4016
2009 2107
2010 4172
2011 3813
2012 2560
2013 4019
2014 685
2015 683
2016 683
2017 682
2018 4969
2019 2118
2020 3799
2021 2559
2022 5158
2023 1144
2024 476
2025 1252
2026 1252
2027 1253
2028 1267
2029 4657
2030 683
2031 4175
2032 2153
2033 4963
2034 3809
2035 4119
2036 4117
2037 4277
2038 2554
2039 1404
2040 682
2041 1147
2042 4958
2043 2030
2044 5099
2045 1302
2046 1241
2047 4094
2048 1344
2049 1399
2050 1232
2051 4011
2052 3415
2053 3415
2054 1143
2055 2121
2056 4174
2057 1268
2058 428
2059 3800
2060 2868
2061 2401
2062 3441
2063 2389
2064 2372
2065 1275
2066 1275
2067 626
2068 2752
2069 2748
2070 3999
2071 1275
2072 1280
2073 1280
2074 1280
2075 3457
2076 3442
2077 469
2078 682
2079 3184
2080 4259
2081 3317
2082 4776
2083 5108
2084 3163
2085 1268
2086 2567
2087 5108
2088 4313
2089 4308
2090 4293
2091 4294
2092 4294
2093 3284
2094 3275
2095 3581
2096 3581
2097 3581
2098 3581
2099 4318
2100 4318
2101 4339
2102 3581
2103 4318
2104 3581
2105 3581
2106 3581
2107 3581
2108 4318
2109 4318
2110 4314
2111 4313
2112 3581
2113 4298
2114 3272
2115 3284
2116 3279
2117 3275
2118 3151
2119 4313
2120 4313
2121 3581
2122 4532
2123 4313
2124 3581
2125 4308
2126 4318
2127 3581
2128 5136
2129 3873
2130 3225
2131 438
2132 3193
2133 1252
2134 2560
2135 2560
2136 2560
2137 2560
2138 2568
2139 4021
2140 4308
2141 4531
2142 4293
2143 4528
2144 4291
2145 3878
2146 4278
2147 4517
2148 471
2149 3581
2150 4293
2151 3272
2152 3284
2153 3269
2154 3581
2155 4313
2156 5095
2157 2118
2158 1260
2159 3313
2160 477
2161 477
2162 434
2163 477
2164 3190
2165 3189
2166 2560
2167 4963
2168 3279
2169 3279
2170 3581
2171 4298
2172 3280
2173 3272
2174 3269
2175 3279
2176 3270
2177 4310
2178 2044
2179 2052
2180 476
2181 4034
2182 719
2183 2080
2184 3281
2185 3281
2186 4293
2187 4295
2188 4530
2189 4310
2190 4291
2191 3313
2192 3556
2193 432
2194 1268
2195 4657
2196 1301
2197 1249
2198 4175
2199 2052
2200 2052
2201 722
2202 2052
2203 3581
2204 3581
2205 4528
2206 4308
2207 4313
2208 2066
2209 722
2210 5094
2211 2094
2212 2559
2213 4654
2214 4097
2215 3270
2216 4294
2217 4298
2218 4298
2219 4298
2220 4298
2221 4939
2222 3581
2223 796
2224 796
2225 796
2226 3581
2227 3265
2228 4528
2229 4293
2230 3270
2231 3299
2232 4313
2233 4298
2234 4293
2235 4302
2236 3581
2237 4311
2238 3272
2239 3581
2240 4293
2241 4298
2242 4290
2243 4939
2244 3867
2245 3603
2246 3602
2247 3602
2248 3601
2249 3605
2250 3601
2251 3601
2252 3605
2253 3601
2254 3602
2255 796
2256 796
2257 796
2258 796
2259 3868
2260 790
2261 3581
2262 796
2263 796
2264 3581
2265 2052
2266 2051
2267 3581
2268 2052
2269 477
2270 722
2271 3153
2272 3155
2273 4349
2274 4351
2275 3922
2276 3921
2277 4352
2278 4347
2279 3922
2280 3922
2281 4349
2282 1147
2283 1241
2284 2108
2285 3452
2286 3278
2287 3151
2288 3158
2289 3153
2290 3154
2291 3905
2292 3912
2293 3914
2294 3281
2295 4308
2296 4297
2297 4939
2298 4310
2299 796
2300 796
2301 4311
2302 4356
2303 3613
2304 3602
2305 3602
2306 3613
2307 3270
2308 4582
2309 4262
2310 4581
2311 4579
2312 4578
2313 4579
2314 4277
2315 4308
2316 3269
2317 4303
2318 719
2319 717
2320 3270
2321 3581
2322 3281
2323 3281
2324 3274
2325 3153
2326 722
2327 4959
2328 4019
2329 1230
2330 1230
2331 4164
2332 4293
2333 4311
2334 1301
2335 1257
2336 4302
2337 3280
2338 3270
2339 3270
2340 3581
2341 4313
2342 4318
2343 477
2344 4278
2345 3787
2346 1265
2347 4777
2348 3274
2349 3151
2350 3151
2351 3151
2352 3279
2353 3274
2354 3278
2355 2051
2356 2066
2357 3149
2358 722
2359 722
2360 3281
2361 4318
2362 3581
2363 4309
2364 4263
2365 4257
2366 4581
2367 2875
2368 3555
2369 2147
2370 339
2371 4294
2372 4298
2373 2066
2374 722
2375 3152
2376 4963
2377 428
2378 1137
2379 1138
2380 3151
2381 3581
2382 3151
2383 3274
2384 4311
2385 4262
2386 1242
2387 3997
2388 2097
2389 3281
2390 3272
2391 3284
2392 3284
2393 3284
2394 3285
2395 3284
2396 4293
2397 4297
2398 4293
2399 4297
2400 4293
2401 4293
2402 4295
2403 3283
2404 3280
2405 3284
2406 3286
2407 3289
2408 3284
2409 3275
2410 4313
2411 1265
2412 2403
2413 1257
2414 666
2415 3173
2416 3274
2417 4968
2418 4119
2419 1251
2420 4010
2421 1252
2422 2065
2423 4278
2424 796
2425 3279
2426 3279
2427 2103
2428 4186
2429 3151
2430 1331
2431 1257
2432 4963
2433 796
2434 4313
2435 4968
2436 477
2437 4272
2438 4272
2439 4174
2440 1265
2441 3280
2442 3272
2443 4293
2444 3286
2445 3280
2446 1401
2447 2038
2448 3152
2449 4303
2450 438
2451 4295
2452 4298
2453 3151
2454 3151
2455 3150
2456 3158
2457 3156
2458 3154
2459 3156
2460 3904
2461 3155
2462 3452
2463 3173
2464 796
2465 4303
2466 4311
2467 2042
2468 2038
2469 3152
2470 3151
2471 3160
2472 3878
2473 3151
2474 3787
2475 1265
2476 3787
2477 4108
2478 4095
2479 3163
2480 3179
2481 4310
2482 4311
2483 4257
2484 3553
2485 2042
2486 2067
2487 3152
2488 2572
2489 1257
2490 4967
2491 477
2492 2150
2493 446
2494 2883
2495 3787
2496 796
2497 1229
2498 2847
2499 477
2500 2372
2501 4199
2502 2041
2503 2570
2504 456
2505 1301
2506 1257
2507 4309
2508 4263
2509 1241
2510 4001
2511 3549
2512 446
2513 1337
2514 1303
2515 1303
2516 1348
2517 3581
2518 3602
2519 3601
2520 3601
2521 4512
2522 4291
2523 1236
2524 3455
2525 3168
2526 3157
2527 3280
2528 3892
2529 2091
2530 4587
2531 796
2532 3152
2533 3581
2534 2111
2535 588
2536 3998
2537 584
2538 3284
2539 2286
2540 4033
2541 4033
2542 2882
2543 1144
2544 4188
2545 4188
2546 1344
2547 1349
2548 4109
2549 4257
2550 722
2551 4339
2552 1253
2553 1137
2554 3946
2555 3437
2556 1268
2557 4102
2558 4105
2559 796
2560 4319
2561 796
2562 796
2563 796
2564 796
2565 796
2566 796
2567 796
2568 4319
2569 3153
2570 3581
2571 4311
2572 4313
2573 1288
2574 4025
2575 4025
2576 3930
2577 2091
2578 3163
2579 722
2580 722
2581 3160
2582 3160
2583 3151
2584 3163
2585 4311
2586 4095
2587 2847
2588 477
2589 4939
2590 4301
2591 477
2592 477
2593 3163
2594 722
2595 4313
2596 2109
2597 2109
2598 2871
2599 4014
2600 1128
2601 1128
2602 1130
2603 3997
2604 3286
2605 3285
2606 3285
2607 3272
2608 564
2609 4109
2610 466
2611 438
2612 2091
2613 3384
2614 4101
2615 4251
2616 3980
2617 4579
2618 4277
2619 3581
2620 4313
2621 3555
2622 4303
2623 2547
2624 427
2625 3173
2626 722
2627 722
2628 4578
2629 4263
2630 4313
2631 4303
2632 4313
2633 4298
2634 4290
2635 3153
2636 3168
2637 3159
2638 3298
2639 3152
2640 3415
2641 796
2642 4098
2643 4271
2644 4098
2645 796
2646 4313
2647 2111
2648 3541
2649 3151
2650 3151
2651 3158
2652 3923
2653 3923
2654 3898
2655 3915
2656 3152
2657 4263
2658 4263
2659 1399
2660 3783
2661 2418
2662 3280
2663 4295
2664 4295
2665 4298
2666 4297
2667 3441
2668 1280
2669 3457
2670 722
2671 3974
2672 3291
2673 4347
2674 3601
2675 3602
2676 4311
2677 2097
2678 4176
2679 4298
2680 4939
2681 4175
2682 2372
2683 3987
2684 4243
2685 4570
2686 4270
2687 4271
2688 4834
2689 4244
2690 4237
2691 4271
2692 4244
2693 4568
2694 4273
2695 4180
2696 3160
2697 4325
2698 3990
2699 3970
2700 4282
2701 4552
2702 4228
2703 1241
2704 1253
2705 3156
2706 2401
2707 722
2708 4342
2709 4311
2710 2397
2711 1178
2712 517
2713 1178
2714 2155
2715 532
2716 3725
2717 4176
2718 517
2719 3280
2720 4938
2721 1266
2722 539
2723 3541
2724 3280
2725 3272
2726 3151
2727 722
2728 3152
2729 3923
2730 2370
2731 4025
2732 3412
2733 438
2734 3553
2735 4033
2736 2109
2737 3152
2738 3988
2739 4842
2740 4236
2741 4572
2742 4572
2743 4843
2744 5054
2745 4857
2746 4984
2747 4979
2748 2930
2749 4240
2750 4241
2751 4180
2752 3160
2753 3902
2754 4025
2755 4025
2756 2122
2757 3272
2758 4517
2759 1328
2760 722
2761 3151
2762 796
2763 442
2764 483
2765 4180
2766 3581
2767 4313
2768 2103
2769 1144
2770 2401
2771 2401
2772 722
2773 3151
2774 3160
2775 3581
2776 432
2777 2155
2778 2129
2779 2842
2780 4657
2781 3441
2782 3990
2783 4311
2784 1308
2785 3948
2786 2412
2787 3947
2788 4226
2789 4234
2790 2752
2791 4226
2792 4229
2793 4229
2794 592
2795 2366
2796 3388
2797 2882
2798 435
2799 432
2800 3280
2801 2160
2802 4308
2803 1321
2804 4226
2805 2753
2806 4226
2807 4226
2808 4226
2809 4226
2810 4227
2811 4227
2812 4227
2813 1321
2814 4227
2815 2414
2816 4553
2817 4188
2818 722
2819 438
2820 478
2821 434
2822 4298
2823 3168
2824 1330
2825 3227
2826 3557
2827 486
2828 534
2829 2947
2830 2126
2831 3927
2832 3940
2833 530
2834 2942
2835 3152
2836 3546
2837 4310
2838 3227
2839 3547
2840 1155
2841 544
2842 3553
2843 3537
2844 796
2845 3151
2846 3988
2847 4270
2848 4242
2849 4246
2850 5054
2851 4843
2852 4865
2853 4855
2854 1476
2855 4243
2856 5054
2857 4856
2858 4845
2859 4850
2860 4865
2861 4568
2862 4242
2863 4575
2864 1127
2865 550
2866 3561
2867 3856
2868 3856
2869 1152
2870 2100
2871 3547
2872 2850
2873 4289
2874 4289
2875 4295
2876 3281
2877 4293
2878 3280
2879 2097
2880 1275
2881 626
2882 2401
2883 3955
2884 2368
2885 2881
2886 1125
2887 1266
2888 4230
2889 4226
2890 4000
2891 4552
2892 4574
2893 4574
2894 4231
2895 4227
2896 796
2897 1401
2898 3538
2899 4298
2900 3225
2901 3956
2902 4854
2903 4860
2904 4865
2905 4264
2906 4854
2907 4846
2908 4857
2909 4843
2910 4572
2911 4865
2912 4572
2913 4843
2914 4856
2915 4860
2916 4857
2917 4856
2918 4850
2919 4863
2920 4861
2921 4862
2922 4867
2923 4872
2924 4981
2925 5066
2926 3151
2927 1287
2928 579
2929 579
2930 628
2931 1230
2932 567
2933 3151
2934 4224
2935 3415
2936 4842
2937 4571
2938 4865
2939 796
2940 796
2941 4865
2942 4857
2943 3601
2944 3980
2945 589
2946 1265
2947 3280
2948 1280
2949 2878
2950 1380
2951 1368
2952 1380
2953 3410
2954 2869
2955 2872
2956 1138
2957 4566
2958 2389
2959 2389
2960 4855
2961 4857
2962 4862
2963 2930
2964 4984
2965 4986
2966 4982
2967 5087
2968 4951
2969 2930
2970 4982
2971 4947
2972 4862
2973 4865
2974 796
2975 3158
2976 4859
2977 4313
2978 4324
2979 439
2980 4025
2981 3988
2982 1153
2983 4939
2984 3289
2985 1265
2986 4570
2987 4236
2988 4559
2989 4857
2990 4860
2991 4836
2992 576
2993 2359
2994 1418
2995 2882
2996 3152
2997 722
2998 722
2999 4237
3000 3158
3001 3153
3002 549
3003 4542
3004 4567
3005 4559
3006 4856
3007 4319
3008 4571
3009 4174
3010 2103
3011 1266
3012 612
3013 1381
3014 2754
3015 4029
3016 1275
3017 2389
3018 4558
3019 3163
3020 722
3021 796
3022 3602
3023 3868
3024 3868
3025 3613
3026 3602
3027 3602
3028 3864
3029 3602
3030 4268
3031 4235
3032 3155
3033 4031
3034 722
3035 4845
3036 4347
3037 3603
3038 3613
3039 3864
3040 3613
3041 4938
3042 2415
3043 3160
3044 4865
3045 4570
3046 4566
3047 4227
3048 2930
3049 2930
3050 4985
3051 5088
3052 4851
3053 3864
3054 4003
3055 1280
3056 1275
3057 3160
3058 4854
3059 4862
3060 438
3061 1273
3062 620
3063 1140
3064 438
3065 3225
3066 478
3067 483
3068 455
3069 478
3070 2372
3071 3868
3072 4570
3073 796
3074 796
3075 3151
3076 3864
3077 3155
3078 3154
3079 1275
3080 625
3081 625
3082 625
3083 3922
3084 1135
3085 3151
3086 2276
3087 4856
3088 4856
3089 2930
3090 3156
3091 4859
3092 4025
3093 3555
3094 4553
3095 4319
3096 3605
3097 3603
3098 3602
3099 3602
3100 3864
3101 3613
3102 3601
3103 4938
3104 4347
3105 4939
3106 3156
3107 2402
3108 3151
3109 3151
3110 3156
3111 4236
3112 4865
3113 4862
3114 3410
3115 626
3116 3158
3117 3151
3118 4985
3119 4851
3120 4862
3121 4856
3122 4845
3123 4843
3124 1150
3125 1385
3126 1149
3127 2354
3128 3930
3129 3153
3130 4850
3131 4879
3132 3891
3133 3868
3134 3605
3135 4938
3136 3601
3137 3153
3138 3868
3139 796
3140 483
3141 483
3142 483
3143 3160
3144 2293
3145 4845
3146 4861
3147 4861
3148 4861
3149 4982
3150 452
3151 449
3152 2850
3153 3912
3154 4843
3155 3160
3156 4985
3157 790
3158 341
3159 492
3160 2136
3161 487
3162 2548
3163 2408
3164 2410
3165 2367
3166 4286
3167 3156
3168 2862
3169 3160
3170 2862
3171 3160
3172 4878
3173 2160
3174 4236
3175 3153
3176 722
3177 3602
3178 4310
3179 2362
3180 2360
3181 2752
3182 2752
3183 4566
3184 4574
3185 4566
3186 4574
3187 4574
3188 438
3189 4566
3190 4566
3191 4566
3192 4852
3193 5088
3194 4883
3195 3151
3196 3160
3197 483
3198 4352
3199 4942
3200 4942
3201 3601
3202 3601
3203 3605
3204 3602
3205 3420
3206 3912
3207 4236
3208 4232
3209 2248
3210 4566
3211 4000
3212 4000
3213 4232
3214 3160
3215 4352
3216 487
3217 2143
3218 1133
3219 2351
3220 4856
3221 4879
3222 3160
3223 4863
3224 4862
3225 4863
3226 4857
3227 4843
3228 4236
3229 3725
3230 3154
3231 541
3232 2365
3233 4845
3234 4867
3235 3923
3236 3922
3237 4282
3238 4938
3239 3225
3240 486
3241 2947
3242 2947
3243 2978
3244 2126
3245 2978
3246 2126
3247 2978
3248 2947
3249 2981
3250 2143
3251 4523
3252 564
3253 790
3254 4566
3255 510
3256 3155
3257 3154
3258 4864
3259 4872
3260 4873
3261 4874
3262 3156
3263 3868
3264 4877
3265 4874
3266 4770
3267 4642
3268 4639
3269 3737
3270 3737
3271 3744
3272 3747
3273 3738
3274 3753
3275 3751
3276 4749
3277 4985
3278 545
3279 4229
3280 4226
3281 4229
3282 4226
3283 4229
3284 3154
3285 3155
3286 3155
3287 3923
3288 3154
3289 3155
3290 3155
3291 3155
3292 3923
3293 3154
3294 3154
3295 4877
3296 3155
3297 3160
3298 483
3299 3160
3300 4942
3301 4888
3302 4744
3303 4749
3304 3750
3305 3753
3306 3758
3307 3746
3308 3761
3309 3746
3310 3753
3311 4864
3312 4569
3313 1385
3314 2129
3315 4231
3316 4231
3317 4227
3318 4227
3319 4226
3320 4234
3321 2410
3322 2753
3323 2752
3324 4865
3325 1476
3326 3923
3327 3154
3328 3155
3329 3155
3330 790
3331 2408
3332 4031
3333 4227
3334 482
3335 3155
3336 3923
3337 3155
3338 4872
3339 4565
3340 3864
3341 4231
3342 4227
3343 4231
3344 4574
3345 4574
3346 4574
3347 3160
3348 3155
3349 4875
3350 4349
3351 4861
3352 484
3353 490
3354 4538
3355 3352
3356 4876
3357 5088
3358 4875
3359 5064
3360 4620
3361 4631
3362 4631
3363 4632
3364 4772
3365 4874
3366 4982
3367 3920
3368 546
3369 536
3370 4226
3371 4574
3372 4512
3373 3922
3374 4942
3375 790
3376 3868
3377 510
3378 510
3379 478
3380 4857
3381 4236
3382 451
3383 4566
3384 4574
3385 3920
3386 4347
3387 4352
3388 3920
3389 3923
3390 3160
3391 3161
3392 483
3393 4985
3394 3728
3395 2410
3396 2754
3397 3720
3398 3720
3399 2756
3400 2744
3401 568
3402 2365
3403 4031
3404 4352
3405 483
3406 3601
3407 4942
3408 483
3409 2127
3410 4356
3411 4574
3412 4232
3413 3606
3414 4351
3415 3923
3416 3601
3417 4942
3418 3602
3419 5081
3420 5060
3421 5067
3422 5065
3423 5070
3424 4618
3425 4630
3426 4629
3427 4629
3428 3748
3429 3778
3430 3744
3431 2450
3432 2501
3433 4772
3434 5075
3435 2750
3436 2362
3437 4224
3438 4227
3439 4560
3440 4232
3441 541
3442 4352
3443 4351
3444 4513
3445 790
3446 3605
3447 5081
3448 1150
3449 4000
3450 4574
3451 3602
3452 3602
3453 3601
3454 3868
3455 3923
3456 3868
3457 3613
3458 4351
3459 4347
3460 4942
3461 510
3462 510
3463 4863
3464 1137
3465 5054
3466 2379
3467 4880
3468 3922
3469 3160
3470 3160
3471 3602
3472 3601
3473 3160
3474 4773
3475 5092
3476 4772
3477 510
3478 4538
3479 2348
3480 5054
3481 4574
3482 1151
3483 4227
3484 4231
3485 4864
3486 3601
3487 3601
3488 3601
3489 483
3490 5077
3491 5081
3492 3410
3493 4772
3494 4746
3495 4768
3496 3420
3497 2135
3498 2147
3499 2753
3500 2401
3501 2744
3502 4874
3503 2750
3504 1153
3505 520
3506 2756
3507 3852
3508 4862
3509 4857
3510 3225
3511 4523
3512 2747
3513 4227
3514 4229
3515 4229
3516 4227
3517 4227
3518 4227
3519 510
3520 483
3521 4986
3522 4229
3523 2756
3524 2862
3525 510
3526 510
3527 5075
3528 4774
3529 4628
3530 3749
3531 3740
3532 3738
3533 3746
3534 2433
3535 4599
3536 3478
3537 2449
3538 4203
3539 4773
3540 4746
3541 4747
3542 4609
3543 4600
3544 2503
3545 4608
3546 4607
3547 3747
3548 4643
3549 452
3550 4856
3551 4856
3552 486
3553 2930
3554 2410
3555 4234
3556 2348
3557 2408
3558 4888
3559 4953
3560 4950
3561 4872
3562 483
3563 4760
3564 4608
3565 4609
3566 2502
3567 4767
3568 4746
3569 4745
3570 4747
3571 449
3572 2365
3573 510
3574 510
3575 510
3576 4647
3577 4769
3578 547
3579 537
3580 4227
3581 4226
3582 4226
3583 5092
3584 4613
3585 2496
3586 4646
3587 4747
3588 4648
3589 576
3590 3555
3591 2756
3592 4234
3593 2752
3594 2753
3595 2750
3596 2136
3597 490
3598 2142
3599 4856
3600 4560
3601 3848
3602 4873
3603 4634
3604 4764
3605 4612
3606 2496
3607 516
3608 4232
3609 1476
3610 2301
3611 4248
3612 2360
3613 2355
3614 3757
3615 2486
3616 4614
3617 4611
3618 4985
3619 4986
3620 4248
3621 4248
3622 5064
3623 5068
3624 5073
3625 4635
3626 4637
3627 4569
3628 3555
3629 3223
3630 5074
3631 4768
3632 4231
3633 2410
3634 3561
3635 536
3636 4523
3637 4234
3638 2744
3639 5092
3640 3778
3641 568
3642 2841
3643 517
3644 1476
3645 4226
3646 4226
3647 4608
3648 3728
3649 3746
3650 2750
3651 4227
3652 2981
3653 2978
3654 3557
3655 2744
3656 4773
3657 4768
3658 4865
3659 2752
3660 2354
3661 454
3662 2132
3663 2142
3664 2136
3665 3728
3666 1150
3667 1152
3668 534
3669 2947
3670 4517
3671 4001
3672 547
3673 538
3674 569
3675 2450
3676 3777
3677 2491
3678 4206
3679 2510
3680 2467
3681 3663
3682 3663
3683 3663
3684 3663
3685 3663
3686 3663
3687 3663
3688 3663
3689 3663
3690 3663
3691 3663
3692 3663
3693 2505
3694 2491
3695 2481
3696 4863
3697 2462
3698 2462
3699 2462
3700 2462
3701 2462
3702 2462
3703 2454
3704 2510
3705 2526
3706 2510
3707 2466
3708 2454
3709 3663
3710 3663
3711 3663
3712 3663
3713 3663
3714 3663
3715 3663
3716 2462
3717 2454
3718 2454
3719 2454
3720 2455
3721 2453
3722 2510
3723 2452
3724 2509
3725 2531
3726 2531
3727 2481
3728 2508
3729 2498
3730 2454
3731 2454
3732 3663
3733 3663
3734 3663
3735 3663
3736 3663
3737 3663
3738 3663
3739 3663
3740 3663
3741 3663
3742 3663
3743 2462
3744 2462
3745 2462
3746 2462
3747 2462
3748 2454
3749 2454
3750 2143
3751 2947
3752 2143
3753 536
3754 484
3755 5065
3756 5065
3757 4997
3758 484
3759 3744
3760 3780
3761 2505
3762 3760
3763 3475
3764 4985
3765 2487
3766 2504
3767 3777
3768 2457
3769 3776
3770 3725
3771 2454
3772 2510
3773 2524
3774 2530
3775 2448
3776 4611
3777 2756
3778 484
3779 3737
3780 4772
3781 5092
3782 2408
3783 2466
3784 2455
3785 4610
3786 4231
3787 5067
3788 5071
3789 5067
3790 3728
3791 4601
3792 2454
3793 2454
3794 2454
3795 2508
3796 2461
3797 4230
3798 2752
3799 2756
3800 5059
3801 2355
3802 5081
3803 2467
3804 4637
3805 2466
3806 4248
3807 4862
3808 2147
3809 5057
3810 4771
3811 4616
3812 3758
3813 1151
3814 2493
3815 3777
3816 2432
3817 4206
3818 2455
3819 2453
3820 2453
3821 4206
3822 4574
3823 527
3824 3940
3825 4201
3826 547
3827 4158
3828 2526
3829 2467
3830 4599
3831 4204
3832 2493
3833 2445
3834 4873
3835 4868
3836 5066
3837 5067
3838 4982
3839 5088
3840 2466
3841 2510
3842 2466
3843 2529
3844 2457
3845 579
3846 2750
3847 2509
3848 2524
3849 2467
3850 2502
3851 517
3852 450
3853 486
3854 4980
3855 4000
3856 2510
3857 2510
3858 2526
3859 2529
3860 4206
3861 4767
3862 4574
3863 3930
3864 3725
3865 3930
3866 2362
3867 3750
3868 2361
3869 536
3870 2508
3871 2491
3872 4574
3873 4236
3874 2960
3875 2126
3876 4954
3877 5066
3878 4201
3879 2360
3880 4874
3881 2450
3882 3776
3883 2510
3884 2452
3885 2930
3886 3930
3887 3758
3888 3663
3889 3663
3890 3663
3891 4632
3892 4233
3893 2491
3894 527
3895 4953
3896 3940
3897 2756
3898 2482
3899 579
3900 4768
3901 2461
3902 2930
3903 5060
3904 3744
3905 3745
3906 4203
3907 4872
3908 5063
3909 5070
3910 4981
3911 4624
3912 4619
3913 4630
3914 4227
3915 4227
3916 516
3917 2462
3918 2462
3919 2462
3920 2457
3921 2462
3922 2457
3923 2462
3924 2462
3925 2462
3926 2462
3927 3088
3928 2462
3929 3663
3930 3663
3931 3663
3932 3663
3933 3663
3934 3663
3935 2455
3936 2457
3937 3663
3938 3663
3939 3663
3940 3663
3941 3663
3942 3663
3943 3663
3944 3663
3945 2466
3946 3468
3947 2527
3948 2525
3949 2452
3950 2509
3951 3477
3952 3464
3953 2527
3954 2453
3955 2457
3956 2930
3957 4565
3958 2960
3959 4234
3960 2410
3961 3940
3962 4201
3963 1152
3964 2362
3965 3930
3966 2367
3967 2450
3968 2450
3969 4234
3970 1476
3971 2143
3972 2979
3973 4614
3974 2481
3975 4985
3976 4622
3977 3940
3978 2126
3979 3940
3980 3940
3981 3940
3982 4629
3983 2454
3984 2467
3985 3663
3986 4742
3987 4234
3988 2126
3989 4729
3990 4574
3991 2452
3992 2930
3993 4523
3994 4538
3995 2753
3996 2126
3997 3930
3998 578
3999 2529
4000 3760
4001 3474
4002 4227
4003 2455
4004 2947
4005 2978
4006 2978
4007 2978
4008 4538
4009 2978
4010 2753
4011 2978
4012 2947
4013 2981
4014 2978
4015 3940
4016 3940
4017 2126
4018 2126
4019 2978
4020 2978
4021 2978
4022 2978
4023 2947
4024 2947
4025 2947
4026 2947
4027 2947
4028 2947
4029 2947
4030 2947
4031 2943
4032 3347
4033 2126
4034 3663
4035 3753
4036 3745
4037 4984
4038 4232
4039 4605
4040 2454
4041 4234
4042 2456
4043 2754
4044 2143
4045 2979
4046 2941
4047 2529
4048 4204
4049 2529
4050 5073
4051 2947
4052 2947
4053 4523
4054 2978
4055 2978
4056 2947
4057 2947
4058 5056
4059 2752
4060 3930
4061 2142
4062 4985
4063 2510
4064 4756
4065 2978
4066 2947
4067 2947
4068 2947
4069 3738
4070 3754
4071 5060
4072 4851
4073 1476
4074 4644
4075 4627
4076 4628
4077 2457
4078 2462
4079 5066
4080 4950
4081 4980
4082 2140
4083 5061
4084 2947
4085 2947
4086 4234
4087 3663
4088 3663
4089 2462
4090 2462
4091 2462
4092 3663
4093 2462
4094 3663
4095 3930
4096 2126
4097 2126
4098 2126
4099 2942
4100 2955
4101 2955
4102 2940
4103 4491
4104 4488
4105 4485
4106 4491
4107 2941
4108 3737
4109 3930
4110 2450
4111 5069
4112 3663
4113 3663
4114 3663
4115 3663
4116 3663
4117 3663
4118 3663
4119 3663
4120 3663
4121 3663
4122 3663
4123 3663
4124 3663
4125 3663
4126 3663
4127 3663
4128 3663
4129 3663
4130 3663
4131 3663
4132 3663
4133 3663
4134 3663
4135 3663
4136 3663
4137 3663
4138 3663
4139 3663
4140 3663
4141 3663
4142 3663
4143 3663
4144 3663
4145 3663
4146 3663
4147 3663
4148 3663
4149 3663
4150 3663
4151 3663
4152 3663
4153 3663
4154 3663
4155 3663
4156 3663
4157 3663
4158 3663
4159 3663
4160 3663
4161 3663
4162 2947
4163 2947
4164 4757
4165 3746
4166 2449
4167 3775
4168 2466
4169 3663
4170 3663
4171 3663
4172 3663
4173 3663
4174 3663
4175 3663
4176 3663
4177 3663
4178 3663
4179 3663
4180 3663
4181 3663
4182 2147
4183 2143
4184 2143
4185 4627
4186 4201
4187 2930
4188 3663
4189 3663
4190 3663
4191 3663
4192 3663
4193 3663
4194 3663
4195 3663
4196 3663
4197 3663
4198 3663
4199 4951
4200 4951
4201 4979
4202 2449
4203 516
4204 530
4205 2452
4206 2454
4207 2461
4208 3663
4209 3663
4210 3663
4211 3663
4212 3663
4213 3663
4214 3663
4215 3663
4216 3663
4217 3663
4218 3663
4219 3663
4220 3663
4221 3663
4222 3663
4223 5066
4224 4538
4225 2142
4226 4229
4227 4227
4228 1476
4229 2481
4230 3469
4231 3663
4232 2930
4233 4574
4234 5074
4235 2930
4236 3663
4237 3663
4238 2962
4239 5059
4240 2526
4241 3779
4242 2455
4243 2142
4244 2142
4245 2143
4246 530
4247 2941
4248 4981
4249 3748
4250 3776
4251 3774
4252 2462
4253 2462
4254 2456
4255 2457
4256 2930
4257 3663
4258 4634
4259 3747
4260 3749
4261 4615
4262 3463
4263 4985
4264 4232
4265 2450
4266 2450
4267 3776
4268 2301
4269 2143
4270 2981
4271 2947
4272 2981
4273 5060
4274 5067
4275 5060
4276 3663
4277 3663
4278 4601
4279 3761
4280 4755
4281 4620
4282 2126
4283 2952
4284 4232
4285 1152
4286 3753
4287 2510
4288 3663
4289 3663
4290 3663
4291 3663
4292 2143
4293 2981
4294 5068
4295 4628
4296 5066
4297 4574
4298 5088
4299 2448
4300 5056
4301 3663
4302 4756
4303 4574
4304 2947
4305 2449
4306 3737
4307 3745
4308 2457
4309 2457
4310 2930
4311 2930
4312 3663
4313 5070
4314 4981
4315 2143
4316 2448
4317 3776
4318 4204
4319 3753
4320 532
4321 2466
4322 2455
4323 2456
4324 2930
4325 2930
4326 2248
4327 534
4328 516
4329 2449
4330 3663
4331 2930
4332 4538
4333 2930
4334 2941
4335 2516
4336 2510
4337 3463
4338 2445
4339 2450
4340 4758
4341 2462
4342 4947
4343 3750
4344 3750
4345 3741
4346 2301
4347 4630
4348 4599
4349 2457
4350 2930
4351 4621
4352 2449
4353 2448
4354 4636
4355 2510
4356 3663
4357 3663
4358 3663
4359 3663
4360 3663
4361 4630
4362 2930
4363 3746
4364 3663
4365 3663
4366 3663
4367 3663
4368 2941
4369 1476
4370 4628
4371 3747
4372 3748
4373 4538
4374 2941
4375 4822
4376 3347
4377 2959
4378 2947
4379 2947
4380 2952
4381 2947
4382 3351
4383 4491
4384 4491
4385 4496
4386 4487
4387 843
4388 828
4389 2803
4390 829
4391 2941
4392 2942
4393 4616
4394 2461
4395 2941
4396 2462
4397 3663
4398 3663
4399 2940
4400 3347
4401 4627
4402 4629
4403 4627
4404 2457
4405 3663
4406 3663
4407 2941
4408 3748
4409 3663
4410 3663
4411 3663
4412 3663
4413 3663
4414 3347
4415 3663
4416 3663
4417 3663
4418 3663
4419 2952
4420 3663
4421 3663
4422 3663
4423 3663
4424 2941
4425 4722
4426 4822
4427 4822
4428 2941
4429 2941
4430 2952
4431 2940
4432 3351
4433 4486
4434 4485
4435 4149
4436 2541
4437 2541
4438 4151
4439 4486
4440 3640
4441 2940
4442 4489
4443 2941
4444 3351
4445 2940
4446 2942
4447 4496
4448 3663
4449 3663
4450 3663
4451 4496
4452 4150
4453 2940
4454 3663
4455 3663
4456 2941
4457 3347
4458 3663
4459 3663
4460 3663
4461 3663
4462 3663
4463 3663
4464 3663
4465 4490
4466 4498
4467 3351
4468 4722
4469 4493
4470 2935
4471 3663
4472 3663
4473 3663
4474 3663
4475 4496
4476 4485
4477 4151
4478 2942
4479 4488
4480 4486
4481 2940
4482 3347
4483 3347
4484 4491
4485 4488
4486 4151
4487 4496
4488 4485
4489 4492
4490 3351
4491 3663
4492 3351
4493 4486
4494 3663
4495 3663
4496 3663
4497 3663
4498 3663
4499 3663
4500 3663
4501 3663
4502 3663
4503 3663
4504 3663
4505 3663
4506 3663
4507 3663
4508 3663
4509 3663
4510 3663
4511 4492
4512 4487
4513 3663
4514 3663
4515 3663
4516 3663
4517 4496
4518 3663
4519 4485
4520 3351
4521 2940
4522 4722
4523 4495
4524 4488
4525 4491
4526 4725
4527 4485
4528 4492
4529 4150
4530 4722
4531 4151
4532 4507
4533 3351
4534 4486
4535 4485
4536 3783
4537 4149
4538 4151
4539 4491
4540 4493
4541 4485
4542 4149
4543 4149
4544 806
4545 807
4546 828
4547 813
4548 902
4549 902
4550 2802
4551 902
4552 905
4553 3618
4554 904
4555 2815
4556 827
4557 4220
4558 2805
4559 3570
4560 3105
4561 4511
4562 4511
4563 4511
4564 4511
4565 4511
4566 4511
4567 4511
4568 3103
4569 3103
4570 4511
4571 4511
4572 4511
4573 4511
4574 2541
4575 4149
4576 4149
4577 4147
4578 846
4579 829
4580 4149
4581 4487
4582 4149
4583 806
4584 4486
4585 4485
4586 4492
4587 4149
4588 4147
4589 4147
4590 4151
4591 4149
4592 4149
4593 805
4594 805
4595 829
4596 4485
4597 4487
4598 844
4599 4149
4600 4149
4601 4149
4602 4149
4603 4149
4604 4150
4605 4149
4606 4493
4607 4149
4608 4151
4609 4149
4610 799
4611 4147
4612 843
4613 829
4614 805
4615 829
4616 812
4617 2802
4618 826
4619 905
4620 2805
4621 3570
4622 969
4623 933
4624 4184
4625 3105
4626 4511
4627 4511
4628 4511
4629 4511
4630 4511
4631 4511
4632 996
4633 2820
4634 957
4635 969
4636 970
4637 2813
4638 905
4639 2802
4640 805
4641 844
4642 957
4643 805
4644 846
4645 828
4646 812
4647 2802
4648 4147
4649 4151
4650 815
4651 834
4652 812
4653 2802
4654 787
4655 904
4656 815
4657 813
4658 846
4659 4151
4660 4511
4661 4511
4662 4511
4663 4511
4664 4511
4665 3103
4666 3103
4667 3103
4668 3103
4669 3103
4670 4511
4671 957
4672 3105
4673 3103
4674 4511
4675 4511
4676 3103
4677 3116
4678 813
4679 4511
4680 4511
4681 4511
4682 4511
4683 4511
4684 828
4685 4511
4686 4511
4687 4511
4688 2802
4689 4149
4690 4149
4691 4511
4692 4511
4693 4511
4694 4511
4695 4151
4696 799
4697 4149
4698 4485
4699 4511
4700 4511
4701 787
4702 4511
4703 4149
4704 4511
4705 902
4706 3105
4707 3103
4708 4511
4709 869
4710 966
4711 869
4712 3103
4713 3105
4714 4511
4715 902
4716 812
4717 829
4718 3103
4719 3103
4720 3103
4721 3103
4722 829
4723 846
4724 4511
4725 902
4726 829
4727 787
4728 813
4729 904
4730 806
4731 902
4732 806
4733 3103
4734 3103
4735 3103
4736 834
4737 904
4738 3103
4739 917
4740 846
4741 4511
4742 4511
4743 805
4744 826
4745 3105
4746 2827
4747 966
4748 966
4749 971
4750 2802
4751 826
4752 904
4753 806
4754 813
4755 4220
4756 3618
4757 4149
4758 806
4759 927
4760 3570
4761 3570
4762 4220
4763 4220
4764 4511
4765 806
4766 908
4767 906
4768 4511
4769 813
4770 816
4771 829
4772 3103
4773 3103
4774 4511
4775 2813
4776 4220
4777 927
4778 927
4779 865
4780 3570
4781 964
4782 969
4783 2829
4784 3618
4785 4511
4786 4511
4787 4511
4788 4511
4789 904
4790 813
4791 813
4792 3103
4793 927
4794 971
4795 826
4796 3103
4797 3570
4798 971
4799 2813
4800 4511
4801 829
4802 805
4803 971
4804 4511
4805 4511
4806 4511
4807 3105
4808 2825
4809 4184
4810 957
4811 3116
4812 4184
4813 3116
4814 4184
4815 4511
4816 865
4817 3103
4818 4511
4819 815
4820 3103
4821 970
4822 970
4823 2829
4824 870
4825 805
4826 3618
4827 902
4828 3618
4829 2805
4830 3572
4831 3618
4832 828
4833 4511
4834 4511
4835 4511
4836 4511
4837 4511
4838 3105
4839 4511
4840 4511
4841 4511
4842 3105
4843 996
4844 2805
4845 3572
4846 4511
4847 4511
4848 4511
4849 4511
4850 4184
4851 2811
4852 3572
4853 904
4854 807
4855 2803
4856 902
4857 3570
4858 2811
4859 3103
4860 4184
4861 2825
4862 2825
4863 996
4864 964
4865 867
4866 3106
4867 3101
4868 3103
4869 2802
4870 846
4871 3101
4872 3105
4873 829
4874 846
4875 3618
4876 958
4877 867
4878 908
4879 3103
4880 4511
4881 3103
4882 4511
4883 2805
4884 964
4885 3570
4886 828
4887 812
4888 904
4889 813
4890 812
4891 4511
4892 3103
4893 3103
4894 970
4895 880
4896 988
4897 905
4898 815
4899 966
4900 957
4901 2829
4902 905
4903 905
4904 826
4905 2802
4906 3618
4907 902
4908 4511
4909 4511
4910 904
4911 4182
4912 3572
4913 970
4914 971
4915 4511
4916 971
4917 3570
4918 970
4919 2826
4920 2829
4921 957
4922 957
4923 966
4924 966
4925 241
4926 242
4927 233
4928 242
4929 242
4930 242
4931 242
4932 245
4933 242
4934 242
4935 242
4936 2886
4937 241
4938 241
4939 241
4940 241
4941 241
4942 241
4943 2651
4944 1893
4945 3682
4946 3682
4947 3682
4948 3682
4949 3682
4950 3682
4951 3682
4952 2648
4953 2653
4954 3682
4955 3682
4956 1951
4957 1894
4958 3682
4959 4050
4960 4047
4961 3504
4962 3682
4963 3682
4964 3682
4965 2607
4966 2607
4967 2607
4968 3682
4969 3682
4970 1894
4971 1945
4972 1951
4973 3682
4974 2653
4975 2651
4976 1937
4977 1945
4978 4040
4979 4041
4980 4050
4981 3682
4982 1938
4983 4052
4984 4091
4985 2647
4986 2607
4987 2647
4988 3682
4989 3682
4990 3682
4991 4041
4992 3682
4993 3682
4994 1894
4995 2607
4996 3682
4997 3682
4998 4042
4999 2650
5000 2653
5001 2647
5002 4046
5003 1882
5004 2651
5005 3682
5006 3682
5007 3682
5008 1894
5009 2607
5010 3682
5011 3682
5012 3682
5013 3682
5014 3682
5015 2653
5016 3682
5017 2076
5018 3262
5019 658
5020 633
5021 2076
5022 633
5023 634
5024 632
5025 3519
5026 3519
5027 3523
5028 633
5029 641
5030 2073
5031 2035
5032 796
5033 796
5034 796
5035 796
5036 796
5037 796
5038 796
5039 796
5040 796
5041 3987
5042 4232
5043 4232
5044 4120
5045 4590
5046 4236
5047 4236
5048 4559
5049 5009
5050 4578
5051 4250
5052 5009
5053 4315
5054 4235
5055 3160
5056 3663
5057 3663
5058 3663
5059 2454
5060 3663
5061 3663
5062 3663
5063 3663
5064 3663
5065 3663
5066 3663
5067 3663
5068 3663
5069 2462
5070 2462
5071 3663
5072 2462
5073 2462
5074 2462
5075 2462
5076 2463
5077 2462
5078 2462
5079 2462
5080 2462
5081 3663
5082 3663
5083 3663
5084 3663
5085 3663
5086 3663
5087 2462
5088 3663
5089 3663
5090 3663
5091 3663
5092 3663
5093 3663
5094 2462
5095 2462
5096 2462
5097 2462
5098 3663
5099 3663
5100 3663
5101 3663
5102 2463
5103 3663
5104 3663
5105 2457
5106 2947
5107 2947
5108 3347
5109 2952
5110 3940
5111 2126
5112 2978
5113 2947
5114 2941
5115 2941
5116 3347
5117 2947
5118 2947
5119 2978
5120 2947
5121 2947
5122 2947
5123 2978
5124 2947
5125 2978
5126 3663
5127 4511
5128 4511
5129 4511
5130 905
5131 4511
5132 4511
5133 933
5134 2813
5135 3570
5136 3105
5137 4511
5138 4511
5139 4511
5140 805
5141 2457
5142 2647
5143 4052
5144 4052
5145 4042
5146 4050
5147 4091
5148 2652
5149 4048
5150 2651
5151 4578
5152 4860
5153 4578
5154 5009
5155 5009
5156 5009
5157 4245
5158 4245
5159 4245
5160 4581
5161 4264
5162 4860
5163 4581
5164 4264
5165 5009
5166 4264
5167 4264
5168 4860
5169 4860
5170 5009
5171 4241
5172 4245
5173 4251
5174 4860
5175 4860
5176 4264
5177 4264
5178 5009
5179 4251
5180 4260
5181 5009
5182 4252
5183 5009
5184 4860
5185 4833
5186 4264
5187 4264
5188 5009
5189 4252
5190 4252
5191 5009
5192 4050
5193 2603
5194 4050
5195 2603
5196 4050
5197 4042
5198 4234
