0 47
1 165
2 2426
3 7
4 4
5 134
6 143
7 139
8 66
9 170
10 76
11 66
12 165
13 106
14 47
15 165
16 76
17 1342
18 21
19 165
20 165
21 48
22 2436
23 132
24 21
25 107
26 128
27 165
28 48
29 1344
30 1342
31 35
32 142
33 132
34 87
35 125
36 34
37 32
38 134
39 106
40 165
41 2426
42 39
43 18
44 41
45 43
46 47
47 165
48 200
49 169
50 47
51 51
52 165
53 80
54 51
55 152
56 79
57 11
58 139
59 22
60 21
61 35
62 35
63 142
64 15
65 4
66 4
67 43
68 1825
69 38
70 170
71 170
72 47
73 47
74 2641
75 200
76 1344
77 858
78 1344
79 840
80 839
81 52
82 180
83 181
84 179
85 107
86 80
87 40
88 81
89 107
90 1344
91 40
92 47
93 123
94 1344
95 90
96 185
97 2438
98 165
99 93
100 169
101 15
102 134
103 181
104 36
105 100
106 7
107 139
108 170
109 134
110 134
111 2641
112 79
113 59
114 2677
115 43
116 142
117 4
118 43
119 106
120 4
121 200
122 142
123 4
124 118
125 22
126 17
127 29
128 39
129 123
130 107
131 90
132 128
133 119
134 3387
135 200
136 170
137 200
138 1344
139 134
140 41
141 2438
142 170
143 2436
144 143
145 35
146 2586
147 11
148 35
149 143
150 4
151 2426
152 2438
153 2641
154 165
155 165
156 106
157 190
158 190
159 190
160 839
161 190
162 839
163 840
164 158
165 158
166 198
167 839
168 840
169 839
170 199
171 199
172 199
173 199
174 199
175 199
176 180
177 181
178 858
179 158
180 185
181 175
182 175
183 840
184 175
185 158
186 175
187 159
188 175
189 199
190 175
191 158
192 175
193 175
194 198
195 158
196 199
197 198
198 192
199 152
200 190
201 192
202 192
203 839
204 198
205 190
206 190
207 158
208 190
209 190
210 839
211 840
212 158
213 199
214 192
215 192
216 199
217 468
218 273
219 2518
220 1599
221 838
222 1424
223 766
224 1804
225 2341
226 2502
227 2447
228 2242
229 674
230 886
231 886
232 2220
233 488
234 2453
235 1496
236 1496
237 724
238 1599
239 513
240 1603
241 487
242 1797
243 1528
244 2196
245 2501
246 251
247 886
248 819
249 853
250 886
251 886
252 886
253 886
254 1566
255 236
256 1560
257 4988
258 503
259 248
260 935
261 248
262 248
263 256
264 1393
265 513
266 886
267 886
268 785
269 1353
270 2338
271 886
272 1530
273 1804
274 1660
275 4301
276 476
277 34
278 1812
279 2817
280 882
281 466
282 1665
283 1678
284 522
285 682
286 330
287 524
288 1796
289 1672
290 663
291 2243
292 1774
293 490
294 457
295 457
296 490
297 2302
298 1667
299 2369
300 1592
301 330
302 2358
303 321
304 281
305 2243
306 1686
307 1686
308 1764
309 871
310 1419
311 537
312 1796
313 622
314 314
315 721
316 622
317 721
318 721
319 1689
320 1499
321 602
322 475
323 322
324 2232
325 552
326 324
327 412
328 2243
329 2233
330 1688
331 2310
332 331
333 1702
334 333
335 1702
336 339
337 339
338 2240
339 635
340 353
341 353
342 2327
343 2327
344 1715
345 2330
346 343
347 345
348 639
349 2200
350 2200
351 2251
352 632
353 2251
354 2210
355 358
356 493
357 555
358 2238
359 435
360 425
361 425
362 362
363 2330
364 2330
365 2236
366 2251
367 372
368 372
369 1739
370 2251
371 417
372 380
373 380
374 440
375 382
376 1718
377 1718
378 1718
379 1718
380 387
381 1754
382 421
383 1733
384 1733
385 386
386 1756
387 2335
388 1756
389 1760
390 379
391 1754
392 717
393 1975
394 1748
395 1990
396 2374
397 1978
398 1978
399 1992
400 1976
401 1851
402 2371
403 1839
404 1845
405 1976
406 1992
407 1976
408 1846
409 1992
410 719
411 540
412 718
413 406
414 719
415 1698
416 324
417 412
418 555
419 632
420 2198
421 416
422 1722
423 1756
424 1976
425 1988
426 1989
427 1784
428 1763
429 706
430 498
431 364
432 2237
433 358
434 493
435 710
436 430
437 438
438 2251
439 641
440 714
441 2332
442 2251
443 1724
444 1732
445 1720
446 1718
447 1741
448 2334
449 2327
450 1428
451 1433
452 921
453 886
454 2537
455 1786
456 3025
457 4889
458 3025
459 4889
460 4748
461 4774
462 2344
463 4669
464 2964
465 2387
466 2997
467 623
468 663
469 277
470 1628
471 853
472 880
473 1629
474 1570
475 783
476 475
477 475
478 1405
479 471
480 2305
481 1565
482 1566
483 251
484 2338
485 886
486 886
487 2341
488 2298
489 1776
490 490
491 706
492 1787
493 1784
494 1787
495 710
496 495
497 721
498 495
499 2358
500 2356
501 4774
502 4749
503 886
504 256
505 256
506 2338
507 2338
508 2341
509 2338
510 2341
511 1600
512 1495
513 468
514 1497
515 1497
516 273
517 4668
518 468
519 468
520 724
521 2677
522 853
523 1497
524 724
525 702
526 2214
527 2214
528 724
529 3060
530 4260
531 2408
532 921
533 2444
534 227
535 1588
536 539
537 539
538 540
539 2311
540 539
541 545
542 2270
543 494
544 494
545 495
546 721
547 549
548 723
549 316
550 550
551 548
552 548
553 303
554 324
555 326
556 2329
557 632
558 430
559 2214
560 2214
561 2198
562 2199
563 642
564 1724
565 648
566 1756
567 1989
568 961
569 571
570 571
571 789
572 758
573 1615
574 961
575 789
576 789
577 1371
578 886
579 782
580 256
581 467
582 571
583 1372
584 572
585 572
586 590
587 947
588 819
589 819
590 2497
591 215
592 1496
593 1495
594 482
595 1529
596 782
597 886
598 941
599 941
600 2304
601 1371
602 1810
603 270
604 285
605 306
606 2270
607 2278
608 490
609 4778
610 621
611 621
612 2310
613 622
614 622
615 622
616 313
617 1499
618 1691
619 1702
620 1702
621 672
622 339
623 1715
624 2213
625 632
626 712
627 2210
628 427
629 2328
630 636
631 2328
632 2331
633 370
634 380
635 1720
636 1756
637 2335
638 391
639 1730
640 1760
641 1760
642 1976
643 1989
644 656
645 717
646 2318
647 565
648 1978
649 421
650 1846
651 2374
652 498
653 2386
654 498
655 662
656 494
657 1672
658 1773
659 2226
660 1764
661 678
662 1764
663 1786
664 871
665 871
666 2238
667 361
668 2330
669 632
670 1702
671 333
672 1406
673 1510
674 4778
675 1776
676 1776
677 1774
678 664
679 2205
680 664
681 1779
682 1672
683 256
684 256
685 912
686 888
687 1372
688 1393
689 1393
690 1393
691 578
692 588
693 1349
694 1622
695 1371
696 283
697 703
698 722
699 1784
700 1715
701 493
702 710
703 2331
704 370
705 380
706 2361
707 2335
708 1748
709 2374
710 314
711 721
712 720
713 721
714 719
715 721
716 721
717 548
718 316
719 721
720 721
721 838
722 1497
723 886
724 590
725 935
726 1667
727 1667
728 1672
729 423
730 2274
731 763
732 1597
733 2489
734 2489
735 934
736 1488
737 1492
738 1331
739 788
740 805
741 989
742 1492
743 1020
744 1492
745 994
746 986
747 1097
748 987
749 1454
750 1454
751 784
752 1464
753 975
754 1456
755 970
756 757
757 788
758 976
759 744
760 970
761 1443
762 833
763 744
764 1620
765 971
766 833
767 1492
768 1012
769 1058
770 788
771 1460
772 754
773 967
774 977
775 1443
776 833
777 1622
778 1621
779 1475
780 1449
781 1492
782 1097
783 1097
784 1449
785 1460
786 744
787 970
788 1042
789 1492
790 1020
791 1613
792 1488
793 967
794 969
795 754
796 975
797 833
798 970
799 785
800 1475
801 1012
802 1620
803 1460
804 975
805 744
806 757
807 1460
808 1460
809 481
810 591
811 1604
812 236
813 2338
814 886
815 886
816 256
817 789
818 467
819 789
820 2338
821 886
822 754
823 987
824 757
825 601
826 190
827 192
828 22
829 858
830 2430
831 119
832 29
833 1342
834 3060
835 192
836 190
837 152
838 152
839 838
840 853
841 3387
842 733
843 1672
844 840
845 840
846 840
847 180
848 158
849 839
850 840
851 1632
852 280
853 624
854 2239
855 2407
856 2538
857 4991
858 17
859 838
860 119
861 22
862 169
863 200
864 4
865 140
866 1609
867 880
868 880
869 140
870 1628
871 2506
872 940
873 881
874 1514
875 941
876 2341
877 2341
878 941
879 1359
880 939
881 912
882 1589
883 487
884 2338
885 2341
886 2341
887 2341
888 2341
889 941
890 886
891 930
892 819
893 2341
894 2341
895 488
896 488
897 1645
898 488
899 1589
900 256
901 256
902 2341
903 2341
904 590
905 935
906 1600
907 1645
908 819
909 212
910 888
911 1600
912 700
913 1366
914 503
915 1589
916 1594
917 886
918 886
919 819
920 487
921 1587
922 2341
923 1366
924 936
925 1603
926 1587
927 939
928 1515
929 1519
930 936
931 941
932 1605
933 1600
934 1600
935 1600
936 935
937 273
938 1605
939 590
940 1600
941 889
942 588
943 487
944 488
945 487
946 886
947 886
948 886
949 940
950 886
951 936
952 962
953 936
954 962
955 758
956 833
957 976
958 936
959 760
960 977
961 170
962 170
963 757
964 1460
965 1460
966 1456
967 805
968 773
969 1469
970 989
971 1097
972 987
973 786
974 748
975 1041
976 1041
977 1058
978 1332
979 1332
980 1317
981 1336
982 1012
983 1332
984 1336
985 1012
986 1058
987 1336
988 1028
989 1332
990 1336
991 1336
992 1012
993 1012
994 1332
995 996
996 1034
997 1111
998 1113
999 1191
1000 1124
1001 1090
1002 1034
1003 1034
1004 1071
1005 1111
1006 1230
1007 1132
1008 1227
1009 1034
1010 1068
1011 1216
1012 1128
1013 1227
1014 1120
1015 1128
1016 1000
1017 1322
1018 1322
1019 1111
1020 1024
1021 1227
1022 1216
1023 1227
1024 1111
1025 1120
1026 1209
1027 1128
1028 1216
1029 1216
1030 1166
1031 1024
1032 1126
1033 1227
1034 1216
1035 1216
1036 1124
1037 1191
1038 1124
1039 1113
1040 1132
1041 1100
1042 1128
1043 1071
1044 1029
1045 1100
1046 1166
1047 1166
1048 1227
1049 1071
1050 1100
1051 1029
1052 1090
1053 1029
1054 1315
1055 1140
1056 1315
1057 1315
1058 1339
1059 1320
1060 1032
1061 1032
1062 1090
1063 1216
1064 1169
1065 1024
1066 1216
1067 1227
1068 1227
1069 1166
1070 1068
1071 1216
1072 1216
1073 1166
1074 1113
1075 1322
1076 1227
1077 1217
1078 1166
1079 1216
1080 1216
1081 1227
1082 1114
1083 1216
1084 1216
1085 1216
1086 1216
1087 1029
1088 1218
1089 1024
1090 1216
1091 1332
1092 1100
1093 1322
1094 1000
1095 1070
1096 1216
1097 1166
1098 1216
1099 1227
1100 1227
1101 1172
1102 1071
1103 1109
1104 1191
1105 1205
1106 1216
1107 1012
1108 1216
1109 1166
1110 1227
1111 1154
1112 1166
1113 1216
1114 1169
1115 1227
1116 1154
1117 1216
1118 1216
1119 1212
1120 1216
1121 1166
1122 1169
1123 1216
1124 1212
1125 1216
1126 1155
1127 1216
1128 1155
1129 1155
1130 1155
1131 1169
1132 1216
1133 1216
1134 1216
1135 1166
1136 1166
1137 1216
1138 1216
1139 1227
1140 1227
1141 1227
1142 1227
1143 1227
1144 1216
1145 1216
1146 1216
1147 1216
1148 1166
1149 1216
1150 1216
1151 1166
1152 1166
1153 1216
1154 1216
1155 1227
1156 1216
1157 1216
1158 1216
1159 1227
1160 1227
1161 1216
1162 1216
1163 1216
1164 1166
1165 1227
1166 1227
1167 1227
1168 1216
1169 1216
1170 1216
1171 1227
1172 1163
1173 1216
1174 1163
1175 1166
1176 1163
1177 1163
1178 1212
1179 1166
1180 1212
1181 1155
1182 1212
1183 1163
1184 1166
1185 1166
1186 1155
1187 1216
1188 1155
1189 1216
1190 1155
1191 1155
1192 1155
1193 1155
1194 1212
1195 1163
1196 1166
1197 1216
1198 1216
1199 1216
1200 1216
1201 1216
1202 1166
1203 1166
1204 1216
1205 1227
1206 1227
1207 1216
1208 1166
1209 1227
1210 1227
1211 1150
1212 1100
1213 1216
1214 1166
1215 1227
1216 1227
1217 1216
1218 1166
1219 1227
1220 1216
1221 1216
1222 1166
1223 1216
1224 1227
1225 1216
1226 1166
1227 1216
1228 1227
1229 1227
1230 1216
1231 1216
1232 1216
1233 1216
1234 1166
1235 1227
1236 1227
1237 1166
1238 1227
1239 1227
1240 1216
1241 1227
1242 1216
1243 1163
1244 1216
1245 1163
1246 1227
1247 1163
1248 1163
1249 1216
1250 1216
1251 1166
1252 1216
1253 1216
1254 1172
1255 1166
1256 1216
1257 1216
1258 1166
1259 1172
1260 1227
1261 1227
1262 1216
1263 1216
1264 1216
1265 1216
1266 1216
1267 1166
1268 1216
1269 1216
1270 1216
1271 1227
1272 1227
1273 1216
1274 1216
1275 1216
1276 1227
1277 1216
1278 1166
1279 1216
1280 1216
1281 1227
1282 1216
1283 1227
1284 1216
1285 1216
1286 1166
1287 1216
1288 1227
1289 1223
1290 1166
1291 1227
1292 1227
1293 1216
1294 1166
1295 1227
1296 1216
1297 1172
1298 1227
1299 1172
1300 1227
1301 1227
1302 1227
1303 1172
1304 1216
1305 1216
1306 1216
1307 1227
1308 1172
1309 1216
1310 1216
1311 1216
1312 1216
1313 1216
1314 1216
1315 1216
1316 1216
1317 1216
1318 1216
1319 1172
1320 1216
1321 1216
1322 1216
1323 1216
1324 1166
1325 1166
1326 1166
1327 1216
1328 1216
1329 1216
1330 1108
1331 1216
1332 1227
1333 1227
1334 1216
1335 1216
1336 1216
1337 1216
1338 1166
1339 1227
1340 1216
1341 1227
1342 1216
1343 1216
1344 1216
1345 1227
1346 1216
1347 1166
1348 1216
1349 1216
1350 1227
1351 1227
1352 1216
1353 1216
1354 1172
1355 1227
1356 1227
1357 1166
1358 1216
1359 1227
1360 1166
1361 1216
1362 1024
1363 1216
1364 1166
1365 1223
1366 1216
1367 1216
1368 1120
1369 1059
1370 1120
1371 1223
1372 1216
1373 1216
1374 1128
1375 1128
1376 1120
1377 1216
1378 1166
1379 1216
1380 1209
1381 1191
1382 1070
1383 1140
1384 1140
1385 1128
1386 1024
1387 1024
1388 1090
1389 1204
1390 1024
1391 1128
1392 1128
1393 1071
1394 1249
1395 1140
1396 1140
1397 106
1398 165
1399 1496
1400 180
1401 1344
1402 858
1403 1344
1404 181
1405 1344
1406 766
1407 766
1408 572
1409 766
1410 800
1411 789
1412 789
1413 789
1414 1353
1415 572
1416 783
1417 783
1418 789
1419 789
1420 789
1421 766
1422 961
1423 967
1424 789
1425 758
1426 783
1427 886
1428 236
1429 236
1430 236
1431 886
1432 886
1433 886
1434 936
1435 962
1436 782
1437 899
1438 256
1439 899
1440 899
1441 886
1442 936
1443 940
1444 2338
1445 517
1446 566
1447 886
1448 1393
1449 886
1450 766
1451 936
1452 517
1453 963
1454 899
1455 886
1456 2489
1457 1393
1458 248
1459 572
1460 471
1461 2344
1462 1434
1463 2242
1464 1510
1465 4108
1466 1416
1467 471
1468 1799
1469 2535
1470 1500
1471 2440
1472 1427
1473 2447
1474 1558
1475 1560
1476 484
1477 1433
1478 2519
1479 273
1480 805
1481 1469
1482 805
1483 805
1484 805
1485 1460
1486 805
1487 1469
1488 1469
1489 805
1490 805
1491 788
1492 748
1493 1464
1494 1488
1495 1097
1496 1492
1497 1488
1498 1097
1499 1482
1500 1464
1501 994
1502 1097
1503 773
1504 980
1505 1042
1506 1020
1507 1487
1508 1490
1509 1487
1510 1475
1511 1488
1512 1492
1513 1488
1514 1020
1515 1490
1516 1058
1517 1332
1518 1331
1519 1332
1520 1012
1521 1336
1522 1332
1523 1012
1524 1332
1525 1332
1526 1012
1527 1028
1528 1041
1529 1332
1530 1314
1531 1339
1532 1332
1533 1075
1534 1332
1535 1041
1536 1075
1537 1314
1538 468
1539 4668
1540 724
1541 724
1542 468
1543 882
1544 1505
1545 471
1546 209
1547 471
1548 601
1549 1628
1550 1585
1551 1609
1552 880
1553 881
1554 2341
1555 1598
1556 1586
1557 1358
1558 936
1559 936
1560 886
1561 941
1562 2341
1563 2341
1564 886
1565 886
1566 886
1567 1560
1568 883
1569 608
1570 2305
1571 1530
1572 471
1573 1405
1574 1678
1575 1808
1576 1419
1577 295
1578 267
1579 459
1580 1358
1581 239
1582 880
1583 880
1584 880
1585 962
1586 2415
1587 2497
1588 818
1589 1560
1590 1555
1591 1555
1592 2338
1593 1560
1594 819
1595 886
1596 886
1597 886
1598 886
1599 886
1600 2473
1601 2473
1602 886
1603 2304
1604 2304
1605 940
1606 2507
1607 2415
1608 1609
1609 601
1610 240
1611 482
1612 2502
1613 1566
1614 2501
1615 608
1616 1566
1617 608
1618 1628
1619 2304
1620 2415
1621 4668
1622 1609
1623 1358
1624 1586
1625 2341
1626 880
1627 936
1628 239
1629 2304
1630 880
1631 936
1632 880
1633 239
1634 2510
1635 936
1636 1358
1637 588
1638 1605
1639 939
1640 939
1641 2341
1642 1600
1643 1605
1644 2454
1645 939
1646 882
1647 140
1648 140
1649 854
1650 4668
1651 1454
1652 757
1653 757
1654 754
1655 970
1656 969
1657 1449
1658 757
1659 788
1660 788
1661 1440
1662 969
1663 970
1664 750
1665 750
1666 1456
1667 1456
1668 1608
1669 2304
1670 2415
1671 4988
1672 4988
1673 1807
1674 4108
1675 4108
1676 4110
1677 1628
1678 1628
1679 4924
1680 1433
1681 1433
1682 248
1683 503
1684 819
1685 503
1686 1597
1687 912
1688 912
1689 912
1690 912
1691 248
1692 912
1693 119
1694 66
1695 121
1696 119
1697 4
1698 229
1699 724
1700 1496
1701 1496
1702 273
1703 1657
1704 2287
1705 1662
1706 867
1707 1674
1708 1543
1709 1543
1710 1543
1711 2280
1712 1658
1713 1678
1714 1667
1715 1667
1716 1665
1717 1817
1718 1678
1719 1794
1720 1672
1721 1665
1722 1677
1723 1677
1724 1678
1725 459
1726 1700
1727 553
1728 2327
1729 1698
1730 324
1731 2207
1732 2231
1733 2233
1734 2357
1735 622
1736 1690
1737 2356
1738 1702
1739 1715
1740 2358
1741 353
1742 1694
1743 2233
1744 1697
1745 411
1746 326
1747 324
1748 326
1749 1691
1750 324
1751 2310
1752 2310
1753 314
1754 333
1755 1703
1756 1715
1757 322
1758 339
1759 353
1760 333
1761 1689
1762 1702
1763 1703
1764 2361
1765 391
1766 1717
1767 394
1768 1754
1769 394
1770 1723
1771 1756
1772 1756
1773 1756
1774 651
1775 1717
1776 1728
1777 1728
1778 1760
1779 1720
1780 2365
1781 1720
1782 418
1783 2334
1784 2317
1785 417
1786 1718
1787 642
1788 389
1789 1718
1790 1718
1791 1730
1792 2334
1793 1724
1794 1730
1795 1733
1796 1978
1797 1761
1798 717
1799 1986
1800 395
1801 655
1802 421
1803 396
1804 648
1805 1990
1806 1990
1807 395
1808 1748
1809 391
1810 655
1811 1834
1812 655
1813 1754
1814 2374
1815 678
1816 4251
1817 1796
1818 270
1819 490
1820 2302
1821 2302
1822 610
1823 1796
1824 1764
1825 1764
1826 1764
1827 4799
1828 1790
1829 1790
1830 490
1831 3075
1832 2280
1833 1662
1834 1817
1835 1665
1836 1675
1837 1786
1838 1786
1839 1786
1840 4260
1841 3194
1842 546
1843 1672
1844 4260
1845 1537
1846 280
1847 2538
1848 2239
1849 280
1850 1537
1851 1629
1852 2256
1853 451
1854 1406
1855 1629
1856 1631
1857 280
1858 2239
1859 673
1860 2217
1861 4991
1862 1543
1863 1678
1864 39
1865 2586
1866 36
1867 81
1868 165
1869 106
1870 106
1871 43
1872 66
1873 2574
1874 520
1875 406
1876 4108
1877 4108
1878 1994
1879 1846
1880 1841
1881 2385
1882 1839
1883 1992
1884 2080
1885 1992
1886 1992
1887 2080
1888 1841
1889 2182
1890 2381
1891 2041
1892 2078
1893 2078
1894 2078
1895 2036
1896 2036
1897 2078
1898 2080
1899 2036
1900 2081
1901 2082
1902 2081
1903 2078
1904 2078
1905 2078
1906 1892
1907 1952
1908 1884
1909 1964
1910 1964
1911 1863
1912 1952
1913 1946
1914 1946
1915 1892
1916 1941
1917 1941
1918 1964
1919 1964
1920 1952
1921 1863
1922 1889
1923 1892
1924 1863
1925 1863
1926 1863
1927 1889
1928 1889
1929 1884
1930 1863
1931 1962
1932 1863
1933 1952
1934 1952
1935 1944
1936 1855
1937 1884
1938 1952
1939 1889
1940 1892
1941 1892
1942 1884
1943 1863
1944 1892
1945 1884
1946 1863
1947 1889
1948 1946
1949 1892
1950 1889
1951 1889
1952 1892
1953 1889
1954 1892
1955 1884
1956 1884
1957 1855
1958 1952
1959 1863
1960 1863
1961 1889
1962 1955
1963 1889
1964 1889
1965 1892
1966 1884
1967 1884
1968 1863
1969 1863
1970 1884
1971 1889
1972 1889
1973 1889
1974 1889
1975 1934
1976 1884
1977 1955
1978 1884
1979 1938
1980 1889
1981 1889
1982 1889
1983 1884
1984 1863
1985 1955
1986 1863
1987 1962
1988 1889
1989 1889
1990 1863
1991 1938
1992 1855
1993 1938
1994 1955
1995 1889
1996 1952
1997 1955
1998 1962
1999 1952
2000 1863
2001 1889
2002 1892
2003 1884
2004 1941
2005 1863
2006 1863
2007 1863
2008 1863
2009 1863
2010 1884
2011 1855
2012 1889
2013 1884
2014 1938
2015 1892
2016 1952
2017 1952
2018 1892
2019 1955
2020 1863
2021 1863
2022 1892
2023 1863
2024 1855
2025 1952
2026 1863
2027 1955
2028 1952
2029 1955
2030 1892
2031 1863
2032 1863
2033 1952
2034 1863
2035 1952
2036 1889
2037 1938
2038 1884
2039 2081
2040 1994
2041 2080
2042 1994
2043 2381
2044 2381
2045 1839
2046 2078
2047 2373
2048 1992
2049 1992
2050 1994
2051 1839
2052 1839
2053 1994
2054 2080
2055 1994
2056 2068
2057 2068
2058 2066
2059 2081
2060 2036
2061 2036
2062 2037
2063 2040
2064 2067
2065 2067
2066 2061
2067 2028
2068 2081
2069 1994
2070 2151
2071 1956
2072 1956
2073 1898
2074 1956
2075 1902
2076 1898
2077 1902
2078 1864
2079 1864
2080 1902
2081 1957
2082 1957
2083 1957
2084 1946
2085 1892
2086 1864
2087 1889
2088 1889
2089 1889
2090 1891
2091 1859
2092 1859
2093 2175
2094 2174
2095 2175
2096 1898
2097 2174
2098 1898
2099 1898
2100 2170
2101 1864
2102 2170
2103 2010
2104 2008
2105 2170
2106 2170
2107 2170
2108 2032
2109 2170
2110 2012
2111 2173
2112 2010
2113 2032
2114 2010
2115 2032
2116 2037
2117 2012
2118 2086
2119 2173
2120 2032
2121 2032
2122 2032
2123 2086
2124 2010
2125 2010
2126 2032
2127 2032
2128 2032
2129 2173
2130 2015
2131 1888
2132 2151
2133 2008
2134 2008
2135 2008
2136 2005
2137 2008
2138 2008
2139 2008
2140 2016
2141 2015
2142 2008
2143 1932
2144 1932
2145 2015
2146 2005
2147 2008
2148 2010
2149 2010
2150 2063
2151 2063
2152 2008
2153 1898
2154 2170
2155 2170
2156 2170
2157 1933
2158 2170
2159 2168
2160 2168
2161 2173
2162 2170
2163 2173
2164 2173
2165 2173
2166 2018
2167 2018
2168 2016
2169 2030
2170 2027
2171 2073
2172 2031
2173 2073
2174 2030
2175 2037
2176 2010
2177 2037
2178 2037
2179 2037
2180 2037
2181 2037
2182 2040
2183 1891
2184 1858
2185 1893
2186 1891
2187 1893
2188 1893
2189 1893
2190 1891
2191 1891
2192 1883
2193 2170
2194 2152
2195 2152
2196 2152
2197 2152
2198 2152
2199 1932
2200 2152
2201 2170
2202 2157
2203 2159
2204 2157
2205 2157
2206 1932
2207 2119
2208 2154
2209 2021
2210 2154
2211 2167
2212 2168
2213 2020
2214 2154
2215 2154
2216 2018
2217 2020
2218 2020
2219 2018
2220 2154
2221 2154
2222 1946
2223 1946
2224 1889
2225 1889
2226 1889
2227 1889
2228 1889
2229 1889
2230 1889
2231 1889
2232 1889
2233 1889
2234 1889
2235 1889
2236 1889
2237 1889
2238 1889
2239 1889
2240 1889
2241 1889
2242 1938
2243 1939
2244 1855
2245 1855
2246 1855
2247 1884
2248 1884
2249 1884
2250 1884
2251 1884
2252 1884
2253 1884
2254 1884
2255 1957
2256 1884
2257 1952
2258 2036
2259 2040
2260 2039
2261 2039
2262 2039
2263 2041
2264 2082
2265 2030
2266 2030
2267 2029
2268 2039
2269 2082
2270 2082
2271 2028
2272 935
2273 935
2274 3000
2275 2199
2276 1743
2277 437
2278 2220
2279 2217
2280 1774
2281 680
2282 2274
2283 2414
2284 408
2285 2236
2286 2199
2287 631
2288 670
2289 1764
2290 430
2291 364
2292 2215
2293 2226
2294 1764
2295 1800
2296 537
2297 553
2298 736
2299 2327
2300 1764
2301 2217
2302 701
2303 674
2304 663
2305 1774
2306 2243
2307 2223
2308 413
2309 2210
2310 2238
2311 2235
2312 2236
2313 2199
2314 364
2315 2210
2316 870
2317 1499
2318 663
2319 2421
2320 283
2321 1499
2322 2207
2323 2233
2324 1796
2325 1801
2326 2217
2327 1737
2328 2199
2329 2453
2330 2242
2331 1784
2332 1764
2333 1764
2334 286
2335 286
2336 4741
2337 2280
2338 2351
2339 2352
2340 406
2341 3071
2342 406
2343 406
2344 1657
2345 4778
2346 2302
2347 4778
2348 4749
2349 1772
2350 1764
2351 1764
2352 498
2353 2388
2354 490
2355 706
2356 490
2357 723
2358 2263
2359 4741
2360 316
2361 1658
2362 2352
2363 2282
2364 2226
2365 2219
2366 2341
2367 461
2368 2287
2369 2288
2370 1570
2371 330
2372 2327
2373 2330
2374 714
2375 380
2376 1845
2377 4748
2378 428
2379 1741
2380 4749
2381 3025
2382 2998
2383 475
2384 1570
2385 608
2386 657
2387 538
2388 1775
2389 2304
2390 2304
2391 331
2392 2310
2393 1705
2394 672
2395 1698
2396 627
2397 428
2398 1728
2399 1754
2400 2388
2401 498
2402 3071
2403 498
2404 498
2405 2340
2406 708
2407 1715
2408 710
2409 2330
2410 712
2411 2332
2412 380
2413 2361
2414 1761
2415 1839
2416 1585
2417 941
2418 886
2419 941
2420 941
2421 880
2422 471
2423 1592
2424 2304
2425 1570
2426 1610
2427 1358
2428 1586
2429 2341
2430 2351
2431 1781
2432 1817
2433 411
2434 1698
2435 622
2436 1713
2437 1690
2438 2358
2439 707
2440 1728
2441 1756
2442 2334
2443 2334
2444 421
2445 1834
2446 498
2447 4778
2448 1817
2449 459
2450 1839
2451 2078
2452 2036
2453 2036
2454 2373
2455 1841
2456 2040
2457 2173
2458 2012
2459 2008
2460 2037
2461 2173
2462 2018
2463 2039
2464 2170
2465 2021
2466 2039
2467 1665
2468 498
2469 498
2470 2386
2471 1637
2472 468
2473 451
2474 217
2475 2847
2476 3000
2477 451
2478 1786
2479 1786
2480 678
2481 468
2482 1497
2483 1495
2484 1427
2485 882
2486 227
2487 1609
2488 513
2489 1635
2490 1786
2491 4889
2492 4889
2493 2408
2494 1783
2495 1677
2496 165
2497 165
2498 47
2499 47
2500 80
2501 190
2502 190
2503 190
2504 199
2505 190
2506 181
2507 181
2508 158
2509 192
2510 192
2511 192
2512 1495
2513 1599
2514 1635
2515 598
2516 1585
2517 2338
2518 2338
2519 886
2520 886
2521 245
2522 1494
2523 886
2524 2454
2525 1558
2526 921
2527 886
2528 2338
2529 2453
2530 940
2531 886
2532 886
2533 513
2534 880
2535 941
2536 468
2537 2454
2538 1497
2539 1495
2540 922
2541 2519
2542 1635
2543 1556
2544 1556
2545 921
2546 1560
2547 1494
2548 886
2549 940
2550 886
2551 2507
2552 2498
2553 2495
2554 818
2555 236
2556 1560
2557 1565
2558 236
2559 1560
2560 1565
2561 886
2562 236
2563 236
2564 941
2565 2304
2566 2304
2567 2304
2568 2510
2569 940
2570 2507
2571 882
2572 1428
2573 2514
2574 1608
2575 2304
2576 939
2577 1427
2578 922
2579 943
2580 1433
2581 2404
2582 1599
2583 1635
2584 2453
2585 1629
2586 4991
2587 1496
2588 4108
2589 4108
2590 1628
2591 2519
2592 1628
2593 239
2594 3194
2595 451
2596 2847
2597 1434
2598 2543
2599 2581
2600 2641
2601 2648
2602 110
2603 118
2604 101
2605 11
2606 115
2607 55
2608 11
2609 2661
2610 43
2611 13
2612 2718
2613 2684
2614 2684
2615 2719
2616 43
2617 2562
2618 2594
2619 3343
2620 2560
2621 2727
2622 2626
2623 3856
2624 2563
2625 3362
2626 2668
2627 2576
2628 2603
2629 3862
2630 3862
2631 2578
2632 2576
2633 2549
2634 1825
2635 66
2636 3856
2637 2594
2638 40
2639 3387
2640 1825
2641 43
2642 27
2643 2719
2644 2718
2645 2562
2646 2562
2647 39
2648 2564
2649 2584
2650 2593
2651 2584
2652 66
2653 118
2654 2718
2655 2560
2656 2677
2657 3387
2658 2560
2659 118
2660 36
2661 2641
2662 1825
2663 93
2664 2616
2665 2633
2666 170
2667 2698
2668 2641
2669 2661
2670 3860
2671 2721
2672 4898
2673 2722
2674 4911
2675 2719
2676 2577
2677 2741
2678 3362
2679 40
2680 2626
2681 40
2682 40
2683 3860
2684 1821
2685 2576
2686 2631
2687 3860
2688 2654
2689 2705
2690 4911
2691 2549
2692 11
2693 2648
2694 2641
2695 2719
2696 2705
2697 99
2698 100
2699 101
2700 66
2701 118
2702 2641
2703 2641
2704 2641
2705 2690
2706 3387
2707 39
2708 4
2709 1825
2710 2641
2711 118
2712 2648
2713 2549
2714 118
2715 2560
2716 93
2717 2578
2718 39
2719 151
2720 2631
2721 91
2722 128
2723 2552
2724 882
2725 3856
2726 2578
2727 2631
2728 2633
2729 136
2730 2719
2731 11
2732 2560
2733 3342
2734 2586
2735 11
2736 118
2737 118
2738 118
2739 66
2740 2661
2741 2641
2742 3856
2743 2604
2744 2754
2745 2722
2746 2722
2747 2722
2748 2722
2749 3336
2750 3336
2751 3336
2752 3336
2753 3336
2754 4898
2755 3336
2756 4898
2757 4901
2758 4902
2759 2754
2760 2754
2761 2754
2762 2754
2763 3365
2764 2754
2765 2705
2766 3860
2767 3860
2768 4901
2769 2754
2770 2713
2771 3336
2772 3336
2773 3336
2774 3336
2775 3336
2776 2714
2777 3861
2778 3365
2779 3365
2780 3336
2781 3336
2782 2732
2783 3336
2784 4906
2785 2714
2786 2714
2787 4906
2788 4901
2789 4901
2790 4901
2791 4906
2792 4898
2793 4901
2794 2722
2795 2754
2796 4901
2797 4901
2798 2754
2799 3336
2800 3336
2801 4911
2802 4901
2803 2754
2804 3341
2805 516
2806 3377
2807 3921
2808 3445
2809 4080
2810 4888
2811 4879
2812 3911
2813 3423
2814 4946
2815 3921
2816 3191
2817 4972
2818 3211
2819 3390
2820 3906
2821 2987
2822 1426
2823 3377
2824 2783
2825 4972
2826 4723
2827 4080
2828 4040
2829 4956
2830 4887
2831 4956
2832 3052
2833 4963
2834 3422
2835 4107
2836 4059
2837 4039
2838 4039
2839 4041
2840 4086
2841 4040
2842 3285
2843 4960
2844 3906
2845 3047
2846 4283
2847 3014
2848 2575
2849 2814
2850 2782
2851 2574
2852 2818
2853 4139
2854 4145
2855 4264
2856 3911
2857 3012
2858 3191
2859 4694
2860 2828
2861 2820
2862 3011
2863 4134
2864 3196
2865 3184
2866 3025
2867 4875
2868 3184
2869 3906
2870 4785
2871 3244
2872 3244
2873 3011
2874 2861
2875 3197
2876 4726
2877 4183
2878 4183
2879 3372
2880 4686
2881 4695
2882 2778
2883 2782
2884 2854
2885 3079
2886 2854
2887 3235
2888 3369
2889 2986
2890 4747
2891 3011
2892 2876
2893 4684
2894 2864
2895 4192
2896 2969
2897 4726
2898 2861
2899 4726
2900 4747
2901 3133
2902 4787
2903 2310
2904 4191
2905 3189
2906 4171
2907 4192
2908 3057
2909 2967
2910 2880
2911 3026
2912 3026
2913 2968
2914 3158
2915 2912
2916 3158
2917 2912
2918 3158
2919 4216
2920 4772
2921 2910
2922 2921
2923 2957
2924 2885
2925 3156
2926 2893
2927 2890
2928 2890
2929 2884
2930 2884
2931 2884
2932 3151
2933 2882
2934 4216
2935 4215
2936 2958
2937 2911
2938 4837
2939 2981
2940 2980
2941 4220
2942 4220
2943 4220
2944 4837
2945 4838
2946 4838
2947 4838
2948 4835
2949 4206
2950 4196
2951 4466
2952 4849
2953 4836
2954 3161
2955 4194
2956 3167
2957 4233
2958 2941
2959 3172
2960 3172
2961 3172
2962 4222
2963 4466
2964 3167
2965 2938
2966 4460
2967 4849
2968 4849
2969 4461
2970 4482
2971 4482
2972 4461
2973 4461
2974 4318
2975 4324
2976 4325
2977 4849
2978 4482
2979 4319
2980 4483
2981 4482
2982 3233
2983 703
2984 4757
2985 4302
2986 721
2987 2893
2988 2881
2989 2969
2990 2969
2991 3151
2992 2976
2993 2957
2994 4193
2995 4224
2996 3167
2997 4456
2998 4456
2999 4456
3000 3217
3001 3217
3002 4216
3003 2919
3004 2908
3005 3156
3006 2901
3007 2976
3008 2976
3009 4217
3010 2981
3011 3159
3012 3159
3013 2921
3014 4236
3015 2930
3016 4236
3017 4811
3018 4835
3019 4838
3020 4835
3021 2901
3022 4927
3023 3446
3024 2789
3025 2989
3026 4694
3027 4696
3028 4259
3029 4258
3030 4875
3031 4246
3032 3388
3033 1609
3034 4749
3035 3024
3036 3031
3037 4746
3038 2819
3039 3474
3040 4963
3041 2575
3042 4081
3043 4111
3044 2479
3045 3458
3046 4747
3047 4747
3048 3906
3049 4956
3050 2796
3051 4039
3052 3195
3053 4756
3054 4694
3055 4260
3056 4875
3057 2901
3058 4184
3059 3356
3060 3356
3061 4862
3062 4749
3063 2602
3064 4041
3065 3422
3066 2989
3067 3107
3068 3446
3069 3211
3070 4079
3071 4878
3072 2783
3073 2783
3074 516
3075 516
3076 2814
3077 3007
3078 3007
3079 2687
3080 2687
3081 3931
3082 2575
3083 3931
3084 2602
3085 4739
3086 3911
3087 2908
3088 3060
3089 2687
3090 2991
3091 3053
3092 4001
3093 3422
3094 1434
3095 4982
3096 3053
3097 721
3098 723
3099 2312
3100 2310
3101 3133
3102 3134
3103 4786
3104 2829
3105 2829
3106 3244
3107 3356
3108 3356
3109 550
3110 3356
3111 3083
3112 4829
3113 3133
3114 3155
3115 2969
3116 2901
3117 3151
3118 2976
3119 2976
3120 2957
3121 2921
3122 4219
3123 4836
3124 4836
3125 3167
3126 4468
3127 4468
3128 4325
3129 3266
3130 4103
3131 4103
3132 3474
3133 3474
3134 3264
3135 3053
3136 3053
3137 3931
3138 3287
3139 3458
3140 3864
3141 3422
3142 3422
3143 4948
3144 2764
3145 3377
3146 2815
3147 4056
3148 3053
3149 4074
3150 3053
3151 3369
3152 3191
3153 3372
3154 3195
3155 3195
3156 3025
3157 3184
3158 3053
3159 2356
3160 2854
3161 2356
3162 2356
3163 4284
3164 4284
3165 3189
3166 3145
3167 4192
3168 4171
3169 4171
3170 2890
3171 4681
3172 2976
3173 3158
3174 3150
3175 2967
3176 2900
3177 2901
3178 2882
3179 4220
3180 3161
3181 2930
3182 2930
3183 3167
3184 3167
3185 3167
3186 4311
3187 2941
3188 4456
3189 4456
3190 4305
3191 4461
3192 2941
3193 2941
3194 4463
3195 4463
3196 4657
3197 4657
3198 4461
3199 4842
3200 4745
3201 4781
3202 287
3203 3243
3204 4242
3205 3214
3206 3372
3207 4694
3208 4694
3209 3150
3210 2885
3211 2901
3212 2882
3213 3145
3214 4934
3215 3906
3216 4694
3217 4756
3218 3217
3219 4762
3220 4750
3221 4142
3222 4243
3223 4041
3224 4040
3225 4105
3226 3458
3227 3891
3228 3053
3229 3891
3230 3053
3231 2991
3232 2828
3233 722
3234 722
3235 3184
3236 3183
3237 2968
3238 2901
3239 2974
3240 2906
3241 3159
3242 3161
3243 3162
3244 2938
3245 4325
3246 703
3247 550
3248 722
3249 722
3250 721
3251 3233
3252 550
3253 703
3254 3356
3255 3356
3256 4250
3257 3338
3258 2987
3259 2989
3260 3112
3261 3891
3262 2820
3263 4150
3264 4145
3265 3134
3266 3195
3267 3112
3268 3211
3269 2790
3270 4040
3271 3606
3272 3491
3273 3518
3274 3488
3275 3606
3276 3972
3277 3606
3278 3491
3279 3487
3280 3606
3281 3606
3282 3968
3283 3606
3284 3970
3285 3957
3286 3972
3287 3963
3288 3940
3289 3281
3290 3256
3291 3468
3292 3281
3293 3301
3294 3291
3295 3940
3296 3469
3297 3255
3298 3933
3299 3934
3300 3469
3301 3264
3302 3931
3303 3255
3304 3474
3305 3487
3306 3982
3307 3606
3308 3957
3309 3281
3310 3957
3311 3946
3312 3260
3313 3474
3314 3255
3315 3468
3316 3474
3317 3474
3318 3931
3319 3933
3320 3474
3321 3256
3322 3969
3323 3487
3324 3968
3325 3301
3326 3963
3327 3256
3328 3281
3329 3517
3330 3487
3331 3606
3332 3264
3333 3940
3334 3266
3335 3957
3336 3957
3337 3468
3338 3301
3339 3940
3340 3255
3341 3468
3342 3931
3343 3968
3344 3487
3345 3264
3346 3256
3347 3311
3348 3301
3349 3469
3350 3606
3351 3281
3352 4946
3353 3422
3354 3458
3355 3458
3356 3422
3357 3256
3358 3606
3359 3469
3360 4946
3361 4898
3362 3336
3363 2575
3364 4902
3365 2713
3366 3342
3367 2578
3368 2577
3369 2684
3370 4901
3371 2754
3372 4901
3373 2722
3374 2722
3375 2722
3376 2602
3377 2578
3378 2818
3379 733
3380 733
3381 4898
3382 3336
3383 3336
3384 2714
3385 3336
3386 2722
3387 2722
3388 3336
3389 1631
3390 3014
3391 2782
3392 4729
3393 4703
3394 4695
3395 3061
3396 3338
3397 2552
3398 11
3399 876
3400 11
3401 66
3402 66
3403 2783
3404 2814
3405 4924
3406 2818
3407 3106
3408 2603
3409 4952
3410 3898
3411 2987
3412 3866
3413 3126
3414 3053
3415 3053
3416 4039
3417 3451
3418 3426
3419 2987
3420 4039
3421 4041
3422 3420
3423 3107
3424 4040
3425 2790
3426 2789
3427 3107
3428 3112
3429 3112
3430 3211
3431 3390
3432 3449
3433 3211
3434 3863
3435 3289
3436 4039
3437 3211
3438 2790
3439 3446
3440 3449
3441 3445
3442 3053
3443 3053
3444 4041
3445 3053
3446 4080
3447 3053
3448 4041
3449 3126
3450 4080
3451 3112
3452 3208
3453 3390
3454 3211
3455 3211
3456 3396
3457 3424
3458 3891
3459 3112
3460 2987
3461 3107
3462 2789
3463 4040
3464 4958
3465 4103
3466 3474
3467 3474
3468 4041
3469 4103
3470 3474
3471 170
3472 4
3473 3311
3474 3933
3475 3281
3476 3972
3477 3972
3478 3606
3479 3606
3480 3606
3481 3606
3482 3970
3483 3300
3484 3518
3485 3518
3486 3832
3487 3518
3488 3540
3489 3540
3490 3518
3491 3518
3492 3518
3493 3549
3494 3852
3495 3982
3496 3518
3497 3982
3498 3832
3499 3852
3500 3518
3501 3518
3502 3852
3503 3852
3504 3851
3505 3518
3506 3598
3507 3598
3508 3684
3509 3705
3510 3784
3511 3706
3512 3834
3513 3834
3514 3834
3515 3627
3516 3627
3517 3684
3518 3684
3519 3598
3520 3834
3521 3834
3522 3527
3523 3706
3524 3598
3525 3706
3526 3546
3527 3696
3528 3598
3529 3532
3530 3845
3531 3845
3532 3512
3533 3627
3534 3546
3535 3705
3536 3684
3537 3598
3538 3706
3539 3598
3540 3546
3541 3705
3542 3684
3543 3627
3544 3684
3545 3784
3546 3705
3547 3598
3548 3598
3549 3684
3550 3684
3551 3598
3552 3784
3553 3696
3554 3546
3555 3706
3556 3546
3557 3546
3558 3555
3559 3546
3560 3684
3561 3684
3562 3784
3563 3684
3564 3834
3565 3573
3566 3834
3567 3834
3568 3627
3569 3843
3570 3598
3571 3598
3572 3843
3573 3845
3574 3521
3575 3850
3576 3555
3577 3565
3578 3845
3579 3684
3580 3784
3581 3696
3582 3684
3583 3627
3584 3684
3585 3684
3586 3834
3587 3684
3588 3684
3589 3684
3590 3627
3591 3546
3592 3705
3593 3684
3594 3684
3595 3627
3596 3684
3597 3627
3598 3512
3599 3684
3600 3684
3601 3684
3602 3627
3603 3834
3604 3627
3605 3598
3606 3843
3607 3546
3608 3549
3609 3834
3610 3545
3611 3845
3612 3594
3613 3684
3614 3684
3615 3684
3616 3684
3617 3705
3618 3684
3619 3627
3620 3834
3621 3705
3622 3784
3623 3684
3624 3684
3625 3982
3626 3627
3627 3545
3628 3684
3629 3684
3630 242
3631 3684
3632 3627
3633 3627
3634 3684
3635 3627
3636 3684
3637 3627
3638 3627
3639 3684
3640 3684
3641 3627
3642 3684
3643 3684
3644 3684
3645 3684
3646 3684
3647 3627
3648 3684
3649 3684
3650 3627
3651 3627
3652 3627
3653 3684
3654 3684
3655 3684
3656 3684
3657 3627
3658 3627
3659 3705
3660 3684
3661 3684
3662 3684
3663 3684
3664 3627
3665 3684
3666 3684
3667 3684
3668 3627
3669 3627
3670 3705
3671 3684
3672 3684
3673 3684
3674 3627
3675 3684
3676 3684
3677 3684
3678 3684
3679 3684
3680 3627
3681 3684
3682 3705
3683 3684
3684 3684
3685 3705
3686 3627
3687 3684
3688 3705
3689 3684
3690 3671
3691 3627
3692 242
3693 3684
3694 3684
3695 3627
3696 3684
3697 3684
3698 3627
3699 3627
3700 3684
3701 3684
3702 3684
3703 3684
3704 3684
3705 3684
3706 3684
3707 3627
3708 3684
3709 3684
3710 3684
3711 3684
3712 3684
3713 3684
3714 3684
3715 3684
3716 3684
3717 3684
3718 3684
3719 3684
3720 3684
3721 3684
3722 3684
3723 3598
3724 3598
3725 3705
3726 3705
3727 3684
3728 3684
3729 3684
3730 3684
3731 3684
3732 3684
3733 3684
3734 3684
3735 3705
3736 3684
3737 3684
3738 3705
3739 3627
3740 3684
3741 3684
3742 3684
3743 3684
3744 3684
3745 3684
3746 3684
3747 3684
3748 4673
3749 3684
3750 3627
3751 3684
3752 3705
3753 3684
3754 3705
3755 3627
3756 3627
3757 3705
3758 3684
3759 3671
3760 3684
3761 3684
3762 3684
3763 3684
3764 3684
3765 3684
3766 3684
3767 3684
3768 3684
3769 3684
3770 3684
3771 3684
3772 3684
3773 3684
3774 3684
3775 3684
3776 3684
3777 3684
3778 3705
3779 3684
3780 3684
3781 3684
3782 3684
3783 4673
3784 3684
3785 3706
3786 3684
3787 3684
3788 3684
3789 3684
3790 3706
3791 3705
3792 3684
3793 3684
3794 3684
3795 3705
3796 3684
3797 3671
3798 3684
3799 3684
3800 3684
3801 3684
3802 3684
3803 3705
3804 3684
3805 3684
3806 3684
3807 3684
3808 3684
3809 3671
3810 3684
3811 3684
3812 3684
3813 3684
3814 3684
3815 3684
3816 3684
3817 3684
3818 3706
3819 3705
3820 3684
3821 3684
3822 3705
3823 3706
3824 3627
3825 3684
3826 3705
3827 3705
3828 3627
3829 3627
3830 3627
3831 3627
3832 3684
3833 3627
3834 3627
3835 3627
3836 3627
3837 3627
3838 3627
3839 3627
3840 3684
3841 3684
3842 3627
3843 3627
3844 3671
3845 3627
3846 3684
3847 3684
3848 3778
3849 3684
3850 3684
3851 3684
3852 3684
3853 3684
3854 3684
3855 3511
3856 3684
3857 3705
3858 3684
3859 3598
3860 3706
3861 3598
3862 3598
3863 3684
3864 3598
3865 3705
3866 3706
3867 3684
3868 3598
3869 3598
3870 3546
3871 3684
3872 3706
3873 3627
3874 3705
3875 3784
3876 3784
3877 3784
3878 3706
3879 3598
3880 3696
3881 3546
3882 3696
3883 3834
3884 3512
3885 3527
3886 3696
3887 3546
3888 3598
3889 3546
3890 3546
3891 3512
3892 3598
3893 3706
3894 2641
3895 7
3896 3862
3897 2713
3898 4898
3899 3860
3900 2714
3901 3336
3902 3285
3903 3931
3904 3458
3905 3931
3906 3931
3907 4105
3908 3458
3909 3458
3910 4103
3911 4103
3912 3285
3913 3285
3914 3931
3915 3285
3916 3474
3917 3458
3918 4958
3919 3287
3920 4041
3921 4958
3922 4041
3923 3285
3924 4105
3925 4041
3926 3285
3927 3053
3928 3931
3929 4041
3930 4041
3931 3927
3932 2836
3933 4055
3934 2859
3935 2788
3936 3009
3937 4054
3938 4014
3939 3335
3940 4049
3941 4055
3942 599
3943 3423
3944 4084
3945 3422
3946 3422
3947 4947
3948 2773
3949 1434
3950 3377
3951 3606
3952 3606
3953 3964
3954 3300
3955 3311
3956 3972
3957 3311
3958 3606
3959 3957
3960 3957
3961 3957
3962 3963
3963 3970
3964 3969
3965 3606
3966 3606
3967 3606
3968 3491
3969 3968
3970 3606
3971 3606
3972 3488
3973 3968
3974 3968
3975 3969
3976 3478
3977 3518
3978 3487
3979 3606
3980 3488
3981 3488
3982 3606
3983 3487
3984 3478
3985 3982
3986 3487
3987 3518
3988 3518
3989 3518
3990 3561
3991 3982
3992 3518
3993 3517
3994 3982
3995 3852
3996 3518
3997 3852
3998 3549
3999 3565
4000 3518
4001 3518
4002 3516
4003 3845
4004 3852
4005 3540
4006 3845
4007 3521
4008 3516
4009 3852
4010 3545
4011 3007
4012 2814
4013 2783
4014 2783
4015 2783
4016 2783
4017 3000
4018 4887
4019 4055
4020 2788
4021 2788
4022 3926
4023 4049
4024 4887
4025 4088
4026 3385
4027 4080
4028 4041
4029 3053
4030 3465
4031 4103
4032 4041
4033 4040
4034 3449
4035 3429
4036 4961
4037 3389
4038 4057
4039 4014
4040 3906
4041 3906
4042 2774
4043 3997
4044 4695
4045 4723
4046 3458
4047 4050
4048 3440
4049 3426
4050 4924
4051 4947
4052 3924
4053 4037
4054 4763
4055 4938
4056 4938
4057 4088
4058 4946
4059 4956
4060 4056
4061 3204
4062 4963
4063 4106
4064 4924
4065 1610
4066 2574
4067 3458
4068 4105
4069 4030
4070 3126
4071 3458
4072 4041
4073 4050
4074 4013
4075 3126
4076 4004
4077 4091
4078 4050
4079 4041
4080 3106
4081 3124
4082 3106
4083 4080
4084 3126
4085 3211
4086 3424
4087 4080
4088 4080
4089 4086
4090 3354
4091 3354
4092 2818
4093 1609
4094 3256
4095 3469
4096 3933
4097 3933
4098 3256
4099 3301
4100 3468
4101 3301
4102 3957
4103 3281
4104 3957
4105 3957
4106 3301
4107 3965
4108 3957
4109 3963
4110 3291
4111 3281
4112 3256
4113 4005
4114 4938
4115 4075
4116 2535
4117 4107
4118 4059
4119 4110
4120 3009
4121 4988
4122 3009
4123 4107
4124 4049
4125 4963
4126 4972
4127 4972
4128 4972
4129 4039
4130 4039
4131 4041
4132 4041
4133 4039
4134 3426
4135 4039
4136 4041
4137 170
4138 2552
4139 101
4140 2560
4141 66
4142 2605
4143 31
4144 121
4145 1426
4146 273
4147 4142
4148 4283
4149 4283
4150 4147
4151 3014
4152 3013
4153 4256
4154 1631
4155 2834
4156 4759
4157 2820
4158 4156
4159 4156
4160 2835
4161 4257
4162 4152
4163 2423
4164 4156
4165 4817
4166 4817
4167 2876
4168 2969
4169 2896
4170 2865
4171 2864
4172 3143
4173 2864
4174 2881
4175 2874
4176 2876
4177 2854
4178 4185
4179 4192
4180 3011
4181 2892
4182 2874
4183 2968
4184 3085
4185 2881
4186 4169
4187 2881
4188 2969
4189 4829
4190 4169
4191 4715
4192 2969
4193 3220
4194 4163
4195 4181
4196 4185
4197 2839
4198 2880
4199 2839
4200 2881
4201 4171
4202 2880
4203 2837
4204 4192
4205 4224
4206 3167
4207 3167
4208 4811
4209 4222
4210 4311
4211 4222
4212 4229
4213 3167
4214 2938
4215 2938
4216 2938
4217 3167
4218 4234
4219 4235
4220 4235
4221 3172
4222 3167
4223 3171
4224 4224
4225 3162
4226 3162
4227 4838
4228 4836
4229 4236
4230 3171
4231 4194
4232 4196
4233 4835
4234 4838
4235 2930
4236 4233
4237 4194
4238 4310
4239 4456
4240 2938
4241 2938
4242 4305
4243 2941
4244 4849
4245 4311
4246 4306
4247 4466
4248 4456
4249 4466
4250 4456
4251 4839
4252 2939
4253 4460
4254 4460
4255 4463
4256 4463
4257 4686
4258 4686
4259 3031
4260 4842
4261 2852
4262 4283
4263 4252
4264 3217
4265 3217
4266 2812
4267 2828
4268 4248
4269 2828
4270 4749
4271 3217
4272 3217
4273 4302
4274 3236
4275 4283
4276 4156
4277 4152
4278 2423
4279 4694
4280 4260
4281 4694
4282 2829
4283 2829
4284 4260
4285 1631
4286 4817
4287 3191
4288 4723
4289 3014
4290 4055
4291 3122
4292 3191
4293 3906
4294 3920
4295 4110
4296 2808
4297 3014
4298 2782
4299 4729
4300 2774
4301 4695
4302 1631
4303 4817
4304 169
4305 3387
4306 36
4307 1821
4308 1822
4309 2641
4310 119
4311 11
4312 93
4313 2818
4314 406
4315 520
4316 4303
4317 4108
4318 4111
4319 4657
4320 4854
4321 4325
4322 4657
4323 4476
4324 4585
4325 4585
4326 4482
4327 4482
4328 4482
4329 4657
4330 4657
4331 4657
4332 4854
4333 4556
4334 4585
4335 4585
4336 4585
4337 4585
4338 4524
4339 4585
4340 4585
4341 4515
4342 4575
4343 4854
4344 4854
4345 4585
4346 4585
4347 4585
4348 4338
4349 4344
4350 4413
4351 4359
4352 4330
4353 4359
4354 4377
4355 4347
4356 4377
4357 4330
4358 4330
4359 4330
4360 4330
4361 4330
4362 4352
4363 4347
4364 4352
4365 4377
4366 4352
4367 4338
4368 4352
4369 4443
4370 4347
4371 4330
4372 4330
4373 4352
4374 4352
4375 4352
4376 4329
4377 4352
4378 4436
4379 4413
4380 4395
4381 4452
4382 4422
4383 4352
4384 4413
4385 4352
4386 4408
4387 4358
4388 4344
4389 4447
4390 4422
4391 4329
4392 4330
4393 4447
4394 4330
4395 4422
4396 4352
4397 4352
4398 4352
4399 4422
4400 4352
4401 4428
4402 4379
4403 4377
4404 4447
4405 4329
4406 4413
4407 4436
4408 4330
4409 4352
4410 4428
4411 4352
4412 4422
4413 4347
4414 4347
4415 4447
4416 4347
4417 4377
4418 4330
4419 4413
4420 4447
4421 4395
4422 4428
4423 4413
4424 4409
4425 4443
4426 4413
4427 4329
4428 4447
4429 4395
4430 4436
4431 4645
4432 4374
4433 4447
4434 4330
4435 4451
4436 4411
4437 4422
4438 4344
4439 4413
4440 4352
4441 4352
4442 4330
4443 4377
4444 4330
4445 4377
4446 4330
4447 4352
4448 4352
4449 4352
4450 4352
4451 4377
4452 4330
4453 4330
4454 4347
4455 4352
4456 4436
4457 4372
4458 4346
4459 4352
4460 4377
4461 4330
4462 4413
4463 4330
4464 4422
4465 4330
4466 4428
4467 4352
4468 4347
4469 4352
4470 4352
4471 4347
4472 4422
4473 4428
4474 4338
4475 4413
4476 4413
4477 4422
4478 4344
4479 4450
4480 4650
4481 4330
4482 4857
4483 4657
4484 4854
4485 4657
4486 4657
4487 4657
4488 4658
4489 4476
4490 4585
4491 4585
4492 4476
4493 4325
4494 4657
4495 4657
4496 4657
4497 4854
4498 4482
4499 4482
4500 4556
4501 4556
4502 4854
4503 4524
4504 4515
4505 4567
4506 4567
4507 4567
4508 4556
4509 4506
4510 4544
4511 4854
4512 4854
4513 4651
4514 4646
4515 4648
4516 4487
4517 4487
4518 4487
4519 4646
4520 4645
4521 4490
4522 4645
4523 4641
4524 4399
4525 4358
4526 4399
4527 4650
4528 4641
4529 4641
4530 4638
4531 4638
4532 4636
4533 4638
4534 4637
4535 4641
4536 4487
4537 4490
4538 4486
4539 4490
4540 4508
4541 4490
4542 4490
4543 4490
4544 4641
4545 4508
4546 4508
4547 4490
4548 4497
4549 4493
4550 4516
4551 4516
4552 4562
4553 4516
4554 4510
4555 4511
4556 4516
4557 4514
4558 4518
4559 4563
4560 4567
4561 4563
4562 4516
4563 4567
4564 4537
4565 4567
4566 4537
4567 4567
4568 4537
4569 4573
4570 4567
4571 4516
4572 4489
4573 4490
4574 4646
4575 4644
4576 4510
4577 4510
4578 4541
4579 4508
4580 4540
4581 4510
4582 4541
4583 4541
4584 4541
4585 4541
4586 4641
4587 4493
4588 4550
4589 4550
4590 4573
4591 4574
4592 4573
4593 4550
4594 4550
4595 4573
4596 4641
4597 4641
4598 4561
4599 4497
4600 4561
4601 4497
4602 4497
4603 4513
4604 4858
4605 4858
4606 4858
4607 4621
4608 4621
4609 4621
4610 4550
4611 4497
4612 4544
4613 4573
4614 4573
4615 4573
4616 4573
4617 4574
4618 4574
4619 4574
4620 4574
4621 4574
4622 4567
4623 4567
4624 4567
4625 4514
4626 4485
4627 4639
4628 4639
4629 4503
4630 4503
4631 4639
4632 4503
4633 4639
4634 4503
4635 4493
4636 4504
4637 4503
4638 4502
4639 4503
4640 4504
4641 4504
4642 4503
4643 4497
4644 4504
4645 4504
4646 4594
4647 4504
4648 4497
4649 4594
4650 4594
4651 4594
4652 4597
4653 4497
4654 4597
4655 4597
4656 4597
4657 4497
4658 4858
4659 4516
4660 4621
4661 4516
4662 4597
4663 4598
4664 4358
4665 4429
4666 4377
4667 4392
4668 4447
4669 4402
4670 4402
4671 4329
4672 4402
4673 4447
4674 4447
4675 4402
4676 4392
4677 4429
4678 4429
4679 4429
4680 4447
4681 4447
4682 4487
4683 4453
4684 4645
4685 4645
4686 4646
4687 4650
4688 4487
4689 4650
4690 4649
4691 4413
4692 4409
4693 4356
4694 4413
4695 4358
4696 4356
4697 4358
4698 4555
4699 4555
4700 4555
4701 4585
4702 4574
4703 4556
4704 4573
4705 4556
4706 4509
4707 4573
4708 4514
4709 4859
4710 4515
4711 4556
4712 1610
4713 4193
4714 4836
4715 4836
4716 4836
4717 4206
4718 3191
4719 2832
4720 3084
4721 4183
4722 2828
4723 3148
4724 2921
4725 2921
4726 2958
4727 4681
4728 4714
4729 2774
4730 3151
4731 2957
4732 2957
4733 2828
4734 4762
4735 4674
4736 3191
4737 3155
4738 2965
4739 2965
4740 4248
4741 3191
4742 3191
4743 4729
4744 2839
4745 2861
4746 3147
4747 2876
4748 2965
4749 3150
4750 3150
4751 4216
4752 4215
4753 2980
4754 2919
4755 4723
4756 2890
4757 2828
4758 4750
4759 2828
4760 4729
4761 3911
4762 2876
4763 2876
4764 4792
4765 2828
4766 3911
4767 4206
4768 4206
4769 4193
4770 2859
4771 3335
4772 4727
4773 3184
4774 4739
4775 4741
4776 4741
4777 4292
4778 4302
4779 721
4780 4796
4781 4241
4782 2812
4783 4756
4784 4756
4785 4243
4786 3182
4787 4248
4788 4796
4789 3031
4790 4252
4791 2946
4792 4757
4793 4741
4794 4142
4795 4153
4796 1783
4797 4248
4798 4242
4799 4938
4800 4150
4801 4817
4802 3200
4803 4775
4804 3158
4805 2884
4806 2912
4807 4217
4808 4325
4809 2900
4810 4838
4811 4890
4812 4890
4813 4747
4814 3385
4815 4782
4816 4798
4817 4781
4818 2312
4819 4800
4820 4181
4821 2310
4822 2356
4823 2312
4824 3189
4825 4192
4826 4171
4827 3156
4828 3167
4829 2941
4830 721
4831 2276
4832 4798
4833 4798
4834 3025
4835 2893
4836 2967
4837 3151
4838 2882
4839 3158
4840 4220
4841 3162
4842 4233
4843 3167
4844 4461
4845 4924
4846 3426
4847 4039
4848 4041
4849 4766
4850 4785
4851 4817
4852 3204
4853 3458
4854 3458
4855 3126
4856 4256
4857 4157
4858 3906
4859 4192
4860 3234
4861 2356
4862 4185
4863 4768
4864 2941
4865 3167
4866 3162
4867 3161
4868 4307
4869 4314
4870 4252
4871 4749
4872 4017
4873 4319
4874 4657
4875 4585
4876 4585
4877 4585
4878 4585
4879 4658
4880 4585
4881 4562
4882 4604
4883 4550
4884 4573
4885 4562
4886 4550
4887 4574
4888 4567
4889 4597
4890 4599
4891 4556
4892 4256
4893 3031
4894 4128
4895 4082
4896 3052
4897 3997
4898 3921
4899 2847
4900 3377
4901 4694
4902 4694
4903 3396
4904 3396
4905 3396
4906 4942
4907 3385
4908 3069
4909 3385
4910 3385
4911 4972
4912 4260
4913 3194
4914 2991
4915 1783
4916 2423
4917 2705
4918 2715
4919 4902
4920 4902
4921 2592
4922 4901
4923 2754
4924 2754
4925 2754
4926 4901
4927 2754
4928 2721
4929 2714
4930 2727
4931 2714
4932 3365
4933 4901
4934 4878
4935 3444
4936 3921
4937 3921
4938 4079
4939 2989
4940 3422
4941 3926
4942 3385
4943 4080
4944 3422
4945 4079
4946 3445
4947 2989
4948 3926
4949 2989
4950 4080
4951 2784
4952 4080
4953 4081
4954 3396
4955 3396
4956 3211
4957 2479
4958 4942
4959 4943
4960 4948
4961 3422
4962 3422
4963 3385
4964 3429
4965 4948
4966 4956
4967 4763
4968 4106
4969 4032
4970 4081
4971 4913
4972 2479
4973 2784
4974 3044
4975 3445
4976 3444
4977 4942
4978 3423
4979 3423
4980 4913
4981 55
4982 4110
4983 3997
4984 4059
4985 4059
4986 4059
4987 4107
4988 4107
4989 2479
4990 4985
4991 1584
4992 4695
4993 2991
4994 4260
4995 4264
4996 1434
4997 1955
4998 1863
4999 1863
5000 1884
