0 102
1 102
2 36
3 68
4 172
5 7
6 116
7 882
8 15
9 36
10 882
11 68
12 48
13 48
14 16
15 54
16 107
17 54
18 48
19 48
20 49
21 29
22 102
23 102
24 54
25 102
26 82
27 54
28 54
29 2657
30 2806
31 2657
32 112
33 851
34 107
35 54
36 112
37 166
38 36
39 27
40 80
41 86
42 2778
43 46
44 102
45 102
46 851
47 54
48 102
49 49
50 49
51 102
52 48
53 68
54 136
55 20
56 136
57 2572
58 107
59 2806
60 107
61 112
62 115
63 144
64 136
65 48
66 46
67 85
68 43
69 68
70 36
71 180
72 36
73 1335
74 27
75 19
76 48
77 102
78 27
79 120
80 851
81 102
82 121
83 78
84 4300
85 86
86 86
87 1337
88 112
89 27
90 112
91 120
92 851
93 27
94 16
95 136
96 136
97 120
98 27
99 48
100 23
101 68
102 34
103 7
104 115
105 166
106 86
107 112
108 2806
109 46
110 2806
111 46
112 46
113 68
114 34
115 68
116 2806
117 7
118 136
119 859
120 107
121 846
122 112
123 112
124 83
125 78
126 160
127 2806
128 27
129 54
130 120
131 27
132 83
133 54
134 20
135 54
136 68
137 107
138 2572
139 2806
140 107
141 107
142 68
143 7
144 54
145 172
146 180
147 112
148 191
149 185
150 191
151 191
152 191
153 847
154 185
155 154
156 166
157 154
158 128
159 48
160 191
161 195
162 75
163 128
164 128
165 22
166 120
167 120
168 120
169 1337
170 75
171 120
172 176
173 154
174 154
175 1337
176 1337
177 1337
178 1337
179 1336
180 172
181 75
182 154
183 154
184 1336
185 128
186 120
187 75
188 75
189 844
190 154
191 847
192 191
193 191
194 191
195 185
196 75
197 1337
198 75
199 160
200 1336
201 1610
202 2465
203 1389
204 255
205 747
206 261
207 590
208 1808
209 922
210 1387
211 895
212 2473
213 2473
214 1407
215 2473
216 747
217 216
218 234
219 590
220 2459
221 2473
222 2473
223 480
224 900
225 1501
226 2395
227 2395
228 2400
229 2459
230 2459
231 620
232 887
233 1567
234 1400
235 1530
236 1602
237 1568
238 1568
239 2406
240 1569
241 1529
242 2283
243 2283
244 900
245 900
246 1594
247 258
248 258
249 1384
250 258
251 1384
252 261
253 1384
254 1651
255 1651
256 775
257 775
258 942
259 942
260 942
261 1531
262 1408
263 272
264 873
265 1613
266 2475
267 1823
268 1613
269 2778
270 468
271 2276
272 1408
273 303
274 286
275 1809
276 1798
277 1682
278 281
279 475
280 475
281 303
282 2391
283 2391
284 1785
285 2391
286 2276
287 1408
288 2335
289 694
290 1713
291 2346
292 2240
293 1695
294 498
295 2210
296 2210
297 1809
298 314
299 2407
300 619
301 3180
302 3180
303 3180
304 3180
305 3180
306 619
307 216
308 587
309 475
310 2346
311 1708
312 321
313 3073
314 636
315 413
316 638
317 336
318 2281
319 321
320 321
321 498
322 4262
323 1719
324 1719
325 1700
326 2240
327 1696
328 1701
329 1701
330 1701
331 1701
332 679
333 1721
334 2319
335 644
336 426
337 426
338 426
339 426
340 426
341 2319
342 678
343 1696
344 345
345 1721
346 333
347 430
348 644
349 2307
350 644
351 359
352 639
353 716
354 678
355 678
356 2287
357 2287
358 364
359 364
360 355
361 367
362 350
363 351
364 351
365 372
366 353
367 353
368 353
369 354
370 650
371 719
372 648
373 2288
374 2292
375 720
376 377
377 1744
378 1744
379 1744
380 1738
381 568
382 722
383 1724
384 391
385 1730
386 1729
387 1755
388 1728
389 1728
390 654
391 2308
392 389
393 660
394 1755
395 1755
396 1755
397 637
398 637
399 1700
400 2240
401 2240
402 636
403 333
404 413
405 430
406 678
407 648
408 1740
409 1728
410 437
411 1728
412 2391
413 2391
414 2307
415 2307
416 346
417 345
418 360
419 430
420 442
421 364
422 2287
423 2319
424 367
425 718
426 2200
427 354
428 2288
429 433
430 372
431 2288
432 413
433 1501
434 1410
435 1410
436 2459
437 2459
438 2459
439 531
440 2210
441 1788
442 1788
443 4258
444 4258
445 1639
446 2778
447 2268
448 2268
449 714
450 475
451 468
452 818
453 473
454 247
455 1600
456 2356
457 1530
458 1547
459 475
460 286
461 443
462 1810
463 1499
464 1568
465 1369
466 1567
467 714
468 714
469 2393
470 2393
471 2393
472 2393
473 639
474 500
475 3180
476 637
477 500
478 1714
479 4258
480 2484
481 2484
482 258
483 258
484 2448
485 2448
486 1567
487 2502
488 2473
489 2473
490 1384
491 1610
492 261
493 1610
494 1495
495 1591
496 261
497 2400
498 232
499 775
500 775
501 2657
502 775
503 2330
504 881
505 476
506 426
507 2307
508 2400
509 531
510 1387
511 2412
512 2459
513 2484
514 2402
515 587
516 603
517 690
518 637
519 1700
520 498
521 2268
522 2268
523 1676
524 738
525 3362
526 3361
527 862
528 637
529 3361
530 3361
531 1720
532 2240
533 413
534 413
535 413
536 442
537 430
538 678
539 678
540 718
541 2200
542 1744
543 1743
544 1743
545 1759
546 775
547 747
548 942
549 942
550 942
551 808
552 1547
553 809
554 1547
555 1387
556 1387
557 2186
558 2473
559 2473
560 1387
561 942
562 942
563 942
564 942
565 942
566 594
567 2459
568 1384
569 2459
570 243
571 1579
572 1421
573 833
574 1501
575 2465
576 232
577 1407
578 481
579 1387
580 1651
581 1387
582 1823
583 272
584 1809
585 498
586 1714
587 496
588 2391
589 1387
590 690
591 321
592 690
593 3179
594 1670
595 685
596 4262
597 294
598 1715
599 636
600 638
601 638
602 1721
603 333
604 2204
605 646
606 1696
607 1718
608 347
609 347
610 639
611 2319
612 719
613 370
614 1744
615 433
616 376
617 2289
618 380
619 437
620 1728
621 1748
622 654
623 1748
624 1747
625 391
626 1724
627 1728
628 1738
629 1790
630 1790
631 2268
632 1677
633 1677
634 476
635 2210
636 2210
637 2393
638 2210
639 346
640 346
641 346
642 333
643 1719
644 321
645 1811
646 480
647 1798
648 1790
649 2268
650 1776
651 1776
652 476
653 475
654 2339
655 258
656 1384
657 1384
658 258
659 1569
660 2488
661 747
662 747
663 747
664 2488
665 255
666 1547
667 1547
668 775
669 1387
670 2210
671 2393
672 2393
673 1721
674 348
675 348
676 716
677 646
678 2319
679 2319
680 648
681 722
682 1738
683 637
684 637
685 3362
686 3180
687 3180
688 862
689 637
690 637
691 637
692 896
693 2448
694 2448
695 2448
696 594
697 733
698 2276
699 694
700 694
701 694
702 1695
703 1387
704 258
705 258
706 925
707 900
708 1474
709 1479
710 1464
711 980
712 973
713 1439
714 841
715 782
716 1479
717 796
718 780
719 1479
720 973
721 1453
722 769
723 1439
724 1439
725 1447
726 1447
727 971
728 769
729 1447
730 980
731 769
732 1440
733 1447
734 793
735 769
736 1621
737 775
738 775
739 775
740 775
741 980
742 769
743 769
744 769
745 769
746 790
747 775
748 775
749 775
750 775
751 769
752 775
753 808
754 971
755 782
756 1479
757 980
758 980
759 769
760 973
761 809
762 980
763 809
764 975
765 751
766 980
767 769
768 809
769 768
770 775
771 769
772 975
773 809
774 1464
775 980
776 782
777 1439
778 751
779 818
780 1439
781 808
782 1439
783 1479
784 782
785 818
786 818
787 973
788 769
789 971
790 1617
791 971
792 980
793 769
794 793
795 775
796 971
797 1440
798 775
799 775
800 751
801 775
802 775
803 1447
804 1447
805 782
806 1387
807 980
808 1447
809 971
810 775
811 769
812 775
813 775
814 973
815 761
816 973
817 1410
818 1417
819 1563
820 2487
821 942
822 925
823 925
824 942
825 925
826 942
827 942
828 942
829 1421
830 2448
831 2448
832 971
833 749
834 971
835 1410
836 102
837 75
838 2993
839 48
840 120
841 2657
842 107
843 851
844 54
845 75
846 1336
847 187
848 19
849 247
850 247
851 2778
852 185
853 4876
854 185
855 48
856 154
857 1337
858 120
859 191
860 75
861 1686
862 1542
863 873
864 619
865 1809
866 2411
867 532
868 2400
869 881
870 881
871 136
872 16
873 1
874 2464
875 1613
876 2498
877 2778
878 896
879 627
880 1613
881 1528
882 919
883 2502
884 261
885 627
886 2330
887 1386
888 927
889 258
890 258
891 900
892 258
893 258
894 958
895 2448
896 1567
897 1369
898 2448
899 1520
900 839
901 900
902 2448
903 2448
904 258
905 1384
906 900
907 1384
908 1382
909 1651
910 1567
911 919
912 1515
913 747
914 2473
915 2473
916 2473
917 2473
918 208
919 1387
920 900
921 900
922 2473
923 839
924 2459
925 2473
926 2448
927 900
928 1387
929 594
930 594
931 1520
932 594
933 594
934 893
935 1547
936 1547
937 1520
938 919
939 919
940 255
941 747
942 925
943 2473
944 1515
945 2465
946 2459
947 255
948 594
949 255
950 900
951 900
952 900
953 258
954 258
955 1369
956 1651
957 1384
958 1651
959 1651
960 1520
961 1350
962 1520
963 1621
964 1621
965 971
966 1621
967 809
968 809
969 20
970 1
971 971
972 769
973 1442
974 796
975 780
976 780
977 795
978 973
979 1439
980 980
981 973
982 973
983 1447
984 1447
985 1489
986 1488
987 1488
988 3965
989 1054
990 1479
991 3965
992 1479
993 1054
994 1482
995 3965
996 1489
997 1092
998 1488
999 1489
1000 1479
1001 782
1002 1069
1003 1479
1004 1242
1005 1187
1006 1187
1007 1187
1008 1270
1009 1267
1010 1270
1011 1270
1012 1170
1013 1170
1014 1242
1015 1052
1016 1035
1017 1270
1018 1035
1019 1242
1020 1242
1021 1187
1022 1035
1023 1270
1024 1035
1025 1035
1026 1035
1027 1035
1028 1267
1029 1170
1030 1170
1031 1187
1032 1008
1033 1008
1034 1006
1035 1242
1036 1113
1037 1113
1038 1170
1039 1270
1040 1270
1041 1187
1042 1242
1043 1035
1044 1157
1045 1270
1046 1187
1047 1258
1048 1113
1049 1267
1050 1035
1051 1170
1052 1324
1053 1270
1054 1113
1055 1170
1056 1270
1057 1113
1058 1267
1059 1270
1060 1022
1061 1170
1062 1022
1063 1270
1064 1022
1065 1022
1066 1035
1067 1055
1068 1324
1069 1488
1070 1170
1071 1242
1072 1258
1073 1113
1074 1187
1075 1170
1076 1267
1077 1035
1078 1170
1079 1170
1080 1187
1081 1080
1082 1113
1083 1187
1084 1170
1085 1257
1086 1170
1087 1187
1088 1170
1089 1170
1090 1170
1091 1187
1092 1170
1093 1270
1094 1022
1095 1267
1096 1270
1097 1035
1098 1324
1099 1187
1100 1242
1101 1187
1102 1113
1103 1170
1104 1170
1105 1170
1106 1035
1107 1270
1108 1270
1109 1170
1110 1170
1111 1170
1112 1267
1113 1069
1114 1170
1115 1170
1116 1170
1117 1170
1118 1170
1119 1170
1120 1170
1121 1170
1122 1170
1123 1170
1124 1170
1125 1170
1126 1170
1127 1170
1128 1170
1129 1170
1130 1170
1131 1170
1132 1170
1133 1170
1134 1170
1135 1170
1136 1170
1137 1170
1138 1170
1139 1170
1140 1170
1141 1113
1142 1170
1143 1170
1144 1170
1145 1170
1146 1170
1147 1170
1148 1170
1149 1170
1150 1170
1151 1170
1152 1170
1153 1170
1154 1170
1155 1170
1156 1170
1157 1170
1158 1170
1159 1170
1160 1170
1161 1170
1162 1170
1163 1170
1164 1170
1165 1170
1166 1170
1167 1170
1168 1170
1169 1170
1170 1170
1171 1170
1172 1170
1173 1170
1174 1170
1175 1170
1176 1170
1177 1170
1178 1170
1179 1170
1180 1170
1181 1170
1182 1170
1183 1170
1184 1170
1185 1170
1186 1170
1187 1170
1188 1170
1189 1170
1190 1170
1191 1170
1192 1170
1193 1170
1194 1170
1195 1170
1196 1187
1197 1242
1198 1270
1199 1170
1200 1170
1201 1170
1202 1170
1203 1170
1204 1170
1205 1170
1206 1170
1207 1170
1208 1170
1209 1170
1210 1170
1211 1170
1212 1170
1213 1170
1214 1170
1215 1170
1216 1170
1217 1170
1218 1170
1219 1170
1220 1170
1221 1170
1222 1170
1223 1170
1224 1170
1225 1170
1226 1170
1227 1170
1228 1170
1229 1170
1230 1170
1231 1170
1232 1170
1233 1170
1234 1170
1235 1170
1236 1170
1237 1170
1238 1170
1239 1170
1240 1170
1241 1170
1242 1170
1243 1170
1244 1170
1245 1170
1246 1170
1247 1170
1248 1170
1249 1170
1250 1170
1251 1170
1252 1113
1253 1170
1254 1170
1255 1170
1256 1170
1257 1170
1258 1209
1259 1170
1260 1170
1261 1170
1262 1170
1263 1171
1264 1170
1265 1170
1266 1170
1267 1170
1268 1170
1269 1170
1270 1170
1271 1170
1272 1170
1273 1170
1274 1170
1275 164
1276 1170
1277 1170
1278 1170
1279 1170
1280 1170
1281 1170
1282 1170
1283 1170
1284 1170
1285 1113
1286 1170
1287 1139
1288 1113
1289 1170
1290 1170
1291 1113
1292 1187
1293 1113
1294 1113
1295 1113
1296 1187
1297 1113
1298 1187
1299 1113
1300 1113
1301 1113
1302 1170
1303 1170
1304 1170
1305 1170
1306 1170
1307 1170
1308 1170
1309 1170
1310 1170
1311 1170
1312 1170
1313 1170
1314 1170
1315 1170
1316 1170
1317 1170
1318 1170
1319 1170
1320 1170
1321 1170
1322 1170
1323 1170
1324 1170
1325 1170
1326 1170
1327 1170
1328 1035
1329 1170
1330 1113
1331 1170
1332 1255
1333 1187
1334 1008
1335 1242
1336 1187
1337 1242
1338 1113
1339 1113
1340 1187
1341 1187
1342 1270
1343 1270
1344 1187
1345 1113
1346 1187
1347 1270
1348 1270
1349 1270
1350 1187
1351 1270
1352 1270
1353 1270
1354 1270
1355 1021
1356 1267
1357 1270
1358 1270
1359 1035
1360 1035
1361 1242
1362 1187
1363 68
1364 204
1365 27
1366 23
1367 1337
1368 120
1369 1387
1370 775
1371 942
1372 942
1373 775
1374 775
1375 942
1376 942
1377 942
1378 942
1379 942
1380 942
1381 942
1382 1547
1383 942
1384 1547
1385 1387
1386 1387
1387 942
1388 942
1389 1621
1390 2488
1391 922
1392 450
1393 747
1394 747
1395 2488
1396 1350
1397 2484
1398 2484
1399 1520
1400 1387
1401 925
1402 925
1403 922
1404 1350
1405 1651
1406 1387
1407 1387
1408 2488
1409 2488
1410 1562
1411 1562
1412 1562
1413 1597
1414 1387
1415 1387
1416 925
1417 258
1418 258
1419 258
1420 258
1421 2337
1422 1531
1423 2313
1424 2530
1425 2244
1426 1408
1427 2313
1428 1808
1429 1531
1430 685
1431 2524
1432 481
1433 2395
1434 1372
1435 2459
1436 2473
1437 2473
1438 2459
1439 1384
1440 1384
1441 1563
1442 1384
1443 2459
1444 2483
1445 2485
1446 1365
1447 2483
1448 2484
1449 835
1450 1578
1451 833
1452 260
1453 2484
1454 2436
1455 545
1456 1510
1457 980
1458 980
1459 980
1460 1439
1461 1447
1462 804
1463 756
1464 796
1465 796
1466 1439
1467 1442
1468 1439
1469 980
1470 980
1471 980
1472 971
1473 980
1474 1439
1475 1453
1476 1447
1477 990
1478 1479
1479 1479
1480 1479
1481 749
1482 796
1483 1479
1484 1479
1485 1479
1486 749
1487 782
1488 1479
1489 1479
1490 782
1491 1479
1492 782
1493 1479
1494 1482
1495 782
1496 1479
1497 989
1498 1479
1499 1479
1500 3585
1501 1489
1502 1485
1503 3965
1504 1489
1505 1479
1506 1489
1507 1488
1508 1489
1509 1488
1510 1489
1511 1489
1512 1488
1513 1069
1514 1055
1515 1488
1516 1055
1517 1054
1518 261
1519 2475
1520 261
1521 261
1522 261
1523 1512
1524 2406
1525 1531
1526 685
1527 481
1528 1410
1529 2511
1530 473
1531 2498
1532 2503
1533 2461
1534 2330
1535 927
1536 1547
1537 1387
1538 1387
1539 1621
1540 1547
1541 2448
1542 1567
1543 1568
1544 1529
1545 1531
1546 1531
1547 1802
1548 1542
1549 479
1550 239
1551 2512
1552 531
1553 1809
1554 1387
1555 1512
1556 1527
1557 1520
1558 1597
1559 243
1560 1365
1561 2485
1562 243
1563 1582
1564 1582
1565 1581
1566 2493
1567 2493
1568 2494
1569 1602
1570 2498
1571 1410
1572 1410
1573 1407
1574 1505
1575 1529
1576 473
1577 1602
1578 1602
1579 2335
1580 1591
1581 2406
1582 1357
1583 1547
1584 1547
1585 1594
1586 1547
1587 1547
1588 1528
1589 1567
1590 1520
1591 1600
1592 1549
1593 1602
1594 1597
1595 594
1596 594
1597 627
1598 627
1599 2330
1600 627
1601 627
1602 2330
1603 627
1604 1514
1605 1514
1606 1613
1607 2778
1608 4051
1609 971
1610 769
1611 971
1612 769
1613 971
1614 971
1615 971
1616 775
1617 769
1618 971
1619 973
1620 1617
1621 971
1622 769
1623 769
1624 980
1625 1447
1626 980
1627 980
1628 1447
1629 1447
1630 979
1631 1442
1632 1633
1633 1602
1634 1602
1635 2283
1636 1639
1637 2283
1638 1815
1639 472
1640 1419
1641 2313
1642 1803
1643 1635
1644 2283
1645 473
1646 889
1647 1634
1648 2484
1649 2488
1650 2459
1651 1345
1652 2480
1653 2480
1654 2480
1655 258
1656 258
1657 258
1658 900
1659 258
1660 900
1661 258
1662 258
1663 258
1664 882
1665 882
1666 2400
1667 882
1668 232
1669 1432
1670 232
1671 2436
1672 1423
1673 454
1674 1668
1675 272
1676 272
1677 272
1678 1672
1679 1542
1680 1674
1681 1686
1682 298
1683 2276
1684 1537
1685 1537
1686 1674
1687 1671
1688 2341
1689 1685
1690 1828
1691 1542
1692 2331
1693 2331
1694 336
1695 336
1696 2240
1697 4262
1698 3073
1699 321
1700 2240
1701 2240
1702 2241
1703 498
1704 321
1705 3073
1706 4262
1707 321
1708 1719
1709 637
1710 341
1711 2240
1712 2240
1713 321
1714 321
1715 2240
1716 2240
1717 1720
1718 336
1719 1721
1720 4262
1721 4262
1722 321
1723 3073
1724 4262
1725 1720
1726 636
1727 2346
1728 341
1729 1717
1730 341
1731 1720
1732 321
1733 636
1734 679
1735 436
1736 2351
1737 377
1738 1743
1739 1744
1740 650
1741 370
1742 1740
1743 1744
1744 1744
1745 721
1746 377
1747 440
1748 380
1749 380
1750 2292
1751 1744
1752 648
1753 648
1754 2288
1755 355
1756 2200
1757 2188
1758 1744
1759 354
1760 371
1761 2199
1762 352
1763 2200
1764 648
1765 568
1766 391
1767 2292
1768 1738
1769 1745
1770 1724
1771 1735
1772 650
1773 1743
1774 568
1775 650
1776 1743
1777 376
1778 1747
1779 2308
1780 1735
1781 1735
1782 722
1783 2393
1784 2210
1785 637
1786 290
1787 1770
1788 496
1789 1770
1790 2210
1791 2210
1792 621
1793 2393
1794 2393
1795 690
1796 1668
1797 1672
1798 2341
1799 1685
1800 2393
1801 2393
1802 2393
1803 694
1804 1676
1805 694
1806 694
1807 1686
1808 873
1809 873
1810 1542
1811 271
1812 2282
1813 2313
1814 1402
1815 531
1816 216
1817 2356
1818 1803
1819 1792
1820 873
1821 619
1822 1809
1823 1544
1824 1792
1825 1686
1826 4132
1827 46
1828 144
1829 86
1830 1833
1831 46
1832 144
1833 46
1834 882
1835 232
1836 637
1837 514
1838 253
1839 1803
1840 724
1841 724
1842 1762
1843 1762
1844 1762
1845 404
1846 404
1847 1764
1848 1764
1849 661
1850 724
1851 399
1852 661
1853 400
1854 400
1855 2352
1856 2352
1857 402
1858 659
1859 404
1860 659
1861 404
1862 400
1863 661
1864 400
1865 2352
1866 400
1867 2165
1868 2165
1869 2165
1870 2164
1871 2164
1872 2060
1873 2108
1874 2164
1875 2164
1876 2164
1877 2164
1878 2164
1879 2164
1880 2165
1881 2111
1882 2110
1883 2025
1884 2164
1885 2164
1886 2165
1887 2110
1888 2164
1889 2161
1890 2030
1891 2165
1892 2164
1893 1889
1894 2070
1895 2030
1896 2011
1897 2125
1898 2082
1899 2165
1900 2011
1901 2011
1902 2165
1903 2164
1904 2011
1905 2109
1906 2118
1907 2025
1908 2161
1909 2108
1910 2165
1911 2161
1912 2165
1913 2164
1914 2164
1915 2165
1916 2111
1917 2164
1918 2164
1919 2025
1920 2108
1921 2118
1922 2164
1923 2164
1924 2011
1925 2165
1926 2164
1927 2164
1928 1889
1929 2116
1930 2124
1931 2110
1932 2030
1933 2161
1934 2124
1935 2080
1936 2080
1937 1889
1938 2082
1939 2011
1940 2011
1941 2164
1942 2164
1943 2125
1944 2125
1945 2117
1946 2082
1947 2082
1948 2033
1949 1889
1950 2117
1951 2125
1952 2025
1953 2165
1954 2165
1955 2011
1956 2025
1957 2161
1958 2164
1959 2164
1960 2164
1961 2164
1962 2165
1963 2165
1964 2165
1965 2164
1966 2161
1967 2161
1968 2165
1969 2082
1970 2011
1971 2165
1972 2165
1973 2061
1974 1889
1975 2164
1976 2025
1977 2165
1978 2164
1979 2165
1980 2164
1981 2165
1982 2119
1983 2165
1984 2164
1985 2164
1986 2026
1987 2011
1988 2165
1989 1889
1990 2038
1991 2011
1992 1762
1993 661
1994 661
1995 1730
1996 724
1997 724
1998 1760
1999 1762
2000 1762
2001 1755
2002 1755
2003 1759
2004 1760
2005 724
2006 1755
2007 661
2008 1755
2009 661
2010 407
2011 661
2012 407
2013 407
2014 1843
2015 1842
2016 407
2017 407
2018 407
2019 1763
2020 663
2021 1763
2022 2065
2023 2027
2024 2065
2025 2179
2026 2027
2027 2038
2028 2062
2029 2062
2030 2038
2031 2038
2032 2071
2033 2078
2034 2133
2035 2027
2036 2038
2037 2133
2038 2128
2039 2133
2040 2133
2041 2133
2042 2133
2043 2001
2044 2179
2045 2180
2046 2180
2047 2180
2048 2180
2049 2179
2050 2038
2051 2179
2052 2180
2053 2180
2054 2104
2055 2052
2056 2364
2057 2183
2058 2104
2059 2102
2060 2102
2061 2183
2062 2183
2063 2183
2064 407
2065 2183
2066 2183
2067 2102
2068 2102
2069 1852
2070 2102
2071 2183
2072 1860
2073 1860
2074 1852
2075 1852
2076 1860
2077 1852
2078 1852
2079 2094
2080 2094
2081 2095
2082 2180
2083 2180
2084 2001
2085 2180
2086 1979
2087 2001
2088 2001
2089 2001
2090 2094
2091 2094
2092 2094
2093 2094
2094 1859
2095 1859
2096 1860
2097 1859
2098 1846
2099 2001
2100 1993
2101 2038
2102 2052
2103 2052
2104 2052
2105 2052
2106 2104
2107 2102
2108 2102
2109 2102
2110 2102
2111 2102
2112 2366
2113 2100
2114 2100
2115 2098
2116 2180
2117 1979
2118 1979
2119 1979
2120 1846
2121 1860
2122 1860
2123 1860
2124 1860
2125 1860
2126 1860
2127 2183
2128 2183
2129 2183
2130 2183
2131 2133
2132 2138
2133 2133
2134 2135
2135 2133
2136 2138
2137 2085
2138 2135
2139 2138
2140 2052
2141 2138
2142 2138
2143 2138
2144 2138
2145 2138
2146 2138
2147 2101
2148 2052
2149 2138
2150 2138
2151 2138
2152 2138
2153 2094
2154 2098
2155 2138
2156 2138
2157 2101
2158 2085
2159 2101
2160 2085
2161 2101
2162 2101
2163 2101
2164 2101
2165 2102
2166 2100
2167 2101
2168 2101
2169 2071
2170 2061
2171 2128
2172 2060
2173 2060
2174 2130
2175 2128
2176 2118
2177 2130
2178 2132
2179 2124
2180 2132
2181 2132
2182 2133
2183 2117
2184 2132
2185 2132
2186 2038
2187 2082
2188 2133
2189 2038
2190 2038
2191 2038
2192 2038
2193 2033
2194 2038
2195 2068
2196 2011
2197 2027
2198 2068
2199 2068
2200 2068
2201 2068
2202 2061
2203 1860
2204 1860
2205 2361
2206 1841
2207 407
2208 1860
2209 1846
2210 2180
2211 2180
2212 407
2213 407
2214 663
2215 663
2216 900
2217 2778
2218 1512
2219 719
2220 354
2221 354
2222 535
2223 1809
2224 2268
2225 2240
2226 2210
2227 2240
2228 678
2229 678
2230 430
2231 413
2232 2412
2233 333
2234 430
2235 2210
2236 1404
2237 2242
2238 1809
2239 1809
2240 2240
2241 336
2242 476
2243 1404
2244 620
2245 1809
2246 1695
2247 638
2248 1717
2249 2241
2250 2241
2251 346
2252 426
2253 426
2254 678
2255 2204
2256 1696
2257 2215
2258 685
2259 476
2260 619
2261 2412
2262 619
2263 2240
2264 342
2265 2210
2266 216
2267 354
2268 718
2269 1417
2270 1417
2271 309
2272 623
2273 1770
2274 290
2275 1678
2276 1674
2277 690
2278 690
2279 637
2280 1770
2281 1785
2282 714
2283 1770
2284 621
2285 1768
2286 4258
2287 1776
2288 2391
2289 637
2290 2818
2291 1668
2292 2275
2293 621
2294 290
2295 1602
2296 739
2297 1542
2298 1530
2299 739
2300 426
2301 644
2302 426
2303 2287
2304 654
2305 1785
2306 372
2307 1785
2308 1785
2309 468
2310 2502
2311 498
2312 1700
2313 1714
2314 498
2315 1529
2316 321
2317 498
2318 321
2319 3073
2320 3074
2321 4262
2322 1719
2323 638
2324 1701
2325 433
2326 1747
2327 1790
2328 690
2329 1531
2330 714
2331 413
2332 679
2333 348
2334 639
2335 359
2336 646
2337 719
2338 648
2339 720
2340 722
2341 1728
2342 2503
2343 1597
2344 1520
2345 1594
2346 2503
2347 1531
2348 1531
2349 1528
2350 1602
2351 1547
2352 1387
2353 2461
2354 1678
2355 1542
2356 1537
2357 679
2358 1719
2359 294
2360 294
2361 498
2362 4262
2363 4262
2364 636
2365 2292
2366 1747
2367 2288
2368 349
2369 654
2370 1738
2371 714
2372 1674
2373 1542
2374 660
2375 402
2376 1841
2377 400
2378 2352
2379 402
2380 2102
2381 2183
2382 1859
2383 1860
2384 2102
2385 1860
2386 2183
2387 2101
2388 2101
2389 1841
2390 1790
2391 2268
2392 445
2393 2433
2394 896
2395 2512
2396 2511
2397 1798
2398 1512
2399 531
2400 2393
2401 2393
2402 261
2403 2464
2404 1610
2405 2511
2406 2449
2407 471
2408 2335
2409 1809
2410 1514
2411 590
2412 1427
2413 2393
2414 2393
2415 2380
2416 2276
2417 68
2418 83
2419 48
2420 48
2421 48
2422 185
2423 75
2424 75
2425 844
2426 75
2427 185
2428 1337
2429 120
2430 1337
2431 128
2432 128
2433 737
2434 2473
2435 2459
2436 1384
2437 1579
2438 746
2439 2459
2440 2459
2441 2502
2442 1568
2443 1569
2444 2408
2445 2330
2446 2502
2447 1569
2448 2459
2449 2484
2450 1384
2451 2459
2452 2459
2453 1563
2454 1569
2455 833
2456 833
2457 1410
2458 1562
2459 2448
2460 2330
2461 1569
2462 208
2463 912
2464 2473
2465 1384
2466 895
2467 255
2468 1388
2469 537
2470 921
2471 2459
2472 2488
2473 2488
2474 2484
2475 2485
2476 2488
2477 2485
2478 2483
2479 828
2480 2448
2481 2448
2482 2448
2483 2461
2484 2448
2485 2502
2486 573
2487 1586
2488 1586
2489 482
2490 1529
2491 1527
2492 1569
2493 896
2494 1389
2495 1361
2496 1354
2497 1432
2498 1436
2499 1568
2500 1384
2501 537
2502 258
2503 255
2504 2473
2505 2473
2506 2473
2507 2459
2508 2459
2509 2459
2510 1610
2511 1384
2512 1645
2513 737
2514 921
2515 921
2516 1410
2517 201
2518 1815
2519 1409
2520 2512
2521 541
2522 2520
2523 1639
2524 889
2525 1599
2526 1634
2527 1792
2528 889
2529 1634
2530 1788
2531 531
2532 2393
2533 1685
2534 2611
2535 1334
2536 36
2537 91
2538 137
2539 144
2540 115
2541 882
2542 15
2543 882
2544 11
2545 46
2546 2611
2547 2665
2548 2664
2549 2645
2550 2665
2551 46
2552 48
2553 2611
2554 2659
2555 102
2556 82
2557 2645
2558 2582
2559 82
2560 2645
2561 2572
2562 52
2563 2588
2564 2588
2565 2572
2566 2645
2567 46
2568 2715
2569 2715
2570 102
2571 86
2572 2806
2573 48
2574 2581
2575 82
2576 2665
2577 2582
2578 48
2579 49
2580 2611
2581 82
2582 2571
2583 1
2584 136
2585 3383
2586 2572
2587 2638
2588 2806
2589 136
2590 115
2591 136
2592 48
2593 46
2594 82
2595 43
2596 2536
2597 161
2598 113
2599 3370
2600 2588
2601 2582
2602 2570
2603 4883
2604 2620
2605 2645
2606 2716
2607 82
2608 82
2609 86
2610 86
2611 2654
2612 83
2613 2645
2614 2588
2615 2645
2616 2710
2617 2710
2618 2697
2619 2584
2620 20
2621 1656
2622 2617
2623 1333
2624 102
2625 91
2626 4131
2627 7
2628 115
2629 48
2630 2645
2631 2806
2632 46
2633 2806
2634 46
2635 2643
2636 115
2637 1
2638 68
2639 3345
2640 2665
2641 2666
2642 46
2643 112
2644 2620
2645 2640
2646 4300
2647 2657
2648 2778
2649 2568
2650 3370
2651 145
2652 137
2653 2620
2654 4131
2655 2645
2656 2562
2657 2806
2658 136
2659 68
2660 115
2661 68
2662 2560
2663 137
2664 2631
2665 2645
2666 2718
2667 3355
2668 2728
2669 2709
2670 3344
2671 2709
2672 2709
2673 2707
2674 3366
2675 2709
2676 3344
2677 3355
2678 2716
2679 2704
2680 2716
2681 2717
2682 2716
2683 1337
2684 2710
2685 119
2686 2717
2687 85
2688 2712
2689 2707
2690 2712
2691 2704
2692 2704
2693 2704
2694 2708
2695 2704
2696 2708
2697 2688
2698 2707
2699 2707
2700 3366
2701 2716
2702 2601
2703 2716
2704 2717
2705 2716
2706 2717
2707 2717
2708 2718
2709 2709
2710 2718
2711 2709
2712 4135
2713 2718
2714 2709
2715 3366
2716 3842
2717 2728
2718 2717
2719 2717
2720 3982
2721 3453
2722 4931
2723 3435
2724 4996
2725 4846
2726 3917
2727 2745
2728 4944
2729 3106
2730 3408
2731 2974
2732 3915
2733 2745
2734 3426
2735 3192
2736 3894
2737 3240
2738 3240
2739 3337
2740 3337
2741 4860
2742 2977
2743 3061
2744 1495
2745 1495
2746 4901
2747 3240
2748 3240
2749 4959
2750 2994
2751 3329
2752 2770
2753 4805
2754 2745
2755 4952
2756 2657
2757 1599
2758 4951
2759 4062
2760 1639
2761 4127
2762 3436
2763 4130
2764 4122
2765 4130
2766 4122
2767 4909
2768 3329
2769 4123
2770 3106
2771 3106
2772 4123
2773 4123
2774 4277
2775 4093
2776 4149
2777 4149
2778 4093
2779 2657
2780 4287
2781 2778
2782 4155
2783 4256
2784 2766
2785 1715
2786 4733
2787 4973
2788 4689
2789 4154
2790 4746
2791 4250
2792 4680
2793 4665
2794 4680
2795 4859
2796 4745
2797 4069
2798 3073
2799 3073
2800 3246
2801 3203
2802 4764
2803 4746
2804 4869
2805 2815
2806 3893
2807 4993
2808 1432
2809 498
2810 3073
2811 498
2812 3180
2813 3180
2814 3180
2815 3892
2816 2745
2817 3073
2818 4749
2819 3201
2820 3072
2821 3017
2822 3017
2823 4815
2824 4188
2825 4764
2826 2814
2827 3246
2828 4262
2829 4262
2830 4262
2831 3074
2832 3074
2833 3203
2834 2814
2835 2814
2836 4816
2837 4816
2838 4816
2839 4816
2840 3199
2841 4662
2842 4196
2843 4190
2844 4192
2845 4192
2846 4192
2847 3187
2848 3187
2849 2870
2850 2951
2851 4171
2852 4816
2853 3149
2854 3147
2855 4192
2856 4192
2857 4192
2858 4192
2859 4196
2860 2871
2861 4185
2862 3187
2863 2951
2864 2951
2865 3187
2866 3187
2867 3225
2868 2952
2869 2890
2870 3187
2871 3225
2872 3187
2873 4760
2874 4755
2875 2880
2876 2880
2877 4755
2878 2911
2879 4755
2880 2873
2881 2957
2882 2909
2883 2879
2884 4221
2885 4221
2886 2904
2887 2960
2888 2904
2889 2911
2890 3161
2891 2913
2892 2965
2893 4203
2894 4230
2895 4238
2896 2911
2897 4794
2898 2918
2899 3163
2900 3171
2901 2913
2902 4239
2903 2931
2904 4230
2905 4230
2906 2931
2907 2819
2908 3180
2909 3179
2910 2814
2911 3072
2912 4815
2913 3147
2914 4167
2915 4190
2916 2866
2917 4760
2918 4757
2919 3161
2920 4213
2921 2911
2922 4725
2923 4665
2924 3187
2925 2866
2926 4192
2927 4176
2928 3146
2929 2936
2930 4711
2931 3187
2932 3187
2933 2952
2934 4788
2935 2951
2936 2892
2937 2893
2938 2960
2939 2903
2940 2876
2941 2957
2942 4816
2943 4053
2944 2746
2945 3240
2946 3240
2947 4993
2948 4869
2949 4260
2950 1788
2951 1788
2952 1788
2953 714
2954 4665
2955 4114
2956 1496
2957 2819
2958 4857
2959 3180
2960 294
2961 4154
2962 4069
2963 2657
2964 4796
2965 4152
2966 4957
2967 3887
2968 3073
2969 4145
2970 4018
2971 3897
2972 3985
2973 3007
2974 4041
2975 4675
2976 4725
2977 4859
2978 4869
2979 4267
2980 4859
2981 4816
2982 4262
2983 2819
2984 3180
2985 2819
2986 668
2987 2657
2988 3329
2989 4951
2990 3329
2991 4041
2992 2742
2993 4043
2994 4951
2995 4951
2996 3337
2997 3058
2998 3453
2999 3982
3000 3982
3001 1495
3002 232
3003 2657
3004 4051
3005 3982
3006 3999
3007 3982
3008 3126
3009 3106
3010 4093
3011 3106
3012 2572
3013 4150
3014 4145
3015 4192
3016 4992
3017 4135
3018 4991
3019 3106
3020 3906
3021 3915
3022 3240
3023 3922
3024 4866
3025 3179
3026 3180
3027 690
3028 1700
3029 3073
3030 321
3031 2819
3032 2819
3033 4154
3034 2819
3035 2819
3036 2819
3037 3244
3038 3361
3039 4250
3040 4764
3041 3201
3042 4816
3043 4816
3044 4777
3045 3078
3046 2866
3047 2951
3048 2888
3049 2959
3050 2901
3051 2943
3052 2911
3053 2911
3054 3106
3055 4128
3056 4122
3057 4122
3058 3011
3059 3864
3060 3126
3061 3865
3062 3106
3063 3106
3064 3011
3065 3106
3066 4124
3067 4124
3068 4124
3069 3329
3070 4996
3071 2973
3072 3915
3073 3915
3074 4952
3075 2764
3076 4053
3077 2840
3078 1495
3079 3983
3080 3995
3081 3985
3082 3454
3083 3329
3084 3408
3085 2849
3086 4146
3087 4869
3088 4262
3089 4746
3090 4258
3091 4260
3092 4665
3093 3106
3094 3180
3095 3180
3096 321
3097 3180
3098 321
3099 4278
3100 3203
3101 3072
3102 3074
3103 3072
3104 3203
3105 4764
3106 4191
3107 4176
3108 2866
3109 2870
3110 4176
3111 4816
3112 4816
3113 3149
3114 2871
3115 4788
3116 2952
3117 3158
3118 2943
3119 2900
3120 2909
3121 2901
3122 2904
3123 4219
3124 2916
3125 2911
3126 3163
3127 4213
3128 4819
3129 4203
3130 4239
3131 4228
3132 2946
3133 4206
3134 3180
3135 3180
3136 3180
3137 862
3138 3244
3139 4145
3140 3377
3141 3377
3142 2815
3143 4267
3144 4179
3145 4176
3146 4816
3147 4185
3148 3072
3149 3203
3150 3894
3151 3987
3152 4869
3153 3073
3154 4253
3155 4746
3156 4243
3157 4145
3158 4155
3159 4122
3160 4951
3161 4130
3162 3106
3163 3329
3164 2783
3165 2785
3166 3408
3167 4124
3168 3011
3169 3454
3170 3126
3171 3106
3172 4291
3173 1716
3174 4680
3175 3377
3176 3377
3177 3377
3178 3015
3179 3147
3180 3222
3181 4185
3182 2870
3183 4788
3184 2958
3185 4792
3186 3161
3187 3163
3188 2819
3189 3180
3190 3180
3191 2819
3192 2819
3193 2819
3194 2819
3195 2819
3196 4084
3197 3240
3198 4936
3199 3435
3200 4124
3201 4745
3202 4154
3203 4746
3204 3106
3205 2783
3206 2783
3207 2783
3208 3436
3209 4101
3210 3340
3211 4097
3212 4806
3213 3129
3214 3856
3215 3340
3216 3340
3217 3299
3218 3849
3219 3269
3220 4806
3221 3846
3222 3208
3223 3208
3224 3209
3225 3856
3226 3856
3227 3208
3228 3208
3229 3856
3230 3208
3231 3208
3232 3856
3233 3208
3234 3129
3235 3856
3236 3208
3237 3208
3238 3126
3239 3243
3240 3126
3241 3208
3242 3208
3243 3126
3244 3208
3245 3865
3246 3106
3247 3126
3248 3126
3249 3126
3250 3126
3251 3126
3252 3126
3253 3208
3254 3340
3255 3269
3256 3208
3257 3208
3258 3855
3259 4806
3260 3208
3261 3208
3262 3208
3263 3126
3264 3126
3265 3126
3266 3126
3267 3208
3268 3126
3269 3126
3270 3126
3271 3865
3272 3864
3273 4806
3274 4101
3275 3269
3276 4097
3277 3208
3278 3846
3279 3011
3280 3855
3281 3320
3282 3340
3283 3208
3284 3865
3285 3299
3286 3126
3287 3126
3288 3208
3289 3208
3290 4799
3291 3208
3292 3208
3293 3126
3294 4797
3295 3126
3296 4806
3297 3243
3298 3208
3299 3126
3300 3126
3301 3243
3302 3106
3303 4101
3304 3106
3305 3129
3306 3856
3307 3208
3308 3208
3309 3208
3310 3208
3311 3126
3312 3856
3313 3856
3314 2745
3315 4949
3316 3436
3317 4128
3318 4128
3319 4124
3320 4124
3321 4964
3322 4128
3323 2746
3324 4041
3325 3129
3326 4097
3327 3208
3328 4054
3329 3355
3330 2657
3331 2572
3332 2609
3333 85
3334 2572
3335 2638
3336 2645
3337 2728
3338 2717
3339 2728
3340 2582
3341 2570
3342 3981
3343 2657
3344 2657
3345 2778
3346 4876
3347 80
3348 2707
3349 2704
3350 2601
3351 119
3352 2582
3353 2718
3354 3842
3355 4975
3356 3001
3357 2748
3358 4688
3359 4853
3360 532
3361 3982
3362 52
3363 52
3364 3383
3365 2664
3366 882
3367 131
3368 3037
3369 3387
3370 4796
3371 4796
3372 3339
3373 4796
3374 4069
3375 4048
3376 4996
3377 4951
3378 3339
3379 3011
3380 4748
3381 3454
3382 4089
3383 4122
3384 4127
3385 4127
3386 3239
3387 3325
3388 3239
3389 4951
3390 4010
3391 4951
3392 3338
3393 3325
3394 4122
3395 4127
3396 4127
3397 4951
3398 3329
3399 4130
3400 4122
3401 3339
3402 2783
3403 2783
3404 3337
3405 3337
3406 4085
3407 4085
3408 3011
3409 3337
3410 2784
3411 3337
3412 3337
3413 3338
3414 3339
3415 3339
3416 4996
3417 4996
3418 3011
3419 4010
3420 3408
3421 4089
3422 3339
3423 3339
3424 3011
3425 4952
3426 4084
3427 4996
3428 4996
3429 4996
3430 4996
3431 4088
3432 4996
3433 4996
3434 4996
3435 3339
3436 3325
3437 4130
3438 4951
3439 4130
3440 3329
3441 4910
3442 4123
3443 4046
3444 4799
3445 3129
3446 2768
3447 3208
3448 91
3449 20
3450 3856
3451 3856
3452 3846
3453 3856
3454 3849
3455 4806
3456 3848
3457 3129
3458 3129
3459 4806
3460 3849
3461 3846
3462 3846
3463 3320
3464 3320
3465 3320
3466 3285
3467 3935
3468 3340
3469 3320
3470 3320
3471 3953
3472 3320
3473 3320
3474 3320
3475 3296
3476 3340
3477 3340
3478 3320
3479 3320
3480 3945
3481 3320
3482 3492
3483 3567
3484 3567
3485 3567
3486 3978
3487 3961
3488 3492
3489 3492
3490 3492
3491 3538
3492 3829
3493 3829
3494 3567
3495 3538
3496 3492
3497 3492
3498 3259
3499 3567
3500 3970
3501 3485
3502 3585
3503 3585
3504 3259
3505 3285
3506 3284
3507 3567
3508 3961
3509 3519
3510 3583
3511 3567
3512 3829
3513 3969
3514 3567
3515 3978
3516 3528
3517 3538
3518 3585
3519 3829
3520 3567
3521 3567
3522 3259
3523 3528
3524 3978
3525 3585
3526 3829
3527 3567
3528 3585
3529 3284
3530 3961
3531 3585
3532 3585
3533 3829
3534 3538
3535 3567
3536 3562
3537 3585
3538 3585
3539 3284
3540 3485
3541 3538
3542 3492
3543 3284
3544 3284
3545 3953
3546 3941
3547 3284
3548 3296
3549 3953
3550 3793
3551 3567
3552 3585
3553 3827
3554 3538
3555 3528
3556 3556
3557 3829
3558 3538
3559 3583
3560 3538
3561 3538
3562 3829
3563 3538
3564 3538
3565 3538
3566 3567
3567 3538
3568 3549
3569 3549
3570 3538
3571 3585
3572 3538
3573 3585
3574 3538
3575 3585
3576 3485
3577 3296
3578 3259
3579 3567
3580 3503
3581 3829
3582 3829
3583 3829
3584 3538
3585 3961
3586 3961
3587 3567
3588 3585
3589 3538
3590 3778
3591 3320
3592 3284
3593 3259
3594 3538
3595 3538
3596 3626
3597 3626
3598 3626
3599 3626
3600 3626
3601 3626
3602 3626
3603 3626
3604 3626
3605 3538
3606 3730
3607 3538
3608 3687
3609 3626
3610 3626
3611 3626
3612 3626
3613 3827
3614 3538
3615 3503
3616 3538
3617 3562
3618 3528
3619 3538
3620 3538
3621 3538
3622 3538
3623 3538
3624 3538
3625 3538
3626 3538
3627 3538
3628 3538
3629 3538
3630 3538
3631 3730
3632 3538
3633 3538
3634 3538
3635 3538
3636 3730
3637 3538
3638 3626
3639 3730
3640 3626
3641 3538
3642 3503
3643 3538
3644 3730
3645 3626
3646 3626
3647 3626
3648 3724
3649 3724
3650 3724
3651 3626
3652 3724
3653 3724
3654 3626
3655 3626
3656 3724
3657 3724
3658 3730
3659 3724
3660 3628
3661 3724
3662 3653
3663 3724
3664 3724
3665 3724
3666 3724
3667 3538
3668 3538
3669 3538
3670 3538
3671 3528
3672 3538
3673 3538
3674 3526
3675 3538
3676 3538
3677 3538
3678 3829
3679 3585
3680 3538
3681 3538
3682 3538
3683 3562
3684 3538
3685 3538
3686 3549
3687 3549
3688 3626
3689 3730
3690 3538
3691 3538
3692 3538
3693 3538
3694 3538
3695 3538
3696 3538
3697 3538
3698 3626
3699 3538
3700 3538
3701 3538
3702 3538
3703 3626
3704 3626
3705 3724
3706 3724
3707 3724
3708 3724
3709 3724
3710 3626
3711 3724
3712 3724
3713 3724
3714 3626
3715 3628
3716 3628
3717 3626
3718 3626
3719 3626
3720 3724
3721 3724
3722 3626
3723 3724
3724 3538
3725 3538
3726 3538
3727 3538
3728 3538
3729 3775
3730 3538
3731 3538
3732 3538
3733 3538
3734 3538
3735 3829
3736 3538
3737 3538
3738 3538
3739 3538
3740 3538
3741 3528
3742 3538
3743 3538
3744 3538
3745 3538
3746 3583
3747 3538
3748 3549
3749 3538
3750 3549
3751 3538
3752 3549
3753 3538
3754 3538
3755 3538
3756 3538
3757 3538
3758 3538
3759 3538
3760 3538
3761 3538
3762 3538
3763 3538
3764 3538
3765 3538
3766 3562
3767 3562
3768 3562
3769 3583
3770 3543
3771 3567
3772 3543
3773 3567
3774 3567
3775 3567
3776 3567
3777 3827
3778 3827
3779 3827
3780 3827
3781 3827
3782 3562
3783 3562
3784 3562
3785 3503
3786 3503
3787 3538
3788 3562
3789 3503
3790 3562
3791 3562
3792 3538
3793 3538
3794 3543
3795 3503
3796 3503
3797 3562
3798 3538
3799 3562
3800 3538
3801 3538
3802 3562
3803 3284
3804 3583
3805 3583
3806 3528
3807 3829
3808 3975
3809 3978
3810 3829
3811 3528
3812 3583
3813 3829
3814 3829
3815 3978
3816 3978
3817 3829
3818 3567
3819 3567
3820 3567
3821 3585
3822 3485
3823 3492
3824 3585
3825 3585
3826 3585
3827 3585
3828 3259
3829 3314
3830 3259
3831 3585
3832 3585
3833 3585
3834 3284
3835 3284
3836 3567
3837 113
3838 137
3839 2620
3840 119
3841 3842
3842 2698
3843 119
3844 3106
3845 3887
3846 3106
3847 3106
3848 3106
3849 4122
3850 4128
3851 4122
3852 4122
3853 2780
3854 2768
3855 4124
3856 4964
3857 3106
3858 3106
3859 4122
3860 3864
3861 3865
3862 4124
3863 4122
3864 4951
3865 4123
3866 4127
3867 3329
3868 3106
3869 4124
3870 4128
3871 4128
3872 4122
3873 3329
3874 4123
3875 3011
3876 3106
3877 4951
3878 2774
3879 3329
3880 3106
3881 4124
3882 3409
3883 4127
3884 4128
3885 3240
3886 4122
3887 4122
3888 3887
3889 2795
3890 4751
3891 4278
3892 3894
3893 4018
3894 4981
3895 3985
3896 4015
3897 3988
3898 4069
3899 3985
3900 1663
3901 3922
3902 3915
3903 3915
3904 3058
3905 2742
3906 3915
3907 2744
3908 2773
3909 2774
3910 4035
3911 2746
3912 2746
3913 4944
3914 4139
3915 3061
3916 2978
3917 3129
3918 3129
3919 3856
3920 3849
3921 3846
3922 3856
3923 3856
3924 3856
3925 3848
3926 4806
3927 3208
3928 4806
3929 3129
3930 3129
3931 3129
3932 4806
3933 3333
3934 3846
3935 4097
3936 3269
3937 3269
3938 3849
3939 4097
3940 3269
3941 3269
3942 3849
3943 3269
3944 4101
3945 3340
3946 3340
3947 4101
3948 3269
3949 3320
3950 3340
3951 3320
3952 3320
3953 3340
3954 3340
3955 3340
3956 3340
3957 3320
3958 3320
3959 3320
3960 3320
3961 3320
3962 3340
3963 3320
3964 3935
3965 3340
3966 3320
3967 3945
3968 3953
3969 3320
3970 3953
3971 3320
3972 3320
3973 3953
3974 3945
3975 3984
3976 4071
3977 3999
3978 4135
3979 3982
3980 3386
3981 4796
3982 3900
3983 2795
3984 2745
3985 2795
3986 3322
3987 4069
3988 1496
3989 4796
3990 4796
3991 3388
3992 3339
3993 3408
3994 3106
3995 3106
3996 2768
3997 4123
3998 4910
3999 4123
4000 4951
4001 4952
4002 4012
4003 2770
4004 4015
4005 4018
4006 4018
4007 2797
4008 2797
4009 2825
4010 2825
4011 3106
4012 4069
4013 4069
4014 4047
4015 4010
4016 4959
4017 2773
4018 2773
4019 2773
4020 2773
4021 2773
4022 4048
4023 4048
4024 4082
4025 4805
4026 4796
4027 2746
4028 2737
4029 3007
4030 4957
4031 4957
4032 4082
4033 1496
4034 1496
4035 2778
4036 2785
4037 3106
4038 3106
4039 3408
4040 3011
4041 3459
4042 3408
4043 4069
4044 4082
4045 4910
4046 4748
4047 4921
4048 4070
4049 4957
4050 3339
4051 2768
4052 4996
4053 4085
4054 3339
4055 3339
4056 3339
4057 4085
4058 3339
4059 4089
4060 4109
4061 3387
4062 3387
4063 2778
4064 2778
4065 2778
4066 3129
4067 3208
4068 3208
4069 3855
4070 4799
4071 3126
4072 3208
4073 3208
4074 3855
4075 4799
4076 3856
4077 3208
4078 3208
4079 3208
4080 3844
4081 3208
4082 4004
4083 3208
4084 4806
4085 3844
4086 3856
4087 3882
4088 3856
4089 4109
4090 4082
4091 4805
4092 1639
4093 1599
4094 1639
4095 4308
4096 4113
4097 4975
4098 4114
4099 1635
4100 1635
4101 4113
4102 4114
4103 4069
4104 4110
4105 2747
4106 4944
4107 2764
4108 3916
4109 4901
4110 3337
4111 2783
4112 4127
4113 2783
4114 3338
4115 4122
4116 4122
4117 4130
4118 20
4119 15
4120 136
4121 136
4122 232
4123 4142
4124 514
4125 1495
4126 539
4127 452
4128 4841
4129 4810
4130 2825
4131 4160
4132 2825
4133 2825
4134 4161
4135 4152
4136 4160
4137 2276
4138 4161
4139 2825
4140 2825
4141 4256
4142 4296
4143 2414
4144 4264
4145 4800
4146 4825
4147 3201
4148 4662
4149 3015
4150 3245
4151 4186
4152 3074
4153 3072
4154 3074
4155 3201
4156 4816
4157 4262
4158 4262
4159 3073
4160 4262
4161 4262
4162 3017
4163 4764
4164 3201
4165 4764
4166 4753
4167 3074
4168 4685
4169 3245
4170 4188
4171 4764
4172 4662
4173 3017
4174 3017
4175 4262
4176 4262
4177 4262
4178 4262
4179 3073
4180 3246
4181 3199
4182 3201
4183 4764
4184 3201
4185 3074
4186 3074
4187 3246
4188 3016
4189 2901
4190 2909
4191 2902
4192 4218
4193 4218
4194 4218
4195 2901
4196 2909
4197 3161
4198 2943
4199 2909
4200 2901
4201 2879
4202 4221
4203 4758
4204 2909
4205 2880
4206 2960
4207 4757
4208 2958
4209 2957
4210 2957
4211 2959
4212 2964
4213 2888
4214 2960
4215 2957
4216 2888
4217 2959
4218 2879
4219 2873
4220 2911
4221 4238
4222 3161
4223 3163
4224 4779
4225 4211
4226 2916
4227 3161
4228 4213
4229 2911
4230 2943
4231 4211
4232 3161
4233 2909
4234 2965
4235 4211
4236 2915
4237 4213
4238 3377
4239 3377
4240 2819
4241 2819
4242 4258
4243 4146
4244 4258
4245 4680
4246 4665
4247 4146
4248 4290
4249 3377
4250 4258
4251 4258
4252 4665
4253 3377
4254 637
4255 637
4256 4157
4257 4802
4258 2414
4259 4869
4260 4869
4261 4869
4262 2529
4263 4154
4264 4154
4265 2393
4266 4975
4267 2825
4268 2512
4269 4275
4270 2995
4271 4825
4272 3991
4273 3990
4274 3192
4275 2995
4276 4981
4277 4975
4278 2797
4279 2766
4280 4688
4281 2512
4282 2825
4283 4152
4284 46
4285 137
4286 2645
4287 2630
4288 2632
4289 2632
4290 136
4291 882
4292 232
4293 637
4294 2520
4295 2520
4296 2919
4297 4827
4298 3171
4299 2926
4300 2927
4301 4460
4302 4462
4303 3168
4304 2920
4305 4827
4306 3175
4307 3175
4308 4827
4309 4328
4310 4457
4311 4318
4312 4460
4313 4457
4314 4321
4315 4312
4316 4461
4317 4313
4318 4319
4319 4827
4320 4457
4321 4459
4322 4318
4323 4412
4324 4412
4325 4412
4326 4421
4327 4341
4328 4619
4329 4421
4330 4619
4331 4619
4332 4352
4333 4352
4334 4352
4335 4412
4336 4407
4337 4444
4338 4408
4339 4393
4340 4403
4341 4408
4342 4408
4343 4396
4344 4396
4345 4444
4346 4357
4347 4407
4348 4412
4349 4412
4350 4408
4351 4411
4352 4359
4353 4487
4354 4408
4355 4358
4356 4628
4357 4347
4358 4408
4359 4408
4360 4382
4361 4347
4362 4421
4363 4380
4364 4496
4365 4407
4366 4621
4367 4453
4368 4412
4369 4403
4370 4354
4371 4407
4372 4444
4373 4408
4374 4392
4375 4408
4376 4412
4377 4380
4378 4412
4379 4622
4380 4408
4381 4444
4382 4407
4383 4407
4384 4392
4385 4412
4386 4396
4387 4626
4388 4411
4389 4498
4390 4412
4391 4380
4392 4357
4393 4627
4394 4629
4395 4629
4396 4412
4397 4407
4398 4487
4399 4412
4400 4412
4401 4408
4402 4625
4403 4498
4404 4627
4405 4499
4406 4385
4407 4487
4408 4385
4409 4629
4410 4498
4411 4444
4412 4412
4413 4385
4414 4347
4415 4421
4416 4352
4417 4380
4418 4352
4419 4352
4420 4352
4421 4408
4422 4408
4423 4408
4424 4408
4425 4380
4426 4380
4427 4357
4428 4396
4429 4412
4430 4629
4431 4632
4432 4347
4433 4421
4434 4386
4435 4412
4436 4412
4437 4407
4438 4352
4439 4352
4440 4357
4441 4412
4442 4354
4443 4408
4444 4408
4445 4623
4446 4412
4447 4407
4448 4412
4449 4380
4450 4632
4451 4385
4452 4453
4453 4488
4454 4488
4455 4488
4456 4827
4457 2919
4458 4827
4459 4239
4460 3175
4461 3175
4462 4236
4463 4460
4464 3175
4465 2920
4466 2920
4467 4228
4468 4235
4469 2946
4470 2946
4471 3172
4472 4827
4473 4319
4474 4313
4475 4827
4476 4831
4477 4473
4478 4321
4479 4328
4480 4570
4481 4473
4482 4831
4483 4652
4484 4313
4485 4827
4486 4534
4487 4534
4488 4505
4489 4505
4490 4537
4491 4505
4492 4505
4493 4552
4494 4552
4495 4586
4496 4534
4497 4534
4498 4543
4499 4501
4500 4554
4501 4581
4502 4583
4503 4581
4504 4583
4505 4588
4506 4554
4507 4504
4508 4535
4509 4537
4510 4536
4511 4504
4512 4504
4513 4509
4514 4586
4515 4602
4516 4520
4517 4515
4518 4557
4519 4515
4520 4557
4521 4515
4522 4515
4523 4833
4524 4520
4525 4520
4526 4520
4527 4520
4528 4576
4529 4524
4530 4525
4531 4524
4532 4524
4533 4575
4534 4574
4535 4575
4536 4574
4537 4574
4538 4573
4539 4645
4540 4474
4541 4608
4542 4540
4543 4538
4544 4541
4545 4518
4546 4650
4547 4650
4548 4536
4549 4538
4550 4538
4551 4538
4552 4538
4553 4518
4554 4550
4555 4552
4556 4598
4557 4518
4558 4563
4559 4834
4560 4837
4561 4837
4562 4834
4563 4569
4564 4569
4565 4556
4566 4586
4567 4602
4568 4558
4569 4558
4570 4520
4571 4525
4572 4521
4573 4522
4574 4525
4575 4525
4576 4608
4577 4563
4578 4608
4579 4650
4580 4569
4581 4475
4582 4569
4583 4837
4584 4837
4585 4645
4586 4645
4587 4474
4588 4322
4589 4575
4590 4575
4591 4473
4592 4645
4593 4501
4594 4596
4595 4588
4596 4593
4597 4593
4598 4588
4599 4593
4600 4594
4601 4559
4602 4601
4603 4603
4604 4594
4605 4601
4606 4604
4607 4518
4608 4509
4609 4838
4610 4559
4611 4838
4612 4838
4613 4838
4614 4608
4615 4838
4616 4838
4617 4838
4618 4558
4619 4610
4620 4838
4621 4610
4622 4610
4623 4522
4624 4608
4625 4608
4626 4610
4627 4610
4628 4534
4629 4497
4630 4498
4631 4492
4632 4626
4633 4582
4634 4498
4635 4498
4636 4498
4637 4499
4638 4498
4639 4498
4640 4498
4641 4498
4642 4499
4643 4584
4644 4499
4645 4500
4646 4585
4647 4552
4648 4585
4649 4487
4650 4487
4651 4487
4652 4487
4653 4633
4654 4412
4655 4487
4656 4408
4657 4487
4658 4487
4659 4408
4660 4421
4661 4534
4662 4327
4663 4322
4664 4328
4665 4317
4666 4327
4667 4319
4668 4576
4669 4650
4670 4576
4671 4831
4672 4325
4673 4831
4674 3436
4675 2778
4676 4755
4677 2959
4678 2880
4679 2893
4680 2839
4681 4746
4682 2999
4683 4685
4684 4688
4685 3247
4686 4778
4687 2951
4688 4711
4689 4711
4690 4816
4691 4176
4692 4671
4693 2866
4694 2815
4695 4746
4696 4853
4697 4861
4698 4764
4699 4816
4700 4706
4701 4660
4702 3056
4703 2756
4704 4746
4705 4746
4706 3199
4707 3201
4708 4816
4709 4192
4710 4192
4711 3187
4712 4760
4713 4172
4714 2866
4715 2859
4716 4243
4717 4703
4718 4243
4719 4269
4720 4703
4721 3201
4722 4816
4723 4290
4724 2756
4725 4688
4726 2888
4727 2888
4728 4865
4729 3118
4730 3377
4731 3377
4732 3377
4733 4146
4734 4243
4735 4161
4736 4161
4737 2819
4738 3180
4739 2819
4740 2819
4741 4146
4742 4258
4743 4857
4744 4146
4745 3218
4746 4706
4747 1790
4748 4857
4749 4665
4750 2819
4751 2819
4752 4810
4753 2414
4754 4291
4755 3218
4756 34
4757 4841
4758 3073
4759 4069
4760 3246
4761 4192
4762 4192
4763 3187
4764 4755
4765 3171
4766 4258
4767 2888
4768 1785
4769 714
4770 714
4771 463
4772 4796
4773 4957
4774 3180
4775 321
4776 498
4777 4262
4778 498
4779 3073
4780 498
4781 498
4782 3073
4783 3074
4784 3074
4785 3246
4786 2814
4787 4816
4788 2901
4789 4221
4790 3180
4791 3180
4792 3180
4793 4751
4794 4952
4795 2827
4796 4815
4797 2863
4798 3149
4799 4190
4800 2952
4801 2890
4802 2958
4803 2909
4804 2918
4805 4805
4806 4109
4807 3339
4808 4127
4809 3339
4810 2780
4811 4751
4812 2995
4813 4082
4814 4805
4815 3408
4816 3106
4817 3011
4818 4256
4819 4020
4820 2825
4821 3245
4822 3245
4823 4262
4824 3073
4825 4262
4826 4262
4827 4262
4828 3203
4829 4764
4830 4221
4831 2909
4832 4757
4833 2965
4834 2913
4835 4258
4836 4258
4837 2825
4838 2927
4839 4827
4840 4321
4841 4318
4842 4457
4843 3175
4844 4228
4845 4321
4846 4525
4847 4524
4848 4645
4849 4834
4850 4563
4851 4645
4852 4575
4853 4608
4854 4610
4855 4328
4856 4857
4857 4258
4858 4857
4859 4931
4860 4000
4861 4909
4862 4868
4863 3893
4864 3217
4865 3983
4866 4869
4867 4869
4868 3449
4869 3217
4870 4858
4871 3037
4872 4868
4873 1512
4874 4805
4875 3893
4876 3036
4877 4796
4878 2747
4879 2529
4880 2529
4881 3889
4882 4853
4883 1685
4884 82
4885 82
4886 2570
4887 2582
4888 2728
4889 2728
4890 2717
4891 2717
4892 3366
4893 4885
4894 2688
4895 2718
4896 4299
4897 2704
4898 2601
4899 2704
4900 2716
4901 1495
4902 2975
4903 3409
4904 3058
4905 4855
4906 3922
4907 3435
4908 3337
4909 4796
4910 4043
4911 2774
4912 4047
4913 3401
4914 4796
4915 4045
4916 2742
4917 2774
4918 4122
4919 3240
4920 2742
4921 2742
4922 4949
4923 4901
4924 3118
4925 3915
4926 4089
4927 4109
4928 3401
4929 4084
4930 4858
4931 4084
4932 4084
4933 4084
4934 1666
4935 4854
4936 3057
4937 2975
4938 4912
4939 3057
4940 2746
4941 2746
4942 3915
4943 2742
4944 4109
4945 4952
4946 4959
4947 2746
4948 2773
4949 4062
4950 4048
4951 4082
4952 4796
4953 4796
4954 3917
4955 2747
4956 1432
4957 1432
4958 4048
4959 3983
4960 3916
4961 3435
4962 3426
4963 3435
4964 3915
4965 3915
4966 4912
4967 2753
4968 2975
4969 3058
4970 4944
4971 2975
4972 3916
4973 4970
4974 4113
4975 4113
4976 1638
4977 531
4978 1639
4979 1639
4980 4114
4981 1599
4982 1599
4983 1599
4984 315
4985 1599
4986 1599
4987 1599
4988 2512
4989 4992
4990 2529
4991 1792
4992 2165
4993 2819
4994 637
4995 2819
4996 2164
4997 2108
4998 637
4999 3179
5000 2819
