0 199
1 152
2 47
3 347
4 347
5 43
6 180
7 206
8 230
9 9
10 463
11 48
12 131
13 278
14 351
15 4779
16 149
17 4779
18 303
19 91
20 90
21 91
22 19
23 19
24 149
25 4779
26 149
27 149
28 149
29 149
30 149
31 32
32 0
33 31
34 101
35 90
36 101
37 90
38 179
39 195
40 205
41 41
42 191
43 212
44 213
45 212
46 46
47 184
48 31
49 237
50 237
51 4779
52 149
53 4779
54 149
55 149
56 149
57 149
58 4779
59 4779
60 79
61 12
62 108
63 4769
64 99
65 90
66 152
67 32
68 92
69 278
70 72
71 72
72 253
73 261
74 188
75 91
76 98
77 220
78 149
79 149
80 4779
81 237
82 149
83 237
84 237
85 91
86 236
87 105
88 102
89 0
90 237
91 237
92 149
93 149
94 149
95 149
96 149
97 149
98 220
99 124
100 97
101 97
102 11
103 237
104 220
105 220
106 220
107 237
108 66
109 212
110 224
111 111
112 264
113 361
114 471
115 467
116 481
117 117
118 361
119 120
120 120
121 121
122 31
123 90
124 131
125 38
126 184
127 214
128 220
129 101
130 20
131 199
132 190
133 152
134 237
135 149
136 4779
137 149
138 149
139 149
140 149
141 149
142 149
143 149
144 380
145 149
146 149
147 149
148 149
149 149
150 152
151 179
152 179
153 179
154 91
155 237
156 237
157 149
158 149
159 179
160 238
161 213
162 214
163 111
164 164
165 120
166 461
167 167
168 164
169 463
170 666
171 818
172 172
173 670
174 314
175 463
176 216
177 283
178 206
179 47
180 180
181 181
182 246
183 183
184 109
185 91
186 106
187 97
188 188
189 237
190 184
191 213
192 220
193 212
194 181
195 180
196 46
197 124
198 106
199 152
200 212
201 199
202 236
203 237
204 149
205 214
206 206
207 206
208 291
209 398
210 220
211 4779
212 212
213 213
214 214
215 215
216 286
217 344
218 230
219 149
220 149
221 149
222 237
223 223
224 224
225 4779
226 333
227 370
228 355
229 212
230 230
231 231
232 237
233 149
234 149
235 253
236 149
237 149
238 125
239 199
240 224
241 4779
242 194
243 291
244 111
245 164
246 246
247 286
248 4779
249 149
250 149
251 149
252 252
253 190
254 279
255 255
256 191
257 262
258 258
259 259
260 79
261 109
262 262
263 1
264 264
265 265
266 220
267 149
268 149
269 98
270 149
271 370
272 382
273 18
274 379
275 275
276 276
277 13
278 71
279 73
280 280
281 47
282 47
283 215
284 4779
285 206
286 286
287 4779
288 229
289 126
290 193
291 181
292 13
293 298
294 294
295 4779
296 282
297 264
298 225
299 4769
300 300
301 4768
302 52
303 149
304 287
305 398
306 164
307 4779
308 308
309 231
310 214
311 149
312 300
313 338
314 314
315 671
316 4859
317 1360
318 1473
319 2109
320 2724
321 3368
322 4159
323 4159
324 3916
325 4084
326 326
327 1246
328 4143
329 4167
330 3875
331 4248
332 4779
333 235
334 4
335 149
336 149
337 246
338 358
339 471
340 463
341 672
342 483
343 343
344 339
345 300
346 346
347 73
348 346
349 349
350 4779
351 332
352 54
353 4779
354 149
355 226
356 356
357 214
358 397
359 149
360 149
361 344
362 69
363 363
364 4779
365 149
366 164
367 118
368 462
369 246
370 299
371 149
372 4777
373 149
374 471
375 149
376 149
377 377
378 149
379 4779
380 149
381 149
382 57
383 149
384 374
385 471
386 119
387 174
388 615
389 672
390 709
391 167
392 223
393 391
394 463
395 462
396 283
397 344
398 398
399 283
400 666
401 401
402 111
403 469
404 174
405 172
406 671
407 1272
408 410
409 410
410 1362
411 1363
412 1528
413 2537
414 2797
415 2527
416 2650
417 417
418 418
419 419
420 3300
421 3528
422 2719
423 3494
424 3373
425 425
426 2609
427 427
428 2609
429 427
430 427
431 431
432 432
433 1638
434 1619
435 1638
436 436
437 1329
438 1429
439 439
440 440
441 441
442 1776
443 443
444 444
445 445
446 3027
447 3371
448 2766
449 449
450 2773
451 3036
452 452
453 554
454 462
455 164
456 476
457 461
458 314
459 461
460 314
461 9
462 462
463 463
464 670
465 591
466 466
467 670
468 463
469 462
470 474
471 314
472 472
473 475
474 591
475 714
476 463
477 598
478 666
479 479
480 172
481 481
482 1273
483 672
484 1385
485 485
486 595
487 595
488 657
489 657
490 716
491 716
492 595
493 595
494 716
495 716
496 657
497 595
498 595
499 485
500 595
501 485
502 595
503 595
504 716
505 716
506 716
507 716
508 4810
509 980
510 790
511 768
512 1216
513 773
514 851
515 952
516 1202
517 1202
518 1202
519 1253
520 1025
521 521
522 1404
523 1013
524 893
525 1030
526 526
527 975
528 856
529 526
530 595
531 485
532 485
533 485
534 595
535 595
536 595
537 595
538 716
539 485
540 485
541 657
542 595
543 657
544 485
545 595
546 716
547 716
548 716
549 657
550 716
551 595
552 716
553 666
554 670
555 485
556 595
557 716
558 4810
559 4810
560 716
561 4820
562 4813
563 980
564 954
565 790
566 555
567 657
568 595
569 595
570 716
571 716
572 4813
573 1012
574 820
575 716
576 716
577 716
578 716
579 4810
580 768
581 768
582 772
583 921
584 1384
585 1201
586 666
587 466
588 819
589 823
590 822
591 173
592 485
593 485
594 595
595 485
596 595
597 595
598 818
599 595
600 595
601 716
602 595
603 818
604 595
605 343
606 595
607 716
608 4812
609 756
610 716
611 716
612 716
613 986
614 716
615 615
616 598
617 4859
618 716
619 716
620 716
621 716
622 716
623 716
624 716
625 716
626 485
627 595
628 485
629 485
630 595
631 595
632 595
633 485
634 716
635 716
636 986
637 314
638 986
639 1037
640 716
641 4820
642 790
643 768
644 574
645 769
646 716
647 716
648 716
649 716
650 595
651 485
652 485
653 544
654 716
655 716
656 716
657 716
658 716
659 716
660 716
661 4843
662 716
663 716
664 716
665 670
666 174
667 756
668 768
669 464
670 670
671 672
672 672
673 681
674 673
675 716
676 341
677 670
678 1272
679 790
680 574
681 671
682 716
683 466
684 341
685 172
686 756
687 595
688 485
689 595
690 595
691 716
692 716
693 657
694 716
695 595
696 716
697 716
698 716
699 719
700 410
701 1272
702 409
703 1362
704 716
705 716
706 715
707 772
708 341
709 172
710 768
711 595
712 595
713 657
714 670
715 1012
716 716
717 595
718 716
719 172
720 716
721 716
722 716
723 716
724 716
725 716
726 716
727 716
728 846
729 865
730 1030
731 855
732 341
733 758
734 784
735 759
736 716
737 716
738 716
739 485
740 1037
741 771
742 464
743 756
744 595
745 615
746 952
747 952
748 485
749 485
750 819
751 789
752 574
753 574
754 574
755 595
756 768
757 1012
758 1273
759 671
760 716
761 774
762 1037
763 774
764 954
765 1037
766 790
767 4820
768 1012
769 1000
770 716
771 771
772 846
773 1252
774 954
775 719
776 4861
777 1362
778 1360
779 786
780 1931
781 1425
782 785
783 315
784 1362
785 1497
786 1506
787 822
788 759
789 1000
790 772
791 617
792 758
793 823
794 1202
795 1202
796 595
797 485
798 595
799 595
800 595
801 716
802 805
803 1202
804 1252
805 1257
806 316
807 520
808 716
809 986
810 716
811 315
812 1466
813 818
814 4859
815 4859
816 4859
817 4859
818 818
819 671
820 865
821 865
822 4857
823 1362
824 996
825 1767
826 1830
827 1635
828 1635
829 2274
830 2528
831 831
832 833
833 833
834 2331
835 2222
836 2201
837 2391
838 842
839 2200
840 2200
841 2310
842 2504
843 842
844 485
845 595
846 1000
847 950
848 1025
849 1202
850 1252
851 1252
852 1252
853 1202
854 657
855 1014
856 856
857 969
858 905
859 910
860 1022
861 856
862 856
863 993
864 993
865 950
866 866
867 993
868 869
869 1490
870 1458
871 1458
872 1428
873 1231
874 934
875 1339
876 1847
877 1842
878 1842
879 1298
880 942
881 1880
882 1939
883 1584
884 1871
885 2313
886 4958
887 4981
888 2315
889 889
890 866
891 866
892 889
893 908
894 1001
895 1230
896 1022
897 908
898 729
899 889
900 1141
901 1227
902 866
903 866
904 904
905 1193
906 909
907 909
908 1001
909 909
910 910
911 856
912 1020
913 913
914 950
915 866
916 993
917 856
918 969
919 1193
920 1025
921 520
922 520
923 672
924 1064
925 866
926 1011
927 1010
928 1011
929 926
930 926
931 1218
932 1061
933 1070
934 1236
935 1847
936 1843
937 2123
938 1299
939 2123
940 2033
941 2033
942 943
943 2123
944 2323
945 945
946 1833
947 1260
948 1302
949 1061
950 1030
951 1025
952 1257
953 1202
954 790
955 1306
956 993
957 1063
958 1010
959 1821
960 1297
961 1297
962 1297
963 1297
964 1297
965 1148
966 1735
967 672
968 172
969 969
970 1027
971 728
972 772
973 1216
974 975
975 975
976 1193
977 1253
978 716
979 1037
980 1037
981 986
982 986
983 1037
984 716
985 716
986 716
987 716
988 595
989 657
990 595
991 716
992 674
993 866
994 1148
995 1011
996 823
997 823
998 1755
999 822
1000 1014
1001 909
1002 1186
1003 866
1004 889
1005 1012
1006 1027
1007 1027
1008 1027
1009 1064
1010 926
1011 1064
1012 820
1013 975
1014 950
1015 482
1016 822
1017 482
1018 889
1019 1459
1020 1020
1021 910
1022 526
1023 910
1024 1377
1025 1201
1026 1032
1027 1012
1028 1028
1029 671
1030 908
1031 860
1032 1068
1033 1202
1034 1202
1035 716
1036 4812
1037 4812
1038 716
1039 986
1040 790
1041 790
1042 768
1043 790
1044 1027
1045 1011
1046 768
1047 1216
1048 1300
1049 1349
1050 852
1051 1199
1052 852
1053 926
1054 1218
1055 1404
1056 774
1057 1231
1058 1231
1059 1302
1060 1148
1061 1162
1062 1059
1063 1011
1064 993
1065 926
1066 1010
1067 1067
1068 1377
1069 1037
1070 1187
1071 1072
1072 1072
1073 945
1074 1189
1075 1075
1076 1175
1077 1077
1078 1078
1079 1079
1080 1874
1081 1081
1082 2420
1083 1084
1084 2457
1085 2456
1086 2365
1087 1087
1088 1099
1089 3093
1090 1090
1091 3110
1092 3641
1093 3356
1094 3747
1095 1095
1096 4880
1097 3334
1098 3110
1099 3110
1100 4884
1101 2448
1102 2490
1103 2490
1104 1104
1105 1105
1106 1149
1107 1027
1108 1011
1109 1185
1110 1500
1111 857
1112 1020
1113 1010
1114 1305
1115 728
1116 954
1117 768
1118 1118
1119 1119
1120 1120
1121 1584
1122 1968
1123 2068
1124 1005
1125 1000
1126 1025
1127 1202
1128 1202
1129 1202
1130 851
1131 1202
1132 1218
1133 1057
1134 1134
1135 1566
1136 1490
1137 1490
1138 1490
1139 1001
1140 1022
1141 1575
1142 1438
1143 1525
1144 909
1145 1203
1146 1162
1147 1231
1148 1010
1149 1585
1150 1213
1151 1260
1152 1105
1153 1194
1154 1267
1155 1231
1156 1268
1157 1157
1158 1144
1159 1159
1160 1356
1161 1212
1162 1059
1163 1059
1164 1321
1165 1231
1166 316
1167 1167
1168 1174
1169 1169
1170 1170
1171 1171
1172 1503
1173 1260
1174 1219
1175 1175
1176 4859
1177 1268
1178 1178
1179 1286
1180 1180
1181 1187
1182 1193
1183 930
1184 1148
1185 871
1186 1501
1187 1187
1188 1219
1189 1213
1190 1215
1191 1992
1192 943
1193 1193
1194 1194
1195 852
1196 1199
1197 847
1198 1257
1199 1257
1200 1148
1201 1068
1202 1257
1203 947
1204 1204
1205 1162
1206 948
1207 1207
1208 728
1209 950
1210 1210
1211 1426
1212 1164
1213 1213
1214 1072
1215 1151
1216 769
1217 1071
1218 1218
1219 1219
1220 673
1221 823
1222 729
1223 1216
1224 823
1225 758
1226 1161
1227 1193
1228 908
1229 1229
1230 1159
1231 1148
1232 409
1233 409
1234 1291
1235 2033
1236 942
1237 948
1238 1216
1239 1349
1240 1194
1241 1360
1242 411
1243 2651
1244 2784
1245 4295
1246 4303
1247 4334
1248 4396
1249 4452
1250 4589
1251 4259
1252 1025
1253 520
1254 1439
1255 1228
1256 1256
1257 1025
1258 1202
1259 1202
1260 1073
1261 1261
1262 1262
1263 1064
1264 1792
1265 993
1266 1014
1267 1267
1268 1268
1269 4859
1270 4859
1271 4859
1272 1272
1273 1273
1274 1410
1275 1064
1276 484
1277 1929
1278 1575
1279 913
1280 1212
1281 969
1282 1282
1283 1362
1284 1410
1285 1357
1286 1325
1287 1777
1288 1080
1289 1148
1290 1843
1291 1177
1292 1879
1293 1000
1294 1340
1295 1058
1296 1340
1297 1842
1298 1843
1299 942
1300 1352
1301 1256
1302 947
1303 1260
1304 1585
1305 1305
1306 1273
1307 1595
1308 730
1309 1161
1310 1070
1311 1382
1312 1340
1313 1340
1314 1842
1315 1847
1316 1316
1317 2068
1318 1025
1319 1253
1320 1202
1321 1203
1322 1164
1323 1439
1324 1231
1325 1325
1326 1327
1327 1327
1328 1328
1329 1329
1330 1171
1331 1975
1332 1170
1333 1333
1334 1170
1335 1335
1336 1336
1337 1337
1338 1170
1339 1847
1340 1846
1341 852
1342 852
1343 773
1344 1216
1345 1253
1346 851
1347 851
1348 852
1349 1252
1350 1252
1351 1032
1352 1025
1353 1201
1354 1025
1355 520
1356 1356
1357 1357
1358 1187
1359 1359
1360 1360
1361 1468
1362 1362
1363 1363
1364 1364
1365 1365
1366 1366
1367 1367
1368 1730
1369 1730
1370 1730
1371 2465
1372 851
1373 1199
1374 851
1375 1359
1376 1068
1377 521
1378 437
1379 1842
1380 1847
1381 1842
1382 1846
1383 1847
1384 1201
1385 1385
1386 1361
1387 1410
1388 1597
1389 1389
1390 1390
1391 779
1392 2010
1393 1479
1394 1479
1395 1433
1396 1396
1397 1563
1398 1398
1399 2644
1400 1400
1401 2798
1402 851
1403 1202
1404 1404
1405 851
1406 975
1407 1407
1408 875
1409 1444
1410 1410
1411 1597
1412 1412
1413 1413
1414 1487
1415 851
1416 851
1417 851
1418 851
1419 851
1420 851
1421 851
1422 851
1423 851
1424 1363
1425 1241
1426 1426
1427 1491
1428 1064
1429 1429
1430 1335
1431 1431
1432 1267
1433 1433
1434 1434
1435 1435
1436 1436
1437 1400
1438 1426
1439 1321
1440 1440
1441 904
1442 1357
1443 1413
1444 1383
1445 1842
1446 1842
1447 1297
1448 1842
1449 878
1450 878
1451 1842
1452 1842
1453 1297
1454 1842
1455 1297
1456 1468
1457 1410
1458 1500
1459 1020
1460 1231
1461 1226
1462 1226
1463 1164
1464 889
1465 1385
1466 1362
1467 1361
1468 1468
1469 1658
1470 1842
1471 1434
1472 1609
1473 1361
1474 1064
1475 1413
1476 1719
1477 1187
1478 1362
1479 1485
1480 1362
1481 1362
1482 1362
1483 1362
1484 1385
1485 1385
1486 1362
1487 1487
1488 1597
1489 1229
1490 1490
1491 870
1492 410
1493 1360
1494 1496
1495 1495
1496 1496
1497 1385
1498 1487
1499 1404
1500 1501
1501 1020
1502 1502
1503 1503
1504 1321
1505 1362
1506 1361
1507 1507
1508 1534
1509 1475
1510 1532
1511 1619
1512 1512
1513 1513
1514 1643
1515 1515
1516 1516
1517 442
1518 1495
1519 439
1520 1537
1521 823
1522 1587
1523 996
1524 1633
1525 521
1526 1526
1527 1527
1528 1433
1529 1362
1530 1496
1531 889
1532 1532
1533 1362
1534 1363
1535 1535
1536 1536
1537 1537
1538 1803
1539 1159
1540 1165
1541 1064
1542 866
1543 1479
1544 1755
1545 438
1546 1546
1547 1547
1548 1619
1549 1549
1550 1620
1551 1674
1552 1552
1553 1642
1554 1555
1555 1555
1556 1556
1557 1728
1558 1558
1559 1872
1560 1560
1561 1561
1562 1561
1563 1718
1564 1297
1565 1137
1566 1568
1567 1580
1568 1719
1569 1583
1570 1297
1571 1583
1572 1823
1573 1978
1574 1574
1575 1575
1576 1440
1577 1577
1578 1803
1579 1297
1580 1580
1581 1297
1582 1297
1583 1580
1584 1178
1585 1585
1586 866
1587 1221
1588 1589
1589 1663
1590 1590
1591 1591
1592 444
1593 1642
1594 1663
1595 1595
1596 1072
1597 1597
1598 1598
1599 1599
1600 1600
1601 1601
1602 1602
1603 1603
1604 1604
1605 2700
1606 3039
1607 3082
1608 3152
1609 1561
1610 1404
1611 1908
1612 1361
1613 1613
1614 1479
1615 997
1616 1543
1617 1394
1618 1392
1619 1619
1620 1620
1621 1621
1622 1729
1623 1623
1624 1674
1625 1705
1626 1626
1627 1656
1628 1591
1629 1842
1630 1297
1631 1842
1632 1434
1633 484
1634 1634
1635 997
1636 997
1637 1671
1638 1619
1639 1639
1640 1626
1641 1672
1642 1656
1643 1643
1644 1644
1645 1645
1646 1642
1647 1647
1648 1642
1649 1656
1650 1591
1651 1651
1652 1652
1653 1653
1654 1552
1655 1367
1656 1656
1657 1657
1658 1842
1659 1842
1660 1830
1661 2587
1662 1662
1663 1663
1664 437
1665 1763
1666 1429
1667 1948
1668 1667
1669 1619
1670 1410
1671 1671
1672 1672
1673 969
1674 1674
1675 1674
1676 1552
1677 1693
1678 1693
1679 1679
1680 1680
1681 1730
1682 913
1683 1433
1684 1011
1685 1671
1686 1623
1687 1705
1688 1550
1689 1797
1690 1690
1691 1691
1692 1514
1693 1552
1694 1561
1695 946
1696 1654
1697 1696
1698 1512
1699 1549
1700 1685
1701 1637
1702 1637
1703 1549
1704 1704
1705 1705
1706 1706
1707 1706
1708 1442
1709 1709
1710 1240
1711 1153
1712 1284
1713 1413
1714 1714
1715 1847
1716 1842
1717 1757
1718 1718
1719 1490
1720 1568
1721 1229
1722 1584
1723 1229
1724 1078
1725 1725
1726 1456
1727 782
1728 1728
1729 1730
1730 1730
1731 1730
1732 1591
1733 1458
1734 1500
1735 1733
1736 1458
1737 1170
1738 1738
1739 436
1740 1673
1741 1757
1742 1742
1743 1396
1744 1744
1745 1881
1746 1746
1747 1747
1748 2766
1749 1585
1750 1260
1751 1992
1752 1534
1753 1753
1754 1487
1755 785
1756 1551
1757 1757
1758 1297
1759 1591
1760 1760
1761 1329
1762 1329
1763 1613
1764 1780
1765 1626
1766 956
1767 1587
1768 1297
1769 913
1770 2021
1771 1928
1772 1524
1773 824
1774 2322
1775 1364
1776 2004
1777 1503
1778 1833
1779 437
1780 1780
1781 1010
1782 1782
1783 1908
1784 870
1785 1500
1786 1153
1787 1711
1788 1815
1789 1530
1790 1530
1791 1530
1792 1063
1793 2064
1794 1794
1795 1795
1796 1796
1797 1549
1798 1458
1799 1799
1800 1274
1801 1801
1802 1284
1803 1803
1804 1329
1805 1805
1806 1806
1807 2116
1808 1930
1809 2431
1810 2026
1811 2431
1812 997
1813 1542
1814 1822
1815 1815
1816 1077
1817 1777
1818 1818
1819 1583
1820 1583
1821 1719
1822 1821
1823 1231
1824 1907
1825 1276
1826 1425
1827 1242
1828 1828
1829 1077
1830 996
1831 1364
1832 1738
1833 1992
1834 1834
1835 1633
1836 1771
1837 1262
1838 1864
1839 1582
1840 1299
1841 943
1842 1995
1843 943
1844 943
1845 942
1846 942
1847 1843
1848 2325
1849 1853
1850 3530
1851 3916
1852 1825
1853 2325
1854 2319
1855 1560
1856 1440
1857 1519
1858 1549
1859 1297
1860 1842
1861 1995
1862 1842
1863 1995
1864 997
1865 1527
1866 1153
1867 1889
1868 2106
1869 885
1870 1870
1871 2360
1872 1980
1873 1873
1874 1874
1875 1262
1876 1876
1877 1935
1878 965
1879 2067
1880 2067
1881 1881
1882 1882
1883 1883
1884 1884
1885 1641
1886 1527
1887 1970
1888 1721
1889 1710
1890 412
1891 1777
1892 2183
1893 1975
1894 1805
1895 2071
1896 2071
1897 1897
1898 1898
1899 1899
1900 1900
1901 1901
1902 1902
1903 1903
1904 427
1905 1530
1906 1789
1907 1123
1908 1908
1909 1489
1910 1154
1911 1911
1912 1710
1913 1815
1914 1914
1915 1915
1916 1916
1917 2634
1918 1918
1919 1919
1920 1920
1921 2846
1922 2525
1923 1923
1924 1154
1925 1828
1926 1329
1927 1370
1928 1612
1929 2034
1930 1502
1931 1493
1932 1335
1933 1933
1934 1934
1935 1558
1936 1830
1937 1830
1938 1864
1939 1939
1940 1760
1941 1828
1942 1713
1943 1945
1944 1894
1945 1945
1946 1894
1947 1805
1948 1948
1949 1948
1950 1667
1951 1933
1952 1666
1953 1666
1954 1668
1955 2170
1956 1945
1957 1613
1958 1613
1959 1960
1960 1666
1961 1948
1962 1948
1963 1931
1964 1280
1965 1755
1966 1543
1967 1830
1968 1968
1969 1969
1970 1970
1971 1971
1972 1396
1973 945
1974 1974
1975 1975
1976 1833
1977 1861
1978 942
1979 1979
1980 1980
1981 1371
1982 1982
1983 1614
1984 1394
1985 1985
1986 1986
1987 1831
1988 1800
1989 1989
1990 1990
1991 1991
1992 1973
1993 1993
1994 1994
1995 1843
1996 1996
1997 1975
1998 1791
1999 2029
2000 1755
2001 1840
2002 2002
2003 1722
2004 2004
2005 2005
2006 1532
2007 1436
2008 2008
2009 2009
2010 779
2011 1945
2012 2045
2013 2113
2014 2014
2015 2111
2016 1764
2017 1543
2018 2018
2019 1561
2020 1543
2021 2021
2022 1913
2023 2024
2024 449
2025 2023
2026 1440
2027 2027
2028 1737
2029 1532
2030 2030
2031 2049
2032 1931
2033 2123
2034 1712
2035 1440
2036 2036
2037 1085
2038 1950
2039 1933
2040 1818
2041 2041
2042 1704
2043 2043
2044 3082
2045 1805
2046 781
2047 1795
2048 1915
2049 2283
2050 2050
2051 2043
2052 2052
2053 2641
2054 2738
2055 2055
2056 3152
2057 422
2058 2732
2059 2866
2060 2055
2061 2866
2062 1697
2063 781
2064 1970
2065 2065
2066 1219
2067 2105
2068 2068
2069 1489
2070 1652
2071 2071
2072 1806
2073 2292
2074 2102
2075 2074
2076 2129
2077 2076
2078 2301
2079 2310
2080 842
2081 2310
2082 2293
2083 2310
2084 842
2085 2191
2086 2191
2087 2310
2088 2310
2089 2292
2090 2102
2091 2292
2092 2104
2093 2075
2094 2129
2095 2076
2096 2096
2097 832
2098 842
2099 842
2100 2310
2101 2102
2102 2310
2103 2074
2104 2292
2105 1123
2106 1786
2107 2725
2108 2108
2109 2109
2110 2071
2111 2111
2112 1897
2113 2113
2114 1287
2115 2113
2116 2116
2117 2373
2118 2006
2119 2073
2120 2073
2121 2162
2122 2162
2123 2123
2124 1710
2125 2361
2126 2126
2127 2127
2128 842
2129 2162
2130 2075
2131 2076
2132 2310
2133 2133
2134 2134
2135 447
2136 2136
2137 3385
2138 2974
2139 3343
2140 1391
2141 2141
2142 2027
2143 2143
2144 2095
2145 842
2146 842
2147 2147
2148 2076
2149 2076
2150 2148
2151 1830
2152 826
2153 826
2154 2154
2155 1727
2156 2032
2157 2162
2158 2075
2159 2074
2160 2075
2161 842
2162 2104
2163 2163
2164 2164
2165 1667
2166 1698
2167 2111
2168 2168
2169 1940
2170 2170
2171 2292
2172 826
2173 2227
2174 842
2175 842
2176 2293
2177 2310
2178 1767
2179 2330
2180 2180
2181 2181
2182 1947
2183 1502
2184 2184
2185 2121
2186 2758
2187 2758
2188 2758
2189 2511
2190 2511
2191 2514
2192 2076
2193 2375
2194 2104
2195 2162
2196 2095
2197 2191
2198 2620
2199 2514
2200 2218
2201 2504
2202 2129
2203 2223
2204 2255
2205 2758
2206 2259
2207 2979
2208 2511
2209 2509
2210 2509
2211 2509
2212 2509
2213 2509
2214 2519
2215 2510
2216 2511
2217 2511
2218 2509
2219 2509
2220 2511
2221 2511
2222 2509
2223 2510
2224 2517
2225 826
2226 842
2227 826
2228 1522
2229 2179
2230 2987
2231 3349
2232 2509
2233 2509
2234 2509
2235 2509
2236 2509
2237 2511
2238 2506
2239 3081
2240 2240
2241 3207
2242 2242
2243 2118
2244 2244
2245 2413
2246 2426
2247 2552
2248 2206
2249 2206
2250 3081
2251 3081
2252 2086
2253 2191
2254 2285
2255 2539
2256 2511
2257 2511
2258 2511
2259 2511
2260 2511
2261 2511
2262 2509
2263 2511
2264 2355
2265 2265
2266 2556
2267 4958
2268 4958
2269 2598
2270 4958
2271 2563
2272 2514
2273 2292
2274 2010
2275 842
2276 2075
2277 2074
2278 2129
2279 2279
2280 2152
2281 2330
2282 2282
2283 3066
2284 2284
2285 2513
2286 1807
2287 2287
2288 2373
2289 2514
2290 2075
2291 2291
2292 842
2293 842
2294 2310
2295 1277
2296 2525
2297 1950
2298 2298
2299 2288
2300 832
2301 2097
2302 2302
2303 2095
2304 2304
2305 1983
2306 2172
2307 1636
2308 1618
2309 2089
2310 2218
2311 2218
2312 1871
2313 2333
2314 2312
2315 2598
2316 2572
2317 2317
2318 3921
2319 3054
2320 2758
2321 833
2322 2322
2323 2323
2324 842
2325 2557
2326 2108
2327 2070
2328 2302
2329 2140
2330 2330
2331 2331
2332 842
2333 1909
2334 2334
2335 2451
2336 2342
2337 2758
2338 2342
2339 2386
2340 2349
2341 2349
2342 2188
2343 2758
2344 2758
2345 2206
2346 3081
2347 2758
2348 2972
2349 2206
2350 2349
2351 2369
2352 2369
2353 2353
2354 2512
2355 2511
2356 2356
2357 2365
2358 2322
2359 2096
2360 2437
2361 1866
2362 319
2363 2539
2364 2110
2365 2373
2366 2312
2367 2511
2368 2187
2369 2369
2370 2386
2371 2371
2372 2372
2373 2373
2374 1724
2375 2330
2376 2510
2377 2517
2378 2200
2379 2437
2380 2380
2381 2381
2382 2634
2383 2383
2384 2206
2385 2206
2386 2368
2387 2206
2388 2111
2389 2655
2390 2390
2391 2504
2392 2317
2393 2758
2394 2555
2395 2555
2396 2555
2397 2412
2398 3149
2399 2239
2400 3007
2401 2238
2402 3038
2403 4872
2404 3060
2405 2405
2406 2306
2407 2511
2408 2324
2409 2153
2410 831
2411 2660
2412 2412
2413 2413
2414 2066
2415 2415
2416 2416
2417 2182
2418 2418
2419 2558
2420 1892
2421 2421
2422 2309
2423 842
2424 2312
2425 2556
2426 2452
2427 2669
2428 2938
2429 2116
2430 1897
2431 1086
2432 2511
2433 2368
2434 2539
2435 2810
2436 3056
2437 2002
2438 842
2439 1919
2440 2413
2441 2605
2442 2332
2443 2443
2444 1897
2445 2445
2446 3017
2447 2447
2448 1084
2449 2201
2450 2450
2451 2451
2452 2193
2453 1899
2454 1084
2455 1811
2456 1811
2457 2456
2458 2490
2459 2517
2460 2509
2461 2509
2462 2509
2463 2504
2464 2509
2465 2283
2466 2353
2467 2349
2468 2206
2469 2619
2470 2619
2471 2453
2472 2492
2473 2511
2474 833
2475 2504
2476 842
2477 2477
2478 2478
2479 3500
2480 2206
2481 2972
2482 2482
2483 2580
2484 1994
2485 1994
2486 1994
2487 2242
2488 1811
2489 2456
2490 1084
2491 1871
2492 2265
2493 2200
2494 2005
2495 2495
2496 2496
2497 3010
2498 1652
2499 2609
2500 2500
2501 2500
2502 1082
2503 2509
2504 2511
2505 2511
2506 2511
2507 2511
2508 2511
2509 2511
2510 2511
2511 2511
2512 2511
2513 2511
2514 2511
2515 2511
2516 2511
2517 2511
2518 2511
2519 2511
2520 2511
2521 2509
2522 2378
2523 2504
2524 1918
2525 2525
2526 2688
2527 417
2528 1391
2529 2140
2530 2949
2531 2975
2532 325
2533 3530
2534 2632
2535 2428
2536 2536
2537 2537
2538 2259
2539 2979
2540 2568
2541 2139
2542 2446
2543 2543
2544 2279
2545 2545
2546 2525
2547 2547
2548 2525
2549 2549
2550 2635
2551 2369
2552 2206
2553 2619
2554 2206
2555 2555
2556 2312
2557 2708
2558 2540
2559 2999
2560 2583
2561 4978
2562 1103
2563 4958
2564 2509
2565 2509
2566 2566
2567 425
2568 2137
2569 2569
2570 2138
2571 2269
2572 2556
2573 2509
2574 2504
2575 3081
2576 2576
2577 2576
2578 2426
2579 2555
2580 2925
2581 2511
2582 1102
2583 2583
2584 2511
2585 2510
2586 2586
2587 2796
2588 2933
2589 2426
2590 2590
2591 2591
2592 2206
2593 2972
2594 3040
2595 1993
2596 2556
2597 2556
2598 2556
2599 2599
2600 2689
2601 2972
2602 2758
2603 2758
2604 3081
2605 2641
2606 2738
2607 2060
2608 2738
2609 2738
2610 2060
2611 830
2612 2490
2613 2409
2614 2408
2615 2504
2616 2725
2617 2617
2618 2758
2619 3081
2620 2259
2621 2641
2622 2672
2623 2627
2624 2562
2625 4962
2626 2854
2627 2627
2628 2628
2629 2627
2630 2583
2631 2281
2632 3439
2633 3439
2634 2966
2635 2635
2636 3482
2637 2637
2638 3505
2639 2638
2640 2369
2641 2641
2642 2529
2643 2504
2644 3206
2645 2645
2646 3964
2647 3717
2648 3964
2649 3717
2650 2650
2651 2651
2652 3064
2653 3119
2654 3081
2655 2655
2656 2547
2657 2619
2658 2714
2659 2206
2660 2611
2661 2569
2662 3308
2663 2218
2664 3107
2665 3466
2666 3081
2667 2667
2668 2242
2669 2410
2670 2410
2671 2671
2672 2928
2673 3013
2674 2824
2675 2922
2676 2922
2677 2922
2678 2678
2679 2679
2680 2680
2681 2681
2682 2824
2683 2892
2684 1850
2685 2685
2686 2685
2687 2900
2688 2688
2689 2206
2690 2413
2691 2691
2692 2569
2693 2428
2694 3439
2695 2511
2696 2613
2697 3531
2698 2504
2699 2206
2700 2700
2701 2702
2702 2497
2703 2497
2704 2180
2705 3019
2706 2229
2707 2442
2708 3117
2709 3064
2710 2206
2711 2436
2712 2060
2713 4883
2714 2206
2715 3310
2716 3233
2717 3211
2718 2732
2719 2719
2720 2720
2721 2721
2722 2242
2723 1994
2724 2708
2725 2317
2726 2206
2727 2727
2728 2728
2729 2729
2730 2732
2731 2732
2732 3821
2733 2733
2734 3450
2735 2735
2736 3494
2737 2802
2738 2060
2739 3045
2740 2541
2741 1854
2742 1851
2743 3081
2744 2440
2745 2851
2746 2746
2747 3467
2748 3824
2749 3948
2750 3963
2751 3963
2752 4163
2753 4296
2754 4294
2755 4312
2756 2756
2757 2504
2758 2979
2759 2759
2760 2748
2761 2997
2762 2511
2763 2946
2764 2764
2765 2769
2766 2766
2767 2773
2768 2773
2769 3473
2770 4224
2771 4208
2772 2772
2773 2769
2774 3819
2775 2891
2776 2776
2777 2771
2778 3285
2779 2636
2780 2780
2781 3826
2782 2782
2783 2783
2784 3717
2785 3962
2786 2748
2787 3717
2788 2972
2789 3081
2790 2972
2791 3081
2792 2206
2793 2794
2794 3403
2795 2795
2796 3369
2797 2780
2798 2798
2799 3067
2800 2800
2801 2801
2802 3458
2803 2803
2804 2804
2805 2802
2806 1602
2807 2511
2808 2933
2809 3081
2810 2746
2811 2555
2812 2824
2813 2824
2814 3015
2815 2770
2816 2833
2817 2818
2818 2909
2819 2819
2820 2909
2821 1093
2822 2824
2823 2831
2824 2831
2825 2831
2826 2678
2827 3873
2828 2830
2829 2820
2830 2830
2831 2818
2832 2831
2833 2818
2834 2818
2835 2950
2836 2776
2837 3095
2838 2838
2839 2839
2840 3239
2841 3159
2842 3317
2843 3239
2844 3305
2845 2222
2846 3330
2847 2914
2848 2848
2849 3081
2850 2452
2851 1090
2852 3056
2853 2824
2854 2824
2855 2831
2856 2824
2857 2511
2858 2511
2859 1093
2860 3036
2861 2678
2862 3076
2863 3024
2864 3027
2865 2206
2866 2867
2867 2732
2868 2868
2869 3083
2870 2870
2871 3093
2872 2937
2873 2820
2874 2874
2875 2875
2876 2876
2877 2877
2878 2878
2879 3127
2880 2878
2881 2837
2882 3341
2883 4110
2884 3051
2885 4086
2886 4110
2887 3051
2888 3059
2889 3381
2890 2838
2891 2891
2892 2831
2893 2818
2894 2544
2895 2987
2896 2770
2897 2509
2898 3466
2899 2900
2900 2900
2901 2902
2902 2902
2903 3081
2904 2904
2905 2824
2906 1095
2907 4883
2908 4880
2909 2830
2910 2474
2911 2996
2912 3078
2913 3024
2914 2914
2915 2578
2916 3056
2917 2917
2918 2555
2919 3071
2920 2824
2921 2818
2922 2922
2923 2413
2924 2924
2925 3357
2926 4884
2927 2927
2928 2927
2929 2929
2930 2511
2931 2511
2932 3015
2933 3825
2934 1603
2935 3211
2936 3132
2937 3213
2938 2669
2939 3041
2940 2976
2941 2511
2942 2509
2943 2509
2944 2509
2945 2504
2946 2946
2947 2353
2948 2948
2949 2446
2950 2950
2951 2509
2952 2504
2953 2509
2954 2954
2955 2955
2956 3356
2957 2957
2958 4208
2959 4113
2960 2960
2961 2961
2962 2962
2963 2890
2964 2964
2965 2685
2966 2966
2967 3211
2968 2661
2969 2969
2970 321
2971 2902
2972 2259
2973 3386
2974 3516
2975 3629
2976 3041
2977 3396
2978 3403
2979 2511
2980 3013
2981 2511
2982 2511
2983 2983
2984 2972
2985 2206
2986 2923
2987 2504
2988 2972
2989 2371
2990 3110
2991 3453
2992 2992
2993 2993
2994 3754
2995 3395
2996 3483
2997 2997
2998 2869
2999 3110
3000 323
3001 2504
3002 2509
3003 2509
3004 2509
3005 2509
3006 3040
3007 2979
3008 3081
3009 2552
3010 3300
3011 3011
3012 3018
3013 3013
3014 3747
3015 3747
3016 2504
3017 3343
3018 2983
3019 834
3020 3020
3021 3021
3022 3732
3023 3429
3024 2777
3025 3964
3026 3457
3027 3027
3028 419
3029 3029
3030 3030
3031 3121
3032 3239
3033 3158
3034 2504
3035 2509
3036 3036
3037 2979
3038 2511
3039 3028
3040 2511
3041 2973
3042 3530
3043 4159
3044 3531
3045 3474
3046 2504
3047 3047
3048 3048
3049 3049
3050 3697
3051 3050
3052 4129
3053 3272
3054 2647
3055 3040
3056 3077
3057 2686
3058 324
3059 3134
3060 2511
3061 3833
3062 3916
3063 3272
3064 3064
3065 2798
3066 3066
3067 3067
3068 3068
3069 2259
3070 2804
3071 3153
3072 325
3073 3182
3074 3439
3075 3530
3076 3473
3077 3718
3078 2957
3079 3149
3080 2509
3081 2979
3082 3650
3083 3083
3084 3086
3085 3275
3086 2803
3087 3094
3088 3088
3089 2804
3090 3275
3091 1090
3092 1090
3093 3093
3094 3094
3095 3358
3096 3189
3097 3381
3098 323
3099 3471
3100 2509
3101 2509
3102 2509
3103 2509
3104 2509
3105 2509
3106 2509
3107 2848
3108 2979
3109 3109
3110 3110
3111 3111
3112 3112
3113 3113
3114 3114
3115 4198
3116 3530
3117 3534
3118 3962
3119 3623
3120 3120
3121 3121
3122 3530
3123 3530
3124 3135
3125 4170
3126 3126
3127 3127
3128 3931
3129 4113
3130 3527
3131 3131
3132 3132
3133 3357
3134 3134
3135 3189
3136 2509
3137 2509
3138 2979
3139 2979
3140 3081
3141 3823
3142 3962
3143 3962
3144 3949
3145 3840
3146 3949
3147 3840
3148 3949
3149 2206
3150 3233
3151 2982
3152 2719
3153 3397
3154 2511
3155 324
3156 3189
3157 3317
3158 3158
3159 3317
3160 3531
3161 3336
3162 2509
3163 2837
3164 3159
3165 3364
3166 3167
3167 3478
3168 3423
3169 3169
3170 3171
3171 3171
3172 4175
3173 3924
3174 3477
3175 2838
3176 3482
3177 3494
3178 3211
3179 3641
3180 2207
3181 3302
3182 4872
3183 3302
3184 2207
3185 2207
3186 3151
3187 2931
3188 2931
3189 3381
3190 2261
3191 2460
3192 3531
3193 3532
3194 3189
3195 3460
3196 3454
3197 3630
3198 3630
3199 3199
3200 3200
3201 3202
3202 3202
3203 3203
3204 3610
3205 3630
3206 2848
3207 3491
3208 3081
3209 3209
3210 3210
3211 3709
3212 3213
3213 2719
3214 3214
3215 3215
3216 3216
3217 3040
3218 3108
3219 3037
3220 3208
3221 2511
3222 2509
3223 3389
3224 3234
3225 3450
3226 325
3227 2220
3228 3336
3229 3964
3230 2979
3231 3235
3232 3450
3233 3485
3234 3234
3235 3235
3236 3233
3237 3532
3238 2220
3239 3239
3240 2509
3241 3239
3242 3916
3243 4084
3244 4092
3245 3245
3246 3175
3247 3158
3248 3239
3249 3241
3250 3241
3251 3764
3252 3764
3253 3689
3254 3690
3255 4087
3256 4079
3257 4225
3258 4274
3259 3690
3260 3260
3261 4087
3262 4205
3263 3255
3264 4135
3265 3774
3266 3764
3267 3731
3268 3376
3269 3376
3270 3158
3271 3239
3272 3286
3273 3273
3274 3274
3275 3275
3276 3108
3277 4872
3278 2931
3279 2509
3280 2509
3281 2509
3282 4159
3283 4159
3284 3483
3285 3285
3286 3717
3287 3287
3288 3485
3289 2511
3290 2509
3291 2931
3292 2509
3293 3530
3294 3531
3295 3471
3296 3296
3297 3297
3298 2732
3299 3213
3300 3468
3301 3718
3302 2979
3303 3094
3304 2506
3305 3460
3306 2509
3307 2509
3308 3530
3309 2718
3310 3310
3311 3311
3312 2511
3313 3154
3314 2509
3315 2509
3316 3460
3317 3460
3318 3317
3319 3159
3320 3475
3321 3660
3322 3167
3323 4246
3324 4176
3325 3171
3326 3326
3327 3317
3328 3460
3329 3159
3330 3330
3331 2637
3332 3385
3333 3311
3334 3641
3335 3311
3336 2511
3337 2509
3338 2509
3339 2509
3340 2511
3341 2837
3342 2748
3343 3396
3344 2511
3345 2509
3346 2509
3347 2511
3348 2509
3349 2511
3350 2509
3351 2509
3352 2509
3353 4159
3354 4159
3355 3297
3356 3109
3357 3357
3358 3358
3359 2509
3360 3531
3361 2509
3362 2509
3363 3530
3364 3364
3365 3364
3366 3461
3367 3460
3368 4084
3369 3402
3370 3285
3371 3331
3372 3459
3373 3373
3374 3381
3375 2509
3376 3158
3377 3531
3378 3460
3379 3159
3380 3159
3381 3095
3382 3364
3383 3479
3384 3461
3385 3385
3386 2747
3387 3468
3388 2509
3389 3389
3390 3390
3391 3729
3392 419
3393 3393
3394 4223
3395 3395
3396 3467
3397 3516
3398 3494
3399 2973
3400 3317
3401 3442
3402 3402
3403 2719
3404 3916
3405 3532
3406 4159
3407 3461
3408 3479
3409 3478
3410 3477
3411 4107
3412 3171
3413 4213
3414 4114
3415 4004
3416 3615
3417 4114
3418 3364
3419 3454
3420 3478
3421 3479
3422 3421
3423 3463
3424 3631
3425 3463
3426 3443
3427 3706
3428 3916
3429 3429
3430 4071
3431 3431
3432 4179
3433 3433
3434 3650
3435 3435
3436 3158
3437 3156
3438 4159
3439 3471
3440 3442
3441 3477
3442 3477
3443 3423
3444 3463
3445 3167
3446 3305
3447 3158
3448 4090
3449 3317
3450 3450
3451 3451
3452 3532
3453 4159
3454 3364
3455 3455
3456 3479
3457 2782
3458 3458
3459 3709
3460 3460
3461 3461
3462 3462
3463 3463
3464 3454
3465 3463
3466 3466
3467 3467
3468 3468
3469 3469
3470 3532
3471 3916
3472 3472
3473 3648
3474 4064
3475 3159
3476 3630
3477 3423
3478 3442
3479 3478
3480 3175
3481 3514
3482 3482
3483 3483
3484 4208
3485 3113
3486 3486
3487 3423
3488 3477
3489 3461
3490 3423
3491 3491
3492 3492
3493 3493
3494 3709
3495 3460
3496 3159
3497 3478
3498 3463
3499 3317
3500 3500
3501 3317
3502 3460
3503 3460
3504 3167
3505 3505
3506 3506
3507 3421
3508 3508
3509 3141
3510 3158
3511 3095
3512 3203
3513 3564
3514 3442
3515 3515
3516 3386
3517 3506
3518 3477
3519 3631
3520 3520
3521 3521
3522 3491
3523 3822
3524 2721
3525 4159
3526 3461
3527 3455
3528 2719
3529 3529
3530 4159
3531 3916
3532 4084
3533 3825
3534 2748
3535 3717
3536 4163
3537 4293
3538 3538
3539 3135
3540 3540
3541 3541
3542 3542
3543 3616
3544 3614
3545 3867
3546 3999
3547 3866
3548 3846
3549 4035
3550 4035
3551 4035
3552 4035
3553 4035
3554 4035
3555 4035
3556 4035
3557 4035
3558 4035
3559 4035
3560 4035
3561 3613
3562 3618
3563 3586
3564 3564
3565 4177
3566 4046
3567 3639
3568 3669
3569 3581
3570 3699
3571 3599
3572 4366
3573 4062
3574 4035
3575 3946
3576 3655
3577 3580
3578 3639
3579 3655
3580 3581
3581 3668
3582 3668
3583 3668
3584 3746
3585 3722
3586 3614
3587 3655
3588 3935
3589 4154
3590 4035
3591 4035
3592 4035
3593 4035
3594 4035
3595 4055
3596 3969
3597 3573
3598 3599
3599 4177
3600 3579
3601 4177
3602 3547
3603 3603
3604 3962
3605 3605
3606 3397
3607 3159
3608 3158
3609 3609
3610 3610
3611 3611
3612 3616
3613 3613
3614 3616
3615 3616
3616 3645
3617 3869
3618 3616
3619 3620
3620 4114
3621 3655
3622 3826
3623 3623
3624 3580
3625 3702
3626 3868
3627 3612
3628 3614
3629 3606
3630 3463
3631 3610
3632 3159
3633 2841
3634 3698
3635 3158
3636 3164
3637 4225
3638 3580
3639 3859
3640 4218
3641 3641
3642 3460
3643 2844
3644 3529
3645 3613
3646 3579
3647 4004
3648 3648
3649 3649
3650 3650
3651 3651
3652 3376
3653 3734
3654 3639
3655 3639
3656 3656
3657 3657
3658 3364
3659 3364
3660 3407
3661 3661
3662 3662
3663 3825
3664 4189
3665 3966
3666 3415
3667 3415
3668 3746
3669 3746
3670 3859
3671 3581
3672 3666
3673 3673
3674 3674
3675 3675
3676 3655
3677 3870
3678 3614
3679 3612
3680 3617
3681 3814
3682 3827
3683 3135
3684 3683
3685 3929
3686 4087
3687 4087
3688 4087
3689 4087
3690 4110
3691 4110
3692 4087
3693 4086
3694 2843
3695 3050
3696 4111
3697 4131
3698 3376
3699 3925
3700 3807
3701 3579
3702 3585
3703 3746
3704 3812
3705 3899
3706 4149
3707 3962
3708 3189
3709 3709
3710 3866
3711 3925
3712 3870
3713 3867
3714 3933
3715 3715
3716 3716
3717 3842
3718 3718
3719 3205
3720 3720
3721 3158
3722 4004
3723 3667
3724 4113
3725 4208
3726 3726
3727 3727
3728 3728
3729 3729
3730 3730
3731 2840
3732 3732
3733 4213
3734 3859
3735 3668
3736 3603
3737 3364
3738 3738
3739 4900
3740 3941
3741 4035
3742 4035
3743 3743
3744 4204
3745 3745
3746 4004
3747 3747
3748 3468
3749 3749
3750 3617
3751 4112
3752 4081
3753 3580
3754 3754
3755 3096
3756 3460
3757 3203
3758 4175
3759 3731
3760 3764
3761 3731
3762 3690
3763 4087
3764 3684
3765 3684
3766 3929
3767 3690
3768 3690
3769 3691
3770 4087
3771 4087
3772 3690
3773 3256
3774 3684
3775 4087
3776 4087
3777 4087
3778 3690
3779 3690
3780 4183
3781 3770
3782 3773
3783 4157
3784 3784
3785 3785
3786 2800
3787 2750
3788 4046
3789 3655
3790 3579
3791 4101
3792 3996
3793 3554
3794 3807
3795 4046
3796 3600
3797 3974
3798 4101
3799 3797
3800 4035
3801 4035
3802 4035
3803 4035
3804 4035
3805 4035
3806 3903
3807 3845
3808 3925
3809 3812
3810 3812
3811 3812
3812 3746
3813 3870
3814 3415
3815 3910
3816 3859
3817 3581
3818 3579
3819 3819
3820 3820
3821 2720
3822 3717
3823 3842
3824 3825
3825 3825
3826 3826
3827 3612
3828 3828
3829 3829
3830 4223
3831 3831
3832 326
3833 3861
3834 3170
3835 3722
3836 3655
3837 3318
3838 3948
3839 3948
3840 3962
3841 3962
3842 2748
3843 3423
3844 3844
3845 3866
3846 3846
3847 3376
3848 3685
3849 3685
3850 4087
3851 4135
3852 3261
3853 3962
3854 3962
3855 4163
3856 4218
3857 3857
3858 3812
3859 3668
3860 3523
3861 3860
3862 3962
3863 3962
3864 3894
3865 3865
3866 3925
3867 3678
3868 3614
3869 3679
3870 3867
3871 3764
3872 3581
3873 3873
3874 3842
3875 3875
3876 3421
3877 3962
3878 3949
3879 3949
3880 3962
3881 3962
3882 3949
3883 3963
3884 3841
3885 3841
3886 3949
3887 3949
3888 3840
3889 3841
3890 3840
3891 3950
3892 3949
3893 4105
3894 3894
3895 3610
3896 3203
3897 4216
3898 4223
3899 3171
3900 4222
3901 3901
3902 3949
3903 3807
3904 3904
3905 4347
3906 4340
3907 3840
3908 3668
3909 3746
3910 3415
3911 3376
3912 3949
3913 3861
3914 3948
3915 3962
3916 3916
3917 3962
3918 3875
3919 4112
3920 3666
3921 3397
3922 3962
3923 3949
3924 3171
3925 3545
3926 3685
3927 4087
3928 3774
3929 4087
3930 4087
3931 3931
3932 4176
3933 3933
3934 4230
3935 3655
3936 4087
3937 4078
3938 4111
3939 4131
3940 3461
3941 4154
3942 4035
3943 4035
3944 3944
3945 4902
3946 3996
3947 3518
3948 3717
3949 3948
3950 3962
3951 3963
3952 4163
3953 3963
3954 3963
3955 4163
3956 3956
3957 4345
3958 4346
3959 4498
3960 4346
3961 2755
3962 3948
3963 3962
3964 2748
3965 4208
3966 4005
3967 4035
3968 4035
3969 4035
3970 4035
3971 4365
3972 3970
3973 4366
3974 3970
3975 4062
3976 4062
3977 4062
3978 4035
3979 4035
3980 4062
3981 3974
3982 4062
3983 4035
3984 4062
3985 4062
3986 4062
3987 4062
3988 4062
3989 4062
3990 4062
3991 4062
3992 4062
3993 4062
3994 3975
3995 3994
3996 3996
3997 4035
3998 3460
3999 3870
4000 3255
4001 3689
4002 3690
4003 4189
4004 3966
4005 4189
4006 4035
4007 4035
4008 4035
4009 4035
4010 4035
4011 4035
4012 4035
4013 4035
4014 4035
4015 4035
4016 4035
4017 4035
4018 3949
4019 3604
4020 4035
4021 3454
4022 4274
4023 3764
4024 4163
4025 4035
4026 4035
4027 4035
4028 4035
4029 4035
4030 4035
4031 4035
4032 4035
4033 4035
4034 4035
4035 4035
4036 4035
4037 4035
4038 4035
4039 3127
4040 3460
4041 3613
4042 4041
4043 4163
4044 4296
4045 3668
4046 3580
4047 4035
4048 4035
4049 4035
4050 4035
4051 4035
4052 4035
4053 4035
4054 4035
4055 4035
4056 4035
4057 4035
4058 4035
4059 4035
4060 4035
4061 4035
4062 4035
4063 4035
4064 3921
4065 4035
4066 4035
4067 3317
4068 4068
4069 4087
4070 4087
4071 4071
4072 3962
4073 3746
4074 4246
4075 3156
4076 4086
4077 4111
4078 4129
4079 4087
4080 4080
4081 4246
4082 4035
4083 4035
4084 4084
4085 3411
4086 3051
4087 4129
4088 3690
4089 4115
4090 3323
4091 4035
4092 4092
4093 4093
4094 4163
4095 4035
4096 3913
4097 4123
4098 3738
4099 4099
4100 4295
4101 3579
4102 3639
4103 3754
4104 4035
4105 4035
4106 4035
4107 4149
4108 4107
4109 3869
4110 4111
4111 3697
4112 4112
4113 4113
4114 4114
4115 4115
4116 4035
4117 4117
4118 3950
4119 3839
4120 3755
4121 4097
4122 3693
4123 3691
4124 3690
4125 4097
4126 4125
4127 4035
4128 3845
4129 4111
4130 4129
4131 4131
4132 4087
4133 4087
4134 4087
4135 4087
4136 4087
4137 4087
4138 3259
4139 4138
4140 3963
4141 4163
4142 4163
4143 4163
4144 4293
4145 4087
4146 3726
4147 3963
4148 4163
4149 4149
4150 3920
4151 4035
4152 4035
4153 4035
4154 4035
4155 3604
4156 3950
4157 3510
4158 3947
4159 3916
4160 4098
4161 3697
4162 3612
4163 3963
4164 4087
4165 4078
4166 4035
4167 4167
4168 4079
4169 4087
4170 4170
4171 3867
4172 4087
4173 4100
4174 3261
4175 4115
4176 4149
4177 4046
4178 4178
4179 3931
4180 4095
4181 3256
4182 4183
4183 4087
4184 4079
4185 4183
4186 3691
4187 3691
4188 4092
4189 4114
4190 3746
4191 3463
4192 3690
4193 4087
4194 4296
4195 3639
4196 3639
4197 3655
4198 4198
4199 4080
4200 4146
4201 3954
4202 4294
4203 3956
4204 3261
4205 3261
4206 4035
4207 4207
4208 4208
4209 3690
4210 4210
4211 4293
4212 4293
4213 4213
4214 3999
4215 4213
4216 3966
4217 4189
4218 3323
4219 3579
4220 4035
4221 3933
4222 4246
4223 4223
4224 4080
4225 4225
4226 3655
4227 4112
4228 3931
4229 4229
4230 3323
4231 3582
4232 4035
4233 4035
4234 4035
4235 4035
4236 4035
4237 4237
4238 3199
4239 3655
4240 3599
4241 3996
4242 4219
4243 4243
4244 4225
4245 4149
4246 4176
4247 4295
4248 2755
4249 3956
4250 3956
4251 4304
4252 4303
4253 4345
4254 4346
4255 4377
4256 4259
4257 4734
4258 4492
4259 4676
4260 4910
4261 4214
4262 2754
4263 3579
4264 3920
4265 4035
4266 4035
4267 4294
4268 4268
4269 4222
4270 3809
4271 3579
4272 4035
4273 4035
4274 3323
4275 4177
4276 4035
4277 4035
4278 4035
4279 4035
4280 4062
4281 4304
4282 4035
4283 4035
4284 4035
4285 3956
4286 4035
4287 4177
4288 4322
4289 4294
4290 4295
4291 4291
4292 4296
4293 4293
4294 3956
4295 4294
4296 4163
4297 4312
4298 4334
4299 4368
4300 4301
4301 4396
4302 4377
4303 4345
4304 4312
4305 4346
4306 4312
4307 4312
4308 2755
4309 3599
4310 4035
4311 4035
4312 4312
4313 4301
4314 3956
4315 4035
4316 4035
4317 4376
4318 4035
4319 4035
4320 4035
4321 4062
4322 4062
4323 4062
4324 4062
4325 4346
4326 4062
4327 4062
4328 4312
4329 4334
4330 4303
4331 4062
4332 4062
4333 4062
4334 4368
4335 4368
4336 4377
4337 4325
4338 4497
4339 4304
4340 4304
4341 4294
4342 4345
4343 4346
4344 4301
4345 4345
4346 4334
4347 4347
4348 4892
4349 4345
4350 4062
4351 4062
4352 4062
4353 4062
4354 4062
4355 4062
4356 4062
4357 4062
4358 4062
4359 4062
4360 4062
4361 4062
4362 4062
4363 4062
4364 4062
4365 4062
4366 4010
4367 4346
4368 4377
4369 4062
4370 4062
4371 4062
4372 4062
4373 4062
4374 4062
4375 4345
4376 4248
4377 4301
4378 4342
4379 4303
4380 4368
4381 1246
4382 4325
4383 4346
4384 4334
4385 4325
4386 4396
4387 4335
4388 4301
4389 4334
4390 4377
4391 4452
4392 4396
4393 4346
4394 4447
4395 4377
4396 4427
4397 4396
4398 4399
4399 4486
4400 4613
4401 4636
4402 4571
4403 4595
4404 4493
4405 4493
4406 4406
4407 4493
4408 4750
4409 4461
4410 4709
4411 4658
4412 4761
4413 4738
4414 4587
4415 4940
4416 4940
4417 4940
4418 4940
4419 4940
4420 4539
4421 4517
4422 4761
4423 4529
4424 4521
4425 4761
4426 4427
4427 4427
4428 4492
4429 4537
4430 4485
4431 4301
4432 4589
4433 4377
4434 4524
4435 1250
4436 4396
4437 4456
4438 4302
4439 4427
4440 4440
4441 4486
4442 4456
4443 4388
4444 4390
4445 4427
4446 4396
4447 4377
4448 4386
4449 4427
4450 4380
4451 4380
4452 4440
4453 4301
4454 4440
4455 4456
4456 4456
4457 4492
4458 4595
4459 4407
4460 4750
4461 4460
4462 4694
4463 4746
4464 4628
4465 4766
4466 4761
4467 4529
4468 4761
4469 4761
4470 4539
4471 4761
4472 4761
4473 4761
4474 4761
4475 4939
4476 4936
4477 4460
4478 4750
4479 4753
4480 4730
4481 4396
4482 4763
4483 4767
4484 4440
4485 4437
4486 4428
4487 4487
4488 4399
4489 4300
4490 4486
4491 4491
4492 4492
4493 4493
4494 4492
4495 4599
4496 4492
4497 4583
4498 4434
4499 4761
4500 4539
4501 4539
4502 4940
4503 4940
4504 4940
4505 4940
4506 4940
4507 4529
4508 4529
4509 4560
4510 4539
4511 4539
4512 4940
4513 4940
4514 4761
4515 4761
4516 4708
4517 4761
4518 4529
4519 4940
4520 4940
4521 4761
4522 4761
4523 4935
4524 4391
4525 4940
4526 4940
4527 4539
4528 4423
4529 4761
4530 4442
4531 4940
4532 4940
4533 4940
4534 4539
4535 4590
4536 4649
4537 4486
4538 4529
4539 4940
4540 4940
4541 4940
4542 4498
4543 4553
4544 4544
4545 4498
4546 4940
4547 4490
4548 4539
4549 4539
4550 4940
4551 4491
4552 4761
4553 4536
4554 4940
4555 4940
4556 4940
4557 4630
4558 4630
4559 4427
4560 4761
4561 4533
4562 4425
4563 4492
4564 4399
4565 4517
4566 4539
4567 4579
4568 4529
4569 4582
4570 4717
4571 4595
4572 4437
4573 4490
4574 4491
4575 4596
4576 4440
4577 4571
4578 4597
4579 4761
4580 4579
4581 4529
4582 4582
4583 1248
4584 4529
4585 4630
4586 4259
4587 4940
4588 4940
4589 4676
4590 4406
4591 4560
4592 4709
4593 4708
4594 4936
4595 4595
4596 4596
4597 1251
4598 4437
4599 4406
4600 4493
4601 1251
4602 4429
4603 4939
4604 4461
4605 4461
4606 4605
4607 4460
4608 4761
4609 4940
4610 4603
4611 4475
4612 4600
4613 4613
4614 4564
4615 4529
4616 4940
4617 4940
4618 4940
4619 4750
4620 4461
4621 4460
4622 4539
4623 4939
4624 4939
4625 4761
4626 4620
4627 4630
4628 4629
4629 4757
4630 4630
4631 4940
4632 4940
4633 4940
4634 4594
4635 4491
4636 4636
4637 4635
4638 4579
4639 4935
4640 4936
4641 4587
4642 4529
4643 4461
4644 4936
4645 4460
4646 4461
4647 4940
4648 4730
4649 4589
4650 4469
4651 4761
4652 4761
4653 4761
4654 4660
4655 4767
4656 4761
4657 4765
4658 4761
4659 4660
4660 4761
4661 4761
4662 4761
4663 4760
4664 4660
4665 4574
4666 4761
4667 4594
4668 4594
4669 4758
4670 4761
4671 4676
4672 4596
4673 4739
4674 4754
4675 4750
4676 4648
4677 4698
4678 4684
4679 4587
4680 4685
4681 4761
4682 4761
4683 4761
4684 4761
4685 4761
4686 4752
4687 4767
4688 4750
4689 4409
4690 4761
4691 4761
4692 4761
4693 4939
4694 4936
4695 4461
4696 4696
4697 4730
4698 4428
4699 4939
4700 4936
4701 4579
4702 4660
4703 4761
4704 4745
4705 4761
4706 4765
4707 4708
4708 4660
4709 4708
4710 4734
4711 4761
4712 4760
4713 4761
4714 4636
4715 4637
4716 4761
4717 4697
4718 4761
4719 4599
4720 4523
4721 4708
4722 4505
4723 4505
4724 4738
4725 4761
4726 4761
4727 4493
4728 4746
4729 4694
4730 4677
4731 4493
4732 4595
4733 4751
4734 4698
4735 4258
4736 4761
4737 4761
4738 4761
4739 4636
4740 4475
4741 4740
4742 4574
4743 4635
4744 4630
4745 4709
4746 4756
4747 4750
4748 4493
4749 4675
4750 4750
4751 4636
4752 4761
4753 4753
4754 4750
4755 4761
4756 4758
4757 4694
4758 4694
4759 4761
4760 4761
4761 4761
4762 4761
4763 4752
4764 4709
4765 4765
4766 4761
4767 4746
4768 149
4769 333
4770 2
4771 149
4772 149
4773 149
4774 149
4775 149
4776 46
4777 149
4778 149
4779 149
4780 237
4781 98
4782 237
4783 90
4784 852
4785 852
4786 716
4787 657
4788 485
4789 485
4790 595
4791 509
4792 952
4793 952
4794 1202
4795 716
4796 716
4797 716
4798 716
4799 716
4800 772
4801 772
4802 595
4803 595
4804 485
4805 1202
4806 716
4807 716
4808 574
4809 716
4810 986
4811 716
4812 716
4813 1037
4814 716
4815 851
4816 1350
4817 1345
4818 716
4819 715
4820 756
4821 715
4822 852
4823 790
4824 1027
4825 768
4826 1216
4827 851
4828 851
4829 716
4830 716
4831 716
4832 756
4833 716
4834 716
4835 716
4836 986
4837 657
4838 595
4839 595
4840 1345
4841 773
4842 851
4843 4813
4844 1202
4845 595
4846 485
4847 595
4848 852
4849 595
4850 716
4851 716
4852 485
4853 852
4854 850
4855 716
4856 4861
4857 4859
4858 4858
4859 681
4860 1362
4861 1272
4862 410
4863 671
4864 1385
4865 4859
4866 716
4867 1543
4868 2511
4869 2511
4870 2511
4871 2511
4872 2511
4873 2511
4874 2511
4875 2511
4876 2511
4877 2824
4878 3110
4879 3110
4880 4880
4881 2818
4882 2361
4883 4883
4884 4884
4885 1866
4886 2854
4887 4887
4888 3015
4889 450
4890 3965
4891 3532
4892 4062
4893 3655
4894 4035
4895 4177
4896 4062
4897 3982
4898 4035
4899 3753
4900 3579
4901 3973
4902 4902
4903 4035
4904 4035
4905 3600
4906 4035
4907 4062
4908 4062
4909 3950
4910 4163
4911 3963
4912 3963
4913 3963
4914 4163
4915 3841
4916 3841
4917 3841
4918 4312
4919 3963
4920 3840
4921 3840
4922 2750
4923 4910
4924 3950
4925 3841
4926 4035
4927 4035
4928 4761
4929 4940
4930 4940
4931 4940
4932 4940
4933 4940
4934 4940
4935 4939
4936 4461
4937 4940
4938 4761
4939 4594
4940 4940
4941 4498
4942 4539
4943 4560
4944 4755
4945 1216
4946 1005
4947 1027
4948 1027
4949 1005
4950 1216
4951 1216
4952 1005
4953 1216
4954 1345
4955 2315
4956 2831
4957 2833
4958 2598
4959 4960
4960 2854
4961 2626
4962 2854
4963 2892
4964 4958
4965 2315
4966 2824
4967 2892
4968 4983
4969 4962
4970 2824
4971 2824
4972 2824
4973 2892
4974 4981
4975 4980
4976 2831
4977 4977
4978 4978
4979 2856
4980 2598
4981 2315
4982 2315
4983 4991
4984 4990
4985 2824
4986 2856
4987 4967
4988 4981
4989 2831
4990 4962
4991 2625
4992 4982
4993 2683
4994 3689
4995 4062
4996 3689
4997 3689
4998 4035
4999 4035
5000 4035
5001 4062
5002 4062
