0 4951
1 4676
2 4676
3 4676
4 4676
5 4676
6 4659
7 4641
8 4665
9 3205
10 3205
11 293
12 99
13 99
14 4570
15 4557
16 4557
17 4570
18 303
19 303
20 303
21 303
22 303
23 4570
24 4570
25 4570
26 4570
27 4570
28 303
29 303
30 303
31 303
32 303
33 303
34 303
35 303
36 4564
37 4564
38 4557
39 4557
40 4570
41 4570
42 4564
43 4951
44 4676
45 4665
46 293
47 356
48 4445
49 4731
50 4641
51 4665
52 4445
53 4570
54 4570
55 4570
56 4570
57 4570
58 4570
59 303
60 303
61 303
62 303
63 303
64 303
65 303
66 303
67 303
68 4570
69 4570
70 4570
71 4570
72 4951
73 4951
74 4951
75 4564
76 4564
77 4557
78 4951
79 4951
80 4570
81 4951
82 4450
83 4951
84 4951
85 4951
86 4445
87 4570
88 4570
89 303
90 303
91 303
92 303
93 4570
94 303
95 4570
96 4564
97 4570
98 4570
99 4570
100 4570
101 4557
102 4570
103 4570
104 303
105 303
106 303
107 303
108 303
109 4951
110 4951
111 4951
112 4570
113 4570
114 4570
115 4570
116 303
117 4570
118 303
119 4658
120 4641
121 293
122 451
123 99
124 160
125 260
126 492
127 492
128 46
129 178
130 99
131 99
132 293
133 4564
134 4570
135 4564
136 4951
137 4445
138 4641
139 4570
140 4570
141 4564
142 4564
143 4658
144 4951
145 4570
146 4570
147 303
148 303
149 4570
150 303
151 303
152 303
153 303
154 303
155 303
156 303
157 303
158 303
159 303
160 303
161 303
162 303
163 303
164 303
165 303
166 4951
167 4659
168 4658
169 4445
170 4676
171 4445
172 303
173 303
174 303
175 303
176 4951
177 4445
178 4665
179 355
180 293
181 451
182 451
183 451
184 293
185 451
186 293
187 99
188 46
189 260
190 342
191 492
192 492
193 464
194 342
195 396
196 260
197 178
198 99
199 451
200 293
201 3532
202 178
203 4445
204 3205
205 3532
206 451
207 99
208 451
209 4570
210 4564
211 4570
212 4570
213 4570
214 4640
215 4557
216 4445
217 4641
218 355
219 303
220 3205
221 293
222 4665
223 4570
224 4570
225 4570
226 4564
227 4445
228 3205
229 4570
230 4570
231 4570
232 303
233 4665
234 3205
235 3532
236 293
237 4950
238 4570
239 4731
240 4641
241 355
242 3558
243 99
244 178
245 3532
246 303
247 303
248 303
249 303
250 4570
251 3205
252 3583
253 3205
254 4641
255 4539
256 4951
257 4951
258 4445
259 293
260 303
261 4570
262 303
263 303
264 4659
265 4951
266 4450
267 303
268 4947
269 4951
270 4659
271 3583
272 4570
273 4640
274 303
275 3205
276 3532
277 4951
278 451
279 99
280 4570
281 303
282 303
283 303
284 4951
285 4445
286 4951
287 4445
288 4676
289 4445
290 4641
291 4665
292 4665
293 4640
294 4570
295 4570
296 4640
297 4450
298 99
299 4570
300 303
301 303
302 303
303 303
304 4564
305 4570
306 4557
307 4570
308 4951
309 4951
310 4950
311 451
312 4676
313 4445
314 293
315 451
316 3205
317 3532
318 451
319 4951
320 4445
321 4445
322 4665
323 4570
324 4557
325 4570
326 4570
327 4570
328 303
329 4445
330 451
331 99
332 4951
333 99
334 4570
335 4570
336 303
337 303
338 4570
339 4950
340 451
341 4570
342 303
343 293
344 4665
345 3205
346 303
347 303
348 99
349 185
350 396
351 4409
352 4409
353 725
354 4337
355 4337
356 4337
357 4336
358 4285
359 4032
360 4032
361 4466
362 4466
363 4466
364 4517
365 1432
366 2028
367 1840
368 4517
369 4517
370 1780
371 4570
372 4450
373 4951
374 4450
375 4450
376 303
377 303
378 293
379 99
380 185
381 160
382 342
383 3778
384 491
385 185
386 178
387 4445
388 4951
389 4445
390 4445
391 451
392 4951
393 303
394 303
395 303
396 303
397 303
398 4641
399 185
400 3205
401 303
402 303
403 303
404 303
405 4570
406 4951
407 355
408 303
409 303
410 293
411 99
412 99
413 303
414 451
415 4570
416 303
417 4570
418 185
419 178
420 303
421 303
422 303
423 4950
424 303
425 303
426 303
427 303
428 303
429 303
430 303
431 3532
432 178
433 451
434 178
435 492
436 504
437 725
438 582
439 492
440 260
441 355
442 355
443 293
444 99
445 185
446 160
447 99
448 46
449 4950
450 451
451 178
452 444
453 293
454 451
455 185
456 260
457 464
458 583
459 801
460 802
461 802
462 802
463 583
464 583
465 505
466 4337
467 4337
468 4029
469 4029
470 4029
471 4935
472 4933
473 4935
474 4199
475 4199
476 3654
477 3921
478 2514
479 1497
480 1511
481 1675
482 1497
483 1478
484 1497
485 1626
486 1687
487 1534
488 1991
489 2115
490 2191
491 2404
492 1691
493 3066
494 2043
495 2528
496 2528
497 1657
498 1716
499 396
500 451
501 293
502 99
503 99
504 99
505 260
506 451
507 342
508 178
509 451
510 160
511 178
512 316
513 160
514 3778
515 396
516 99
517 99
518 185
519 444
520 342
521 342
522 260
523 178
524 342
525 178
526 342
527 178
528 342
529 491
530 260
531 492
532 3719
533 4409
534 3719
535 4337
536 99
537 748
538 748
539 748
540 748
541 748
542 748
543 748
544 748
545 748
546 599
547 599
548 601
549 601
550 599
551 599
552 599
553 599
554 748
555 599
556 599
557 601
558 597
559 601
560 597
561 594
562 603
563 684
564 692
565 731
566 773
567 773
568 700
569 4842
570 4842
571 4842
572 4821
573 4821
574 4821
575 625
576 1157
577 949
578 1154
579 1029
580 1393
581 1154
582 1047
583 1154
584 638
585 1151
586 1279
587 1030
588 599
589 748
590 748
591 748
592 748
593 748
594 748
595 748
596 748
597 748
598 748
599 748
600 748
601 748
602 748
603 748
604 748
605 748
606 748
607 748
608 748
609 748
610 748
611 748
612 178
613 342
614 748
615 599
616 599
617 603
618 603
619 671
620 693
621 693
622 697
623 697
624 599
625 601
626 601
627 601
628 597
629 684
630 684
631 844
632 599
633 601
634 601
635 597
636 597
637 671
638 597
639 594
640 693
641 620
642 620
643 773
644 4841
645 1079
646 949
647 959
648 178
649 492
650 4409
651 4337
652 579
653 4337
654 260
655 748
656 748
657 748
658 748
659 599
660 599
661 748
662 748
663 748
664 748
665 396
666 492
667 748
668 748
669 748
670 601
671 597
672 594
673 671
674 693
675 601
676 597
677 646
678 597
679 671
680 671
681 260
682 178
683 3719
684 4409
685 4337
686 748
687 748
688 748
689 748
690 748
691 748
692 748
693 748
694 748
695 599
696 748
697 748
698 748
699 748
700 748
701 599
702 597
703 597
704 594
705 671
706 597
707 597
708 646
709 597
710 603
711 691
712 692
713 731
714 773
715 774
716 748
717 748
718 748
719 748
720 748
721 748
722 748
723 748
724 599
725 748
726 748
727 748
728 748
729 748
730 748
731 748
732 748
733 671
734 603
735 748
736 748
737 748
738 342
739 316
740 492
741 739
742 160
743 260
744 396
745 464
746 492
747 464
748 464
749 492
750 504
751 579
752 505
753 802
754 342
755 671
756 464
757 725
758 4409
759 4337
760 4337
761 178
762 732
763 4819
764 260
765 3719
766 748
767 594
768 464
769 594
770 692
771 739
772 748
773 748
774 748
775 748
776 748
777 748
778 748
779 748
780 748
781 748
782 748
783 492
784 464
785 802
786 801
787 801
788 801
789 491
790 748
791 738
792 731
793 773
794 504
795 396
796 444
797 738
798 748
799 748
800 748
801 748
802 50
803 773
804 748
805 748
806 748
807 491
808 582
809 748
810 748
811 748
812 594
813 748
814 601
815 748
816 748
817 739
818 774
819 960
820 949
821 951
822 960
823 4847
824 725
825 579
826 505
827 579
828 579
829 178
830 748
831 748
832 748
833 748
834 594
835 597
836 504
837 316
838 725
839 748
840 491
841 700
842 4841
843 748
844 599
845 492
846 583
847 947
848 700
849 700
850 748
851 804
852 890
853 3719
854 4337
855 4337
856 4841
857 691
858 738
859 738
860 691
861 693
862 738
863 604
864 725
865 946
866 748
867 725
868 50
869 890
870 845
871 4813
872 732
873 725
874 579
875 801
876 801
877 579
878 669
879 802
880 582
881 725
882 579
883 801
884 801
885 725
886 948
887 579
888 992
889 732
890 579
891 579
892 579
893 725
894 845
895 4842
896 748
897 748
898 599
899 599
900 601
901 691
902 845
903 4820
904 4828
905 1157
906 725
907 464
908 960
909 597
910 646
911 599
912 725
913 725
914 583
915 802
916 492
917 504
918 725
919 725
920 725
921 725
922 725
923 579
924 4337
925 960
926 949
927 949
928 951
929 4409
930 4337
931 4337
932 4425
933 500
934 296
935 296
936 296
937 276
938 298
939 276
940 4477
941 4430
942 4612
943 4599
944 4736
945 4531
946 4531
947 4531
948 4531
949 4531
950 4531
951 4531
952 4515
953 748
954 748
955 748
956 960
957 959
958 1098
959 4821
960 1522
961 4826
962 1522
963 4820
964 4820
965 804
966 1190
967 1189
968 1279
969 1151
970 1146
971 1097
972 1097
973 1189
974 1126
975 1232
976 991
977 1126
978 1011
979 1410
980 1011
981 1301
982 1295
983 1227
984 1414
985 1913
986 1937
987 2385
988 2385
989 1234
990 1127
991 1145
992 1127
993 991
994 1147
995 1146
996 1146
997 1026
998 1154
999 646
1000 1145
1001 1234
1002 1151
1003 1234
1004 1126
1005 1279
1006 1051
1007 637
1008 959
1009 1026
1010 705
1011 1154
1012 638
1013 1127
1014 1189
1015 1097
1016 991
1017 1126
1018 1127
1019 1234
1020 1030
1021 637
1022 1097
1023 993
1024 1157
1025 1098
1026 504
1027 464
1028 464
1029 504
1030 1410
1031 1145
1032 1323
1033 1227
1034 1301
1035 1232
1036 1195
1037 1296
1038 1357
1039 1389
1040 1196
1041 1389
1042 1602
1043 1272
1044 1297
1045 1305
1046 1297
1047 1305
1048 1030
1049 1279
1050 1157
1051 1523
1052 4820
1053 582
1054 1145
1055 1323
1056 1322
1057 1322
1058 1229
1059 1410
1060 1301
1061 583
1062 725
1063 1301
1064 739
1065 773
1066 773
1067 4842
1068 1030
1069 1151
1070 1030
1071 1522
1072 601
1073 594
1074 604
1075 604
1076 603
1077 603
1078 603
1079 671
1080 597
1081 599
1082 599
1083 601
1084 601
1085 601
1086 597
1087 725
1088 579
1089 1322
1090 579
1091 579
1092 579
1093 669
1094 669
1095 579
1096 949
1097 706
1098 1232
1099 1303
1100 1146
1101 937
1102 992
1103 739
1104 739
1105 620
1106 1322
1107 1301
1108 960
1109 1178
1110 991
1111 1364
1112 1364
1113 1234
1114 697
1115 1234
1116 1303
1117 1189
1118 638
1119 1146
1120 1029
1121 991
1122 951
1123 1078
1124 1098
1125 844
1126 1151
1127 579
1128 1154
1129 638
1130 951
1131 959
1132 4822
1133 627
1134 594
1135 594
1136 671
1137 597
1138 671
1139 731
1140 731
1141 697
1142 731
1143 620
1144 620
1145 700
1146 938
1147 4820
1148 4847
1149 4820
1150 1323
1151 1229
1152 1145
1153 949
1154 693
1155 1229
1156 1229
1157 1292
1158 1301
1159 1145
1160 739
1161 1227
1162 4409
1163 1047
1164 692
1165 1126
1166 1345
1167 1333
1168 1297
1169 1286
1170 1504
1171 1420
1172 1287
1173 1422
1174 1287
1175 1755
1176 1578
1177 1617
1178 1592
1179 1592
1180 1592
1181 1706
1182 1726
1183 1706
1184 1706
1185 1620
1186 1855
1187 2039
1188 1717
1189 1706
1190 1706
1191 1706
1192 1592
1193 1617
1194 1617
1195 1345
1196 1422
1197 1385
1198 731
1199 1301
1200 1126
1201 637
1202 1234
1203 1229
1204 505
1205 1504
1206 732
1207 804
1208 732
1209 1599
1210 1271
1211 1638
1212 1819
1213 1730
1214 1414
1215 732
1216 1190
1217 4813
1218 627
1219 627
1220 625
1221 4866
1222 1227
1223 1337
1224 1303
1225 706
1226 638
1227 637
1228 1026
1229 706
1230 4409
1231 1305
1232 1296
1233 1196
1234 1195
1235 1422
1236 802
1237 1297
1238 1422
1239 1449
1240 2645
1241 2393
1242 1531
1243 1385
1244 1154
1245 706
1246 1323
1247 1197
1248 1292
1249 1197
1250 1292
1251 1229
1252 583
1253 1287
1254 1436
1255 1688
1256 1617
1257 542
1258 1617
1259 1529
1260 1599
1261 1287
1262 1286
1263 1420
1264 1448
1265 1509
1266 1229
1267 1196
1268 1345
1269 1322
1270 1030
1271 993
1272 1420
1273 1345
1274 1515
1275 1414
1276 637
1277 804
1278 4820
1279 960
1280 949
1281 1098
1282 1157
1283 1295
1284 991
1285 1190
1286 1190
1287 1305
1288 542
1289 1357
1290 1197
1291 1515
1292 1616
1293 949
1294 1047
1295 1272
1296 1146
1297 1305
1298 1343
1299 1292
1300 1292
1301 937
1302 4337
1303 1296
1304 1227
1305 1509
1306 579
1307 542
1308 579
1309 1098
1310 1229
1311 705
1312 1197
1313 1151
1314 991
1315 1385
1316 4337
1317 1305
1318 1529
1319 802
1320 1232
1321 1271
1322 1196
1323 4820
1324 1420
1325 4337
1326 4337
1327 2804
1328 4029
1329 4031
1330 2072
1331 1840
1332 1432
1333 1570
1334 1382
1335 3384
1336 3384
1337 3494
1338 4636
1339 3581
1340 1098
1341 994
1342 1154
1343 991
1344 1594
1345 1190
1346 4878
1347 1292
1348 1297
1349 1343
1350 1322
1351 1232
1352 1145
1353 1578
1354 1594
1355 959
1356 1272
1357 579
1358 579
1359 583
1360 505
1361 583
1362 505
1363 1422
1364 4342
1365 2804
1366 4322
1367 4404
1368 638
1369 1157
1370 1529
1371 1151
1372 4337
1373 4336
1374 4337
1375 4336
1376 4325
1377 4359
1378 1001
1379 542
1380 542
1381 1669
1382 1779
1383 1271
1384 1414
1385 1098
1386 1196
1387 1190
1388 1436
1389 1305
1390 1529
1391 1333
1392 1287
1393 542
1394 583
1395 2393
1396 1766
1397 951
1398 1196
1399 1531
1400 1531
1401 1522
1402 1522
1403 1305
1404 1305
1405 1286
1406 1357
1407 1227
1408 1287
1409 1410
1410 1619
1411 1592
1412 1687
1413 1592
1414 1592
1415 1617
1416 1616
1417 1477
1418 991
1419 1196
1420 4821
1421 4842
1422 845
1423 628
1424 4820
1425 4820
1426 702
1427 1522
1428 1522
1429 949
1430 1078
1431 949
1432 951
1433 1190
1434 1098
1435 1078
1436 1051
1437 637
1438 1296
1439 1642
1440 505
1441 802
1442 2804
1443 801
1444 802
1445 802
1446 505
1447 802
1448 583
1449 4336
1450 4035
1451 4933
1452 1361
1453 1525
1454 1474
1455 3064
1456 3549
1457 2828
1458 583
1459 4820
1460 4820
1461 1609
1462 4337
1463 959
1464 1047
1465 1147
1466 1196
1467 951
1468 801
1469 802
1470 802
1471 802
1472 801
1473 490
1474 1081
1475 1236
1476 802
1477 500
1478 555
1479 583
1480 4337
1481 4029
1482 3936
1483 2829
1484 2829
1485 3822
1486 3654
1487 3737
1488 1652
1489 1691
1490 4821
1491 1151
1492 627
1493 1333
1494 1030
1495 1295
1496 802
1497 4336
1498 1236
1499 1644
1500 422
1501 490
1502 1599
1503 4821
1504 4821
1505 4821
1506 625
1507 625
1508 625
1509 623
1510 623
1511 4337
1512 4336
1513 4336
1514 951
1515 1030
1516 1616
1517 1706
1518 1708
1519 1779
1520 991
1521 2804
1522 4029
1523 3969
1524 2966
1525 3737
1526 2826
1527 2967
1528 1030
1529 1305
1530 637
1531 1279
1532 802
1533 959
1534 1373
1535 1295
1536 1766
1537 4336
1538 4029
1539 1126
1540 1303
1541 1357
1542 1229
1543 1229
1544 1296
1545 1197
1546 1292
1547 1097
1548 801
1549 801
1550 801
1551 489
1552 489
1553 802
1554 802
1555 1531
1556 4933
1557 4933
1558 3987
1559 4337
1560 1197
1561 4154
1562 4029
1563 1197
1564 802
1565 579
1566 801
1567 801
1568 801
1569 801
1570 801
1571 801
1572 801
1573 4294
1574 3987
1575 1154
1576 1421
1577 1145
1578 802
1579 1126
1580 801
1581 801
1582 4154
1583 1146
1584 543
1585 1189
1586 1529
1587 1669
1588 1292
1589 801
1590 934
1591 801
1592 490
1593 1623
1594 1626
1595 1833
1596 1126
1597 3987
1598 4423
1599 4424
1600 4407
1601 706
1602 1730
1603 1819
1604 2804
1605 801
1606 1127
1607 1234
1608 801
1609 801
1610 801
1611 489
1612 801
1613 1623
1614 1726
1615 4279
1616 1227
1617 1232
1618 1126
1619 579
1620 1744
1621 802
1622 1561
1623 1725
1624 1475
1625 1658
1626 1358
1627 1644
1628 2966
1629 3410
1630 1361
1631 1236
1632 3969
1633 4933
1634 1301
1635 1323
1636 1227
1637 1689
1638 1151
1639 489
1640 1026
1641 1337
1642 1638
1643 1766
1644 1229
1645 801
1646 4423
1647 1500
1648 1974
1649 1649
1650 3987
1651 1624
1652 1292
1653 1114
1654 1081
1655 1338
1656 1236
1657 4335
1658 4279
1659 923
1660 1607
1661 4883
1662 1571
1663 1497
1664 1392
1665 637
1666 1736
1667 1687
1668 801
1669 555
1670 555
1671 500
1672 235
1673 1733
1674 1081
1675 4132
1676 1561
1677 1030
1678 1295
1679 4029
1680 4337
1681 669
1682 579
1683 669
1684 1126
1685 1358
1686 1658
1687 1626
1688 1475
1689 408
1690 1661
1691 1081
1692 1658
1693 1833
1694 1649
1695 3737
1696 2829
1697 1029
1698 544
1699 1497
1700 1497
1701 1497
1702 1497
1703 489
1704 1658
1705 1051
1706 1626
1707 1030
1708 1097
1709 1779
1710 1592
1711 490
1712 1637
1713 1478
1714 1497
1715 3055
1716 1422
1717 1729
1718 1640
1719 1497
1720 1658
1721 2966
1722 2966
1723 2966
1724 1151
1725 4935
1726 1873
1727 4337
1728 1297
1729 1658
1730 2966
1731 1658
1732 1232
1733 1904
1734 1818
1735 1297
1736 1819
1737 1546
1738 579
1739 2966
1740 1837
1741 1837
1742 1771
1743 1011
1744 1303
1745 1592
1746 1236
1747 802
1748 2966
1749 3410
1750 3654
1751 4933
1752 2567
1753 1918
1754 2573
1755 2042
1756 1333
1757 1422
1758 1292
1759 489
1760 489
1761 489
1762 489
1763 1525
1764 1051
1765 1690
1766 1385
1767 1497
1768 1675
1769 4883
1770 4424
1771 1234
1772 1913
1773 4423
1774 4417
1775 4428
1776 4933
1777 4325
1778 1500
1779 1271
1780 1675
1781 1675
1782 1515
1783 1011
1784 1873
1785 2385
1786 1292
1787 1644
1788 1097
1789 4935
1790 4933
1791 1236
1792 1145
1793 4935
1794 4935
1795 4299
1796 4404
1797 4283
1798 1706
1799 1706
1800 1706
1801 1592
1802 1592
1803 1592
1804 1592
1805 669
1806 1011
1807 1745
1808 2440
1809 1669
1810 1189
1811 1340
1812 1323
1813 1232
1814 1515
1815 4419
1816 4283
1817 2838
1818 1691
1819 1420
1820 3410
1821 1236
1822 1515
1823 1497
1824 1081
1825 4404
1826 1345
1827 1323
1828 1295
1829 1414
1830 1229
1831 1389
1832 4417
1833 4517
1834 4466
1835 4424
1836 4422
1837 3737
1838 2525
1839 1675
1840 1637
1841 1301
1842 1730
1843 1938
1844 2385
1845 2385
1846 1755
1847 1272
1848 2191
1849 1529
1850 1422
1851 1497
1852 1644
1853 1644
1854 1295
1855 1819
1856 1649
1857 2517
1858 1081
1859 1286
1860 1787
1861 1853
1862 1873
1863 1873
1864 1873
1865 1617
1866 1669
1867 1706
1868 1675
1869 1675
1870 1626
1871 1610
1872 1497
1873 1515
1874 1873
1875 1766
1876 2385
1877 2645
1878 2385
1879 3969
1880 4933
1881 4933
1882 4935
1883 3638
1884 3638
1885 3638
1886 3638
1887 3822
1888 2829
1889 3794
1890 1652
1891 3638
1892 1766
1893 4285
1894 1497
1895 579
1896 3064
1897 4380
1898 2525
1899 1529
1900 801
1901 1497
1902 1497
1903 1525
1904 500
1905 235
1906 500
1907 500
1908 1715
1909 2700
1910 934
1911 1497
1912 1497
1913 1497
1914 1497
1915 1497
1916 1497
1917 1497
1918 1497
1919 1497
1920 669
1921 1229
1922 555
1923 4424
1924 1736
1925 1913
1926 1638
1927 3936
1928 1272
1929 1687
1930 1414
1931 1227
1932 3936
1933 3936
1934 3028
1935 500
1936 296
1937 1196
1938 1529
1939 4935
1940 490
1941 1236
1942 934
1943 4883
1944 1661
1945 1607
1946 1358
1947 4933
1948 1497
1949 500
1950 1913
1951 1904
1952 3969
1953 2838
1954 1675
1955 3654
1956 3654
1957 489
1958 801
1959 1497
1960 1610
1961 1675
1962 669
1963 2001
1964 1081
1965 235
1966 2527
1967 2385
1968 2385
1969 2385
1970 2053
1971 1687
1972 1592
1973 500
1974 2404
1975 801
1976 669
1977 1196
1978 1592
1979 1592
1980 1592
1981 1617
1982 1385
1983 1531
1984 1661
1985 1556
1986 1556
1987 1414
1988 4933
1989 4933
1990 2769
1991 4029
1992 1592
1993 1478
1994 1511
1995 1358
1996 500
1997 1873
1998 1081
1999 1436
2000 1515
2001 4466
2002 1873
2003 1644
2004 1687
2005 1515
2006 4566
2007 4723
2008 4723
2009 4532
2010 4599
2011 267
2012 4531
2013 4531
2014 4531
2015 4531
2016 4605
2017 4531
2018 4531
2019 4531
2020 4531
2021 4531
2022 4566
2023 4566
2024 4605
2025 4605
2026 4605
2027 4723
2028 4600
2029 4599
2030 4430
2031 4566
2032 4531
2033 4566
2034 4605
2035 4531
2036 4605
2037 4566
2038 1873
2039 2645
2040 4029
2041 4284
2042 555
2043 1547
2044 1675
2045 1687
2046 1733
2047 4531
2048 4530
2049 4612
2050 4723
2051 4530
2052 1602
2053 2645
2054 2645
2055 1938
2056 542
2057 1546
2058 4612
2059 4600
2060 4600
2061 4531
2062 4566
2063 1515
2064 4934
2065 2909
2066 1236
2067 802
2068 367
2069 367
2070 367
2071 235
2072 1706
2073 1515
2074 4599
2075 4531
2076 4723
2077 4600
2078 4599
2079 4612
2080 430
2081 4466
2082 1661
2083 296
2084 296
2085 4723
2086 4612
2087 4532
2088 4530
2089 4566
2090 4612
2091 4935
2092 934
2093 1497
2094 1687
2095 4723
2096 2527
2097 235
2098 362
2099 280
2100 296
2101 4531
2102 4531
2103 4531
2104 4605
2105 4700
2106 362
2107 4555
2108 4477
2109 1338
2110 1675
2111 1617
2112 4530
2113 4532
2114 4605
2115 4605
2116 4605
2117 4531
2118 4531
2119 4657
2120 4657
2121 4599
2122 267
2123 4605
2124 4612
2125 4532
2126 500
2127 4531
2128 4605
2129 4531
2130 4657
2131 4657
2132 4515
2133 4531
2134 4530
2135 4530
2136 4605
2137 4566
2138 4531
2139 4531
2140 4531
2141 4531
2142 4531
2143 4531
2144 4531
2145 4531
2146 4531
2147 4657
2148 4657
2149 4657
2150 4657
2151 4657
2152 4657
2153 4657
2154 4657
2155 4657
2156 4657
2157 4657
2158 4531
2159 4531
2160 236
2161 4531
2162 4531
2163 4517
2164 4422
2165 4517
2166 4430
2167 4605
2168 4566
2169 4605
2170 4605
2171 4605
2172 4605
2173 4605
2174 4605
2175 4605
2176 4531
2177 2518
2178 1661
2179 1478
2180 4599
2181 4582
2182 238
2183 4599
2184 4530
2185 4605
2186 4605
2187 4566
2188 4605
2189 4605
2190 4531
2191 4657
2192 4657
2193 4531
2194 4531
2195 4531
2196 4531
2197 4531
2198 4531
2199 4566
2200 1819
2201 1755
2202 2440
2203 1779
2204 2440
2205 4566
2206 4530
2207 4531
2208 296
2209 4723
2210 4657
2211 4612
2212 4604
2213 4612
2214 4736
2215 4555
2216 1913
2217 1652
2218 2518
2219 4566
2220 4531
2221 1687
2222 1592
2223 1592
2224 4531
2225 4600
2226 4723
2227 4517
2228 4657
2229 4531
2230 4419
2231 4933
2232 490
2233 4430
2234 1599
2235 4430
2236 4582
2237 4520
2238 4476
2239 296
2240 4430
2241 236
2242 280
2243 276
2244 280
2245 4700
2246 4605
2247 4531
2248 4531
2249 1736
2250 2385
2251 2001
2252 4029
2253 4404
2254 4426
2255 1547
2256 4605
2257 4477
2258 362
2259 4700
2260 4555
2261 1873
2262 2909
2263 1607
2264 4530
2265 4582
2266 276
2267 4430
2268 4430
2269 4604
2270 1873
2271 2518
2272 2042
2273 4599
2274 4530
2275 4530
2276 4599
2277 242
2278 242
2279 242
2280 4532
2281 4605
2282 4605
2283 4605
2284 4605
2285 4605
2286 4605
2287 242
2288 242
2289 242
2290 242
2291 242
2292 242
2293 4599
2294 4599
2295 1661
2296 4531
2297 4657
2298 1497
2299 1592
2300 280
2301 4555
2302 276
2303 4600
2304 2385
2305 4380
2306 2526
2307 1661
2308 1687
2309 1420
2310 2440
2311 4429
2312 4430
2313 242
2314 1338
2315 1497
2316 4531
2317 1592
2318 1766
2319 4477
2320 1638
2321 4657
2322 4657
2323 1904
2324 2053
2325 4935
2326 1654
2327 242
2328 242
2329 242
2330 4599
2331 4599
2332 4605
2333 267
2334 542
2335 4657
2336 4285
2337 4605
2338 4582
2339 238
2340 267
2341 4520
2342 4599
2343 4430
2344 4599
2345 4582
2346 4599
2347 4605
2348 280
2349 276
2350 4657
2351 4515
2352 298
2353 276
2354 298
2355 276
2356 362
2357 276
2358 1497
2359 4531
2360 4476
2361 1675
2362 1675
2363 1497
2364 1617
2365 4657
2366 1787
2367 1755
2368 4520
2369 267
2370 298
2371 276
2372 4531
2373 276
2374 1787
2375 4599
2376 579
2377 1556
2378 4566
2379 4430
2380 2001
2381 4939
2382 489
2383 4934
2384 267
2385 1706
2386 555
2387 1706
2388 1687
2389 4531
2390 4531
2391 2518
2392 2957
2393 500
2394 1592
2395 1592
2396 1592
2397 1592
2398 1617
2399 4657
2400 4657
2401 4531
2402 4531
2403 4531
2404 3654
2405 3737
2406 4582
2407 4430
2408 242
2409 242
2410 4599
2411 1733
2412 1766
2413 4657
2414 4477
2415 4531
2416 3822
2417 3066
2418 3066
2419 3168
2420 4599
2421 4605
2422 490
2423 1607
2424 1604
2425 1607
2426 1607
2427 1592
2428 1592
2429 1592
2430 1873
2431 1818
2432 4531
2433 2909
2434 1607
2435 1608
2436 1608
2437 1708
2438 1822
2439 4657
2440 4657
2441 4657
2442 4531
2443 4657
2444 4657
2445 4657
2446 4657
2447 4657
2448 4657
2449 4430
2450 4515
2451 4657
2452 3638
2453 3638
2454 3969
2455 4933
2456 4029
2457 500
2458 367
2459 367
2460 296
2461 296
2462 4517
2463 296
2464 4517
2465 4555
2466 4477
2467 296
2468 3822
2469 4935
2470 4605
2471 4531
2472 4531
2473 4531
2474 4531
2475 500
2476 367
2477 367
2478 1708
2479 4515
2480 3638
2481 3993
2482 4933
2483 4933
2484 4933
2485 242
2486 242
2487 242
2488 242
2489 4532
2490 1556
2491 298
2492 1592
2493 4404
2494 1607
2495 1706
2496 1697
2497 1783
2498 1584
2499 4657
2500 4515
2501 4531
2502 1511
2503 1733
2504 296
2505 296
2506 296
2507 1779
2508 1755
2509 4515
2510 4605
2511 4605
2512 275
2513 238
2514 275
2515 267
2516 298
2517 1556
2518 4531
2519 296
2520 1616
2521 4657
2522 4657
2523 3822
2524 3921
2525 4283
2526 238
2527 238
2528 4430
2529 4430
2530 4532
2531 4605
2532 4605
2533 4531
2534 276
2535 2385
2536 2967
2537 2983
2538 242
2539 242
2540 242
2541 4530
2542 4605
2543 4605
2544 238
2545 362
2546 4479
2547 4531
2548 4531
2549 4531
2550 4933
2551 2909
2552 242
2553 4605
2554 4605
2555 4566
2556 1592
2557 1642
2558 1719
2559 1714
2560 1685
2561 1991
2562 4429
2563 4555
2564 4477
2565 4935
2566 2528
2567 1656
2568 3168
2569 3168
2570 2957
2571 4605
2572 242
2573 276
2574 296
2575 4657
2576 3654
2577 2829
2578 3968
2579 3822
2580 3822
2581 3638
2582 4283
2583 4338
2584 4367
2585 4325
2586 4031
2587 4367
2588 4325
2589 4029
2590 2072
2591 4029
2592 4029
2593 242
2594 4605
2595 4430
2596 4934
2597 4029
2598 242
2599 242
2600 4530
2601 296
2602 296
2603 362
2604 367
2605 4736
2606 3968
2607 2829
2608 4933
2609 490
2610 1604
2611 801
2612 1706
2613 1855
2614 1715
2615 1657
2616 3125
2617 2869
2618 2873
2619 3401
2620 4555
2621 4555
2622 4700
2623 3936
2624 3936
2625 242
2626 242
2627 1675
2628 280
2629 4477
2630 4555
2631 4479
2632 4525
2633 4515
2634 1081
2635 1607
2636 1497
2637 4477
2638 4591
2639 4477
2640 4612
2641 3638
2642 4031
2643 4029
2644 1236
2645 1607
2646 1704
2647 242
2648 1610
2649 1675
2650 1511
2651 1541
2652 2514
2653 2738
2654 2827
2655 2966
2656 1607
2657 367
2658 4285
2659 242
2660 242
2661 1081
2662 1675
2663 1572
2664 1511
2665 1541
2666 1711
2667 1541
2668 1572
2669 1610
2670 1572
2671 1733
2672 296
2673 296
2674 4417
2675 4479
2676 4285
2677 4605
2678 1726
2679 489
2680 4377
2681 4349
2682 4285
2683 4322
2684 2398
2685 2398
2686 1418
2687 2398
2688 2398
2689 2072
2690 1840
2691 1840
2692 1840
2693 1840
2694 1738
2695 4531
2696 4531
2697 490
2698 4335
2699 934
2700 4430
2701 3049
2702 3049
2703 3049
2704 2841
2705 3399
2706 2854
2707 3550
2708 3402
2709 3402
2710 2841
2711 3282
2712 1216
2713 1217
2714 1217
2715 3053
2716 3463
2717 521
2718 3017
2719 2043
2720 4935
2721 4029
2722 4337
2723 4283
2724 4335
2725 2072
2726 1418
2727 1418
2728 1418
2729 1418
2730 4935
2731 4325
2732 4398
2733 242
2734 4605
2735 242
2736 242
2737 4530
2738 4605
2739 1497
2740 4555
2741 3737
2742 4939
2743 2972
2744 2972
2745 3577
2746 2857
2747 3214
2748 1621
2749 1752
2750 1752
2751 1610
2752 1572
2753 4933
2754 4605
2755 489
2756 1610
2757 1657
2758 1657
2759 1657
2760 2746
2761 2854
2762 1217
2763 2747
2764 545
2765 2053
2766 2746
2767 2854
2768 3186
2769 2969
2770 3130
2771 2746
2772 3130
2773 3400
2774 3053
2775 3164
2776 2873
2777 3174
2778 2819
2779 3302
2780 3301
2781 3035
2782 2819
2783 4422
2784 3214
2785 3654
2786 3794
2787 3068
2788 3845
2789 4605
2790 267
2791 1752
2792 1604
2793 1704
2794 2673
2795 3004
2796 2746
2797 3130
2798 4531
2799 2841
2800 1691
2801 242
2802 1478
2803 4883
2804 923
2805 1706
2806 1706
2807 1657
2808 3131
2809 3372
2810 3400
2811 3402
2812 2943
2813 3060
2814 3061
2815 2943
2816 2929
2817 2944
2818 2929
2819 3400
2820 2053
2821 4657
2822 4582
2823 2746
2824 4531
2825 2829
2826 3822
2827 3936
2828 3936
2829 4935
2830 4939
2831 242
2832 1572
2833 1855
2834 1706
2835 1216
2836 2854
2837 4700
2838 3056
2839 3936
2840 4933
2841 238
2842 1604
2843 298
2844 296
2845 2527
2846 2161
2847 275
2848 4430
2849 1604
2850 1706
2851 1764
2852 4657
2853 4657
2854 4657
2855 4657
2856 2746
2857 4029
2858 4322
2859 1497
2860 1114
2861 1081
2862 1706
2863 296
2864 296
2865 4657
2866 4531
2867 4531
2868 4531
2869 2528
2870 1656
2871 4530
2872 4883
2873 2854
2874 3550
2875 4531
2876 4531
2877 4531
2878 934
2879 4883
2880 3354
2881 2161
2882 520
2883 1691
2884 3354
2885 3550
2886 3401
2887 2873
2888 2943
2889 4477
2890 4933
2891 2983
2892 4555
2893 3400
2894 2929
2895 3737
2896 4029
2897 1652
2898 4423
2899 235
2900 4466
2901 4466
2902 235
2903 500
2904 1497
2905 4531
2906 1855
2907 4657
2908 4657
2909 4657
2910 4531
2911 4532
2912 4430
2913 4605
2914 1081
2915 286
2916 1706
2917 4517
2918 3550
2919 3400
2920 3372
2921 1216
2922 2854
2923 4599
2924 490
2925 1604
2926 1706
2927 4657
2928 4612
2929 4531
2930 4531
2931 4531
2932 4566
2933 4566
2934 4530
2935 4883
2936 4520
2937 4477
2938 4582
2939 4520
2940 4599
2941 2039
2942 3166
2943 4582
2944 1687
2945 235
2946 4657
2947 2873
2948 3174
2949 3174
2950 3053
2951 2854
2952 4322
2953 4325
2954 4029
2955 2972
2956 1604
2957 4132
2958 4279
2959 4591
2960 2873
2961 3301
2962 4600
2963 2746
2964 4531
2965 4531
2966 1604
2967 4531
2968 4657
2969 4517
2970 4517
2971 4466
2972 4466
2973 4531
2974 3174
2975 3166
2976 2815
2977 4032
2978 4328
2979 4283
2980 4605
2981 1604
2982 296
2983 4517
2984 2943
2985 4612
2986 4466
2987 4466
2988 4466
2989 2972
2990 1652
2991 1652
2992 1652
2993 3028
2994 3794
2995 2404
2996 4531
2997 4883
2998 296
2999 4517
3000 4582
3001 4555
3002 4517
3003 3017
3004 1571
3005 4582
3006 4599
3007 2943
3008 2972
3009 1571
3010 1586
3011 1706
3012 1752
3013 1726
3014 1706
3015 1706
3016 1726
3017 1726
3018 1706
3019 1706
3020 1706
3021 1620
3022 1706
3023 4520
3024 2943
3025 2944
3026 4517
3027 4517
3028 4605
3029 4566
3030 4531
3031 4531
3032 4531
3033 3654
3034 4605
3035 525
3036 525
3037 525
3038 3577
3039 2404
3040 3654
3041 1929
3042 1726
3043 4517
3044 4566
3045 4398
3046 4329
3047 4285
3048 4599
3049 3053
3050 4555
3051 3441
3052 3164
3053 3061
3054 3400
3055 2854
3056 3077
3057 3473
3058 1656
3059 4883
3060 3038
3061 1497
3062 3400
3063 3036
3064 4531
3065 4605
3066 4531
3067 489
3068 418
3069 4416
3070 418
3071 4416
3072 4380
3073 4031
3074 418
3075 4416
3076 4281
3077 4407
3078 1533
3079 4531
3080 4657
3081 1705
3082 235
3083 235
3084 4466
3085 4599
3086 4517
3087 2943
3088 3301
3089 3301
3090 2943
3091 4657
3092 3036
3093 3060
3094 3086
3095 3534
3096 3749
3097 3752
3098 3314
3099 4168
3100 4214
3101 4214
3102 4166
3103 4168
3104 4305
3105 3314
3106 2815
3107 2043
3108 1511
3109 1511
3110 741
3111 4599
3112 4599
3113 4530
3114 4599
3115 4532
3116 4530
3117 4530
3118 4599
3119 3060
3120 4555
3121 4517
3122 4657
3123 2819
3124 3942
3125 3748
3126 3313
3127 4168
3128 3210
3129 3503
3130 4160
3131 3978
3132 3497
3133 4011
3134 3282
3135 3168
3136 1236
3137 1610
3138 1572
3139 1514
3140 1541
3141 1541
3142 1652
3143 3446
3144 3550
3145 4530
3146 4599
3147 4599
3148 4532
3149 4657
3150 4341
3151 923
3152 1610
3153 4466
3154 4612
3155 4530
3156 3737
3157 2043
3158 1726
3159 1610
3160 1610
3161 1610
3162 1533
3163 4530
3164 1533
3165 1610
3166 4466
3167 4530
3168 3062
3169 4531
3170 4422
3171 4525
3172 4525
3173 4525
3174 3576
3175 3086
3176 3303
3177 3621
3178 3749
3179 3942
3180 4006
3181 3960
3182 3303
3183 4417
3184 4605
3185 3952
3186 1752
3187 4605
3188 4605
3189 2819
3190 4531
3191 3301
3192 4479
3193 3400
3194 3473
3195 4406
3196 1726
3197 1610
3198 4605
3199 4605
3200 4605
3201 4605
3202 4605
3203 4517
3204 4566
3205 4517
3206 4426
3207 1652
3208 1541
3209 1762
3210 3921
3211 1726
3212 4566
3213 3060
3214 4531
3215 4531
3216 521
3217 1752
3218 2161
3219 4531
3220 4605
3221 4531
3222 4605
3223 4531
3224 3086
3225 3301
3226 3062
3227 3303
3228 3621
3229 3394
3230 3314
3231 3752
3232 4300
3233 3210
3234 3503
3235 3960
3236 3304
3237 3486
3238 3794
3239 2828
3240 3829
3241 1236
3242 525
3243 1855
3244 1706
3245 1557
3246 4566
3247 4605
3248 4605
3249 4566
3250 4531
3251 3303
3252 2804
3253 3168
3254 1533
3255 4531
3256 4531
3257 4531
3258 4531
3259 4532
3260 4531
3261 4531
3262 4566
3263 4531
3264 4525
3265 4517
3266 4933
3267 2527
3268 525
3269 2873
3270 4605
3271 4517
3272 4531
3273 4531
3274 4517
3275 3535
3276 3303
3277 4081
3278 3303
3279 4525
3280 3654
3281 520
3282 3066
3283 422
3284 1572
3285 1511
3286 2873
3287 4531
3288 4531
3289 4531
3290 3303
3291 3486
3292 4883
3293 3409
3294 3316
3295 4082
3296 3936
3297 4377
3298 1511
3299 4531
3300 2967
3301 3829
3302 4029
3303 1571
3304 4466
3305 3621
3306 3402
3307 3550
3308 418
3309 418
3310 1572
3311 1572
3312 4424
3313 4517
3314 3752
3315 3829
3316 1514
3317 4466
3318 4376
3319 4466
3320 4466
3321 4517
3322 3303
3323 3394
3324 3752
3325 3752
3326 4011
3327 3210
3328 3503
3329 3802
3330 4114
3331 3241
3332 4036
3333 3534
3334 3749
3335 3534
3336 4011
3337 4149
3338 4168
3339 3314
3340 3313
3341 3313
3342 4382
3343 3400
3344 1217
3345 4377
3346 3412
3347 3372
3348 1762
3349 2943
3350 3036
3351 2877
3352 2944
3353 3535
3354 3622
3355 3314
3356 3060
3357 3313
3358 3164
3359 3308
3360 3943
3361 4082
3362 1610
3363 1587
3364 4466
3365 4466
3366 4466
3367 4300
3368 4466
3369 3486
3370 4029
3371 1752
3372 1541
3373 2819
3374 4251
3375 3497
3376 4214
3377 4300
3378 3166
3379 3066
3380 1541
3381 3654
3382 3829
3383 4287
3384 4466
3385 3943
3386 3654
3387 4132
3388 4466
3389 4466
3390 3313
3391 3749
3392 3386
3393 3210
3394 2072
3395 3473
3396 3402
3397 3587
3398 2929
3399 2048
3400 2592
3401 3752
3402 4006
3403 4168
3404 3313
3405 2873
3406 1610
3407 1647
3408 1647
3409 2882
3410 3301
3411 3752
3412 3804
3413 520
3414 1514
3415 3086
3416 3748
3417 3943
3418 3168
3419 4024
3420 3062
3421 2967
3422 423
3423 4279
3424 3621
3425 3960
3426 2829
3427 1651
3428 3314
3429 3168
3430 3412
3431 1647
3432 4024
3433 3314
3434 4933
3435 4214
3436 3794
3437 3922
3438 520
3439 418
3440 3921
3441 4466
3442 3654
3443 3482
3444 3550
3445 1541
3446 3969
3447 4525
3448 4466
3449 3978
3450 4283
3451 1418
3452 1418
3453 2072
3454 1418
3455 1418
3456 1840
3457 1840
3458 2028
3459 4317
3460 2943
3461 3969
3462 3936
3463 3241
3464 3926
3465 4255
3466 3801
3467 4080
3468 3825
3469 3711
3470 4208
3471 4147
3472 4147
3473 4147
3474 4147
3475 4147
3476 4147
3477 4147
3478 4147
3479 4147
3480 4147
3481 4114
3482 3802
3483 4246
3484 3654
3485 4315
3486 4182
3487 4181
3488 4182
3489 4182
3490 4182
3491 4315
3492 3668
3493 3906
3494 3906
3495 3668
3496 3668
3497 3894
3498 4402
3499 4386
3500 4055
3501 4063
3502 4165
3503 4181
3504 4182
3505 4182
3506 4315
3507 4182
3508 4315
3509 3668
3510 3909
3511 3906
3512 4169
3513 3802
3514 3959
3515 3741
3516 4182
3517 3668
3518 3976
3519 4208
3520 4157
3521 3901
3522 3894
3523 4311
3524 4311
3525 3894
3526 4319
3527 3894
3528 4311
3529 4311
3530 4311
3531 4181
3532 4182
3533 4182
3534 4182
3535 4182
3536 4315
3537 4406
3538 4315
3539 2517
3540 4279
3541 4416
3542 3062
3543 2819
3544 4466
3545 3210
3546 4160
3547 3241
3548 3926
3549 4114
3550 2815
3551 4114
3552 4160
3553 3926
3554 4182
3555 3210
3556 4283
3557 4298
3558 4336
3559 3668
3560 3801
3561 3802
3562 4246
3563 3289
3564 2966
3565 4214
3566 4933
3567 3621
3568 3309
3569 2929
3570 3668
3571 3909
3572 3909
3573 4082
3574 2819
3575 3303
3576 3062
3577 4933
3578 3164
3579 4315
3580 4182
3581 4255
3582 4283
3583 3588
3584 4287
3585 3452
3586 3178
3587 3909
3588 4169
3589 3668
3590 3668
3591 3372
3592 3400
3593 3621
3594 3604
3595 3969
3596 3969
3597 2804
3598 3241
3599 3926
3600 3926
3601 3959
3602 3668
3603 3909
3604 3906
3605 3906
3606 520
3607 4372
3608 4279
3609 4158
3610 3936
3611 4247
3612 3741
3613 4169
3614 4114
3615 4114
3616 3060
3617 3062
3618 3062
3619 3196
3620 2815
3621 3906
3622 3909
3623 4182
3624 3737
3625 3068
3626 1417
3627 3801
3628 4300
3629 2398
3630 2072
3631 1840
3632 423
3633 3035
3634 3668
3635 3906
3636 3959
3637 4169
3638 1691
3639 4298
3640 4279
3641 4029
3642 4283
3643 3968
3644 3313
3645 3969
3646 1418
3647 4255
3648 4169
3649 3168
3650 3077
3651 3550
3652 3587
3653 3053
3654 3400
3655 4280
3656 3936
3657 3575
3658 4029
3659 3503
3660 3482
3661 3906
3662 3801
3663 4287
3664 4933
3665 4182
3666 4181
3667 4110
3668 4006
3669 1691
3670 3802
3671 4377
3672 4372
3673 3952
3674 3501
3675 3028
3676 3668
3677 3125
3678 2857
3679 4287
3680 3503
3681 4214
3682 3213
3683 3302
3684 3304
3685 3301
3686 3409
3687 3604
3688 1691
3689 3168
3690 1840
3691 4182
3692 4182
3693 4182
3694 4182
3695 4182
3696 4182
3697 4182
3698 4182
3699 4181
3700 4181
3701 4181
3702 4181
3703 3894
3704 4401
3705 4402
3706 4352
3707 4256
3708 4165
3709 3668
3710 4182
3711 4319
3712 3898
3713 4319
3714 4390
3715 4362
3716 4182
3717 4157
3718 4208
3719 4087
3720 4085
3721 3825
3722 3814
3723 4247
3724 3906
3725 3801
3726 3801
3727 3959
3728 3959
3729 3801
3730 3909
3731 3668
3732 4182
3733 3372
3734 1653
3735 2738
3736 4284
3737 4284
3738 4322
3739 4322
3740 4322
3741 4349
3742 3973
3743 3936
3744 3926
3745 4160
3746 3984
3747 3093
3748 4525
3749 2002
3750 3463
3751 3501
3752 3400
3753 423
3754 418
3755 4380
3756 4380
3757 4031
3758 4322
3759 4322
3760 4322
3761 4328
3762 3314
3763 4315
3764 3909
3765 3976
3766 3960
3767 1418
3768 2398
3769 2398
3770 2072
3771 4082
3772 3168
3773 4247
3774 3053
3775 4419
3776 4380
3777 4031
3778 4031
3779 3922
3780 4029
3781 4029
3782 4255
3783 3802
3784 4114
3785 3668
3786 423
3787 4466
3788 418
3789 3622
3790 4416
3791 4281
3792 4404
3793 418
3794 4380
3795 4031
3796 4322
3797 4031
3798 4322
3799 4031
3800 4404
3801 4404
3802 4404
3803 4416
3804 4281
3805 4398
3806 4419
3807 4517
3808 3669
3809 4219
3810 4149
3811 3497
3812 2873
3813 4166
3814 3752
3815 4182
3816 4280
3817 4404
3818 3387
3819 3214
3820 1840
3821 4517
3822 2002
3823 1840
3824 4247
3825 3501
3826 3959
3827 3062
3828 4466
3829 418
3830 3534
3831 3668
3832 4284
3833 4466
3834 3166
3835 4407
3836 4416
3837 4416
3838 4149
3839 4251
3840 3575
3841 3400
3842 3402
3843 3314
3844 3943
3845 3438
3846 4182
3847 4182
3848 4182
3849 3301
3850 3035
3851 2873
3852 3196
3853 4416
3854 4311
3855 4311
3856 4362
3857 4182
3858 4182
3859 3940
3860 4322
3861 4367
3862 4284
3863 4322
3864 2398
3865 2398
3866 2398
3867 2398
3868 2398
3869 2398
3870 2398
3871 2398
3872 1418
3873 1418
3874 2072
3875 1417
3876 2072
3877 1432
3878 1084
3879 4442
3880 1570
3881 1432
3882 4366
3883 4366
3884 4214
3885 4367
3886 4322
3887 2072
3888 3741
3889 3301
3890 4147
3891 4147
3892 4147
3893 4147
3894 4147
3895 4386
3896 4397
3897 4353
3898 4397
3899 4147
3900 4147
3901 4147
3902 4147
3903 3674
3904 4055
3905 4055
3906 4386
3907 4147
3908 4147
3909 4147
3910 4147
3911 4147
3912 4147
3913 4055
3914 4129
3915 3674
3916 4147
3917 4147
3918 4147
3919 4147
3920 4147
3921 4147
3922 4147
3923 4147
3924 4147
3925 4147
3926 4147
3927 4147
3928 4147
3929 4147
3930 4147
3931 4147
3932 4147
3933 4147
3934 3674
3935 4354
3936 3898
3937 4362
3938 4319
3939 4181
3940 4181
3941 4147
3942 4322
3943 3957
3944 3303
3945 3926
3946 3909
3947 4147
3948 4147
3949 4147
3950 4147
3951 4147
3952 4147
3953 4147
3954 4147
3955 4147
3956 4147
3957 4147
3958 4147
3959 3680
3960 4147
3961 4147
3962 4281
3963 4110
3964 3394
3965 3486
3966 1840
3967 4911
3968 4147
3969 4208
3970 4147
3971 4147
3972 4147
3973 4147
3974 4147
3975 4147
3976 4147
3977 4147
3978 4147
3979 2815
3980 2944
3981 3303
3982 3926
3983 1840
3984 1738
3985 1840
3986 4182
3987 4182
3988 4315
3989 4147
3990 4147
3991 4147
3992 4147
3993 4147
3994 4911
3995 4147
3996 4147
3997 4147
3998 4147
3999 4147
4000 4147
4001 4147
4002 4147
4003 4147
4004 2877
4005 4466
4006 3438
4007 4322
4008 3301
4009 3401
4010 3402
4011 4255
4012 4169
4013 4147
4014 3062
4015 3196
4016 3060
4017 1418
4018 3942
4019 4147
4020 4147
4021 4147
4022 3621
4023 3752
4024 3943
4025 3314
4026 4911
4027 4525
4028 1691
4029 2072
4030 2398
4031 4287
4032 3301
4033 3503
4034 2072
4035 4246
4036 4181
4037 4181
4038 4182
4039 4182
4040 4315
4041 4182
4042 4182
4043 4078
4044 3314
4045 4305
4046 3752
4047 3802
4048 3643
4049 2991
4050 3503
4051 3926
4052 3210
4053 4108
4054 4281
4055 4281
4056 3062
4057 3036
4058 3196
4059 3303
4060 3940
4061 3814
4062 3035
4063 2943
4064 3621
4065 3621
4066 2398
4067 2398
4068 2072
4069 2072
4070 1417
4071 2072
4072 2072
4073 1840
4074 3254
4075 2072
4076 2398
4077 2072
4078 4149
4079 3906
4080 4147
4081 4911
4082 4911
4083 4147
4084 4147
4085 4419
4086 3301
4087 3438
4088 2819
4089 4080
4090 2873
4091 2398
4092 3400
4093 1840
4094 2404
4095 2943
4096 3409
4097 2028
4098 4246
4099 3926
4100 4214
4101 4182
4102 4182
4103 3401
4104 3587
4105 3825
4106 3622
4107 3060
4108 3301
4109 4517
4110 3741
4111 4214
4112 3550
4113 3802
4114 2072
4115 3909
4116 3906
4117 4315
4118 3909
4119 524
4120 3587
4121 4114
4122 3588
4123 1738
4124 1875
4125 1840
4126 3926
4127 4208
4128 3587
4129 4525
4130 1840
4131 1538
4132 1538
4133 3801
4134 3801
4135 4255
4136 3926
4137 3802
4138 4186
4139 4182
4140 4147
4141 3604
4142 4211
4143 4011
4144 3394
4145 3501
4146 3310
4147 3503
4148 4182
4149 3400
4150 4214
4151 3241
4152 4211
4153 3748
4154 3906
4155 4147
4156 4147
4157 4147
4158 4147
4159 4040
4160 3534
4161 3463
4162 3210
4163 3668
4164 4249
4165 4182
4166 3894
4167 4181
4168 4287
4169 3622
4170 3313
4171 3313
4172 4281
4173 4382
4174 2028
4175 1084
4176 4375
4177 2072
4178 4398
4179 4398
4180 4398
4181 2072
4182 1875
4183 1553
4184 1084
4185 4441
4186 4636
4187 4772
4188 3556
4189 3507
4190 3550
4191 3534
4192 3909
4193 2002
4194 4182
4195 4182
4196 4147
4197 4147
4198 4147
4199 2002
4200 3587
4201 3752
4202 3906
4203 4181
4204 4181
4205 4147
4206 4417
4207 3310
4208 4147
4209 4147
4210 4208
4211 4147
4212 4147
4213 3976
4214 2002
4215 4147
4216 4147
4217 4147
4218 3668
4219 1538
4220 4147
4221 4181
4222 4125
4223 4389
4224 1738
4225 1432
4226 1781
4227 1084
4228 1432
4229 1840
4230 2072
4231 1840
4232 1840
4233 1417
4234 1840
4235 2072
4236 1417
4237 1417
4238 1840
4239 2398
4240 2072
4241 2028
4242 1553
4243 1382
4244 4441
4245 4442
4246 3384
4247 4180
4248 1817
4249 1738
4250 1553
4251 1570
4252 1738
4253 1759
4254 1553
4255 1781
4256 1570
4257 4311
4258 1432
4259 4147
4260 4147
4261 1382
4262 3757
4263 1432
4264 1840
4265 4147
4266 4147
4267 2002
4268 4311
4269 4147
4270 4147
4271 4147
4272 4147
4273 4147
4274 4147
4275 4397
4276 1570
4277 1382
4278 4147
4279 1417
4280 1084
4281 1817
4282 2134
4283 4147
4284 4147
4285 4147
4286 4147
4287 4147
4288 1382
4289 1817
4290 1570
4291 1817
4292 1432
4293 4441
4294 2028
4295 2028
4296 4147
4297 1553
4298 1570
4299 1382
4300 2028
4301 1612
4302 1875
4303 1875
4304 4129
4305 4147
4306 1759
4307 1612
4308 4147
4309 4147
4310 4147
4311 4147
4312 4147
4313 4147
4314 4147
4315 4147
4316 4147
4317 4147
4318 4147
4319 4147
4320 4129
4321 4129
4322 4147
4323 1570
4324 1570
4325 4147
4326 4147
4327 4147
4328 4147
4329 2028
4330 4440
4331 1553
4332 1759
4333 1759
4334 1553
4335 1382
4336 1759
4337 1084
4338 1612
4339 1817
4340 1382
4341 4631
4342 4142
4343 4440
4344 4441
4345 4142
4346 1832
4347 3384
4348 4098
4349 3757
4350 1553
4351 4441
4352 4441
4353 1612
4354 4738
4355 4738
4356 4500
4357 3591
4358 3592
4359 3592
4360 3608
4361 1325
4362 3608
4363 4692
4364 4778
4365 1325
4366 1312
4367 1312
4368 3636
4369 3944
4370 3986
4371 3569
4372 3569
4373 3569
4374 3569
4375 3569
4376 3569
4377 3569
4378 3569
4379 3569
4380 3569
4381 3868
4382 3868
4383 3868
4384 3868
4385 3868
4386 3868
4387 3868
4388 3782
4389 3384
4390 4098
4391 3592
4392 3592
4393 4231
4394 3507
4395 3494
4396 4636
4397 1817
4398 4738
4399 1612
4400 4201
4401 4201
4402 4738
4403 4500
4404 3494
4405 3580
4406 3530
4407 3602
4408 4738
4409 4738
4410 4738
4411 3757
4412 3494
4413 4500
4414 4142
4415 3494
4416 4631
4417 4631
4418 4500
4419 3782
4420 4231
4421 3615
4422 3602
4423 3592
4424 3592
4425 3592
4426 1312
4427 1312
4428 1312
4429 3569
4430 3986
4431 3986
4432 3569
4433 3569
4434 3868
4435 3868
4436 3868
4437 3868
4438 3868
4439 3868
4440 3868
4441 3569
4442 3868
4443 3868
4444 3868
4445 3868
4446 3569
4447 3944
4448 4778
4449 4778
4450 4772
4451 4738
4452 3868
4453 3496
4454 4636
4455 3238
4456 3496
4457 3592
4458 1325
4459 3757
4460 4738
4461 3556
4462 3203
4463 3608
4464 1312
4465 3592
4466 4778
4467 3592
4468 3608
4469 4442
4470 3868
4471 3569
4472 3569
4473 3569
4474 3569
4475 3569
4476 3569
4477 3868
4478 3868
4479 3868
4480 3569
4481 3569
4482 3569
4483 3868
4484 3868
4485 3986
4486 3868
4487 3868
4488 3868
4489 3868
4490 3569
4491 3868
4492 3868
4493 3868
4494 3868
4495 4500
4496 3868
4497 3868
4498 3569
4499 3868
4500 3868
4501 3868
4502 3868
4503 3986
4504 3530
4505 3556
4506 3569
4507 3569
4508 3868
4509 3608
4510 3608
4511 4500
4512 3569
4513 3868
4514 3569
4515 3569
4516 3569
4517 3569
4518 3569
4519 4738
4520 4738
4521 4442
4522 3868
4523 3569
4524 3530
4525 3556
4526 3868
4527 3569
4528 3569
4529 3569
4530 3608
4531 3868
4532 3868
4533 3569
4534 3569
4535 3569
4536 3569
4537 3569
4538 3868
4539 3868
4540 3868
4541 3868
4542 3868
4543 1325
4544 3608
4545 4098
4546 3868
4547 3868
4548 3569
4549 3868
4550 3506
4551 3530
4552 4775
4553 1325
4554 3868
4555 3530
4556 3556
4557 4778
4558 4500
4559 3868
4560 3868
4561 3868
4562 3868
4563 3569
4564 3868
4565 3508
4566 3868
4567 3868
4568 3868
4569 3868
4570 3868
4571 4636
4572 1312
4573 3569
4574 3868
4575 4098
4576 4500
4577 3868
4578 3868
4579 3868
4580 3986
4581 3986
4582 3569
4583 1325
4584 1313
4585 4500
4586 3608
4587 1312
4588 1312
4589 3384
4590 4636
4591 3569
4592 3944
4593 3986
4594 3569
4595 4778
4596 3944
4597 4500
4598 3986
4599 3986
4600 3868
4601 3868
4602 4201
4603 3569
4604 3868
4605 3569
4606 3569
4607 3608
4608 3944
4609 1312
4610 3944
4611 3986
4612 3569
4613 4732
4614 3986
4615 3986
4616 3986
4617 3986
4618 3569
4619 3569
4620 1325
4621 3608
4622 1325
4623 3608
4624 4692
4625 3868
4626 3569
4627 3569
4628 3868
4629 3944
4630 3944
4631 4732
4632 3944
4633 3569
4634 4772
4635 4098
4636 3569
4637 3569
4638 3569
4639 3569
4640 3569
4641 3569
4642 3868
4643 3569
4644 3569
4645 3868
4646 3868
4647 3868
4648 3868
4649 3868
4650 4636
4651 3944
4652 3944
4653 3986
4654 3868
4655 3868
4656 1312
4657 4692
4658 4778
4659 4732
4660 4732
4661 3580
4662 4692
4663 3569
4664 3569
4665 3569
4666 3569
4667 3569
4668 3569
4669 3868
4670 3569
4671 3569
4672 4732
4673 3944
4674 3569
4675 3569
4676 3569
4677 3568
4678 3569
4679 4778
4680 4775
4681 3592
4682 4692
4683 3592
4684 3986
4685 3868
4686 3868
4687 3569
4688 3569
4689 3868
4690 3569
4691 3868
4692 3868
4693 3868
4694 3868
4695 4692
4696 4776
4697 3868
4698 3636
4699 3592
4700 3868
4701 3986
4702 3986
4703 3569
4704 3569
4705 3569
4706 1312
4707 3944
4708 3569
4709 3556
4710 4776
4711 4692
4712 1325
4713 3608
4714 3608
4715 3868
4716 3569
4717 4692
4718 3986
4719 3986
4720 4692
4721 4692
4722 3868
4723 3569
4724 3868
4725 4732
4726 4778
4727 4778
4728 4778
4729 3569
4730 4778
4731 3569
4732 3944
4733 3868
4734 3986
4735 3868
4736 3986
4737 3569
4738 3868
4739 3986
4740 3986
4741 3569
4742 3986
4743 3868
4744 303
4745 303
4746 4450
4747 303
4748 303
4749 303
4750 303
4751 303
4752 303
4753 303
4754 4641
4755 303
4756 303
4757 4676
4758 4570
4759 4570
4760 4570
4761 4570
4762 4821
4763 4821
4764 597
4765 601
4766 748
4767 748
4768 748
4769 748
4770 748
4771 4842
4772 702
4773 748
4774 748
4775 748
4776 597
4777 748
4778 748
4779 620
4780 773
4781 748
4782 4821
4783 599
4784 4821
4785 625
4786 599
4787 4821
4788 748
4789 748
4790 594
4791 597
4792 594
4793 597
4794 623
4795 4842
4796 702
4797 599
4798 738
4799 731
4800 697
4801 748
4802 697
4803 620
4804 620
4805 773
4806 4821
4807 625
4808 601
4809 748
4810 748
4811 692
4812 601
4813 597
4814 597
4815 671
4816 599
4817 748
4818 748
4819 773
4820 700
4821 4821
4822 4842
4823 603
4824 4821
4825 748
4826 599
4827 603
4828 4821
4829 748
4830 601
4831 597
4832 748
4833 4842
4834 748
4835 579
4836 4409
4837 4409
4838 725
4839 342
4840 492
4841 505
4842 725
4843 579
4844 802
4845 802
4846 583
4847 802
4848 579
4849 505
4850 579
4851 801
4852 4409
4853 4424
4854 4531
4855 4657
4856 4531
4857 4657
4858 4657
4859 4657
4860 4657
4861 4531
4862 2385
4863 1592
4864 1592
4865 1592
4866 2385
4867 1719
4868 1855
4869 2385
4870 1715
4871 2385
4872 2385
4873 1716
4874 4515
4875 1726
4876 4517
4877 4599
4878 4911
4879 4182
4880 4147
4881 4316
4882 4311
4883 3674
4884 4147
4885 4147
4886 4147
4887 4147
4888 4311
4889 4147
4890 4181
4891 4182
4892 4181
4893 4181
4894 4182
4895 4181
4896 4182
4897 4181
4898 4181
4899 4311
4900 4181
4901 3898
4902 4402
4903 4386
4904 4311
4905 4147
4906 4147
4907 4147
4908 4147
4909 4147
4910 4311
4911 4182
4912 4129
4913 4147
4914 4147
4915 4147
4916 4181
4917 4147
4918 4147
4919 1840
4920 2398
4921 2398
4922 4366
4923 2398
4924 2398
4925 4398
4926 4366
4927 2398
4928 4398
4929 4031
4930 4031
4931 4322
4932 2072
4933 1840
4934 1875
4935 2398
4936 4404
4937 4416
4938 4404
4939 4322
4940 4322
4941 4322
4942 4031
4943 4375
4944 4031
4945 4147
4946 4147
4947 3569
4948 3569
4949 3569
4950 3569
4951 3569
4952 3608
4953 3569
4954 3944
4955 3636
4956 3868
4957 3569
4958 3569
4959 3569
4960 3868
4961 3868
4962 3868
4963 3569
4964 4182
4965 4182
4966 739
4967 697
4968 620
4969 845
4970 845
4971 773
4972 700
4973 4842
4974 1657
4975 544
4976 2052
4977 2730
4978 1715
4979 1657
4980 2440
4981 2385
4982 2673
4983 2056
4984 1716
4985 2440
4986 2056
4987 2673
4988 2645
4989 2440
4990 2673
4991 2904
4992 2440
4993 2645
4994 2673
4995 2673
4996 2645
4997 3868
4998 3868
