0 1753
1 3119
2 479
3 516
4 1701
5 1701
6 1753
7 1701
8 1747
9 1682
10 1753
11 4246
12 1808
13 1808
14 1807
15 1815
16 1815
17 1841
18 1860
19 1859
20 1875
21 1910
22 1961
23 1942
24 2035
25 2067
26 2184
27 2236
28 2236
29 2279
30 3051
31 3051
32 3139
33 3276
34 2558
35 2541
36 2541
37 3047
38 3017
39 3017
40 2851
41 2678
42 2842
43 2842
44 2842
45 3276
46 3332
47 3404
48 3404
49 3404
50 3404
51 3404
52 3404
53 3404
54 3404
55 3404
56 3404
57 3440
58 3440
59 3471
60 3471
61 4093
62 4093
63 4093
64 4093
65 3471
66 4093
67 4093
68 4093
69 3471
70 4093
71 4093
72 4093
73 4093
74 4093
75 4093
76 4093
77 4093
78 4093
79 4093
80 4093
81 4093
82 4093
83 4093
84 4093
85 4093
86 4093
87 4093
88 4093
89 4093
90 4093
91 4093
92 4093
93 4093
94 4093
95 4093
96 4093
97 4093
98 3440
99 4052
100 4052
101 4052
102 4033
103 4052
104 4052
105 4033
106 4033
107 4052
108 4052
109 4052
110 4052
111 4033
112 4052
113 4052
114 4033
115 4033
116 4830
117 4052
118 4820
119 224
120 4820
121 4820
122 4830
123 4033
124 4052
125 4052
126 224
127 224
128 265
129 265
130 4791
131 4788
132 309
133 331
134 4791
135 4788
136 309
137 4791
138 4052
139 4820
140 4033
141 4820
142 4052
143 4033
144 4033
145 4052
146 4052
147 4052
148 4033
149 4052
150 224
151 4820
152 4788
153 4788
154 244
155 4791
156 265
157 4820
158 265
159 244
160 4033
161 4820
162 101
163 4788
164 244
165 224
166 4791
167 331
168 4791
169 326
170 309
171 331
172 373
173 4788
174 266
175 265
176 4033
177 4033
178 4033
179 4820
180 4033
181 4033
182 4768
183 244
184 4820
185 244
186 285
187 266
188 326
189 4052
190 4033
191 4033
192 4820
193 4820
194 4820
195 4033
196 4033
197 4033
198 4033
199 4768
200 4830
201 4033
202 4033
203 4033
204 4033
205 4033
206 4033
207 101
208 4820
209 4820
210 4820
211 4033
212 4791
213 265
214 265
215 244
216 4788
217 224
218 244
219 244
220 4820
221 265
222 265
223 4788
224 4033
225 101
226 4820
227 4768
228 224
229 265
230 244
231 4791
232 4788
233 244
234 331
235 370
236 326
237 373
238 1168
239 1168
240 1168
241 1125
242 1196
243 1125
244 1125
245 1226
246 1216
247 1226
248 1226
249 1216
250 4279
251 4279
252 4279
253 1233
254 4279
255 1196
256 1196
257 1168
258 1196
259 1125
260 1226
261 1125
262 1226
263 1216
264 1216
265 1253
266 1225
267 1233
268 1267
269 1290
270 1302
271 1283
272 1302
273 4264
274 1319
275 4663
276 1352
277 1437
278 4264
279 4657
280 1500
281 1541
282 1500
283 1352
284 4260
285 1437
286 1437
287 4659
288 1541
289 1583
290 1599
291 1722
292 1608
293 1641
294 1764
295 1283
296 1282
297 1281
298 1253
299 1298
300 1298
301 4875
302 1325
303 1263
304 1044
305 4875
306 1263
307 1263
308 1081
309 1263
310 1608
311 1541
312 1642
313 1681
314 1701
315 1608
316 1701
317 1701
318 1753
319 1753
320 1753
321 1701
322 1701
323 1701
324 1701
325 1681
326 1642
327 1670
328 1701
329 1753
330 1753
331 1681
332 1701
333 1701
334 1701
335 1701
336 1701
337 1701
338 1608
339 1701
340 1753
341 1753
342 1753
343 1753
344 1753
345 1747
346 1753
347 1747
348 1747
349 1747
350 1753
351 1753
352 1747
353 1764
354 1742
355 1757
356 1747
357 1777
358 1747
359 1777
360 1777
361 1777
362 1777
363 1605
364 1778
365 4246
366 1778
367 1753
368 1747
369 1748
370 1747
371 1748
372 1777
373 1777
374 1753
375 1753
376 1747
377 1747
378 1748
379 1777
380 0
381 0
382 1813
383 1813
384 0
385 1777
386 1777
387 1785
388 1793
389 1793
390 1767
391 1813
392 1804
393 1598
394 1397
395 1793
396 1793
397 1767
398 1767
399 1767
400 1788
401 1827
402 1813
403 1827
404 1843
405 1843
406 1827
407 1827
408 1806
409 1843
410 1817
411 1841
412 1860
413 1860
414 1822
415 1822
416 1842
417 1860
418 1843
419 1841
420 1822
421 1822
422 1860
423 1842
424 1860
425 1842
426 1860
427 1860
428 1860
429 1788
430 1806
431 1817
432 1815
433 1841
434 1860
435 1860
436 1860
437 1859
438 1860
439 1875
440 1860
441 1860
442 1860
443 1860
444 1860
445 1875
446 1860
447 1860
448 1875
449 1875
450 1885
451 1875
452 1875
453 1885
454 1875
455 1875
456 1885
457 1885
458 1890
459 1898
460 1890
461 1885
462 1885
463 1885
464 1898
465 1890
466 1898
467 1898
468 1910
469 1890
470 1890
471 1898
472 1890
473 1898
474 1930
475 1910
476 1905
477 1996
478 1996
479 1910
480 1913
481 1943
482 1910
483 1905
484 1943
485 1910
486 1905
487 1943
488 1943
489 1943
490 1996
491 1996
492 1996
493 1986
494 1996
495 1996
496 2029
497 2028
498 2067
499 2019
500 2075
501 1996
502 2004
503 1996
504 2075
505 2051
506 2051
507 2075
508 2029
509 1996
510 2029
511 2051
512 2056
513 2056
514 2075
515 2075
516 2075
517 2086
518 2075
519 2086
520 2086
521 2062
522 2086
523 2086
524 2093
525 2086
526 2119
527 2110
528 2209
529 2080
530 2086
531 2086
532 2110
533 2086
534 2209
535 2110
536 4203
537 2086
538 2086
539 2110
540 2110
541 2110
542 2110
543 2110
544 2110
545 2110
546 2110
547 4203
548 4203
549 4203
550 4203
551 4203
552 2349
553 4202
554 4202
555 2349
556 2349
557 2361
558 2349
559 4202
560 2361
561 2208
562 2316
563 2430
564 2466
565 2409
566 2570
567 2631
568 2570
569 2532
570 2379
571 2339
572 2361
573 2421
574 2361
575 2388
576 2553
577 2421
578 2553
579 2110
580 2349
581 2361
582 2370
583 2361
584 2370
585 2361
586 2361
587 2361
588 2361
589 2361
590 2361
591 2421
592 2421
593 2421
594 2431
595 2361
596 2361
597 2361
598 2431
599 2361
600 2361
601 2361
602 4232
603 2398
604 2431
605 2220
606 2372
607 4231
608 2372
609 2372
610 2372
611 2398
612 2421
613 2372
614 2421
615 2381
616 2381
617 2381
618 2381
619 4621
620 4621
621 4621
622 2580
623 4621
624 4621
625 2381
626 2488
627 2434
628 4552
629 2580
630 2580
631 4552
632 2863
633 4635
634 4635
635 4629
636 2863
637 4552
638 2580
639 2863
640 4552
641 4552
642 2580
643 4552
644 2391
645 2391
646 4629
647 2489
648 2489
649 4629
650 3276
651 2809
652 2686
653 2686
654 2656
655 2631
656 2656
657 2656
658 2631
659 2656
660 2779
661 2809
662 2779
663 2779
664 4169
665 4169
666 2861
667 2532
668 2761
669 2646
670 2481
671 2646
672 2646
673 2761
674 4175
675 2646
676 4175
677 4175
678 3047
679 3047
680 3047
681 2975
682 2842
683 2851
684 2771
685 2842
686 2842
687 2842
688 2771
689 2842
690 2851
691 3051
692 3008
693 2851
694 3139
695 3120
696 2842
697 3047
698 2842
699 2771
700 4169
701 2861
702 2861
703 2771
704 2861
705 2851
706 2771
707 3002
708 2861
709 2771
710 2861
711 2481
712 2421
713 2421
714 2579
715 4175
716 4175
717 4175
718 2673
719 2421
720 2421
721 2562
722 2562
723 2562
724 4621
725 3276
726 3404
727 3201
728 3404
729 3332
730 3404
731 3404
732 3404
733 3404
734 3440
735 3404
736 3440
737 3440
738 3440
739 3440
740 3332
741 3008
742 3008
743 3008
744 3404
745 3201
746 3404
747 3404
748 3008
749 3404
750 3008
751 3082
752 2851
753 2975
754 3002
755 2946
756 3002
757 3002
758 3008
759 3047
760 3008
761 3107
762 3404
763 3350
764 3404
765 3350
766 3276
767 3276
768 3404
769 3276
770 3276
771 3440
772 4093
773 4093
774 3471
775 3404
776 3471
777 4093
778 4093
779 3404
780 3460
781 3404
782 3332
783 3276
784 3120
785 3120
786 3082
787 3201
788 3276
789 3139
790 3332
791 4621
792 4621
793 2580
794 4093
795 4093
796 4093
797 4093
798 4093
799 3471
800 4093
801 4093
802 4093
803 3460
804 3471
805 3404
806 3404
807 4093
808 4093
809 3460
810 3471
811 3404
812 3404
813 3404
814 3276
815 3332
816 4093
817 4093
818 3471
819 3440
820 3471
821 3404
822 3404
823 3404
824 3404
825 1541
826 1642
827 1608
828 1541
829 1500
830 1541
831 1500
832 1500
833 1701
834 1701
835 1701
836 1500
837 1437
838 1500
839 1753
840 1670
841 1748
842 1730
843 1692
844 1730
845 1393
846 1759
847 1428
848 1543
849 1733
850 1733
851 1733
852 1829
853 1836
854 1836
855 1863
856 1855
857 1904
858 2026
859 2558
860 2769
861 2769
862 2769
863 2558
864 2771
865 2842
866 2771
867 2861
868 2861
869 2861
870 2946
871 2946
872 2893
873 2893
874 3002
875 3047
876 3047
877 3017
878 3047
879 3017
880 3139
881 3201
882 3276
883 3332
884 3332
885 3404
886 3332
887 3340
888 3404
889 4321
890 350
891 412
892 438
893 489
894 445
895 464
896 444
897 503
898 444
899 445
900 445
901 445
902 445
903 444
904 407
905 464
906 445
907 445
908 445
909 444
910 464
911 464
912 464
913 503
914 498
915 464
916 445
917 444
918 444
919 503
920 490
921 464
922 350
923 406
924 350
925 331
926 406
927 410
928 4321
929 420
930 406
931 406
932 392
933 350
934 331
935 340
936 315
937 315
938 331
939 373
940 350
941 373
942 406
943 392
944 340
945 373
946 406
947 340
948 373
949 392
950 4791
951 331
952 331
953 331
954 370
955 392
956 373
957 392
958 350
959 412
960 406
961 445
962 410
963 420
964 410
965 420
966 420
967 406
968 410
969 406
970 406
971 420
972 407
973 407
974 407
975 445
976 410
977 407
978 410
979 406
980 406
981 406
982 392
983 406
984 427
985 407
986 410
987 407
988 444
989 498
990 464
991 503
992 498
993 484
994 445
995 476
996 445
997 407
998 417
999 407
1000 407
1001 445
1002 460
1003 451
1004 445
1005 464
1006 4791
1007 4788
1008 4788
1009 4791
1010 315
1011 315
1012 4791
1013 4791
1014 4791
1015 4791
1016 331
1017 315
1018 4788
1019 4788
1020 4791
1021 4791
1022 331
1023 512
1024 510
1025 536
1026 528
1027 542
1028 578
1029 597
1030 593
1031 610
1032 511
1033 510
1034 510
1035 532
1036 551
1037 510
1038 511
1039 503
1040 551
1041 551
1042 575
1043 542
1044 578
1045 575
1046 528
1047 511
1048 575
1049 584
1050 584
1051 603
1052 572
1053 606
1054 586
1055 542
1056 595
1057 584
1058 445
1059 503
1060 466
1061 370
1062 519
1063 490
1064 427
1065 479
1066 551
1067 551
1068 542
1069 445
1070 412
1071 447
1072 438
1073 492
1074 563
1075 597
1076 563
1077 536
1078 593
1079 611
1080 610
1081 611
1082 510
1083 512
1084 512
1085 551
1086 523
1087 528
1088 575
1089 542
1090 488
1091 516
1092 523
1093 556
1094 578
1095 584
1096 611
1097 578
1098 536
1099 584
1100 572
1101 586
1102 581
1103 603
1104 536
1105 572
1106 621
1107 606
1108 617
1109 623
1110 657
1111 657
1112 606
1113 628
1114 643
1115 643
1116 613
1117 595
1118 581
1119 613
1120 606
1121 643
1122 617
1123 617
1124 628
1125 623
1126 657
1127 623
1128 657
1129 657
1130 657
1131 623
1132 623
1133 671
1134 623
1135 623
1136 634
1137 634
1138 628
1139 623
1140 623
1141 3291
1142 643
1143 606
1144 606
1145 628
1146 628
1147 601
1148 621
1149 606
1150 628
1151 643
1152 3227
1153 623
1154 623
1155 643
1156 623
1157 3227
1158 661
1159 3219
1160 3227
1161 3219
1162 3178
1163 3219
1164 3219
1165 4145
1166 671
1167 3219
1168 3219
1169 4145
1170 3219
1171 677
1172 671
1173 657
1174 677
1175 720
1176 4145
1177 4145
1178 3219
1179 4151
1180 4151
1181 3179
1182 4151
1183 726
1184 4151
1185 3227
1186 3219
1187 3219
1188 3219
1189 4145
1190 4145
1191 4151
1192 3219
1193 3178
1194 3178
1195 623
1196 3219
1197 3178
1198 3219
1199 3219
1200 3219
1201 3179
1202 4151
1203 3179
1204 4151
1205 4151
1206 4151
1207 933
1208 4151
1209 4151
1210 955
1211 4151
1212 906
1213 961
1214 961
1215 961
1216 4145
1217 769
1218 4151
1219 4151
1220 4151
1221 4151
1222 4151
1223 4151
1224 979
1225 4151
1226 4151
1227 776
1228 920
1229 4151
1230 4151
1231 4151
1232 4151
1233 4151
1234 4151
1235 4151
1236 4151
1237 4151
1238 4151
1239 4151
1240 4151
1241 3044
1242 4151
1243 4151
1244 4151
1245 3179
1246 782
1247 4151
1248 4151
1249 782
1250 4886
1251 782
1252 920
1253 998
1254 969
1255 998
1256 1057
1257 1057
1258 4676
1259 1090
1260 1116
1261 1116
1262 1145
1263 1168
1264 1145
1265 1116
1266 1048
1267 1145
1268 1168
1269 1090
1270 4676
1271 1028
1272 1028
1273 1011
1274 1098
1275 1116
1276 1145
1277 1098
1278 969
1279 969
1280 998
1281 4305
1282 999
1283 999
1284 999
1285 1033
1286 1057
1287 1073
1288 1057
1289 1073
1290 1057
1291 1057
1292 969
1293 920
1294 942
1295 855
1296 998
1297 998
1298 920
1299 942
1300 999
1301 961
1302 4305
1303 999
1304 4305
1305 1033
1306 1057
1307 979
1308 2995
1309 969
1310 969
1311 999
1312 998
1313 1033
1314 920
1315 969
1316 998
1317 1040
1318 1090
1319 1090
1320 1073
1321 1073
1322 1116
1323 4676
1324 1073
1325 1048
1326 1145
1327 1116
1328 4676
1329 1116
1330 1145
1331 4676
1332 1145
1333 1145
1334 926
1335 1028
1336 1028
1337 1028
1338 1028
1339 942
1340 1028
1341 926
1342 1028
1343 1098
1344 4676
1345 1028
1346 1028
1347 4676
1348 4676
1349 4677
1350 1073
1351 4676
1352 1116
1353 1057
1354 1057
1355 1033
1356 1073
1357 4676
1358 942
1359 855
1360 855
1361 848
1362 920
1363 942
1364 1145
1365 1168
1366 1168
1367 1168
1368 1196
1369 1125
1370 1196
1371 1125
1372 1226
1373 1226
1374 1196
1375 1196
1376 1125
1377 1226
1378 1196
1379 1125
1380 1072
1381 4675
1382 1116
1383 1072
1384 1167
1385 1098
1386 1125
1387 1196
1388 1196
1389 4675
1390 1215
1391 1226
1392 1226
1393 1216
1394 1125
1395 1226
1396 1226
1397 1216
1398 1254
1399 1216
1400 4279
1401 4279
1402 1267
1403 4279
1404 1254
1405 4279
1406 4281
1407 1215
1408 1215
1409 4281
1410 1215
1411 1215
1412 4281
1413 1253
1414 1253
1415 4281
1416 1168
1417 1168
1418 1116
1419 1196
1420 1125
1421 1196
1422 1145
1423 1196
1424 1098
1425 1098
1426 1167
1427 1167
1428 4676
1429 1116
1430 1098
1431 1167
1432 4675
1433 1167
1434 1144
1435 4675
1436 4675
1437 1196
1438 1145
1439 1254
1440 1125
1441 1215
1442 4281
1443 1253
1444 1253
1445 1253
1446 1253
1447 1215
1448 1215
1449 1215
1450 4281
1451 1196
1452 1253
1453 1253
1454 1253
1455 1253
1456 1319
1457 4663
1458 1319
1459 1290
1460 4674
1461 1319
1462 1290
1463 4663
1464 1233
1465 1302
1466 4260
1467 4663
1468 4260
1469 4663
1470 4663
1471 4257
1472 4264
1473 1283
1474 1233
1475 1267
1476 4674
1477 1233
1478 1216
1479 4279
1480 4279
1481 4663
1482 1216
1483 1253
1484 1300
1485 1253
1486 1253
1487 4937
1488 5110
1489 1225
1490 5149
1491 1253
1492 1330
1493 4659
1494 4659
1495 4657
1496 1320
1497 4659
1498 4657
1499 1273
1500 1330
1501 1320
1502 1320
1503 4659
1504 4659
1505 4659
1506 4261
1507 4657
1508 1500
1509 4657
1510 4657
1511 1437
1512 1437
1513 1500
1514 4660
1515 4659
1516 4659
1517 4657
1518 4657
1519 4657
1520 4660
1521 4657
1522 4657
1523 4660
1524 4657
1525 4659
1526 4657
1527 1426
1528 1426
1529 1426
1530 4660
1531 1500
1532 1500
1533 1500
1534 4264
1535 4261
1536 4657
1537 4666
1538 4657
1539 1412
1540 1437
1541 1555
1542 1298
1543 1500
1544 1582
1545 1281
1546 5110
1547 5145
1548 5093
1549 5126
1550 5126
1551 4904
1552 4963
1553 1213
1554 4875
1555 818
1556 4875
1557 4875
1558 4875
1559 4875
1560 1253
1561 1253
1562 5110
1563 4875
1564 5110
1565 4875
1566 1081
1567 4875
1568 1081
1569 1173
1570 1173
1571 5110
1572 5126
1573 5126
1574 5126
1575 1437
1576 1437
1577 1500
1578 1437
1579 1500
1580 1500
1581 1437
1582 1437
1583 1437
1584 1437
1585 1437
1586 1500
1587 1437
1588 1500
1589 1500
1590 1500
1591 1500
1592 1437
1593 1500
1594 1437
1595 1500
1596 1500
1597 1500
1598 1500
1599 1500
1600 1500
1601 1541
1602 1437
1603 1437
1604 1437
1605 1608
1606 1541
1607 1500
1608 1608
1609 1541
1610 1500
1611 1541
1612 1541
1613 1642
1614 1608
1615 1500
1616 1500
1617 1541
1618 1541
1619 1500
1620 1608
1621 1541
1622 1681
1623 1500
1624 1500
1625 1500
1626 1437
1627 1541
1628 1500
1629 1500
1630 1437
1631 1701
1632 1500
1633 1500
1634 1500
1635 1500
1636 1541
1637 1437
1638 1541
1639 1681
1640 1437
1641 1541
1642 1500
1643 1500
1644 1500
1645 1608
1646 1642
1647 1701
1648 1642
1649 1681
1650 1670
1651 1670
1652 1642
1653 1701
1654 1682
1655 1577
1656 1577
1657 1642
1658 1583
1659 1701
1660 1263
1661 1620
1662 1747
1663 1748
1664 1753
1665 1753
1666 1701
1667 1764
1668 1777
1669 1609
1670 1127
1671 1736
1672 1777
1673 1360
1674 4904
1675 1297
1676 1036
1677 5109
1678 5047
1679 1244
1680 1036
1681 1469
1682 1244
1683 1469
1684 1778
1685 1785
1686 1767
1687 1767
1688 1244
1689 1244
1690 1428
1691 1788
1692 1763
1693 1244
1694 1285
1695 1428
1696 1788
1697 1428
1698 1428
1699 1285
1700 1428
1701 1428
1702 1428
1703 1428
1704 1222
1705 1279
1706 1279
1707 1793
1708 1279
1709 1173
1710 4963
1711 1279
1712 1279
1713 1767
1714 1767
1715 1788
1716 1595
1717 1788
1718 1788
1719 1221
1720 1595
1721 1763
1722 1788
1723 1428
1724 1784
1725 1784
1726 1733
1727 1787
1728 1769
1729 1733
1730 1824
1731 1784
1732 1824
1733 1810
1734 1824
1735 1828
1736 1828
1737 1543
1738 1733
1739 1543
1740 1543
1741 1733
1742 1733
1743 1543
1744 1543
1745 1733
1746 1769
1747 1806
1748 1817
1749 1788
1750 1817
1751 1814
1752 1814
1753 1784
1754 1784
1755 1841
1756 1841
1757 1841
1758 1841
1759 1841
1760 1860
1761 1860
1762 1860
1763 1860
1764 1841
1765 1797
1766 1821
1767 1821
1768 1851
1769 1851
1770 1855
1771 1848
1772 1860
1773 1860
1774 1860
1775 1860
1776 1839
1777 1859
1778 1859
1779 1859
1780 1885
1781 1875
1782 1885
1783 1865
1784 1875
1785 1885
1786 1888
1787 1834
1788 1850
1789 1866
1790 1850
1791 1865
1792 1855
1793 1855
1794 1876
1795 1855
1796 1863
1797 1881
1798 1886
1799 1890
1800 1890
1801 1885
1802 1890
1803 1890
1804 1898
1805 1890
1806 1898
1807 1910
1808 1894
1809 1898
1810 1898
1811 1910
1812 1905
1813 1898
1814 1910
1815 1898
1816 1880
1817 1897
1818 1883
1819 1883
1820 1902
1821 1897
1822 1904
1823 1909
1824 1933
1825 1894
1826 1924
1827 1894
1828 1996
1829 1943
1830 1943
1831 1894
1832 1943
1833 1996
1834 1904
1835 2057
1836 2057
1837 1924
1838 2010
1839 2008
1840 1986
1841 2008
1842 2052
1843 2062
1844 1929
1845 1963
1846 1928
1847 1928
1848 1936
1849 2000
1850 2000
1851 2040
1852 2040
1853 2062
1854 2062
1855 2086
1856 2080
1857 2064
1858 2074
1859 2008
1860 2086
1861 2110
1862 2056
1863 2078
1864 2086
1865 2086
1866 2056
1867 2086
1868 2086
1869 2086
1870 2086
1871 2086
1872 2086
1873 2086
1874 2110
1875 2110
1876 2110
1877 1933
1878 1986
1879 2000
1880 2093
1881 2093
1882 2101
1883 2056
1884 2080
1885 2086
1886 2086
1887 2086
1888 2086
1889 2096
1890 2026
1891 2066
1892 2092
1893 2279
1894 2096
1895 2096
1896 2086
1897 2086
1898 2110
1899 2110
1900 2110
1901 2153
1902 2086
1903 2086
1904 2110
1905 4203
1906 2110
1907 2209
1908 4203
1909 4203
1910 2086
1911 2110
1912 2110
1913 2110
1914 2209
1915 2034
1916 2098
1917 2115
1918 2115
1919 2184
1920 2096
1921 2138
1922 2218
1923 2218
1924 2260
1925 2279
1926 2279
1927 2096
1928 2118
1929 2279
1930 2558
1931 2279
1932 2279
1933 2279
1934 2316
1935 4202
1936 2318
1937 2388
1938 2279
1939 2430
1940 2316
1941 2086
1942 2086
1943 2086
1944 2086
1945 2086
1946 2086
1947 2086
1948 2086
1949 2110
1950 4201
1951 2110
1952 4201
1953 2110
1954 4202
1955 2349
1956 2110
1957 4203
1958 2110
1959 4202
1960 4202
1961 4202
1962 4201
1963 4203
1964 4203
1965 2110
1966 4203
1967 4203
1968 4203
1969 4203
1970 4203
1971 4203
1972 4203
1973 4203
1974 4203
1975 4203
1976 4203
1977 4202
1978 4202
1979 2361
1980 2361
1981 2361
1982 4202
1983 4202
1984 4203
1985 4202
1986 2110
1987 4202
1988 4202
1989 4202
1990 4201
1991 4201
1992 4201
1993 2361
1994 2361
1995 4202
1996 4202
1997 4203
1998 4203
1999 2110
2000 2110
2001 4203
2002 2361
2003 4203
2004 4203
2005 2379
2006 2361
2007 2110
2008 2110
2009 2110
2010 2110
2011 2110
2012 2110
2013 2361
2014 2361
2015 2361
2016 2086
2017 2086
2018 2110
2019 2086
2020 4202
2021 4202
2022 2110
2023 2086
2024 2220
2025 2220
2026 4202
2027 4202
2028 4231
2029 2220
2030 2110
2031 2086
2032 2086
2033 2110
2034 4203
2035 4203
2036 2086
2037 2110
2038 2086
2039 2086
2040 2110
2041 2086
2042 2110
2043 2110
2044 2110
2045 4202
2046 4202
2047 4203
2048 2209
2049 2086
2050 2086
2051 2086
2052 2110
2053 2220
2054 4202
2055 2220
2056 2388
2057 4202
2058 2388
2059 4193
2060 4202
2061 4202
2062 2372
2063 2379
2064 2361
2065 2316
2066 4202
2067 2545
2068 2398
2069 2398
2070 4231
2071 2220
2072 2220
2073 4231
2074 2220
2075 2220
2076 2220
2077 2241
2078 4231
2079 4231
2080 2372
2081 2372
2082 2372
2083 2241
2084 2220
2085 2241
2086 4231
2087 2220
2088 2372
2089 2372
2090 2381
2091 2434
2092 4621
2093 2381
2094 4188
2095 4621
2096 2580
2097 2381
2098 4621
2099 2372
2100 2372
2101 2372
2102 2398
2103 2381
2104 2562
2105 2545
2106 4188
2107 4621
2108 4621
2109 4621
2110 2433
2111 2580
2112 2580
2113 2415
2114 2381
2115 2434
2116 2580
2117 4621
2118 2555
2119 2415
2120 2580
2121 2665
2122 2555
2123 2863
2124 4552
2125 2863
2126 2555
2127 2863
2128 2863
2129 2580
2130 2580
2131 2665
2132 2555
2133 2415
2134 2665
2135 4635
2136 4635
2137 4635
2138 4635
2139 4629
2140 4635
2141 4629
2142 4635
2143 2391
2144 2391
2145 2391
2146 2391
2147 4629
2148 2391
2149 2391
2150 2391
2151 4635
2152 4635
2153 2863
2154 2665
2155 2863
2156 4629
2157 2391
2158 2863
2159 4552
2160 2391
2161 2437
2162 2437
2163 2527
2164 2652
2165 2404
2166 2652
2167 2489
2168 2489
2169 2391
2170 2527
2171 2437
2172 2489
2173 2391
2174 2527
2175 2437
2176 2489
2177 2391
2178 2437
2179 2652
2180 2863
2181 2525
2182 2525
2183 2489
2184 4629
2185 2391
2186 2489
2187 2391
2188 2391
2189 2402
2190 2391
2191 2391
2192 2402
2193 2652
2194 2437
2195 2652
2196 2652
2197 2437
2198 2404
2199 2652
2200 2404
2201 2652
2202 4631
2203 2517
2204 2652
2205 4631
2206 2404
2207 4631
2208 2698
2209 2517
2210 2402
2211 2391
2212 2402
2213 2391
2214 2437
2215 2404
2216 2404
2217 2404
2218 4631
2219 2404
2220 4631
2221 2404
2222 2404
2223 4631
2224 2517
2225 2404
2226 2404
2227 2517
2228 2404
2229 2517
2230 2517
2231 2581
2232 2517
2233 2517
2234 2517
2235 2581
2236 2698
2237 2508
2238 2581
2239 2508
2240 2517
2241 2508
2242 2581
2243 2517
2244 2581
2245 2508
2246 2508
2247 2508
2248 2508
2249 2517
2250 2517
2251 2404
2252 2404
2253 2517
2254 2517
2255 2517
2256 2517
2257 2581
2258 2508
2259 2508
2260 2517
2261 2517
2262 2508
2263 2581
2264 2517
2265 2581
2266 2508
2267 2508
2268 2507
2269 2508
2270 2581
2271 2508
2272 2581
2273 2517
2274 2508
2275 2508
2276 2508
2277 2508
2278 2507
2279 2507
2280 2456
2281 2456
2282 2564
2283 2507
2284 2456
2285 2507
2286 2456
2287 2564
2288 2564
2289 2564
2290 2499
2291 2774
2292 2774
2293 2593
2294 2593
2295 2827
2296 2774
2297 2499
2298 2593
2299 2827
2300 2691
2301 2593
2302 2774
2303 2774
2304 2691
2305 2508
2306 2507
2307 2507
2308 2508
2309 2508
2310 2564
2311 2507
2312 2456
2313 2507
2314 2774
2315 2691
2316 2666
2317 2564
2318 2827
2319 2564
2320 2507
2321 2456
2322 2456
2323 2564
2324 2827
2325 2564
2326 2827
2327 2827
2328 2774
2329 2691
2330 2507
2331 2564
2332 2508
2333 2507
2334 2507
2335 2456
2336 2827
2337 2564
2338 2827
2339 3028
2340 2858
2341 2774
2342 3028
2343 3028
2344 3028
2345 3028
2346 3028
2347 3065
2348 3028
2349 3065
2350 3065
2351 3065
2352 3065
2353 3065
2354 3065
2355 3065
2356 3065
2357 3065
2358 3065
2359 3065
2360 3065
2361 2774
2362 2858
2363 2774
2364 3028
2365 2774
2366 2774
2367 2774
2368 2774
2369 2774
2370 2858
2371 2774
2372 2858
2373 3028
2374 3028
2375 3028
2376 3028
2377 3028
2378 3028
2379 3065
2380 3028
2381 2774
2382 2858
2383 3028
2384 3028
2385 3028
2386 3028
2387 3028
2388 3028
2389 2827
2390 2858
2391 2774
2392 2774
2393 3028
2394 3028
2395 3028
2396 3028
2397 3028
2398 3028
2399 3028
2400 3028
2401 2774
2402 2774
2403 2774
2404 2774
2405 3028
2406 3028
2407 3028
2408 3028
2409 3028
2410 3028
2411 3065
2412 3065
2413 3065
2414 3065
2415 3065
2416 3065
2417 3065
2418 3065
2419 3065
2420 3065
2421 3065
2422 3065
2423 3065
2424 3065
2425 3065
2426 3065
2427 3065
2428 3065
2429 3065
2430 3065
2431 3065
2432 3028
2433 3028
2434 3065
2435 3065
2436 3065
2437 3065
2438 3065
2439 3065
2440 3065
2441 3065
2442 3028
2443 3065
2444 3028
2445 3028
2446 3065
2447 3028
2448 2558
2449 2769
2450 2769
2451 2769
2452 2558
2453 2769
2454 2558
2455 2558
2456 2409
2457 2558
2458 2558
2459 2558
2460 2558
2461 2861
2462 2769
2463 2779
2464 4175
2465 4175
2466 4175
2467 2687
2468 2779
2469 2570
2470 2570
2471 2532
2472 2687
2473 2779
2474 2842
2475 2771
2476 2771
2477 2861
2478 2861
2479 2771
2480 4169
2481 2769
2482 2861
2483 4175
2484 2861
2485 2861
2486 2861
2487 2861
2488 2946
2489 2861
2490 4169
2491 4175
2492 4175
2493 4175
2494 2687
2495 2646
2496 4175
2497 4175
2498 2646
2499 2673
2500 4175
2501 2466
2502 2646
2503 2513
2504 2532
2505 4186
2506 2673
2507 4621
2508 2562
2509 4621
2510 2673
2511 2562
2512 2657
2513 2673
2514 2673
2515 2657
2516 2673
2517 2673
2518 2673
2519 2561
2520 3002
2521 2861
2522 2946
2523 3002
2524 3002
2525 3047
2526 3002
2527 3002
2528 3047
2529 3002
2530 3047
2531 3047
2532 3051
2533 3017
2534 3139
2535 3201
2536 3139
2537 3120
2538 3107
2539 3107
2540 3201
2541 3276
2542 3139
2543 3276
2544 3139
2545 3276
2546 3268
2547 3332
2548 3332
2549 3332
2550 3332
2551 2657
2552 2580
2553 2657
2554 2657
2555 2657
2556 2580
2557 2580
2558 2580
2559 2943
2560 2580
2561 2580
2562 2943
2563 4552
2564 4552
2565 4552
2566 4552
2567 2863
2568 4552
2569 2863
2570 2863
2571 2863
2572 2863
2573 4629
2574 2863
2575 2813
2576 2391
2577 2391
2578 2391
2579 2391
2580 2391
2581 2402
2582 2391
2583 2391
2584 2489
2585 2489
2586 2489
2587 2402
2588 2489
2589 2402
2590 2437
2591 2402
2592 2527
2593 2437
2594 2437
2595 2404
2596 2404
2597 3404
2598 3404
2599 3404
2600 4052
2601 4052
2602 4052
2603 4052
2604 4052
2605 4052
2606 4052
2607 4052
2608 4052
2609 4052
2610 4052
2611 4052
2612 4052
2613 4052
2614 4052
2615 4052
2616 4052
2617 4052
2618 4052
2619 4052
2620 4052
2621 4052
2622 4052
2623 4033
2624 4052
2625 4052
2626 4052
2627 4052
2628 4033
2629 4052
2630 4052
2631 4052
2632 4052
2633 4033
2634 4052
2635 4052
2636 4052
2637 4052
2638 4052
2639 4052
2640 4052
2641 4052
2642 4052
2643 4052
2644 4052
2645 4052
2646 4052
2647 4052
2648 4052
2649 4052
2650 4052
2651 4052
2652 4052
2653 4052
2654 4052
2655 4052
2656 4052
2657 4052
2658 4052
2659 4052
2660 4052
2661 4052
2662 4052
2663 4052
2664 4052
2665 4052
2666 4052
2667 4052
2668 4052
2669 4052
2670 4052
2671 4052
2672 4052
2673 4052
2674 4052
2675 4052
2676 4052
2677 4052
2678 4052
2679 4052
2680 4052
2681 4052
2682 4052
2683 4052
2684 4052
2685 4052
2686 4052
2687 4052
2688 4052
2689 4052
2690 1807
2691 1860
2692 1970
2693 2279
2694 3051
2695 2558
2696 3471
2697 4093
2698 4093
2699 4093
2700 4093
2701 4717
2702 4717
2703 4717
2704 4717
2705 4717
2706 4717
2707 4717
2708 4717
2709 4717
2710 4717
2711 4717
2712 4717
2713 4717
2714 4717
2715 4717
2716 4717
2717 4717
2718 4717
2719 4717
2720 4717
2721 4717
2722 4717
2723 4717
2724 4717
2725 4717
2726 4717
2727 4717
2728 4717
2729 4717
2730 4717
2731 4717
2732 84
2733 121
2734 162
2735 142
2736 183
2737 84
2738 128
2739 161
2740 161
2741 4717
2742 4717
2743 4717
2744 4717
2745 4717
2746 4717
2747 4717
2748 4717
2749 4717
2750 4717
2751 4717
2752 4337
2753 4717
2754 107
2755 128
2756 107
2757 128
2758 4717
2759 4717
2760 4717
2761 141
2762 4717
2763 4717
2764 4717
2765 84
2766 4717
2767 121
2768 121
2769 162
2770 121
2771 183
2772 162
2773 175
2774 210
2775 121
2776 162
2777 121
2778 4717
2779 4717
2780 4717
2781 4717
2782 4717
2783 4717
2784 4717
2785 4717
2786 4717
2787 162
2788 143
2789 162
2790 120
2791 4717
2792 4717
2793 4717
2794 4717
2795 4717
2796 4717
2797 4717
2798 4717
2799 4717
2800 4717
2801 4717
2802 4717
2803 4717
2804 4717
2805 4717
2806 4717
2807 4717
2808 4717
2809 4717
2810 4717
2811 120
2812 128
2813 128
2814 128
2815 128
2816 4717
2817 107
2818 120
2819 128
2820 107
2821 4717
2822 4717
2823 4717
2824 4717
2825 4717
2826 120
2827 161
2828 142
2829 142
2830 4717
2831 210
2832 210
2833 205
2834 183
2835 705
2836 705
2837 705
2838 4888
2839 4888
2840 5019
2841 4891
2842 4857
2843 4857
2844 836
2845 5066
2846 5066
2847 4973
2848 4973
2849 883
2850 815
2851 5021
2852 705
2853 4882
2854 705
2855 705
2856 825
2857 4857
2858 5139
2859 5132
2860 5091
2861 5021
2862 5124
2863 4880
2864 5132
2865 5021
2866 4974
2867 826
2868 4954
2869 4974
2870 4
2871 1187
2872 1235
2873 1187
2874 4954
2875 973
2876 1067
2877 1235
2878 1127
2879 1110
2880 1110
2881 5124
2882 4974
2883 820
2884 5095
2885 820
2886 872
2887 872
2888 4916
2889 1036
2890 1036
2891 1244
2892 1110
2893 1036
2894 1244
2895 1501
2896 1427
2897 1701
2898 1658
2899 1642
2900 1701
2901 1701
2902 4247
2903 1501
2904 1522
2905 1522
2906 1176
2907 1176
2908 1311
2909 1285
2910 1748
2911 4246
2912 1748
2913 1748
2914 1730
2915 1703
2916 1813
2917 1761
2918 1808
2919 1761
2920 1476
2921 1285
2922 1428
2923 1393
2924 1285
2925 1440
2926 1244
2927 1244
2928 1285
2929 1285
2930 1285
2931 1428
2932 1428
2933 1492
2934 1808
2935 1808
2936 1817
2937 1814
2938 1502
2939 1806
2940 1492
2941 1502
2942 1502
2943 1502
2944 1502
2945 1831
2946 1839
2947 1815
2948 1814
2949 1831
2950 1831
2951 1839
2952 1733
2953 1831
2954 1762
2955 1762
2956 1762
2957 1762
2958 1762
2959 1762
2960 1800
2961 1762
2962 1502
2963 1502
2964 1502
2965 1502
2966 1733
2967 1839
2968 1839
2969 1839
2970 1839
2971 1839
2972 1834
2973 1839
2974 1800
2975 1800
2976 1800
2977 1800
2978 1800
2979 1800
2980 1800
2981 1800
2982 1800
2983 1800
2984 1850
2985 1834
2986 1850
2987 1835
2988 1888
2989 1850
2990 1867
2991 1835
2992 1835
2993 1835
2994 1835
2995 1835
2996 1855
2997 1835
2998 1835
2999 1856
3000 1856
3001 1856
3002 1903
3003 1903
3004 1863
3005 1919
3006 1886
3007 1906
3008 1856
3009 1869
3010 1883
3011 1856
3012 1869
3013 1883
3014 1869
3015 1856
3016 1883
3017 1883
3018 1883
3019 1883
3020 1897
3021 1897
3022 1883
3023 1920
3024 1904
3025 1978
3026 2048
3027 1978
3028 2015
3029 1928
3030 2015
3031 1897
3032 1928
3033 1897
3034 1936
3035 1936
3036 1928
3037 2026
3038 1897
3039 1904
3040 1928
3041 1904
3042 1904
3043 2026
3044 1914
3045 1928
3046 1928
3047 2026
3048 1922
3049 1904
3050 1922
3051 2026
3052 2071
3053 2071
3054 2077
3055 2040
3056 2098
3057 2000
3058 2040
3059 2026
3060 2031
3061 2066
3062 2096
3063 2098
3064 2066
3065 2066
3066 2026
3067 2040
3068 2040
3069 2026
3070 2026
3071 2026
3072 2026
3073 2026
3074 2066
3075 2066
3076 2066
3077 2098
3078 2026
3079 2066
3080 2026
3081 2066
3082 2066
3083 2066
3084 2066
3085 2066
3086 2066
3087 2118
3088 2123
3089 2118
3090 2279
3091 2409
3092 2279
3093 2541
3094 2279
3095 2279
3096 2409
3097 2118
3098 2096
3099 2096
3100 2118
3101 2096
3102 2279
3103 2409
3104 2279
3105 2279
3106 2279
3107 2026
3108 2096
3109 2096
3110 2096
3111 2096
3112 2096
3113 2096
3114 2096
3115 2096
3116 2096
3117 2096
3118 2096
3119 2118
3120 2279
3121 2118
3122 2279
3123 2279
3124 2409
3125 2118
3126 2096
3127 2096
3128 2096
3129 2118
3130 2096
3131 2279
3132 2279
3133 2279
3134 2409
3135 2601
3136 2558
3137 2558
3138 2558
3139 2558
3140 2558
3141 2670
3142 2670
3143 2558
3144 2558
3145 2670
3146 2460
3147 2558
3148 2670
3149 2460
3150 2460
3151 2670
3152 2670
3153 2460
3154 2400
3155 2400
3156 4624
3157 4624
3158 4624
3159 2460
3160 2460
3161 2400
3162 2400
3163 2460
3164 2460
3165 2510
3166 4624
3167 2600
3168 4624
3169 2600
3170 4624
3171 2298
3172 4624
3173 2400
3174 3201
3175 2686
3176 2686
3177 2769
3178 2558
3179 2541
3180 2558
3181 2558
3182 2558
3183 2769
3184 2769
3185 2769
3186 2769
3187 2769
3188 2769
3189 2558
3190 2409
3191 2541
3192 2558
3193 2409
3194 2541
3195 2409
3196 2769
3197 2558
3198 2769
3199 2541
3200 2541
3201 2541
3202 2678
3203 3047
3204 2678
3205 2678
3206 2842
3207 2842
3208 2771
3209 2842
3210 2842
3211 2769
3212 2842
3213 2842
3214 3107
3215 3139
3216 3008
3217 2678
3218 3139
3219 2842
3220 2842
3221 2842
3222 2842
3223 2842
3224 2769
3225 2842
3226 2842
3227 2769
3228 2842
3229 2769
3230 2842
3231 2842
3232 2842
3233 2842
3234 2771
3235 2771
3236 2685
3237 2737
3238 2409
3239 2409
3240 2541
3241 2409
3242 2409
3243 2409
3244 2541
3245 2541
3246 2541
3247 2541
3248 2541
3249 2558
3250 2409
3251 2558
3252 2558
3253 2558
3254 2558
3255 2558
3256 3276
3257 3332
3258 3201
3259 3404
3260 3404
3261 3404
3262 3404
3263 3404
3264 3404
3265 3404
3266 3440
3267 3440
3268 3440
3269 3404
3270 3332
3271 3008
3272 3008
3273 2851
3274 3404
3275 3276
3276 3332
3277 3404
3278 3082
3279 3008
3280 3139
3281 3008
3282 3008
3283 3008
3284 2842
3285 2678
3286 2893
3287 2851
3288 2851
3289 2851
3290 3008
3291 2678
3292 3008
3293 3404
3294 3332
3295 3404
3296 3340
3297 3276
3298 3139
3299 3276
3300 3276
3301 3139
3302 3440
3303 4093
3304 3471
3305 4093
3306 3471
3307 4093
3308 4093
3309 3440
3310 3440
3311 4093
3312 3340
3313 3404
3314 3276
3315 3381
3316 3276
3317 3082
3318 3082
3319 3008
3320 3201
3321 3201
3322 3082
3323 3276
3324 2670
3325 2670
3326 2661
3327 4093
3328 4093
3329 4093
3330 4093
3331 4093
3332 3471
3333 3440
3334 3471
3335 4093
3336 4093
3337 3440
3338 3471
3339 3404
3340 3276
3341 3276
3342 3404
3343 4093
3344 3471
3345 4093
3346 3440
3347 3276
3348 3404
3349 3332
3350 3340
3351 3332
3352 3404
3353 3276
3354 4093
3355 4093
3356 4093
3357 3440
3358 3471
3359 3471
3360 3404
3361 3440
3362 3404
3363 3404
3364 3440
3365 3404
3366 3404
3367 3404
3368 1797
3369 1502
3370 1759
3371 1883
3372 2842
3373 3047
3374 3404
3375 3404
3376 205
3377 210
3378 205
3379 223
3380 287
3381 307
3382 4323
3383 287
3384 4323
3385 287
3386 247
3387 223
3388 239
3389 239
3390 4701
3391 4323
3392 4323
3393 4708
3394 4701
3395 4708
3396 4701
3397 4701
3398 247
3399 262
3400 287
3401 328
3402 301
3403 268
3404 246
3405 4694
3406 230
3407 4694
3408 4697
3409 4697
3410 183
3411 210
3412 210
3413 206
3414 161
3415 210
3416 210
3417 231
3418 227
3419 231
3420 218
3421 210
3422 218
3423 176
3424 161
3425 160
3426 161
3427 206
3428 189
3429 195
3430 218
3431 205
3432 210
3433 218
3434 210
3435 205
3436 206
3437 231
3438 210
3439 210
3440 214
3441 205
3442 214
3443 205
3444 200
3445 205
3446 214
3447 205
3448 307
3449 287
3450 239
3451 227
3452 231
3453 4708
3454 227
3455 218
3456 205
3457 4708
3458 4708
3459 4708
3460 4708
3461 166
3462 4701
3463 4708
3464 4701
3465 4708
3466 200
3467 205
3468 227
3469 200
3470 214
3471 4708
3472 4708
3473 230
3474 230
3475 4701
3476 246
3477 4697
3478 4694
3479 4687
3480 246
3481 4324
3482 4697
3483 4694
3484 4694
3485 4694
3486 287
3487 4686
3488 307
3489 4682
3490 4323
3491 4701
3492 214
3493 246
3494 246
3495 328
3496 307
3497 230
3498 246
3499 246
3500 128
3501 161
3502 128
3503 176
3504 176
3505 160
3506 161
3507 161
3508 206
3509 183
3510 128
3511 128
3512 161
3513 206
3514 206
3515 307
3516 328
3517 328
3518 322
3519 330
3520 330
3521 385
3522 371
3523 385
3524 385
3525 322
3526 330
3527 332
3528 332
3529 322
3530 4683
3531 332
3532 4686
3533 327
3534 330
3535 379
3536 364
3537 371
3538 343
3539 364
3540 313
3541 371
3542 371
3543 385
3544 385
3545 382
3546 379
3547 348
3548 400
3549 374
3550 4323
3551 307
3552 307
3553 4323
3554 205
3555 322
3556 287
3557 4323
3558 307
3559 330
3560 330
3561 322
3562 332
3563 330
3564 330
3565 287
3566 287
3567 328
3568 328
3569 332
3570 371
3571 365
3572 348
3573 379
3574 371
3575 385
3576 382
3577 382
3578 307
3579 4686
3580 4687
3581 330
3582 322
3583 327
3584 330
3585 327
3586 328
3587 364
3588 360
3589 330
3590 348
3591 371
3592 348
3593 332
3594 330
3595 371
3596 348
3597 385
3598 372
3599 418
3600 382
3601 371
3602 400
3603 379
3604 365
3605 385
3606 385
3607 365
3608 385
3609 418
3610 418
3611 365
3612 397
3613 418
3614 397
3615 434
3616 454
3617 430
3618 482
3619 397
3620 418
3621 430
3622 397
3623 397
3624 382
3625 385
3626 418
3627 397
3628 434
3629 415
3630 415
3631 443
3632 480
3633 480
3634 454
3635 454
3636 480
3637 443
3638 482
3639 454
3640 382
3641 418
3642 418
3643 446
3644 434
3645 443
3646 483
3647 443
3648 477
3649 397
3650 415
3651 434
3652 434
3653 430
3654 397
3655 434
3656 405
3657 430
3658 415
3659 454
3660 443
3661 491
3662 480
3663 454
3664 443
3665 454
3666 480
3667 480
3668 483
3669 522
3670 555
3671 553
3672 554
3673 529
3674 520
3675 507
3676 480
3677 555
3678 520
3679 549
3680 505
3681 491
3682 496
3683 517
3684 553
3685 571
3686 589
3687 534
3688 549
3689 577
3690 529
3691 482
3692 509
3693 502
3694 559
3695 549
3696 522
3697 571
3698 554
3699 589
3700 493
3701 491
3702 496
3703 482
3704 493
3705 500
3706 496
3707 500
3708 517
3709 517
3710 545
3711 545
3712 500
3713 552
3714 552
3715 615
3716 599
3717 589
3718 615
3719 571
3720 615
3721 615
3722 4315
3723 4315
3724 4315
3725 4315
3726 636
3727 636
3728 577
3729 599
3730 615
3731 589
3732 592
3733 615
3734 515
3735 4315
3736 625
3737 615
3738 625
3739 615
3740 589
3741 615
3742 615
3743 622
3744 4315
3745 591
3746 569
3747 561
3748 600
3749 600
3750 622
3751 615
3752 625
3753 573
3754 622
3755 4317
3756 537
3757 552
3758 4316
3759 561
3760 591
3761 615
3762 4315
3763 618
3764 636
3765 645
3766 654
3767 4307
3768 4307
3769 4307
3770 704
3771 4307
3772 705
3773 705
3774 705
3775 705
3776 4307
3777 705
3778 704
3779 4888
3780 4307
3781 4307
3782 4310
3783 704
3784 705
3785 705
3786 4307
3787 636
3788 642
3789 642
3790 636
3791 642
3792 645
3793 659
3794 641
3795 654
3796 654
3797 4310
3798 4310
3799 659
3800 659
3801 4310
3802 676
3803 645
3804 4315
3805 642
3806 654
3807 654
3808 645
3809 645
3810 641
3811 636
3812 636
3813 641
3814 636
3815 654
3816 659
3817 4307
3818 636
3819 631
3820 622
3821 631
3822 641
3823 659
3824 641
3825 659
3826 631
3827 645
3828 650
3829 680
3830 4307
3831 4307
3832 4307
3833 4310
3834 4307
3835 4307
3836 4307
3837 4307
3838 4307
3839 680
3840 680
3841 4307
3842 4307
3843 680
3844 680
3845 4307
3846 4310
3847 654
3848 4307
3849 4310
3850 4310
3851 654
3852 4310
3853 654
3854 4307
3855 4307
3856 4307
3857 4307
3858 4307
3859 4307
3860 4307
3861 4309
3862 4310
3863 4310
3864 4307
3865 680
3866 4307
3867 4310
3868 4307
3869 4310
3870 4307
3871 4307
3872 622
3873 642
3874 636
3875 636
3876 645
3877 4315
3878 705
3879 851
3880 4951
3881 4888
3882 865
3883 5019
3884 5019
3885 851
3886 5019
3887 4888
3888 5019
3889 5017
3890 704
3891 705
3892 705
3893 704
3894 705
3895 4888
3896 4888
3897 4888
3898 851
3899 4888
3900 705
3901 851
3902 705
3903 4857
3904 836
3905 4857
3906 836
3907 4857
3908 844
3909 883
3910 883
3911 844
3912 836
3913 4891
3914 5019
3915 4882
3916 4889
3917 5019
3918 4882
3919 5018
3920 5117
3921 836
3922 4891
3923 825
3924 825
3925 4891
3926 5066
3927 825
3928 825
3929 705
3930 705
3931 705
3932 705
3933 5066
3934 721
3935 705
3936 705
3937 704
3938 704
3939 680
3940 705
3941 680
3942 680
3943 705
3944 705
3945 680
3946 705
3947 705
3948 705
3949 705
3950 705
3951 705
3952 705
3953 705
3954 825
3955 5139
3956 5091
3957 721
3958 4907
3959 5091
3960 5095
3961 5010
3962 4981
3963 4862
3964 721
3965 5117
3966 825
3967 721
3968 5015
3969 5010
3970 5066
3971 4907
3972 898
3973 973
3974 912
3975 987
3976 883
3977 4973
3978 987
3979 987
3980 1001
3981 987
3982 883
3983 4973
3984 987
3985 987
3986 4973
3987 4973
3988 883
3989 4973
3990 883
3991 844
3992 844
3993 883
3994 5066
3995 5066
3996 5066
3997 5066
3998 883
3999 883
4000 883
4001 5066
4002 883
4003 5127
4004 5139
4005 4973
4006 5132
4007 4973
4008 898
4009 4973
4010 4973
4011 5091
4012 5091
4013 5124
4014 1169
4015 1382
4016 1147
4017 1271
4018 1243
4019 1147
4020 1491
4021 1342
4022 1608
4023 1382
4024 1382
4025 1453
4026 1541
4027 1438
4028 1453
4029 1438
4030 1438
4031 1437
4032 1608
4033 4657
4034 1453
4035 1500
4036 1500
4037 987
4038 1136
4039 1453
4040 1136
4041 1331
4042 1331
4043 1136
4044 1358
4045 1243
4046 1381
4047 1381
4048 987
4049 1075
4050 1381
4051 1358
4052 1358
4053 4657
4054 1381
4055 4660
4056 1381
4057 1453
4058 1275
4059 866
4060 973
4061 1437
4062 1437
4063 4660
4064 1437
4065 1426
4066 4657
4067 1500
4068 1500
4069 1382
4070 1275
4071 4973
4072 4880
4073 5132
4074 5091
4075 866
4076 5021
4077 815
4078 5124
4079 5095
4080 5124
4081 5138
4082 1041
4083 845
4084 1199
4085 908
4086 820
4087 4954
4088 5141
4089 5141
4090 5141
4091 5138
4092 872
4093 5138
4094 4981
4095 4902
4096 5141
4097 5095
4098 5138
4099 811
4100 811
4101 884
4102 1036
4103 1050
4104 811
4105 884
4106 884
4107 1036
4108 1583
4109 1541
4110 1541
4111 1541
4112 1541
4113 1608
4114 1500
4115 1500
4116 1541
4117 1541
4118 1500
4119 1500
4120 1701
4121 1670
4122 1658
4123 1658
4124 1642
4125 1658
4126 1701
4127 1701
4128 1608
4129 1658
4130 1500
4131 1541
4132 1500
4133 1541
4134 1642
4135 1608
4136 1500
4137 1500
4138 1500
4139 1437
4140 1500
4141 1437
4142 1437
4143 1500
4144 1500
4145 1437
4146 1500
4147 1437
4148 1437
4149 1437
4150 1437
4151 1437
4152 1437
4153 1500
4154 1437
4155 1500
4156 1550
4157 1622
4158 1670
4159 1500
4160 1608
4161 1701
4162 1658
4163 1642
4164 1608
4165 1541
4166 1659
4167 1658
4168 1500
4169 1608
4170 1642
4171 1500
4172 1500
4173 1437
4174 1500
4175 1437
4176 1500
4177 1500
4178 1437
4179 1437
4180 1608
4181 1500
4182 1500
4183 1437
4184 1541
4185 1681
4186 1541
4187 1500
4188 1500
4189 1500
4190 1608
4191 1642
4192 1541
4193 1670
4194 1500
4195 1437
4196 1500
4197 1500
4198 1500
4199 1293
4200 1541
4201 1541
4202 1500
4203 1500
4204 1541
4205 1608
4206 1541
4207 1608
4208 1658
4209 1670
4210 1608
4211 1658
4212 1491
4213 1342
4214 1658
4215 1427
4216 1454
4217 1427
4218 1748
4219 1747
4220 1774
4221 1753
4222 1701
4223 1682
4224 1642
4225 1701
4226 1670
4227 1670
4228 1748
4229 1748
4230 1730
4231 1748
4232 1622
4233 1682
4234 1176
4235 1522
4236 1522
4237 1476
4238 1176
4239 1022
4240 1100
4241 1235
4242 1067
4243 4
4244 1127
4245 4916
4246 1110
4247 1110
4248 1285
4249 1285
4250 1244
4251 1730
4252 1476
4253 1515
4254 1393
4255 1428
4256 1428
4257 1543
4258 1311
4259 1428
4260 1428
4261 1428
4262 1543
4263 1543
4264 1428
4265 1543
4266 1428
4267 1543
4268 1244
4269 1050
4270 1285
4271 1244
4272 1050
4273 1244
4274 1285
4275 1244
4276 1285
4277 1428
4278 1428
4279 1428
4280 1428
4281 1428
4282 1543
4283 1502
4284 1502
4285 1733
4286 1733
4287 1759
4288 1759
4289 1762
4290 1733
4291 1762
4292 1762
4293 1797
4294 1762
4295 1759
4296 1762
4297 1543
4298 1733
4299 1543
4300 1733
4301 1733
4302 1762
4303 1733
4304 1733
4305 1762
4306 1502
4307 1502
4308 1502
4309 1502
4310 1762
4311 1733
4312 1733
4313 1733
4314 1762
4315 1762
4316 1762
4317 1762
4318 1762
4319 1762
4320 1800
4321 1762
4322 1797
4323 1829
4324 1797
4325 1829
4326 1836
4327 1836
4328 1829
4329 1829
4330 1800
4331 1800
4332 1800
4333 1800
4334 1800
4335 1800
4336 1800
4337 1800
4338 1835
4339 1800
4340 1800
4341 1800
4342 1800
4343 1800
4344 1829
4345 1829
4346 1836
4347 1836
4348 1836
4349 1856
4350 1856
4351 1856
4352 1856
4353 1835
4354 1835
4355 1835
4356 1835
4357 1835
4358 1835
4359 1856
4360 1856
4361 1856
4362 1869
4363 1856
4364 1856
4365 1836
4366 1856
4367 1883
4368 1863
4369 1883
4370 1863
4371 1904
4372 1897
4373 1904
4374 1863
4375 1883
4376 1856
4377 1863
4378 1883
4379 1863
4380 1883
4381 1897
4382 1897
4383 1883
4384 1904
4385 1904
4386 1904
4387 1897
4388 1904
4389 2031
4390 1928
4391 1928
4392 2026
4393 2066
4394 2026
4395 1904
4396 1904
4397 1904
4398 2026
4399 1928
4400 2026
4401 2026
4402 1914
4403 1922
4404 2026
4405 2026
4406 2026
4407 1904
4408 2026
4409 1928
4410 2026
4411 2026
4412 1922
4413 2026
4414 2026
4415 2026
4416 2026
4417 2096
4418 2066
4419 2096
4420 2118
4421 2096
4422 2096
4423 2066
4424 2066
4425 2066
4426 2066
4427 2066
4428 2096
4429 2066
4430 2096
4431 2096
4432 2096
4433 2096
4434 2096
4435 2096
4436 2558
4437 2279
4438 2096
4439 2279
4440 2279
4441 2558
4442 2558
4443 2279
4444 2118
4445 2096
4446 2118
4447 2279
4448 2279
4449 2279
4450 2026
4451 2026
4452 2026
4453 2026
4454 2066
4455 2066
4456 2026
4457 2026
4458 2026
4459 2026
4460 2066
4461 2066
4462 2066
4463 2066
4464 2066
4465 2066
4466 2066
4467 2066
4468 2066
4469 2066
4470 2066
4471 2066
4472 2066
4473 2066
4474 2066
4475 2066
4476 2066
4477 2066
4478 2096
4479 2096
4480 2066
4481 2066
4482 2066
4483 2096
4484 2066
4485 2066
4486 2066
4487 2066
4488 2066
4489 2096
4490 2066
4491 2096
4492 2096
4493 2066
4494 2096
4495 2096
4496 2066
4497 2096
4498 2096
4499 2066
4500 2066
4501 2066
4502 2096
4503 2096
4504 2118
4505 2066
4506 2096
4507 2096
4508 2066
4509 2066
4510 2066
4511 2096
4512 2096
4513 2096
4514 2096
4515 2118
4516 2066
4517 2096
4518 2066
4519 2066
4520 2066
4521 2096
4522 2096
4523 2096
4524 2096
4525 2096
4526 2066
4527 2066
4528 2066
4529 2066
4530 2066
4531 2066
4532 2066
4533 2096
4534 2096
4535 2096
4536 2601
4537 2096
4538 2096
4539 2096
4540 2096
4541 2096
4542 2096
4543 2279
4544 2118
4545 2118
4546 2118
4547 2279
4548 2096
4549 2096
4550 2096
4551 2096
4552 2601
4553 2066
4554 2096
4555 2601
4556 2558
4557 2567
4558 2096
4559 2096
4560 2066
4561 2066
4562 2066
4563 2096
4564 2096
4565 2096
4566 2096
4567 2096
4568 2096
4569 2096
4570 2096
4571 2601
4572 2096
4573 2601
4574 2670
4575 2670
4576 2096
4577 2670
4578 2415
4579 2670
4580 2096
4581 2650
4582 2096
4583 2096
4584 2558
4585 2096
4586 2096
4587 2096
4588 2096
4589 2096
4590 2096
4591 2096
4592 2118
4593 2096
4594 2279
4595 2096
4596 2279
4597 2558
4598 2460
4599 2460
4600 2670
4601 2460
4602 2558
4603 2460
4604 2400
4605 2460
4606 2670
4607 2558
4608 2670
4609 2400
4610 2460
4611 4624
4612 2460
4613 2460
4614 2460
4615 2558
4616 2460
4617 2558
4618 2460
4619 2670
4620 2670
4621 2670
4622 2670
4623 2460
4624 4624
4625 4624
4626 4624
4627 4624
4628 2400
4629 4624
4630 2400
4631 2400
4632 4624
4633 4624
4634 4624
4635 4624
4636 2600
4637 4624
4638 2474
4639 2600
4640 2474
4641 2474
4642 2600
4643 4624
4644 2460
4645 2460
4646 2400
4647 2460
4648 2460
4649 2460
4650 2474
4651 4624
4652 2400
4653 2474
4654 2600
4655 2298
4656 2428
4657 2428
4658 2428
4659 2428
4660 2542
4661 2542
4662 2749
4663 2298
4664 2298
4665 2298
4666 2600
4667 2428
4668 2298
4669 2474
4670 2298
4671 2474
4672 2298
4673 2600
4674 2298
4675 2428
4676 2474
4677 4624
4678 2298
4679 2428
4680 2298
4681 2510
4682 2400
4683 2474
4684 2298
4685 2298
4686 2474
4687 2474
4688 2474
4689 4624
4690 2474
4691 2298
4692 4624
4693 4624
4694 2474
4695 2298
4696 2298
4697 2298
4698 2542
4699 2542
4700 2428
4701 2542
4702 2298
4703 2428
4704 2428
4705 2542
4706 2428
4707 2749
4708 2749
4709 2749
4710 2542
4711 2749
4712 2749
4713 2749
4714 2542
4715 2749
4716 2298
4717 2428
4718 2600
4719 2298
4720 2298
4721 2298
4722 2474
4723 2428
4724 2428
4725 2298
4726 2428
4727 2542
4728 2298
4729 2542
4730 2542
4731 2542
4732 2428
4733 2542
4734 2542
4735 2749
4736 2428
4737 2428
4738 2749
4739 2542
4740 2749
4741 2829
4742 2749
4743 2749
4744 2749
4745 2749
4746 2749
4747 2749
4748 2829
4749 2749
4750 2829
4751 2829
4752 2749
4753 2542
4754 2829
4755 2829
4756 2829
4757 2829
4758 2749
4759 2542
4760 2428
4761 2542
4762 2542
4763 2749
4764 2749
4765 2749
4766 2829
4767 2749
4768 2749
4769 2829
4770 2749
4771 2749
4772 2829
4773 2829
4774 2829
4775 2749
4776 2659
4777 2829
4778 2829
4779 2829
4780 2749
4781 2749
4782 2829
4783 2749
4784 2829
4785 2829
4786 2852
4787 2852
4788 2852
4789 3014
4790 2852
4791 2829
4792 2775
4793 2852
4794 2852
4795 2852
4796 3014
4797 3014
4798 3100
4799 3014
4800 3077
4801 3014
4802 3078
4803 3014
4804 3100
4805 3014
4806 3014
4807 3100
4808 3100
4809 3014
4810 3014
4811 2829
4812 2829
4813 2829
4814 2829
4815 2829
4816 2749
4817 2852
4818 2852
4819 2852
4820 3077
4821 3014
4822 3014
4823 3077
4824 3077
4825 3014
4826 3014
4827 3014
4828 3077
4829 3100
4830 2829
4831 2852
4832 2775
4833 3014
4834 2852
4835 3100
4836 3014
4837 3014
4838 3014
4839 2852
4840 2775
4841 2852
4842 2829
4843 3014
4844 2852
4845 3014
4846 3100
4847 3014
4848 3100
4849 3119
4850 3119
4851 3119
4852 3198
4853 3198
4854 3119
4855 3198
4856 3198
4857 3198
4858 3198
4859 3214
4860 3214
4861 3214
4862 3214
4863 3214
4864 3214
4865 3214
4866 3214
4867 3214
4868 3214
4869 3119
4870 3129
4871 3119
4872 3105
4873 3100
4874 3100
4875 3129
4876 3100
4877 3129
4878 3100
4879 3119
4880 3119
4881 3198
4882 3198
4883 3198
4884 3119
4885 3198
4886 3198
4887 3077
4888 3078
4889 3078
4890 3119
4891 3100
4892 3129
4893 3198
4894 3119
4895 3198
4896 3119
4897 3100
4898 3129
4899 3078
4900 3129
4901 3198
4902 3198
4903 3119
4904 3119
4905 3198
4906 3198
4907 3100
4908 3100
4909 3100
4910 3100
4911 3129
4912 3129
4913 3119
4914 3119
4915 3198
4916 3119
4917 3214
4918 3214
4919 3214
4920 3214
4921 3214
4922 3214
4923 3214
4924 3214
4925 3214
4926 3214
4927 3214
4928 3214
4929 3214
4930 3214
4931 3214
4932 3214
4933 3214
4934 3214
4935 3214
4936 3214
4937 3198
4938 3214
4939 3214
4940 3198
4941 3198
4942 3214
4943 3214
4944 3198
4945 3198
4946 3214
4947 3198
4948 3214
4949 3214
4950 3214
4951 3214
4952 3198
4953 3214
4954 3198
4955 3214
4956 3198
4957 3198
4958 3214
4959 3198
4960 2558
4961 2769
4962 2842
4963 2769
4964 2558
4965 2558
4966 2558
4967 2558
4968 2558
4969 2558
4970 2558
4971 2558
4972 2558
4973 2558
4974 2558
4975 2558
4976 2541
4977 2558
4978 2558
4979 2558
4980 2558
4981 2279
4982 2558
4983 2558
4984 2842
4985 2771
4986 2771
4987 2861
4988 2771
4989 2771
4990 2861
4991 2842
4992 2685
4993 2769
4994 2769
4995 2769
4996 2769
4997 2842
4998 2771
4999 2771
5000 2558
5001 2737
5002 2737
5003 2946
5004 2893
5005 2737
5006 2769
5007 2769
5008 2558
5009 2558
5010 2558
5011 2558
5012 2558
5013 2558
5014 2558
5015 2558
5016 2558
5017 2558
5018 2558
5019 2558
5020 2670
5021 2558
5022 2558
5023 2558
5024 2558
5025 2558
5026 2558
5027 2558
5028 2558
5029 2558
5030 2558
5031 2558
5032 3002
5033 2893
5034 2893
5035 3002
5036 3002
5037 2678
5038 3002
5039 3047
5040 2678
5041 2678
5042 3055
5043 3017
5044 3017
5045 3139
5046 3201
5047 3047
5048 3082
5049 3047
5050 3008
5051 3139
5052 3201
5053 3276
5054 3139
5055 3082
5056 3008
5057 3276
5058 3201
5059 3332
5060 3082
5061 3276
5062 3201
5063 2670
5064 2558
5065 2558
5066 2670
5067 2670
5068 2670
5069 2670
5070 2670
5071 2661
5072 2670
5073 2670
5074 2661
5075 2460
5076 2460
5077 2460
5078 2510
5079 2510
5080 2510
5081 2400
5082 2510
5083 2510
5084 2400
5085 2400
5086 2510
5087 2400
5088 2400
5089 2474
5090 2474
5091 2474
5092 2474
5093 2474
5094 2474
5095 2474
5096 2474
5097 2298
5098 2298
5099 2298
5100 2298
5101 2298
5102 2428
5103 2428
5104 2428
5105 3404
5106 3332
5107 3332
5108 3332
5109 4717
5110 4717
5111 4717
5112 4717
5113 4717
5114 4717
5115 4717
5116 4717
5117 4717
5118 4717
5119 4717
5120 4717
5121 4717
5122 4717
5123 4717
5124 4717
5125 4717
5126 4717
5127 4717
5128 4717
5129 4717
5130 4717
5131 4717
5132 4717
5133 4717
5134 4717
5135 4717
5136 4717
5137 4717
5138 4717
5139 4717
5140 4717
5141 4717
5142 4717
5143 4717
5144 4717
5145 4717
5146 4717
5147 4717
5148 4717
5149 4717
5150 4717
5151 4717
5152 4717
5153 4717
5154 4717
5155 4717
5156 4717
5157 4717
5158 4717
5159 4717
5160 4717
5161 4717
5162 4717
5163 4717
5164 4717
5165 4717
5166 4717
5167 4717
5168 4717
5169 4717
5170 4717
5171 4717
5172 4717
5173 4717
5174 4717
5175 4717
5176 4717
5177 4717
5178 4717
5179 4717
5180 4717
5181 4717
5182 4717
5183 4717
5184 4717
5185 4717
5186 4717
5187 4717
5188 4717
5189 4717
5190 4717
5191 4717
5192 4717
5193 4717
5194 4717
5195 4717
5196 4717
5197 1500
5198 1500
5199 1541
5200 1500
