0 5144
1 5144
2 5144
3 5144
4 5144
5 5144
6 5144
7 5144
8 5144
9 5144
10 5144
11 5144
12 5144
13 5144
14 5144
15 5144
16 5144
17 2724
18 5144
19 5144
20 2722
21 2722
22 2724
23 5144
24 5147
25 5144
26 5144
27 5144
28 5144
29 5144
30 2724
31 2724
32 2724
33 5144
34 5144
35 2724
36 2724
37 5144
38 2724
39 2724
40 5147
41 5147
42 2506
43 2710
44 2724
45 2692
46 5144
47 5144
48 2724
49 2693
50 5144
51 5144
52 2724
53 5144
54 2724
55 5147
56 2693
57 5147
58 322
59 395
60 395
61 479
62 479
63 474
64 481
65 482
66 488
67 488
68 3124
69 2506
70 2506
71 2506
72 2506
73 2506
74 86
75 86
76 5147
77 5144
78 5144
79 5144
80 2692
81 2692
82 2693
83 5147
84 5144
85 2692
86 2692
87 2693
88 5144
89 2724
90 5144
91 5147
92 2693
93 2693
94 5147
95 2693
96 5147
97 5147
98 4360
99 2954
100 4360
101 2954
102 2994
103 2954
104 2956
105 4366
106 306
107 322
108 306
109 306
110 322
111 322
112 322
113 322
114 322
115 322
116 322
117 322
118 343
119 322
120 322
121 322
122 343
123 322
124 343
125 1582
126 343
127 1582
128 322
129 343
130 4218
131 1582
132 1582
133 1582
134 1582
135 1582
136 4218
137 490
138 1582
139 490
140 395
141 395
142 395
143 477
144 479
145 479
146 487
147 480
148 443
149 479
150 474
151 479
152 474
153 474
154 472
155 474
156 474
157 474
158 1850
159 483
160 1851
161 1850
162 2506
163 2506
164 2506
165 2506
166 2506
167 2506
168 78
169 78
170 78
171 86
172 86
173 86
174 86
175 86
176 86
177 2692
178 2692
179 2692
180 2693
181 2693
182 2693
183 5147
184 5147
185 2693
186 5147
187 2693
188 98
189 5147
190 5146
191 4360
192 4281
193 2941
194 2956
195 4365
196 2994
197 4366
198 2956
199 322
200 306
201 322
202 322
203 322
204 322
205 1582
206 4183
207 4218
208 451
209 1582
210 4218
211 4218
212 479
213 494
214 487
215 487
216 479
217 2135
218 488
219 481
220 3111
221 3124
222 1850
223 1851
224 1850
225 1850
226 2473
227 2506
228 2506
229 2506
230 2506
231 78
232 2506
233 86
234 2506
235 86
236 80
237 86
238 86
239 86
240 86
241 86
242 2693
243 90
244 5147
245 5147
246 5147
247 5144
248 5144
249 5144
250 2693
251 2693
252 2693
253 98
254 5144
255 5144
256 2693
257 5144
258 2692
259 5147
260 98
261 98
262 2693
263 5147
264 2863
265 91
266 5147
267 5146
268 4354
269 4326
270 4329
271 4360
272 4365
273 2956
274 306
275 306
276 322
277 322
278 322
279 4183
280 4183
281 4206
282 4206
283 4206
284 343
285 490
286 1582
287 494
288 490
289 479
290 487
291 478
292 480
293 494
294 487
295 474
296 3111
297 3111
298 3147
299 530
300 1851
301 1850
302 1851
303 1851
304 2466
305 2455
306 2473
307 2506
308 2506
309 2506
310 78
311 78
312 86
313 86
314 78
315 86
316 86
317 86
318 86
319 86
320 86
321 86
322 86
323 86
324 86
325 86
326 86
327 86
328 2693
329 2693
330 90
331 5144
332 5144
333 2693
334 5147
335 5144
336 2693
337 98
338 98
339 98
340 5144
341 5146
342 5146
343 4329
344 1671
345 1537
346 2941
347 4351
348 4360
349 2956
350 306
351 4366
352 306
353 4366
354 322
355 343
356 4183
357 4218
358 4218
359 4206
360 4206
361 4208
362 4206
363 494
364 1582
365 395
366 479
367 474
368 482
369 487
370 481
371 3124
372 3111
373 3147
374 1850
375 1851
376 1851
377 3170
378 4502
379 3348
380 2331
381 57
382 2461
383 2466
384 2466
385 2506
386 2506
387 78
388 86
389 86
390 86
391 86
392 86
393 86
394 86
395 86
396 86
397 86
398 86
399 86
400 86
401 86
402 86
403 86
404 2693
405 90
406 2824
407 2824
408 2824
409 2824
410 5147
411 5147
412 5147
413 5147
414 5147
415 5144
416 2814
417 98
418 5144
419 2863
420 5146
421 5144
422 2863
423 5147
424 2863
425 5146
426 2833
427 2833
428 2833
429 2789
430 2772
431 2789
432 4351
433 4351
434 4351
435 4351
436 1233
437 4351
438 1346
439 4351
440 4351
441 229
442 4281
443 4326
444 4351
445 229
446 4326
447 232
448 4351
449 4351
450 4338
451 275
452 275
453 4365
454 4366
455 322
456 306
457 322
458 4218
459 322
460 4218
461 4218
462 322
463 4206
464 322
465 322
466 490
467 1582
468 1582
469 1582
470 395
471 494
472 481
473 482
474 487
475 487
476 3111
477 3147
478 3152
479 3147
480 1851
481 1851
482 1850
483 1851
484 5033
485 1851
486 2331
487 3355
488 3348
489 2331
490 3359
491 2466
492 2455
493 2506
494 80
495 86
496 86
497 86
498 86
499 86
500 86
501 86
502 86
503 86
504 2824
505 2824
506 2814
507 2814
508 5147
509 5144
510 2824
511 5147
512 98
513 2814
514 98
515 5147
516 5146
517 2863
518 5147
519 3491
520 2789
521 1205
522 1205
523 1205
524 4351
525 4351
526 4351
527 4351
528 1233
529 4351
530 4326
531 4351
532 1348
533 2746
534 1346
535 4326
536 1537
537 4292
538 4303
539 4338
540 2722
541 4338
542 246
543 275
544 306
545 306
546 322
547 306
548 343
549 343
550 4218
551 4218
552 4206
553 4206
554 343
555 1582
556 395
557 479
558 487
559 494
560 487
561 3117
562 3124
563 483
564 5032
565 4503
566 1851
567 3170
568 1851
569 5033
570 1851
571 5033
572 5027
573 3355
574 3352
575 3355
576 3355
577 57
578 2455
579 2473
580 78
581 2506
582 78
583 86
584 86
585 86
586 86
587 86
588 86
589 2814
590 2863
591 2863
592 2814
593 5146
594 5146
595 5146
596 5147
597 5147
598 5147
599 5146
600 5144
601 2863
602 5146
603 5147
604 5146
605 2784
606 2833
607 2833
608 2789
609 2833
610 2833
611 3457
612 2833
613 3481
614 3491
615 1216
616 1216
617 1205
618 4350
619 4350
620 4350
621 4351
622 1205
623 4351
624 4326
625 4351
626 1233
627 4326
628 1345
629 4326
630 1382
631 4338
632 4326
633 4326
634 4338
635 4338
636 275
637 4338
638 4365
639 4366
640 322
641 322
642 322
643 4218
644 322
645 4206
646 4206
647 343
648 343
649 1582
650 490
651 494
652 494
653 494
654 494
655 494
656 487
657 3084
658 3111
659 483
660 32
661 3147
662 1851
663 5033
664 5033
665 5033
666 4502
667 5033
668 4988
669 4988
670 4490
671 4988
672 4988
673 4988
674 4988
675 3355
676 4988
677 3355
678 3348
679 2466
680 2466
681 2458
682 2506
683 86
684 86
685 86
686 86
687 86
688 2863
689 2814
690 2863
691 2863
692 2863
693 5146
694 5146
695 2863
696 2814
697 5147
698 2814
699 2863
700 2863
701 2833
702 2784
703 3457
704 3485
705 3490
706 3648
707 3491
708 1216
709 4350
710 1205
711 1205
712 4350
713 4350
714 1205
715 1205
716 4351
717 4303
718 2746
719 4326
720 4351
721 4351
722 1380
723 1384
724 4326
725 1672
726 4326
727 2746
728 142
729 142
730 230
731 142
732 142
733 142
734 145
735 145
736 245
737 162
738 162
739 260
740 4365
741 4366
742 4366
743 4366
744 306
745 4183
746 322
747 4218
748 322
749 322
750 4208
751 1582
752 343
753 494
754 487
755 474
756 494
757 479
758 481
759 3147
760 5034
761 4619
762 5033
763 5033
764 5033
765 1851
766 5033
767 5027
768 4988
769 4490
770 4988
771 4988
772 3352
773 3355
774 3355
775 3355
776 2461
777 2506
778 78
779 86
780 86
781 86
782 86
783 86
784 86
785 2814
786 2863
787 2863
788 2863
789 5105
790 5146
791 5146
792 5147
793 5146
794 5146
795 5147
796 2863
797 5146
798 2833
799 2783
800 2833
801 3481
802 2784
803 3457
804 3491
805 3485
806 1216
807 4350
808 1216
809 4350
810 1216
811 4350
812 4350
813 1205
814 1205
815 4326
816 1205
817 4350
818 4326
819 1233
820 4326
821 1233
822 4326
823 4326
824 1349
825 1446
826 4326
827 4326
828 4326
829 161
830 142
831 161
832 142
833 4338
834 142
835 142
836 145
837 142
838 145
839 162
840 4338
841 162
842 164
843 206
844 164
845 322
846 283
847 322
848 322
849 283
850 322
851 283
852 322
853 322
854 4206
855 322
856 490
857 490
858 474
859 474
860 487
861 478
862 481
863 1850
864 1851
865 4619
866 3147
867 4619
868 5034
869 5033
870 5033
871 612
872 5033
873 4475
874 1851
875 4498
876 5027
877 4485
878 4485
879 4988
880 3352
881 3355
882 3355
883 57
884 2455
885 2473
886 86
887 86
888 86
889 86
890 86
891 2863
892 2833
893 2863
894 2833
895 5146
896 5146
897 2833
898 2863
899 2783
900 2833
901 2789
902 2833
903 3457
904 2789
905 3485
906 3481
907 3648
908 3488
909 3667
910 3648
911 1219
912 4311
913 4311
914 4311
915 4311
916 1216
917 1851
918 4350
919 1216
920 1216
921 1216
922 2981
923 4326
924 1218
925 4351
926 1205
927 4352
928 1351
929 1306
930 1231
931 1446
932 4290
933 161
934 142
935 142
936 145
937 4338
938 249
939 164
940 206
941 4338
942 206
943 207
944 322
945 322
946 4366
947 306
948 322
949 322
950 343
951 4208
952 343
953 433
954 474
955 494
956 432
957 487
958 1851
959 472
960 1853
961 1878
962 5032
963 4485
964 5034
965 5034
966 5033
967 5033
968 4489
969 4489
970 33
971 4475
972 1851
973 5032
974 5033
975 5033
976 4988
977 4988
978 4988
979 3352
980 3355
981 3355
982 3348
983 2506
984 2506
985 2506
986 78
987 86
988 86
989 86
990 86
991 86
992 86
993 2863
994 2833
995 2833
996 2863
997 2833
998 2833
999 2783
1000 2784
1001 5105
1002 5105
1003 2789
1004 5146
1005 5146
1006 3481
1007 2783
1008 2833
1009 3481
1010 3490
1011 3485
1012 3608
1013 3608
1014 3588
1015 1219
1016 4288
1017 1219
1018 4311
1019 1219
1020 1216
1021 4350
1022 4350
1023 4350
1024 1216
1025 1205
1026 4302
1027 4326
1028 1205
1029 4326
1030 1306
1031 1306
1032 1306
1033 1306
1034 4326
1035 1446
1036 4326
1037 1335
1038 4326
1039 4338
1040 161
1041 230
1042 161
1043 4338
1044 161
1045 142
1046 142
1047 145
1048 245
1049 145
1050 259
1051 206
1052 4338
1053 207
1054 207
1055 207
1056 207
1057 998
1058 997
1059 998
1060 997
1061 997
1062 283
1063 306
1064 322
1065 322
1066 4218
1067 4208
1068 322
1069 494
1070 494
1071 487
1072 481
1073 4434
1074 4434
1075 4434
1076 1878
1077 4485
1078 1878
1079 4485
1080 1851
1081 5033
1082 4485
1083 4619
1084 5033
1085 5033
1086 612
1087 612
1088 4485
1089 4475
1090 3186
1091 5033
1092 3287
1093 4988
1094 4988
1095 4988
1096 4988
1097 3352
1098 3348
1099 57
1100 59
1101 2466
1102 84
1103 86
1104 86
1105 86
1106 86
1107 86
1108 2833
1109 2833
1110 2789
1111 2784
1112 5105
1113 2783
1114 2833
1115 2833
1116 3457
1117 2783
1118 2833
1119 2789
1120 2833
1121 3457
1122 3485
1123 3648
1124 3648
1125 3648
1126 3588
1127 3607
1128 3669
1129 3669
1130 4288
1131 1219
1132 4311
1133 1219
1134 1219
1135 1219
1136 1219
1137 1216
1138 1216
1139 2981
1140 1216
1141 1205
1142 1205
1143 1245
1144 1205
1145 1255
1146 1263
1147 1193
1148 1193
1149 1335
1150 1306
1151 1306
1152 1335
1153 1335
1154 4290
1155 4352
1156 4338
1157 161
1158 142
1159 145
1160 145
1161 145
1162 153
1163 162
1164 206
1165 207
1166 259
1167 998
1168 4366
1169 207
1170 997
1171 4366
1172 997
1173 283
1174 997
1175 997
1176 4366
1177 4916
1178 4976
1179 4183
1180 4976
1181 4976
1182 4964
1183 4964
1184 322
1185 4964
1186 4961
1187 322
1188 4961
1189 4970
1190 4961
1191 4970
1192 4970
1193 4961
1194 343
1195 343
1196 433
1197 435
1198 599
1199 487
1200 1878
1201 479
1202 1878
1203 1850
1204 1878
1205 4434
1206 480
1207 480
1208 4434
1209 3124
1210 1853
1211 4485
1212 32
1213 4485
1214 4474
1215 4476
1216 1878
1217 4476
1218 4476
1219 5033
1220 5027
1221 4988
1222 4988
1223 3352
1224 4988
1225 4988
1226 3355
1227 3348
1228 2466
1229 2506
1230 2506
1231 78
1232 84
1233 86
1234 86
1235 86
1236 86
1237 86
1238 86
1239 86
1240 86
1241 2833
1242 2833
1243 2833
1244 2833
1245 2833
1246 2833
1247 2789
1248 2833
1249 2833
1250 2789
1251 2789
1252 3481
1253 3491
1254 3481
1255 3588
1256 3488
1257 3608
1258 3607
1259 3607
1260 3669
1261 3669
1262 2234
1263 4158
1264 4155
1265 1219
1266 4288
1267 1219
1268 4288
1269 4311
1270 4311
1271 4311
1272 4293
1273 4350
1274 1851
1275 1851
1276 4302
1277 4326
1278 4350
1279 1244
1280 4326
1281 1306
1282 1306
1283 1306
1284 1306
1285 1306
1286 1335
1287 1335
1288 1335
1289 1335
1290 1335
1291 1306
1292 2746
1293 161
1294 161
1295 161
1296 142
1297 145
1298 162
1299 145
1300 153
1301 206
1302 206
1303 207
1304 4338
1305 998
1306 998
1307 1561
1308 997
1309 997
1310 997
1311 4916
1312 997
1313 4976
1314 4859
1315 4916
1316 322
1317 4976
1318 4964
1319 4964
1320 1561
1321 4964
1322 322
1323 4218
1324 4206
1325 4208
1326 4961
1327 4970
1328 4961
1329 4970
1330 322
1331 4970
1332 322
1333 4961
1334 343
1335 4970
1336 4885
1337 4927
1338 4885
1339 502
1340 1878
1341 4905
1342 477
1343 4905
1344 1878
1345 4434
1346 1878
1347 4434
1348 1878
1349 1851
1350 4474
1351 32
1352 1851
1353 4635
1354 4485
1355 612
1356 612
1357 612
1358 5032
1359 5032
1360 3287
1361 3352
1362 3352
1363 4988
1364 3352
1365 3355
1366 3355
1367 747
1368 747
1369 57
1370 2455
1371 2466
1372 2506
1373 2506
1374 86
1375 78
1376 86
1377 86
1378 86
1379 86
1380 86
1381 86
1382 86
1383 86
1384 86
1385 86
1386 86
1387 2833
1388 3481
1389 2789
1390 2784
1391 3457
1392 2784
1393 3481
1394 2789
1395 3481
1396 3481
1397 3481
1398 3491
1399 3648
1400 3648
1401 3669
1402 3608
1403 3607
1404 3669
1405 866
1406 3669
1407 2927
1408 1851
1409 4158
1410 1851
1411 2234
1412 4155
1413 4158
1414 1219
1415 1202
1416 1219
1417 1219
1418 4346
1419 1216
1420 4302
1421 1216
1422 4326
1423 1306
1424 4352
1425 1306
1426 1306
1427 1302
1428 1306
1429 1296
1430 1306
1431 1205
1432 1306
1433 1302
1434 1302
1435 1306
1436 1335
1437 1335
1438 1335
1439 1335
1440 4338
1441 161
1442 161
1443 230
1444 145
1445 145
1446 245
1447 4208
1448 162
1449 153
1450 164
1451 998
1452 207
1453 207
1454 997
1455 997
1456 998
1457 4859
1458 4218
1459 4366
1460 4976
1461 4183
1462 4916
1463 4976
1464 4976
1465 4964
1466 4964
1467 4970
1468 4964
1469 4970
1470 4961
1471 4970
1472 4970
1473 4961
1474 322
1475 4970
1476 4961
1477 433
1478 4961
1479 4885
1480 433
1481 4924
1482 502
1483 1020
1484 4905
1485 4924
1486 2193
1487 474
1488 4885
1489 4885
1490 487
1491 4878
1492 599
1493 4905
1494 1851
1495 1930
1496 1878
1497 1851
1498 1853
1499 1878
1500 5032
1501 2134
1502 612
1503 4619
1504 5032
1505 4619
1506 5032
1507 2324
1508 4475
1509 4498
1510 4493
1511 3352
1512 3352
1513 3352
1514 3352
1515 3355
1516 3355
1517 2461
1518 2466
1519 2506
1520 78
1521 78
1522 78
1523 86
1524 78
1525 86
1526 86
1527 86
1528 86
1529 86
1530 86
1531 86
1532 86
1533 86
1534 86
1535 2833
1536 3481
1537 3481
1538 2833
1539 3481
1540 3481
1541 2789
1542 2789
1543 3485
1544 3457
1545 3457
1546 3472
1547 3608
1548 3490
1549 3648
1550 3669
1551 868
1552 3669
1553 866
1554 868
1555 3706
1556 3710
1557 3706
1558 2927
1559 2927
1560 1851
1561 2927
1562 2927
1563 4158
1564 1851
1565 4155
1566 4158
1567 1851
1568 4288
1569 4311
1570 819
1571 1851
1572 1216
1573 4350
1574 4302
1575 4350
1576 4326
1577 1245
1578 4326
1579 1306
1580 1306
1581 1306
1582 1193
1583 1250
1584 4352
1585 1302
1586 1302
1587 4352
1588 1306
1589 1335
1590 4352
1591 1335
1592 1335
1593 1233
1594 161
1595 161
1596 145
1597 145
1598 145
1599 153
1600 162
1601 206
1602 164
1603 153
1604 207
1605 4338
1606 206
1607 800
1608 997
1609 4859
1610 998
1611 997
1612 4976
1613 2956
1614 4976
1615 306
1616 4964
1617 4964
1618 4970
1619 4964
1620 4964
1621 4970
1622 4961
1623 4970
1624 4961
1625 4970
1626 1618
1627 4885
1628 490
1629 494
1630 4885
1631 4905
1632 4905
1633 599
1634 4970
1635 599
1636 2202
1637 2193
1638 4885
1639 1850
1640 4885
1641 1851
1642 4878
1643 1853
1644 4434
1645 1850
1646 4503
1647 2134
1648 1851
1649 4485
1650 4503
1651 5032
1652 1878
1653 4619
1654 4619
1655 5027
1656 2324
1657 1878
1658 5032
1659 4475
1660 2324
1661 2324
1662 3352
1663 3352
1664 3352
1665 3352
1666 3355
1667 3355
1668 3355
1669 3382
1670 3359
1671 2466
1672 2466
1673 2506
1674 2506
1675 86
1676 86
1677 86
1678 86
1679 86
1680 86
1681 86
1682 86
1683 86
1684 86
1685 86
1686 86
1687 86
1688 86
1689 86
1690 86
1691 3481
1692 3481
1693 3481
1694 3491
1695 3472
1696 3472
1697 3472
1698 3491
1699 3491
1700 3481
1701 3481
1702 3485
1703 3488
1704 3485
1705 3491
1706 3607
1707 3608
1708 3669
1709 868
1710 3669
1711 866
1712 865
1713 868
1714 865
1715 3706
1716 3709
1717 3710
1718 2924
1719 1851
1720 2924
1721 1851
1722 1851
1723 1851
1724 2927
1725 4158
1726 4158
1727 1219
1728 4311
1729 4311
1730 1219
1731 4293
1732 4350
1733 4302
1734 1216
1735 1245
1736 1245
1737 1193
1738 1296
1739 1306
1740 1302
1741 1302
1742 1296
1743 1296
1744 1296
1745 1302
1746 1302
1747 1302
1748 1306
1749 1296
1750 1306
1751 1306
1752 1306
1753 1335
1754 1335
1755 1335
1756 1335
1757 1231
1758 161
1759 161
1760 145
1761 145
1762 4222
1763 145
1764 162
1765 145
1766 153
1767 4208
1768 162
1769 164
1770 164
1771 206
1772 998
1773 207
1774 1561
1775 207
1776 998
1777 997
1778 4916
1779 997
1780 4976
1781 997
1782 4366
1783 4916
1784 322
1785 4976
1786 306
1787 4964
1788 4218
1789 4964
1790 4964
1791 4961
1792 4208
1793 4208
1794 4961
1795 4885
1796 4885
1797 1582
1798 395
1799 599
1800 3074
1801 2202
1802 1020
1803 2193
1804 487
1805 2202
1806 487
1807 4434
1808 4434
1809 2135
1810 1850
1811 2134
1812 1878
1813 4485
1814 2331
1815 4489
1816 4498
1817 5033
1818 2308
1819 5027
1820 2308
1821 2308
1822 2324
1823 2324
1824 4498
1825 4493
1826 837
1827 3352
1828 3355
1829 3355
1830 3355
1831 57
1832 2461
1833 2466
1834 2506
1835 78
1836 86
1837 86
1838 86
1839 86
1840 86
1841 86
1842 86
1843 86
1844 86
1845 86
1846 86
1847 86
1848 86
1849 3481
1850 3485
1851 3481
1852 3485
1853 3481
1854 3491
1855 3491
1856 3485
1857 3491
1858 3485
1859 3648
1860 3648
1861 3667
1862 865
1863 3706
1864 3706
1865 949
1866 949
1867 3710
1868 865
1869 873
1870 873
1871 3769
1872 3769
1873 3769
1874 3769
1875 3774
1876 3774
1877 2924
1878 1851
1879 2924
1880 1851
1881 1851
1882 2924
1883 2927
1884 2927
1885 2927
1886 2927
1887 4158
1888 4158
1889 1202
1890 4311
1891 1219
1892 1216
1893 1216
1894 1216
1895 4326
1896 4350
1897 1306
1898 1306
1899 1193
1900 1296
1901 1296
1902 2981
1903 1296
1904 1306
1905 1296
1906 1205
1907 1231
1908 1306
1909 1302
1910 1306
1911 4338
1912 145
1913 4338
1914 145
1915 145
1916 4338
1917 162
1918 145
1919 145
1920 4338
1921 206
1922 206
1923 998
1924 997
1925 997
1926 998
1927 4370
1928 997
1929 4976
1930 4976
1931 4976
1932 306
1933 322
1934 4970
1935 4970
1936 322
1937 4970
1938 4885
1939 4208
1940 4208
1941 494
1942 4924
1943 599
1944 4961
1945 506
1946 474
1947 4970
1948 2202
1949 2202
1950 4885
1951 2202
1952 4885
1953 1878
1954 479
1955 2135
1956 2349
1957 1850
1958 1851
1959 4434
1960 2337
1961 1853
1962 4489
1963 4635
1964 4503
1965 4485
1966 4485
1967 2331
1968 2308
1969 4485
1970 5033
1971 2324
1972 2308
1973 2324
1974 2308
1975 4498
1976 2324
1977 4475
1978 4475
1979 4498
1980 836
1981 3355
1982 3355
1983 3348
1984 57
1985 3348
1986 57
1987 2466
1988 2466
1989 2473
1990 2506
1991 78
1992 2506
1993 86
1994 86
1995 86
1996 86
1997 86
1998 86
1999 86
2000 86
2001 86
2002 86
2003 3481
2004 3481
2005 3485
2006 3491
2007 3491
2008 3491
2009 3491
2010 3491
2011 3491
2012 3485
2013 3485
2014 3491
2015 3485
2016 3608
2017 3648
2018 3648
2019 3608
2020 3669
2021 3631
2022 949
2023 868
2024 873
2025 3709
2026 873
2027 876
2028 873
2029 876
2030 870
2031 876
2032 878
2033 3774
2034 3774
2035 3774
2036 3808
2037 2918
2038 2924
2039 1851
2040 2924
2041 1851
2042 2924
2043 1851
2044 2927
2045 4158
2046 1219
2047 1219
2048 1219
2049 1851
2050 1851
2051 1851
2052 819
2053 4302
2054 4302
2055 1216
2056 1851
2057 1245
2058 1250
2059 1193
2060 1296
2061 1296
2062 1296
2063 1296
2064 1296
2065 1296
2066 1296
2067 1296
2068 1296
2069 1296
2070 1302
2071 1296
2072 1302
2073 1296
2074 1296
2075 1306
2076 1306
2077 1306
2078 1306
2079 1306
2080 4338
2081 145
2082 4222
2083 145
2084 145
2085 145
2086 145
2087 145
2088 145
2089 145
2090 145
2091 145
2092 162
2093 145
2094 153
2095 153
2096 162
2097 162
2098 164
2099 206
2100 207
2101 206
2102 4208
2103 998
2104 207
2105 998
2106 997
2107 997
2108 997
2109 997
2110 4218
2111 997
2112 4859
2113 997
2114 4859
2115 4916
2116 4976
2117 4976
2118 4206
2119 4976
2120 306
2121 322
2122 4964
2123 4206
2124 322
2125 4206
2126 4970
2127 322
2128 4208
2129 4970
2130 322
2131 4885
2132 494
2133 4924
2134 4961
2135 395
2136 1582
2137 599
2138 1582
2139 474
2140 4961
2141 2220
2142 474
2143 2202
2144 1878
2145 613
2146 2337
2147 4434
2148 2337
2149 1851
2150 4434
2151 4489
2152 4503
2153 4474
2154 4905
2155 4489
2156 4489
2157 4485
2158 2331
2159 2324
2160 2134
2161 2337
2162 2308
2163 1878
2164 5027
2165 2324
2166 4475
2167 4493
2168 3352
2169 737
2170 3355
2171 3355
2172 3355
2173 3355
2174 64
2175 3359
2176 2466
2177 71
2178 2506
2179 2506
2180 86
2181 86
2182 86
2183 86
2184 86
2185 86
2186 86
2187 86
2188 86
2189 86
2190 86
2191 3485
2192 3485
2193 3485
2194 3485
2195 3491
2196 3485
2197 3485
2198 3491
2199 3491
2200 3485
2201 3491
2202 3488
2203 3588
2204 3648
2205 3607
2206 3669
2207 3669
2208 873
2209 3710
2210 3769
2211 873
2212 878
2213 978
2214 878
2215 878
2216 871
2217 3774
2218 973
2219 871
2220 3808
2221 3808
2222 3808
2223 3808
2224 3749
2225 2894
2226 2894
2227 2882
2228 2916
2229 2916
2230 2916
2231 1851
2232 2918
2233 2918
2234 2918
2235 2918
2236 2918
2237 1851
2238 1851
2239 2918
2240 1851
2241 2924
2242 2924
2243 1851
2244 1851
2245 2927
2246 1851
2247 2927
2248 1219
2249 4288
2250 4158
2251 1202
2252 1219
2253 1851
2254 4350
2255 1216
2256 1216
2257 4326
2258 4326
2259 1306
2260 1251
2261 1306
2262 1296
2263 1296
2264 1296
2265 4350
2266 1296
2267 4352
2268 1296
2269 1296
2270 1296
2271 1296
2272 1302
2273 1302
2274 1302
2275 1302
2276 1302
2277 1302
2278 1306
2279 4338
2280 145
2281 4208
2282 145
2283 4849
2284 4806
2285 164
2286 163
2287 164
2288 4849
2289 4849
2290 4208
2291 4338
2292 206
2293 4849
2294 4849
2295 4208
2296 4916
2297 4859
2298 997
2299 4916
2300 4859
2301 4976
2302 4976
2303 306
2304 4972
2305 322
2306 322
2307 322
2308 4208
2309 4970
2310 4970
2311 4208
2312 4885
2313 1605
2314 4961
2315 599
2316 506
2317 4961
2318 1582
2319 599
2320 4970
2321 616
2322 2193
2323 4970
2324 2202
2325 2202
2326 4885
2327 2333
2328 4905
2329 613
2330 4924
2331 2333
2332 2337
2333 2135
2334 1851
2335 4905
2336 1850
2337 2337
2338 1851
2339 2337
2340 4619
2341 4503
2342 5033
2343 4485
2344 4485
2345 4485
2346 5033
2347 4619
2348 2324
2349 1930
2350 4476
2351 4498
2352 4475
2353 2324
2354 2324
2355 4980
2356 836
2357 737
2358 739
2359 3355
2360 3355
2361 57
2362 57
2363 64
2364 2466
2365 68
2366 2473
2367 76
2368 2473
2369 86
2370 86
2371 86
2372 86
2373 86
2374 3485
2375 3485
2376 3488
2377 3491
2378 3491
2379 3491
2380 3491
2381 3491
2382 3491
2383 3488
2384 3488
2385 3648
2386 3488
2387 3648
2388 3648
2389 3706
2390 873
2391 876
2392 3706
2393 876
2394 870
2395 878
2396 984
2397 973
2398 1027
2399 990
2400 1021
2401 3748
2402 3808
2403 3749
2404 3752
2405 3806
2406 3753
2407 2888
2408 2888
2409 2888
2410 3929
2411 2889
2412 2880
2413 2880
2414 2880
2415 2894
2416 2885
2417 1158
2418 1158
2419 2134
2420 2328
2421 2916
2422 2134
2423 2134
2424 2918
2425 1851
2426 1851
2427 2918
2428 1851
2429 1851
2430 2918
2431 1851
2432 1851
2433 1851
2434 2924
2435 2924
2436 2924
2437 2924
2438 2927
2439 4158
2440 1851
2441 1851
2442 4311
2443 819
2444 1851
2445 4346
2446 4350
2447 1851
2448 4302
2449 4350
2450 1245
2451 1205
2452 1244
2453 1251
2454 1306
2455 1296
2456 1296
2457 1296
2458 1296
2459 1296
2460 1296
2461 1296
2462 1296
2463 1296
2464 1302
2465 1302
2466 1335
2467 1335
2468 1306
2469 4806
2470 4806
2471 4806
2472 4806
2473 4806
2474 4222
2475 4806
2476 4338
2477 4806
2478 4849
2479 4806
2480 4806
2481 4849
2482 4338
2483 4849
2484 4849
2485 4849
2486 4853
2487 4853
2488 4853
2489 4853
2490 4366
2491 4859
2492 4976
2493 4976
2494 4976
2495 4976
2496 4218
2497 4976
2498 322
2499 322
2500 4208
2501 4208
2502 4964
2503 4208
2504 4964
2505 4208
2506 4964
2507 4208
2508 4885
2509 4885
2510 4208
2511 4885
2512 4924
2513 322
2514 506
2515 4885
2516 494
2517 4924
2518 4961
2519 599
2520 4218
2521 4924
2522 474
2523 1020
2524 4970
2525 4905
2526 2135
2527 4905
2528 432
2529 4905
2530 2333
2531 4885
2532 834
2533 4905
2534 4905
2535 4434
2536 4434
2537 4489
2538 4878
2539 4474
2540 4485
2541 4485
2542 4485
2543 4619
2544 4530
2545 4924
2546 4476
2547 2337
2548 2349
2549 2324
2550 4498
2551 4980
2552 737
2553 3355
2554 3355
2555 3355
2556 57
2557 3336
2558 57
2559 60
2560 64
2561 57
2562 60
2563 71
2564 76
2565 76
2566 2473
2567 2506
2568 78
2569 86
2570 86
2571 86
2572 86
2573 86
2574 3488
2575 3485
2576 3485
2577 3485
2578 3485
2579 3648
2580 3491
2581 3485
2582 3485
2583 3491
2584 3491
2585 3648
2586 3608
2587 3648
2588 3588
2589 3631
2590 3667
2591 3669
2592 873
2593 878
2594 3770
2595 878
2596 878
2597 978
2598 3774
2599 3808
2600 974
2601 973
2602 3808
2603 990
2604 990
2605 3748
2606 3749
2607 1050
2608 3752
2609 1021
2610 3813
2611 1021
2612 3753
2613 3753
2614 3753
2615 1021
2616 1068
2617 1068
2618 2888
2619 1068
2620 3929
2621 3929
2622 3929
2623 1129
2624 2889
2625 1154
2626 1154
2627 2880
2628 1154
2629 1158
2630 2894
2631 1158
2632 2894
2633 1158
2634 2916
2635 2916
2636 2916
2637 2134
2638 1851
2639 2918
2640 2918
2641 2918
2642 2918
2643 1851
2644 2924
2645 4158
2646 1851
2647 1851
2648 2234
2649 1219
2650 1851
2651 1851
2652 1219
2653 1202
2654 2234
2655 1851
2656 4350
2657 1851
2658 1306
2659 4326
2660 1306
2661 1250
2662 1296
2663 1306
2664 1306
2665 1296
2666 1296
2667 4338
2668 1296
2669 1302
2670 1296
2671 1302
2672 1296
2673 1205
2674 1306
2675 1296
2676 1335
2677 4338
2678 4806
2679 4806
2680 4806
2681 4806
2682 4806
2683 4806
2684 4338
2685 4806
2686 4806
2687 4806
2688 4806
2689 4806
2690 4849
2691 4849
2692 4849
2693 4338
2694 4853
2695 4853
2696 4853
2697 4853
2698 4853
2699 4853
2700 4859
2701 4853
2702 4859
2703 4859
2704 4859
2705 4859
2706 4859
2707 4916
2708 4366
2709 4976
2710 4916
2711 4976
2712 4916
2713 4916
2714 306
2715 4976
2716 4972
2717 4916
2718 4972
2719 322
2720 4976
2721 4929
2722 322
2723 4972
2724 4924
2725 322
2726 4924
2727 4885
2728 4970
2729 4924
2730 4961
2731 4970
2732 4924
2733 322
2734 4924
2735 1582
2736 4970
2737 599
2738 4924
2739 1582
2740 4924
2741 599
2742 1019
2743 4924
2744 4905
2745 599
2746 4924
2747 4905
2748 4905
2749 616
2750 4970
2751 4905
2752 4905
2753 479
2754 4905
2755 4905
2756 4905
2757 2369
2758 4905
2759 479
2760 4885
2761 2135
2762 2337
2763 1850
2764 1851
2765 4489
2766 1851
2767 2333
2768 4619
2769 5033
2770 1851
2771 4474
2772 4924
2773 5033
2774 5033
2775 2324
2776 4485
2777 2324
2778 2324
2779 1930
2780 1930
2781 4476
2782 2349
2783 2324
2784 3352
2785 836
2786 836
2787 836
2788 737
2789 737
2790 3348
2791 747
2792 3348
2793 57
2794 57
2795 64
2796 57
2797 76
2798 2473
2799 2506
2800 86
2801 86
2802 86
2803 86
2804 86
2805 3488
2806 3488
2807 3608
2808 3608
2809 3608
2810 3648
2811 3648
2812 3648
2813 3491
2814 3491
2815 3488
2816 3648
2817 3588
2818 3588
2819 3608
2820 3607
2821 3648
2822 3607
2823 865
2824 3669
2825 873
2826 3710
2827 3770
2828 3774
2829 984
2830 3774
2831 986
2832 1050
2833 3749
2834 1050
2835 1021
2836 3813
2837 1021
2838 3806
2839 1021
2840 2888
2841 3753
2842 1021
2843 1068
2844 1068
2845 3753
2846 1068
2847 1068
2848 3929
2849 1068
2850 1068
2851 1068
2852 1154
2853 3929
2854 1129
2855 2894
2856 1154
2857 1158
2858 2894
2859 1158
2860 2894
2861 2328
2862 2134
2863 2916
2864 2916
2865 1851
2866 2918
2867 1851
2868 2918
2869 2924
2870 1851
2871 2927
2872 2924
2873 2234
2874 1219
2875 1851
2876 4288
2877 1851
2878 819
2879 4311
2880 1216
2881 4350
2882 1216
2883 1216
2884 1205
2885 1245
2886 1245
2887 1245
2888 1306
2889 1296
2890 1306
2891 1302
2892 1302
2893 1296
2894 1296
2895 1296
2896 1306
2897 1302
2898 1306
2899 1296
2900 1302
2901 1302
2902 1302
2903 1302
2904 1335
2905 1335
2906 1335
2907 4806
2908 4806
2909 4806
2910 4806
2911 4806
2912 4849
2913 4806
2914 4849
2915 4338
2916 4208
2917 4806
2918 4849
2919 4849
2920 4849
2921 4853
2922 4859
2923 4854
2924 4859
2925 4366
2926 4916
2927 4208
2928 4859
2929 4916
2930 4933
2931 4930
2932 306
2933 4916
2934 4208
2935 322
2936 4976
2937 322
2938 4964
2939 4208
2940 4964
2941 4970
2942 322
2943 322
2944 4970
2945 4885
2946 322
2947 322
2948 4970
2949 322
2950 4924
2951 4970
2952 4924
2953 318
2954 4970
2955 1582
2956 4970
2957 4924
2958 4885
2959 4885
2960 4905
2961 1582
2962 616
2963 4885
2964 4905
2965 616
2966 2202
2967 4218
2968 4970
2969 2202
2970 474
2971 4905
2972 1878
2973 4885
2974 487
2975 432
2976 4905
2977 834
2978 2358
2979 479
2980 1850
2981 4885
2982 1853
2983 4878
2984 1850
2985 4434
2986 4619
2987 4434
2988 4924
2989 4619
2990 2324
2991 4434
2992 2324
2993 4530
2994 2337
2995 1930
2996 1930
2997 1930
2998 1930
2999 2348
3000 2324
3001 4475
3002 4980
3003 836
3004 836
3005 836
3006 836
3007 836
3008 3355
3009 3355
3010 747
3011 3355
3012 3348
3013 747
3014 3336
3015 76
3016 2506
3017 78
3018 86
3019 86
3020 86
3021 86
3022 3488
3023 3526
3024 3608
3025 3488
3026 3648
3027 3648
3028 3526
3029 3648
3030 3648
3031 3648
3032 3667
3033 3648
3034 3648
3035 3631
3036 3669
3037 3706
3038 878
3039 878
3040 978
3041 3769
3042 3774
3043 975
3044 976
3045 3809
3046 3809
3047 3749
3048 1021
3049 1021
3050 1021
3051 3753
3052 1021
3053 1068
3054 1021
3055 1068
3056 3753
3057 1068
3058 1068
3059 1068
3060 1129
3061 2894
3062 1154
3063 1129
3064 1154
3065 1158
3066 2894
3067 2134
3068 2134
3069 2916
3070 1851
3071 1851
3072 1851
3073 1851
3074 1851
3075 1851
3076 4158
3077 1851
3078 4158
3079 1219
3080 1851
3081 1851
3082 1219
3083 1202
3084 4311
3085 4350
3086 1851
3087 1851
3088 1851
3089 1216
3090 2234
3091 4302
3092 4326
3093 1205
3094 1251
3095 1193
3096 1296
3097 1205
3098 1306
3099 1231
3100 1296
3101 1302
3102 1302
3103 1335
3104 4338
3105 4806
3106 4806
3107 4806
3108 4806
3109 4220
3110 4806
3111 4806
3112 4849
3113 4849
3114 4208
3115 4853
3116 4853
3117 4853
3118 4859
3119 4916
3120 4916
3121 4916
3122 4916
3123 306
3124 4933
3125 4929
3126 4972
3127 322
3128 4970
3129 4208
3130 4964
3131 4970
3132 4970
3133 4970
3134 4970
3135 4924
3136 4970
3137 4208
3138 318
3139 4970
3140 4924
3141 506
3142 4970
3143 1618
3144 4924
3145 4970
3146 4905
3147 4885
3148 4885
3149 4905
3150 4924
3151 4905
3152 4970
3153 4905
3154 4905
3155 474
3156 4970
3157 481
3158 4885
3159 2193
3160 2220
3161 1878
3162 2337
3163 4924
3164 4905
3165 4905
3166 4619
3167 4489
3168 1850
3169 5033
3170 5033
3171 4503
3172 2356
3173 5033
3174 5034
3175 2324
3176 2324
3177 4485
3178 4485
3179 1878
3180 1878
3181 4905
3182 4475
3183 4475
3184 2324
3185 4980
3186 3356
3187 836
3188 4980
3189 836
3190 737
3191 739
3192 737
3193 3355
3194 3355
3195 3355
3196 3355
3197 57
3198 757
3199 3382
3200 57
3201 78
3202 86
3203 86
3204 86
3205 86
3206 86
3207 3608
3208 3608
3209 3608
3210 3648
3211 3648
3212 3648
3213 3608
3214 3608
3215 3608
3216 3608
3217 3588
3218 3648
3219 3608
3220 3608
3221 3588
3222 3608
3223 3608
3224 3667
3225 3607
3226 3631
3227 865
3228 3669
3229 878
3230 878
3231 3769
3232 976
3233 978
3234 3808
3235 986
3236 975
3237 3808
3238 1050
3239 3749
3240 1021
3241 1021
3242 1021
3243 2888
3244 2888
3245 1068
3246 2888
3247 1068
3248 1068
3249 3929
3250 2894
3251 1158
3252 2894
3253 1158
3254 2328
3255 2894
3256 2916
3257 2134
3258 2134
3259 2918
3260 2918
3261 2918
3262 1851
3263 2927
3264 1851
3265 4158
3266 1851
3267 4158
3268 4288
3269 4293
3270 1851
3271 2135
3272 1205
3273 4350
3274 4350
3275 4350
3276 1205
3277 1245
3278 1251
3279 4326
3280 1306
3281 1306
3282 1296
3283 1193
3284 1296
3285 1205
3286 1306
3287 1306
3288 1306
3289 1335
3290 4281
3291 1335
3292 1335
3293 4806
3294 4806
3295 4806
3296 4806
3297 4849
3298 4806
3299 4849
3300 4849
3301 4806
3302 4806
3303 4853
3304 4853
3305 4208
3306 4208
3307 4859
3308 4208
3309 4859
3310 4916
3311 4370
3312 4208
3313 4366
3314 306
3315 4208
3316 322
3317 4208
3318 322
3319 4208
3320 4208
3321 322
3322 322
3323 322
3324 318
3325 318
3326 4970
3327 506
3328 4970
3329 599
3330 1582
3331 4970
3332 4885
3333 599
3334 599
3335 4970
3336 4885
3337 4206
3338 4885
3339 4885
3340 4905
3341 2202
3342 4924
3343 2202
3344 4924
3345 4885
3346 4905
3347 2333
3348 2202
3349 4924
3350 4924
3351 1878
3352 4905
3353 1878
3354 4905
3355 474
3356 4905
3357 1851
3358 4489
3359 1851
3360 1850
3361 1853
3362 4434
3363 4489
3364 4474
3365 4619
3366 4485
3367 4924
3368 4503
3369 1878
3370 1930
3371 4905
3372 1930
3373 737
3374 4475
3375 4980
3376 3356
3377 836
3378 836
3379 739
3380 849
3381 2622
3382 747
3383 3355
3384 3355
3385 747
3386 2331
3387 2331
3388 78
3389 86
3390 86
3391 86
3392 86
3393 86
3394 3608
3395 3608
3396 3648
3397 3648
3398 3648
3399 3608
3400 3608
3401 3648
3402 3648
3403 3648
3404 3667
3405 3607
3406 3669
3407 3669
3408 876
3409 3770
3410 878
3411 978
3412 975
3413 984
3414 3808
3415 986
3416 990
3417 1050
3418 1021
3419 1021
3420 3813
3421 3813
3422 1021
3423 1068
3424 1068
3425 1068
3426 1068
3427 3929
3428 3929
3429 1129
3430 2889
3431 1154
3432 1158
3433 1158
3434 2328
3435 2918
3436 2918
3437 2918
3438 1851
3439 2924
3440 1851
3441 1851
3442 4158
3443 2234
3444 1851
3445 2927
3446 4311
3447 1202
3448 1202
3449 1851
3450 1851
3451 1851
3452 1851
3453 2234
3454 2234
3455 1205
3456 1255
3457 4352
3458 4326
3459 1193
3460 4303
3461 1306
3462 1296
3463 1297
3464 1297
3465 1278
3466 1306
3467 1337
3468 1306
3469 1302
3470 4326
3471 1335
3472 4329
3473 4329
3474 4806
3475 4806
3476 4338
3477 4849
3478 4806
3479 4849
3480 4849
3481 4849
3482 4853
3483 4853
3484 4853
3485 4853
3486 4859
3487 4366
3488 4916
3489 4933
3490 4916
3491 306
3492 4924
3493 4916
3494 322
3495 4924
3496 322
3497 322
3498 4970
3499 4208
3500 4924
3501 4970
3502 599
3503 1618
3504 4924
3505 1582
3506 599
3507 4218
3508 599
3509 599
3510 4905
3511 616
3512 4885
3513 616
3514 616
3515 435
3516 616
3517 4924
3518 2234
3519 4905
3520 487
3521 619
3522 1878
3523 4905
3524 4474
3525 1878
3526 1878
3527 4489
3528 1851
3529 5033
3530 5033
3531 1851
3532 1878
3533 4905
3534 5034
3535 5034
3536 2324
3537 2324
3538 5065
3539 4503
3540 4485
3541 4485
3542 1930
3543 4905
3544 4485
3545 1930
3546 1930
3547 2348
3548 4475
3549 4475
3550 4475
3551 737
3552 4980
3553 836
3554 836
3555 3352
3556 3352
3557 3355
3558 3355
3559 747
3560 2331
3561 3355
3562 2331
3563 2331
3564 86
3565 86
3566 86
3567 86
3568 86
3569 86
3570 3607
3571 3607
3572 3648
3573 3588
3574 3608
3575 3607
3576 3607
3577 3648
3578 3648
3579 3607
3580 3607
3581 3607
3582 3648
3583 3631
3584 3667
3585 3631
3586 3669
3587 3631
3588 873
3589 3710
3590 3706
3591 3709
3592 3769
3593 3774
3594 3774
3595 3774
3596 3808
3597 3808
3598 980
3599 1021
3600 1050
3601 1021
3602 3813
3603 1021
3604 1021
3605 3753
3606 3753
3607 2888
3608 2888
3609 3929
3610 1068
3611 1129
3612 2894
3613 2894
3614 2894
3615 2894
3616 2328
3617 2134
3618 1851
3619 1851
3620 2918
3621 2924
3622 1851
3623 1851
3624 1851
3625 2927
3626 4158
3627 1851
3628 2927
3629 1851
3630 1851
3631 1851
3632 819
3633 1851
3634 1851
3635 819
3636 4350
3637 1205
3638 1205
3639 1216
3640 4350
3641 1851
3642 4303
3643 1205
3644 1205
3645 1193
3646 1297
3647 1275
3648 1233
3649 1193
3650 4338
3651 1297
3652 1306
3653 1306
3654 1306
3655 4281
3656 4806
3657 4806
3658 4806
3659 1623
3660 4849
3661 4806
3662 4806
3663 4849
3664 4849
3665 4853
3666 4853
3667 4853
3668 4859
3669 4859
3670 4859
3671 4366
3672 4916
3673 4916
3674 4916
3675 4208
3676 4208
3677 306
3678 4208
3679 4929
3680 322
3681 322
3682 4972
3683 322
3684 318
3685 4208
3686 318
3687 4924
3688 1618
3689 4970
3690 1618
3691 1582
3692 4924
3693 1582
3694 1582
3695 599
3696 599
3697 616
3698 616
3699 4206
3700 2234
3701 4218
3702 616
3703 616
3704 2220
3705 4905
3706 2135
3707 2220
3708 4905
3709 2135
3710 4924
3711 2337
3712 612
3713 4905
3714 2134
3715 4905
3716 4619
3717 4474
3718 1878
3719 4905
3720 4485
3721 1878
3722 4485
3723 1930
3724 1930
3725 1930
3726 5033
3727 4485
3728 1930
3729 4476
3730 836
3731 2604
3732 4475
3733 4475
3734 4498
3735 4493
3736 4980
3737 2620
3738 2620
3739 3355
3740 3355
3741 2331
3742 2331
3743 2331
3744 3355
3745 86
3746 86
3747 86
3748 3607
3749 3648
3750 3648
3751 3648
3752 3648
3753 3588
3754 3588
3755 3607
3756 3667
3757 3607
3758 3648
3759 3667
3760 3604
3761 3669
3762 3669
3763 3669
3764 3706
3765 3710
3766 878
3767 878
3768 978
3769 3774
3770 976
3771 3774
3772 976
3773 981
3774 3808
3775 3808
3776 3808
3777 3749
3778 3749
3779 1021
3780 3813
3781 1021
3782 1068
3783 2888
3784 1068
3785 3929
3786 3929
3787 3929
3788 2894
3789 1154
3790 1158
3791 2894
3792 2916
3793 2916
3794 2134
3795 1851
3796 1851
3797 2918
3798 1851
3799 2924
3800 2924
3801 2924
3802 1851
3803 1851
3804 2234
3805 1219
3806 4288
3807 4311
3808 1219
3809 1851
3810 2234
3811 4311
3812 1851
3813 4350
3814 4350
3815 1216
3816 4350
3817 1205
3818 1205
3819 4351
3820 1245
3821 1205
3822 4352
3823 1233
3824 4351
3825 4326
3826 1263
3827 1306
3828 4326
3829 227
3830 4326
3831 1233
3832 1297
3833 1306
3834 4326
3835 1286
3836 4326
3837 1434
3838 4326
3839 4329
3840 1233
3841 4806
3842 4849
3843 4849
3844 4849
3845 4849
3846 1554
3847 4853
3848 4206
3849 4853
3850 4853
3851 4853
3852 4859
3853 4859
3854 4859
3855 4916
3856 4859
3857 4366
3858 4208
3859 4916
3860 4208
3861 306
3862 4929
3863 4929
3864 322
3865 4924
3866 322
3867 4924
3868 318
3869 322
3870 318
3871 4208
3872 318
3873 4924
3874 1582
3875 599
3876 599
3877 4924
3878 4218
3879 1582
3880 599
3881 616
3882 616
3883 616
3884 2234
3885 4905
3886 4208
3887 2234
3888 2234
3889 4208
3890 4206
3891 2234
3892 2234
3893 4208
3894 4905
3895 2234
3896 487
3897 4924
3898 2234
3899 487
3900 2234
3901 2135
3902 4924
3903 2333
3904 4905
3905 613
3906 4489
3907 1851
3908 4489
3909 5033
3910 1851
3911 4476
3912 5033
3913 4477
3914 1878
3915 5033
3916 2324
3917 2324
3918 4503
3919 4476
3920 1878
3921 1930
3922 4905
3923 4485
3924 4476
3925 1930
3926 5032
3927 4485
3928 2348
3929 4485
3930 4476
3931 4485
3932 4485
3933 4485
3934 2604
3935 4485
3936 4475
3937 2604
3938 2348
3939 737
3940 2604
3941 737
3942 4980
3943 846
3944 4979
3945 3356
3946 3352
3947 2324
3948 3352
3949 2331
3950 3355
3951 2331
3952 3607
3953 3648
3954 3607
3955 3607
3956 3607
3957 3607
3958 3607
3959 3604
3960 3648
3961 3648
3962 3607
3963 3631
3964 3667
3965 3667
3966 3667
3967 3669
3968 3669
3969 3706
3970 3706
3971 3710
3972 3769
3973 3770
3974 981
3975 3774
3976 976
3977 3774
3978 3774
3979 981
3980 980
3981 990
3982 3749
3983 1050
3984 3752
3985 1021
3986 1021
3987 3806
3988 1068
3989 3753
3990 3753
3991 1021
3992 2888
3993 2888
3994 2888
3995 1068
3996 1154
3997 1154
3998 2894
3999 1158
4000 2894
4001 2918
4002 2918
4003 2918
4004 2924
4005 2924
4006 1851
4007 1851
4008 1851
4009 1851
4010 4158
4011 2234
4012 4158
4013 2234
4014 4311
4015 1851
4016 4311
4017 1851
4018 1219
4019 819
4020 4311
4021 1216
4022 1216
4023 4350
4024 1851
4025 1216
4026 1205
4027 1851
4028 4350
4029 4350
4030 1205
4031 1205
4032 4351
4033 1218
4034 4351
4035 1263
4036 1233
4037 1233
4038 4351
4039 4352
4040 224
4041 4351
4042 4351
4043 1233
4044 1299
4045 1299
4046 4326
4047 1286
4048 1447
4049 4326
4050 1447
4051 4338
4052 4329
4053 4338
4054 4849
4055 4806
4056 4849
4057 4338
4058 4849
4059 4849
4060 4849
4061 4849
4062 4090
4063 4853
4064 4853
4065 4853
4066 4853
4067 4854
4068 4859
4069 4859
4070 4218
4071 4859
4072 4370
4073 4859
4074 4208
4075 4859
4076 4208
4077 4916
4078 306
4079 4916
4080 4933
4081 4208
4082 4208
4083 306
4084 4940
4085 4929
4086 4208
4087 4972
4088 4208
4089 4972
4090 322
4091 322
4092 4208
4093 318
4094 4208
4095 4970
4096 1618
4097 599
4098 599
4099 1582
4100 4924
4101 1582
4102 616
4103 4206
4104 2234
4105 4905
4106 4208
4107 4885
4108 4208
4109 479
4110 4905
4111 2234
4112 4208
4113 479
4114 2234
4115 2220
4116 4905
4117 2234
4118 479
4119 4924
4120 2234
4121 2234
4122 487
4123 2193
4124 2234
4125 2337
4126 2135
4127 2337
4128 1851
4129 4619
4130 4498
4131 1851
4132 5033
4133 4619
4134 1851
4135 2536
4136 5032
4137 4503
4138 2535
4139 4485
4140 5033
4141 4485
4142 4476
4143 836
4144 5033
4145 4489
4146 4485
4147 4475
4148 4489
4149 4489
4150 4476
4151 4475
4152 4475
4153 4475
4154 4498
4155 4498
4156 846
4157 846
4158 4498
4159 2605
4160 4988
4161 4498
4162 4498
4163 4988
4164 2331
4165 2324
4166 3648
4167 3667
4168 3667
4169 3667
4170 3604
4171 3604
4172 3604
4173 3667
4174 3607
4175 3667
4176 3607
4177 3667
4178 3631
4179 3669
4180 3706
4181 3631
4182 3669
4183 876
4184 3706
4185 3709
4186 878
4187 878
4188 3770
4189 978
4190 976
4191 3774
4192 3769
4193 981
4194 983
4195 3808
4196 3808
4197 3808
4198 980
4199 3808
4200 990
4201 3748
4202 3749
4203 1050
4204 3749
4205 1021
4206 3752
4207 1021
4208 3806
4209 3806
4210 1021
4211 1021
4212 2888
4213 1068
4214 3753
4215 2888
4216 1068
4217 3929
4218 1068
4219 1129
4220 2894
4221 1154
4222 1154
4223 1158
4224 2894
4225 2328
4226 2916
4227 2894
4228 2134
4229 2134
4230 2918
4231 2918
4232 1851
4233 2918
4234 1851
4235 2924
4236 1851
4237 2927
4238 2927
4239 1851
4240 4288
4241 1851
4242 4158
4243 1851
4244 1851
4245 1851
4246 4288
4247 1851
4248 1219
4249 4311
4250 4311
4251 1219
4252 4311
4253 1219
4254 4311
4255 4311
4256 1219
4257 4311
4258 4350
4259 1202
4260 1219
4261 1216
4262 4350
4263 4350
4264 4350
4265 1216
4266 4351
4267 4351
4268 228
4269 4326
4270 4338
4271 4326
4272 4329
4273 4281
4274 4281
4275 4329
4276 4338
4277 4849
4278 4849
4279 4849
4280 4849
4281 4849
4282 4849
4283 4849
4284 4853
4285 4853
4286 4338
4287 4366
4288 4208
4289 4916
4290 306
4291 4916
4292 4208
4293 4933
4294 4208
4295 4208
4296 322
4297 4972
4298 4930
4299 4208
4300 4208
4301 4208
4302 306
4303 322
4304 4208
4305 4208
4306 4208
4307 4208
4308 4208
4309 321
4310 283
4311 4972
4312 4929
4313 318
4314 322
4315 4924
4316 4208
4317 4924
4318 494
4319 318
4320 4972
4321 4208
4322 2035
4323 4885
4324 4208
4325 4208
4326 1582
4327 1582
4328 4924
4329 599
4330 4208
4331 4208
4332 4206
4333 1582
4334 1582
4335 4924
4336 2206
4337 4218
4338 4208
4339 4885
4340 616
4341 616
4342 2234
4343 2234
4344 2234
4345 4208
4346 2234
4347 4208
4348 4208
4349 4924
4350 616
4351 479
4352 4905
4353 4905
4354 4905
4355 494
4356 4905
4357 4905
4358 487
4359 4905
4360 619
4361 765
4362 4905
4363 2135
4364 610
4365 3124
4366 4905
4367 2134
4368 4498
4369 4905
4370 1851
4371 4905
4372 5033
4373 4619
4374 5033
4375 836
4376 5033
4377 5032
4378 5033
4379 2604
4380 5027
4381 5033
4382 2604
4383 4498
4384 737
4385 4498
4386 4995
4387 4988
4388 737
4389 4498
4390 4988
4391 4498
4392 737
4393 4988
4394 737
4395 4988
4396 4988
4397 3352
4398 2324
4399 3648
4400 3667
4401 3604
4402 3607
4403 3604
4404 3604
4405 3604
4406 3604
4407 3631
4408 3667
4409 3667
4410 3604
4411 3631
4412 3667
4413 3631
4414 3669
4415 3631
4416 3669
4417 3669
4418 876
4419 3706
4420 3706
4421 3710
4422 3710
4423 3710
4424 3770
4425 878
4426 978
4427 3769
4428 3774
4429 981
4430 981
4431 980
4432 980
4433 1050
4434 1050
4435 3749
4436 1050
4437 3749
4438 1021
4439 3752
4440 3813
4441 1021
4442 1021
4443 3806
4444 1021
4445 3753
4446 1021
4447 1068
4448 2888
4449 1068
4450 2888
4451 2888
4452 3929
4453 1068
4454 3929
4455 1068
4456 3929
4457 1154
4458 2894
4459 1158
4460 2894
4461 2894
4462 2918
4463 2918
4464 1851
4465 1851
4466 1851
4467 1851
4468 1851
4469 1851
4470 1851
4471 2927
4472 2927
4473 4158
4474 1851
4475 2927
4476 1851
4477 1851
4478 4288
4479 1851
4480 4288
4481 4288
4482 4288
4483 4311
4484 4351
4485 228
4486 1308
4487 4338
4488 4351
4489 1515
4490 4281
4491 230
4492 4329
4493 230
4494 4849
4495 4849
4496 4849
4497 1551
4498 1582
4499 4218
4500 4218
4501 4208
4502 4183
4503 4208
4504 4208
4505 1561
4506 1561
4507 283
4508 306
4509 306
4510 4183
4511 1561
4512 1561
4513 306
4514 306
4515 321
4516 4208
4517 4208
4518 4208
4519 4208
4520 4208
4521 1561
4522 4218
4523 1561
4524 1582
4525 4218
4526 1582
4527 4929
4528 4208
4529 4208
4530 1582
4531 1582
4532 4930
4533 4208
4534 1605
4535 4924
4536 2035
4537 2035
4538 318
4539 4970
4540 2035
4541 2035
4542 2035
4543 494
4544 494
4545 4208
4546 494
4547 4208
4548 4208
4549 4208
4550 4208
4551 4208
4552 4924
4553 599
4554 599
4555 4208
4556 4208
4557 4206
4558 4218
4559 1582
4560 4924
4561 2206
4562 4208
4563 4924
4564 599
4565 2234
4566 2234
4567 4208
4568 4885
4569 2206
4570 616
4571 4208
4572 4208
4573 4208
4574 4206
4575 4924
4576 616
4577 616
4578 2234
4579 2234
4580 616
4581 4208
4582 4208
4583 4924
4584 4208
4585 4208
4586 2234
4587 490
4588 2220
4589 479
4590 4924
4591 4905
4592 2234
4593 2234
4594 487
4595 4905
4596 487
4597 4905
4598 487
4599 4905
4600 4905
4601 487
4602 4905
4603 2135
4604 4905
4605 2135
4606 2353
4607 2135
4608 609
4609 2353
4610 4498
4611 5034
4612 4498
4613 2349
4614 4619
4615 4498
4616 609
4617 2358
4618 5027
4619 5032
4620 2535
4621 5027
4622 3150
4623 2348
4624 2535
4625 5032
4626 4990
4627 2604
4628 5033
4629 4990
4630 5027
4631 4503
4632 2604
4633 5033
4634 2604
4635 5027
4636 4498
4637 5027
4638 4995
4639 4995
4640 5027
4641 4996
4642 5027
4643 3352
4644 4498
4645 4988
4646 4498
4647 4988
4648 3356
4649 3356
4650 4988
4651 3356
4652 3352
4653 3631
4654 3604
4655 3631
4656 3604
4657 3667
4658 3667
4659 3667
4660 3667
4661 3667
4662 3631
4663 3604
4664 3667
4665 3669
4666 3631
4667 3631
4668 3669
4669 3669
4670 3669
4671 949
4672 3706
4673 873
4674 3710
4675 878
4676 878
4677 878
4678 978
4679 976
4680 981
4681 980
4682 1050
4683 990
4684 1050
4685 1050
4686 1021
4687 1021
4688 1068
4689 1021
4690 1068
4691 1068
4692 1068
4693 1068
4694 1068
4695 3929
4696 3929
4697 2888
4698 3929
4699 1068
4700 3929
4701 1154
4702 3929
4703 1158
4704 2894
4705 2894
4706 1158
4707 2328
4708 2916
4709 2134
4710 2918
4711 2134
4712 1851
4713 2918
4714 1851
4715 1851
4716 1851
4717 1851
4718 2918
4719 2924
4720 2924
4721 1851
4722 2924
4723 2924
4724 1851
4725 1851
4726 4158
4727 4351
4728 1308
4729 4351
4730 4338
4731 4329
4732 4329
4733 4281
4734 4281
4735 245
4736 4338
4737 4168
4738 1582
4739 1561
4740 306
4741 1561
4742 1561
4743 306
4744 306
4745 306
4746 306
4747 306
4748 306
4749 306
4750 4208
4751 4208
4752 4208
4753 4208
4754 4208
4755 4208
4756 4208
4757 4208
4758 4208
4759 1582
4760 4208
4761 4208
4762 4218
4763 1582
4764 2035
4765 2122
4766 4208
4767 4208
4768 4208
4769 4208
4770 4208
4771 4208
4772 4218
4773 1618
4774 599
4775 2122
4776 2122
4777 599
4778 599
4779 4208
4780 4208
4781 2202
4782 599
4783 599
4784 4924
4785 599
4786 599
4787 599
4788 599
4789 2035
4790 599
4791 506
4792 494
4793 494
4794 4208
4795 4924
4796 2206
4797 2206
4798 4208
4799 4924
4800 2234
4801 2234
4802 616
4803 2206
4804 4208
4805 4924
4806 616
4807 4208
4808 2234
4809 616
4810 4208
4811 4924
4812 616
4813 599
4814 4208
4815 2202
4816 599
4817 2202
4818 490
4819 599
4820 487
4821 599
4822 494
4823 487
4824 487
4825 599
4826 599
4827 599
4828 765
4829 487
4830 599
4831 2135
4832 2135
4833 606
4834 609
4835 609
4836 609
4837 609
4838 1853
4839 609
4840 2548
4841 2535
4842 2346
4843 2548
4844 4502
4845 5021
4846 2548
4847 32
4848 2535
4849 5032
4850 2604
4851 4990
4852 2548
4853 1851
4854 2604
4855 5027
4856 5032
4857 4991
4858 2604
4859 5027
4860 2548
4861 3216
4862 2604
4863 2348
4864 4988
4865 5027
4866 4503
4867 2349
4868 2324
4869 4991
4870 5032
4871 4988
4872 4991
4873 836
4874 5027
4875 4991
4876 5033
4877 5027
4878 3352
4879 5027
4880 5027
4881 5027
4882 5033
4883 5033
4884 5027
4885 4995
4886 3352
4887 3352
4888 4988
4889 4988
4890 3604
4891 3604
4892 3631
4893 3631
4894 3631
4895 3631
4896 3667
4897 3669
4898 3669
4899 949
4900 3631
4901 949
4902 873
4903 876
4904 876
4905 876
4906 876
4907 876
4908 878
4909 1068
4910 1068
4911 1068
4912 1068
4913 2894
4914 2894
4915 1129
4916 2894
4917 1154
4918 1158
4919 2894
4920 2894
4921 2894
4922 2894
4923 2916
4924 2918
4925 2134
4926 2918
4927 2134
4928 2134
4929 2918
4930 2134
4931 2134
4932 1851
4933 1851
4934 1851
4935 1851
4936 4351
4937 4351
4938 1429
4939 1429
4940 1515
4941 1649
4942 4351
4943 4338
4944 4354
4945 4360
4946 4365
4947 245
4948 1594
4949 4366
4950 283
4951 306
4952 306
4953 306
4954 4366
4955 306
4956 306
4957 4208
4958 4208
4959 4208
4960 4208
4961 4208
4962 4208
4963 4208
4964 4208
4965 4208
4966 4208
4967 4208
4968 4208
4969 4208
4970 4208
4971 4208
4972 1582
4973 4208
4974 4208
4975 4208
4976 4208
4977 4208
4978 4208
4979 4208
4980 4208
4981 4208
4982 4208
4983 2206
4984 2206
4985 599
4986 2206
4987 2206
4988 2206
4989 599
4990 2202
4991 599
4992 2035
4993 2035
4994 506
4995 494
4996 4208
4997 616
4998 2206
4999 2206
5000 4208
5001 2206
5002 2206
5003 616
5004 616
5005 616
5006 599
5007 599
5008 599
5009 599
5010 494
5011 4208
5012 599
5013 2035
5014 487
5015 494
5016 599
5017 2035
5018 494
5019 4208
5020 2202
5021 599
5022 502
5023 494
5024 599
5025 487
5026 494
5027 494
5028 599
5029 616
5030 487
5031 477
5032 765
5033 599
5034 765
5035 599
5036 599
5037 487
5038 765
5039 599
5040 619
5041 619
5042 2135
5043 619
5044 609
5045 612
5046 609
5047 609
5048 609
5049 609
5050 2548
5051 1851
5052 2535
5053 1851
5054 2548
5055 612
5056 2535
5057 2535
5058 5027
5059 2535
5060 2535
5061 2548
5062 609
5063 2348
5064 2535
5065 4988
5066 4991
5067 2324
5068 2548
5069 4991
5070 4988
5071 2324
5072 4991
5073 4988
5074 4991
5075 5033
5076 4988
5077 4996
5078 5033
5079 5011
5080 4988
5081 5027
5082 4988
5083 5027
5084 3352
5085 4988
5086 2324
5087 5033
5088 3352
5089 4988
5090 5027
5091 3352
5092 4988
5093 5027
5094 3631
5095 3631
5096 3631
5097 3604
5098 3631
5099 3604
5100 3631
5101 3631
5102 3631
5103 3631
5104 3631
5105 873
5106 1129
5107 1154
5108 1158
5109 2894
5110 2894
5111 2894
5112 1158
5113 1158
5114 2894
5115 2916
5116 2894
5117 2328
5118 2918
5119 2134
5120 2134
5121 2918
5122 2134
5123 2134
5124 2134
5125 4351
5126 4329
5127 244
5128 4329
5129 4338
5130 4298
5131 245
5132 2938
5133 4281
5134 2938
5135 4168
5136 4366
5137 4365
5138 2938
5139 306
5140 306
5141 2956
5142 4366
5143 4366
5144 2206
5145 2202
5146 2202
5147 599
5148 599
5149 599
5150 2035
5151 494
5152 616
5153 2202
5154 599
5155 599
5156 2035
5157 494
5158 487
5159 490
5160 487
5161 599
5162 487
5163 487
5164 599
5165 487
5166 619
5167 599
5168 609
5169 609
5170 609
5171 609
5172 609
5173 612
5174 609
5175 609
5176 609
5177 612
5178 3216
5179 4503
5180 609
5181 4991
5182 5032
5183 4991
5184 4991
5185 5032
5186 4996
5187 5033
5188 3631
5189 3631
5190 3631
5191 1154
5192 1158
5193 1158
5194 2134
5195 4338
5196 4338
5197 4329
5198 4365
5199 4366
