0 1569
1 874
2 1443
3 1569
4 984
5 1569
6 1569
7 1443
8 1363
9 822
10 1569
11 1443
12 1569
13 1635
14 1978
15 1979
16 1569
17 1670
18 1569
19 1670
20 1569
21 1569
22 1363
23 1101
24 1485
25 1670
26 1978
27 2646
28 453
29 453
30 548
31 548
32 898
33 688
34 893
35 546
36 688
37 688
38 688
39 702
40 702
41 849
42 548
43 548
44 548
45 898
46 548
47 548
48 457
49 1089
50 548
51 898
52 548
53 548
54 898
55 548
56 548
57 3232
58 3232
59 3232
60 3232
61 3232
62 3232
63 3232
64 898
65 898
66 453
67 3232
68 3232
69 3232
70 3232
71 688
72 688
73 453
74 453
75 849
76 849
77 907
78 688
79 1363
80 821
81 3232
82 688
83 821
84 821
85 822
86 5031
87 1569
88 1569
89 1569
90 777
91 702
92 1101
93 479
94 1569
95 1670
96 1978
97 1569
98 5029
99 702
100 870
101 894
102 1089
103 1089
104 1089
105 1089
106 945
107 1175
108 5191
109 870
110 946
111 945
112 946
113 985
114 1853
115 552
116 1853
117 5168
118 1853
119 5181
120 1089
121 5165
122 5185
123 1963
124 5191
125 5185
126 5185
127 5191
128 5191
129 5191
130 5191
131 5191
132 5191
133 5191
134 5191
135 5168
136 1963
137 1963
138 1963
139 5188
140 2810
141 1963
142 2810
143 2810
144 5188
145 2764
146 5052
147 5192
148 5192
149 870
150 5191
151 5191
152 5174
153 548
154 548
155 548
156 523
157 548
158 523
159 548
160 548
161 548
162 548
163 548
164 548
165 453
166 688
167 453
168 898
169 548
170 702
171 688
172 833
173 1363
174 1363
175 833
176 3101
177 849
178 521
179 775
180 453
181 548
182 548
183 548
184 898
185 898
186 548
187 548
188 898
189 453
190 898
191 453
192 688
193 3232
194 3232
195 3232
196 898
197 898
198 548
199 548
200 548
201 548
202 548
203 548
204 548
205 548
206 3250
207 2911
208 5165
209 1963
210 2802
211 1963
212 1963
213 5180
214 5185
215 5185
216 5185
217 5196
218 5165
219 1963
220 2981
221 1756
222 2810
223 2981
224 1713
225 946
226 1201
227 870
228 870
229 1175
230 5168
231 1963
232 5191
233 5181
234 513
235 513
236 5191
237 946
238 1756
239 1756
240 1756
241 1712
242 5185
243 1610
244 1963
245 5185
246 5185
247 5191
248 5190
249 5191
250 5191
251 1610
252 1610
253 1610
254 1610
255 1756
256 1756
257 1756
258 1963
259 1963
260 1610
261 1756
262 1756
263 2764
264 2981
265 3247
266 2892
267 1742
268 3247
269 3247
270 1817
271 2012
272 1979
273 2012
274 2012
275 3247
276 3247
277 3176
278 3247
279 3055
280 3055
281 3247
282 3176
283 3247
284 3749
285 2149
286 3749
287 3749
288 1574
289 3749
290 3055
291 3055
292 4138
293 1979
294 1979
295 1979
296 1802
297 3211
298 3211
299 1979
300 3176
301 1979
302 1979
303 1979
304 1979
305 1802
306 1802
307 1979
308 1979
309 1979
310 1979
311 1802
312 1979
313 1979
314 1979
315 1979
316 109
317 17
318 4927
319 38
320 225
321 168
322 4926
323 315
324 315
325 184
326 109
327 17
328 61
329 225
330 109
331 118
332 408
333 1
334 118
335 78
336 225
337 164
338 38
339 4927
340 164
341 4927
342 4927
343 333
344 315
345 119
346 178
347 346
348 178
349 130
350 325
351 78
352 322
353 0
354 0
355 320
356 392
357 178
358 1
359 295
360 38
361 4927
362 4927
363 436
364 450
365 164
366 436
367 315
368 315
369 451
370 36
371 295
372 14
373 89
374 417
375 78
376 320
377 14
378 295
379 38
380 175
381 175
382 4927
383 109
384 17
385 4927
386 4927
387 4927
388 175
389 4927
390 450
391 320
392 4926
393 4927
394 169
395 4927
396 175
397 4927
398 164
399 436
400 4931
401 118
402 119
403 178
404 218
405 1
406 2
407 4931
408 250
409 178
410 129
411 57
412 4930
413 61
414 14
415 109
416 109
417 38
418 320
419 266
420 109
421 109
422 435
423 154
424 109
425 109
426 436
427 109
428 17
429 175
430 19
431 4927
432 145
433 14
434 14
435 89
436 17
437 322
438 910
439 928
440 1311
441 910
442 1311
443 856
444 887
445 888
446 4998
447 856
448 856
449 912
450 1068
451 856
452 887
453 575
454 910
455 928
456 1305
457 1311
458 928
459 1305
460 1304
461 910
462 910
463 1218
464 765
465 1218
466 1218
467 888
468 1233
469 643
470 5200
471 5199
472 856
473 643
474 575
475 1204
476 659
477 700
478 5017
479 700
480 5018
481 1232
482 915
483 700
484 1068
485 887
486 887
487 888
488 888
489 4998
490 1228
491 4976
492 5013
493 1232
494 3055
495 3055
496 3055
497 1698
498 1409
499 3055
500 1749
501 3055
502 1698
503 1607
504 1607
505 3055
506 3055
507 3055
508 3055
509 3055
510 3055
511 3055
512 3055
513 3055
514 1326
515 1698
516 1698
517 3055
518 3247
519 3247
520 3247
521 3055
522 3176
523 3247
524 3055
525 363
526 525
527 13
528 525
529 538
530 291
531 396
532 135
533 291
534 472
535 254
536 418
537 135
538 418
539 398
540 13
541 535
542 434
543 397
544 213
545 213
546 434
547 194
548 194
549 192
550 476
551 206
552 528
553 703
554 528
555 534
556 534
557 476
558 476
559 534
560 534
561 549
562 206
563 528
564 534
565 534
566 2520
567 2520
568 2520
569 2520
570 2520
571 2520
572 2520
573 2520
574 2520
575 3081
576 2520
577 2520
578 2520
579 2520
580 2520
581 2520
582 2520
583 2520
584 2520
585 2520
586 2520
587 2520
588 2520
589 2520
590 2520
591 2520
592 2520
593 2520
594 2520
595 2520
596 2520
597 2520
598 2520
599 2520
600 2520
601 2520
602 2520
603 3081
604 2520
605 2520
606 2520
607 5042
608 2480
609 3081
610 2520
611 2520
612 2520
613 2520
614 2520
615 2520
616 2520
617 2520
618 5042
619 2232
620 3081
621 3252
622 3204
623 3244
624 2580
625 3081
626 2480
627 3081
628 2520
629 5042
630 3081
631 3252
632 2480
633 3252
634 3252
635 3081
636 3170
637 3251
638 3246
639 3170
640 3246
641 3081
642 2520
643 2520
644 2520
645 2520
646 2520
647 5046
648 2520
649 2520
650 2520
651 2520
652 2520
653 2520
654 5046
655 5046
656 2480
657 2520
658 2520
659 2520
660 2520
661 2520
662 2520
663 2520
664 5042
665 3204
666 3208
667 2763
668 3204
669 3251
670 3252
671 2520
672 3101
673 3101
674 3101
675 3232
676 3232
677 3232
678 3232
679 821
680 3232
681 3101
682 3232
683 3232
684 3232
685 3232
686 3232
687 3232
688 3232
689 3232
690 821
691 688
692 3232
693 3232
694 849
695 1363
696 1363
697 3101
698 1363
699 1543
700 821
701 3101
702 5031
703 5030
704 5031
705 1968
706 5031
707 5031
708 1363
709 1363
710 822
711 2622
712 1363
713 822
714 1569
715 822
716 821
717 2764
718 2810
719 2981
720 2981
721 2764
722 2764
723 2981
724 2810
725 2981
726 2764
727 2764
728 2764
729 2810
730 3208
731 3208
732 3208
733 3251
734 2230
735 3252
736 3252
737 2230
738 3153
739 2230
740 2230
741 2230
742 3081
743 3081
744 3081
745 2230
746 3246
747 3252
748 3176
749 3247
750 3247
751 3247
752 3247
753 3176
754 3247
755 3247
756 3247
757 3247
758 3247
759 3176
760 3176
761 3176
762 3176
763 3176
764 3176
765 3211
766 3176
767 1709
768 3176
769 3211
770 3211
771 3176
772 1709
773 1709
774 1709
775 1709
776 1709
777 1709
778 1709
779 1709
780 1709
781 1709
782 1709
783 3176
784 390
785 320
786 38
787 175
788 417
789 87
790 88
791 265
792 155
793 149
794 129
795 51
796 155
797 341
798 87
799 4923
800 282
801 419
802 281
803 211
804 130
805 4930
806 59
807 58
808 7
809 244
810 244
811 246
812 271
813 391
814 298
815 129
816 408
817 226
818 341
819 268
820 4923
821 341
822 275
823 390
824 88
825 87
826 417
827 322
828 154
829 275
830 322
831 51
832 87
833 275
834 275
835 275
836 226
837 218
838 945
839 1089
840 1089
841 1089
842 1089
843 919
844 5192
845 945
846 899
847 2810
848 5168
849 5181
850 975
851 874
852 919
853 874
854 919
855 870
856 1963
857 1963
858 2810
859 2810
860 5174
861 946
862 1177
863 513
864 1963
865 1175
866 2981
867 3244
868 2763
869 3208
870 3246
871 3246
872 3246
873 3153
874 3208
875 1995
876 2981
877 3208
878 2981
879 2981
880 2981
881 2764
882 2981
883 2764
884 2981
885 2764
886 2981
887 2981
888 2763
889 2763
890 2764
891 2981
892 5030
893 5039
894 893
895 874
896 1089
897 984
898 369
899 5031
900 500
901 1485
902 2580
903 2520
904 2520
905 2520
906 2520
907 2520
908 5042
909 2520
910 2520
911 2520
912 2520
913 2520
914 2520
915 2520
916 2520
917 2580
918 2520
919 2520
920 2480
921 3153
922 3241
923 3081
924 2904
925 3251
926 3251
927 2957
928 2957
929 3246
930 5046
931 5046
932 2520
933 2520
934 2520
935 2520
936 3241
937 3081
938 3246
939 3241
940 3251
941 3153
942 2230
943 2904
944 2904
945 2520
946 5042
947 2520
948 2520
949 2904
950 2520
951 2520
952 2520
953 2520
954 2520
955 2520
956 2520
957 2520
958 2520
959 2520
960 2520
961 2520
962 2520
963 2520
964 2520
965 2520
966 2520
967 2763
968 2926
969 2926
970 2763
971 2629
972 3251
973 2770
974 2763
975 2810
976 2763
977 2763
978 2981
979 2763
980 2957
981 3252
982 3170
983 2763
984 3252
985 3251
986 2230
987 3252
988 2230
989 3252
990 816
991 816
992 816
993 816
994 816
995 816
996 816
997 5016
998 816
999 816
1000 816
1001 816
1002 816
1003 816
1004 816
1005 816
1006 816
1007 816
1008 816
1009 816
1010 816
1011 816
1012 816
1013 816
1014 816
1015 816
1016 816
1017 816
1018 816
1019 744
1020 858
1021 803
1022 744
1023 4977
1024 4975
1025 745
1026 744
1027 803
1028 1068
1029 744
1030 845
1031 857
1032 5016
1033 816
1034 816
1035 816
1036 816
1037 816
1038 816
1039 816
1040 816
1041 816
1042 816
1043 816
1044 816
1045 816
1046 2520
1047 2520
1048 2520
1049 5042
1050 2520
1051 2520
1052 2904
1053 2520
1054 2904
1055 2904
1056 2904
1057 5042
1058 3055
1059 1607
1060 3055
1061 1081
1062 3749
1063 3055
1064 3055
1065 1748
1066 3055
1067 3055
1068 3055
1069 3247
1070 3749
1071 3247
1072 3055
1073 3055
1074 600
1075 1643
1076 600
1077 3055
1078 3247
1079 2889
1080 3247
1081 3247
1082 3176
1083 3176
1084 3247
1085 3247
1086 3247
1087 3055
1088 3247
1089 876
1090 5040
1091 816
1092 753
1093 876
1094 816
1095 816
1096 753
1097 816
1098 816
1099 752
1100 802
1101 745
1102 972
1103 858
1104 745
1105 720
1106 816
1107 816
1108 816
1109 816
1110 816
1111 816
1112 816
1113 816
1114 816
1115 816
1116 816
1117 816
1118 816
1119 816
1120 816
1121 816
1122 816
1123 816
1124 816
1125 816
1126 816
1127 816
1128 816
1129 897
1130 897
1131 876
1132 897
1133 816
1134 852
1135 745
1136 816
1137 876
1138 876
1139 720
1140 816
1141 852
1142 803
1143 645
1144 753
1145 816
1146 879
1147 845
1148 845
1149 5012
1150 744
1151 816
1152 816
1153 816
1154 816
1155 816
1156 816
1157 816
1158 816
1159 816
1160 816
1161 816
1162 816
1163 816
1164 816
1165 816
1166 816
1167 816
1168 816
1169 816
1170 816
1171 816
1172 816
1173 816
1174 816
1175 816
1176 816
1177 816
1178 816
1179 816
1180 816
1181 816
1182 816
1183 816
1184 1709
1185 1709
1186 1709
1187 1709
1188 1709
1189 1709
1190 1883
1191 1709
1192 1709
1193 1709
1194 1709
1195 1709
1196 1709
1197 1709
1198 1883
1199 1883
1200 1979
1201 1979
1202 1709
1203 1802
1204 1979
1205 1802
1206 1883
1207 1883
1208 1968
1209 1883
1210 1883
1211 1709
1212 1883
1213 1569
1214 1569
1215 1883
1216 1883
1217 1883
1218 1883
1219 1979
1220 1979
1221 1979
1222 3176
1223 3176
1224 3176
1225 3211
1226 1819
1227 3211
1228 1709
1229 3176
1230 1740
1231 1819
1232 1740
1233 2012
1234 1740
1235 1740
1236 1740
1237 2012
1238 3176
1239 2012
1240 3176
1241 1019
1242 900
1243 901
1244 655
1245 926
1246 655
1247 655
1248 655
1249 735
1250 735
1251 926
1252 869
1253 735
1254 1227
1255 901
1256 924
1257 924
1258 655
1259 655
1260 655
1261 869
1262 987
1263 970
1264 1628
1265 977
1266 977
1267 1559
1268 1409
1269 1409
1270 868
1271 868
1272 2026
1273 1063
1274 924
1275 943
1276 920
1277 920
1278 920
1279 1407
1280 1582
1281 1409
1282 987
1283 987
1284 1409
1285 1081
1286 1149
1287 1409
1288 816
1289 816
1290 816
1291 816
1292 876
1293 897
1294 845
1295 759
1296 876
1297 816
1298 816
1299 816
1300 816
1301 816
1302 816
1303 816
1304 816
1305 816
1306 816
1307 876
1308 816
1309 816
1310 816
1311 816
1312 816
1313 816
1314 816
1315 816
1316 816
1317 816
1318 816
1319 816
1320 3247
1321 2892
1322 1817
1323 1817
1324 1817
1325 1817
1326 1774
1327 1774
1328 1847
1329 4127
1330 1847
1331 535
1332 476
1333 397
1334 476
1335 528
1336 13
1337 535
1338 213
1339 434
1340 216
1341 13
1342 12
1343 535
1344 535
1345 549
1346 549
1347 12
1348 434
1349 1672
1350 1636
1351 1636
1352 1409
1353 1636
1354 1574
1355 1574
1356 1574
1357 1636
1358 1672
1359 1636
1360 1636
1361 1636
1362 1672
1363 1636
1364 1344
1365 1464
1366 1672
1367 977
1368 868
1369 943
1370 1480
1371 920
1372 2027
1373 1524
1374 1559
1375 1672
1376 920
1377 943
1378 920
1379 920
1380 920
1381 1672
1382 1672
1383 1672
1384 1865
1385 1966
1386 2027
1387 1966
1388 2027
1389 1672
1390 1773
1391 1672
1392 1672
1393 3956
1394 4505
1395 4688
1396 4493
1397 4435
1398 3956
1399 2656
1400 4435
1401 4315
1402 4435
1403 3956
1404 4505
1405 3956
1406 3956
1407 4436
1408 3957
1409 4625
1410 4684
1411 1541
1412 1968
1413 1968
1414 1883
1415 1883
1416 1968
1417 1968
1418 1541
1419 1968
1420 1541
1421 1968
1422 5029
1423 5024
1424 919
1425 5027
1426 500
1427 500
1428 369
1429 919
1430 874
1431 370
1432 1485
1433 5034
1434 5026
1435 1747
1436 1747
1437 1968
1438 487
1439 487
1440 1491
1441 1491
1442 939
1443 1985
1444 487
1445 1985
1446 939
1447 1426
1448 1177
1449 939
1450 939
1451 1610
1452 1426
1453 1177
1454 1177
1455 1177
1456 1177
1457 1177
1458 1610
1459 1610
1460 947
1461 939
1462 939
1463 939
1464 939
1465 1988
1466 2586
1467 2650
1468 2650
1469 2650
1470 1979
1471 2650
1472 487
1473 2646
1474 1670
1475 1223
1476 1177
1477 1776
1478 671
1479 1838
1480 1776
1481 938
1482 1501
1483 487
1484 487
1485 938
1486 1223
1487 938
1488 909
1489 1776
1490 1522
1491 1776
1492 2586
1493 487
1494 674
1495 674
1496 674
1497 674
1498 1177
1499 946
1500 946
1501 674
1502 674
1503 674
1504 1522
1505 674
1506 674
1507 1177
1508 1177
1509 1177
1510 1177
1511 1177
1512 1177
1513 1177
1514 1177
1515 1177
1516 1177
1517 1177
1518 1177
1519 1177
1520 1177
1521 671
1522 938
1523 909
1524 2586
1525 2586
1526 1600
1527 2586
1528 2586
1529 1980
1530 487
1531 487
1532 909
1533 1610
1534 947
1535 947
1536 1177
1537 1177
1538 1177
1539 947
1540 947
1541 947
1542 1610
1543 947
1544 1177
1545 1177
1546 1610
1547 1610
1548 1756
1549 947
1550 1756
1551 947
1552 1177
1553 1177
1554 1177
1555 1426
1556 1177
1557 909
1558 1223
1559 1223
1560 1426
1561 1223
1562 1177
1563 909
1564 1610
1565 1610
1566 1756
1567 1756
1568 1610
1569 1610
1570 1713
1571 1756
1572 1713
1573 1713
1574 1756
1575 1979
1576 2012
1577 1979
1578 1979
1579 1817
1580 2012
1581 1979
1582 1979
1583 1979
1584 2012
1585 1817
1586 2012
1587 2012
1588 1817
1589 1817
1590 1817
1591 1817
1592 4919
1593 4732
1594 4737
1595 4731
1596 4732
1597 4811
1598 4811
1599 4731
1600 4731
1601 4737
1602 4737
1603 4876
1604 4918
1605 4918
1606 4918
1607 4811
1608 4918
1609 4822
1610 4589
1611 4912
1612 4917
1613 4918
1614 4912
1615 4919
1616 4908
1617 4919
1618 4738
1619 4705
1620 4908
1621 4892
1622 4819
1623 4795
1624 2358
1625 4795
1626 4892
1627 4726
1628 4750
1629 4819
1630 4589
1631 4899
1632 4908
1633 4913
1634 4797
1635 4797
1636 4732
1637 4820
1638 4717
1639 4705
1640 4731
1641 4876
1642 4918
1643 4732
1644 4732
1645 4875
1646 4876
1647 4759
1648 4767
1649 4738
1650 4705
1651 4732
1652 4734
1653 4734
1654 4705
1655 4731
1656 4705
1657 4738
1658 4876
1659 4731
1660 4705
1661 4703
1662 4875
1663 4738
1664 4738
1665 4876
1666 4876
1667 4651
1668 4717
1669 4705
1670 4731
1671 4732
1672 4759
1673 4876
1674 4778
1675 5136
1676 4748
1677 4821
1678 4918
1679 4850
1680 4523
1681 5136
1682 4761
1683 4795
1684 4892
1685 4795
1686 4522
1687 4892
1688 4516
1689 5136
1690 4906
1691 4881
1692 4821
1693 4919
1694 4850
1695 4912
1696 4912
1697 4523
1698 4513
1699 4724
1700 4750
1701 4189
1702 4297
1703 4298
1704 3714
1705 3554
1706 3554
1707 4297
1708 4164
1709 4298
1710 3803
1711 4298
1712 4187
1713 3804
1714 3712
1715 4265
1716 3817
1717 4286
1718 3553
1719 4323
1720 3554
1721 2362
1722 2358
1723 2372
1724 2361
1725 2257
1726 2257
1727 2257
1728 2372
1729 2358
1730 2358
1731 4724
1732 4516
1733 4795
1734 4892
1735 2358
1736 2358
1737 4724
1738 4789
1739 4906
1740 4826
1741 5136
1742 4850
1743 4775
1744 4629
1745 4912
1746 4797
1747 4761
1748 4748
1749 4589
1750 4778
1751 4750
1752 4888
1753 4164
1754 3803
1755 4041
1756 5070
1757 4299
1758 4042
1759 3619
1760 4163
1761 3618
1762 4164
1763 3929
1764 3794
1765 4248
1766 3803
1767 3816
1768 4297
1769 4189
1770 4323
1771 3853
1772 3638
1773 3792
1774 4098
1775 3594
1776 3662
1777 3853
1778 5150
1779 1774
1780 1774
1781 1774
1782 1671
1783 1761
1784 1761
1785 1761
1786 1774
1787 1761
1788 1591
1789 1591
1790 1591
1791 1591
1792 1591
1793 1761
1794 1761
1795 1761
1796 1774
1797 1774
1798 1575
1799 1774
1800 1575
1801 1774
1802 1774
1803 1774
1804 1575
1805 1774
1806 1847
1807 1742
1808 1847
1809 1817
1810 1817
1811 1847
1812 1817
1813 2012
1814 2012
1815 1817
1816 1847
1817 1774
1818 1575
1819 1575
1820 1774
1821 1774
1822 1774
1823 1774
1824 1575
1825 1847
1826 1847
1827 2419
1828 2323
1829 2419
1830 2323
1831 2419
1832 2419
1833 2419
1834 2419
1835 2419
1836 2419
1837 2419
1838 2419
1839 2419
1840 2323
1841 2419
1842 2419
1843 2854
1844 2419
1845 2323
1846 2854
1847 2508
1848 2508
1849 2520
1850 2520
1851 2520
1852 2520
1853 2520
1854 2520
1855 2520
1856 2520
1857 2904
1858 2904
1859 2521
1860 5044
1861 2521
1862 2520
1863 2520
1864 2520
1865 2520
1866 2232
1867 2904
1868 2520
1869 5044
1870 2520
1871 2904
1872 2520
1873 2520
1874 2521
1875 2520
1876 2521
1877 2904
1878 2904
1879 2521
1880 5044
1881 2521
1882 2521
1883 2521
1884 5044
1885 2904
1886 2904
1887 2904
1888 2904
1889 5044
1890 5044
1891 5044
1892 2904
1893 2521
1894 2520
1895 2520
1896 2904
1897 2904
1898 2904
1899 5044
1900 5044
1901 2904
1902 2904
1903 2904
1904 2904
1905 2904
1906 3252
1907 3246
1908 3246
1909 3153
1910 3246
1911 3153
1912 2571
1913 3153
1914 2230
1915 2571
1916 2904
1917 2904
1918 2904
1919 2230
1920 2690
1921 2904
1922 1491
1923 2646
1924 487
1925 487
1926 938
1927 487
1928 938
1929 487
1930 939
1931 1522
1932 1522
1933 938
1934 939
1935 1491
1936 939
1937 939
1938 1712
1939 939
1940 938
1941 939
1942 939
1943 939
1944 1670
1945 487
1946 938
1947 908
1948 1522
1949 674
1950 674
1951 674
1952 946
1953 946
1954 946
1955 674
1956 674
1957 674
1958 674
1959 1522
1960 1522
1961 674
1962 1522
1963 1522
1964 1522
1965 1627
1966 909
1967 908
1968 939
1969 938
1970 939
1971 938
1972 1776
1973 4850
1974 4906
1975 4789
1976 4629
1977 4775
1978 4850
1979 4850
1980 4850
1981 4850
1982 4797
1983 4821
1984 4821
1985 4850
1986 4797
1987 938
1988 939
1989 1610
1990 1756
1991 1756
1992 992
1993 939
1994 1756
1995 1714
1996 1756
1997 992
1998 1756
1999 1712
2000 939
2001 1201
2002 1175
2003 939
2004 1573
2005 1670
2006 487
2007 939
2008 1979
2009 1979
2010 1979
2011 1979
2012 1979
2013 1979
2014 1979
2015 1979
2016 1979
2017 2012
2018 1979
2019 1892
2020 1979
2021 1979
2022 2405
2023 2012
2024 1817
2025 1817
2026 2012
2027 1817
2028 2012
2029 1979
2030 2012
2031 2520
2032 5046
2033 5046
2034 5046
2035 2520
2036 2520
2037 2520
2038 4055
2039 4054
2040 5110
2041 5095
2042 5078
2043 3814
2044 4101
2045 5110
2046 3975
2047 3814
2048 3813
2049 3608
2050 3939
2051 4045
2052 5110
2053 5078
2054 5078
2055 5078
2056 5111
2057 4062
2058 5110
2059 5078
2060 4006
2061 4006
2062 5078
2063 5078
2064 5110
2065 4062
2066 4059
2067 5132
2068 5132
2069 4059
2070 4062
2071 4010
2072 4059
2073 4009
2074 4061
2075 4061
2076 4061
2077 4010
2078 4061
2079 4009
2080 4010
2081 4059
2082 4062
2083 5073
2084 4360
2085 4070
2086 3556
2087 4349
2088 3556
2089 4045
2090 3936
2091 4045
2092 3939
2093 3607
2094 3938
2095 5115
2096 4055
2097 5110
2098 5110
2099 5078
2100 5110
2101 4057
2102 4345
2103 4055
2104 3995
2105 5078
2106 4068
2107 4050
2108 3813
2109 4070
2110 4272
2111 5132
2112 4330
2113 5132
2114 3558
2115 4258
2116 5132
2117 4009
2118 5078
2119 4343
2120 4343
2121 4013
2122 4010
2123 5132
2124 3558
2125 4079
2126 4344
2127 4258
2128 4258
2129 3558
2130 4344
2131 5132
2132 4345
2133 4345
2134 3557
2135 4346
2136 4344
2137 4343
2138 4330
2139 4258
2140 3813
2141 3557
2142 3813
2143 3814
2144 4360
2145 4360
2146 3811
2147 3556
2148 3608
2149 3814
2150 3607
2151 3816
2152 3555
2153 5110
2154 1774
2155 1575
2156 1774
2157 1847
2158 1575
2159 1575
2160 1774
2161 1774
2162 1774
2163 1774
2164 1774
2165 1761
2166 1761
2167 1774
2168 1782
2169 1761
2170 1761
2171 1761
2172 1761
2173 1761
2174 1761
2175 1761
2176 1774
2177 4292
2178 3556
2179 4292
2180 4345
2181 3813
2182 4346
2183 3813
2184 4360
2185 4349
2186 3816
2187 4349
2188 3556
2189 3556
2190 3556
2191 3812
2192 3812
2193 3556
2194 4349
2195 3811
2196 3816
2197 5078
2198 4057
2199 4057
2200 5078
2201 4059
2202 4408
2203 4059
2204 5132
2205 4330
2206 4061
2207 5078
2208 4258
2209 4344
2210 4345
2211 3995
2212 4258
2213 4344
2214 4258
2215 3557
2216 4330
2217 5132
2218 4344
2219 4345
2220 4345
2221 4078
2222 2012
2223 2012
2224 1817
2225 1817
2226 2012
2227 1817
2228 1817
2229 1575
2230 1742
2231 1742
2232 1817
2233 2012
2234 1817
2235 1671
2236 1671
2237 1671
2238 1671
2239 1671
2240 1671
2241 1761
2242 1671
2243 1671
2244 1181
2245 2026
2246 2026
2247 1773
2248 1671
2249 1761
2250 1671
2251 1671
2252 2029
2253 1591
2254 2029
2255 2029
2256 2029
2257 2029
2258 2028
2259 2542
2260 2542
2261 2542
2262 2542
2263 2026
2264 1979
2265 1979
2266 1979
2267 1979
2268 1979
2269 1979
2270 1979
2271 1979
2272 1979
2273 1979
2274 1979
2275 1979
2276 1979
2277 2143
2278 2162
2279 2575
2280 2575
2281 2143
2282 2255
2283 2574
2284 2574
2285 2323
2286 2419
2287 2419
2288 2419
2289 2323
2290 2588
2291 2419
2292 2323
2293 2419
2294 2854
2295 2854
2296 2419
2297 2443
2298 2443
2299 1877
2300 2419
2301 2323
2302 2323
2303 2255
2304 2323
2305 2419
2306 2419
2307 2588
2308 2323
2309 1966
2310 2027
2311 2027
2312 2026
2313 2027
2314 2027
2315 2027
2316 1966
2317 2027
2318 2027
2319 2027
2320 2028
2321 2029
2322 2029
2323 1671
2324 1671
2325 2029
2326 2029
2327 2028
2328 2029
2329 2029
2330 2026
2331 1671
2332 1671
2333 1671
2334 1671
2335 1773
2336 1773
2337 1773
2338 1773
2339 1741
2340 1773
2341 1672
2342 3415
2343 3506
2344 3506
2345 3506
2346 3415
2347 3451
2348 3451
2349 3961
2350 3451
2351 3961
2352 3451
2353 3512
2354 3227
2355 3506
2356 3415
2357 3415
2358 3506
2359 3415
2360 3506
2361 3415
2362 5130
2363 5130
2364 5130
2365 1101
2366 548
2367 548
2368 548
2369 548
2370 548
2371 548
2372 548
2373 894
2374 1089
2375 893
2376 5187
2377 5168
2378 2967
2379 2967
2380 5187
2381 3829
2382 5168
2383 5181
2384 2858
2385 5181
2386 457
2387 404
2388 894
2389 5185
2390 5185
2391 2764
2392 2810
2393 2764
2394 2810
2395 2810
2396 548
2397 523
2398 3124
2399 139
2400 139
2401 3307
2402 4154
2403 3124
2404 3307
2405 1963
2406 2034
2407 1575
2408 1742
2409 1742
2410 1847
2411 1817
2412 1847
2413 1782
2414 1813
2415 1813
2416 1774
2417 2012
2418 1979
2419 1979
2420 1979
2421 1979
2422 1979
2423 1979
2424 1979
2425 1979
2426 1979
2427 1979
2428 3247
2429 3211
2430 1709
2431 1709
2432 1802
2433 3211
2434 265
2435 250
2436 4930
2437 130
2438 130
2439 7
2440 7
2441 109
2442 4927
2443 175
2444 175
2445 175
2446 4927
2447 4927
2448 174
2449 450
2450 4927
2451 175
2452 175
2453 175
2454 175
2455 175
2456 4927
2457 175
2458 175
2459 35
2460 448
2461 145
2462 436
2463 4927
2464 38
2465 4927
2466 175
2467 175
2468 175
2469 35
2470 175
2471 175
2472 175
2473 282
2474 59
2475 58
2476 281
2477 360
2478 419
2479 330
2480 59
2481 660
2482 575
2483 575
2484 660
2485 660
2486 660
2487 660
2488 658
2489 5018
2490 658
2491 700
2492 660
2493 643
2494 575
2495 575
2496 1235
2497 5199
2498 5198
2499 1204
2500 643
2501 244
2502 285
2503 245
2504 245
2505 285
2506 246
2507 330
2508 244
2509 8
2510 470
2511 285
2512 245
2513 910
2514 1304
2515 1218
2516 1311
2517 928
2518 1305
2519 1305
2520 928
2521 928
2522 1311
2523 928
2524 910
2525 912
2526 856
2527 888
2528 4998
2529 4991
2530 4998
2531 888
2532 856
2533 972
2534 912
2535 910
2536 910
2537 397
2538 396
2539 535
2540 213
2541 213
2542 213
2543 434
2544 434
2545 213
2546 397
2547 2520
2548 2562
2549 3036
2550 2520
2551 2520
2552 2520
2553 2520
2554 2520
2555 3241
2556 3244
2557 3208
2558 2810
2559 2426
2560 2426
2561 17
2562 2764
2563 5052
2564 5192
2565 2764
2566 2981
2567 1709
2568 1709
2569 1802
2570 1664
2571 1709
2572 1709
2573 1569
2574 5029
2575 1883
2576 1709
2577 57
2578 275
2579 154
2580 322
2581 390
2582 154
2583 275
2584 275
2585 88
2586 390
2587 154
2588 322
2589 417
2590 275
2591 457
2592 546
2593 453
2594 894
2595 453
2596 548
2597 546
2598 457
2599 1363
2600 775
2601 891
2602 4154
2603 832
2604 2967
2605 893
2606 919
2607 1363
2608 870
2609 919
2610 874
2611 931
2612 874
2613 939
2614 870
2615 919
2616 975
2617 874
2618 899
2619 1177
2620 1756
2621 2764
2622 1756
2623 1610
2624 1175
2625 1175
2626 2764
2627 3170
2628 3252
2629 3251
2630 2904
2631 3251
2632 3246
2633 3208
2634 3246
2635 2981
2636 2981
2637 2981
2638 874
2639 1089
2640 874
2641 874
2642 1089
2643 1089
2644 5192
2645 2520
2646 2520
2647 5042
2648 2580
2649 2520
2650 2957
2651 3244
2652 3081
2653 2793
2654 803
2655 857
2656 5012
2657 1228
2658 5013
2659 1170
2660 573
2661 803
2662 843
2663 5012
2664 897
2665 5012
2666 816
2667 816
2668 816
2669 816
2670 816
2671 816
2672 816
2673 816
2674 2520
2675 857
2676 4991
2677 4999
2678 1170
2679 4999
2680 658
2681 857
2682 4998
2683 4991
2684 816
2685 816
2686 816
2687 816
2688 816
2689 816
2690 816
2691 816
2692 816
2693 816
2694 816
2695 816
2696 816
2697 816
2698 816
2699 842
2700 816
2701 816
2702 816
2703 816
2704 816
2705 816
2706 816
2707 816
2708 816
2709 816
2710 816
2711 816
2712 816
2713 816
2714 816
2715 816
2716 816
2717 1709
2718 1979
2719 1979
2720 1979
2721 1979
2722 1979
2723 1979
2724 1819
2725 1979
2726 1979
2727 1740
2728 1802
2729 1819
2730 1709
2731 1819
2732 1802
2733 1819
2734 1802
2735 1968
2736 500
2737 1968
2738 500
2739 1968
2740 1979
2741 1979
2742 1979
2743 1979
2744 1979
2745 1979
2746 3176
2747 1740
2748 816
2749 816
2750 816
2751 816
2752 816
2753 816
2754 816
2755 816
2756 816
2757 816
2758 816
2759 816
2760 816
2761 1968
2762 1883
2763 1883
2764 2087
2765 2087
2766 2087
2767 1883
2768 3749
2769 600
2770 4138
2771 1209
2772 1643
2773 4138
2774 1761
2775 4138
2776 213
2777 434
2778 535
2779 213
2780 434
2781 337
2782 475
2783 213
2784 471
2785 471
2786 471
2787 194
2788 2027
2789 943
2790 2027
2791 2027
2792 2026
2793 2026
2794 2027
2795 868
2796 1672
2797 1966
2798 920
2799 920
2800 1182
2801 1773
2802 1672
2803 2026
2804 1064
2805 4315
2806 4576
2807 4435
2808 2656
2809 4435
2810 4435
2811 4435
2812 4435
2813 3028
2814 2656
2815 4435
2816 4435
2817 4493
2818 2656
2819 3028
2820 2114
2821 3028
2822 4435
2823 4625
2824 4436
2825 4496
2826 4688
2827 4688
2828 4575
2829 4579
2830 1484
2831 1569
2832 1588
2833 939
2834 1177
2835 1980
2836 2650
2837 2650
2838 2405
2839 2650
2840 2586
2841 1610
2842 1610
2843 1756
2844 947
2845 1610
2846 1610
2847 1610
2848 1610
2849 1756
2850 1610
2851 1201
2852 1713
2853 1995
2854 994
2855 1995
2856 1995
2857 1995
2858 1995
2859 1995
2860 1995
2861 1713
2862 994
2863 1788
2864 1177
2865 1177
2866 1177
2867 674
2868 674
2869 674
2870 674
2871 674
2872 909
2873 909
2874 909
2875 1776
2876 1838
2877 1776
2878 1776
2879 991
2880 1177
2881 947
2882 1979
2883 1817
2884 1817
2885 1817
2886 1847
2887 1742
2888 1979
2889 1979
2890 1979
2891 1979
2892 1979
2893 1979
2894 1979
2895 1709
2896 1709
2897 1709
2898 1709
2899 1709
2900 1802
2901 1709
2902 1883
2903 1709
2904 1979
2905 1979
2906 1569
2907 1979
2908 1883
2909 4731
2910 4705
2911 4731
2912 4875
2913 4664
2914 4664
2915 4664
2916 4731
2917 4731
2918 4664
2919 4663
2920 4664
2921 4663
2922 4918
2923 4731
2924 4737
2925 4737
2926 4875
2927 4820
2928 4822
2929 4819
2930 4917
2931 4731
2932 4664
2933 4664
2934 4717
2935 4663
2936 4705
2937 4738
2938 4298
2939 4188
2940 3816
2941 4298
2942 4188
2943 3554
2944 4189
2945 4299
2946 3555
2947 3555
2948 4349
2949 4188
2950 4299
2951 3803
2952 5082
2953 3929
2954 5150
2955 4164
2956 3618
2957 4164
2958 3618
2959 3804
2960 3553
2961 4265
2962 3817
2963 4334
2964 4265
2965 4266
2966 3804
2967 4323
2968 4724
2969 2358
2970 4884
2971 2358
2972 2362
2973 2372
2974 2257
2975 2372
2976 4892
2977 2257
2978 2532
2979 2532
2980 2532
2981 2575
2982 2532
2983 2574
2984 4918
2985 3607
2986 4298
2987 4298
2988 4298
2989 4187
2990 3803
2991 3816
2992 3803
2993 3554
2994 3804
2995 4323
2996 3804
2997 4189
2998 4759
2999 4850
3000 4850
3001 4821
3002 4734
3003 4746
3004 4654
3005 4746
3006 4738
3007 4731
3008 4732
3009 4664
3010 1591
3011 1591
3012 1591
3013 1591
3014 1591
3015 1591
3016 1761
3017 1591
3018 3316
3019 1591
3020 2565
3021 3774
3022 1671
3023 1671
3024 1591
3025 2542
3026 3658
3027 2029
3028 1774
3029 1847
3030 1847
3031 1742
3032 2162
3033 2575
3034 2575
3035 2574
3036 2574
3037 2532
3038 2532
3039 2532
3040 2575
3041 2575
3042 2588
3043 2588
3044 2587
3045 2323
3046 2419
3047 2854
3048 2443
3049 2419
3050 2443
3051 2443
3052 2443
3053 1877
3054 2443
3055 1931
3056 2166
3057 2419
3058 2520
3059 2520
3060 2521
3061 5044
3062 2520
3063 2521
3064 2904
3065 2904
3066 3251
3067 3170
3068 3251
3069 2904
3070 3208
3071 2426
3072 3208
3073 2764
3074 3246
3075 3246
3076 3252
3077 2904
3078 2904
3079 2520
3080 2520
3081 2520
3082 2520
3083 2520
3084 2520
3085 2904
3086 2520
3087 2520
3088 3208
3089 487
3090 1714
3091 1714
3092 1713
3093 1713
3094 1713
3095 1797
3096 1786
3097 1714
3098 1786
3099 1995
3100 939
3101 4850
3102 4881
3103 4856
3104 4797
3105 4850
3106 4850
3107 4775
3108 4775
3109 4732
3110 4651
3111 4664
3112 4664
3113 4663
3114 4663
3115 4731
3116 4789
3117 5136
3118 4775
3119 4843
3120 4906
3121 4629
3122 4881
3123 4750
3124 4892
3125 4789
3126 2358
3127 2358
3128 2358
3129 2362
3130 2358
3131 2257
3132 4724
3133 4724
3134 1817
3135 1979
3136 1979
3137 1979
3138 1979
3139 1979
3140 1979
3141 2012
3142 1979
3143 1979
3144 2520
3145 2520
3146 4006
3147 5068
3148 4009
3149 4009
3150 4006
3151 4010
3152 4009
3153 4006
3154 5078
3155 5078
3156 5078
3157 5078
3158 4006
3159 4006
3160 5078
3161 5078
3162 4062
3163 5132
3164 5132
3165 4344
3166 4056
3167 4061
3168 4343
3169 4330
3170 4354
3171 4354
3172 5096
3173 5096
3174 4059
3175 4353
3176 4354
3177 4354
3178 5132
3179 4010
3180 4354
3181 5096
3182 5096
3183 5096
3184 4061
3185 4010
3186 4343
3187 4016
3188 4010
3189 4016
3190 4330
3191 4006
3192 5078
3193 5109
3194 5068
3195 5068
3196 5068
3197 5068
3198 5080
3199 4345
3200 5132
3201 4344
3202 3995
3203 4346
3204 4344
3205 5132
3206 4346
3207 4344
3208 4059
3209 4410
3210 4057
3211 5111
3212 4292
3213 4345
3214 4258
3215 3813
3216 3814
3217 3814
3218 3557
3219 1817
3220 1740
3221 1979
3222 2012
3223 1979
3224 1979
3225 1979
3226 2012
3227 1817
3228 2028
3229 655
3230 655
3231 655
3232 735
3233 735
3234 2028
3235 2151
3236 2542
3237 2028
3238 2027
3239 655
3240 2027
3241 2027
3242 2027
3243 2027
3244 2027
3245 655
3246 655
3247 735
3248 2465
3249 2465
3250 655
3251 2027
3252 2028
3253 2027
3254 655
3255 2027
3256 2027
3257 2027
3258 2028
3259 2465
3260 2465
3261 2465
3262 2028
3263 2029
3264 2028
3265 2027
3266 2027
3267 2026
3268 2027
3269 2027
3270 943
3271 1773
3272 1773
3273 1773
3274 1773
3275 2026
3276 5096
3277 4354
3278 5096
3279 5096
3280 4016
3281 5096
3282 4016
3283 5096
3284 4010
3285 4010
3286 4061
3287 5096
3288 4016
3289 5096
3290 4010
3291 4010
3292 5096
3293 5096
3294 4010
3295 5096
3296 5096
3297 4010
3298 5096
3299 5096
3300 1979
3301 1569
3302 1979
3303 1569
3304 1979
3305 1569
3306 1546
3307 1979
3308 1569
3309 1569
3310 2575
3311 2574
3312 2575
3313 2532
3314 2574
3315 2532
3316 2257
3317 2255
3318 3648
3319 3628
3320 3628
3321 3776
3322 3628
3323 3451
3324 3415
3325 3415
3326 3415
3327 3961
3328 3961
3329 5110
3330 4059
3331 4059
3332 4408
3333 4059
3334 4409
3335 4408
3336 4059
3337 4057
3338 4059
3339 5132
3340 4057
3341 4330
3342 4409
3343 5110
3344 1488
3345 1979
3346 1979
3347 1979
3348 1802
3349 1709
3350 1883
3351 1709
3352 1802
3353 1883
3354 1968
3355 1968
3356 1569
3357 1588
3358 1747
3359 1541
3360 1747
3361 1747
3362 1949
3363 1747
3364 1949
3365 1968
3366 1747
3367 1747
3368 1485
3369 483
3370 1486
3371 1569
3372 1089
3373 5185
3374 513
3375 5168
3376 5181
3377 1853
3378 1853
3379 1853
3380 1853
3381 1853
3382 1949
3383 1949
3384 1853
3385 1853
3386 2179
3387 1949
3388 2179
3389 2179
3390 1853
3391 2179
3392 1949
3393 1949
3394 1949
3395 1949
3396 1747
3397 1747
3398 1949
3399 1949
3400 1949
3401 2179
3402 1853
3403 1853
3404 5181
3405 2810
3406 3307
3407 2667
3408 2858
3409 3490
3410 520
3411 3744
3412 520
3413 541
3414 544
3415 541
3416 774
3417 137
3418 1339
3419 899
3420 948
3421 453
3422 688
3423 833
3424 688
3425 833
3426 1101
3427 907
3428 369
3429 2193
3430 5039
3431 849
3432 1363
3433 849
3434 984
3435 822
3436 1135
3437 521
3438 821
3439 3101
3440 3232
3441 688
3442 688
3443 688
3444 778
3445 1089
3446 791
3447 1436
3448 1201
3449 1201
3450 978
3451 539
3452 139
3453 139
3454 139
3455 139
3456 139
3457 541
3458 523
3459 139
3460 1756
3461 1713
3462 774
3463 774
3464 204
3465 399
3466 1339
3467 1995
3468 204
3469 1339
3470 1995
3471 1178
3472 2981
3473 2764
3474 2764
3475 2764
3476 2810
3477 3246
3478 3208
3479 3204
3480 3208
3481 3208
3482 3749
3483 1574
3484 1574
3485 1574
3486 1574
3487 1741
3488 1636
3489 1636
3490 1636
3491 1636
3492 1072
3493 1326
3494 1583
3495 1634
3496 1583
3497 1326
3498 1072
3499 1698
3500 1761
3501 1761
3502 1671
3503 1636
3504 1636
3505 1575
3506 1671
3507 2012
3508 3176
3509 1709
3510 1709
3511 1802
3512 1709
3513 1883
3514 1883
3515 1883
3516 1883
3517 1968
3518 1968
3519 1968
3520 1541
3521 1968
3522 1968
3523 1883
3524 1968
3525 1968
3526 1883
3527 1883
3528 1968
3529 1541
3530 1541
3531 1747
3532 1747
3533 1747
3534 1541
3535 1541
3536 1883
3537 1883
3538 1883
3539 1883
3540 1883
3541 1883
3542 7
3543 419
3544 358
3545 6
3546 285
3547 55
3548 360
3549 360
3550 6
3551 175
3552 175
3553 4927
3554 174
3555 4930
3556 155
3557 4927
3558 175
3559 175
3560 175
3561 175
3562 175
3563 175
3564 4927
3565 4927
3566 175
3567 175
3568 175
3569 175
3570 175
3571 175
3572 175
3573 175
3574 175
3575 165
3576 175
3577 175
3578 175
3579 417
3580 175
3581 175
3582 175
3583 175
3584 175
3585 175
3586 175
3587 175
3588 175
3589 175
3590 175
3591 175
3592 175
3593 175
3594 1305
3595 1218
3596 1218
3597 5134
3598 765
3599 1218
3600 1218
3601 1218
3602 1218
3603 1218
3604 4769
3605 1218
3606 1305
3607 1305
3608 1305
3609 5152
3610 1305
3611 1304
3612 5152
3613 1304
3614 928
3615 1218
3616 1311
3617 765
3618 4769
3619 1218
3620 1218
3621 765
3622 4769
3623 1218
3624 4769
3625 4619
3626 4585
3627 4619
3628 4511
3629 4831
3630 765
3631 4991
3632 4999
3633 1232
3634 656
3635 1155
3636 408
3637 1218
3638 5134
3639 1218
3640 4585
3641 765
3642 765
3643 1218
3644 1218
3645 1305
3646 1304
3647 1218
3648 4769
3649 4585
3650 4769
3651 765
3652 4769
3653 1218
3654 1218
3655 1155
3656 5013
3657 858
3658 744
3659 640
3660 660
3661 575
3662 643
3663 660
3664 575
3665 3247
3666 3055
3667 3055
3668 3055
3669 3176
3670 1582
3671 1460
3672 1262
3673 1407
3674 1409
3675 1582
3676 987
3677 987
3678 1582
3679 1409
3680 1409
3681 1407
3682 1467
3683 1409
3684 901
3685 1096
3686 987
3687 1558
3688 1345
3689 1698
3690 1407
3691 1609
3692 1149
3693 1634
3694 1406
3695 1406
3696 1634
3697 1628
3698 1643
3699 475
3700 245
3701 395
3702 285
3703 330
3704 471
3705 245
3706 395
3707 285
3708 213
3709 475
3710 475
3711 9
3712 471
3713 395
3714 471
3715 475
3716 245
3717 475
3718 471
3719 461
3720 461
3721 243
3722 285
3723 475
3724 534
3725 528
3726 204
3727 213
3728 434
3729 194
3730 213
3731 213
3732 12
3733 13
3734 13
3735 254
3736 667
3737 528
3738 531
3739 291
3740 728
3741 764
3742 668
3743 399
3744 774
3745 528
3746 703
3747 703
3748 398
3749 774
3750 1367
3751 871
3752 520
3753 1339
3754 205
3755 1339
3756 1339
3757 1713
3758 703
3759 1339
3760 5046
3761 2943
3762 2520
3763 2520
3764 2520
3765 2232
3766 3244
3767 3252
3768 2562
3769 2562
3770 5044
3771 2232
3772 3153
3773 3204
3774 130
3775 175
3776 175
3777 175
3778 3232
3779 1569
3780 2087
3781 1588
3782 1569
3783 1979
3784 2087
3785 2087
3786 1883
3787 2087
3788 2087
3789 780
3790 2981
3791 1709
3792 3176
3793 3211
3794 358
3795 243
3796 8
3797 329
3798 51
3799 322
3800 322
3801 77
3802 322
3803 548
3804 404
3805 1089
3806 1322
3807 5029
3808 5030
3809 1968
3810 816
3811 816
3812 816
3813 816
3814 816
3815 816
3816 816
3817 3749
3818 1817
3819 1817
3820 1817
3821 816
3822 816
3823 816
3824 816
3825 816
3826 816
3827 816
3828 816
3829 816
3830 816
3831 816
3832 816
3833 816
3834 816
3835 816
3836 816
3837 1709
3838 1883
3839 1883
3840 1883
3841 1883
3842 2087
3843 2087
3844 2087
3845 2087
3846 2087
3847 1883
3848 3211
3849 1740
3850 1979
3851 901
3852 2027
3853 901
3854 901
3855 655
3856 655
3857 987
3858 943
3859 901
3860 2027
3861 2027
3862 655
3863 1559
3864 1397
3865 1628
3866 1562
3867 1562
3868 655
3869 901
3870 1406
3871 655
3872 2465
3873 655
3874 2465
3875 655
3876 926
3877 836
3878 655
3879 836
3880 836
3881 836
3882 836
3883 735
3884 836
3885 2152
3886 2533
3887 2152
3888 836
3889 735
3890 2533
3891 655
3892 655
3893 655
3894 1022
3895 926
3896 1022
3897 926
3898 901
3899 735
3900 836
3901 1227
3902 735
3903 836
3904 836
3905 926
3906 926
3907 836
3908 836
3909 836
3910 836
3911 836
3912 836
3913 836
3914 836
3915 836
3916 664
3917 836
3918 2438
3919 2327
3920 735
3921 836
3922 735
3923 836
3924 836
3925 836
3926 836
3927 836
3928 655
3929 836
3930 836
3931 836
3932 2327
3933 836
3934 836
3935 901
3936 987
3937 987
3938 655
3939 1460
3940 1262
3941 987
3942 1324
3943 1407
3944 1409
3945 1407
3946 816
3947 816
3948 816
3949 816
3950 816
3951 816
3952 816
3953 745
3954 1817
3955 1774
3956 528
3957 703
3958 399
3959 764
3960 703
3961 534
3962 528
3963 534
3964 476
3965 549
3966 194
3967 9
3968 395
3969 8
3970 470
3971 534
3972 475
3973 1344
3974 1018
3975 4493
3976 1452
3977 4496
3978 3957
3979 4491
3980 4392
3981 4435
3982 4435
3983 4435
3984 4315
3985 4435
3986 4481
3987 4576
3988 4483
3989 4486
3990 4314
3991 4372
3992 4483
3993 4434
3994 4483
3995 4483
3996 4576
3997 2656
3998 3108
3999 2114
4000 382
4001 4380
4002 4549
4003 4753
4004 4728
4005 4728
4006 4614
4007 4728
4008 4730
4009 4579
4010 4579
4011 4372
4012 3108
4013 2321
4014 3108
4015 2114
4016 2321
4017 2321
4018 3028
4019 2321
4020 2321
4021 999
4022 3108
4023 2114
4024 2114
4025 3028
4026 4684
4027 1452
4028 4505
4029 4635
4030 4677
4031 4316
4032 4316
4033 4496
4034 3956
4035 3956
4036 4315
4037 4493
4038 4493
4039 4491
4040 4623
4041 4576
4042 4576
4043 4434
4044 4315
4045 1883
4046 1223
4047 1581
4048 1949
4049 1949
4050 1747
4051 1541
4052 1588
4053 1569
4054 487
4055 2405
4056 1664
4057 1747
4058 1541
4059 1635
4060 939
4061 1747
4062 1979
4063 1979
4064 2405
4065 1980
4066 2650
4067 1610
4068 1756
4069 1713
4070 1756
4071 1610
4072 1756
4073 1713
4074 2322
4075 1995
4076 1788
4077 1788
4078 1713
4079 1995
4080 1995
4081 1995
4082 993
4083 1993
4084 994
4085 1988
4086 909
4087 933
4088 2126
4089 1595
4090 2238
4091 2078
4092 938
4093 939
4094 909
4095 909
4096 1491
4097 939
4098 487
4099 1595
4100 487
4101 487
4102 1985
4103 1876
4104 993
4105 993
4106 994
4107 993
4108 1877
4109 994
4110 2007
4111 2238
4112 993
4113 994
4114 993
4115 2443
4116 2443
4117 2443
4118 2443
4119 2443
4120 993
4121 1877
4122 1877
4123 1995
4124 1713
4125 1177
4126 1522
4127 1742
4128 4664
4129 4682
4130 4682
4131 4682
4132 4682
4133 4682
4134 4664
4135 4664
4136 4664
4137 4682
4138 4682
4139 4682
4140 4663
4141 4682
4142 4682
4143 4737
4144 2358
4145 2358
4146 2362
4147 2358
4148 2358
4149 2358
4150 4724
4151 4663
4152 4664
4153 4664
4154 4664
4155 4664
4156 4731
4157 4737
4158 4737
4159 4737
4160 4737
4161 4235
4162 4189
4163 4323
4164 3867
4165 4188
4166 3555
4167 4299
4168 3610
4169 3796
4170 3794
4171 3796
4172 4388
4173 3608
4174 3615
4175 4388
4176 5070
4177 4045
4178 4334
4179 4266
4180 4046
4181 4334
4182 3794
4183 4164
4184 4164
4185 3618
4186 4164
4187 3930
4188 4248
4189 4189
4190 4248
4191 3928
4192 3618
4193 5082
4194 3714
4195 4323
4196 4265
4197 4334
4198 4247
4199 4249
4200 3804
4201 3804
4202 3553
4203 4205
4204 4323
4205 4334
4206 4266
4207 4046
4208 3818
4209 3818
4210 4046
4211 2362
4212 2361
4213 2257
4214 2257
4215 2257
4216 2257
4217 2532
4218 2532
4219 2257
4220 4892
4221 2257
4222 2257
4223 2257
4224 2532
4225 2532
4226 2532
4227 2257
4228 2257
4229 2257
4230 2532
4231 2532
4232 2257
4233 2362
4234 2257
4235 4843
4236 5085
4237 5082
4238 4129
4239 4129
4240 4249
4241 3804
4242 3553
4243 4334
4244 3867
4245 4046
4246 3553
4247 3867
4248 4323
4249 4731
4250 4664
4251 4664
4252 4682
4253 4682
4254 4664
4255 4682
4256 4682
4257 4682
4258 4682
4259 4682
4260 4682
4261 4682
4262 4682
4263 4682
4264 4682
4265 1761
4266 1591
4267 3658
4268 2542
4269 1591
4270 1591
4271 2029
4272 2542
4273 1591
4274 1591
4275 1591
4276 1591
4277 1761
4278 1591
4279 2542
4280 2991
4281 2991
4282 2991
4283 2542
4284 2542
4285 2029
4286 2542
4287 2542
4288 2542
4289 2991
4290 2991
4291 4147
4292 2542
4293 1671
4294 1671
4295 1671
4296 2991
4297 2991
4298 2991
4299 2991
4300 1847
4301 1575
4302 2575
4303 2532
4304 2532
4305 2532
4306 2323
4307 2323
4308 2323
4309 2323
4310 2162
4311 2574
4312 2532
4313 2575
4314 2255
4315 2419
4316 2532
4317 2443
4318 2007
4319 1877
4320 2443
4321 2508
4322 2854
4323 2419
4324 2854
4325 1877
4326 2166
4327 2046
4328 1595
4329 1877
4330 1931
4331 2520
4332 2520
4333 2520
4334 2571
4335 1979
4336 1635
4337 1546
4338 1979
4339 1979
4340 1573
4341 1670
4342 1670
4343 487
4344 1597
4345 2078
4346 2415
4347 994
4348 2078
4349 933
4350 1838
4351 2046
4352 2455
4353 2238
4354 2238
4355 488
4356 2126
4357 4731
4358 4664
4359 4664
4360 4664
4361 4717
4362 4664
4363 4664
4364 4664
4365 4717
4366 4664
4367 4664
4368 4664
4369 4664
4370 4664
4371 4664
4372 4664
4373 4775
4374 4797
4375 4822
4376 4821
4377 4778
4378 4778
4379 4822
4380 4778
4381 4778
4382 4778
4383 4778
4384 4822
4385 4822
4386 4778
4387 4822
4388 4821
4389 1979
4390 1979
4391 1979
4392 2405
4393 1979
4394 1979
4395 1573
4396 1756
4397 1713
4398 2012
4399 1979
4400 2012
4401 5068
4402 4012
4403 3590
4404 1761
4405 1761
4406 5132
4407 4330
4408 4330
4409 4330
4410 4057
4411 4360
4412 4354
4413 5096
4414 5096
4415 5096
4416 4353
4417 4354
4418 4343
4419 2465
4420 2465
4421 2152
4422 2152
4423 2152
4424 2151
4425 3201
4426 2151
4427 2151
4428 2151
4429 2151
4430 3201
4431 2465
4432 2151
4433 2151
4434 2151
4435 2152
4436 2152
4437 2152
4438 2151
4439 2465
4440 2465
4441 655
4442 2465
4443 2465
4444 2542
4445 2542
4446 2991
4447 2151
4448 2991
4449 2542
4450 2991
4451 2991
4452 2991
4453 2989
4454 2989
4455 2989
4456 2542
4457 3369
4458 3404
4459 3389
4460 3404
4461 3168
4462 3404
4463 3369
4464 2151
4465 3201
4466 3201
4467 2542
4468 5096
4469 4016
4470 1635
4471 2532
4472 2532
4473 2532
4474 2443
4475 1877
4476 2238
4477 2238
4478 1877
4479 1877
4480 2443
4481 2854
4482 2443
4483 2443
4484 993
4485 2419
4486 3774
4487 2151
4488 2991
4489 3201
4490 2542
4491 2991
4492 2991
4493 2542
4494 4160
4495 3226
4496 3630
4497 3226
4498 4284
4499 3645
4500 4094
4501 3630
4502 3226
4503 3961
4504 3328
4505 3628
4506 4160
4507 3630
4508 4284
4509 3226
4510 3628
4511 3227
4512 3628
4513 3628
4514 3451
4515 3451
4516 3451
4517 4073
4518 3961
4519 3628
4520 3961
4521 3506
4522 5130
4523 5130
4524 4136
4525 4136
4526 5130
4527 5130
4528 3415
4529 3506
4530 5130
4531 5131
4532 5130
4533 4136
4534 4136
4535 3628
4536 4073
4537 3451
4538 3961
4539 3628
4540 4160
4541 3328
4542 4217
4543 3776
4544 5130
4545 5131
4546 5131
4547 5131
4548 5130
4549 5130
4550 5130
4551 5130
4552 5131
4553 5130
4554 5131
4555 5131
4556 4370
4557 5131
4558 4370
4559 4370
4560 5131
4561 4370
4562 4370
4563 4370
4564 5130
4565 5130
4566 5131
4567 4370
4568 4370
4569 4370
4570 4370
4571 4370
4572 3952
4573 3952
4574 3952
4575 3952
4576 5129
4577 4370
4578 1949
4579 1949
4580 1747
4581 541
4582 541
4583 520
4584 774
4585 544
4586 764
4587 544
4588 520
4589 175
4590 643
4591 175
4592 175
4593 175
4594 246
4595 1201
4596 1201
4597 939
4598 1713
4599 2520
4600 2520
4601 2520
4602 2520
4603 2520
4604 175
4605 175
4606 175
4607 175
4608 175
4609 175
4610 175
4611 175
4612 2087
4613 2087
4614 322
4615 322
4616 322
4617 322
4618 322
4619 322
4620 2520
4621 816
4622 399
4623 1883
4624 2043
4625 1595
4626 2431
4627 2650
4628 1689
4629 2650
4630 2586
4631 4334
4632 3822
4633 3921
4634 3823
4635 3700
4636 3822
4637 3819
4638 4046
4639 3823
4640 3700
4641 3700
4642 3818
4643 4267
4644 4174
4645 4094
4646 4284
4647 4277
4648 4252
4649 4277
4650 3700
4651 4334
4652 4266
4653 4266
4654 4265
4655 3817
4656 3421
4657 3645
4658 3700
4659 3823
4660 3818
4661 3823
4662 3921
4663 3822
4664 4323
4665 4266
4666 3818
4667 3421
4668 3823
4669 3823
4670 4266
4671 4046
4672 4334
4673 3819
4674 4682
4675 4682
4676 4682
4677 2372
4678 1877
4679 2238
4680 993
4681 2007
4682 2238
4683 1877
4684 4778
4685 4061
4686 5096
4687 4370
4688 5131
4689 4370
4690 5131
4691 5130
4692 5131
4693 4370
4694 4370
4695 5131
4696 4370
4697 4370
4698 3952
4699 4370
4700 4370
4701 4370
4702 5131
4703 4370
4704 4370
4705 5130
4706 5131
4707 5131
4708 5130
4709 5131
4710 3323
4711 3415
4712 3415
4713 4136
4714 4136
4715 5130
4716 3506
4717 5130
4718 5130
4719 4136
4720 3415
4721 3415
4722 3415
4723 3415
4724 4073
4725 5129
4726 5129
4727 5129
4728 5129
4729 4366
4730 4370
4731 4359
4732 4366
4733 4370
4734 5129
4735 5129
4736 3952
4737 3952
4738 3952
4739 5129
4740 5129
4741 4370
4742 3952
4743 3952
4744 3952
4745 3952
4746 3952
4747 4370
4748 3952
4749 4370
4750 175
4751 4621
4752 4619
4753 4585
4754 4831
4755 4585
4756 4617
4757 5134
4758 4621
4759 4690
4760 4712
4761 4562
4762 4802
4763 4544
4764 4613
4765 4616
4766 4769
4767 4712
4768 4563
4769 4585
4770 4825
4771 4563
4772 4546
4773 5134
4774 2321
4775 2321
4776 382
4777 999
4778 2434
4779 2439
4780 2321
4781 999
4782 999
4783 2350
4784 2380
4785 999
4786 999
4787 999
4788 2350
4789 2350
4790 999
4791 2321
4792 2350
4793 999
4794 2607
4795 2684
4796 2350
4797 2350
4798 1558
4799 926
4800 655
4801 836
4802 655
4803 1467
4804 655
4805 655
4806 655
4807 836
4808 836
4809 2182
4810 901
4811 655
4812 655
4813 655
4814 655
4815 987
4816 655
4817 655
4818 836
4819 2182
4820 2325
4821 2341
4822 2341
4823 2327
4824 836
4825 2533
4826 3201
4827 2596
4828 2327
4829 2596
4830 3201
4831 4969
4832 4969
4833 2533
4834 4967
4835 2543
4836 3201
4837 2533
4838 2596
4839 2533
4840 2327
4841 836
4842 2533
4843 2438
4844 2327
4845 2327
4846 2596
4847 1780
4848 2153
4849 2325
4850 2327
4851 2325
4852 2327
4853 2182
4854 2341
4855 2341
4856 2182
4857 1780
4858 836
4859 2327
4860 2596
4861 2428
4862 2596
4863 2607
4864 2596
4865 4358
4866 2607
4867 2607
4868 2380
4869 2327
4870 2327
4871 996
4872 387
4873 2607
4874 387
4875 387
4876 4358
4877 4431
4878 4358
4879 387
4880 387
4881 2607
4882 2607
4883 2654
4884 2607
4885 2607
4886 2607
4887 2341
4888 2350
4889 2428
4890 2452
4891 2607
4892 2607
4893 2380
4894 2350
4895 2596
4896 2350
4897 2607
4898 382
4899 4369
4900 4369
4901 4367
4902 4367
4903 4358
4904 4480
4905 2954
4906 4480
4907 4416
4908 4416
4909 3903
4910 4485
4911 4483
4912 4434
4913 4369
4914 4486
4915 4480
4916 4416
4917 4369
4918 4367
4919 4480
4920 4367
4921 2607
4922 4358
4923 4434
4924 4483
4925 4435
4926 4483
4927 4365
4928 4434
4929 4431
4930 4367
4931 4434
4932 2114
4933 4309
4934 4434
4935 4576
4936 4435
4937 4435
4938 4483
4939 4315
4940 4392
4941 4635
4942 4623
4943 1452
4944 4496
4945 4505
4946 4392
4947 4566
4948 4567
4949 1456
4950 1456
4951 4542
4952 4542
4953 4614
4954 4502
4955 4575
4956 4577
4957 4502
4958 4496
4959 1453
4960 4579
4961 4316
4962 4316
4963 4728
4964 4575
4965 1452
4966 4502
4967 4728
4968 4542
4969 4503
4970 4577
4971 4561
4972 4613
4973 4618
4974 4618
4975 4830
4976 1456
4977 4614
4978 4728
4979 4728
4980 4788
4981 1456
4982 4788
4983 4825
4984 4712
4985 4831
4986 4690
4987 4563
4988 4690
4989 4562
4990 4509
4991 4678
4992 4770
4993 4788
4994 4788
4995 4739
4996 4825
4997 4788
4998 4788
4999 4788
5000 4542
5001 4556
5002 4557
5003 4500
5004 4508
5005 4728
5006 4317
5007 4788
5008 4613
5009 4562
5010 4544
5011 4690
5012 4825
5013 4770
5014 4616
5015 4619
5016 4511
5017 4585
5018 5134
5019 5134
5020 4585
5021 1303
5022 475
5023 4164
5024 3618
5025 4370
5026 4370
5027 3952
5028 3952
5029 4370
5030 2991
5031 3369
5032 3951
5033 3951
5034 4370
5035 5119
5036 2991
5037 3951
5038 3951
5039 2991
5040 3951
5041 3951
5042 2991
5043 2991
5044 3467
5045 2991
5046 2991
5047 2991
5048 2991
5049 2991
5050 2991
5051 3951
5052 3467
5053 3951
5054 3952
5055 5119
5056 5119
5057 2991
5058 3082
5059 3917
5060 5119
5061 5119
5062 3917
5063 3369
5064 3887
5065 3201
5066 3404
5067 3201
5068 3201
5069 3201
5070 3404
5071 3952
5072 3404
5073 2991
5074 3467
5075 3168
5076 3952
5077 5119
5078 3426
5079 3389
5080 3467
5081 5119
5082 3951
5083 3952
5084 3952
5085 3952
5086 5119
5087 4370
5088 3952
5089 3952
5090 3952
5091 3467
5092 3467
5093 4153
5094 3389
5095 3201
5096 3201
5097 3168
5098 3168
5099 3952
5100 4439
5101 3952
5102 5129
5103 5129
5104 3862
5105 5129
5106 5129
5107 3952
5108 3952
5109 3952
5110 3952
5111 3952
5112 4370
5113 4370
5114 3952
5115 3952
5116 4370
5117 4370
5118 3952
5119 3952
5120 4439
5121 3497
5122 4370
5123 3952
5124 3952
5125 3168
5126 3952
5127 3952
5128 3952
5129 4439
5130 5129
5131 3952
5132 4370
5133 4370
5134 4370
5135 3506
5136 3451
5137 3415
5138 3415
5139 5130
5140 3451
5141 4073
5142 3628
5143 3961
5144 3415
5145 3451
5146 3484
5147 3415
5148 4160
5149 4094
5150 4160
5151 4160
5152 3776
5153 3225
5154 3961
5155 4217
5156 3920
5157 3328
5158 3630
5159 3630
5160 3630
5161 4160
5162 4094
5163 4160
5164 3776
5165 3227
5166 4094
5167 4277
5168 4284
5169 4094
5170 3630
5171 3645
5172 3421
5173 4094
5174 4094
5175 4284
5176 4094
5177 3645
5178 3630
5179 4284
5180 4277
5181 3702
5182 3645
5183 3421
5184 3421
5185 3701
5186 4284
5187 3700
5188 3698
5189 4284
5190 3769
5191 4277
5192 3701
5193 4267
5194 3421
5195 4267
5196 3823
5197 3822
5198 2257
5199 4682
