0 70
1 70
2 4156
3 80
4 80
5 80
6 84
7 170
8 80
9 80
10 271
11 43
12 84
13 84
14 80
15 70
16 5088
17 70
18 5090
19 70
20 70
21 70
22 70
23 67
24 70
25 4953
26 5090
27 326
28 70
29 65
30 70
31 70
32 5090
33 5090
34 5090
35 70
36 70
37 326
38 4953
39 4957
40 70
41 305
42 433
43 70
44 70
45 70
46 428
47 326
48 67
49 326
50 4957
51 326
52 70
53 70
54 4953
55 65
56 4953
57 326
58 326
59 326
60 70
61 67
62 428
63 70
64 70
65 326
66 70
67 67
68 326
69 4953
70 70
71 70
72 178
73 326
74 437
75 326
76 4953
77 68
78 70
79 178
80 4957
81 4957
82 397
83 326
84 326
85 425
86 4953
87 68
88 68
89 178
90 106
91 253
92 92
93 437
94 178
95 71
96 178
97 83
98 312
99 178
100 437
101 437
102 428
103 65
104 70
105 70
106 70
107 70
108 70
109 70
110 4156
111 5090
112 5090
113 4156
114 428
115 70
116 70
117 70
118 5090
119 5090
120 70
121 70
122 70
123 70
124 4156
125 4156
126 70
127 326
128 428
129 70
130 4156
131 5090
132 4156
133 4156
134 4156
135 4156
136 4156
137 4156
138 4156
139 4156
140 4156
141 70
142 5090
143 4156
144 70
145 4156
146 70
147 65
148 326
149 4953
150 68
151 326
152 4156
153 67
154 326
155 326
156 326
157 68
158 68
159 4156
160 70
161 70
162 70
163 70
164 70
165 65
166 326
167 70
168 70
169 4952
170 70
171 4156
172 4156
173 70
174 70
175 70
176 70
177 4156
178 65
179 4952
180 326
181 65
182 70
183 326
184 428
185 68
186 326
187 326
188 326
189 65
190 4952
191 326
192 70
193 4953
194 70
195 326
196 4953
197 326
198 65
199 4156
200 4156
201 4156
202 5090
203 5090
204 4156
205 4156
206 70
207 70
208 70
209 70
210 70
211 5088
212 4952
213 67
214 68
215 68
216 178
217 178
218 70
219 178
220 4957
221 326
222 4953
223 178
224 178
225 178
226 326
227 326
228 178
229 70
230 70
231 4952
232 4953
233 4953
234 326
235 70
236 4953
237 65
238 326
239 70
240 326
241 70
242 428
243 70
244 65
245 326
246 68
247 68
248 178
249 326
250 178
251 326
252 428
253 326
254 70
255 428
256 4952
257 326
258 4953
259 326
260 80
261 437
262 25
263 178
264 433
265 178
266 4156
267 4156
268 4156
269 70
270 70
271 70
272 70
273 178
274 80
275 178
276 433
277 68
278 4957
279 326
280 437
281 437
282 312
283 67
284 4952
285 178
286 68
287 178
288 178
289 70
290 178
291 433
292 434
293 312
294 98
295 326
296 326
297 326
298 326
299 326
300 326
301 326
302 4953
303 326
304 4734
305 721
306 4651
307 4933
308 4935
309 4651
310 4651
311 4651
312 4866
313 4862
314 4651
315 4651
316 4866
317 721
318 4734
319 4734
320 4734
321 4734
322 4734
323 4734
324 4734
325 4734
326 4734
327 4734
328 4734
329 4734
330 4734
331 4734
332 4734
333 4734
334 721
335 4734
336 721
337 721
338 4734
339 4734
340 4734
341 4734
342 4734
343 4734
344 5148
345 4734
346 4734
347 4734
348 4734
349 4734
350 4734
351 4702
352 4734
353 5148
354 4734
355 4734
356 4691
357 4734
358 4734
359 4734
360 4734
361 4734
362 4734
363 5141
364 4734
365 4734
366 4734
367 4734
368 4734
369 4702
370 4701
371 4903
372 4734
373 4734
374 4734
375 4734
376 4734
377 4734
378 5148
379 4734
380 5139
381 4734
382 4701
383 4599
384 4734
385 4691
386 4599
387 4734
388 4701
389 4764
390 4701
391 4734
392 4734
393 4734
394 5148
395 4903
396 5148
397 4599
398 4691
399 4734
400 5148
401 4734
402 4903
403 4599
404 4653
405 5141
406 4691
407 4734
408 4734
409 4734
410 4734
411 4734
412 4734
413 4734
414 4734
415 4734
416 721
417 721
418 721
419 4734
420 4734
421 4734
422 4734
423 4734
424 4734
425 4734
426 4734
427 4734
428 4734
429 4734
430 721
431 4734
432 4734
433 4734
434 4734
435 4734
436 4734
437 4734
438 4734
439 721
440 721
441 721
442 721
443 721
444 721
445 721
446 721
447 4734
448 721
449 721
450 4734
451 721
452 721
453 4734
454 4702
455 4734
456 4734
457 4734
458 721
459 4734
460 4734
461 4734
462 5139
463 4734
464 4702
465 4734
466 4734
467 4734
468 4734
469 4734
470 4734
471 4734
472 4734
473 4734
474 4734
475 4734
476 4734
477 721
478 721
479 4734
480 4734
481 4734
482 4734
483 721
484 4701
485 5139
486 5139
487 5139
488 4702
489 4702
490 4702
491 4702
492 4702
493 4734
494 4734
495 4734
496 4734
497 4734
498 4734
499 5139
500 4734
501 4734
502 4734
503 4734
504 4734
505 4734
506 721
507 721
508 721
509 721
510 721
511 4734
512 5014
513 4734
514 4734
515 4734
516 4734
517 4734
518 5014
519 4734
520 4702
521 4702
522 4734
523 4701
524 4734
525 4734
526 5148
527 4734
528 4599
529 4903
530 4702
531 5141
532 4691
533 5141
534 4734
535 4702
536 4734
537 4734
538 4734
539 4734
540 4702
541 4734
542 4734
543 4734
544 4734
545 4734
546 4734
547 4701
548 4702
549 4702
550 4734
551 4702
552 4702
553 5148
554 5141
555 4599
556 4734
557 4702
558 4734
559 4734
560 4734
561 4734
562 4702
563 4734
564 4734
565 4702
566 4734
567 4734
568 4862
569 4933
570 4691
571 4691
572 4596
573 4734
574 4734
575 721
576 4734
577 4734
578 4734
579 4734
580 4691
581 4866
582 4691
583 4691
584 5148
585 4734
586 4599
587 4903
588 4862
589 4734
590 4702
591 4734
592 5141
593 4734
594 4691
595 4691
596 5148
597 5148
598 4903
599 4903
600 4866
601 5141
602 4734
603 4701
604 4702
605 4734
606 4702
607 4734
608 4702
609 4702
610 4959
611 329
612 429
613 191
614 345
615 4959
616 4959
617 350
618 295
619 404
620 3400
621 3475
622 3400
623 3475
624 3400
625 4341
626 3400
627 3475
628 3400
629 3475
630 3400
631 53
632 53
633 8
634 54
635 53
636 231
637 293
638 293
639 54
640 53
641 320
642 429
643 429
644 55
645 429
646 8
647 8
648 429
649 8
650 328
651 263
652 320
653 53
654 55
655 121
656 288
657 90
658 221
659 4962
660 327
661 215
662 4
663 392
664 79
665 77
666 120
667 18
668 84
669 43
670 288
671 79
672 42
673 43
674 48
675 290
676 290
677 280
678 89
679 149
680 48
681 1
682 379
683 48
684 380
685 43
686 82
687 79
688 319
689 392
690 48
691 48
692 48
693 291
694 81
695 180
696 189
697 48
698 392
699 89
700 90
701 290
702 392
703 299
704 89
705 54
706 89
707 90
708 48
709 4
710 48
711 89
712 89
713 280
714 280
715 4962
716 4962
717 327
718 47
719 79
720 299
721 402
722 79
723 43
724 288
725 121
726 107
727 121
728 288
729 81
730 77
731 4962
732 79
733 107
734 319
735 4962
736 2
737 77
738 180
739 82
740 261
741 79
742 82
743 107
744 288
745 121
746 79
747 79
748 79
749 261
750 111
751 47
752 242
753 14
754 111
755 88
756 88
757 273
758 273
759 88
760 88
761 242
762 121
763 180
764 269
765 394
766 263
767 4341
768 3547
769 3400
770 4341
771 4341
772 3547
773 4341
774 3547
775 3547
776 4341
777 4341
778 4341
779 4341
780 3547
781 4341
782 3400
783 4341
784 3244
785 3400
786 4341
787 4341
788 4341
789 4341
790 4341
791 3547
792 4908
793 4778
794 3580
795 3580
796 376
797 3547
798 3547
799 376
800 1634
801 4908
802 4779
803 4812
804 4651
805 4866
806 4668
807 4657
808 4668
809 4651
810 3580
811 3580
812 3580
813 3580
814 3580
815 3580
816 3580
817 3580
818 3580
819 3580
820 3580
821 3580
822 4779
823 3547
824 3580
825 3580
826 1634
827 3580
828 3580
829 1634
830 376
831 3580
832 4492
833 3547
834 1634
835 3580
836 3580
837 3580
838 3547
839 3547
840 3580
841 3580
842 1634
843 3580
844 3580
845 3580
846 3580
847 3580
848 3580
849 4812
850 4812
851 3547
852 3580
853 3547
854 3580
855 4657
856 4668
857 3547
858 3547
859 3547
860 4668
861 4668
862 4657
863 4668
864 4778
865 4908
866 3580
867 4492
868 4908
869 376
870 3547
871 4492
872 3580
873 3580
874 3580
875 4779
876 4908
877 4908
878 4779
879 4668
880 4908
881 4887
882 4908
883 4908
884 4908
885 4779
886 4648
887 4908
888 4908
889 4648
890 4648
891 4648
892 4648
893 4648
894 4908
895 4908
896 4648
897 3580
898 3580
899 376
900 3822
901 3724
902 3804
903 3822
904 3822
905 3822
906 3707
907 3708
908 3804
909 3876
910 3724
911 3707
912 4064
913 3877
914 3772
915 3724
916 3724
917 3724
918 3707
919 3724
920 3707
921 3724
922 3724
923 3967
924 3876
925 3708
926 4313
927 4015
928 4313
929 3725
930 4313
931 3707
932 3724
933 3724
934 3822
935 3822
936 3804
937 3707
938 4023
939 4081
940 3876
941 3724
942 3859
943 3731
944 4081
945 3822
946 3724
947 3724
948 3724
949 3724
950 3724
951 3724
952 3724
953 3724
954 4387
955 3876
956 4313
957 4313
958 3724
959 3725
960 4313
961 3729
962 3729
963 4331
964 3877
965 3760
966 3677
967 3764
968 3875
969 3729
970 3729
971 3832
972 4382
973 3876
974 4376
975 3764
976 3677
977 3834
978 3762
979 3729
980 3819
981 4382
982 3764
983 3698
984 3677
985 3762
986 3834
987 3677
988 3695
989 4331
990 3764
991 4331
992 3698
993 3901
994 3729
995 4376
996 3729
997 4382
998 4382
999 2613
1000 1196
1001 1891
1002 1196
1003 1631
1004 1196
1005 2577
1006 1631
1007 1196
1008 2734
1009 1702
1010 1814
1011 2500
1012 916
1013 1063
1014 1196
1015 2558
1016 2577
1017 2558
1018 1702
1019 1196
1020 1631
1021 869
1022 1196
1023 1196
1024 3634
1025 1536
1026 2613
1027 2279
1028 2310
1029 2500
1030 2500
1031 1814
1032 1196
1033 1356
1034 1196
1035 1063
1036 1196
1037 1196
1038 1702
1039 2428
1040 2395
1041 1536
1042 1148
1043 1147
1044 1146
1045 1702
1046 1196
1047 1814
1048 1196
1049 1683
1050 1205
1051 1196
1052 1196
1053 1196
1054 1683
1055 2252
1056 1196
1057 1067
1058 1196
1059 1196
1060 1196
1061 1196
1062 1196
1063 1196
1064 2577
1065 1702
1066 1702
1067 1196
1068 1196
1069 1196
1070 1196
1071 1196
1072 1814
1073 1146
1074 1196
1075 1196
1076 1196
1077 1196
1078 1063
1079 1702
1080 1536
1081 1702
1082 1683
1083 1702
1084 1205
1085 1196
1086 1891
1087 1196
1088 1067
1089 1196
1090 1196
1091 1063
1092 1067
1093 869
1094 869
1095 1147
1096 1196
1097 1196
1098 1196
1099 1196
1100 1196
1101 1343
1102 2500
1103 1357
1104 1146
1105 2128
1106 916
1107 1229
1108 1196
1109 1631
1110 1196
1111 1196
1112 1702
1113 1196
1114 2500
1115 1891
1116 1702
1117 1702
1118 1631
1119 1702
1120 1702
1121 1702
1122 869
1123 916
1124 1913
1125 1702
1126 1067
1127 1683
1128 4561
1129 4461
1130 2735
1131 1205
1132 1536
1133 1208
1134 1598
1135 1208
1136 1269
1137 1213
1138 1259
1139 1205
1140 1259
1141 1814
1142 2428
1143 1702
1144 2507
1145 2507
1146 1702
1147 1275
1148 1196
1149 1702
1150 1702
1151 1536
1152 3902
1153 1067
1154 1063
1155 1063
1156 1259
1157 2252
1158 1865
1159 1196
1160 1196
1161 1196
1162 1196
1163 1196
1164 1196
1165 916
1166 1615
1167 916
1168 916
1169 2613
1170 1196
1171 1196
1172 2129
1173 1196
1174 1196
1175 1196
1176 1196
1177 2613
1178 1196
1179 1196
1180 1196
1181 1139
1182 1196
1183 1196
1184 1067
1185 1067
1186 1067
1187 2736
1188 1213
1189 1208
1190 3902
1191 1196
1192 2252
1193 1196
1194 4461
1195 4561
1196 2128
1197 2613
1198 2310
1199 1196
1200 3902
1201 2310
1202 1196
1203 2310
1204 1067
1205 1196
1206 1196
1207 1196
1208 1196
1209 1196
1210 2128
1211 2310
1212 1067
1213 1196
1214 1196
1215 1196
1216 1196
1217 4378
1218 1343
1219 3085
1220 1146
1221 1147
1222 2367
1223 1702
1224 1683
1225 1683
1226 3085
1227 2366
1228 1146
1229 1683
1230 1683
1231 916
1232 2367
1233 1146
1234 1683
1235 3185
1236 3388
1237 3418
1238 2862
1239 1311
1240 3388
1241 2755
1242 1750
1243 2755
1244 2366
1245 3085
1246 1449
1247 2252
1248 869
1249 1196
1250 1196
1251 1196
1252 1683
1253 1067
1254 1702
1255 1703
1256 2507
1257 1259
1258 2558
1259 1146
1260 1213
1261 1227
1262 1379
1263 1380
1264 1227
1265 2508
1266 1150
1267 1379
1268 2134
1269 2428
1270 2134
1271 1148
1272 2428
1273 2366
1274 2134
1275 2428
1276 2134
1277 2395
1278 1148
1279 2428
1280 1148
1281 2134
1282 2237
1283 1536
1284 1126
1285 1243
1286 1206
1287 2133
1288 2133
1289 1725
1290 1228
1291 1356
1292 1196
1293 1269
1294 1269
1295 1126
1296 2736
1297 2709
1298 5188
1299 512
1300 5175
1301 2820
1302 2883
1303 5188
1304 2821
1305 3199
1306 5188
1307 5188
1308 5188
1309 869
1310 2885
1311 2815
1312 2814
1313 5190
1314 5173
1315 2814
1316 512
1317 5190
1318 5188
1319 3060
1320 2500
1321 5174
1322 2129
1323 4339
1324 2914
1325 2815
1326 512
1327 5186
1328 5186
1329 5186
1330 2817
1331 5190
1332 5181
1333 2815
1334 5181
1335 512
1336 5188
1337 5190
1338 5176
1339 3006
1340 1209
1341 2818
1342 2821
1343 1525
1344 4358
1345 507
1346 1525
1347 2815
1348 2814
1349 2660
1350 2660
1351 2661
1352 2661
1353 5063
1354 2705
1355 2814
1356 2814
1357 2660
1358 2660
1359 2661
1360 2660
1361 5063
1362 2660
1363 2815
1364 2661
1365 5182
1366 5175
1367 512
1368 5186
1369 5186
1370 2814
1371 2915
1372 2821
1373 5173
1374 5186
1375 5063
1376 3215
1377 2815
1378 512
1379 512
1380 5186
1381 5186
1382 1209
1383 1209
1384 2661
1385 5063
1386 2660
1387 2814
1388 5173
1389 3205
1390 2862
1391 2581
1392 3787
1393 1673
1394 3465
1395 3144
1396 3144
1397 507
1398 2660
1399 2815
1400 2815
1401 5063
1402 3503
1403 2952
1404 512
1405 2815
1406 2814
1407 2660
1408 2814
1409 2814
1410 2705
1411 3063
1412 3534
1413 1680
1414 2879
1415 1553
1416 2885
1417 2887
1418 3034
1419 2818
1420 2828
1421 3199
1422 2500
1423 5164
1424 2500
1425 2891
1426 4093
1427 2891
1428 2932
1429 1448
1430 1922
1431 1922
1432 3006
1433 5190
1434 5188
1435 5188
1436 5176
1437 869
1438 5176
1439 5177
1440 5188
1441 2820
1442 5188
1443 869
1444 869
1445 3006
1446 5175
1447 3006
1448 5188
1449 2830
1450 5177
1451 2879
1452 5188
1453 2820
1454 2652
1455 3381
1456 2933
1457 1891
1458 3254
1459 3881
1460 5177
1461 5177
1462 3381
1463 3060
1464 3199
1465 1631
1466 5175
1467 5177
1468 5177
1469 1631
1470 869
1471 1196
1472 3855
1473 3063
1474 1892
1475 1892
1476 1892
1477 3855
1478 3855
1479 1448
1480 1892
1481 4093
1482 3006
1483 1892
1484 2735
1485 2735
1486 4084
1487 3032
1488 2915
1489 2709
1490 1196
1491 1356
1492 3284
1493 1631
1494 1196
1495 869
1496 1196
1497 2577
1498 2577
1499 2577
1500 1196
1501 1683
1502 2734
1503 2734
1504 3494
1505 4324
1506 3301
1507 3300
1508 3856
1509 3300
1510 4404
1511 1147
1512 1702
1513 1683
1514 1683
1515 1814
1516 1196
1517 1196
1518 1196
1519 1196
1520 2367
1521 3301
1522 1891
1523 1631
1524 2960
1525 1067
1526 916
1527 1865
1528 2500
1529 2709
1530 3060
1531 3912
1532 2709
1533 2915
1534 4348
1535 4075
1536 5164
1537 2577
1538 1702
1539 1702
1540 3417
1541 2558
1542 1702
1543 1631
1544 869
1545 1196
1546 1702
1547 1146
1548 1344
1549 1146
1550 1702
1551 1702
1552 2507
1553 1196
1554 1196
1555 1196
1556 1196
1557 1196
1558 1196
1559 1537
1560 2428
1561 2133
1562 2366
1563 2428
1564 2133
1565 1150
1566 1702
1567 1147
1568 1702
1569 2507
1570 1196
1571 3085
1572 3150
1573 1146
1574 1799
1575 3085
1576 1702
1577 1683
1578 1146
1579 1683
1580 1683
1581 4075
1582 4252
1583 2791
1584 2791
1585 3978
1586 4404
1587 3882
1588 3978
1589 3978
1590 4243
1591 4122
1592 4097
1593 4243
1594 3389
1595 4243
1596 4243
1597 4243
1598 4243
1599 4348
1600 4075
1601 4348
1602 4075
1603 3494
1604 4247
1605 3976
1606 4243
1607 4243
1608 3978
1609 2755
1610 4348
1611 3085
1612 2558
1613 2860
1614 2755
1615 3020
1616 4356
1617 4279
1618 2824
1619 2912
1620 2960
1621 3301
1622 4075
1623 3594
1624 3977
1625 2820
1626 2755
1627 4247
1628 4247
1629 2735
1630 3061
1631 2960
1632 4252
1633 2709
1634 3417
1635 2960
1636 3284
1637 3610
1638 2381
1639 2952
1640 2383
1641 2952
1642 512
1643 512
1644 2661
1645 3594
1646 2820
1647 3787
1648 3284
1649 2915
1650 2943
1651 4279
1652 2755
1653 2860
1654 4247
1655 1712
1656 1712
1657 4122
1658 3882
1659 3978
1660 2754
1661 2744
1662 502
1663 3978
1664 2580
1665 2821
1666 4397
1667 2755
1668 2754
1669 4243
1670 2754
1671 2862
1672 3300
1673 4348
1674 3977
1675 3144
1676 1474
1677 2329
1678 2383
1679 2661
1680 5063
1681 2755
1682 2860
1683 3787
1684 2744
1685 2755
1686 3924
1687 2381
1688 2952
1689 3610
1690 5063
1691 2814
1692 508
1693 2874
1694 2755
1695 2867
1696 3321
1697 3319
1698 3319
1699 3787
1700 2781
1701 2754
1702 2867
1703 3551
1704 4396
1705 2823
1706 2822
1707 3924
1708 3494
1709 2366
1710 2428
1711 2428
1712 1536
1713 1702
1714 2395
1715 2395
1716 2395
1717 1702
1718 1683
1719 2558
1720 1818
1721 3977
1722 3190
1723 1311
1724 3976
1725 1148
1726 1148
1727 2825
1728 3824
1729 4243
1730 1359
1731 1538
1732 3910
1733 4084
1734 3976
1735 4075
1736 1359
1737 1228
1738 1359
1739 1382
1740 2134
1741 2134
1742 2584
1743 2134
1744 2134
1745 2134
1746 2366
1747 1146
1748 2366
1749 1148
1750 2428
1751 2428
1752 2237
1753 2237
1754 2354
1755 1382
1756 1538
1757 2354
1758 3285
1759 1537
1760 2581
1761 1381
1762 3285
1763 1537
1764 2133
1765 1379
1766 2584
1767 2581
1768 1228
1769 1556
1770 1537
1771 3977
1772 3190
1773 4381
1774 4279
1775 3978
1776 2860
1777 3602
1778 2744
1779 2580
1780 3978
1781 2874
1782 2580
1783 3924
1784 3924
1785 3978
1786 3499
1787 2744
1788 1712
1789 3284
1790 1712
1791 1712
1792 4074
1793 2791
1794 2790
1795 502
1796 4084
1797 3357
1798 4365
1799 4381
1800 2823
1801 3494
1802 4365
1803 3023
1804 4365
1805 1712
1806 4348
1807 3206
1808 3910
1809 3925
1810 4075
1811 2758
1812 3575
1813 3572
1814 3572
1815 3153
1816 3572
1817 3153
1818 3153
1819 3572
1820 3575
1821 3600
1822 3575
1823 2756
1824 3572
1825 3600
1826 2756
1827 2210
1828 1443
1829 3135
1830 2210
1831 2210
1832 3483
1833 3646
1834 3845
1835 3646
1836 3845
1837 3845
1838 2210
1839 1444
1840 505
1841 3142
1842 2210
1843 505
1844 2210
1845 2210
1846 505
1847 505
1848 2210
1849 3412
1850 3503
1851 3591
1852 3925
1853 3591
1854 3591
1855 3591
1856 2856
1857 3503
1858 3591
1859 3925
1860 3572
1861 3591
1862 3591
1863 3925
1864 3591
1865 3591
1866 3153
1867 4348
1868 4244
1869 2666
1870 2354
1871 3591
1872 1225
1873 1322
1874 4348
1875 3591
1876 2666
1877 3443
1878 1538
1879 3499
1880 1211
1881 1591
1882 1287
1883 1225
1884 1591
1885 1225
1886 2354
1887 1538
1888 3925
1889 3135
1890 3412
1891 505
1892 2210
1893 3845
1894 505
1895 3142
1896 3142
1897 3153
1898 3153
1899 3153
1900 505
1901 505
1902 3153
1903 3600
1904 505
1905 505
1906 2855
1907 505
1908 2210
1909 3153
1910 3153
1911 505
1912 502
1913 3153
1914 2791
1915 3591
1916 2115
1917 2115
1918 2791
1919 3153
1920 3600
1921 2757
1922 505
1923 505
1924 3483
1925 505
1926 505
1927 505
1928 1712
1929 505
1930 1712
1931 2856
1932 3142
1933 502
1934 505
1935 505
1936 3845
1937 3153
1938 505
1939 3153
1940 3153
1941 3142
1942 2916
1943 502
1944 1712
1945 2874
1946 2734
1947 4285
1948 4299
1949 4324
1950 2711
1951 3060
1952 3912
1953 3173
1954 2734
1955 4478
1956 3173
1957 3912
1958 2735
1959 4214
1960 4478
1961 2735
1962 2734
1963 4478
1964 2734
1965 4299
1966 4214
1967 3301
1968 2734
1969 3173
1970 4252
1971 4299
1972 3119
1973 4298
1974 4299
1975 4285
1976 4285
1977 4214
1978 2934
1979 4487
1980 2943
1981 3173
1982 2934
1983 4285
1984 4299
1985 2937
1986 4214
1987 2939
1988 3173
1989 4558
1990 3193
1991 2198
1992 2198
1993 4558
1994 2198
1995 3193
1996 4563
1997 4539
1998 4441
1999 4539
2000 4539
2001 4539
2002 4441
2003 2198
2004 4558
2005 3173
2006 4558
2007 4214
2008 4441
2009 4539
2010 2198
2011 4539
2012 2527
2013 2974
2014 2198
2015 4441
2016 2198
2017 2944
2018 4539
2019 4487
2020 4214
2021 4539
2022 3173
2023 3193
2024 4214
2025 4478
2026 2734
2027 2527
2028 2527
2029 2527
2030 2251
2031 4298
2032 4478
2033 2734
2034 3193
2035 1033
2036 1496
2037 1242
2038 1369
2039 1140
2040 1348
2041 1317
2042 1079
2043 1367
2044 1369
2045 1270
2046 1357
2047 2134
2048 1482
2049 1227
2050 1287
2051 1140
2052 1287
2053 1448
2054 1448
2055 1213
2056 1261
2057 1268
2058 1345
2059 1345
2060 1311
2061 1598
2062 1126
2063 1348
2064 1368
2065 1268
2066 1261
2067 1271
2068 1268
2069 1262
2070 1139
2071 1404
2072 1764
2073 1510
2074 1764
2075 1764
2076 1371
2077 1764
2078 1764
2079 1728
2080 1079
2081 1079
2082 1728
2083 1728
2084 1244
2085 1808
2086 1481
2087 1955
2088 1510
2089 1018
2090 1016
2091 1584
2092 1348
2093 1353
2094 1317
2095 1287
2096 1683
2097 1016
2098 1126
2099 1351
2100 1079
2101 1585
2102 1016
2103 1079
2104 1079
2105 1079
2106 1079
2107 1317
2108 1126
2109 1261
2110 1013
2111 1762
2112 1268
2113 1203
2114 1128
2115 1242
2116 1139
2117 1808
2118 1764
2119 1764
2120 1585
2121 1728
2122 1079
2123 1195
2124 1035
2125 1195
2126 3242
2127 2894
2128 2894
2129 3242
2130 3242
2131 1371
2132 1195
2133 1581
2134 3242
2135 1239
2136 1581
2137 1581
2138 1195
2139 1581
2140 3236
2141 3236
2142 3236
2143 3236
2144 1487
2145 3236
2146 3585
2147 1585
2148 3336
2149 3241
2150 3236
2151 1317
2152 1243
2153 1317
2154 1317
2155 1243
2156 3171
2157 1139
2158 3336
2159 1317
2160 1139
2161 1262
2162 1015
2163 3855
2164 1584
2165 3336
2166 3855
2167 3241
2168 3202
2169 3212
2170 3236
2171 3236
2172 3236
2173 3336
2174 3236
2175 3242
2176 1581
2177 1887
2178 1371
2179 1808
2180 960
2181 1585
2182 1016
2183 1351
2184 1808
2185 1792
2186 1487
2187 1488
2188 1035
2189 1757
2190 1584
2191 1034
2192 1035
2193 1792
2194 1887
2195 1757
2196 1757
2197 2893
2198 3585
2199 1887
2200 3585
2201 1317
2202 3236
2203 1757
2204 1488
2205 1194
2206 1470
2207 1718
2208 1718
2209 990
2210 1718
2211 1402
2212 1218
2213 1644
2214 1587
2215 1587
2216 1644
2217 1644
2218 1587
2219 1199
2220 1470
2221 1470
2222 1240
2223 1470
2224 988
2225 1199
2226 1240
2227 1101
2228 1718
2229 1644
2230 1199
2231 1199
2232 1679
2233 1740
2234 1566
2235 1195
2236 1195
2237 1740
2238 1644
2239 1534
2240 1566
2241 1280
2242 1534
2243 1534
2244 1446
2245 990
2246 1240
2247 1240
2248 1644
2249 1446
2250 1740
2251 955
2252 990
2253 955
2254 1446
2255 955
2256 955
2257 1546
2258 955
2259 1740
2260 1679
2261 1740
2262 1679
2263 1172
2264 955
2265 1690
2266 1679
2267 1581
2268 1239
2269 1740
2270 990
2271 1319
2272 1756
2273 1546
2274 990
2275 1718
2276 1740
2277 1218
2278 955
2279 1740
2280 1679
2281 1679
2282 1195
2283 1195
2284 1267
2285 1470
2286 1267
2287 1267
2288 1267
2289 1100
2290 1576
2291 982
2292 589
2293 1045
2294 1045
2295 1089
2296 946
2297 946
2298 946
2299 1089
2300 985
2301 985
2302 946
2303 1100
2304 1100
2305 5194
2306 971
2307 5196
2308 946
2309 946
2310 1246
2311 1576
2312 1100
2313 1100
2314 1130
2315 994
2316 1031
2317 1031
2318 994
2319 1576
2320 1694
2321 944
2322 1130
2323 1100
2324 995
2325 944
2326 5196
2327 1100
2328 1100
2329 1576
2330 1694
2331 1576
2332 981
2333 989
2334 981
2335 1694
2336 944
2337 944
2338 944
2339 989
2340 989
2341 1130
2342 981
2343 994
2344 1130
2345 944
2346 995
2347 1031
2348 1031
2349 1130
2350 952
2351 982
2352 981
2353 952
2354 944
2355 1045
2356 1045
2357 994
2358 1694
2359 944
2360 952
2361 994
2362 994
2363 981
2364 1130
2365 1100
2366 1100
2367 5194
2368 5194
2369 5194
2370 351
2371 455
2372 240
2373 386
2374 780
2375 523
2376 453
2377 355
2378 450
2379 279
2380 214
2381 198
2382 279
2383 238
2384 146
2385 208
2386 417
2387 144
2388 446
2389 448
2390 457
2391 738
2392 206
2393 529
2394 198
2395 453
2396 135
2397 736
2398 780
2399 780
2400 780
2401 681
2402 523
2403 681
2404 538
2405 538
2406 453
2407 529
2408 207
2409 246
2410 780
2411 735
2412 616
2413 199
2414 538
2415 522
2416 615
2417 450
2418 12
2419 450
2420 460
2421 386
2422 450
2423 135
2424 450
2425 459
2426 207
2427 337
2428 283
2429 135
2430 194
2431 283
2432 214
2433 246
2434 543
2435 453
2436 279
2437 146
2438 278
2439 455
2440 525
2441 738
2442 204
2443 204
2444 210
2445 203
2446 741
2447 5043
2448 203
2449 525
2450 736
2451 741
2452 681
2453 523
2454 523
2455 198
2456 207
2457 266
2458 246
2459 264
2460 780
2461 204
2462 740
2463 738
2464 1003
2465 295
2466 457
2467 517
2468 446
2469 324
2470 446
2471 458
2472 225
2473 135
2474 52
2475 345
2476 246
2477 146
2478 250
2479 324
2480 250
2481 264
2482 134
2483 266
2484 324
2485 345
2486 146
2487 10
2488 240
2489 10
2490 264
2491 448
2492 238
2493 204
2494 386
2495 780
2496 736
2497 386
2498 780
2499 204
2500 1003
2501 207
2502 279
2503 145
2504 453
2505 453
2506 52
2507 324
2508 250
2509 225
2510 146
2511 146
2512 10
2513 1003
2514 817
2515 740
2516 5043
2517 741
2518 207
2519 615
2520 817
2521 205
2522 345
2523 283
2524 135
2525 279
2526 266
2527 448
2528 207
2529 200
2530 538
2531 748
2532 780
2533 1003
2534 780
2535 741
2536 204
2537 780
2538 740
2539 1003
2540 204
2541 681
2542 525
2543 200
2544 740
2545 741
2546 740
2547 203
2548 741
2549 1003
2550 204
2551 1003
2552 204
2553 1003
2554 741
2555 738
2556 525
2557 738
2558 738
2559 1003
2560 204
2561 738
2562 738
2563 203
2564 204
2565 1658
2566 855
2567 1528
2568 464
2569 1467
2570 1329
2571 741
2572 1489
2573 1409
2574 1326
2575 1528
2576 1720
2577 862
2578 1720
2579 855
2580 1928
2581 2047
2582 1928
2583 1554
2584 1326
2585 1341
2586 741
2587 1330
2588 1326
2589 1341
2590 1467
2591 468
2592 1504
2593 1554
2594 1554
2595 1295
2596 1326
2597 1467
2598 1406
2599 468
2600 1331
2601 1554
2602 1542
2603 1523
2604 1766
2605 1547
2606 1911
2607 3122
2608 1743
2609 3122
2610 1511
2611 1547
2612 1531
2613 1427
2614 1427
2615 741
2616 1329
2617 465
2618 1928
2619 862
2620 5045
2621 1427
2622 856
2623 1743
2624 2738
2625 1326
2626 5045
2627 741
2628 1406
2629 1409
2630 856
2631 1329
2632 1531
2633 5045
2634 1766
2635 856
2636 1467
2637 1427
2638 1330
2639 1295
2640 468
2641 1406
2642 1409
2643 1425
2644 1504
2645 1467
2646 1709
2647 1547
2648 1523
2649 1511
2650 1331
2651 1929
2652 1929
2653 1720
2654 1333
2655 1743
2656 2738
2657 2080
2658 856
2659 1296
2660 1511
2661 1705
2662 1547
2663 1409
2664 1295
2665 1706
2666 1467
2667 1437
2668 741
2669 1406
2670 1547
2671 1597
2672 741
2673 1547
2674 1929
2675 1326
2676 1554
2677 1409
2678 1330
2679 1554
2680 1330
2681 1597
2682 468
2683 1409
2684 3453
2685 3509
2686 5125
2687 3475
2688 5135
2689 5125
2690 5125
2691 3383
2692 4440
2693 4440
2694 3237
2695 3501
2696 3426
2697 3522
2698 3395
2699 3426
2700 3454
2701 4440
2702 3522
2703 3395
2704 3244
2705 3383
2706 4488
2707 3315
2708 3237
2709 4488
2710 3426
2711 4306
2712 4453
2713 5125
2714 4460
2715 4460
2716 5125
2717 5125
2718 4269
2719 4488
2720 4488
2721 4269
2722 4440
2723 1435
2724 1003
2725 1435
2726 1435
2727 203
2728 1435
2729 530
2730 530
2731 530
2732 4440
2733 4460
2734 4269
2735 356
2736 4440
2737 543
2738 4440
2739 530
2740 356
2741 530
2742 530
2743 530
2744 3992
2745 4440
2746 3475
2747 4469
2748 4469
2749 4044
2750 5125
2751 3522
2752 3244
2753 3395
2754 3454
2755 4453
2756 4319
2757 4453
2758 4453
2759 4460
2760 4306
2761 3458
2762 2991
2763 1435
2764 1435
2765 3458
2766 4319
2767 3315
2768 3103
2769 3237
2770 3330
2771 3383
2772 3426
2773 3426
2774 3103
2775 4306
2776 4306
2777 4306
2778 4306
2779 4319
2780 4306
2781 3509
2782 3244
2783 4440
2784 3453
2785 3454
2786 4440
2787 3522
2788 3244
2789 3547
2790 3509
2791 4488
2792 3522
2793 3476
2794 3509
2795 3395
2796 3454
2797 3244
2798 3522
2799 3395
2800 3509
2801 3426
2802 3454
2803 3454
2804 3475
2805 3454
2806 3426
2807 3395
2808 3471
2809 4319
2810 4460
2811 4306
2812 4460
2813 4306
2814 1003
2815 4269
2816 3224
2817 4269
2818 4440
2819 4440
2820 4269
2821 3992
2822 4440
2823 3454
2824 3509
2825 3475
2826 3547
2827 3522
2828 3244
2829 3395
2830 3458
2831 3458
2832 3458
2833 2991
2834 3458
2835 4269
2836 4306
2837 3453
2838 5125
2839 4488
2840 4469
2841 3426
2842 3244
2843 3471
2844 4112
2845 4460
2846 4460
2847 5135
2848 5125
2849 4453
2850 4351
2851 4110
2852 4453
2853 4039
2854 4011
2855 4319
2856 4453
2857 4453
2858 4306
2859 4351
2860 4109
2861 3127
2862 4109
2863 4109
2864 3103
2865 3269
2866 4453
2867 3269
2868 4011
2869 3269
2870 4306
2871 4351
2872 4306
2873 4306
2874 4319
2875 4319
2876 3226
2877 4319
2878 3530
2879 3927
2880 2593
2881 2991
2882 373
2883 3561
2884 2593
2885 2593
2886 2593
2887 2991
2888 2593
2889 2541
2890 2555
2891 2555
2892 2555
2893 3368
2894 3368
2895 2079
2896 2555
2897 3530
2898 4327
2899 4219
2900 4079
2901 4079
2902 4039
2903 4319
2904 4055
2905 4327
2906 4302
2907 5127
2908 4302
2909 4302
2910 4219
2911 4079
2912 4079
2913 373
2914 4319
2915 4096
2916 4096
2917 3530
2918 4325
2919 4309
2920 3039
2921 3754
2922 3578
2923 4325
2924 4055
2925 857
2926 2593
2927 2991
2928 2991
2929 2593
2930 2304
2931 364
2932 2593
2933 2991
2934 2593
2935 2555
2936 2304
2937 3578
2938 3561
2939 3561
2940 4011
2941 4039
2942 4062
2943 4096
2944 2991
2945 3561
2946 2991
2947 3530
2948 2787
2949 2593
2950 2593
2951 1228
2952 2795
2953 500
2954 2795
2955 2795
2956 4039
2957 2795
2958 4017
2959 374
2960 4096
2961 3624
2962 500
2963 500
2964 4309
2965 4309
2966 2557
2967 3311
2968 3754
2969 3624
2970 3132
2971 364
2972 2593
2973 4068
2974 2795
2975 2837
2976 373
2977 4219
2978 4039
2979 2796
2980 4302
2981 4039
2982 4325
2983 2837
2984 2796
2985 5132
2986 500
2987 1897
2988 1377
2989 5127
2990 5127
2991 2795
2992 1378
2993 4326
2994 2795
2995 5127
2996 4039
2997 3847
2998 3577
2999 505
3000 3139
3001 2758
3002 3139
3003 3575
3004 2756
3005 2628
3006 2628
3007 1443
3008 3646
3009 2210
3010 2210
3011 2210
3012 2077
3013 2448
3014 2703
3015 2703
3016 1929
3017 1736
3018 2590
3019 1745
3020 2077
3021 2703
3022 2703
3023 1745
3024 1736
3025 1697
3026 1431
3027 471
3028 3359
3029 3359
3030 3359
3031 3037
3032 1297
3033 2792
3034 2792
3035 2792
3036 2792
3037 2590
3038 1742
3039 1507
3040 2463
3041 1858
3042 3038
3043 1707
3044 2463
3045 3038
3046 1297
3047 3207
3048 3122
3049 1297
3050 1297
3051 1742
3052 1742
3053 2954
3054 2953
3055 3359
3056 2953
3057 2954
3058 2953
3059 3208
3060 2448
3061 3165
3062 3559
3063 1601
3064 3614
3065 1639
3066 3165
3067 2648
3068 2703
3069 3183
3070 1590
3071 2479
3072 2479
3073 1639
3074 1612
3075 1697
3076 1917
3077 1507
3078 469
3079 1742
3080 469
3081 469
3082 2479
3083 3038
3084 1742
3085 1742
3086 2463
3087 2840
3088 3065
3089 3359
3090 2606
3091 3037
3092 3622
3093 2953
3094 2953
3095 2953
3096 3359
3097 2077
3098 2869
3099 3559
3100 3813
3101 3037
3102 3633
3103 2792
3104 2840
3105 3633
3106 3622
3107 3207
3108 2808
3109 3038
3110 3813
3111 3813
3112 2700
3113 3559
3114 2953
3115 2954
3116 2954
3117 2700
3118 2700
3119 1724
3120 1507
3121 469
3122 1724
3123 1507
3124 1507
3125 1724
3126 1697
3127 1724
3128 1744
3129 1507
3130 1507
3131 1432
3132 1742
3133 1724
3134 1744
3135 2590
3136 2703
3137 1742
3138 1707
3139 2648
3140 3088
3141 1949
3142 2049
3143 1823
3144 2111
3145 3538
3146 1881
3147 1930
3148 1926
3149 1822
3150 3813
3151 2854
3152 2848
3153 3183
3154 3183
3155 1774
3156 2648
3157 3050
3158 1724
3159 1580
3160 1724
3161 1724
3162 1452
3163 1590
3164 1507
3165 1697
3166 3595
3167 2983
3168 2768
3169 3595
3170 2768
3171 2983
3172 2954
3173 3893
3174 2648
3175 3813
3176 3813
3177 3559
3178 1885
3179 3813
3180 2444
3181 2784
3182 2784
3183 1880
3184 3536
3185 2109
3186 1881
3187 1987
3188 2132
3189 1881
3190 2352
3191 1885
3192 1877
3193 2109
3194 2109
3195 1877
3196 1877
3197 1877
3198 2700
3199 3908
3200 2700
3201 2836
3202 3866
3203 3980
3204 3649
3205 4001
3206 3093
3207 3093
3208 3093
3209 4123
3210 3981
3211 2836
3212 3980
3213 3874
3214 3981
3215 3656
3216 3666
3217 2836
3218 3461
3219 3633
3220 3633
3221 3427
3222 2809
3223 4031
3224 2792
3225 3633
3226 2792
3227 2682
3228 4031
3229 3981
3230 2795
3231 2836
3232 3981
3233 4309
3234 4309
3235 2842
3236 3754
3237 3622
3238 3622
3239 3578
3240 2795
3241 4309
3242 3559
3243 3056
3244 3427
3245 3427
3246 3863
3247 3427
3248 3473
3249 3427
3250 3829
3251 3980
3252 3980
3253 3865
3254 3829
3255 3866
3256 3829
3257 3981
3258 4123
3259 2794
3260 3874
3261 3829
3262 1804
3263 4006
3264 3829
3265 1671
3266 3093
3267 500
3268 3093
3269 3093
3270 500
3271 3093
3272 4357
3273 1821
3274 3219
3275 500
3276 500
3277 4001
3278 2682
3279 2809
3280 3656
3281 3863
3282 3649
3283 3752
3284 3461
3285 3461
3286 3427
3287 3461
3288 3666
3289 4123
3290 3865
3291 3908
3292 2680
3293 2809
3294 2792
3295 2682
3296 2792
3297 2841
3298 3218
3299 3578
3300 2682
3301 3886
3302 3893
3303 3753
3304 3814
3305 3427
3306 3893
3307 3893
3308 3100
3309 1671
3310 1377
3311 3093
3312 3093
3313 3093
3314 3093
3315 3874
3316 1918
3317 3093
3318 4123
3319 1918
3320 1377
3321 3866
3322 3093
3323 1377
3324 3981
3325 3874
3326 500
3327 1377
3328 4000
3329 2836
3330 477
3331 2053
3332 2051
3333 2111
3334 2053
3335 1926
3336 1821
3337 1930
3338 1875
3339 2352
3340 2132
3341 2761
3342 2437
3343 1822
3344 1873
3345 3210
3346 3874
3347 483
3348 3029
3349 4071
3350 1897
3351 4071
3352 3093
3353 3093
3354 3814
3355 3357
3356 3865
3357 3488
3358 3874
3359 1918
3360 1918
3361 5122
3362 3874
3363 3769
3364 3893
3365 2539
3366 3893
3367 477
3368 2784
3369 3886
3370 2109
3371 3210
3372 3813
3373 1877
3374 2649
3375 2784
3376 1881
3377 2132
3378 1881
3379 1881
3380 2109
3381 2109
3382 2109
3383 2109
3384 2131
3385 1885
3386 1885
3387 1877
3388 1880
3389 2784
3390 477
3391 3813
3392 1443
3393 2950
3394 2950
3395 3035
3396 3908
3397 3908
3398 2444
3399 2353
3400 2565
3401 1724
3402 2479
3403 2479
3404 2951
3405 2951
3406 2983
3407 2951
3408 1639
3409 3477
3410 2899
3411 3183
3412 3208
3413 3539
3414 1848
3415 3884
3416 2852
3417 3908
3418 3908
3419 3908
3420 3813
3421 3813
3422 3908
3423 3908
3424 3908
3425 3908
3426 3197
3427 3477
3428 3197
3429 2674
3430 1639
3431 2951
3432 1639
3433 1580
3434 1580
3435 2852
3436 3700
3437 5122
3438 5122
3439 3699
3440 3646
3441 3884
3442 3777
3443 2444
3444 3700
3445 4487
3446 4487
3447 4487
3448 4487
3449 4487
3450 1363
3451 1363
3452 1363
3453 1363
3454 1363
3455 5122
3456 1363
3457 3884
3458 3777
3459 3777
3460 3884
3461 3884
3462 479
3463 3908
3464 3908
3465 3908
3466 3908
3467 3908
3468 3813
3469 477
3470 3908
3471 3908
3472 3908
3473 4487
3474 4487
3475 1363
3476 3093
3477 4487
3478 1363
3479 3093
3480 2444
3481 2353
3482 2325
3483 2113
3484 2325
3485 2425
3486 2325
3487 2325
3488 2645
3489 3028
3490 3134
3491 3136
3492 2718
3493 2718
3494 3595
3495 2983
3496 1480
3497 2674
3498 1639
3499 1580
3500 1639
3501 1580
3502 1639
3503 3153
3504 2075
3505 505
3506 3097
3507 3595
3508 2852
3509 2210
3510 3647
3511 3153
3512 1444
3513 3183
3514 3050
3515 3035
3516 3134
3517 2950
3518 2628
3519 3600
3520 2353
3521 2444
3522 2353
3523 2353
3524 2353
3525 1880
3526 1880
3527 3908
3528 2924
3529 2444
3530 3600
3531 2113
3532 2325
3533 2325
3534 2325
3535 2325
3536 2325
3537 2437
3538 2325
3539 2325
3540 2325
3541 2325
3542 2111
3543 2111
3544 2051
3545 2053
3546 1926
3547 1822
3548 1931
3549 2352
3550 1930
3551 1987
3552 1881
3553 2131
3554 1885
3555 1877
3556 1880
3557 2353
3558 2983
3559 2325
3560 2325
3561 2667
3562 2325
3563 2325
3564 2667
3565 2667
3566 3141
3567 3139
3568 4071
3569 3575
3570 3581
3571 3581
3572 3581
3573 3581
3574 4071
3575 3581
3576 3093
3577 4071
3578 3093
3579 3600
3580 3139
3581 3572
3582 4071
3583 3581
3584 4071
3585 3575
3586 3581
3587 2756
3588 3139
3589 3581
3590 1363
3591 3572
3592 4071
3593 5122
3594 4071
3595 3848
3596 3575
3597 3298
3598 4071
3599 3600
3600 2353
3601 1880
3602 3813
3603 2444
3604 2113
3605 2113
3606 2325
3607 3600
3608 2325
3609 2325
3610 2325
3611 2438
3612 2111
3613 2437
3614 2325
3615 2437
3616 2053
3617 1949
3618 1926
3619 1926
3620 2051
3621 1996
3622 2111
3623 1996
3624 1930
3625 2352
3626 2352
3627 1873
3628 2352
3629 2352
3630 1881
3631 1881
3632 2109
3633 1885
3634 1877
3635 1877
3636 4487
3637 3581
3638 2353
3639 2353
3640 2353
3641 2353
3642 1880
3643 1880
3644 2674
3645 2628
3646 3699
3647 2628
3648 2674
3649 2852
3650 3035
3651 3412
3652 5122
3653 3050
3654 2950
3655 2950
3656 3035
3657 3035
3658 3197
3659 481
3660 1966
3661 3908
3662 2924
3663 3908
3664 3908
3665 3249
3666 3249
3667 3514
3668 4281
3669 3894
3670 4289
3671 3514
3672 4607
3673 4398
3674 4370
3675 3514
3676 4572
3677 2519
3678 2870
3679 2519
3680 2519
3681 4632
3682 1305
3683 1305
3684 1305
3685 1305
3686 4571
3687 4615
3688 4631
3689 4564
3690 4573
3691 4571
3692 4571
3693 2521
3694 2521
3695 4631
3696 4573
3697 4573
3698 4615
3699 4573
3700 4631
3701 4474
3702 4632
3703 1305
3704 4573
3705 3105
3706 4632
3707 4632
3708 4573
3709 1305
3710 4632
3711 3105
3712 4416
3713 4273
3714 3182
3715 2728
3716 4573
3717 4615
3718 4573
3719 4632
3720 1303
3721 2521
3722 4345
3723 2519
3724 2519
3725 2519
3726 2519
3727 2519
3728 2521
3729 2521
3730 2184
3731 2728
3732 2728
3733 4376
3734 4273
3735 3817
3736 4345
3737 3817
3738 2728
3739 4376
3740 2519
3741 2519
3742 2728
3743 2519
3744 2184
3745 2728
3746 4382
3747 4382
3748 2519
3749 3698
3750 3698
3751 2728
3752 2728
3753 3698
3754 4345
3755 4345
3756 3698
3757 4289
3758 2521
3759 3817
3760 3817
3761 3816
3762 2519
3763 2519
3764 4345
3765 2519
3766 2519
3767 2519
3768 2519
3769 2519
3770 2519
3771 2728
3772 4382
3773 2728
3774 4376
3775 4382
3776 3817
3777 4220
3778 3817
3779 4345
3780 4382
3781 3817
3782 2519
3783 4376
3784 3698
3785 3698
3786 4345
3787 3698
3788 2728
3789 2521
3790 2519
3791 2519
3792 2521
3793 2519
3794 2184
3795 2519
3796 2519
3797 2519
3798 4363
3799 4613
3800 4632
3801 4632
3802 1305
3803 1305
3804 1305
3805 1305
3806 1305
3807 1305
3808 1305
3809 1305
3810 4632
3811 4632
3812 4363
3813 4363
3814 3128
3815 3128
3816 4632
3817 1303
3818 1305
3819 1305
3820 4632
3821 1305
3822 1305
3823 4632
3824 1305
3825 4632
3826 1303
3827 1305
3828 2229
3829 1305
3830 1305
3831 4334
3832 4345
3833 3214
3834 3279
3835 3279
3836 1305
3837 4384
3838 4363
3839 4384
3840 1305
3841 1305
3842 2229
3843 1305
3844 1305
3845 1305
3846 1305
3847 1305
3848 1305
3849 1305
3850 4632
3851 4632
3852 1303
3853 3128
3854 4384
3855 3214
3856 2229
3857 3128
3858 4375
3859 1305
3860 1303
3861 1303
3862 4334
3863 4334
3864 4345
3865 4345
3866 4632
3867 1305
3868 1305
3869 1305
3870 1305
3871 1305
3872 4632
3873 1305
3874 1305
3875 4334
3876 4220
3877 3404
3878 2728
3879 2519
3880 3404
3881 4289
3882 3887
3883 3404
3884 4345
3885 4345
3886 2728
3887 4376
3888 4346
3889 4382
3890 4345
3891 3817
3892 4345
3893 3817
3894 3404
3895 3816
3896 3816
3897 4345
3898 4345
3899 4345
3900 4287
3901 4289
3902 4220
3903 4331
3904 3278
3905 3404
3906 3404
3907 3698
3908 4345
3909 2728
3910 2728
3911 3520
3912 3915
3913 3915
3914 1305
3915 3514
3916 3916
3917 4334
3918 3279
3919 3354
3920 3834
3921 4632
3922 1303
3923 4289
3924 1303
3925 1303
3926 4334
3927 3128
3928 4363
3929 3915
3930 4388
3931 3128
3932 4334
3933 4334
3934 4345
3935 3279
3936 4384
3937 4363
3938 4375
3939 3514
3940 3916
3941 3514
3942 3514
3943 4334
3944 4334
3945 4632
3946 4632
3947 4345
3948 3128
3949 4334
3950 4632
3951 2974
3952 4416
3953 2974
3954 2198
3955 3250
3956 4312
3957 2974
3958 2974
3959 4312
3960 3248
3961 4262
3962 4262
3963 4312
3964 4574
3965 4574
3966 4574
3967 4416
3968 4564
3969 4571
3970 3514
3971 4570
3972 4409
3973 4556
3974 3250
3975 4416
3976 4290
3977 3250
3978 2527
3979 3193
3980 2198
3981 2974
3982 4262
3983 4669
3984 4117
3985 4346
3986 4117
3987 4571
3988 4515
3989 4607
3990 941
3991 1095
3992 998
3993 1628
3994 1091
3995 1628
3996 898
3997 1092
3998 1628
3999 821
4000 883
4001 1095
4002 646
4003 1267
4004 1095
4005 1091
4006 1091
4007 1267
4008 586
4009 1267
4010 586
4011 1267
4012 1267
4013 975
4014 991
4015 1628
4016 941
4017 850
4018 883
4019 1092
4020 1384
4021 883
4022 850
4023 1628
4024 850
4025 1628
4026 849
4027 849
4028 898
4029 1628
4030 1628
4031 1628
4032 1095
4033 646
4034 586
4035 998
4036 1092
4037 1091
4038 1267
4039 898
4040 1628
4041 941
4042 1628
4043 1628
4044 1628
4045 1628
4046 4986
4047 1628
4048 1628
4049 1628
4050 849
4051 1628
4052 1628
4053 4990
4054 1628
4055 1628
4056 1628
4057 1628
4058 1628
4059 1628
4060 1628
4061 1466
4062 821
4063 1628
4064 1628
4065 1628
4066 821
4067 821
4068 1628
4069 1628
4070 872
4071 1628
4072 1628
4073 872
4074 1628
4075 1267
4076 586
4077 991
4078 4820
4079 4679
4080 4820
4081 4820
4082 932
4083 933
4084 1082
4085 932
4086 4674
4087 4674
4088 4674
4089 4820
4090 1253
4091 1082
4092 4679
4093 933
4094 933
4095 1082
4096 5194
4097 801
4098 1082
4099 5194
4100 1082
4101 1082
4102 4674
4103 4674
4104 4820
4105 845
4106 932
4107 933
4108 932
4109 800
4110 4820
4111 4820
4112 4674
4113 800
4114 4820
4115 4674
4116 4913
4117 4782
4118 932
4119 933
4120 932
4121 932
4122 933
4123 5194
4124 800
4125 4674
4126 4782
4127 4820
4128 4674
4129 4584
4130 4913
4131 4584
4132 4913
4133 4674
4134 4674
4135 4782
4136 4782
4137 4913
4138 4913
4139 4782
4140 4782
4141 4782
4142 4584
4143 4584
4144 4782
4145 4782
4146 4782
4147 4913
4148 4782
4149 4584
4150 4782
4151 4584
4152 4782
4153 4782
4154 4913
4155 4913
4156 4674
4157 4674
4158 4782
4159 4782
4160 4584
4161 1082
4162 801
4163 1082
4164 1092
4165 883
4166 1091
4167 586
4168 1095
4169 1092
4170 1092
4171 1091
4172 883
4173 998
4174 1095
4175 1095
4176 1092
4177 1095
4178 1095
4179 898
4180 645
4181 883
4182 850
4183 936
4184 645
4185 941
4186 883
4187 934
4188 941
4189 934
4190 850
4191 883
4192 794
4193 567
4194 1628
4195 1628
4196 750
4197 1628
4198 1628
4199 794
4200 794
4201 794
4202 1628
4203 750
4204 1628
4205 1628
4206 1628
4207 640
4208 638
4209 640
4210 5019
4211 640
4212 678
4213 814
4214 639
4215 674
4216 638
4217 638
4218 675
4219 638
4220 636
4221 638
4222 675
4223 638
4224 675
4225 675
4226 636
4227 638
4228 678
4229 640
4230 640
4231 1628
4232 794
4233 794
4234 567
4235 794
4236 5002
4237 567
4238 794
4239 567
4240 1628
4241 1628
4242 1628
4243 1628
4244 1628
4245 1628
4246 632
4247 669
4248 3734
4249 3734
4250 677
4251 669
4252 3734
4253 678
4254 620
4255 669
4256 3734
4257 639
4258 637
4259 3734
4260 5019
4261 3734
4262 637
4263 639
4264 3734
4265 4976
4266 1628
4267 1628
4268 1628
4269 1628
4270 1628
4271 1628
4272 1466
4273 1628
4274 1628
4275 1628
4276 1628
4277 640
4278 5002
4279 1628
4280 567
4281 794
4282 785
4283 1628
4284 1628
4285 1628
4286 1628
4287 1628
4288 1628
4289 1628
4290 1104
4291 934
4292 1628
4293 1104
4294 1628
4295 1628
4296 1628
4297 5194
4298 845
4299 933
4300 933
4301 1082
4302 932
4303 933
4304 933
4305 845
4306 932
4307 1253
4308 845
4309 932
4310 1253
4311 845
4312 932
4313 932
4314 580
4315 845
4316 1400
4317 932
4318 845
4319 1400
4320 580
4321 580
4322 580
4323 845
4324 1073
4325 4584
4326 1073
4327 4584
4328 4782
4329 4584
4330 4584
4331 1073
4332 1117
4333 1117
4334 1077
4335 4913
4336 4782
4337 4782
4338 1073
4339 799
4340 799
4341 1073
4342 799
4343 1073
4344 1073
4345 799
4346 799
4347 4944
4348 717
4349 718
4350 4944
4351 4944
4352 4944
4353 4848
4354 717
4355 940
4356 940
4357 4944
4358 717
4359 940
4360 940
4361 717
4362 718
4363 4944
4364 717
4365 940
4366 4944
4367 4944
4368 940
4369 4944
4370 718
4371 4808
4372 4944
4373 717
4374 940
4375 940
4376 4944
4377 940
4378 717
4379 717
4380 4646
4381 4794
4382 4794
4383 4794
4384 4940
4385 4940
4386 4784
4387 4783
4388 4784
4389 4591
4390 4783
4391 4783
4392 4784
4393 4784
4394 4680
4395 4940
4396 4927
4397 4591
4398 4592
4399 4591
4400 4592
4401 4591
4402 4584
4403 4584
4404 4784
4405 4584
4406 4784
4407 4782
4408 4584
4409 4902
4410 4848
4411 4792
4412 4939
4413 4857
4414 4857
4415 4848
4416 4883
4417 4848
4418 4883
4419 4883
4420 4848
4421 4883
4422 4883
4423 4902
4424 4939
4425 4939
4426 4939
4427 4792
4428 4939
4429 4856
4430 4902
4431 4857
4432 4848
4433 4883
4434 4940
4435 4592
4436 4592
4437 4927
4438 4927
4439 4592
4440 4592
4441 4592
4442 4927
4443 4784
4444 4852
4445 4584
4446 4782
4447 4584
4448 4912
4449 4584
4450 4584
4451 4782
4452 4913
4453 4913
4454 4591
4455 4783
4456 4590
4457 4680
4458 4680
4459 4590
4460 4852
4461 1399
4462 1399
4463 1399
4464 1399
4465 1399
4466 1399
4467 1399
4468 1399
4469 1399
4470 1399
4471 1399
4472 1399
4473 1399
4474 3734
4475 669
4476 563
4477 3734
4478 3734
4479 3734
4480 558
4481 3734
4482 558
4483 669
4484 3734
4485 563
4486 640
4487 5002
4488 567
4489 794
4490 1628
4491 1628
4492 1628
4493 1628
4494 1628
4495 5002
4496 794
4497 1628
4498 794
4499 1628
4500 1628
4501 1628
4502 1628
4503 1628
4504 1628
4505 640
4506 5034
4507 5034
4508 638
4509 675
4510 5019
4511 678
4512 640
4513 3734
4514 4848
4515 4848
4516 940
4517 4808
4518 4944
4519 4944
4520 4944
4521 940
4522 4848
4523 4944
4524 4944
4525 4944
4526 4883
4527 940
4528 717
4529 940
4530 4848
4531 717
4532 4944
4533 4848
4534 4944
4535 940
4536 4848
4537 4944
4538 4944
4539 717
4540 940
4541 940
4542 940
4543 4646
4544 4646
4545 4591
4546 4794
4547 4592
4548 4646
4549 4591
4550 4783
4551 4783
4552 4584
4553 4784
4554 4783
4555 4784
4556 4783
4557 4784
4558 4591
4559 4591
4560 4590
4561 4591
4562 4592
4563 4784
4564 4590
4565 4592
4566 4584
4567 4584
4568 4584
4569 4584
4570 4584
4571 4584
4572 4782
4573 4794
4574 4794
4575 4883
4576 4848
4577 4848
4578 4939
4579 4883
4580 4792
4581 4939
4582 4902
4583 4939
4584 4939
4585 4902
4586 4792
4587 4856
4588 4592
4589 4902
4590 4856
4591 4592
4592 4856
4593 4883
4594 675
4595 675
4596 637
4597 637
4598 636
4599 669
4600 636
4601 563
4602 675
4603 675
4604 563
4605 3734
4606 799
4607 851
4608 851
4609 851
4610 851
4611 851
4612 799
4613 851
4614 799
4615 799
4616 851
4617 851
4618 4027
4619 3724
4620 3724
4621 3725
4622 3806
4623 3806
4624 4263
4625 4263
4626 4263
4627 3724
4628 4027
4629 3857
4630 3729
4631 3731
4632 3729
4633 3729
4634 3731
4635 3877
4636 3729
4637 3729
4638 3877
4639 3729
4640 3877
4641 3729
4642 3729
4643 3729
4644 3729
4645 3729
4646 3901
4647 3729
4648 4376
4649 3901
4650 3901
4651 4376
4652 3729
4653 3729
4654 3729
4655 3877
4656 3698
4657 4331
4658 4382
4659 3834
4660 3834
4661 4331
4662 4331
4663 3834
4664 3766
4665 3835
4666 3766
4667 3678
4668 3901
4669 3678
4670 3729
4671 3901
4672 3731
4673 3729
4674 3281
4675 4382
4676 3901
4677 4376
4678 3729
4679 3901
4680 4376
4681 3901
4682 3729
4683 3729
4684 3877
4685 4382
4686 4331
4687 4331
4688 4382
4689 4331
4690 4376
4691 4376
4692 4331
4693 4376
4694 4437
4695 4437
4696 4437
4697 4377
4698 3974
4699 3950
4700 4354
4701 4437
4702 4455
4703 4437
4704 4377
4705 4354
4706 4437
4707 4437
4708 4437
4709 4437
4710 4437
4711 4400
4712 4437
4713 4437
4714 4437
4715 4336
4716 4437
4717 4437
4718 4437
4719 4437
4720 4437
4721 4400
4722 4437
4723 4400
4724 4455
4725 4437
4726 4437
4727 4437
4728 4437
4729 4400
4730 4437
4731 4437
4732 4437
4733 4437
4734 4437
4735 4400
4736 4437
4737 4437
4738 4437
4739 4437
4740 4437
4741 4437
4742 4377
4743 3950
4744 4354
4745 4437
4746 4400
4747 4400
4748 4437
4749 4437
4750 3974
4751 4437
4752 4455
4753 4437
4754 4377
4755 4437
4756 4437
4757 4455
4758 4437
4759 4437
4760 4437
4761 3950
4762 3961
4763 4437
4764 4021
4765 3950
4766 4437
4767 4437
4768 4400
4769 4437
4770 3974
4771 3950
4772 4400
4773 4402
4774 4400
4775 4400
4776 4400
4777 4437
4778 4400
4779 4400
4780 4400
4781 4437
4782 4786
4783 4053
4784 4263
4785 4786
4786 4620
4787 4786
4788 3806
4789 3724
4790 3724
4791 3724
4792 2519
4793 4400
4794 4400
4795 4437
4796 4437
4797 4437
4798 4455
4799 3961
4800 4354
4801 4437
4802 4437
4803 1305
4804 4620
4805 2870
4806 4620
4807 4632
4808 2519
4809 2519
4810 4775
4811 4637
4812 4831
4813 3974
4814 4437
4815 4830
4816 4830
4817 4786
4818 4830
4819 4786
4820 4775
4821 4632
4822 4775
4823 4818
4824 4818
4825 4818
4826 4786
4827 4053
4828 4786
4829 4021
4830 4437
4831 4775
4832 4775
4833 4618
4834 4027
4835 4263
4836 3806
4837 1305
4838 1305
4839 4400
4840 4400
4841 4437
4842 4437
4843 4437
4844 4437
4845 4400
4846 4437
4847 4296
4848 4572
4849 1305
4850 4620
4851 4620
4852 4620
4853 1305
4854 1305
4855 1307
4856 4831
4857 4437
4858 4400
4859 4402
4860 4830
4861 4830
4862 4775
4863 4830
4864 4786
4865 4830
4866 4775
4867 4618
4868 4775
4869 4818
4870 4818
4871 4786
4872 1305
4873 4818
4874 4380
4875 3403
4876 4380
4877 4380
4878 4290
4879 3525
4880 4262
4881 4262
4882 4290
4883 4262
4884 4103
4885 3250
4886 3525
4887 4103
4888 4290
4889 4262
4890 3778
4891 3778
4892 3768
4893 4281
4894 3249
4895 3778
4896 3677
4897 3768
4898 3768
4899 3764
4900 4183
4901 4290
4902 3249
4903 3404
4904 3764
4905 3407
4906 3249
4907 4080
4908 4048
4909 3564
4910 3404
4911 4323
4912 4027
4913 4363
4914 3850
4915 3832
4916 3877
4917 4023
4918 3842
4919 3842
4920 4081
4921 3724
4922 4015
4923 3772
4924 3889
4925 3822
4926 3823
4927 3724
4928 3771
4929 3771
4930 3823
4931 2521
4932 3900
4933 4273
4934 3677
4935 2183
4936 3677
4937 3613
4938 4021
4939 4081
4940 3857
4941 3951
4942 2183
4943 2519
4944 2183
4945 4023
4946 2523
4947 2519
4948 3129
4949 2519
4950 4441
4951 3250
4952 4262
4953 4380
4954 3250
4955 4380
4956 4048
4957 4080
4958 4103
4959 3250
4960 4262
4961 4262
4962 3250
4963 3778
4964 4103
4965 4262
4966 4262
4967 3613
4968 4346
4969 4220
4970 4281
4971 4262
4972 4103
4973 4048
4974 3281
4975 4334
4976 3817
4977 3519
4978 3281
4979 4281
4980 3250
4981 4312
4982 4312
4983 4080
4984 3514
4985 3249
4986 3915
4987 3279
4988 4263
4989 4400
4990 4263
4991 4053
4992 3968
4993 4387
4994 3961
4995 4081
4996 4023
4997 3857
4998 4353
4999 4125
5000 3806
5001 4216
5002 3680
5003 3680
5004 4263
5005 3851
5006 3681
5007 4371
5008 3724
5009 4027
5010 3514
5011 3249
5012 4607
5013 4402
5014 4455
5015 4125
5016 4573
5017 4050
5018 3894
5019 1303
5020 1303
5021 4402
5022 3961
5023 1305
5024 4613
5025 1305
5026 1305
5027 4573
5028 1305
5029 1305
5030 4567
5031 3514
5032 4080
5033 3565
5034 3589
5035 4366
5036 3729
5037 3849
5038 3729
5039 3877
5040 3819
5041 3859
5042 3772
5043 3729
5044 3849
5045 3764
5046 3817
5047 4382
5048 3768
5049 3613
5050 3589
5051 3589
5052 4220
5053 4345
5054 3248
5055 4220
5056 4220
5057 3407
5058 4052
5059 3817
5060 3817
5061 2527
5062 4526
5063 4441
5064 4526
5065 4441
5066 4441
5067 4563
5068 4563
5069 4441
5070 4380
5071 4380
5072 4441
5073 3403
5074 4526
5075 4441
5076 4539
5077 4262
5078 2527
5079 2527
5080 4441
5081 2527
5082 4561
5083 4441
5084 4562
5085 4441
5086 4441
5087 4380
5088 4441
5089 4441
5090 4562
5091 4441
5092 4441
5093 4563
5094 4563
5095 4563
5096 4539
5097 4563
5098 4558
5099 2031
5100 675
5101 638
5102 638
5103 3734
5104 1628
5105 1628
5106 1628
5107 940
5108 940
5109 4870
5110 1399
5111 1399
5112 1399
5113 669
5114 558
5115 940
5116 940
5117 718
5118 4808
5119 940
5120 675
5121 851
5122 70
5123 70
5124 65
5125 70
5126 70
5127 70
5128 4156
5129 5090
5130 4156
5131 70
5132 4734
5133 4734
5134 4734
5135 4734
5136 721
5137 4734
5138 721
5139 721
5140 4734
5141 3724
5142 3724
5143 5186
5144 4437
5145 4377
5146 4377
5147 4437
5148 4437
5149 4400
5150 4437
5151 4400
5152 4437
5153 4437
5154 4400
5155 3724
5156 3724
5157 4437
5158 4354
5159 4437
5160 3974
5161 4354
5162 4437
5163 3974
5164 4437
5165 4437
5166 4437
5167 4437
5168 4437
5169 4455
5170 4437
5171 2128
5172 721
5173 3724
5174 4437
5175 4437
5176 4437
5177 4437
5178 4437
5179 4437
5180 3974
5181 4377
5182 4297
5183 3974
5184 4437
5185 4437
5186 4437
5187 4437
5188 4437
5189 4437
5190 4437
5191 4437
5192 4400
5193 4400
5194 4437
5195 4437
5196 1196
5197 1196
5198 1196
5199 4437
5200 4437
