0 4417
1 4701
2 4424
3 4504
4 4424
5 4466
6 2029
7 1929
8 1469
9 3585
10 247
11 247
12 3073
13 3487
14 3487
15 3487
16 2505
17 3537
18 3537
19 3537
20 4706
21 4647
22 4706
23 4205
24 4706
25 3638
26 3638
27 2691
28 3537
29 3537
30 3991
31 4945
32 3991
33 4412
34 3537
35 3537
36 5014
37 1004
38 1574
39 1539
40 2496
41 986
42 2421
43 2421
44 4647
45 4205
46 3859
47 3335
48 2180
49 1152
50 1253
51 1253
52 2732
53 1590
54 4466
55 2496
56 4205
57 2421
58 3537
59 3537
60 4945
61 4945
62 4945
63 4948
64 4945
65 4945
66 3537
67 3537
68 4205
69 986
70 1846
71 4163
72 4462
73 4417
74 3600
75 3600
76 3487
77 1220
78 1411
79 2496
80 2496
81 1574
82 4462
83 4462
84 4462
85 4163
86 4504
87 2421
88 3537
89 3537
90 4945
91 4380
92 3537
93 3537
94 5173
95 3537
96 3537
97 1574
98 4706
99 978
100 2421
101 3638
102 3487
103 3537
104 3537
105 3537
106 4945
107 4945
108 4945
109 5173
110 1220
111 4417
112 4205
113 3537
114 978
115 1574
116 5173
117 5173
118 3537
119 3537
120 3859
121 2029
122 2170
123 328
124 386
125 3073
126 1009
127 442
128 3073
129 328
130 2170
131 2771
132 4205
133 4205
134 4462
135 2732
136 3537
137 3638
138 978
139 2496
140 4403
141 4462
142 3537
143 3537
144 3537
145 4412
146 4412
147 3537
148 4412
149 4945
150 4945
151 4945
152 2542
153 2509
154 3537
155 4945
156 4945
157 4945
158 4948
159 3859
160 4504
161 4649
162 4701
163 4412
164 4412
165 4945
166 3537
167 4403
168 3600
169 1152
170 2590
171 2170
172 2170
173 2170
174 328
175 160
176 1934
177 309
178 3868
179 80
180 8
181 80
182 90
183 102
184 309
185 51
186 3073
187 1622
188 2180
189 893
190 2029
191 2590
192 72
193 3073
194 160
195 4205
196 3537
197 3537
198 3537
199 3537
200 3638
201 3600
202 3335
203 3991
204 1929
205 1253
206 4706
207 2496
208 4647
209 3859
210 4466
211 3600
212 3537
213 1253
214 5173
215 1929
216 1929
217 1549
218 1549
219 1469
220 5173
221 4945
222 3638
223 2732
224 4466
225 1929
226 328
227 3073
228 177
229 2180
230 4380
231 2421
232 3537
233 2180
234 3335
235 5173
236 3859
237 4462
238 3600
239 4163
240 3600
241 3487
242 4403
243 2170
244 1152
245 3537
246 4945
247 4701
248 3537
249 1590
250 4945
251 1929
252 1590
253 1152
254 3537
255 4948
256 1549
257 1549
258 2180
259 2170
260 37
261 3073
262 4948
263 4948
264 3487
265 3487
266 4462
267 3859
268 4504
269 1253
270 1590
271 1929
272 3537
273 4466
274 4462
275 328
276 328
277 4948
278 2771
279 1574
280 986
281 1574
282 3487
283 1004
284 1574
285 3600
286 2180
287 4163
288 4649
289 1590
290 2822
291 328
292 5173
293 1469
294 1469
295 328
296 3600
297 4466
298 4466
299 1590
300 328
301 3487
302 2505
303 3537
304 4649
305 40
306 4205
307 4466
308 40
309 2691
310 3537
311 3991
312 4945
313 3537
314 2590
315 5173
316 3335
317 1929
318 2180
319 3073
320 4412
321 3073
322 3073
323 51
324 102
325 122
326 175
327 122
328 2142
329 3371
330 4421
331 4657
332 4657
333 4657
334 3922
335 3922
336 4714
337 4657
338 4657
339 3990
340 2421
341 4462
342 4424
343 4948
344 4945
345 3585
346 37
347 177
348 51
349 309
350 317
351 317
352 51
353 4466
354 4466
355 1253
356 4412
357 2691
358 2421
359 3537
360 4412
361 4948
362 2029
363 1152
364 3073
365 3537
366 4945
367 4945
368 37
369 3537
370 1929
371 270
372 3537
373 2590
374 328
375 3537
376 3991
377 1539
378 2421
379 177
380 3991
381 3537
382 3537
383 1929
384 3537
385 3537
386 4945
387 1004
388 2691
389 2542
390 1549
391 498
392 177
393 442
394 169
395 2170
396 2180
397 2590
398 2590
399 270
400 160
401 167
402 2378
403 40
404 2180
405 328
406 3585
407 3585
408 3585
409 498
410 37
411 51
412 216
413 229
414 50
415 229
416 216
417 94
418 94
419 216
420 94
421 94
422 229
423 92
424 1956
425 4315
426 4032
427 4032
428 4032
429 4293
430 1406
431 1406
432 1598
433 1598
434 1598
435 1598
436 1598
437 1598
438 2944
439 1725
440 4561
441 2544
442 2544
443 2544
444 2544
445 1900
446 1900
447 4546
448 1900
449 2018
450 4511
451 1598
452 1406
453 5079
454 5120
455 51
456 328
457 177
458 270
459 1622
460 328
461 102
462 328
463 324
464 498
465 160
466 51
467 893
468 102
469 294
470 324
471 177
472 292
473 126
474 20
475 324
476 294
477 498
478 309
479 247
480 177
481 126
482 102
483 101
484 284
485 593
486 1934
487 5162
488 4788
489 3719
490 4717
491 3958
492 3719
493 4491
494 4478
495 3917
496 4478
497 3896
498 3399
499 4722
500 4478
501 2912
502 4304
503 4079
504 4120
505 2798
506 3711
507 3391
508 2238
509 2556
510 2556
511 2556
512 3052
513 3360
514 2812
515 3900
516 3150
517 3063
518 3956
519 3601
520 2472
521 3912
522 3399
523 4040
524 3079
525 4359
526 5167
527 4788
528 4188
529 4359
530 4824
531 3662
532 4835
533 3561
534 4374
535 3079
536 3719
537 4415
538 4415
539 4785
540 5092
541 5092
542 4785
543 3958
544 4415
545 4785
546 247
547 1326
548 2444
549 2912
550 4120
551 4151
552 3506
553 4120
554 2798
555 2798
556 3896
557 4687
558 3917
559 3736
560 3897
561 2549
562 3384
563 3317
564 3917
565 2912
566 4304
567 4304
568 4151
569 3743
570 3391
571 2962
572 4123
573 3648
574 294
575 51
576 317
577 1739
578 693
579 651
580 4188
581 4563
582 4425
583 4478
584 1326
585 3561
586 4824
587 4717
588 51
589 4359
590 4717
591 4824
592 4079
593 4475
594 2729
595 3711
596 1818
597 3506
598 4151
599 51
600 79
601 51
602 122
603 4833
604 4833
605 4785
606 4833
607 4717
608 4717
609 5167
610 4359
611 3455
612 3455
613 3561
614 3427
615 3455
616 3917
617 3736
618 4304
619 4304
620 4088
621 4177
622 3391
623 2962
624 3196
625 3958
626 3958
627 3958
628 5092
629 4781
630 4415
631 4374
632 3791
633 4425
634 4656
635 4785
636 4805
637 5111
638 5111
639 3156
640 5111
641 3156
642 5111
643 5111
644 51
645 3743
646 4781
647 4781
648 4781
649 126
650 3250
651 1934
652 309
653 317
654 90
655 80
656 80
657 8
658 85
659 94
660 94
661 94
662 85
663 216
664 229
665 94
666 4415
667 309
668 693
669 88
670 1934
671 3170
672 3196
673 102
674 324
675 3506
676 324
677 2549
678 4425
679 3427
680 4805
681 4805
682 4816
683 4782
684 3156
685 4782
686 4816
687 4805
688 5111
689 5111
690 3156
691 5111
692 88
693 593
694 593
695 593
696 50
697 5092
698 3427
699 3170
700 1681
701 102
702 88
703 2755
704 2755
705 4785
706 4785
707 102
708 5111
709 5111
710 5111
711 4836
712 4782
713 442
714 88
715 5111
716 5111
717 5111
718 3156
719 4088
720 3455
721 3736
722 2245
723 4782
724 4088
725 3317
726 3980
727 3980
728 3648
729 324
730 693
731 467
732 317
733 5111
734 5111
735 5111
736 3156
737 4782
738 4805
739 4264
740 3897
741 3897
742 90
743 309
744 90
745 4785
746 2755
747 1960
748 4425
749 2755
750 693
751 3317
752 4236
753 3561
754 3196
755 3317
756 593
757 101
758 3897
759 3506
760 3506
761 4120
762 2729
763 4120
764 3022
765 2798
766 4041
767 5111
768 317
769 102
770 1343
771 3188
772 2549
773 284
774 593
775 2303
776 3147
777 4166
778 1739
779 593
780 2746
781 2142
782 453
783 317
784 3980
785 2674
786 693
787 4422
788 3047
789 4782
790 4805
791 4785
792 4782
793 1297
794 1240
795 971
796 1182
797 4563
798 3980
799 3732
800 3188
801 4415
802 4175
803 3047
804 3736
805 3455
806 3791
807 593
808 3980
809 261
810 261
811 229
812 229
813 229
814 229
815 229
816 3980
817 1958
818 3648
819 3980
820 1739
821 1134
822 4587
823 4587
824 4587
825 4482
826 2207
827 2207
828 1462
829 942
830 3280
831 2667
832 1796
833 2667
834 3574
835 2527
836 4370
837 4429
838 4123
839 3427
840 3427
841 1269
842 3980
843 3980
844 2285
845 3732
846 3498
847 3732
848 4656
849 3384
850 2340
851 2340
852 2758
853 3912
854 2340
855 2472
856 2472
857 4190
858 2812
859 2340
860 2340
861 4190
862 4190
863 4190
864 3330
865 3330
866 3330
867 3676
868 4093
869 5102
870 2340
871 2340
872 4190
873 2340
874 2812
875 3150
876 3956
877 3469
878 2962
879 2340
880 2340
881 2472
882 4190
883 2472
884 2472
885 2753
886 2812
887 3912
888 2812
889 2683
890 4190
891 2340
892 3469
893 4175
894 2993
895 2472
896 2758
897 333
898 3786
899 3360
900 8
901 94
902 104
903 8
904 2580
905 4190
906 3330
907 2993
908 4190
909 2706
910 3330
911 4052
912 4221
913 3330
914 2489
915 2074
916 2489
917 2489
918 2489
919 2489
920 2489
921 2074
922 2489
923 4221
924 4221
925 4221
926 4221
927 1428
928 1428
929 3946
930 2910
931 2910
932 2910
933 2910
934 2910
935 3946
936 3330
937 4221
938 1865
939 4221
940 1350
941 4052
942 2510
943 2472
944 3052
945 3732
946 90
947 4190
948 2993
949 2993
950 2993
951 3330
952 4190
953 2993
954 85
955 216
956 3743
957 2238
958 3252
959 2758
960 3379
961 2340
962 3498
963 3455
964 3736
965 3736
966 3897
967 3736
968 1818
969 3917
970 3455
971 2990
972 3472
973 1031
974 1065
975 4563
976 2263
977 284
978 3330
979 693
980 467
981 4422
982 693
983 3292
984 2812
985 2993
986 2340
987 2340
988 2549
989 2798
990 4554
991 2798
992 2580
993 2340
994 3980
995 2758
996 467
997 467
998 333
999 2340
1000 2340
1001 2340
1002 3980
1003 2683
1004 2580
1005 2812
1006 3648
1007 3980
1008 3649
1009 3890
1010 2758
1011 205
1012 693
1013 3150
1014 3980
1015 3732
1016 4079
1017 4079
1018 1773
1019 2980
1020 4120
1021 2729
1022 2798
1023 2798
1024 2798
1025 2580
1026 3890
1027 3890
1028 4041
1029 2978
1030 3330
1031 3330
1032 3912
1033 3022
1034 3330
1035 4048
1036 4048
1037 2993
1038 2993
1039 2798
1040 3956
1041 3063
1042 3330
1043 4190
1044 4048
1045 4048
1046 3676
1047 3676
1048 4600
1049 4600
1050 4600
1051 5079
1052 4600
1053 4600
1054 1417
1055 4600
1056 4093
1057 1417
1058 1417
1059 4093
1060 1417
1061 5147
1062 5131
1063 5120
1064 4829
1065 5107
1066 5107
1067 5107
1068 4813
1069 4827
1070 5087
1071 5132
1072 5147
1073 5147
1074 5087
1075 5128
1076 5128
1077 5128
1078 4829
1079 4829
1080 4829
1081 4048
1082 5079
1083 5079
1084 4600
1085 2753
1086 3330
1087 2340
1088 3912
1089 3330
1090 3021
1091 3384
1092 2962
1093 3743
1094 4048
1095 3676
1096 4600
1097 3676
1098 3743
1099 4175
1100 4123
1101 2978
1102 2556
1103 2978
1104 2556
1105 3330
1106 1146
1107 1513
1108 3956
1109 3900
1110 3469
1111 3150
1112 4048
1113 2993
1114 3021
1115 1811
1116 3676
1117 4600
1118 4600
1119 3331
1120 3676
1121 4600
1122 1513
1123 3956
1124 2472
1125 3330
1126 3330
1127 651
1128 4600
1129 3331
1130 1598
1131 3372
1132 2780
1133 4366
1134 4827
1135 4093
1136 4093
1137 4600
1138 4600
1139 122
1140 4600
1141 4600
1142 4093
1143 5086
1144 3330
1145 2472
1146 3330
1147 3956
1148 3330
1149 4093
1150 4048
1151 3676
1152 2758
1153 3170
1154 3732
1155 4096
1156 1472
1157 3052
1158 3980
1159 3648
1160 3052
1161 1958
1162 4048
1163 2340
1164 4052
1165 3676
1166 1589
1167 3980
1168 1513
1169 3956
1170 5079
1171 3676
1172 4048
1173 3676
1174 4048
1175 4093
1176 3330
1177 4600
1178 467
1179 4827
1180 3196
1181 4096
1182 467
1183 3052
1184 3900
1185 2812
1186 4600
1187 3150
1188 2580
1189 1178
1190 4190
1191 3330
1192 2235
1193 5079
1194 175
1195 3423
1196 4315
1197 4714
1198 1689
1199 1906
1200 1907
1201 3264
1202 3264
1203 3264
1204 1434
1205 3264
1206 2279
1207 1958
1208 3929
1209 2812
1210 1589
1211 3360
1212 2556
1213 3330
1214 4052
1215 4221
1216 3676
1217 4048
1218 2340
1219 2993
1220 2340
1221 4190
1222 1589
1223 4076
1224 229
1225 229
1226 216
1227 216
1228 216
1229 216
1230 216
1231 229
1232 216
1233 94
1234 216
1235 216
1236 229
1237 593
1238 1146
1239 1734
1240 4190
1241 3052
1242 4048
1243 3379
1244 175
1245 1642
1246 2763
1247 4052
1248 4093
1249 5131
1250 4093
1251 5134
1252 3676
1253 1598
1254 3676
1255 3330
1256 3330
1257 4025
1258 2556
1259 5079
1260 3676
1261 3676
1262 5079
1263 354
1264 4600
1265 1417
1266 4600
1267 4093
1268 4652
1269 1598
1270 3980
1271 3330
1272 4048
1273 3498
1274 2556
1275 3330
1276 3330
1277 3330
1278 2489
1279 2489
1280 2489
1281 2489
1282 2489
1283 2489
1284 2489
1285 2993
1286 5079
1287 5079
1288 2780
1289 2780
1290 1760
1291 2443
1292 1900
1293 2780
1294 2780
1295 2780
1296 4813
1297 5128
1298 1725
1299 4561
1300 2780
1301 2780
1302 1513
1303 1598
1304 4236
1305 4236
1306 3498
1307 4236
1308 4236
1309 3732
1310 1958
1311 3695
1312 3980
1313 2606
1314 3929
1315 3900
1316 3695
1317 1598
1318 4123
1319 94
1320 8
1321 94
1322 94
1323 216
1324 94
1325 104
1326 8
1327 2736
1328 3423
1329 3080
1330 3080
1331 1266
1332 3132
1333 1900
1334 2018
1335 1318
1336 94
1337 2556
1338 3331
1339 3980
1340 3469
1341 3648
1342 3980
1343 104
1344 104
1345 94
1346 94
1347 94
1348 8
1349 4741
1350 4694
1351 3306
1352 3306
1353 4315
1354 4315
1355 4315
1356 3446
1357 3446
1358 1955
1359 1734
1360 4091
1361 92
1362 1956
1363 4268
1364 3516
1365 3516
1366 1598
1367 1406
1368 4236
1369 3912
1370 2556
1371 4093
1372 1725
1373 2028
1374 104
1375 64
1376 64
1377 3080
1378 1649
1379 2890
1380 4694
1381 2736
1382 4694
1383 4236
1384 4236
1385 2978
1386 2556
1387 2556
1388 2556
1389 2978
1390 73
1391 1642
1392 3648
1393 4600
1394 1725
1395 1725
1396 1900
1397 2544
1398 1900
1399 1900
1400 1725
1401 4829
1402 64
1403 4315
1404 3771
1405 3818
1406 1598
1407 1598
1408 3330
1409 4221
1410 3912
1411 3900
1412 104
1413 8
1414 104
1415 2580
1416 2706
1417 553
1418 3436
1419 2340
1420 3330
1421 2993
1422 2993
1423 2993
1424 4060
1425 2489
1426 2489
1427 4060
1428 2706
1429 2472
1430 2472
1431 94
1432 94
1433 94
1434 229
1435 2977
1436 1642
1437 216
1438 3330
1439 4694
1440 3275
1441 4315
1442 4315
1443 3787
1444 2580
1445 11
1446 3150
1447 3330
1448 1739
1449 3716
1450 122
1451 50
1452 593
1453 593
1454 50
1455 2340
1456 94
1457 1760
1458 1760
1459 64
1460 3423
1461 4093
1462 5079
1463 1178
1464 3861
1465 1900
1466 1900
1467 1900
1468 1900
1469 8
1470 94
1471 11
1472 4581
1473 2340
1474 5079
1475 4093
1476 4366
1477 4827
1478 3861
1479 4315
1480 4438
1481 3436
1482 4438
1483 1725
1484 1900
1485 4348
1486 1900
1487 2992
1488 1900
1489 4546
1490 2018
1491 1900
1492 1900
1493 2736
1494 4315
1495 1739
1496 4091
1497 1589
1498 4600
1499 5079
1500 1178
1501 1725
1502 2340
1503 1900
1504 50
1505 94
1506 104
1507 8
1508 1900
1509 1900
1510 2780
1511 1760
1512 4315
1513 2993
1514 2993
1515 2340
1516 2993
1517 4422
1518 2992
1519 4546
1520 4546
1521 8
1522 64
1523 1900
1524 1900
1525 1900
1526 1900
1527 2992
1528 1900
1529 2018
1530 2430
1531 2430
1532 3132
1533 3132
1534 1190
1535 4287
1536 3527
1537 2575
1538 3460
1539 1649
1540 4495
1541 3080
1542 4495
1543 3771
1544 4190
1545 2993
1546 4060
1547 2489
1548 1598
1549 3900
1550 1642
1551 3956
1552 2993
1553 4600
1554 5079
1555 2340
1556 4315
1557 2736
1558 4422
1559 2028
1560 1598
1561 4315
1562 3371
1563 1725
1564 1956
1565 3275
1566 3423
1567 3306
1568 4495
1569 4495
1570 3004
1571 4495
1572 4495
1573 1755
1574 2169
1575 3683
1576 3683
1577 4268
1578 2878
1579 2275
1580 1598
1581 1598
1582 4315
1583 3080
1584 3676
1585 3912
1586 3676
1587 808
1588 4091
1589 4587
1590 4587
1591 1900
1592 4546
1593 4546
1594 1900
1595 1900
1596 1900
1597 4546
1598 4546
1599 2018
1600 3912
1601 3676
1602 3716
1603 5079
1604 4422
1605 1725
1606 3527
1607 4511
1608 2992
1609 4546
1610 2018
1611 3132
1612 1900
1613 4546
1614 4546
1615 1900
1616 2018
1617 4546
1618 2018
1619 2028
1620 3080
1621 3683
1622 3527
1623 3303
1624 2992
1625 4546
1626 2018
1627 4511
1628 4166
1629 3818
1630 3912
1631 4561
1632 4348
1633 4348
1634 2600
1635 4348
1636 2340
1637 1900
1638 3423
1639 1165
1640 3132
1641 2992
1642 2992
1643 2992
1644 2992
1645 4546
1646 1444
1647 3912
1648 2340
1649 2303
1650 4190
1651 553
1652 1900
1653 4511
1654 2944
1655 1598
1656 2992
1657 3676
1658 4048
1659 2074
1660 4765
1661 4348
1662 2443
1663 1900
1664 1900
1665 3771
1666 3771
1667 3460
1668 3683
1669 3900
1670 4714
1671 4093
1672 1350
1673 2303
1674 1190
1675 2575
1676 2575
1677 3330
1678 2340
1679 4600
1680 4600
1681 163
1682 2910
1683 2910
1684 2910
1685 354
1686 354
1687 4600
1688 2910
1689 2910
1690 2910
1691 4600
1692 4600
1693 354
1694 354
1695 2910
1696 2910
1697 2910
1698 2910
1699 2910
1700 1642
1701 4546
1702 4063
1703 3527
1704 1555
1705 2340
1706 2340
1707 1589
1708 3717
1709 3080
1710 4315
1711 2340
1712 3683
1713 3683
1714 3275
1715 1598
1716 5116
1717 5079
1718 4600
1719 4600
1720 3497
1721 4600
1722 4600
1723 4221
1724 4221
1725 4221
1726 2074
1727 1865
1728 2074
1729 2074
1730 2074
1731 1865
1732 1865
1733 4221
1734 3147
1735 4868
1736 2883
1737 3446
1738 4694
1739 2883
1740 1739
1741 3527
1742 1318
1743 5079
1744 2569
1745 2600
1746 4315
1747 4765
1748 2993
1749 2340
1750 2340
1751 3716
1752 1134
1753 4587
1754 1642
1755 4674
1756 1865
1757 1865
1758 2489
1759 2489
1760 2489
1761 2074
1762 2074
1763 1865
1764 2489
1765 1865
1766 4561
1767 2580
1768 2340
1769 5079
1770 4652
1771 4315
1772 2993
1773 4600
1774 3080
1775 4868
1776 3527
1777 2993
1778 1956
1779 1956
1780 4421
1781 2883
1782 2600
1783 2600
1784 5128
1785 5107
1786 4422
1787 2993
1788 3422
1789 5079
1790 2242
1791 3946
1792 4765
1793 2993
1794 4190
1795 2993
1796 4352
1797 4714
1798 1598
1799 809
1800 2428
1801 4694
1802 4694
1803 3306
1804 1428
1805 4221
1806 4221
1807 1865
1808 1865
1809 1865
1810 1865
1811 1865
1812 1865
1813 4221
1814 4348
1815 4495
1816 4091
1817 3676
1818 3676
1819 2910
1820 2910
1821 1428
1822 4091
1823 2489
1824 4221
1825 2993
1826 1865
1827 2706
1828 2993
1829 4745
1830 4657
1831 4657
1832 4280
1833 3422
1834 1598
1835 2944
1836 3460
1837 2706
1838 4600
1839 4093
1840 4600
1841 4600
1842 2910
1843 2910
1844 2910
1845 2910
1846 2569
1847 4868
1848 4093
1849 5079
1850 4093
1851 4600
1852 1350
1853 4221
1854 1428
1855 1428
1856 2965
1857 3460
1858 1649
1859 2993
1860 1598
1861 4868
1862 5079
1863 1428
1864 4221
1865 4765
1866 4600
1867 4600
1868 4600
1869 2910
1870 3331
1871 4868
1872 5087
1873 4093
1874 5128
1875 4315
1876 4348
1877 4561
1878 4561
1879 2807
1880 1598
1881 1725
1882 4221
1883 5102
1884 3422
1885 3004
1886 3771
1887 4268
1888 3644
1889 3683
1890 3331
1891 4868
1892 4348
1893 4348
1894 3771
1895 2052
1896 1589
1897 4093
1898 4093
1899 1642
1900 1725
1901 1725
1902 1649
1903 4091
1904 4587
1905 1598
1906 1589
1907 4315
1908 4694
1909 4868
1910 3080
1911 2600
1912 4561
1913 2600
1914 4348
1915 2600
1916 4348
1917 4561
1918 2600
1919 2780
1920 2780
1921 2780
1922 4348
1923 1739
1924 2489
1925 2489
1926 4587
1927 4600
1928 4048
1929 5079
1930 2569
1931 2385
1932 4221
1933 1865
1934 4221
1935 4221
1936 4221
1937 4221
1938 1428
1939 1428
1940 1428
1941 656
1942 3946
1943 163
1944 2910
1945 4221
1946 273
1947 1428
1948 4221
1949 1428
1950 1739
1951 2074
1952 2074
1953 2074
1954 2074
1955 3330
1956 2489
1957 1600
1958 4829
1959 3683
1960 2706
1961 4221
1962 2489
1963 2489
1964 1734
1965 3446
1966 4868
1967 3446
1968 5083
1969 3446
1970 4694
1971 4495
1972 4495
1973 1865
1974 1865
1975 4221
1976 4221
1977 4221
1978 4221
1979 4221
1980 3460
1981 2878
1982 2074
1983 3306
1984 2600
1985 4561
1986 4422
1987 4600
1988 4600
1989 1598
1990 2600
1991 4561
1992 3023
1993 1598
1994 3943
1995 3371
1996 2780
1997 2600
1998 2780
1999 4091
2000 3306
2001 3306
2002 3306
2003 4561
2004 3422
2005 5147
2006 2910
2007 4091
2008 2910
2009 2142
2010 316
2011 316
2012 2353
2013 2074
2014 4221
2015 5107
2016 5128
2017 4561
2018 2910
2019 3460
2020 1428
2021 4221
2022 4221
2023 4221
2024 2921
2025 1598
2026 4587
2027 4032
2028 3771
2029 4438
2030 4438
2031 5107
2032 2944
2033 1598
2034 1598
2035 1598
2036 1598
2037 1598
2038 1734
2039 4221
2040 4091
2041 3080
2042 1649
2043 4600
2044 2886
2045 2910
2046 2910
2047 656
2048 2910
2049 2910
2050 2910
2051 2910
2052 2910
2053 3946
2054 656
2055 316
2056 3946
2057 2910
2058 4221
2059 4221
2060 3460
2061 2600
2062 2910
2063 2910
2064 4221
2065 4221
2066 4221
2067 3673
2068 2810
2069 1796
2070 1796
2071 3295
2072 1656
2073 1656
2074 3673
2075 4502
2076 4502
2077 3673
2078 2527
2079 3673
2080 3148
2081 3084
2082 3673
2083 2810
2084 2810
2085 2810
2086 564
2087 1796
2088 3951
2089 2589
2090 1462
2091 3673
2092 3673
2093 3673
2094 3673
2095 629
2096 3673
2097 1428
2098 3423
2099 3004
2100 3371
2101 4765
2102 2600
2103 2780
2104 4561
2105 564
2106 629
2107 564
2108 629
2109 4221
2110 3423
2111 1734
2112 2910
2113 2910
2114 2910
2115 2910
2116 2910
2117 2910
2118 354
2119 2910
2120 2910
2121 1796
2122 1005
2123 3951
2124 3574
2125 4502
2126 316
2127 4827
2128 3080
2129 4495
2130 3423
2131 4421
2132 3579
2133 4467
2134 4587
2135 4587
2136 4587
2137 3306
2138 3306
2139 4587
2140 1428
2141 4221
2142 316
2143 3280
2144 3673
2145 4221
2146 2210
2147 2210
2148 2589
2149 629
2150 4221
2151 3741
2152 5083
2153 316
2154 316
2155 316
2156 4587
2157 1796
2158 1796
2159 2933
2160 1796
2161 564
2162 3080
2163 3306
2164 3080
2165 2600
2166 4561
2167 1796
2168 5128
2169 4587
2170 4587
2171 3673
2172 4370
2173 2500
2174 2527
2175 3673
2176 4587
2177 2207
2178 4495
2179 1649
2180 2780
2181 5128
2182 5128
2183 4829
2184 1066
2185 3148
2186 3084
2187 4678
2188 4678
2189 4370
2190 1462
2191 2667
2192 2933
2193 2589
2194 4587
2195 3673
2196 3148
2197 4370
2198 3673
2199 2500
2200 2366
2201 3084
2202 4709
2203 3148
2204 3084
2205 3084
2206 3084
2207 3673
2208 3673
2209 3673
2210 3673
2211 3084
2212 4678
2213 4370
2214 4575
2215 3673
2216 4679
2217 4370
2218 4678
2219 3673
2220 4587
2221 3673
2222 4587
2223 4467
2224 1656
2225 2667
2226 564
2227 418
2228 3673
2229 2810
2230 564
2231 564
2232 564
2233 1598
2234 3460
2235 1656
2236 1095
2237 1462
2238 1066
2239 2667
2240 629
2241 3084
2242 2714
2243 3148
2244 4679
2245 4709
2246 4678
2247 4678
2248 4678
2249 3084
2250 4679
2251 3673
2252 4575
2253 4679
2254 3673
2255 4600
2256 354
2257 2910
2258 2910
2259 2910
2260 354
2261 2910
2262 2910
2263 354
2264 4600
2265 4600
2266 4600
2267 4600
2268 4600
2269 2457
2270 4600
2271 4600
2272 4600
2273 2457
2274 2457
2275 2457
2276 3283
2277 2457
2278 3283
2279 4093
2280 1417
2281 3283
2282 3283
2283 3497
2284 1417
2285 4093
2286 4093
2287 3283
2288 1417
2289 2886
2290 2886
2291 2886
2292 2886
2293 1417
2294 1417
2295 1417
2296 1417
2297 1417
2298 1417
2299 1417
2300 4093
2301 5147
2302 3574
2303 1677
2304 3148
2305 4391
2306 1796
2307 4391
2308 3546
2309 1656
2310 1462
2311 4587
2312 4600
2313 1598
2314 3306
2315 4678
2316 4813
2317 4502
2318 2910
2319 4600
2320 3951
2321 1656
2322 4370
2323 3673
2324 3673
2325 2527
2326 1336
2327 5083
2328 4561
2329 3280
2330 4600
2331 4600
2332 1462
2333 1462
2334 4482
2335 4587
2336 2910
2337 2910
2338 2910
2339 2910
2340 2910
2341 2910
2342 2910
2343 2910
2344 1462
2345 4587
2346 4587
2347 3280
2348 2366
2349 2714
2350 4370
2351 3673
2352 4600
2353 4600
2354 4315
2355 4421
2356 4714
2357 4575
2358 1417
2359 4587
2360 2910
2361 163
2362 1756
2363 3460
2364 2527
2365 3927
2366 4370
2367 4482
2368 1462
2369 3084
2370 4421
2371 3683
2372 2527
2373 3673
2374 1796
2375 2210
2376 3951
2377 1656
2378 629
2379 3084
2380 3084
2381 3673
2382 2810
2383 564
2384 2210
2385 3951
2386 3951
2387 3574
2388 4575
2389 2780
2390 1598
2391 5107
2392 2207
2393 4600
2394 4093
2395 3673
2396 1656
2397 4093
2398 3497
2399 4600
2400 4600
2401 3497
2402 1417
2403 2886
2404 2457
2405 3538
2406 3115
2407 2886
2408 3161
2409 2886
2410 3161
2411 3538
2412 3538
2413 3538
2414 3161
2415 3538
2416 2886
2417 2457
2418 3497
2419 3538
2420 1417
2421 1417
2422 2886
2423 1417
2424 4600
2425 1066
2426 3546
2427 1649
2428 4182
2429 1462
2430 5107
2431 2886
2432 2886
2433 2457
2434 2457
2435 2457
2436 3283
2437 3161
2438 3115
2439 3497
2440 2457
2441 2457
2442 2886
2443 4587
2444 354
2445 3673
2446 4600
2447 4745
2448 3004
2449 3306
2450 4495
2451 1796
2452 3673
2453 2667
2454 2527
2455 1598
2456 4093
2457 4587
2458 3371
2459 3673
2460 1462
2461 1462
2462 3574
2463 1066
2464 1066
2465 1066
2466 3295
2467 2780
2468 4587
2469 2667
2470 3927
2471 5181
2472 3927
2473 4678
2474 4093
2475 2910
2476 2910
2477 2910
2478 2910
2479 4600
2480 1462
2481 2600
2482 2780
2483 1955
2484 5087
2485 4587
2486 1656
2487 4093
2488 1462
2489 3927
2490 2807
2491 2910
2492 2910
2493 4600
2494 1066
2495 3306
2496 4421
2497 1956
2498 3080
2499 4652
2500 4370
2501 4495
2502 3446
2503 1956
2504 4315
2505 1462
2506 4813
2507 4421
2508 4813
2509 4813
2510 5128
2511 4600
2512 4600
2513 2933
2514 3422
2515 4482
2516 4421
2517 5107
2518 5128
2519 5128
2520 3673
2521 4575
2522 3673
2523 1796
2524 2527
2525 3673
2526 3644
2527 1656
2528 3295
2529 3951
2530 2103
2531 4600
2532 2457
2533 4600
2534 4600
2535 2457
2536 4600
2537 2457
2538 2457
2539 2457
2540 2457
2541 2457
2542 4600
2543 2457
2544 2457
2545 4600
2546 2457
2547 4600
2548 2910
2549 2910
2550 354
2551 2910
2552 2910
2553 4600
2554 4600
2555 4600
2556 4600
2557 4600
2558 4600
2559 4600
2560 4657
2561 3673
2562 1598
2563 3331
2564 2714
2565 629
2566 4315
2567 1600
2568 3299
2569 5128
2570 4829
2571 4600
2572 4600
2573 2207
2574 4827
2575 3683
2576 3460
2577 1598
2578 1598
2579 5147
2580 4600
2581 4600
2582 4678
2583 4678
2584 4679
2585 4678
2586 4678
2587 4678
2588 4678
2589 4678
2590 4678
2591 3673
2592 4678
2593 3999
2594 3280
2595 564
2596 2527
2597 4601
2598 4032
2599 1517
2600 4587
2601 4587
2602 2207
2603 1462
2604 2038
2605 1598
2606 1956
2607 4678
2608 4678
2609 4421
2610 1517
2611 1517
2612 2038
2613 4600
2614 4657
2615 4032
2616 4032
2617 3574
2618 1796
2619 564
2620 4482
2621 4467
2622 4540
2623 5107
2624 5107
2625 5107
2626 5131
2627 5131
2628 4093
2629 1462
2630 3673
2631 3423
2632 4678
2633 4714
2634 4813
2635 4587
2636 4093
2637 1417
2638 4093
2639 3283
2640 4093
2641 3673
2642 564
2643 2527
2644 4679
2645 1656
2646 1462
2647 1600
2648 4280
2649 4678
2650 5132
2651 5134
2652 4678
2653 3673
2654 4495
2655 1171
2656 3280
2657 1066
2658 3154
2659 2714
2660 629
2661 4587
2662 4093
2663 1406
2664 564
2665 3673
2666 3084
2667 3673
2668 1598
2669 4587
2670 4657
2671 3574
2672 2692
2673 4391
2674 2210
2675 564
2676 1589
2677 4709
2678 4495
2679 5087
2680 5087
2681 5147
2682 5147
2683 4093
2684 5131
2685 5131
2686 4093
2687 4657
2688 1796
2689 4093
2690 3331
2691 3422
2692 2692
2693 1598
2694 4678
2695 1796
2696 1796
2697 3981
2698 1581
2699 4714
2700 3275
2701 4714
2702 2385
2703 2158
2704 3771
2705 4679
2706 4032
2707 2210
2708 1462
2709 4587
2710 4482
2711 942
2712 2667
2713 2667
2714 3516
2715 4293
2716 3080
2717 3460
2718 3423
2719 4829
2720 5132
2721 5132
2722 4093
2723 4093
2724 4093
2725 4093
2726 4600
2727 4600
2728 4600
2729 3676
2730 3676
2731 4048
2732 2066
2733 2066
2734 4093
2735 4657
2736 1462
2737 2527
2738 4601
2739 3280
2740 2780
2741 4482
2742 4678
2743 4678
2744 4657
2745 4657
2746 3673
2747 1679
2748 2878
2749 1598
2750 4587
2751 4657
2752 4657
2753 3673
2754 4421
2755 2810
2756 2986
2757 5131
2758 3084
2759 4813
2760 1598
2761 1598
2762 1598
2763 4350
2764 1406
2765 4813
2766 3423
2767 1796
2768 2039
2769 1753
2770 1598
2771 1598
2772 1406
2773 1598
2774 1598
2775 2780
2776 1598
2777 2807
2778 1598
2779 2161
2780 3579
2781 4657
2782 3084
2783 2600
2784 3080
2785 5064
2786 4714
2787 1007
2788 4437
2789 3172
2790 3172
2791 1340
2792 1064
2793 4714
2794 1689
2795 4133
2796 2933
2797 4709
2798 3566
2799 1753
2800 3004
2801 4495
2802 1755
2803 4678
2804 3331
2805 3331
2806 1923
2807 1923
2808 2066
2809 4600
2810 4600
2811 4600
2812 354
2813 2910
2814 2910
2815 2910
2816 2910
2817 2910
2818 2910
2819 3676
2820 3676
2821 5079
2822 3683
2823 3998
2824 2463
2825 1274
2826 1679
2827 5064
2828 3172
2829 3014
2830 4714
2831 2810
2832 3673
2833 564
2834 564
2835 3460
2836 1598
2837 5128
2838 3644
2839 1450
2840 1589
2841 1450
2842 1589
2843 1589
2844 1598
2845 1598
2846 4678
2847 4315
2848 3673
2849 3080
2850 4813
2851 4600
2852 3331
2853 3283
2854 4600
2855 4600
2856 354
2857 4600
2858 4600
2859 4600
2860 4600
2861 4600
2862 2457
2863 2457
2864 2886
2865 1417
2866 3497
2867 2886
2868 1417
2869 2886
2870 1417
2871 4093
2872 4093
2873 4093
2874 4093
2875 1417
2876 2886
2877 1417
2878 1417
2879 4600
2880 4600
2881 4093
2882 3283
2883 2886
2884 3538
2885 3283
2886 3115
2887 3161
2888 2457
2889 3497
2890 3497
2891 4600
2892 4600
2893 4600
2894 4600
2895 4600
2896 3283
2897 3283
2898 4093
2899 4600
2900 4093
2901 1417
2902 1417
2903 4093
2904 4600
2905 4600
2906 3676
2907 3330
2908 1428
2909 316
2910 316
2911 1428
2912 1428
2913 1428
2914 316
2915 656
2916 316
2917 2910
2918 316
2919 2910
2920 2910
2921 316
2922 2910
2923 4048
2924 2910
2925 3330
2926 4221
2927 2489
2928 2489
2929 2489
2930 2547
2931 2489
2932 2489
2933 2489
2934 2489
2935 2547
2936 4280
2937 4026
2938 1406
2939 3084
2940 1384
2941 4813
2942 1600
2943 4093
2944 1417
2945 1417
2946 1417
2947 1417
2948 1417
2949 4678
2950 4678
2951 5079
2952 4600
2953 1796
2954 4350
2955 2527
2956 1598
2957 1598
2958 1598
2959 4268
2960 4293
2961 4293
2962 5128
2963 1598
2964 1417
2965 1417
2966 3538
2967 3497
2968 1417
2969 1417
2970 3257
2971 2457
2972 3115
2973 2457
2974 2457
2975 2457
2976 2457
2977 2457
2978 2457
2979 2457
2980 4600
2981 4600
2982 4600
2983 4600
2984 4600
2985 4600
2986 4600
2987 2457
2988 1417
2989 1417
2990 4600
2991 4600
2992 4600
2993 4600
2994 4600
2995 4600
2996 4600
2997 4600
2998 4600
2999 4600
3000 4048
3001 2066
3002 2066
3003 2489
3004 2489
3005 2489
3006 2066
3007 2489
3008 1300
3009 2910
3010 2910
3011 2910
3012 2910
3013 2910
3014 2910
3015 2910
3016 2910
3017 2910
3018 2910
3019 2910
3020 2910
3021 354
3022 354
3023 2910
3024 2910
3025 2910
3026 4600
3027 1417
3028 1417
3029 2886
3030 2886
3031 2886
3032 3538
3033 3161
3034 3538
3035 4370
3036 1066
3037 3673
3038 3084
3039 3644
3040 3331
3041 2385
3042 4678
3043 4093
3044 5132
3045 5128
3046 3283
3047 2886
3048 2457
3049 2457
3050 2457
3051 2457
3052 2457
3053 2457
3054 2457
3055 4600
3056 4600
3057 4600
3058 942
3059 3644
3060 3516
3061 1462
3062 2275
3063 2352
3064 4093
3065 1417
3066 5147
3067 3280
3068 2314
3069 2039
3070 1208
3071 1598
3072 4829
3073 5124
3074 4600
3075 4600
3076 4575
3077 2210
3078 3771
3079 2039
3080 1598
3081 1598
3082 2781
3083 2781
3084 5128
3085 2453
3086 4600
3087 4678
3088 564
3089 3673
3090 3673
3091 1796
3092 1796
3093 1796
3094 942
3095 4287
3096 2453
3097 2457
3098 2457
3099 2457
3100 2457
3101 4600
3102 2457
3103 2910
3104 2910
3105 4600
3106 2910
3107 2910
3108 2910
3109 4600
3110 4600
3111 354
3112 4600
3113 4600
3114 4600
3115 4600
3116 4600
3117 4600
3118 354
3119 4600
3120 4600
3121 2910
3122 2910
3123 2910
3124 2366
3125 1796
3126 564
3127 3673
3128 2144
3129 4268
3130 3497
3131 3538
3132 2886
3133 2886
3134 3331
3135 4093
3136 3331
3137 3331
3138 4093
3139 5079
3140 1923
3141 2489
3142 2489
3143 2489
3144 3330
3145 1450
3146 1598
3147 4482
3148 1417
3149 2910
3150 354
3151 2910
3152 2910
3153 354
3154 2910
3155 2910
3156 3676
3157 2569
3158 2910
3159 2910
3160 2910
3161 2910
3162 2910
3163 354
3164 3644
3165 1406
3166 4714
3167 4714
3168 4657
3169 3579
3170 4714
3171 4714
3172 1598
3173 4678
3174 4678
3175 4678
3176 4600
3177 2910
3178 4678
3179 2667
3180 1833
3181 1066
3182 1598
3183 1066
3184 1751
3185 1751
3186 3527
3187 4133
3188 1417
3189 5079
3190 2066
3191 2066
3192 3280
3193 4600
3194 3516
3195 1755
3196 4714
3197 5107
3198 4133
3199 1796
3200 2810
3201 3673
3202 3673
3203 629
3204 4679
3205 1066
3206 1598
3207 4657
3208 1656
3209 5131
3210 5147
3211 4093
3212 4093
3213 2210
3214 4714
3215 2453
3216 4678
3217 4221
3218 3676
3219 2066
3220 3676
3221 3676
3222 3566
3223 3422
3224 2878
3225 4293
3226 4293
3227 4032
3228 1679
3229 1655
3230 3676
3231 2569
3232 1428
3233 4221
3234 4221
3235 4221
3236 3330
3237 2489
3238 2489
3239 1656
3240 3673
3241 3084
3242 629
3243 1656
3244 4709
3245 4709
3246 4657
3247 2207
3248 4467
3249 4048
3250 1300
3251 1300
3252 1300
3253 3423
3254 3771
3255 2527
3256 4093
3257 2207
3258 316
3259 3946
3260 4221
3261 3676
3262 4048
3263 4221
3264 4221
3265 3084
3266 1066
3267 4657
3268 3014
3269 4350
3270 4350
3271 3084
3272 1598
3273 2352
3274 2910
3275 3927
3276 2207
3277 2039
3278 4961
3279 4093
3280 1066
3281 1656
3282 1796
3283 1598
3284 3644
3285 1598
3286 1598
3287 1598
3288 1589
3289 1589
3290 4961
3291 1598
3292 4827
3293 4961
3294 1656
3295 3946
3296 656
3297 4221
3298 4221
3299 1428
3300 4221
3301 4221
3302 4221
3303 1865
3304 1865
3305 2489
3306 2489
3307 2489
3308 4657
3309 4133
3310 2527
3311 564
3312 3673
3313 3673
3314 3084
3315 3981
3316 1598
3317 4093
3318 5079
3319 3331
3320 1450
3321 1589
3322 1450
3323 4827
3324 2910
3325 2910
3326 2910
3327 2910
3328 2352
3329 4714
3330 3771
3331 1600
3332 4600
3333 2910
3334 2910
3335 2910
3336 2910
3337 2910
3338 2910
3339 2910
3340 1428
3341 4221
3342 2207
3343 2489
3344 2489
3345 2489
3346 5079
3347 5079
3348 5079
3349 3527
3350 4213
3351 3644
3352 5087
3353 4600
3354 2910
3355 354
3356 4600
3357 4600
3358 354
3359 2910
3360 2910
3361 2910
3362 4600
3363 354
3364 2910
3365 3676
3366 4221
3367 3330
3368 1796
3369 4575
3370 629
3371 2144
3372 3080
3373 3080
3374 3922
3375 3922
3376 3922
3377 3922
3378 3922
3379 3922
3380 4714
3381 1598
3382 4679
3383 4657
3384 4657
3385 564
3386 3946
3387 2910
3388 1428
3389 3946
3390 1350
3391 4221
3392 4221
3393 3330
3394 4221
3395 1865
3396 3330
3397 2489
3398 2489
3399 2489
3400 2489
3401 2489
3402 2489
3403 2489
3404 2489
3405 2547
3406 1865
3407 1865
3408 2074
3409 1865
3410 1865
3411 2074
3412 2489
3413 2489
3414 2489
3415 2489
3416 2547
3417 2489
3418 2547
3419 2547
3420 1428
3421 316
3422 1428
3423 1428
3424 4221
3425 4221
3426 4221
3427 4575
3428 3330
3429 2489
3430 2547
3431 733
3432 2518
3433 2518
3434 3078
3435 3078
3436 3449
3437 3477
3438 3961
3439 3449
3440 3055
3441 3078
3442 1300
3443 2169
3444 3683
3445 1598
3446 4827
3447 564
3448 3295
3449 564
3450 564
3451 1796
3452 564
3453 564
3454 3295
3455 4221
3456 4221
3457 4221
3458 1428
3459 4221
3460 4221
3461 4221
3462 4221
3463 4221
3464 4221
3465 4221
3466 1865
3467 1865
3468 1865
3469 1865
3470 3330
3471 2074
3472 2210
3473 2207
3474 2207
3475 1865
3476 2489
3477 2489
3478 4233
3479 2518
3480 3078
3481 3961
3482 2994
3483 2994
3484 2994
3485 3477
3486 1300
3487 1450
3488 2039
3489 1598
3490 1598
3491 1598
3492 1598
3493 1598
3494 1589
3495 1417
3496 2066
3497 1796
3498 2714
3499 1796
3500 4678
3501 2810
3502 4350
3503 4213
3504 1598
3505 3579
3506 4221
3507 4221
3508 4221
3509 1796
3510 1796
3511 2489
3512 3330
3513 2527
3514 1598
3515 1598
3516 1589
3517 1598
3518 2207
3519 564
3520 2074
3521 2074
3522 2074
3523 2489
3524 4679
3525 3673
3526 2489
3527 4714
3528 3678
3529 3886
3530 4657
3531 2489
3532 2489
3533 2547
3534 2518
3535 2518
3536 4233
3537 2547
3538 2489
3539 2527
3540 4293
3541 3683
3542 2463
3543 1796
3544 3946
3545 564
3546 418
3547 4221
3548 1865
3549 2074
3550 2074
3551 3673
3552 2810
3553 2489
3554 4657
3555 3676
3556 4714
3557 2527
3558 564
3559 2810
3560 3673
3561 418
3562 2074
3563 2074
3564 2207
3565 564
3566 1300
3567 1406
3568 1598
3569 1598
3570 2667
3571 4293
3572 4600
3573 2910
3574 2207
3575 2489
3576 2489
3577 2489
3578 3084
3579 4679
3580 2169
3581 1598
3582 1589
3583 4600
3584 629
3585 4221
3586 629
3587 2810
3588 3673
3589 2810
3590 2547
3591 2547
3592 2547
3593 2547
3594 2489
3595 2518
3596 2518
3597 2518
3598 3961
3599 2994
3600 2994
3601 2547
3602 2547
3603 2547
3604 2547
3605 3422
3606 2039
3607 1598
3608 3331
3609 5128
3610 1589
3611 1598
3612 564
3613 418
3614 3673
3615 3673
3616 2547
3617 2489
3618 3422
3619 4714
3620 3084
3621 3084
3622 3084
3623 3084
3624 2810
3625 4679
3626 2810
3627 2810
3628 2810
3629 2547
3630 4657
3631 4032
3632 4093
3633 3331
3634 3330
3635 3330
3636 4679
3637 3084
3638 3084
3639 3084
3640 3084
3641 3673
3642 4233
3643 2518
3644 2547
3645 4233
3646 2518
3647 2547
3648 4657
3649 3644
3650 3331
3651 1753
3652 1598
3653 1598
3654 1598
3655 3330
3656 2489
3657 3673
3658 3084
3659 2489
3660 3084
3661 2547
3662 2489
3663 2039
3664 3683
3665 3330
3666 4233
3667 2518
3668 2518
3669 3516
3670 4714
3671 4714
3672 1598
3673 4221
3674 2547
3675 1406
3676 3004
3677 3644
3678 2547
3679 2066
3680 1923
3681 4714
3682 4714
3683 1598
3684 1598
3685 4714
3686 2547
3687 3078
3688 1708
3689 1598
3690 4657
3691 4657
3692 4657
3693 2547
3694 2518
3695 3078
3696 3961
3697 3449
3698 3489
3699 3120
3700 3489
3701 2994
3702 2518
3703 4233
3704 2518
3705 2518
3706 2518
3707 2851
3708 2851
3709 3449
3710 3078
3711 3078
3712 2851
3713 3078
3714 3676
3715 2066
3716 1753
3717 5079
3718 1598
3719 4213
3720 1598
3721 1865
3722 2489
3723 2489
3724 2489
3725 2489
3726 2489
3727 2207
3728 2518
3729 3078
3730 2851
3731 3961
3732 2518
3733 2518
3734 2518
3735 2518
3736 1598
3737 3644
3738 2207
3739 4233
3740 2851
3741 2518
3742 2547
3743 3683
3744 1598
3745 4657
3746 2518
3747 3961
3748 2994
3749 3449
3750 3961
3751 1300
3752 3080
3753 1598
3754 4350
3755 4657
3756 2518
3757 3644
3758 3676
3759 4714
3760 2547
3761 2851
3762 2518
3763 3449
3764 2518
3765 5079
3766 1923
3767 5079
3768 1598
3769 3644
3770 3995
3771 2851
3772 3961
3773 3961
3774 3078
3775 1300
3776 2489
3777 1598
3778 1598
3779 4233
3780 2547
3781 3078
3782 2547
3783 1450
3784 2489
3785 2547
3786 2518
3787 1598
3788 3995
3789 1300
3790 4714
3791 2547
3792 2489
3793 3644
3794 2851
3795 3004
3796 5079
3797 1406
3798 1406
3799 4026
3800 3449
3801 4350
3802 4714
3803 2066
3804 4233
3805 2518
3806 5079
3807 1598
3808 4293
3809 4657
3810 4657
3811 2994
3812 3566
3813 4714
3814 4714
3815 4714
3816 5064
3817 3683
3818 4293
3819 3644
3820 3644
3821 3489
3822 3120
3823 2139
3824 1499
3825 3309
3826 2633
3827 847
3828 4300
3829 4030
3830 4770
3831 4770
3832 4770
3833 4770
3834 4770
3835 4770
3836 4770
3837 3489
3838 2194
3839 2489
3840 1256
3841 1256
3842 1256
3843 1256
3844 2558
3845 1379
3846 2558
3847 4071
3848 1087
3849 1854
3850 3923
3851 3553
3852 2661
3853 1256
3854 1256
3855 2554
3856 1357
3857 1499
3858 2139
3859 2139
3860 2139
3861 3904
3862 1256
3863 2554
3864 3383
3865 4284
3866 4284
3867 2661
3868 2661
3869 4071
3870 2661
3871 3328
3872 1256
3873 1256
3874 1256
3875 1256
3876 4714
3877 4093
3878 4714
3879 4714
3880 2547
3881 2489
3882 4293
3883 3477
3884 1730
3885 2994
3886 3904
3887 1554
3888 1730
3889 3489
3890 1256
3891 3683
3892 2463
3893 1357
3894 1379
3895 2139
3896 3390
3897 4032
3898 3961
3899 4293
3900 2547
3901 4233
3902 2554
3903 1499
3904 2518
3905 2489
3906 2547
3907 3995
3908 4293
3909 2489
3910 1256
3911 2554
3912 2558
3913 1450
3914 1406
3915 3644
3916 3644
3917 1357
3918 3449
3919 2558
3920 5079
3921 1923
3922 2489
3923 2518
3924 4293
3925 3644
3926 1300
3927 3904
3928 2994
3929 3904
3930 2194
3931 1379
3932 1379
3933 1450
3934 2169
3935 2130
3936 4268
3937 4032
3938 4032
3939 3644
3940 2139
3941 2194
3942 2194
3943 3904
3944 2489
3945 2489
3946 2547
3947 2489
3948 1379
3949 1379
3950 1256
3951 2139
3952 4714
3953 2139
3954 2851
3955 4714
3956 4714
3957 2489
3958 2558
3959 1379
3960 1379
3961 1379
3962 2518
3963 1450
3964 2130
3965 4032
3966 4032
3967 1679
3968 2169
3969 1406
3970 3961
3971 3995
3972 3004
3973 3904
3974 2194
3975 3331
3976 1923
3977 5079
3978 2066
3979 2066
3980 1751
3981 3644
3982 1406
3983 3683
3984 4032
3985 2994
3986 2994
3987 1379
3988 3676
3989 4032
3990 2994
3991 4071
3992 2558
3993 2518
3994 2994
3995 5079
3996 3172
3997 1406
3998 3489
3999 1406
4000 3078
4001 2066
4002 1589
4003 4293
4004 3477
4005 4350
4006 2842
4007 2547
4008 2547
4009 2518
4010 1450
4011 1450
4012 4714
4013 1256
4014 1256
4015 1256
4016 1256
4017 1256
4018 1256
4019 1256
4020 1256
4021 1256
4022 4071
4023 2661
4024 3957
4025 3290
4026 3290
4027 2554
4028 1357
4029 2661
4030 4524
4031 3957
4032 3957
4033 3328
4034 4284
4035 3953
4036 1885
4037 4284
4038 2554
4039 2139
4040 2139
4041 1379
4042 2139
4043 2194
4044 2139
4045 1499
4046 1357
4047 5079
4048 3331
4049 1589
4050 1689
4051 1007
4052 3715
4053 1636
4054 3715
4055 3628
4056 3644
4057 3644
4058 1730
4059 2994
4060 2066
4061 2066
4062 4714
4063 3331
4064 2194
4065 2066
4066 1689
4067 3922
4068 1689
4069 3922
4070 1689
4071 862
4072 3715
4073 3872
4074 1274
4075 1499
4076 3642
4077 2518
4078 4714
4079 4714
4080 2518
4081 1450
4082 2139
4083 4714
4084 3922
4085 3922
4086 1689
4087 2554
4088 4032
4089 2654
4090 3904
4091 2194
4092 1499
4093 4714
4094 3172
4095 3678
4096 3678
4097 1406
4098 3922
4099 3922
4100 3922
4101 3922
4102 3922
4103 3922
4104 3922
4105 3922
4106 3922
4107 3922
4108 3922
4109 3922
4110 3922
4111 3922
4112 3922
4113 3922
4114 3922
4115 3642
4116 3449
4117 3449
4118 1589
4119 1730
4120 2554
4121 1007
4122 2558
4123 4714
4124 4657
4125 3886
4126 4714
4127 2194
4128 2066
4129 4714
4130 4657
4131 3922
4132 3922
4133 1357
4134 1007
4135 3678
4136 1589
4137 4233
4138 3922
4139 3922
4140 2994
4141 2547
4142 1923
4143 5079
4144 2518
4145 2554
4146 1256
4147 1256
4148 2489
4149 2489
4150 2489
4151 2547
4152 1340
4153 3642
4154 2661
4155 4071
4156 4071
4157 1256
4158 4071
4159 1636
4160 1007
4161 1007
4162 862
4163 1007
4164 1007
4165 1340
4166 3922
4167 1064
4168 1340
4169 1007
4170 1007
4171 1007
4172 1689
4173 862
4174 1689
4175 1007
4176 1906
4177 1689
4178 1689
4179 1906
4180 1906
4181 1907
4182 3264
4183 657
4184 3715
4185 1007
4186 4350
4187 2066
4188 3120
4189 4723
4190 2087
4191 4770
4192 4770
4193 4770
4194 4770
4195 4770
4196 4770
4197 3383
4198 1148
4199 3657
4200 4192
4201 3617
4202 2171
4203 3657
4204 2633
4205 3553
4206 2633
4207 3957
4208 2171
4209 4192
4210 1927
4211 4172
4212 4342
4213 3111
4214 4172
4215 3957
4216 3803
4217 3411
4218 2171
4219 3617
4220 1927
4221 4172
4222 2145
4223 4591
4224 2785
4225 4787
4226 2124
4227 4802
4228 4770
4229 4770
4230 1927
4231 2134
4232 2748
4233 3705
4234 3128
4235 3967
4236 2515
4237 3128
4238 2441
4239 4275
4240 2134
4241 3617
4242 4074
4243 3553
4244 3957
4245 3642
4246 3178
4247 2661
4248 1087
4249 3642
4250 4071
4251 4714
4252 1007
4253 2994
4254 1554
4255 3904
4256 3923
4257 2091
4258 2785
4259 4342
4260 2695
4261 4030
4262 2695
4263 2673
4264 4804
4265 4804
4266 4770
4267 2636
4268 3723
4269 1148
4270 3657
4271 3923
4272 4284
4273 3961
4274 4714
4275 2468
4276 2591
4277 4345
4278 4300
4279 4510
4280 4490
4281 4802
4282 4770
4283 4770
4284 4308
4285 4723
4286 2489
4287 2489
4288 3489
4289 4233
4290 4714
4291 2554
4292 1357
4293 2558
4294 4345
4295 4342
4296 3111
4297 4770
4298 4510
4299 4227
4300 3541
4301 2864
4302 4770
4303 4770
4304 4770
4305 2124
4306 4770
4307 4770
4308 4770
4309 3465
4310 3118
4311 4342
4312 4770
4313 4770
4314 2468
4315 2489
4316 2518
4317 3172
4318 2066
4319 1923
4320 2139
4321 2091
4322 2066
4323 2489
4324 3172
4325 1923
4326 4770
4327 4770
4328 4770
4329 2547
4330 2489
4331 3078
4332 847
4333 4657
4334 3331
4335 4657
4336 3657
4337 4657
4338 3055
4339 3172
4340 2994
4341 1256
4342 1357
4343 953
4344 2066
4345 2271
4346 2851
4347 3078
4348 2194
4349 2066
4350 2994
4351 2994
4352 2994
4353 4714
4354 3922
4355 2547
4356 2842
4357 2661
4358 970
4359 2489
4360 2547
4361 4233
4362 1007
4363 4714
4364 1340
4365 4714
4366 5079
4367 4714
4368 4714
4369 2518
4370 1379
4371 2087
4372 4770
4373 4770
4374 4770
4375 4770
4376 3922
4377 2518
4378 3886
4379 1589
4380 3489
4381 1064
4382 1064
4383 4714
4384 3331
4385 2489
4386 4233
4387 3489
4388 3449
4389 2851
4390 1256
4391 2066
4392 3676
4393 2518
4394 2489
4395 2489
4396 3886
4397 1554
4398 2994
4399 2139
4400 3961
4401 4714
4402 1379
4403 1357
4404 1499
4405 5079
4406 1554
4407 4714
4408 1689
4409 3489
4410 2591
4411 3676
4412 4657
4413 3922
4414 3922
4415 1499
4416 1499
4417 2194
4418 1730
4419 3120
4420 1256
4421 2066
4422 3078
4423 2066
4424 3120
4425 1554
4426 4770
4427 2518
4428 2994
4429 2194
4430 1499
4431 4770
4432 4770
4433 4510
4434 2271
4435 2066
4436 2994
4437 1357
4438 2661
4439 1087
4440 968
4441 1256
4442 4657
4443 2851
4444 2851
4445 3922
4446 3526
4447 1907
4448 3922
4449 1906
4450 1689
4451 3922
4452 1906
4453 1906
4454 1906
4455 1907
4456 1434
4457 4583
4458 1582
4459 3922
4460 1499
4461 3922
4462 1256
4463 1256
4464 4804
4465 4118
4466 3526
4467 3886
4468 5079
4469 2139
4470 1256
4471 4071
4472 1923
4473 1256
4474 4118
4475 2864
4476 847
4477 2171
4478 2171
4479 1087
4480 3526
4481 4770
4482 4770
4483 4770
4484 4770
4485 1357
4486 4770
4487 968
4488 3953
4489 2700
4490 3922
4491 1689
4492 1689
4493 1906
4494 1689
4495 1906
4496 1689
4497 3922
4498 3922
4499 1689
4500 1689
4501 1689
4502 1906
4503 1689
4504 3922
4505 1689
4506 1906
4507 1906
4508 1906
4509 3264
4510 3264
4511 3264
4512 3264
4513 1907
4514 3886
4515 1906
4516 1906
4517 4657
4518 1906
4519 1906
4520 3526
4521 3922
4522 1907
4523 3526
4524 4118
4525 1907
4526 1907
4527 1689
4528 4802
4529 4770
4530 3526
4531 3886
4532 2761
4533 4510
4534 4030
4535 4490
4536 2636
4537 4802
4538 4531
4539 2087
4540 2265
4541 1906
4542 1906
4543 4227
4544 3526
4545 1906
4546 1907
4547 3922
4548 1885
4549 2253
4550 3657
4551 2171
4552 2253
4553 1907
4554 1907
4555 3264
4556 3922
4557 1907
4558 3990
4559 2695
4560 3922
4561 1906
4562 1907
4563 3922
4564 1907
4565 1906
4566 2145
4567 3411
4568 1885
4569 1906
4570 1906
4571 1906
4572 4275
4573 4275
4574 2134
4575 1927
4576 3128
4577 1441
4578 3852
4579 3852
4580 2441
4581 3012
4582 3617
4583 3850
4584 2134
4585 2134
4586 3617
4587 1885
4588 3657
4589 1148
4590 1907
4591 1907
4592 3012
4593 2253
4594 2932
4595 1906
4596 3526
4597 657
4598 3922
4599 1907
4600 1907
4601 657
4602 4995
4603 1907
4604 1907
4605 1907
4606 3264
4607 1906
4608 3264
4609 3264
4610 1907
4611 3264
4612 1434
4613 3264
4614 3264
4615 3264
4616 1907
4617 1829
4618 2279
4619 1582
4620 4583
4621 1582
4622 4583
4623 3739
4624 2037
4625 3739
4626 5035
4627 3739
4628 5035
4629 4665
4630 5035
4631 4556
4632 4556
4633 4556
4634 4556
4635 5095
4636 5095
4637 5095
4638 5095
4639 5095
4640 4019
4641 5095
4642 5095
4643 3264
4644 3264
4645 3264
4646 2279
4647 1582
4648 1582
4649 3264
4650 3264
4651 3264
4652 3264
4653 1907
4654 3264
4655 1434
4656 2279
4657 1582
4658 2279
4659 3264
4660 2279
4661 1582
4662 1582
4663 3264
4664 1829
4665 3264
4666 1434
4667 3264
4668 3264
4669 1434
4670 3264
4671 3264
4672 3264
4673 1434
4674 3264
4675 1907
4676 1582
4677 1907
4678 1582
4679 4583
4680 3739
4681 5035
4682 5035
4683 1953
4684 2759
4685 5061
4686 4556
4687 4556
4688 4019
4689 4556
4690 4556
4691 4556
4692 4556
4693 4556
4694 4556
4695 2759
4696 4556
4697 4556
4698 5040
4699 1953
4700 5035
4701 1582
4702 3264
4703 4786
4704 1907
4705 2279
4706 1829
4707 1582
4708 1582
4709 2037
4710 1582
4711 1434
4712 3264
4713 2037
4714 4583
4715 4583
4716 4583
4717 3739
4718 4583
4719 2037
4720 3264
4721 4556
4722 4019
4723 5095
4724 4556
4725 4473
4726 4556
4727 4556
4728 4556
4729 4019
4730 5095
4731 4473
4732 4556
4733 5061
4734 4019
4735 4556
4736 5095
4737 5095
4738 5095
4739 4556
4740 4556
4741 2759
4742 3264
4743 5095
4744 5095
4745 5095
4746 5095
4747 5095
4748 4556
4749 1582
4750 5095
4751 5095
4752 5095
4753 2037
4754 3264
4755 5095
4756 4019
4757 5095
4758 5095
4759 5095
4760 3264
4761 1582
4762 3264
4763 5095
4764 4583
4765 4556
4766 4019
4767 5095
4768 1582
4769 4556
4770 4556
4771 4019
4772 5095
4773 4556
4774 3607
4775 2759
4776 4556
4777 4556
4778 4556
4779 4019
4780 4556
4781 4583
4782 4405
4783 4556
4784 4019
4785 5095
4786 5095
4787 1582
4788 5095
4789 3739
4790 4019
4791 4583
4792 4665
4793 2279
4794 4019
4795 4556
4796 4556
4797 4019
4798 4556
4799 4665
4800 4556
4801 2279
4802 3739
4803 4556
4804 3739
4805 4556
4806 3607
4807 1953
4808 5040
4809 2037
4810 3739
4811 4665
4812 4665
4813 3264
4814 5035
4815 1582
4816 3264
4817 5028
4818 5035
4819 5035
4820 4556
4821 3264
4822 2759
4823 4556
4824 2037
4825 2279
4826 4556
4827 4556
4828 4019
4829 5035
4830 5035
4831 5040
4832 4556
4833 2759
4834 1953
4835 1953
4836 4019
4837 4019
4838 1953
4839 2037
4840 3739
4841 2037
4842 4556
4843 1953
4844 3739
4845 5035
4846 5035
4847 4019
4848 1434
4849 4556
4850 4556
4851 4556
4852 4556
4853 4786
4854 3607
4855 3607
4856 4556
4857 4786
4858 4556
4859 4556
4860 4556
4861 4556
4862 2331
4863 4556
4864 1953
4865 4556
4866 2279
4867 2037
4868 5035
4869 2279
4870 4556
4871 4556
4872 4556
4873 4556
4874 4556
4875 4556
4876 4556
4877 4556
4878 5061
4879 1582
4880 5035
4881 4556
4882 4556
4883 5035
4884 5035
4885 4665
4886 2037
4887 3739
4888 4556
4889 4556
4890 4786
4891 4556
4892 4786
4893 2759
4894 5061
4895 4556
4896 4556
4897 3873
4898 5028
4899 4556
4900 4583
4901 4556
4902 4556
4903 4556
4904 4556
4905 4556
4906 4556
4907 5040
4908 5035
4909 3739
4910 4665
4911 4583
4912 4556
4913 4556
4914 4583
4915 5040
4916 3873
4917 2759
4918 5040
4919 5035
4920 5035
4921 4665
4922 4556
4923 4556
4924 4556
4925 1953
4926 5035
4927 4556
4928 4556
4929 5061
4930 2759
4931 4786
4932 2759
4933 5028
4934 4945
4935 4945
4936 3991
4937 4945
4938 4948
4939 4945
4940 4948
4941 4462
4942 2029
4943 4945
4944 4945
4945 4948
4946 3537
4947 3537
4948 3537
4949 3638
4950 2421
4951 4236
4952 3040
4953 2308
4954 971
4955 4525
4956 4811
4957 3079
4958 3958
4959 2798
4960 2556
4961 4805
4962 5092
4963 3896
4964 1773
4965 5111
4966 5111
4967 1681
4968 3252
4969 4785
4970 4425
4971 4313
4972 2556
4973 2556
4974 5092
4975 5092
4976 3896
4977 2980
4978 3022
4979 3736
4980 3736
4981 4236
4982 4781
4983 3711
4984 3391
4985 1681
4986 4811
4987 3391
4988 4236
4989 4236
4990 4236
4991 3736
4992 5111
4993 5111
4994 5111
4995 2798
4996 3736
4997 3736
4998 2653
4999 2556
5000 4374
5001 4835
5002 4833
5003 2267
5004 4236
5005 2267
5006 2267
5007 3455
5008 4563
5009 4236
5010 4785
5011 2644
5012 4151
5013 4833
5014 4236
5015 4833
5016 229
5017 216
5018 216
5019 122
5020 261
5021 79
5022 102
5023 216
5024 94
5025 216
5026 216
5027 79
5028 189
5029 229
5030 50
5031 216
5032 216
5033 216
5034 122
5035 94
5036 50
5037 50
5038 216
5039 261
5040 5097
5041 4678
5042 4678
5043 4678
5044 4678
5045 4678
5046 4678
5047 4678
5048 4678
5049 5087
5050 5132
5051 4093
5052 4093
5053 5132
5054 5128
5055 5102
5056 3673
5057 5079
5058 3295
5059 2761
5060 2636
5061 4770
5062 3411
5063 4071
5064 2301
5065 4074
5066 2091
5067 3059
5068 2748
5069 3229
5070 3967
5071 1256
5072 2171
5073 3290
5074 1256
5075 1256
5076 1256
5077 4071
5078 1256
5079 1256
5080 2661
5081 1087
5082 1087
5083 3957
5084 3328
5085 2695
5086 4591
5087 2612
5088 4770
5089 4770
5090 4770
5091 4770
5092 1256
5093 3411
5094 2253
5095 3617
5096 3541
5097 3541
5098 1285
5099 1256
5100 4074
5101 4192
5102 2864
5103 3922
5104 862
5105 1689
5106 862
5107 1689
5108 1689
5109 1689
5110 862
5111 862
5112 862
5113 1007
5114 3922
5115 3922
5116 3922
5117 1689
5118 1906
5119 1689
5120 1906
5121 1689
5122 1906
5123 1007
5124 3922
5125 3922
5126 3922
5127 1689
5128 1689
5129 1689
5130 3922
5131 3922
5132 4802
5133 4556
5134 5095
5135 5095
5136 4665
5137 5095
5138 2759
5139 5035
5140 4556
5141 4556
5142 4556
5143 5095
5144 5095
5145 5095
5146 1582
5147 1256
5148 3711
5149 3743
5150 3743
5151 1761
5152 1761
5153 2267
5154 4093
5155 4093
5156 4093
5157 4093
5158 4093
5159 4093
5160 5147
5161 4093
5162 1417
5163 1417
5164 4093
5165 4093
5166 1417
5167 1417
5168 4093
5169 4093
5170 4093
5171 4093
5172 4093
5173 4093
5174 1417
5175 1417
5176 4093
5177 4093
5178 1417
5179 1417
5180 1417
5181 1417
5182 1417
5183 1417
5184 4093
5185 4093
5186 4093
5187 5102
5188 4093
5189 4093
5190 5102
5191 4093
5192 4093
5193 4093
5194 4093
5195 4770
5196 4770
5197 4770
5198 4770
5199 4770
