0 284
1 377
2 241
3 74
4 110
5 77
6 78
7 237
8 4
9 288
10 4942
11 244
12 191
13 467
14 667
15 389
16 320
17 361
18 4937
19 20
20 158
21 158
22 361
23 361
24 361
25 158
26 158
27 158
28 158
29 158
30 3340
31 3340
32 3340
33 3340
34 3340
35 3340
36 3340
37 3340
38 361
39 389
40 153
41 166
42 158
43 158
44 158
45 361
46 264
47 238
48 4
49 135
50 169
51 188
52 169
53 288
54 209
55 3
56 1
57 82
58 342
59 239
60 361
61 361
62 158
63 158
64 3340
65 3340
66 3340
67 3340
68 3340
69 1165
70 3340
71 158
72 158
73 158
74 230
75 388
76 80
77 377
78 80
79 309
80 90
81 153
82 284
83 153
84 158
85 283
86 377
87 377
88 81
89 301
90 285
91 77
92 158
93 3340
94 1165
95 1165
96 3340
97 158
98 3340
99 1165
100 158
101 3340
102 3340
103 158
104 158
105 158
106 158
107 158
108 388
109 3340
110 158
111 1165
112 3340
113 1165
114 1165
115 1165
116 3340
117 153
118 284
119 153
120 158
121 158
122 361
123 158
124 3340
125 3340
126 3340
127 3340
128 3340
129 241
130 83
131 82
132 140
133 258
134 395
135 368
136 322
137 228
138 228
139 391
140 676
141 653
142 732
143 653
144 455
145 401
146 261
147 275
148 123
149 260
150 171
151 398
152 361
153 158
154 158
155 153
156 284
157 75
158 82
159 52
160 3340
161 265
162 4937
163 264
164 4941
165 158
166 158
167 3340
168 3340
169 3340
170 3340
171 3340
172 1165
173 1165
174 1165
175 1165
176 3340
177 158
178 3340
179 3340
180 1165
181 1165
182 1165
183 1165
184 265
185 265
186 264
187 75
188 377
189 158
190 287
191 3340
192 3340
193 238
194 73
195 73
196 5
197 190
198 318
199 258
200 130
201 130
202 374
203 9
204 257
205 459
206 460
207 12
208 183
209 669
210 484
211 325
212 655
213 744
214 5022
215 743
216 467
217 345
218 318
219 225
220 667
221 4941
222 247
223 362
224 188
225 345
226 194
227 10
228 158
229 158
230 158
231 158
232 3340
233 387
234 247
235 307
236 225
237 140
238 298
239 289
240 169
241 1
242 304
243 342
244 361
245 158
246 158
247 158
248 265
249 72
250 307
251 80
252 3340
253 3340
254 3340
255 236
256 1165
257 269
258 290
259 289
260 252
261 188
262 252
263 3340
264 1
265 82
266 362
267 252
268 256
269 322
270 401
271 409
272 225
273 3340
274 1165
275 1165
276 158
277 158
278 6
279 225
280 373
281 353
282 342
283 301
284 80
285 284
286 80
287 72
288 48
289 3340
290 290
291 3340
292 1165
293 241
294 301
295 353
296 1165
297 80
298 1165
299 78
300 304
301 297
302 158
303 362
304 215
305 256
306 130
307 170
308 129
309 275
310 261
311 158
312 1165
313 3340
314 1165
315 1165
316 90
317 75
318 170
319 74
320 77
321 3
322 52
323 252
324 353
325 252
326 3340
327 82
328 4
329 377
330 275
331 364
332 234
333 1165
334 361
335 3340
336 158
337 158
338 147
339 147
340 158
341 158
342 158
343 158
344 387
345 283
346 80
347 373
348 3
349 4
350 459
351 124
352 3340
353 252
354 4942
355 368
356 158
357 3340
358 111
359 209
360 111
361 290
362 294
363 158
364 230
365 158
366 158
367 1165
368 276
369 305
370 124
371 284
372 247
373 228
374 158
375 158
376 3340
377 3340
378 158
379 289
380 3340
381 3340
382 307
383 215
384 213
385 135
386 52
387 322
388 1165
389 174
390 546
391 743
392 744
393 483
394 1521
395 1344
396 1245
397 1737
398 2609
399 3170
400 3380
401 4337
402 4514
403 4563
404 4517
405 4446
406 4602
407 4557
408 4712
409 4609
410 4545
411 1198
412 4521
413 4183
414 4720
415 158
416 301
417 301
418 228
419 1165
420 122
421 305
422 390
423 174
424 486
425 478
426 461
427 468
428 669
429 483
430 785
431 998
432 783
433 409
434 125
435 236
436 82
437 1
438 342
439 3340
440 158
441 158
442 1165
443 16
444 140
445 455
446 297
447 401
448 158
449 3340
450 3340
451 228
452 158
453 283
454 215
455 125
456 322
457 158
458 188
459 275
460 364
461 186
462 174
463 3340
464 230
465 158
466 379
467 401
468 3340
469 3340
470 135
471 297
472 305
473 3340
474 158
475 3340
476 158
477 3340
478 215
479 547
480 547
481 379
482 477
483 654
484 483
485 785
486 785
487 391
488 191
489 286
490 244
491 256
492 364
493 228
494 189
495 465
496 477
497 472
498 124
499 215
500 9
501 405
502 228
503 390
504 294
505 257
506 194
507 305
508 401
509 744
510 484
511 756
512 1507
513 1414
514 1374
515 1445
516 1375
517 1638
518 2163
519 2164
520 2448
521 2575
522 2835
523 3129
524 1632
525 1991
526 3381
527 2760
528 2837
529 5164
530 1997
531 3134
532 3134
533 5053
534 2941
535 2102
536 2850
537 1849
538 3075
539 1603
540 2580
541 2857
542 2812
543 126
544 676
545 465
546 455
547 408
548 174
549 194
550 226
551 481
552 393
553 187
554 175
555 409
556 127
557 402
558 649
559 176
560 599
561 743
562 182
563 484
564 463
565 713
566 394
567 732
568 653
569 472
570 467
571 472
572 189
573 547
574 676
575 676
576 977
577 547
578 127
579 743
580 5022
581 588
582 676
583 463
584 743
585 463
586 5028
587 676
588 653
589 998
590 1456
591 722
592 1452
593 1651
594 5171
595 5171
596 5171
597 5171
598 5171
599 5186
600 5186
601 869
602 5186
603 5190
604 5171
605 5190
606 869
607 869
608 454
609 638
610 638
611 638
612 638
613 638
614 638
615 642
616 736
617 647
618 625
619 591
620 580
621 581
622 5011
623 741
624 724
625 749
626 749
627 1009
628 4991
629 966
630 760
631 507
632 988
633 1274
634 1389
635 570
636 1093
637 5171
638 5171
639 5171
640 5171
641 5190
642 5171
643 5171
644 2487
645 5171
646 5190
647 5171
648 5171
649 5171
650 5155
651 2487
652 2487
653 2487
654 2487
655 2487
656 2487
657 5171
658 2487
659 575
660 349
661 653
662 5186
663 5186
664 454
665 869
666 869
667 869
668 454
669 638
670 454
671 638
672 638
673 5186
674 5186
675 5186
676 869
677 454
678 638
679 638
680 686
681 536
682 869
683 869
684 869
685 638
686 638
687 638
688 733
689 736
690 4969
691 4963
692 968
693 468
694 468
695 394
696 782
697 979
698 981
699 787
700 1178
701 768
702 5171
703 5186
704 653
705 5186
706 5171
707 5171
708 714
709 732
710 5171
711 783
712 5171
713 869
714 454
715 638
716 638
717 869
718 454
719 5022
720 484
721 468
722 897
723 782
724 1507
725 2487
726 2487
727 5171
728 5171
729 2487
730 5171
731 869
732 5171
733 5171
734 5171
735 5171
736 869
737 454
738 869
739 461
740 5022
741 454
742 869
743 638
744 638
745 638
746 790
747 640
748 687
749 2487
750 2487
751 5171
752 5171
753 5186
754 5171
755 2487
756 2487
757 2487
758 468
759 454
760 2487
761 2487
762 2487
763 654
764 669
765 732
766 468
767 654
768 768
769 713
770 417
771 325
772 326
773 1194
774 1507
775 1374
776 5171
777 722
778 742
779 665
780 1505
781 1521
782 638
783 638
784 182
785 5030
786 1505
787 783
788 454
789 783
790 783
791 638
792 5171
793 5171
794 2487
795 2487
796 2487
797 2487
798 5155
799 5155
800 5155
801 2487
802 1236
803 485
804 1443
805 783
806 2487
807 638
808 638
809 783
810 182
811 325
812 733
813 5022
814 2487
815 2487
816 182
817 638
818 2487
819 5155
820 2487
821 815
822 326
823 2487
824 2487
825 638
826 869
827 5186
828 722
829 2487
830 2487
831 638
832 687
833 613
834 503
835 966
836 615
837 610
838 785
839 722
840 787
841 981
842 578
843 2487
844 2487
845 2487
846 454
847 638
848 869
849 897
850 655
851 722
852 5171
853 638
854 722
855 640
856 5171
857 5171
858 656
859 578
860 631
861 544
862 736
863 640
864 733
865 5171
866 638
867 687
868 669
869 996
870 820
871 638
872 454
873 638
874 638
875 638
876 638
877 454
878 454
879 5010
880 678
881 578
882 998
883 325
884 669
885 5040
886 4961
887 841
888 638
889 814
890 750
891 1481
892 1967
893 1562
894 1391
895 722
896 997
897 1449
898 1781
899 782
900 748
901 578
902 580
903 634
904 668
905 578
906 982
907 1558
908 668
909 736
910 5171
911 5171
912 5186
913 5186
914 737
915 545
916 630
917 633
918 589
919 753
920 632
921 4976
922 869
923 5190
924 5190
925 1127
926 1449
927 753
928 484
929 1470
930 1521
931 1505
932 1320
933 1320
934 1412
935 1445
936 753
937 610
938 615
939 963
940 616
941 581
942 782
943 1464
944 1604
945 2111
946 1753
947 2220
948 2139
949 2194
950 2599
951 2621
952 2661
953 2334
954 2457
955 826
956 2347
957 2309
958 2348
959 2348
960 2643
961 2705
962 5044
963 837
964 5171
965 5171
966 797
967 556
968 1016
969 630
970 545
971 591
972 489
973 589
974 723
975 5171
976 735
977 5011
978 754
979 755
980 1091
981 1092
982 1092
983 5153
984 620
985 5151
986 754
987 970
988 754
989 755
990 842
991 727
992 726
993 618
994 766
995 1155
996 1014
997 808
998 858
999 784
1000 1223
1001 1085
1002 895
1003 890
1004 986
1005 864
1006 1148
1007 1082
1008 2491
1009 2043
1010 2550
1011 1207
1012 803
1013 1014
1014 1014
1015 573
1016 513
1017 966
1018 741
1019 741
1020 759
1021 645
1022 1009
1023 988
1024 741
1025 618
1026 634
1027 994
1028 512
1029 1160
1030 945
1031 755
1032 1158
1033 766
1034 893
1035 1092
1036 1091
1037 1091
1038 1101
1039 968
1040 618
1041 597
1042 5151
1043 966
1044 1033
1045 5151
1046 1026
1047 5153
1048 802
1049 766
1050 1180
1051 597
1052 967
1053 1008
1054 893
1055 843
1056 1241
1057 988
1058 749
1059 4985
1060 1092
1061 578
1062 806
1063 632
1064 589
1065 556
1066 815
1067 326
1068 1107
1069 886
1070 843
1071 1147
1072 1145
1073 1010
1074 855
1075 1013
1076 1107
1077 942
1078 995
1079 1145
1080 883
1081 947
1082 1086
1083 1089
1084 909
1085 1004
1086 1420
1087 1420
1088 1677
1089 866
1090 1255
1091 1837
1092 1677
1093 1677
1094 864
1095 5153
1096 741
1097 878
1098 585
1099 489
1100 589
1101 646
1102 484
1103 787
1104 727
1105 1630
1106 515
1107 519
1108 961
1109 1010
1110 884
1111 987
1112 892
1113 327
1114 984
1115 638
1116 638
1117 638
1118 723
1119 4951
1120 4973
1121 988
1122 1192
1123 869
1124 869
1125 869
1126 454
1127 869
1128 454
1129 869
1130 5186
1131 5190
1132 5186
1133 5186
1134 869
1135 5186
1136 782
1137 1040
1138 885
1139 979
1140 981
1141 1558
1142 1751
1143 805
1144 565
1145 1024
1146 597
1147 843
1148 784
1149 755
1150 774
1151 715
1152 638
1153 1107
1154 892
1155 887
1156 874
1157 1161
1158 770
1159 5153
1160 5014
1161 1033
1162 1517
1163 982
1164 982
1165 512
1166 838
1167 817
1168 962
1169 5152
1170 5153
1171 507
1172 967
1173 843
1174 967
1175 741
1176 965
1177 965
1178 556
1179 494
1180 581
1181 638
1182 1153
1183 4951
1184 1107
1185 675
1186 1223
1187 620
1188 968
1189 501
1190 966
1191 630
1192 869
1193 869
1194 454
1195 638
1196 892
1197 638
1198 536
1199 582
1200 629
1201 1185
1202 959
1203 870
1204 1043
1205 784
1206 966
1207 616
1208 638
1209 879
1210 993
1211 910
1212 999
1213 860
1214 910
1215 892
1216 728
1217 513
1218 1093
1219 849
1220 966
1221 618
1222 947
1223 1008
1224 1658
1225 911
1226 1658
1227 1035
1228 1276
1229 1170
1230 1252
1231 1090
1232 1252
1233 1584
1234 1097
1235 2119
1236 3101
1237 2548
1238 2559
1239 3101
1240 2976
1241 2974
1242 2974
1243 2977
1244 5167
1245 3030
1246 2855
1247 3274
1248 2855
1249 3024
1250 2855
1251 2983
1252 2974
1253 2974
1254 2974
1255 2977
1256 2977
1257 1035
1258 1658
1259 1658
1260 1044
1261 885
1262 886
1263 1085
1264 784
1265 5153
1266 878
1267 999
1268 1145
1269 1658
1270 685
1271 638
1272 708
1273 1035
1274 1191
1275 1554
1276 1191
1277 1420
1278 531
1279 548
1280 542
1281 630
1282 648
1283 697
1284 881
1285 942
1286 984
1287 991
1288 1093
1289 4968
1290 5014
1291 5153
1292 1009
1293 597
1294 645
1295 1086
1296 1447
1297 1240
1298 850
1299 887
1300 1081
1301 936
1302 1276
1303 873
1304 1173
1305 1259
1306 1849
1307 5180
1308 1036
1309 883
1310 594
1311 675
1312 620
1313 959
1314 895
1315 850
1316 1037
1317 894
1318 1188
1319 891
1320 980
1321 1170
1322 1173
1323 1049
1324 1789
1325 1055
1326 2886
1327 1849
1328 1144
1329 1117
1330 1090
1331 1090
1332 1276
1333 1259
1334 1049
1335 1049
1336 1128
1337 890
1338 1037
1339 846
1340 942
1341 983
1342 766
1343 580
1344 1115
1345 1036
1346 1036
1347 1255
1348 1388
1349 5009
1350 711
1351 499
1352 494
1353 557
1354 613
1355 610
1356 5008
1357 851
1358 617
1359 675
1360 583
1361 499
1362 581
1363 494
1364 876
1365 1117
1366 1086
1367 1089
1368 1089
1369 1276
1370 1849
1371 558
1372 568
1373 1128
1374 1189
1375 989
1376 1191
1377 1271
1378 1191
1379 910
1380 1042
1381 1042
1382 1128
1383 1081
1384 862
1385 999
1386 1117
1387 1517
1388 5013
1389 530
1390 494
1391 863
1392 620
1393 616
1394 1051
1395 510
1396 582
1397 1050
1398 1170
1399 981
1400 1023
1401 1172
1402 1090
1403 1464
1404 1189
1405 5153
1406 1036
1407 864
1408 890
1409 1117
1410 1343
1411 1797
1412 2606
1413 3681
1414 4093
1415 4519
1416 4545
1417 4564
1418 4614
1419 4644
1420 4669
1421 4809
1422 4627
1423 4839
1424 4699
1425 4699
1426 5139
1427 4628
1428 4829
1429 4915
1430 585
1431 583
1432 580
1433 499
1434 1126
1435 740
1436 568
1437 863
1438 558
1439 580
1440 646
1441 1036
1442 1271
1443 1271
1444 1013
1445 892
1446 517
1447 517
1448 808
1449 1041
1450 558
1451 1603
1452 559
1453 1658
1454 1320
1455 1507
1456 902
1457 1344
1458 1374
1459 1090
1460 1344
1461 1494
1462 1195
1463 781
1464 1358
1465 842
1466 4967
1467 1092
1468 1554
1469 846
1470 1849
1471 1412
1472 1374
1473 1435
1474 1436
1475 1479
1476 1439
1477 1402
1478 617
1479 1126
1480 1051
1481 2553
1482 2553
1483 520
1484 887
1485 1126
1486 1036
1487 1036
1488 906
1489 863
1490 864
1491 1051
1492 864
1493 1117
1494 1120
1495 1272
1496 1105
1497 1117
1498 2726
1499 1789
1500 501
1501 910
1502 906
1503 1191
1504 1035
1505 489
1506 591
1507 1416
1508 909
1509 864
1510 1238
1511 1004
1512 1087
1513 1048
1514 1242
1515 1013
1516 3033
1517 2886
1518 2290
1519 3029
1520 2406
1521 1266
1522 1789
1523 1077
1524 568
1525 675
1526 1849
1527 680
1528 710
1529 492
1530 680
1531 712
1532 527
1533 558
1534 556
1535 503
1536 617
1537 548
1538 580
1539 585
1540 494
1541 564
1542 770
1543 4967
1544 616
1545 630
1546 2408
1547 1081
1548 1493
1549 1494
1550 1557
1551 1379
1552 1493
1553 1380
1554 1583
1555 1404
1556 1535
1557 1632
1558 1877
1559 1379
1560 541
1561 1414
1562 1522
1563 618
1564 503
1565 620
1566 597
1567 1658
1568 1086
1569 5011
1570 567
1571 1556
1572 1445
1573 1351
1574 2041
1575 2130
1576 2609
1577 2609
1578 2326
1579 1494
1580 1566
1581 1666
1582 1537
1583 1646
1584 1991
1585 2941
1586 1789
1587 680
1588 747
1589 988
1590 4982
1591 650
1592 1862
1593 895
1594 1771
1595 1566
1596 1377
1597 1665
1598 1460
1599 1442
1600 4961
1601 541
1602 541
1603 4974
1604 680
1605 723
1606 1380
1607 1379
1608 1950
1609 501
1610 675
1611 843
1612 1603
1613 874
1614 3134
1615 620
1616 1849
1617 598
1618 1494
1619 1460
1620 1542
1621 1606
1622 1501
1623 2481
1624 1849
1625 772
1626 1603
1627 4968
1628 4960
1629 945
1630 1442
1631 1771
1632 881
1633 890
1634 959
1635 1603
1636 1441
1637 1442
1638 766
1639 838
1640 1004
1641 1240
1642 891
1643 961
1644 905
1645 905
1646 873
1647 2987
1648 512
1649 846
1650 1445
1651 1327
1652 1381
1653 1493
1654 1327
1655 851
1656 1658
1657 1460
1658 1542
1659 1440
1660 1506
1661 1257
1662 889
1663 1561
1664 983
1665 1087
1666 1449
1667 1449
1668 2009
1669 1445
1670 1417
1671 1471
1672 1375
1673 517
1674 1673
1675 3211
1676 1460
1677 5012
1678 675
1679 843
1680 1124
1681 1740
1682 775
1683 1007
1684 3134
1685 1556
1686 1557
1687 1849
1688 1009
1689 755
1690 838
1691 944
1692 1115
1693 1112
1694 1146
1695 2886
1696 1479
1697 2314
1698 1195
1699 1735
1700 981
1701 1784
1702 2481
1703 2765
1704 1986
1705 1588
1706 2038
1707 1588
1708 645
1709 650
1710 1081
1711 1554
1712 1561
1713 1436
1714 1382
1715 1207
1716 1207
1717 1471
1718 1710
1719 1557
1720 1067
1721 3084
1722 1565
1723 762
1724 891
1725 855
1726 875
1727 784
1728 1588
1729 1895
1730 2759
1731 1998
1732 440
1733 1606
1734 1606
1735 1535
1736 1776
1737 1298
1738 1676
1739 1541
1740 1543
1741 942
1742 875
1743 895
1744 856
1745 961
1746 1240
1747 2726
1748 4960
1749 4960
1750 4984
1751 942
1752 1081
1753 1117
1754 1849
1755 1161
1756 899
1757 1583
1758 1604
1759 1997
1760 1440
1761 1479
1762 1784
1763 1714
1764 1404
1765 2028
1766 1885
1767 3676
1768 3817
1769 2960
1770 1400
1771 1877
1772 2506
1773 1565
1774 1404
1775 1035
1776 1191
1777 1327
1778 1708
1779 2040
1780 1239
1781 2483
1782 2326
1783 2132
1784 1879
1785 1501
1786 1984
1787 1996
1788 1389
1789 1112
1790 1816
1791 1159
1792 1588
1793 1822
1794 1903
1795 1395
1796 1632
1797 1395
1798 1997
1799 1665
1800 1593
1801 2575
1802 905
1803 2040
1804 2007
1805 1632
1806 5153
1807 845
1808 1784
1809 1441
1810 2481
1811 512
1812 1998
1813 1501
1814 945
1815 844
1816 1771
1817 2330
1818 889
1819 1786
1820 2180
1821 2180
1822 2481
1823 1242
1824 951
1825 1632
1826 1996
1827 1543
1828 1676
1829 1712
1830 1676
1831 511
1832 1044
1833 1440
1834 1743
1835 1708
1836 1144
1837 1331
1838 1465
1839 1894
1840 875
1841 1259
1842 1259
1843 1259
1844 1150
1845 1584
1846 3033
1847 1350
1848 1903
1849 1856
1850 1996
1851 784
1852 784
1853 858
1854 803
1855 2441
1856 1362
1857 1328
1858 1183
1859 1331
1860 1676
1861 1534
1862 1539
1863 1879
1864 1873
1865 3032
1866 5166
1867 1114
1868 1247
1869 1120
1870 951
1871 906
1872 1891
1873 1673
1874 2162
1875 2162
1876 1587
1877 1676
1878 962
1879 1670
1880 1164
1881 1174
1882 2720
1883 1666
1884 1903
1885 942
1886 962
1887 944
1888 776
1889 2009
1890 2038
1891 2151
1892 2345
1893 1753
1894 2009
1895 1737
1896 2547
1897 906
1898 2290
1899 851
1900 816
1901 1117
1902 1789
1903 2408
1904 876
1905 962
1906 1797
1907 2041
1908 1902
1909 1534
1910 808
1911 1670
1912 2098
1913 2098
1914 1562
1915 1967
1916 2944
1917 2537
1918 3032
1919 2540
1920 2888
1921 1712
1922 895
1923 2726
1924 1049
1925 865
1926 1904
1927 1085
1928 896
1929 885
1930 895
1931 1112
1932 2100
1933 1670
1934 2850
1935 1115
1936 2547
1937 2040
1938 1440
1939 1541
1940 1420
1941 1873
1942 519
1943 1660
1944 1191
1945 1112
1946 1904
1947 1004
1948 864
1949 808
1950 947
1951 1416
1952 906
1953 1964
1954 2648
1955 2780
1956 1831
1957 4531
1958 329
1959 2180
1960 941
1961 1784
1962 1674
1963 891
1964 1082
1965 1081
1966 1603
1967 2977
1968 2815
1969 1081
1970 1632
1971 2000
1972 1259
1973 2342
1974 1271
1975 1298
1976 1674
1977 876
1978 1042
1979 1051
1980 2727
1981 1114
1982 1984
1983 853
1984 1170
1985 1044
1986 2319
1987 1396
1988 1049
1989 2976
1990 1670
1991 2301
1992 2625
1993 909
1994 1112
1995 2536
1996 2537
1997 3029
1998 1849
1999 1666
2000 1902
2001 425
2002 1536
2003 1291
2004 1998
2005 1331
2006 1474
2007 1784
2008 1736
2009 440
2010 1995
2011 2496
2012 1851
2013 1851
2014 1712
2015 1395
2016 2194
2017 1926
2018 1904
2019 3256
2020 3211
2021 2370
2022 1666
2023 2765
2024 2625
2025 1239
2026 891
2027 891
2028 2111
2029 1822
2030 1044
2031 1081
2032 1658
2033 866
2034 1535
2035 1677
2036 1677
2037 1895
2038 909
2039 850
2040 1991
2041 2180
2042 3033
2043 1668
2044 1359
2045 904
2046 1420
2047 1543
2048 2496
2049 2370
2050 2098
2051 2631
2052 2566
2053 951
2054 440
2055 1395
2056 1240
2057 1541
2058 1879
2059 1087
2060 1658
2061 1173
2062 2850
2063 5163
2064 1613
2065 2314
2066 2152
2067 1737
2068 2837
2069 1998
2070 1542
2071 2028
2072 1191
2073 2408
2074 2539
2075 3131
2076 2319
2077 2966
2078 5174
2079 2759
2080 1984
2081 1995
2082 1271
2083 1004
2084 1031
2085 2860
2086 3034
2087 3131
2088 1997
2089 1849
2090 1998
2091 1783
2092 1997
2093 1176
2094 1606
2095 1665
2096 1879
2097 2559
2098 1877
2099 2180
2100 2837
2101 1964
2102 1042
2103 1665
2104 1674
2105 1173
2106 866
2107 1677
2108 1036
2109 1049
2110 1465
2111 1677
2112 2380
2113 2121
2114 2159
2115 2457
2116 2247
2117 2247
2118 2677
2119 2677
2120 5044
2121 2607
2122 2380
2123 2381
2124 2705
2125 3613
2126 2146
2127 2692
2128 2425
2129 2380
2130 2677
2131 2107
2132 2677
2133 2380
2134 2667
2135 1797
2136 2131
2137 2370
2138 3043
2139 2296
2140 2948
2141 2381
2142 2121
2143 1264
2144 2553
2145 3112
2146 1044
2147 2705
2148 2146
2149 2146
2150 2705
2151 1035
2152 1676
2153 2948
2154 2716
2155 3759
2156 3745
2157 2483
2158 2495
2159 1144
2160 2121
2161 2159
2162 2121
2163 3613
2164 2071
2165 2146
2166 2380
2167 1144
2168 1359
2169 2503
2170 1400
2171 1035
2172 2139
2173 2158
2174 2157
2175 2107
2176 2831
2177 2107
2178 2107
2179 2129
2180 2759
2181 5164
2182 5166
2183 2380
2184 2176
2185 2359
2186 1752
2187 5044
2188 5044
2189 3612
2190 3612
2191 1589
2192 2359
2193 2443
2194 2470
2195 1931
2196 1984
2197 3112
2198 2862
2199 2191
2200 3255
2201 2666
2202 2939
2203 5046
2204 5044
2205 5044
2206 5044
2207 5044
2208 2425
2209 2148
2210 2375
2211 329
2212 2123
2213 1359
2214 2146
2215 2782
2216 2196
2217 5044
2218 2203
2219 3513
2220 2172
2221 5044
2222 2742
2223 2590
2224 2742
2225 5047
2226 5047
2227 2590
2228 2590
2229 5044
2230 5044
2231 2582
2232 2742
2233 2742
2234 5043
2235 5044
2236 5044
2237 2345
2238 2107
2239 2530
2240 2670
2241 2480
2242 2190
2243 2469
2244 2596
2245 2203
2246 2595
2247 2591
2248 2591
2249 2500
2250 2591
2251 2198
2252 2595
2253 2203
2254 2180
2255 5053
2256 1298
2257 2425
2258 2148
2259 2148
2260 2692
2261 2148
2262 2225
2263 2469
2264 2093
2265 2067
2266 5047
2267 2742
2268 2831
2269 2243
2270 2831
2271 5046
2272 2249
2273 5044
2274 5044
2275 5044
2276 5044
2277 2694
2278 2742
2279 5047
2280 5047
2281 5047
2282 2584
2283 1095
2284 2814
2285 2491
2286 2119
2287 3021
2288 2262
2289 1685
2290 2677
2291 2157
2292 2381
2293 2530
2294 2677
2295 2146
2296 3450
2297 2146
2298 2469
2299 2486
2300 2222
2301 1589
2302 2610
2303 1044
2304 866
2305 2740
2306 2707
2307 5045
2308 2405
2309 5044
2310 2159
2311 2071
2312 2348
2313 2607
2314 3093
2315 2643
2316 2483
2317 1713
2318 2625
2319 1272
2320 2540
2321 2143
2322 2470
2323 2530
2324 2425
2325 2235
2326 2134
2327 2151
2328 2457
2329 2599
2330 826
2331 2392
2332 2375
2333 3450
2334 2607
2335 1120
2336 3021
2337 1689
2338 1095
2339 3104
2340 2606
2341 3685
2342 4491
2343 3171
2344 2380
2345 1095
2346 2222
2347 2649
2348 2669
2349 941
2350 1173
2351 2720
2352 1396
2353 1400
2354 2123
2355 3106
2356 2457
2357 2332
2358 2359
2359 2321
2360 3035
2361 2043
2362 5180
2363 5166
2364 2363
2365 2122
2366 2092
2367 2070
2368 2158
2369 2158
2370 2528
2371 3255
2372 2106
2373 2172
2374 2172
2375 2350
2376 2172
2377 2350
2378 2172
2379 2172
2380 2085
2381 2107
2382 2071
2383 2146
2384 2191
2385 2146
2386 2453
2387 2148
2388 5044
2389 5044
2390 1879
2391 2334
2392 2359
2393 2457
2394 2334
2395 2200
2396 1584
2397 2536
2398 1873
2399 2249
2400 2877
2401 3113
2402 1095
2403 3327
2404 5044
2405 2426
2406 2564
2407 1676
2408 1674
2409 440
2410 2148
2411 2944
2412 2475
2413 3033
2414 2457
2415 2090
2416 3035
2417 3014
2418 2483
2419 3131
2420 2982
2421 3029
2422 1543
2423 2158
2424 2085
2425 2105
2426 2108
2427 2160
2428 2470
2429 2457
2430 2457
2431 3035
2432 2633
2433 1778
2434 2381
2435 5044
2436 2148
2437 2190
2438 2629
2439 2224
2440 2348
2441 2469
2442 2348
2443 3565
2444 2759
2445 1590
2446 2709
2447 2321
2448 2599
2449 2470
2450 2334
2451 2620
2452 2751
2453 3738
2454 5044
2455 5044
2456 2624
2457 2837
2458 2458
2459 2976
2460 2392
2461 3162
2462 1743
2463 2527
2464 2143
2465 2470
2466 2480
2467 5044
2468 2457
2469 2348
2470 2159
2471 2633
2472 1877
2473 1081
2474 1173
2475 3113
2476 1570
2477 2633
2478 1829
2479 2130
2480 2143
2481 3214
2482 2948
2483 3029
2484 3131
2485 1095
2486 3113
2487 2296
2488 425
2489 2516
2490 2405
2491 2974
2492 3131
2493 3102
2494 2585
2495 2203
2496 2588
2497 1998
2498 5046
2499 2426
2500 2426
2501 2122
2502 2564
2503 825
2504 1095
2505 1047
2506 2333
2507 2090
2508 1998
2509 1287
2510 3256
2511 2071
2512 2094
2513 2067
2514 2164
2515 1632
2516 1984
2517 2976
2518 1095
2519 2342
2520 826
2521 1067
2522 1396
2523 1292
2524 2481
2525 3118
2526 3101
2527 3035
2528 5044
2529 2742
2530 5044
2531 5044
2532 5044
2533 5044
2534 5044
2535 837
2536 1298
2537 1606
2538 2835
2539 2680
2540 2131
2541 2132
2542 3648
2543 4378
2544 3147
2545 3281
2546 2593
2547 2648
2548 2418
2549 2167
2550 5044
2551 5044
2552 5044
2553 3214
2554 3685
2555 3170
2556 3168
2557 2223
2558 3570
2559 2575
2560 2575
2561 3032
2562 2146
2563 2087
2564 2121
2565 2149
2566 2470
2567 2620
2568 5044
2569 2814
2570 2976
2571 3033
2572 2415
2573 2512
2574 3101
2575 2148
2576 3035
2577 1571
2578 5044
2579 2633
2580 3681
2581 2670
2582 3554
2583 2258
2584 2475
2585 2203
2586 5046
2587 5046
2588 2425
2589 2308
2590 2348
2591 2655
2592 2655
2593 1998
2594 1832
2595 5044
2596 2545
2597 3101
2598 3101
2599 5044
2600 5043
2601 2801
2602 425
2603 2148
2604 2321
2605 3239
2606 2469
2607 837
2608 837
2609 2325
2610 2203
2611 5044
2612 2392
2613 2512
2614 3021
2615 2490
2616 2121
2617 2125
2618 5047
2619 5047
2620 2506
2621 2752
2622 3554
2623 2469
2624 2596
2625 1783
2626 3180
2627 5046
2628 2148
2629 2678
2630 5044
2631 2535
2632 2268
2633 2856
2634 2855
2635 3101
2636 2268
2637 2479
2638 2545
2639 3118
2640 3150
2641 2268
2642 2687
2643 3308
2644 2593
2645 2178
2646 3046
2647 2891
2648 1193
2649 1849
2650 2680
2651 5046
2652 2648
2653 837
2654 1298
2655 3676
2656 3716
2657 3956
2658 2798
2659 3229
2660 3897
2661 4054
2662 2716
2663 2179
2664 2826
2665 2085
2666 5047
2667 2625
2668 2648
2669 2121
2670 2955
2671 2655
2672 2752
2673 3630
2674 3309
2675 1501
2676 1291
2677 1396
2678 5047
2679 1570
2680 2801
2681 3619
2682 2974
2683 3102
2684 2856
2685 3160
2686 2813
2687 3159
2688 3157
2689 4187
2690 4435
2691 3688
2692 3429
2693 3926
2694 2813
2695 3248
2696 2736
2697 2224
2698 837
2699 2717
2700 1621
2701 2149
2702 1623
2703 3131
2704 2593
2705 2593
2706 5044
2707 2751
2708 2751
2709 2203
2710 2829
2711 1984
2712 1879
2713 2223
2714 3239
2715 3208
2716 2614
2717 2347
2718 3196
2719 3214
2720 2094
2721 3676
2722 2974
2723 3035
2724 2626
2725 2944
2726 3034
2727 3046
2728 2726
2729 3133
2730 2877
2731 3166
2732 2506
2733 2121
2734 2149
2735 2747
2736 5164
2737 5164
2738 3046
2739 3032
2740 3029
2741 3033
2742 2269
2743 3100
2744 3131
2745 331
2746 331
2747 1831
2748 3619
2749 5047
2750 5046
2751 2692
2752 2626
2753 3816
2754 3229
2755 4055
2756 4496
2757 4495
2758 5164
2759 2769
2760 2159
2761 5044
2762 2826
2763 3229
2764 2801
2765 1841
2766 2854
2767 2924
2768 3075
2769 2855
2770 3221
2771 2733
2772 4001
2773 3679
2774 3346
2775 3679
2776 4187
2777 3751
2778 3476
2779 2806
2780 3026
2781 2428
2782 3719
2783 3989
2784 3966
2785 3935
2786 4055
2787 3166
2788 3816
2789 4054
2790 2094
2791 2094
2792 2076
2793 2161
2794 2094
2795 5046
2796 1068
2797 2656
2798 1991
2799 1862
2800 1849
2801 2613
2802 1118
2803 3193
2804 3051
2805 2974
2806 5047
2807 2784
2808 3372
2809 2480
2810 3274
2811 3156
2812 2906
2813 3221
2814 4060
2815 4423
2816 2808
2817 2808
2818 1869
2819 3274
2820 1844
2821 3000
2822 3218
2823 3000
2824 2923
2825 4187
2826 2808
2827 3157
2828 3715
2829 2923
2830 3715
2831 3776
2832 3477
2833 2927
2834 3477
2835 3476
2836 3002
2837 2928
2838 2929
2839 3739
2840 3686
2841 3791
2842 3759
2843 2180
2844 440
2845 1632
2846 2350
2847 2190
2848 3268
2849 3130
2850 3445
2851 1696
2852 3157
2853 3190
2854 2462
2855 2729
2856 5163
2857 2199
2858 2837
2859 440
2860 1877
2861 440
2862 3026
2863 3157
2864 3751
2865 4187
2866 3566
2867 3343
2868 3002
2869 3926
2870 3531
2871 3237
2872 2928
2873 2931
2874 3344
2875 3476
2876 3344
2877 2927
2878 3476
2879 4322
2880 3231
2881 3208
2882 2486
2883 2348
2884 2591
2885 1991
2886 2985
2887 1621
2888 2742
2889 2146
2890 2719
2891 2855
2892 2923
2893 2923
2894 3157
2895 3218
2896 1877
2897 1400
2898 2748
2899 2321
2900 3214
2901 2614
2902 3505
2903 3384
2904 338
2905 3274
2906 3221
2907 2462
2908 2486
2909 2835
2910 1692
2911 2856
2912 4187
2913 5044
2914 2469
2915 2818
2916 2849
2917 2575
2918 2837
2919 1613
2920 2624
2921 3267
2922 3809
2923 5044
2924 2596
2925 2424
2926 3183
2927 1865
2928 1984
2929 3751
2930 4322
2931 2591
2932 5047
2933 3239
2934 2808
2935 3221
2936 3221
2937 3193
2938 1118
2939 1193
2940 3715
2941 4060
2942 3751
2943 3476
2944 2928
2945 3751
2946 2729
2947 1849
2948 3308
2949 4095
2950 4065
2951 2732
2952 3002
2953 2180
2954 3719
2955 1068
2956 3681
2957 4491
2958 336
2959 4517
2960 3619
2961 3619
2962 2777
2963 5044
2964 5044
2965 5044
2966 3239
2967 837
2968 837
2969 3308
2970 2596
2971 2626
2972 3308
2973 4135
2974 4378
2975 3002
2976 3926
2977 3002
2978 3751
2979 3250
2980 2906
2981 1474
2982 3606
2983 440
2984 5044
2985 837
2986 2591
2987 2590
2988 5047
2989 2591
2990 2591
2991 2742
2992 2325
2993 2777
2994 3294
2995 3239
2996 1869
2997 2855
2998 2751
2999 3685
3000 2319
3001 3168
3002 3068
3003 3002
3004 3751
3005 3751
3006 3751
3007 3715
3008 3218
3009 3795
3010 3743
3011 3072
3012 1984
3013 3882
3014 3965
3015 3239
3016 3477
3017 2928
3018 3659
3019 3604
3020 3183
3021 837
3022 2212
3023 2590
3024 2486
3025 2742
3026 5044
3027 2593
3028 3068
3029 4124
3030 3789
3031 4065
3032 4385
3033 3531
3034 3531
3035 3685
3036 3681
3037 2350
3038 2243
3039 1998
3040 3308
3041 3528
3042 4378
3043 3429
3044 2742
3045 336
3046 4062
3047 4445
3048 4531
3049 4383
3050 3444
3051 2941
3052 5049
3053 1849
3054 3133
3055 2742
3056 2742
3057 3183
3058 4130
3059 4130
3060 4467
3061 3476
3062 2711
3063 3147
3064 4378
3065 837
3066 2983
3067 2924
3068 3239
3069 5049
3070 2742
3071 1997
3072 2430
3073 3075
3074 3685
3075 3075
3076 3239
3077 3538
3078 2928
3079 3237
3080 3239
3081 3192
3082 3068
3083 837
3084 2213
3085 2590
3086 2591
3087 2694
3088 2500
3089 5047
3090 5047
3091 5047
3092 440
3093 2591
3094 2906
3095 2808
3096 2806
3097 2806
3098 3075
3099 2854
3100 3758
3101 2808
3102 4135
3103 2591
3104 3681
3105 3879
3106 2826
3107 2835
3108 1997
3109 3237
3110 2711
3111 3002
3112 2928
3113 3776
3114 3531
3115 2921
3116 3715
3117 3193
3118 2769
3119 1400
3120 1996
3121 2924
3122 2732
3123 3476
3124 3310
3125 3368
3126 5047
3127 3619
3128 2218
3129 2698
3130 4094
3131 5121
3132 4492
3133 4519
3134 4446
3135 2469
3136 2742
3137 3759
3138 336
3139 4337
3140 2643
3141 3237
3142 3604
3143 3602
3144 2929
3145 3602
3146 3724
3147 2469
3148 3429
3149 3724
3150 3604
3151 3602
3152 3764
3153 3741
3154 3781
3155 3485
3156 4058
3157 4254
3158 4348
3159 3961
3160 4460
3161 3961
3162 4469
3163 4044
3164 3987
3165 4469
3166 4127
3167 3889
3168 3985
3169 2927
3170 3776
3171 3210
3172 5164
3173 2596
3174 3565
3175 3510
3176 3561
3177 3509
3178 3509
3179 3385
3180 837
3181 2643
3182 3659
3183 4378
3184 4378
3185 2203
3186 2931
3187 3602
3188 3702
3189 3485
3190 4428
3191 4043
3192 3859
3193 4292
3194 4293
3195 4358
3196 4028
3197 3992
3198 4469
3199 4043
3200 3724
3201 3277
3202 3133
3203 2591
3204 2596
3205 2613
3206 3100
3207 3072
3208 3133
3209 2727
3210 4391
3211 4060
3212 2596
3213 2469
3214 2469
3215 2742
3216 2590
3217 1576
3218 2264
3219 3759
3220 333
3221 837
3222 3590
3223 3372
3224 2203
3225 2742
3226 2269
3227 837
3228 2891
3229 3368
3230 3577
3231 2203
3232 3602
3233 333
3234 4062
3235 336
3236 4547
3237 4597
3238 3429
3239 2927
3240 3604
3241 3602
3242 3431
3243 3728
3244 3713
3245 3800
3246 3763
3247 3750
3248 3794
3249 3705
3250 3779
3251 3604
3252 2928
3253 2590
3254 2203
3255 2942
3256 2960
3257 2596
3258 2198
3259 2928
3260 2596
3261 3310
3262 3510
3263 5047
3264 2591
3265 2742
3266 2590
3267 3308
3268 3755
3269 3221
3270 3346
3271 4066
3272 2596
3273 2591
3274 2652
3275 2500
3276 2591
3277 2226
3278 3068
3279 3147
3280 4378
3281 4378
3282 3577
3283 3745
3284 1076
3285 1068
3286 2203
3287 440
3288 2591
3289 4335
3290 4378
3291 5047
3292 2694
3293 4378
3294 3072
3295 2180
3296 3758
3297 2591
3298 2927
3299 2596
3300 2590
3301 5047
3302 2591
3303 2742
3304 3661
3305 3431
3306 3661
3307 3686
3308 3791
3309 3706
3310 3731
3311 3436
3312 3889
3313 3985
3314 4091
3315 3948
3316 4460
3317 4038
3318 4038
3319 3602
3320 3661
3321 3706
3322 3667
3323 3661
3324 1997
3325 2785
3326 3671
3327 2806
3328 3758
3329 3193
3330 2742
3331 2742
3332 2591
3333 5047
3334 2742
3335 3431
3336 2783
3337 2826
3338 3540
3339 5047
3340 5047
3341 2742
3342 3453
3343 2742
3344 2742
3345 2742
3346 2742
3347 2591
3348 2500
3349 2500
3350 2500
3351 3431
3352 3294
3353 3147
3354 3237
3355 3029
3356 3221
3357 3429
3358 2742
3359 3552
3360 4378
3361 5047
3362 5047
3363 3147
3364 3441
3365 3923
3366 3728
3367 3432
3368 333
3369 334
3370 1991
3371 3193
3372 1474
3373 3664
3374 2727
3375 2928
3376 3604
3377 5047
3378 5047
3379 5047
3380 5047
3381 4378
3382 4130
3383 2931
3384 3602
3385 3936
3386 2927
3387 3794
3388 4400
3389 4398
3390 1298
3391 4094
3392 4450
3393 1912
3394 3431
3395 3256
3396 1065
3397 3967
3398 3596
3399 4349
3400 3221
3401 3681
3402 2786
3403 4466
3404 3100
3405 336
3406 3661
3407 4288
3408 3531
3409 3075
3410 3760
3411 4378
3412 4378
3413 4517
3414 4378
3415 3432
3416 3740
3417 3709
3418 3985
3419 3887
3420 4255
3421 3953
3422 4416
3423 4416
3424 4158
3425 4076
3426 4479
3427 4438
3428 4343
3429 3992
3430 3711
3431 3707
3432 3772
3433 4117
3434 4406
3435 4255
3436 3943
3437 3941
3438 4059
3439 3998
3440 4397
3441 3887
3442 3822
3443 3896
3444 3715
3445 4187
3446 4061
3447 3935
3448 3219
3449 1879
3450 1067
3451 3404
3452 2929
3453 2930
3454 3553
3455 3686
3456 3962
3457 4273
3458 3986
3459 4387
3460 4091
3461 4469
3462 3970
3463 3730
3464 3706
3465 4058
3466 3898
3467 3716
3468 3075
3469 2770
3470 4466
3471 4378
3472 3694
3473 4514
3474 1825
3475 3075
3476 2884
3477 3553
3478 3667
3479 4040
3480 3824
3481 4040
3482 4416
3483 3712
3484 3941
3485 3789
3486 336
3487 4055
3488 3134
3489 3685
3490 4517
3491 4547
3492 2931
3493 4061
3494 440
3495 4060
3496 339
3497 339
3498 4254
3499 4397
3500 3994
3501 4429
3502 4089
3503 4428
3504 4519
3505 3193
3506 2733
3507 2808
3508 3075
3509 1996
3510 3283
3511 4119
3512 4044
3513 4116
3514 4089
3515 4090
3516 1849
3517 2927
3518 2891
3519 3075
3520 3735
3521 3645
3522 3763
3523 3750
3524 4091
3525 3645
3526 3193
3527 3791
3528 3431
3529 3661
3530 4415
3531 3811
3532 3133
3533 3686
3534 3441
3535 4066
3536 4448
3537 3774
3538 2928
3539 3824
3540 2490
3541 3272
3542 1193
3543 4491
3544 2419
3545 2180
3546 4387
3547 4416
3548 3824
3549 1065
3550 1873
3551 4449
3552 3431
3553 4378
3554 3481
3555 3749
3556 3758
3557 3935
3558 2960
3559 4597
3560 4563
3561 4514
3562 4358
3563 1575
3564 2825
3565 3229
3566 4495
3567 3965
3568 2929
3569 3323
3570 1580
3571 4402
3572 4473
3573 4440
3574 4034
3575 3826
3576 4035
3577 3827
3578 4475
3579 4464
3580 4431
3581 4328
3582 4328
3583 4173
3584 1054
3585 1054
3586 1054
3587 1054
3588 1054
3589 1054
3590 1054
3591 4439
3592 4076
3593 4479
3594 3826
3595 4440
3596 3429
3597 2061
3598 4566
3599 4263
3600 4539
3601 4212
3602 4578
3603 4476
3604 5095
3605 5095
3606 5095
3607 4268
3608 3831
3609 4328
3610 4328
3611 4328
3612 4328
3613 4328
3614 4328
3615 4266
3616 4260
3617 4534
3618 4465
3619 4536
3620 4311
3621 4475
3622 5095
3623 4478
3624 4548
3625 4489
3626 4479
3627 3826
3628 4026
3629 3826
3630 4439
3631 4438
3632 4536
3633 4536
3634 4432
3635 4328
3636 4328
3637 4328
3638 4328
3639 4328
3640 4194
3641 4328
3642 4328
3643 4328
3644 4328
3645 4194
3646 5091
3647 4264
3648 4484
3649 3828
3650 4524
3651 2808
3652 4179
3653 4459
3654 4466
3655 3604
3656 3791
3657 3604
3658 3571
3659 4378
3660 4358
3661 4473
3662 4158
3663 4158
3664 4440
3665 4158
3666 4034
3667 4473
3668 4438
3669 4439
3670 3991
3671 4357
3672 3825
3673 4260
3674 4536
3675 4358
3676 3936
3677 3817
3678 4213
3679 4476
3680 4478
3681 4477
3682 4488
3683 4438
3684 4357
3685 4438
3686 4060
3687 4188
3688 4416
3689 2960
3690 3756
3691 3728
3692 3646
3693 3434
3694 4349
3695 4214
3696 4240
3697 4288
3698 3885
3699 2929
3700 3646
3701 1825
3702 3677
3703 3071
3704 4028
3705 4566
3706 4238
3707 4479
3708 3743
3709 3221
3710 2726
3711 3477
3712 3134
3713 3734
3714 3445
3715 1632
3716 4268
3717 4489
3718 4268
3719 4214
3720 4187
3721 3002
3722 5116
3723 2928
3724 3687
3725 3731
3726 1580
3727 1981
3728 3936
3729 4034
3730 4034
3731 4440
3732 4473
3733 4034
3734 3826
3735 4026
3736 4214
3737 4240
3738 5095
3739 4476
3740 3075
3741 2825
3742 2825
3743 4530
3744 3971
3745 4476
3746 4489
3747 4439
3748 3826
3749 4489
3750 3826
3751 4439
3752 4357
3753 2931
3754 3760
3755 2931
3756 3760
3757 3590
3758 3706
3759 3538
3760 4488
3761 5095
3762 5095
3763 4475
3764 4260
3765 4566
3766 1998
3767 4036
3768 4066
3769 4026
3770 4477
3771 4036
3772 4478
3773 4475
3774 4476
3775 4091
3776 3861
3777 4494
3778 4450
3779 3996
3780 2928
3781 4475
3782 4475
3783 4477
3784 4489
3785 4434
3786 4489
3787 3749
3788 3984
3789 3882
3790 3936
3791 3381
3792 3973
3793 2942
3794 4434
3795 3966
3796 4076
3797 4479
3798 3826
3799 3193
3800 2806
3801 3758
3802 3229
3803 3429
3804 3476
3805 3897
3806 3604
3807 3540
3808 4038
3809 3824
3810 4478
3811 4488
3812 1118
3813 3480
3814 4358
3815 4236
3816 4307
3817 4328
3818 1783
3819 3731
3820 3133
3821 4358
3822 4026
3823 2929
3824 2788
3825 1958
3826 4038
3827 1991
3828 3599
3829 3828
3830 4187
3831 3075
3832 1825
3833 3992
3834 3857
3835 3857
3836 3134
3837 3805
3838 3431
3839 3756
3840 2931
3841 3593
3842 3733
3843 3756
3844 3730
3845 1849
3846 3193
3847 4499
3848 4465
3849 4260
3850 4533
3851 4534
3852 4260
3853 4260
3854 4260
3855 4482
3856 3833
3857 4192
3858 4328
3859 4328
3860 4328
3861 4328
3862 4328
3863 4328
3864 3828
3865 4277
3866 5060
3867 4328
3868 4328
3869 4328
3870 4328
3871 4328
3872 4328
3873 4328
3874 4328
3875 4328
3876 4312
3877 4280
3878 4213
3879 4035
3880 4488
3881 4488
3882 4488
3883 4488
3884 4478
3885 4477
3886 4434
3887 4489
3888 4489
3889 4476
3890 4300
3891 4533
3892 2808
3893 3758
3894 3346
3895 3026
3896 4055
3897 3897
3898 3227
3899 434
3900 5049
3901 4028
3902 4343
3903 4439
3904 3002
3905 3251
3906 4523
3907 4453
3908 2806
3909 3941
3910 4034
3911 3826
3912 4489
3913 3728
3914 5119
3915 5121
3916 3698
3917 3984
3918 4213
3919 4213
3920 4312
3921 1998
3922 3646
3923 3133
3924 5121
3925 4494
3926 3436
3927 1193
3928 1118
3929 4477
3930 2806
3931 4530
3932 4518
3933 4607
3934 5118
3935 2726
3936 1998
3937 3936
3938 5095
3939 4439
3940 4034
3941 3686
3942 4268
3943 4268
3944 5121
3945 4597
3946 5122
3947 4179
3948 4518
3949 5121
3950 4499
3951 5121
3952 4570
3953 4495
3954 4541
3955 4653
3956 4267
3957 4328
3958 4469
3959 4416
3960 3857
3961 4034
3962 3343
3963 4469
3964 3991
3965 3599
3966 4536
3967 4074
3968 4311
3969 3002
3970 4520
3971 4601
3972 4677
3973 4494
3974 4489
3975 4026
3976 4034
3977 3476
3978 4560
3979 4519
3980 4598
3981 4499
3982 3794
3983 4597
3984 4127
3985 4563
3986 3839
3987 4489
3988 3705
3989 3773
3990 4402
3991 4489
3992 3604
3993 4423
3994 3144
3995 2806
3996 3994
3997 3599
3998 3986
3999 4533
4000 4534
4001 4260
4002 3791
4003 2929
4004 2928
4005 2931
4006 4446
4007 4328
4008 4563
4009 4328
4010 4328
4011 4265
4012 4328
4013 3832
4014 4265
4015 4352
4016 4320
4017 4055
4018 4494
4019 4494
4020 4570
4021 4495
4022 4675
4023 4711
4024 4900
4025 4900
4026 1206
4027 4512
4028 4545
4029 4416
4030 3817
4031 4055
4032 4076
4033 3591
4034 4173
4035 1054
4036 1054
4037 1054
4038 4328
4039 4328
4040 4328
4041 4328
4042 4328
4043 4328
4044 4328
4045 4328
4046 4328
4047 4328
4048 4328
4049 4328
4050 4328
4051 4173
4052 4173
4053 4173
4054 4173
4055 4328
4056 4328
4057 4328
4058 4328
4059 4328
4060 4328
4061 4328
4062 4173
4063 4173
4064 4173
4065 4173
4066 1054
4067 1054
4068 1054
4069 1054
4070 1054
4071 1054
4072 1054
4073 4173
4074 4173
4075 4173
4076 4173
4077 4173
4078 4173
4079 4328
4080 4328
4081 4328
4082 4328
4083 4328
4084 4328
4085 4328
4086 4328
4087 4328
4088 4328
4089 4328
4090 4477
4091 1825
4092 4357
4093 4438
4094 4030
4095 4277
4096 4328
4097 4328
4098 4173
4099 4173
4100 4173
4101 1054
4102 4173
4103 1054
4104 1054
4105 1054
4106 1054
4107 4173
4108 4328
4109 4328
4110 4328
4111 4506
4112 4493
4113 3707
4114 3773
4115 3075
4116 5121
4117 4435
4118 4328
4119 4173
4120 4173
4121 4173
4122 4173
4123 4173
4124 1054
4125 1054
4126 1054
4127 1054
4128 4173
4129 4173
4130 3404
4131 2932
4132 3344
4133 3476
4134 4473
4135 4440
4136 4494
4137 4358
4138 4036
4139 4474
4140 3828
4141 3828
4142 4173
4143 4173
4144 4173
4145 4173
4146 1054
4147 4173
4148 4173
4149 4173
4150 4173
4151 1054
4152 1054
4153 1054
4154 1054
4155 4173
4156 1054
4157 4328
4158 2932
4159 3756
4160 4340
4161 4074
4162 3926
4163 3715
4164 4034
4165 4479
4166 3826
4167 3884
4168 3476
4169 3687
4170 4074
4171 4187
4172 3889
4173 1054
4174 1054
4175 3250
4176 3687
4177 3821
4178 2928
4179 3824
4180 3887
4181 4173
4182 4601
4183 3435
4184 3193
4185 4557
4186 4328
4187 4520
4188 4605
4189 2929
4190 3437
4191 4342
4192 3825
4193 4534
4194 4212
4195 5060
4196 3250
4197 4328
4198 4255
4199 3930
4200 3861
4201 3889
4202 3821
4203 3826
4204 3429
4205 3343
4206 2733
4207 4038
4208 4440
4209 4403
4210 4028
4211 4358
4212 3346
4213 4495
4214 4569
4215 1777
4216 3645
4217 1777
4218 1772
4219 4465
4220 4307
4221 4278
4222 4277
4223 3344
4224 3429
4225 3962
4226 3962
4227 4496
4228 4570
4229 3193
4230 4494
4231 3748
4232 4127
4233 4478
4234 1054
4235 1054
4236 1054
4237 4452
4238 4495
4239 1825
4240 4340
4241 3800
4242 4597
4243 4358
4244 3344
4245 4438
4246 3794
4247 1054
4248 3756
4249 3344
4250 3826
4251 3794
4252 3773
4253 4440
4254 4440
4255 3953
4256 4320
4257 3927
4258 3002
4259 2925
4260 3219
4261 3480
4262 3646
4263 3647
4264 3604
4265 4597
4266 4438
4267 4439
4268 4473
4269 3992
4270 4358
4271 2808
4272 3476
4273 4001
4274 3826
4275 5095
4276 4278
4277 5060
4278 4475
4279 2808
4280 3221
4281 4440
4282 2808
4283 4570
4284 4570
4285 4440
4286 4328
4287 4173
4288 3156
4289 3931
4290 4570
4291 4495
4292 3346
4293 5095
4294 4410
4295 4598
4296 4434
4297 4034
4298 4473
4299 4034
4300 3829
4301 4187
4302 3750
4303 4255
4304 3974
4305 4127
4306 3730
4307 3750
4308 3918
4309 4342
4310 4533
4311 3476
4312 3441
4313 4488
4314 4473
4315 4473
4316 4434
4317 3821
4318 4475
4319 1054
4320 1054
4321 4173
4322 4320
4323 4065
4324 3221
4325 4122
4326 3828
4327 4312
4328 4328
4329 4307
4330 4311
4331 4525
4332 3758
4333 3994
4334 3749
4335 4370
4336 3857
4337 4410
4338 4525
4339 4742
4340 4711
4341 4495
4342 4564
4343 4712
4344 1205
4345 1205
4346 4706
4347 4911
4348 4897
4349 4887
4350 4792
4351 4864
4352 4865
4353 4901
4354 4930
4355 4817
4356 3144
4357 3715
4358 4277
4359 4515
4360 4495
4361 4035
4362 4173
4363 4173
4364 4720
4365 3985
4366 3985
4367 4475
4368 4482
4369 4486
4370 1054
4371 4605
4372 3599
4373 3973
4374 1054
4375 1054
4376 4173
4377 4173
4378 5123
4379 4328
4380 4328
4381 4328
4382 4328
4383 1054
4384 1054
4385 1054
4386 1054
4387 4528
4388 4311
4389 4196
4390 4328
4391 4226
4392 4328
4393 4328
4394 4328
4395 4495
4396 4675
4397 4512
4398 4495
4399 4495
4400 4570
4401 4512
4402 4711
4403 4815
4404 4753
4405 4824
4406 4782
4407 4647
4408 4646
4409 4557
4410 4555
4411 4675
4412 4675
4413 4522
4414 4522
4415 4495
4416 4658
4417 4564
4418 4173
4419 4675
4420 4660
4421 4495
4422 4173
4423 1054
4424 4616
4425 4712
4426 4328
4427 4328
4428 4328
4429 1054
4430 4173
4431 4173
4432 4173
4433 4173
4434 4173
4435 4173
4436 4173
4437 4328
4438 4512
4439 1202
4440 4614
4441 4173
4442 4509
4443 4555
4444 4644
4445 4720
4446 4328
4447 4328
4448 4669
4449 4848
4450 4458
4451 4646
4452 4675
4453 1202
4454 4612
4455 4768
4456 4720
4457 4557
4458 4522
4459 4173
4460 4720
4461 4848
4462 4458
4463 4841
4464 4897
4465 4887
4466 4611
4467 4555
4468 4644
4469 4754
4470 4328
4471 4511
4472 4555
4473 4328
4474 4328
4475 4173
4476 4173
4477 4173
4478 4173
4479 4173
4480 4173
4481 4328
4482 4328
4483 4328
4484 4328
4485 4328
4486 4328
4487 4816
4488 4707
4489 4706
4490 4173
4491 4328
4492 1205
4493 4900
4494 1205
4495 4612
4496 4712
4497 1205
4498 4616
4499 4608
4500 4660
4501 4706
4502 1202
4503 4522
4504 4611
4505 4669
4506 4666
4507 4678
4508 1206
4509 4678
4510 4714
4511 4886
4512 5146
4513 4701
4514 4661
4515 5146
4516 4707
4517 4647
4518 4622
4519 4628
4520 4708
4521 4714
4522 1202
4523 4768
4524 4458
4525 4458
4526 4458
4527 4711
4528 4887
4529 4910
4530 4700
4531 4908
4532 4817
4533 4893
4534 4901
4535 4895
4536 4735
4537 4832
4538 4863
4539 4771
4540 4737
4541 4738
4542 4639
4543 4738
4544 5145
4545 5145
4546 4737
4547 4737
4548 3270
4549 3913
4550 4143
4551 5057
4552 5057
4553 5057
4554 3136
4555 3136
4556 5057
4557 3136
4558 5057
4559 5057
4560 5057
4561 5057
4562 5057
4563 3347
4564 3347
4565 5057
4566 5057
4567 3347
4568 4909
4569 4844
4570 4819
4571 4817
4572 4893
4573 4806
4574 4907
4575 4843
4576 4782
4577 5139
4578 4921
4579 4701
4580 4678
4581 4621
4582 4714
4583 4830
4584 4817
4585 4699
4586 4897
4587 4809
4588 4910
4589 4919
4590 4838
4591 4915
4592 4683
4593 4920
4594 4626
4595 4705
4596 4457
4597 4887
4598 4897
4599 4812
4600 4862
4601 4782
4602 4910
4603 4909
4604 4620
4605 4622
4606 4887
4607 1206
4608 5146
4609 4627
4610 4920
4611 4920
4612 4884
4613 5139
4614 5146
4615 4831
4616 4698
4617 4775
4618 4863
4619 4771
4620 5145
4621 4737
4622 4737
4623 3502
4624 3270
4625 3502
4626 3913
4627 3977
4628 3977
4629 3347
4630 3977
4631 3347
4632 5057
4633 3494
4634 3913
4635 3270
4636 3494
4637 3502
4638 3502
4639 4737
4640 4737
4641 5145
4642 4832
4643 4700
4644 4792
4645 4625
4646 4841
4647 3270
4648 4831
4649 4910
4650 4700
4651 4884
4652 4845
4653 5138
4654 4843
4655 4830
4656 4806
4657 4803
4658 4915
4659 4897
4660 4887
4661 4841
4662 4841
4663 5138
4664 4901
4665 4626
4666 4865
4667 4865
4668 4775
4669 4743
4670 4929
4671 4798
4672 4902
4673 4782
4674 5057
4675 5057
4676 5057
4677 5057
4678 3136
4679 4405
4680 3137
4681 4143
4682 5057
4683 5057
4684 3136
4685 5057
4686 3977
4687 2841
4688 3270
4689 3977
4690 5057
4691 5057
4692 5057
4693 5057
4694 3347
4695 3977
4696 3270
4697 4887
4698 4627
4699 5057
4700 5057
4701 5057
4702 5057
4703 5057
4704 5057
4705 3270
4706 4880
4707 4774
4708 5057
4709 5057
4710 5057
4711 5057
4712 5057
4713 4803
4714 4909
4715 4860
4716 5057
4717 5057
4718 5057
4719 5057
4720 5057
4721 5057
4722 5057
4723 4791
4724 4625
4725 4719
4726 4900
4727 4709
4728 5057
4729 5057
4730 4817
4731 4639
4732 5057
4733 4830
4734 4880
4735 4698
4736 3347
4737 4806
4738 5057
4739 3136
4740 5057
4741 3977
4742 2841
4743 3270
4744 3270
4745 4010
4746 3913
4747 4626
4748 3977
4749 5057
4750 4803
4751 4776
4752 4854
4753 4933
4754 5057
4755 5057
4756 5057
4757 4775
4758 4774
4759 4831
4760 5057
4761 4832
4762 4798
4763 5057
4764 4798
4765 4803
4766 4832
4767 4795
4768 4738
4769 4625
4770 4783
4771 5057
4772 3347
4773 3977
4774 5057
4775 3494
4776 3494
4777 4901
4778 4832
4779 3347
4780 3977
4781 4838
4782 4774
4783 5145
4784 3347
4785 4907
4786 4771
4787 5057
4788 3270
4789 3502
4790 3502
4791 4737
4792 4905
4793 4771
4794 4639
4795 4743
4796 4700
4797 4907
4798 4738
4799 4831
4800 4907
4801 4628
4802 4921
4803 3270
4804 3502
4805 4737
4806 4737
4807 5145
4808 5145
4809 4737
4810 5057
4811 4909
4812 3270
4813 3270
4814 3270
4815 3270
4816 4859
4817 4893
4818 4893
4819 4405
4820 5057
4821 3136
4822 3136
4823 4798
4824 4737
4825 4737
4826 3270
4827 3270
4828 3270
4829 3494
4830 3913
4831 4774
4832 3270
4833 3502
4834 3502
4835 3502
4836 5057
4837 5057
4838 4913
4839 4738
4840 4796
4841 4905
4842 4905
4843 4832
4844 5057
4845 3502
4846 4737
4847 5057
4848 3137
4849 4737
4850 4737
4851 4737
4852 4737
4853 5057
4854 4933
4855 4838
4856 4893
4857 3347
4858 3913
4859 3913
4860 3494
4861 3494
4862 3913
4863 3913
4864 4010
4865 3913
4866 4011
4867 4010
4868 4738
4869 3137
4870 3502
4871 3270
4872 3270
4873 3270
4874 3494
4875 4817
4876 4838
4877 4796
4878 4796
4879 4737
4880 4737
4881 4737
4882 5145
4883 4893
4884 4930
4885 4832
4886 5057
4887 4143
4888 4405
4889 2690
4890 3975
4891 3913
4892 3913
4893 3137
4894 3977
4895 3270
4896 4831
4897 4737
4898 5057
4899 3137
4900 3913
4901 3913
4902 3502
4903 4737
4904 5057
4905 4737
4906 4747
4907 4775
4908 4889
4909 4803
4910 4929
4911 3270
4912 3270
4913 3137
4914 3494
4915 3270
4916 3494
4917 3913
4918 4010
4919 4010
4920 3270
4921 4735
4922 4895
4923 3270
4924 3913
4925 4737
4926 4817
4927 4774
4928 3913
4929 3270
4930 4010
4931 3270
4932 5057
4933 4405
4934 4405
4935 3137
4936 4738
4937 4737
4938 3270
4939 4737
4940 4929
4941 4855
4942 4860
4943 4735
4944 4832
4945 4865
4946 4860
4947 3913
4948 3913
4949 3502
4950 3270
4951 3270
4952 3270
4953 4738
4954 4832
4955 4901
4956 3270
4957 4743
4958 3270
4959 3270
4960 3270
4961 4737
4962 5145
4963 4771
4964 4737
4965 4735
4966 4738
4967 4738
4968 4743
4969 3494
4970 4738
4971 3913
4972 3270
4973 3270
4974 3270
4975 3913
4976 3270
4977 4737
4978 3270
4979 3494
4980 3270
4981 3270
4982 3270
4983 3270
4984 4010
4985 3270
4986 3270
4987 3270
4988 3270
4989 3270
4990 158
4991 75
4992 1165
4993 1165
4994 1165
4995 1165
4996 1165
4997 1165
4998 1165
4999 1165
5000 1165
5001 1165
5002 3340
5003 3340
5004 158
5005 158
5006 158
5007 158
5008 158
5009 680
5010 683
5011 869
5012 5190
5013 5190
5014 5171
5015 5171
5016 680
5017 2487
5018 2487
5019 869
5020 5155
5021 638
5022 2487
5023 5171
5024 5186
5025 545
5026 4961
5027 2487
5028 2487
5029 869
5030 869
5031 869
5032 869
5033 737
5034 2487
5035 5186
5036 638
5037 638
5038 638
5039 638
5040 733
5041 733
5042 680
5043 737
5044 5155
5045 5155
5046 638
5047 454
5048 869
5049 454
5050 5190
5051 2487
5052 2487
5053 2487
5054 638
5055 638
5056 638
5057 684
5058 683
5059 716
5060 5190
5061 5040
5062 5171
5063 869
5064 869
5065 454
5066 5171
5067 723
5068 736
5069 1344
5070 1470
5071 1521
5072 182
5073 1507
5074 1470
5075 1374
5076 1374
5077 1194
5078 1417
5079 485
5080 1588
5081 2038
5082 5044
5083 5044
5084 5044
5085 5044
5086 5044
5087 2878
5088 2857
5089 2924
5090 1692
5091 3101
5092 3160
5093 2118
5094 3102
5095 2855
5096 2596
5097 4467
5098 4328
5099 4173
5100 1054
5101 4328
5102 4328
5103 4328
5104 4328
5105 4328
5106 4173
5107 4328
5108 4539
5109 4328
5110 4482
5111 5091
5112 5090
5113 4482
5114 4482
5115 4228
5116 4195
5117 4194
5118 4328
5119 4328
5120 4328
5121 4328
5122 4328
5123 4328
5124 4328
5125 4260
5126 4173
5127 1054
5128 1054
5129 4328
5130 4265
5131 5091
5132 4173
5133 4328
5134 4328
5135 4173
5136 4173
5137 4173
5138 4195
5139 4328
5140 4328
5141 4173
5142 4545
5143 4494
5144 4494
5145 4569
5146 4492
5147 4494
5148 4570
5149 4570
5150 4570
5151 1054
5152 3975
5153 5057
5154 5057
5155 5057
5156 3136
5157 4738
5158 5057
5159 5057
5160 4896
5161 3347
5162 4737
5163 4737
5164 3347
5165 3136
5166 5057
5167 5057
5168 4708
5169 5057
5170 5057
5171 5057
5172 3137
5173 638
5174 712
5175 638
5176 3118
5177 3021
5178 1695
5179 2477
5180 2477
5181 1689
5182 1694
5183 3111
5184 3274
5185 3160
5186 1695
5187 1695
5188 3274
5189 1694
5190 3161
5191 1696
5192 3111
5193 1841
5194 2855
5195 1685
5196 3274
5197 3021
5198 2118
