0 2029
1 3352
2 3352
3 4884
4 4884
5 4884
6 4884
7 3229
8 2343
9 1737
10 2575
11 1850
12 1850
13 2575
14 3134
15 2343
16 3352
17 2029
18 2324
19 1785
20 3352
21 4884
22 3229
23 1199
24 2575
25 2575
26 3480
27 1199
28 3229
29 3229
30 1850
31 1850
32 4884
33 4884
34 4884
35 1850
36 3229
37 4884
38 4884
39 3352
40 1785
41 1785
42 4620
43 4596
44 4596
45 1785
46 3352
47 2029
48 1793
49 2856
50 2628
51 4884
52 1850
53 3480
54 3480
55 1785
56 2324
57 2370
58 3352
59 1850
60 1850
61 3352
62 2330
63 3203
64 2091
65 3203
66 3203
67 3203
68 3203
69 3203
70 3203
71 3203
72 3203
73 3203
74 3203
75 3203
76 3203
77 3203
78 3203
79 3203
80 3203
81 3203
82 2628
83 3203
84 3203
85 3203
86 3203
87 3203
88 3203
89 3203
90 2628
91 3203
92 2628
93 1793
94 2628
95 2628
96 2324
97 3352
98 1850
99 2575
100 2029
101 3352
102 2856
103 2324
104 4884
105 3229
106 1785
107 2856
108 3203
109 3203
110 2091
111 3203
112 2628
113 3203
114 2091
115 2091
116 3203
117 3203
118 3203
119 2856
120 3203
121 3203
122 3203
123 3203
124 3203
125 3203
126 3203
127 2628
128 3203
129 1667
130 2575
131 2575
132 2735
133 1667
134 1667
135 1353
136 1667
137 1667
138 1667
139 1667
140 2575
141 2575
142 3229
143 2575
144 3229
145 2490
146 2575
147 2575
148 2575
149 2575
150 1199
151 2575
152 3480
153 2575
154 2575
155 1199
156 1667
157 1667
158 1353
159 1353
160 2122
161 1667
162 1667
163 1667
164 2122
165 2122
166 1465
167 1465
168 2122
169 1353
170 1667
171 1737
172 3949
173 2575
174 2575
175 2575
176 3949
177 3949
178 2735
179 3364
180 2735
181 1667
182 1667
183 1667
184 1667
185 1667
186 3785
187 3222
188 3785
189 3222
190 3222
191 3785
192 3785
193 3408
194 3785
195 5192
196 5192
197 2485
198 5086
199 2485
200 2485
201 2485
202 2199
203 2199
204 2199
205 2199
206 1109
207 1115
208 1115
209 1115
210 1115
211 2199
212 1109
213 2191
214 4354
215 2191
216 2485
217 2485
218 2485
219 2485
220 2199
221 2191
222 4354
223 1595
224 3222
225 4288
226 3408
227 4229
228 1595
229 4288
230 2055
231 1115
232 1115
233 1595
234 1595
235 1115
236 1115
237 1115
238 2154
239 1595
240 2154
241 1170
242 1595
243 2055
244 2154
245 1595
246 2154
247 2055
248 1595
249 2485
250 5192
251 2199
252 2199
253 4354
254 2199
255 1109
256 1115
257 1115
258 1115
259 1115
260 1115
261 3408
262 1595
263 1595
264 1595
265 1595
266 1595
267 1595
268 1595
269 2485
270 2485
271 2485
272 5086
273 5050
274 5086
275 5086
276 5050
277 5050
278 5086
279 5086
280 5086
281 1316
282 5086
283 327
284 1316
285 5050
286 2485
287 2485
288 5050
289 1316
290 1435
291 1435
292 1435
293 1435
294 1435
295 1435
296 1435
297 1803
298 1803
299 1803
300 1803
301 1803
302 5050
303 1435
304 1435
305 1435
306 1435
307 5086
308 1316
309 5086
310 5086
311 1316
312 5086
313 4492
314 4492
315 4384
316 2589
317 1316
318 1316
319 5086
320 4096
321 4096
322 2565
323 4096
324 4096
325 3222
326 3222
327 4265
328 3222
329 3785
330 3222
331 4265
332 4265
333 1269
334 3785
335 3785
336 1595
337 3222
338 3785
339 4096
340 4096
341 4096
342 2670
343 2670
344 2589
345 2565
346 4229
347 4096
348 4096
349 2565
350 4096
351 4229
352 4229
353 1269
354 3222
355 1269
356 1269
357 1269
358 1269
359 1269
360 1269
361 1269
362 1269
363 4229
364 3408
365 3222
366 3222
367 3785
368 3222
369 2154
370 1595
371 2154
372 3785
373 1595
374 3785
375 1595
376 2154
377 2154
378 2154
379 1903
380 1903
381 3103
382 2678
383 2678
384 2162
385 3103
386 822
387 886
388 886
389 2154
390 2162
391 2154
392 2154
393 2154
394 2162
395 2162
396 907
397 2829
398 1651
399 907
400 907
401 822
402 886
403 886
404 2678
405 2162
406 4206
407 4206
408 1746
409 4206
410 2162
411 783
412 2162
413 2678
414 2154
415 2154
416 2154
417 2154
418 2154
419 2154
420 2154
421 692
422 907
423 886
424 822
425 3053
426 792
427 192
428 768
429 227
430 100
431 792
432 192
433 227
434 768
435 468
436 907
437 2829
438 3053
439 3785
440 3785
441 1595
442 1595
443 1595
444 4265
445 2154
446 2678
447 2154
448 2162
449 2154
450 2678
451 2678
452 2678
453 3828
454 3828
455 4369
456 4369
457 4369
458 4265
459 1746
460 886
461 886
462 886
463 1548
464 1548
465 2548
466 92
467 334
468 375
469 3053
470 801
471 768
472 375
473 768
474 192
475 227
476 100
477 792
478 768
479 3053
480 2829
481 886
482 3053
483 3053
484 907
485 3053
486 3053
487 3103
488 2829
489 3053
490 3053
491 3053
492 3053
493 162
494 256
495 256
496 386
497 386
498 4296
499 170
500 170
501 525
502 4296
503 525
504 4296
505 4708
506 4708
507 4708
508 4708
509 386
510 386
511 4047
512 4708
513 4296
514 3089
515 3089
516 3089
517 3978
518 4047
519 1240
520 4047
521 4674
522 4047
523 4047
524 4047
525 4047
526 4674
527 4047
528 4047
529 4674
530 4047
531 4708
532 4674
533 4708
534 4296
535 4296
536 4708
537 4674
538 4708
539 4047
540 1240
541 1240
542 4047
543 4708
544 4296
545 4296
546 4296
547 4296
548 4296
549 4296
550 4296
551 4708
552 4708
553 1240
554 1240
555 4125
556 4125
557 4125
558 4125
559 4125
560 4125
561 4125
562 4125
563 3908
564 4125
565 4125
566 3570
567 1240
568 4047
569 4684
570 4684
571 4047
572 1240
573 4684
574 3908
575 4125
576 3908
577 3570
578 4125
579 4308
580 4047
581 3868
582 3570
583 3570
584 3868
585 3868
586 3686
587 3570
588 3570
589 3686
590 3686
591 3570
592 3570
593 3868
594 4125
595 3908
596 1240
597 3908
598 1240
599 3908
600 4125
601 3908
602 3570
603 3570
604 4125
605 3570
606 3570
607 3570
608 3570
609 3570
610 3868
611 3570
612 3868
613 3570
614 3570
615 3570
616 3570
617 3570
618 256
619 4160
620 3089
621 4286
622 4160
623 3089
624 3172
625 3686
626 3990
627 4160
628 4160
629 3570
630 3868
631 3570
632 3570
633 3570
634 3570
635 3570
636 1240
637 1240
638 4125
639 1240
640 4047
641 1240
642 4047
643 4047
644 4047
645 4047
646 4047
647 4047
648 4047
649 4047
650 1240
651 4047
652 4047
653 4674
654 1240
655 4047
656 4047
657 4047
658 4047
659 1240
660 3908
661 1240
662 1240
663 4125
664 4125
665 4125
666 1240
667 3908
668 4047
669 4125
670 3908
671 4125
672 4125
673 4047
674 4047
675 4674
676 4674
677 4674
678 4296
679 4296
680 4296
681 4674
682 4047
683 4674
684 4047
685 4674
686 4047
687 4047
688 1240
689 4047
690 4047
691 4047
692 4047
693 4125
694 1240
695 4125
696 1240
697 4047
698 4047
699 4125
700 4125
701 4125
702 4125
703 3570
704 4125
705 4318
706 3070
707 3868
708 3868
709 3868
710 3868
711 3570
712 3570
713 3570
714 3570
715 3570
716 3570
717 4125
718 4125
719 4125
720 4125
721 4125
722 3570
723 1240
724 3908
725 3908
726 4047
727 4047
728 4047
729 4674
730 4296
731 4296
732 4674
733 4047
734 4047
735 4047
736 4047
737 4318
738 3908
739 854
740 3686
741 3686
742 4125
743 3686
744 3686
745 3990
746 3990
747 4047
748 4318
749 3908
750 3908
751 3686
752 3686
753 3868
754 3868
755 3570
756 4125
757 3686
758 3686
759 3686
760 3686
761 3686
762 3686
763 2717
764 4285
765 2717
766 4285
767 3089
768 3089
769 4711
770 386
771 168
772 168
773 386
774 168
775 4296
776 256
777 386
778 4296
779 168
780 4296
781 4791
782 4374
783 4296
784 4708
785 4708
786 4708
787 4285
788 3978
789 3089
790 4070
791 4115
792 995
793 3697
794 4256
795 3089
796 2456
797 2456
798 4026
799 4345
800 4345
801 2129
802 2129
803 1574
804 1574
805 1574
806 3585
807 1574
808 1574
809 1574
810 1574
811 1574
812 1574
813 1574
814 1574
815 1574
816 2129
817 2129
818 2129
819 2456
820 1574
821 1574
822 1574
823 2129
824 2129
825 1574
826 1574
827 5141
828 3261
829 3044
830 3044
831 3044
832 3044
833 3044
834 3044
835 3044
836 3044
837 3044
838 3044
839 3044
840 3044
841 3044
842 3044
843 3044
844 3273
845 3044
846 3044
847 3044
848 3044
849 2328
850 2328
851 3273
852 3273
853 3044
854 3044
855 3273
856 3044
857 3044
858 3044
859 3273
860 3273
861 3273
862 3273
863 3628
864 3261
865 3261
866 5129
867 1539
868 3044
869 3044
870 1539
871 2328
872 987
873 1539
874 2328
875 3044
876 3044
877 3044
878 2328
879 3044
880 2328
881 3044
882 3044
883 2328
884 3044
885 2328
886 1539
887 987
888 987
889 3044
890 3044
891 3044
892 3044
893 3044
894 3044
895 3044
896 3044
897 2328
898 987
899 987
900 987
901 987
902 3203
903 3203
904 3203
905 3203
906 3203
907 3203
908 3203
909 3203
910 3203
911 3203
912 3203
913 3203
914 3203
915 3203
916 3203
917 3203
918 3203
919 3203
920 2628
921 2628
922 2091
923 3203
924 3203
925 3203
926 3203
927 2091
928 2628
929 4601
930 2628
931 2628
932 1737
933 1667
934 1667
935 1667
936 1353
937 1353
938 1465
939 1353
940 1353
941 1353
942 1667
943 1465
944 1353
945 1667
946 1667
947 1667
948 1667
949 1353
950 1667
951 1667
952 1353
953 1353
954 1667
955 1737
956 3949
957 1737
958 1737
959 3949
960 1667
961 3949
962 2575
963 2575
964 2343
965 3134
966 2575
967 2575
968 1199
969 3229
970 3480
971 2575
972 1199
973 2575
974 3949
975 3229
976 1353
977 2735
978 2122
979 1465
980 1465
981 1931
982 1465
983 1353
984 1465
985 1931
986 864
987 1931
988 4458
989 3248
990 864
991 2116
992 1712
993 1712
994 2116
995 2116
996 1931
997 1931
998 864
999 2116
1000 1931
1001 1931
1002 1465
1003 2122
1004 864
1005 864
1006 1931
1007 864
1008 1712
1009 1712
1010 1712
1011 1712
1012 1131
1013 1131
1014 749
1015 1219
1016 1131
1017 749
1018 749
1019 1219
1020 749
1021 1131
1022 1131
1023 1219
1024 1131
1025 1712
1026 1131
1027 1131
1028 1131
1029 1712
1030 1712
1031 864
1032 1931
1033 864
1034 1353
1035 1465
1036 1465
1037 1465
1038 864
1039 1712
1040 1131
1041 1131
1042 1219
1043 1131
1044 1712
1045 1219
1046 1131
1047 1131
1048 1712
1049 1131
1050 1131
1051 1131
1052 1219
1053 681
1054 2116
1055 2116
1056 864
1057 1931
1058 864
1059 864
1060 864
1061 1465
1062 1931
1063 2154
1064 2154
1065 2154
1066 2154
1067 3103
1068 886
1069 2154
1070 2154
1071 2154
1072 3103
1073 692
1074 2162
1075 1268
1076 3639
1077 3981
1078 2154
1079 2162
1080 2154
1081 3628
1082 5131
1083 1144
1084 4369
1085 5134
1086 1144
1087 3058
1088 2828
1089 4367
1090 4367
1091 4367
1092 4367
1093 3628
1094 3628
1095 3261
1096 5134
1097 4367
1098 5134
1099 5134
1100 5134
1101 4369
1102 2738
1103 3044
1104 4369
1105 2738
1106 3044
1107 3044
1108 3250
1109 3044
1110 1144
1111 3261
1112 2738
1113 2828
1114 3261
1115 1759
1116 3261
1117 4240
1118 3044
1119 3044
1120 3044
1121 3261
1122 3044
1123 3044
1124 3044
1125 2173
1126 2173
1127 1307
1128 1307
1129 1539
1130 1539
1131 2173
1132 3265
1133 3265
1134 3265
1135 1307
1136 3265
1137 1709
1138 1539
1139 3044
1140 1539
1141 3265
1142 1709
1143 3265
1144 3265
1145 3265
1146 1307
1147 801
1148 801
1149 1268
1150 1268
1151 4369
1152 4369
1153 3828
1154 2738
1155 2831
1156 4369
1157 2828
1158 3250
1159 4369
1160 3261
1161 2162
1162 2154
1163 3785
1164 2162
1165 3103
1166 2162
1167 3785
1168 3785
1169 4265
1170 4096
1171 4229
1172 4096
1173 4157
1174 1435
1175 1435
1176 1803
1177 1803
1178 1803
1179 1435
1180 1435
1181 1803
1182 1803
1183 1803
1184 1803
1185 1803
1186 1316
1187 1316
1188 4492
1189 4157
1190 1435
1191 1435
1192 1316
1193 327
1194 5192
1195 4288
1196 4229
1197 4229
1198 4265
1199 4265
1200 4265
1201 1269
1202 2943
1203 4265
1204 1595
1205 1709
1206 1269
1207 1595
1208 1170
1209 3265
1210 4096
1211 2565
1212 3408
1213 3785
1214 1435
1215 1435
1216 1435
1217 1435
1218 1803
1219 1803
1220 1803
1221 1803
1222 1803
1223 1803
1224 1435
1225 1803
1226 1803
1227 1803
1228 1803
1229 1803
1230 1803
1231 1773
1232 1773
1233 749
1234 749
1235 681
1236 1803
1237 749
1238 1803
1239 1803
1240 1803
1241 1773
1242 749
1243 1803
1244 749
1245 1773
1246 1803
1247 1803
1248 1803
1249 1773
1250 1803
1251 1803
1252 1803
1253 1803
1254 1803
1255 1803
1256 1803
1257 1803
1258 1316
1259 1435
1260 1435
1261 1803
1262 1803
1263 1435
1264 1435
1265 1435
1266 1316
1267 1435
1268 1435
1269 1803
1270 1803
1271 1803
1272 1803
1273 1803
1274 1803
1275 1773
1276 1803
1277 1803
1278 1803
1279 4492
1280 4157
1281 1307
1282 1709
1283 3265
1284 4369
1285 1709
1286 1269
1287 3265
1288 1269
1289 3265
1290 1269
1291 3265
1292 3265
1293 1269
1294 1709
1295 1709
1296 1709
1297 1709
1298 1269
1299 1709
1300 1269
1301 1709
1302 1269
1303 1269
1304 1269
1305 2670
1306 227
1307 170
1308 386
1309 525
1310 4296
1311 4296
1312 525
1313 386
1314 168
1315 386
1316 525
1317 4296
1318 4296
1319 4296
1320 4296
1321 525
1322 4296
1323 162
1324 43
1325 3053
1326 1240
1327 4047
1328 4047
1329 1240
1330 4684
1331 4256
1332 472
1333 4318
1334 1950
1335 1417
1336 4047
1337 4047
1338 4047
1339 4047
1340 4296
1341 4296
1342 4296
1343 4296
1344 4296
1345 4296
1346 4296
1347 4296
1348 4674
1349 4047
1350 1950
1351 1950
1352 1240
1353 4047
1354 4318
1355 4047
1356 4296
1357 4296
1358 4296
1359 4296
1360 4296
1361 4296
1362 4296
1363 4296
1364 4296
1365 4296
1366 4296
1367 4296
1368 4296
1369 4296
1370 4296
1371 4296
1372 4296
1373 4296
1374 4296
1375 4296
1376 4296
1377 4296
1378 4674
1379 4296
1380 4674
1381 4674
1382 4296
1383 4296
1384 4674
1385 4296
1386 4296
1387 4296
1388 4296
1389 1156
1390 4296
1391 1156
1392 4296
1393 4296
1394 4296
1395 4296
1396 4296
1397 4296
1398 4296
1399 4296
1400 4296
1401 4125
1402 4125
1403 3570
1404 3570
1405 3868
1406 2717
1407 3089
1408 3089
1409 2717
1410 2717
1411 2717
1412 4285
1413 3697
1414 3978
1415 3089
1416 4077
1417 3089
1418 3089
1419 4070
1420 4374
1421 4374
1422 4374
1423 995
1424 4374
1425 4296
1426 4296
1427 4296
1428 4296
1429 4296
1430 4296
1431 4296
1432 4296
1433 4296
1434 4296
1435 1548
1436 1548
1437 1548
1438 1156
1439 2548
1440 1548
1441 3418
1442 2548
1443 1558
1444 3418
1445 1558
1446 1438
1447 1438
1448 1548
1449 1558
1450 2548
1451 1548
1452 3418
1453 1548
1454 1548
1455 1558
1456 3418
1457 1156
1458 3797
1459 1548
1460 1548
1461 1548
1462 1156
1463 3418
1464 1558
1465 1438
1466 1438
1467 5142
1468 5142
1469 4296
1470 2717
1471 1574
1472 1574
1473 1574
1474 2129
1475 1574
1476 1574
1477 2129
1478 2129
1479 2129
1480 2129
1481 1504
1482 3273
1483 3273
1484 2328
1485 987
1486 2328
1487 987
1488 987
1489 2328
1490 987
1491 987
1492 987
1493 2328
1494 987
1495 987
1496 987
1497 987
1498 987
1499 987
1500 987
1501 987
1502 987
1503 987
1504 2328
1505 2328
1506 987
1507 2328
1508 3273
1509 3273
1510 3273
1511 3273
1512 3273
1513 3273
1514 987
1515 987
1516 987
1517 987
1518 3265
1519 3265
1520 3265
1521 3265
1522 987
1523 987
1524 2328
1525 2328
1526 3273
1527 2328
1528 3273
1529 3273
1530 3273
1531 3273
1532 3273
1533 3273
1534 3273
1535 2328
1536 987
1537 2328
1538 3044
1539 2328
1540 2328
1541 987
1542 2328
1543 2328
1544 3273
1545 3273
1546 3273
1547 2328
1548 3044
1549 3273
1550 3044
1551 3273
1552 987
1553 987
1554 987
1555 987
1556 3265
1557 3265
1558 3265
1559 3265
1560 987
1561 987
1562 987
1563 987
1564 987
1565 987
1566 987
1567 987
1568 2328
1569 2328
1570 987
1571 2328
1572 987
1573 3273
1574 2328
1575 3044
1576 3044
1577 3273
1578 3273
1579 3273
1580 2328
1581 987
1582 2328
1583 987
1584 987
1585 987
1586 987
1587 987
1588 987
1589 987
1590 987
1591 987
1592 987
1593 1539
1594 1539
1595 2328
1596 987
1597 987
1598 987
1599 987
1600 987
1601 987
1602 987
1603 987
1604 2328
1605 2328
1606 3261
1607 5134
1608 5141
1609 5142
1610 5142
1611 987
1612 987
1613 3265
1614 3265
1615 987
1616 1931
1617 2116
1618 3248
1619 1131
1620 1219
1621 1773
1622 749
1623 1131
1624 1712
1625 1219
1626 749
1627 1773
1628 1773
1629 1773
1630 1803
1631 1773
1632 1803
1633 1773
1634 1219
1635 1219
1636 1131
1637 2133
1638 4104
1639 1435
1640 1435
1641 1316
1642 1435
1643 3044
1644 3044
1645 1539
1646 1307
1647 1307
1648 987
1649 1539
1650 1539
1651 1539
1652 1539
1653 1307
1654 4296
1655 4296
1656 4296
1657 987
1658 3265
1659 3265
1660 3265
1661 3265
1662 3265
1663 987
1664 3265
1665 987
1666 1712
1667 1131
1668 1131
1669 749
1670 681
1671 749
1672 749
1673 681
1674 749
1675 1773
1676 1773
1677 1976
1678 1773
1679 305
1680 1435
1681 1435
1682 1803
1683 1803
1684 1803
1685 1803
1686 1803
1687 1803
1688 1803
1689 3585
1690 3585
1691 4026
1692 4345
1693 4345
1694 4345
1695 4047
1696 4047
1697 4708
1698 4708
1699 1464
1700 4708
1701 1464
1702 4708
1703 4708
1704 4708
1705 4708
1706 4708
1707 4684
1708 4684
1709 4685
1710 4791
1711 4708
1712 4665
1713 4684
1714 4791
1715 4665
1716 4665
1717 4684
1718 4684
1719 4665
1720 4708
1721 4684
1722 4665
1723 4665
1724 4665
1725 4684
1726 4665
1727 4047
1728 4665
1729 4684
1730 4347
1731 4684
1732 4665
1733 4284
1734 4231
1735 4347
1736 4318
1737 4318
1738 4665
1739 4665
1740 4665
1741 4665
1742 4658
1743 1240
1744 1240
1745 1240
1746 1240
1747 4665
1748 4658
1749 1240
1750 4102
1751 4318
1752 3828
1753 4058
1754 2162
1755 2162
1756 2162
1757 3103
1758 4318
1759 4665
1760 4665
1761 4665
1762 4685
1763 4665
1764 3235
1765 3194
1766 3261
1767 3261
1768 3639
1769 3261
1770 415
1771 3058
1772 2162
1773 2154
1774 2154
1775 1903
1776 4206
1777 4206
1778 4206
1779 4206
1780 1746
1781 812
1782 3044
1783 3044
1784 3044
1785 3044
1786 3044
1787 3044
1788 3194
1789 4240
1790 692
1791 2829
1792 5134
1793 4240
1794 1997
1795 4367
1796 5134
1797 5134
1798 5134
1799 5141
1800 5142
1801 5142
1802 1558
1803 1438
1804 822
1805 822
1806 1548
1807 1268
1808 1548
1809 1156
1810 1156
1811 1558
1812 1558
1813 1156
1814 1558
1815 2374
1816 5142
1817 3628
1818 3194
1819 1268
1820 2678
1821 2162
1822 2678
1823 2162
1824 2678
1825 2154
1826 2162
1827 2162
1828 2045
1829 2482
1830 2482
1831 2162
1832 2154
1833 2154
1834 2162
1835 2154
1836 2162
1837 2154
1838 2154
1839 2154
1840 2154
1841 2154
1842 2154
1843 2154
1844 2154
1845 3103
1846 1903
1847 1903
1848 1746
1849 886
1850 886
1851 886
1852 4206
1853 1746
1854 4206
1855 874
1856 4206
1857 4206
1858 2678
1859 2678
1860 2678
1861 2678
1862 2678
1863 5142
1864 5134
1865 5142
1866 5142
1867 5141
1868 3418
1869 2374
1870 1438
1871 1438
1872 1438
1873 1438
1874 886
1875 886
1876 886
1877 1903
1878 1903
1879 3194
1880 3194
1881 1903
1882 1903
1883 1746
1884 2154
1885 4265
1886 2154
1887 3757
1888 3757
1889 3757
1890 3757
1891 3585
1892 3585
1893 3757
1894 3757
1895 3757
1896 3757
1897 2129
1898 1574
1899 3757
1900 3585
1901 3757
1902 3757
1903 1464
1904 4708
1905 4047
1906 4047
1907 525
1908 4791
1909 4791
1910 4791
1911 2374
1912 1558
1913 1558
1914 5131
1915 5134
1916 5134
1917 5141
1918 5141
1919 5134
1920 4296
1921 4296
1922 4296
1923 4296
1924 4296
1925 4296
1926 1252
1927 4296
1928 4296
1929 4296
1930 5156
1931 3797
1932 1548
1933 3797
1934 1548
1935 1548
1936 4032
1937 1548
1938 1548
1939 1548
1940 1156
1941 1156
1942 3797
1943 1156
1944 768
1945 472
1946 1156
1947 43
1948 472
1949 1574
1950 2129
1951 162
1952 170
1953 1252
1954 258
1955 162
1956 162
1957 170
1958 279
1959 192
1960 162
1961 1252
1962 162
1963 162
1964 768
1965 165
1966 1252
1967 1252
1968 170
1969 162
1970 132
1971 1252
1972 170
1973 1252
1974 167
1975 227
1976 227
1977 92
1978 472
1979 3053
1980 468
1981 907
1982 812
1983 801
1984 589
1985 5131
1986 4438
1987 5129
1988 5134
1989 5131
1990 5131
1991 5142
1992 5142
1993 468
1994 589
1995 547
1996 2501
1997 100
1998 43
1999 1156
2000 4296
2001 1156
2002 375
2003 1558
2004 1548
2005 4032
2006 4032
2007 3797
2008 1156
2009 1156
2010 92
2011 468
2012 547
2013 26
2014 2374
2015 2374
2016 198
2017 1548
2018 2548
2019 3418
2020 1558
2021 3418
2022 1548
2023 3418
2024 1558
2025 468
2026 375
2027 2374
2028 1438
2029 1438
2030 1438
2031 5141
2032 2374
2033 2374
2034 5142
2035 5142
2036 63
2037 5131
2038 4438
2039 4242
2040 5141
2041 5141
2042 5131
2043 5134
2044 3998
2045 3686
2046 3686
2047 3990
2048 3686
2049 4021
2050 4277
2051 4125
2052 4077
2053 3990
2054 3686
2055 3686
2056 3686
2057 3686
2058 3686
2059 3686
2060 3686
2061 3998
2062 3990
2063 3990
2064 3990
2065 3570
2066 3686
2067 3908
2068 3686
2069 3570
2070 3686
2071 3990
2072 3686
2073 3686
2074 3686
2075 3686
2076 4240
2077 4367
2078 5134
2079 1558
2080 5142
2081 1438
2082 5142
2083 5138
2084 5142
2085 5134
2086 3044
2087 3044
2088 3044
2089 3261
2090 3044
2091 1539
2092 3044
2093 3044
2094 3044
2095 3044
2096 3044
2097 3044
2098 3273
2099 3044
2100 3044
2101 3044
2102 3044
2103 3044
2104 3044
2105 3044
2106 3044
2107 3044
2108 3044
2109 3044
2110 3044
2111 3044
2112 3044
2113 3044
2114 3261
2115 3261
2116 3044
2117 3044
2118 3044
2119 3044
2120 5134
2121 5141
2122 5141
2123 5134
2124 5134
2125 5134
2126 5134
2127 5134
2128 5134
2129 4367
2130 5134
2131 4240
2132 4367
2133 5134
2134 4367
2135 3261
2136 2738
2137 2738
2138 3044
2139 2738
2140 3044
2141 3044
2142 3044
2143 3044
2144 3044
2145 3044
2146 3044
2147 3044
2148 841
2149 3044
2150 3044
2151 3044
2152 3261
2153 3044
2154 3044
2155 3044
2156 3044
2157 3044
2158 3044
2159 3044
2160 3044
2161 3044
2162 3044
2163 3044
2164 4367
2165 3261
2166 3044
2167 3261
2168 4367
2169 4240
2170 4367
2171 1759
2172 3044
2173 3044
2174 3044
2175 3044
2176 3044
2177 1548
2178 3418
2179 3757
2180 3757
2181 1574
2182 3418
2183 3418
2184 4047
2185 4047
2186 4047
2187 4047
2188 4708
2189 4047
2190 4708
2191 4047
2192 4708
2193 4047
2194 1240
2195 1240
2196 4308
2197 4047
2198 4047
2199 4125
2200 3570
2201 4125
2202 4047
2203 4047
2204 3908
2205 4047
2206 4047
2207 4047
2208 4047
2209 4047
2210 4047
2211 1464
2212 4047
2213 1464
2214 4047
2215 4047
2216 1464
2217 1464
2218 4708
2219 4708
2220 4047
2221 1464
2222 4047
2223 4047
2224 4047
2225 4047
2226 1417
2227 4083
2228 4347
2229 3570
2230 3570
2231 4308
2232 4318
2233 3570
2234 3570
2235 3570
2236 3570
2237 3570
2238 3978
2239 4231
2240 4286
2241 4115
2242 3570
2243 3998
2244 4077
2245 4286
2246 4077
2247 3998
2248 3990
2249 3686
2250 3868
2251 3686
2252 3998
2253 3570
2254 3686
2255 3570
2256 3686
2257 3686
2258 3172
2259 3686
2260 4077
2261 4285
2262 3089
2263 4285
2264 3089
2265 4345
2266 4285
2267 2717
2268 3089
2269 4285
2270 2717
2271 1574
2272 1574
2273 2129
2274 2129
2275 2129
2276 2129
2277 1913
2278 4259
2279 4285
2280 3089
2281 4285
2282 2717
2283 3089
2284 4285
2285 3089
2286 4285
2287 2716
2288 4285
2289 2717
2290 2717
2291 3089
2292 4285
2293 2717
2294 3089
2295 2717
2296 4285
2297 2717
2298 2129
2299 2129
2300 2795
2301 2795
2302 3757
2303 2129
2304 2129
2305 1574
2306 3757
2307 1574
2308 1574
2309 3757
2310 3585
2311 1574
2312 1574
2313 1574
2314 2129
2315 2129
2316 2129
2317 1913
2318 4345
2319 2456
2320 1913
2321 4345
2322 4345
2323 4345
2324 4345
2325 4345
2326 2717
2327 4285
2328 4285
2329 3665
2330 2717
2331 4259
2332 4259
2333 2717
2334 4259
2335 4259
2336 4259
2337 1913
2338 4259
2339 966
2340 4259
2341 4197
2342 2456
2343 1913
2344 2129
2345 2129
2346 4345
2347 4345
2348 4197
2349 4345
2350 4197
2351 2456
2352 1913
2353 2456
2354 966
2355 4259
2356 2129
2357 2129
2358 2129
2359 2129
2360 3757
2361 1574
2362 1574
2363 2129
2364 1574
2365 3757
2366 1574
2367 4345
2368 3757
2369 3757
2370 3757
2371 4345
2372 4197
2373 4197
2374 4197
2375 1114
2376 2795
2377 1913
2378 1913
2379 1913
2380 966
2381 2717
2382 1913
2383 1913
2384 1913
2385 1913
2386 1913
2387 4345
2388 4345
2389 4345
2390 4345
2391 4345
2392 4345
2393 4345
2394 1766
2395 3585
2396 1766
2397 4345
2398 4345
2399 4345
2400 4345
2401 3585
2402 4026
2403 4345
2404 4345
2405 4345
2406 4345
2407 4345
2408 4345
2409 4026
2410 3585
2411 4026
2412 4345
2413 1766
2414 2456
2415 4026
2416 2795
2417 1766
2418 2795
2419 1766
2420 4345
2421 3585
2422 3757
2423 3987
2424 4345
2425 3585
2426 4345
2427 2795
2428 3757
2429 3585
2430 2795
2431 2681
2432 2681
2433 1114
2434 4197
2435 4197
2436 4197
2437 4259
2438 1766
2439 2456
2440 4109
2441 845
2442 3757
2443 4345
2444 4345
2445 4345
2446 4345
2447 4345
2448 4345
2449 4345
2450 4345
2451 4345
2452 4345
2453 4345
2454 4345
2455 4345
2456 4345
2457 4345
2458 4345
2459 4345
2460 4345
2461 4345
2462 4345
2463 4345
2464 4345
2465 4345
2466 4345
2467 4345
2468 4345
2469 4345
2470 4345
2471 4345
2472 4052
2473 3757
2474 3757
2475 4345
2476 4345
2477 4345
2478 4345
2479 3757
2480 4345
2481 4345
2482 4345
2483 4345
2484 4345
2485 4345
2486 4345
2487 4345
2488 4345
2489 3757
2490 4345
2491 3585
2492 3585
2493 3987
2494 3757
2495 3757
2496 3757
2497 3757
2498 4345
2499 4345
2500 4197
2501 4197
2502 2456
2503 2129
2504 553
2505 553
2506 4197
2507 2456
2508 4197
2509 4345
2510 4345
2511 4345
2512 1913
2513 4345
2514 4197
2515 1913
2516 1913
2517 4197
2518 4052
2519 2129
2520 3287
2521 4026
2522 1766
2523 2129
2524 2129
2525 553
2526 389
2527 3757
2528 2129
2529 1114
2530 2129
2531 3757
2532 4052
2533 3585
2534 3987
2535 4345
2536 4345
2537 4345
2538 4345
2539 3987
2540 4345
2541 4345
2542 4345
2543 4345
2544 4345
2545 4345
2546 4345
2547 4345
2548 4345
2549 4345
2550 4345
2551 4345
2552 4345
2553 4345
2554 4345
2555 4345
2556 4345
2557 4345
2558 4345
2559 4345
2560 4345
2561 4345
2562 4345
2563 4345
2564 4345
2565 4345
2566 4345
2567 4345
2568 4345
2569 3757
2570 4345
2571 3585
2572 4345
2573 3757
2574 4345
2575 4345
2576 4345
2577 4345
2578 4345
2579 4345
2580 3757
2581 4345
2582 4345
2583 4332
2584 2616
2585 4341
2586 4341
2587 4341
2588 1880
2589 1880
2590 1880
2591 2785
2592 2507
2593 2507
2594 2089
2595 1226
2596 2785
2597 1226
2598 2089
2599 4341
2600 4341
2601 2616
2602 3905
2603 2616
2604 4341
2605 2785
2606 1226
2607 1226
2608 2089
2609 1226
2610 1226
2611 1226
2612 1226
2613 2001
2614 2785
2615 1880
2616 1880
2617 1880
2618 4341
2619 2001
2620 1880
2621 4341
2622 4341
2623 4341
2624 4341
2625 3443
2626 3443
2627 2616
2628 4341
2629 4341
2630 2616
2631 4341
2632 3905
2633 3905
2634 3443
2635 2785
2636 1226
2637 1484
2638 4341
2639 2616
2640 3905
2641 2616
2642 4901
2643 1880
2644 4341
2645 4332
2646 2350
2647 891
2648 891
2649 891
2650 891
2651 891
2652 891
2653 891
2654 891
2655 891
2656 891
2657 2350
2658 891
2659 891
2660 891
2661 891
2662 2350
2663 2350
2664 891
2665 2350
2666 891
2667 891
2668 2350
2669 891
2670 891
2671 891
2672 891
2673 3979
2674 3905
2675 2350
2676 687
2677 3979
2678 3905
2679 3443
2680 1880
2681 1880
2682 1484
2683 1880
2684 4341
2685 3443
2686 3905
2687 1145
2688 2089
2689 4341
2690 3858
2691 2350
2692 2350
2693 5165
2694 2350
2695 2350
2696 891
2697 690
2698 3858
2699 891
2700 891
2701 690
2702 3858
2703 5165
2704 891
2705 891
2706 891
2707 891
2708 891
2709 2350
2710 3905
2711 5165
2712 452
2713 3062
2714 2507
2715 3062
2716 829
2717 2597
2718 2597
2719 2597
2720 602
2721 3062
2722 3062
2723 2507
2724 2507
2725 2507
2726 2001
2727 3124
2728 2507
2729 2507
2730 3023
2731 3548
2732 2507
2733 2001
2734 2001
2735 2001
2736 1226
2737 2001
2738 2001
2739 602
2740 2597
2741 2597
2742 2597
2743 1743
2744 2597
2745 2597
2746 2597
2747 3348
2748 2882
2749 3072
2750 2882
2751 1851
2752 3691
2753 602
2754 452
2755 2507
2756 2507
2757 2089
2758 2507
2759 3062
2760 3062
2761 3062
2762 3062
2763 3062
2764 602
2765 452
2766 3062
2767 602
2768 602
2769 2154
2770 1595
2771 1595
2772 3222
2773 1595
2774 3222
2775 2140
2776 4096
2777 4096
2778 4104
2779 5192
2780 5086
2781 5086
2782 2485
2783 2199
2784 2199
2785 2485
2786 2485
2787 1109
2788 1109
2789 1109
2790 1115
2791 2199
2792 2199
2793 1115
2794 1109
2795 4354
2796 3408
2797 1109
2798 5192
2799 2485
2800 2485
2801 2485
2802 2199
2803 2199
2804 4354
2805 4265
2806 4265
2807 1595
2808 4354
2809 4265
2810 4265
2811 2055
2812 1115
2813 4288
2814 1595
2815 1115
2816 1115
2817 1115
2818 1595
2819 1115
2820 1115
2821 1595
2822 2055
2823 1170
2824 2154
2825 2154
2826 2154
2827 2055
2828 1170
2829 1595
2830 2055
2831 2154
2832 2199
2833 1109
2834 2485
2835 2485
2836 1109
2837 2199
2838 2199
2839 2199
2840 4354
2841 2140
2842 1595
2843 1115
2844 1115
2845 1595
2846 1595
2847 1595
2848 1595
2849 2154
2850 1595
2851 1595
2852 2485
2853 2485
2854 5086
2855 5086
2856 5050
2857 5050
2858 5050
2859 5050
2860 5050
2861 2485
2862 2485
2863 5086
2864 5050
2865 5050
2866 5086
2867 5086
2868 2485
2869 5086
2870 2485
2871 1435
2872 5050
2873 1435
2874 1435
2875 1435
2876 1435
2877 1435
2878 1435
2879 1435
2880 1803
2881 1803
2882 1803
2883 1803
2884 1803
2885 5050
2886 1435
2887 1316
2888 1435
2889 1435
2890 1435
2891 1435
2892 5086
2893 5086
2894 5086
2895 5086
2896 5086
2897 5192
2898 5086
2899 5192
2900 1316
2901 1316
2902 5086
2903 5086
2904 5192
2905 4096
2906 4096
2907 3222
2908 4096
2909 3222
2910 3222
2911 4211
2912 2943
2913 3222
2914 3222
2915 1511
2916 1511
2917 3142
2918 3222
2919 4088
2920 4265
2921 3222
2922 3222
2923 4096
2924 4096
2925 4096
2926 2565
2927 4384
2928 4096
2929 4096
2930 5192
2931 4096
2932 5192
2933 4211
2934 3142
2935 2485
2936 3142
2937 2485
2938 2485
2939 2485
2940 4096
2941 2191
2942 3142
2943 1511
2944 3142
2945 2485
2946 3142
2947 3785
2948 3222
2949 4265
2950 3222
2951 3222
2952 2154
2953 1227
2954 2154
2955 3222
2956 2154
2957 1595
2958 2154
2959 2154
2960 2154
2961 1227
2962 2162
2963 2154
2964 2162
2965 4206
2966 1903
2967 3103
2968 3103
2969 886
2970 886
2971 3103
2972 2154
2973 2154
2974 2154
2975 2154
2976 3103
2977 2162
2978 2154
2979 692
2980 822
2981 2829
2982 907
2983 2829
2984 907
2985 822
2986 2678
2987 2678
2988 1903
2989 3103
2990 3103
2991 2482
2992 2482
2993 2045
2994 1664
2995 2154
2996 2154
2997 2154
2998 2154
2999 1595
3000 2154
3001 1268
3002 822
3003 886
3004 3103
3005 3053
3006 3053
3007 768
3008 167
3009 100
3010 100
3011 100
3012 192
3013 768
3014 792
3015 907
3016 692
3017 3053
3018 1595
3019 1595
3020 4265
3021 1595
3022 2154
3023 1595
3024 2154
3025 2154
3026 2154
3027 2162
3028 2678
3029 2678
3030 1903
3031 2197
3032 2197
3033 2197
3034 1170
3035 4823
3036 2154
3037 1263
3038 886
3039 886
3040 2612
3041 3103
3042 781
3043 1262
3044 1262
3045 375
3046 290
3047 781
3048 801
3049 1268
3050 317
3051 768
3052 468
3053 227
3054 768
3055 472
3056 468
3057 468
3058 3053
3059 886
3060 907
3061 3053
3062 907
3063 3053
3064 3053
3065 907
3066 886
3067 907
3068 907
3069 3053
3070 3053
3071 3053
3072 279
3073 256
3074 168
3075 4296
3076 4296
3077 4296
3078 168
3079 525
3080 525
3081 386
3082 170
3083 4374
3084 4374
3085 4296
3086 4296
3087 170
3088 4296
3089 4711
3090 4711
3091 4296
3092 3089
3093 3089
3094 3089
3095 4256
3096 4658
3097 4374
3098 1240
3099 4374
3100 4374
3101 4374
3102 4374
3103 4374
3104 4374
3105 4374
3106 4374
3107 4374
3108 4374
3109 4374
3110 4374
3111 4374
3112 4374
3113 4374
3114 4374
3115 4374
3116 4374
3117 4374
3118 4374
3119 4658
3120 1240
3121 4658
3122 4374
3123 4296
3124 4711
3125 4296
3126 4296
3127 4296
3128 525
3129 4711
3130 4296
3131 4021
3132 1240
3133 1240
3134 1240
3135 4001
3136 4223
3137 4021
3138 4021
3139 4223
3140 4223
3141 4223
3142 4223
3143 4223
3144 4021
3145 4021
3146 1240
3147 1240
3148 4374
3149 4658
3150 4374
3151 4658
3152 4658
3153 1240
3154 1240
3155 4021
3156 4021
3157 4223
3158 3999
3159 4102
3160 4223
3161 4223
3162 4223
3163 4223
3164 4223
3165 4223
3166 4223
3167 4223
3168 4223
3169 4223
3170 4223
3171 4223
3172 4223
3173 1240
3174 1240
3175 1240
3176 1240
3177 1240
3178 4021
3179 1240
3180 1240
3181 4223
3182 4021
3183 4223
3184 4223
3185 4223
3186 4223
3187 4223
3188 4223
3189 4223
3190 4223
3191 4223
3192 4223
3193 4223
3194 4223
3195 4223
3196 4223
3197 4223
3198 256
3199 4256
3200 4285
3201 4070
3202 4070
3203 3999
3204 4304
3205 4304
3206 3589
3207 3999
3208 4105
3209 4001
3210 4001
3211 4223
3212 4223
3213 4223
3214 4021
3215 4083
3216 4273
3217 1240
3218 4658
3219 1240
3220 4658
3221 4658
3222 4374
3223 4374
3224 4374
3225 4374
3226 4374
3227 4374
3228 4658
3229 4374
3230 4374
3231 4374
3232 4374
3233 4374
3234 4374
3235 4374
3236 4374
3237 4374
3238 4374
3239 1240
3240 4658
3241 4658
3242 4021
3243 4021
3244 1240
3245 4658
3246 4658
3247 4374
3248 1240
3249 4021
3250 1240
3251 1240
3252 4374
3253 4374
3254 4374
3255 4374
3256 4374
3257 4374
3258 4374
3259 4374
3260 2440
3261 4374
3262 4374
3263 4374
3264 4374
3265 4374
3266 4374
3267 4658
3268 4374
3269 995
3270 995
3271 4374
3272 995
3273 4658
3274 1619
3275 4658
3276 4374
3277 4374
3278 4374
3279 1240
3280 4223
3281 4021
3282 4083
3283 4021
3284 4001
3285 2069
3286 4223
3287 4223
3288 4223
3289 4223
3290 4223
3291 4223
3292 4223
3293 4223
3294 4223
3295 4223
3296 4223
3297 4021
3298 4021
3299 4021
3300 4083
3301 1240
3302 4658
3303 4658
3304 1240
3305 4658
3306 995
3307 4374
3308 4374
3309 4374
3310 4374
3311 4296
3312 4374
3313 2440
3314 995
3315 995
3316 995
3317 535
3318 1619
3319 4658
3320 4001
3321 4223
3322 4223
3323 4001
3324 1950
3325 4304
3326 995
3327 1950
3328 1950
3329 1240
3330 1240
3331 4223
3332 4223
3333 4223
3334 4223
3335 4223
3336 4223
3337 4223
3338 4223
3339 4223
3340 4001
3341 4223
3342 4001
3343 2717
3344 2717
3345 2717
3346 3089
3347 3089
3348 4711
3349 4296
3350 386
3351 386
3352 386
3353 4296
3354 4296
3355 168
3356 170
3357 386
3358 525
3359 170
3360 4296
3361 4711
3362 995
3363 4374
3364 4296
3365 4374
3366 4374
3367 3978
3368 3089
3369 3089
3370 4256
3371 3697
3372 535
3373 3697
3374 4256
3375 2717
3376 2456
3377 1913
3378 3585
3379 4345
3380 4345
3381 1574
3382 2129
3383 1574
3384 1574
3385 1574
3386 1574
3387 1574
3388 1574
3389 1574
3390 1574
3391 1574
3392 1574
3393 1574
3394 1574
3395 1574
3396 2129
3397 2456
3398 2456
3399 2456
3400 2129
3401 1574
3402 1574
3403 2129
3404 2129
3405 1574
3406 1574
3407 4512
3408 4826
3409 4811
3410 4811
3411 4826
3412 4720
3413 4720
3414 4720
3415 4785
3416 4720
3417 4819
3418 4811
3419 3705
3420 4720
3421 4811
3422 4823
3423 4720
3424 4823
3425 4819
3426 4823
3427 4823
3428 3705
3429 4823
3430 4823
3431 4720
3432 4823
3433 4823
3434 4720
3435 4826
3436 4823
3437 4720
3438 4720
3439 4720
3440 4819
3441 4823
3442 4819
3443 4777
3444 4777
3445 4777
3446 9
3447 4702
3448 3705
3449 4777
3450 4702
3451 4702
3452 3641
3453 1828
3454 4778
3455 4785
3456 4720
3457 4785
3458 4785
3459 4785
3460 4785
3461 4785
3462 4720
3463 4785
3464 4785
3465 4720
3466 1828
3467 1828
3468 1828
3469 1828
3470 4785
3471 4785
3472 4720
3473 4785
3474 3705
3475 4720
3476 4720
3477 4785
3478 1828
3479 1828
3480 1828
3481 4778
3482 1828
3483 891
3484 891
3485 891
3486 891
3487 891
3488 891
3489 891
3490 891
3491 891
3492 891
3493 891
3494 891
3495 2350
3496 3960
3497 891
3498 891
3499 891
3500 3858
3501 3858
3502 5165
3503 3960
3504 3960
3505 891
3506 891
3507 891
3508 3858
3509 687
3510 3979
3511 3979
3512 2507
3513 602
3514 602
3515 602
3516 2597
3517 1743
3518 2802
3519 1743
3520 2597
3521 1743
3522 2597
3523 1743
3524 2802
3525 2597
3526 2597
3527 602
3528 3062
3529 2597
3530 2597
3531 2597
3532 2597
3533 1743
3534 1743
3535 602
3536 2507
3537 3062
3538 2507
3539 2507
3540 3062
3541 602
3542 2089
3543 2089
3544 2507
3545 2507
3546 2507
3547 2507
3548 2089
3549 1226
3550 1226
3551 1226
3552 1226
3553 1226
3554 2089
3555 3062
3556 1226
3557 2089
3558 2511
3559 3062
3560 2895
3561 3251
3562 4100
3563 2802
3564 1743
3565 2802
3566 2802
3567 2802
3568 2802
3569 2802
3570 965
3571 1743
3572 454
3573 1712
3574 1712
3575 1712
3576 1712
3577 396
3578 2768
3579 2768
3580 864
3581 864
3582 3866
3583 2748
3584 1851
3585 1743
3586 2802
3587 965
3588 2802
3589 454
3590 1712
3591 1712
3592 1131
3593 1131
3594 1219
3595 630
3596 749
3597 749
3598 630
3599 749
3600 749
3601 749
3602 749
3603 1219
3604 630
3605 630
3606 1712
3607 630
3608 630
3609 630
3610 1712
3611 630
3612 965
3613 1712
3614 864
3615 2597
3616 1743
3617 2802
3618 2802
3619 2802
3620 965
3621 630
3622 630
3623 630
3624 630
3625 965
3626 630
3627 749
3628 1782
3629 965
3630 630
3631 630
3632 630
3633 630
3634 749
3635 630
3636 965
3637 965
3638 2802
3639 965
3640 2802
3641 2802
3642 2802
3643 2802
3644 2154
3645 2154
3646 2154
3647 1664
3648 2154
3649 3103
3650 2162
3651 2162
3652 2154
3653 2154
3654 812
3655 4088
3656 3641
3657 3641
3658 1485
3659 4088
3660 4702
3661 4702
3662 4777
3663 3109
3664 4777
3665 4826
3666 9
3667 1485
3668 3192
3669 3192
3670 185
3671 3641
3672 4508
3673 3109
3674 6
3675 9
3676 4508
3677 9
3678 4777
3679 3109
3680 4777
3681 4777
3682 9
3683 4777
3684 4777
3685 4777
3686 4777
3687 4777
3688 4777
3689 4777
3690 4679
3691 4778
3692 4777
3693 4777
3694 4679
3695 3641
3696 4777
3697 4702
3698 4777
3699 4679
3700 4777
3701 4777
3702 4777
3703 4777
3704 1485
3705 4777
3706 4777
3707 1511
3708 520
3709 1511
3710 4702
3711 4702
3712 4679
3713 4823
3714 4778
3715 4823
3716 4823
3717 2182
3718 1828
3719 2197
3720 1828
3721 2182
3722 1511
3723 2182
3724 2182
3725 4777
3726 2182
3727 3265
3728 2182
3729 801
3730 1494
3731 340
3732 415
3733 3705
3734 4777
3735 3705
3736 1485
3737 4823
3738 1485
3739 4828
3740 4702
3741 4702
3742 2154
3743 4088
3744 3222
3745 1263
3746 3103
3747 2154
3748 1903
3749 1595
3750 2943
3751 3222
3752 2943
3753 4096
3754 4384
3755 5086
3756 1435
3757 1435
3758 1803
3759 1435
3760 1803
3761 1435
3762 1435
3763 1803
3764 1803
3765 1803
3766 1803
3767 1803
3768 1435
3769 4467
3770 1435
3771 4096
3772 1435
3773 1316
3774 5086
3775 4384
3776 5192
3777 5192
3778 2191
3779 2191
3780 3142
3781 1511
3782 3142
3783 2943
3784 2943
3785 1227
3786 2182
3787 1709
3788 3265
3789 1511
3790 1511
3791 1263
3792 4096
3793 4096
3794 2943
3795 4265
3796 1435
3797 1435
3798 1435
3799 1803
3800 1803
3801 1803
3802 1803
3803 1803
3804 1803
3805 1803
3806 1803
3807 1435
3808 1803
3809 1803
3810 1773
3811 2902
3812 1773
3813 749
3814 749
3815 749
3816 749
3817 1803
3818 749
3819 1803
3820 1803
3821 1803
3822 1773
3823 749
3824 1803
3825 1773
3826 749
3827 1803
3828 1803
3829 1803
3830 1462
3831 1803
3832 1803
3833 1803
3834 1803
3835 1803
3836 1803
3837 1803
3838 1435
3839 1316
3840 1316
3841 1435
3842 1803
3843 1803
3844 1435
3845 1803
3846 1435
3847 4492
3848 1435
3849 1435
3850 1803
3851 1803
3852 1803
3853 2902
3854 1803
3855 2902
3856 749
3857 1773
3858 1803
3859 1803
3860 5086
3861 5086
3862 1170
3863 1511
3864 1170
3865 4702
3866 4702
3867 4088
3868 1511
3869 1511
3870 1511
3871 1511
3872 1511
3873 1511
3874 1511
3875 1511
3876 1511
3877 3142
3878 1511
3879 1511
3880 1511
3881 1511
3882 1511
3883 1511
3884 1511
3885 1511
3886 2565
3887 227
3888 279
3889 386
3890 386
3891 1252
3892 4296
3893 4296
3894 4296
3895 4296
3896 1252
3897 170
3898 170
3899 4711
3900 4296
3901 4296
3902 4296
3903 386
3904 43
3905 1262
3906 812
3907 4658
3908 4658
3909 4374
3910 4374
3911 4374
3912 4070
3913 4070
3914 468
3915 1950
3916 995
3917 995
3918 995
3919 995
3920 2440
3921 2440
3922 2440
3923 4296
3924 4296
3925 4296
3926 4296
3927 4296
3928 2440
3929 4374
3930 995
3931 995
3932 1950
3933 1950
3934 4658
3935 1950
3936 995
3937 4296
3938 4296
3939 4296
3940 4296
3941 4296
3942 4296
3943 4296
3944 4296
3945 1262
3946 1262
3947 1262
3948 1262
3949 4296
3950 4296
3951 4296
3952 4296
3953 4296
3954 4296
3955 1262
3956 1262
3957 4296
3958 4374
3959 4374
3960 4374
3961 4374
3962 4374
3963 4296
3964 4296
3965 4374
3966 4296
3967 4296
3968 4296
3969 4296
3970 1548
3971 1548
3972 4032
3973 4296
3974 4296
3975 4296
3976 4296
3977 4296
3978 4296
3979 4296
3980 4296
3981 4296
3982 4223
3983 4001
3984 4223
3985 4223
3986 4223
3987 3089
3988 3089
3989 3089
3990 2717
3991 2717
3992 3089
3993 4239
3994 3998
3995 4256
3996 4256
3997 3089
3998 3089
3999 3990
4000 3197
4001 1950
4002 4658
4003 995
4004 995
4005 4374
4006 4296
4007 4296
4008 4296
4009 4296
4010 1548
4011 1548
4012 1262
4013 4296
4014 1262
4015 1262
4016 1548
4017 1548
4018 1548
4019 1548
4020 1761
4021 2311
4022 1761
4023 1761
4024 1761
4025 324
4026 324
4027 1761
4028 1761
4029 1761
4030 1548
4031 1548
4032 1761
4033 1262
4034 1262
4035 1761
4036 1262
4037 4032
4038 4032
4039 1548
4040 4032
4041 1262
4042 781
4043 781
4044 324
4045 324
4046 324
4047 260
4048 1262
4049 4296
4050 1574
4051 1574
4052 3585
4053 1574
4054 2129
4055 2129
4056 1574
4057 2129
4058 2129
4059 2129
4060 2129
4061 4823
4062 4823
4063 4819
4064 4731
4065 4731
4066 1828
4067 1828
4068 4785
4069 1828
4070 1828
4071 1828
4072 1828
4073 4731
4074 1828
4075 1828
4076 1828
4077 1828
4078 1828
4079 1828
4080 1828
4081 1828
4082 4731
4083 3487
4084 4823
4085 3487
4086 4731
4087 4819
4088 4823
4089 4823
4090 4823
4091 4819
4092 4819
4093 1511
4094 1828
4095 1828
4096 1828
4097 1511
4098 1511
4099 1511
4100 1511
4101 1828
4102 1828
4103 4819
4104 4731
4105 4731
4106 4823
4107 4819
4108 4823
4109 4720
4110 4823
4111 4823
4112 4819
4113 4819
4114 1828
4115 4785
4116 4785
4117 4785
4118 4785
4119 3487
4120 1828
4121 4731
4122 4780
4123 4731
4124 4731
4125 4731
4126 4819
4127 4819
4128 4819
4129 4819
4130 4823
4131 1828
4132 1828
4133 1511
4134 1511
4135 1511
4136 1511
4137 1511
4138 1511
4139 1828
4140 1828
4141 1828
4142 1828
4143 1828
4144 1828
4145 1828
4146 1828
4147 1828
4148 1828
4149 1828
4150 4785
4151 4785
4152 4819
4153 4720
4154 4811
4155 4786
4156 4823
4157 4823
4158 4819
4159 4731
4160 3487
4161 1828
4162 1828
4163 1828
4164 1828
4165 1828
4166 4823
4167 1828
4168 1828
4169 3487
4170 4731
4171 4819
4172 4731
4173 3487
4174 1828
4175 1828
4176 1828
4177 1828
4178 1828
4179 1828
4180 1828
4181 3487
4182 4731
4183 4819
4184 4826
4185 9
4186 260
4187 4512
4188 1511
4189 1511
4190 1511
4191 1828
4192 1828
4193 1828
4194 2802
4195 965
4196 965
4197 630
4198 749
4199 749
4200 630
4201 630
4202 630
4203 749
4204 749
4205 749
4206 749
4207 1462
4208 749
4209 1462
4210 1803
4211 749
4212 749
4213 630
4214 965
4215 965
4216 2485
4217 1435
4218 1435
4219 1435
4220 1435
4221 4088
4222 4702
4223 4088
4224 4702
4225 4702
4226 4702
4227 4702
4228 4782
4229 4088
4230 4088
4231 1262
4232 4296
4233 1511
4234 1511
4235 1511
4236 1511
4237 1511
4238 1511
4239 1511
4240 1511
4241 1511
4242 1511
4243 630
4244 630
4245 630
4246 749
4247 1219
4248 749
4249 1219
4250 749
4251 749
4252 749
4253 749
4254 749
4255 749
4256 1435
4257 1435
4258 1803
4259 1803
4260 1803
4261 1803
4262 1803
4263 1803
4264 1803
4265 749
4266 3585
4267 3585
4268 4345
4269 4345
4270 4345
4271 4345
4272 4374
4273 4374
4274 4374
4275 4685
4276 4665
4277 4374
4278 4685
4279 4685
4280 4374
4281 4665
4282 4665
4283 4374
4284 4374
4285 4665
4286 4665
4287 4665
4288 4665
4289 4665
4290 4685
4291 4665
4292 4374
4293 4685
4294 4665
4295 4685
4296 4685
4297 4374
4298 4665
4299 4665
4300 4665
4301 4665
4302 4665
4303 4374
4304 4685
4305 4685
4306 4685
4307 4685
4308 4374
4309 4374
4310 4658
4311 4658
4312 4658
4313 4658
4314 4658
4315 535
4316 4658
4317 4658
4318 4284
4319 4153
4320 4153
4321 4284
4322 4318
4323 4685
4324 4665
4325 4665
4326 4665
4327 4374
4328 4083
4329 4658
4330 1240
4331 4658
4332 1240
4333 4665
4334 4658
4335 1240
4336 4102
4337 4318
4338 2197
4339 1903
4340 2154
4341 2197
4342 1903
4343 4318
4344 4665
4345 4665
4346 4374
4347 4685
4348 1485
4349 2197
4350 2197
4351 4777
4352 185
4353 185
4354 1485
4355 4777
4356 4777
4357 1903
4358 2154
4359 2162
4360 2162
4361 1903
4362 4206
4363 1903
4364 3103
4365 1268
4366 4826
4367 4811
4368 4826
4369 4826
4370 4826
4371 4826
4372 1485
4373 4810
4374 812
4375 340
4376 4508
4377 4730
4378 4826
4379 4826
4380 4429
4381 4512
4382 4810
4383 4826
4384 260
4385 260
4386 324
4387 324
4388 324
4389 3103
4390 1262
4391 886
4392 1262
4393 1262
4394 781
4395 767
4396 1262
4397 767
4398 767
4399 324
4400 340
4401 9
4402 886
4403 2482
4404 874
4405 2678
4406 2482
4407 1664
4408 2482
4409 1664
4410 2154
4411 1664
4412 1664
4413 1664
4414 1664
4415 2154
4416 2154
4417 2154
4418 2162
4419 2154
4420 2154
4421 2154
4422 2154
4423 2154
4424 2162
4425 2678
4426 2154
4427 2154
4428 2045
4429 2678
4430 3103
4431 886
4432 3103
4433 886
4434 2612
4435 886
4436 2612
4437 3103
4438 3103
4439 4206
4440 4206
4441 3103
4442 4206
4443 2678
4444 1903
4445 2678
4446 2482
4447 324
4448 4512
4449 4512
4450 340
4451 1761
4452 3349
4453 1761
4454 324
4455 328
4456 328
4457 324
4458 2612
4459 1903
4460 1903
4461 2162
4462 1903
4463 3103
4464 2612
4465 2612
4466 2154
4467 1903
4468 2154
4469 1903
4470 2154
4471 1595
4472 3585
4473 3585
4474 1574
4475 1574
4476 1574
4477 1574
4478 1574
4479 1574
4480 3585
4481 1574
4482 1574
4483 3585
4484 3585
4485 1574
4486 3585
4487 1574
4488 4374
4489 4685
4490 4374
4491 4374
4492 4791
4493 4685
4494 4374
4495 4296
4496 513
4497 1761
4498 1761
4499 4512
4500 4508
4501 4429
4502 4512
4503 4508
4504 4296
4505 4296
4506 4296
4507 4296
4508 4296
4509 4296
4510 5155
4511 1262
4512 4032
4513 4032
4514 1262
4515 4032
4516 4032
4517 1548
4518 1548
4519 1262
4520 1548
4521 1548
4522 781
4523 1156
4524 1156
4525 1262
4526 1262
4527 1156
4528 1548
4529 472
4530 768
4531 92
4532 375
4533 375
4534 2129
4535 162
4536 167
4537 170
4538 162
4539 162
4540 167
4541 279
4542 162
4543 227
4544 162
4545 1262
4546 256
4547 162
4548 167
4549 92
4550 1262
4551 1262
4552 1252
4553 170
4554 279
4555 162
4556 1252
4557 1262
4558 92
4559 1262
4560 167
4561 167
4562 472
4563 43
4564 334
4565 3053
4566 468
4567 812
4568 415
4569 4429
4570 4777
4571 260
4572 4512
4573 260
4574 260
4575 9
4576 4512
4577 4508
4578 4513
4579 260
4580 260
4581 413
4582 246
4583 334
4584 1156
4585 1262
4586 1262
4587 1156
4588 347
4589 1548
4590 1548
4591 1548
4592 1156
4593 1548
4594 1262
4595 92
4596 43
4597 46
4598 468
4599 219
4600 801
4601 1672
4602 767
4603 767
4604 1262
4605 290
4606 1761
4607 1761
4608 1761
4609 1761
4610 2311
4611 1761
4612 46
4613 767
4614 1672
4615 1761
4616 324
4617 3349
4618 328
4619 260
4620 324
4621 1761
4622 260
4623 4513
4624 4512
4625 4512
4626 340
4627 4508
4628 4512
4629 4513
4630 2069
4631 1950
4632 3999
4633 3999
4634 4223
4635 4223
4636 3999
4637 4223
4638 4223
4639 4001
4640 3999
4641 4304
4642 4001
4643 4001
4644 4001
4645 4001
4646 3999
4647 1950
4648 3589
4649 3589
4650 4239
4651 4223
4652 4223
4653 4223
4654 4223
4655 4223
4656 4223
4657 3999
4658 4223
4659 4223
4660 4223
4661 4223
4662 4810
4663 4730
4664 4810
4665 324
4666 3349
4667 324
4668 260
4669 260
4670 340
4671 4508
4672 9
4673 3705
4674 4823
4675 4777
4676 4088
4677 4702
4678 4777
4679 4778
4680 4777
4681 4702
4682 3705
4683 3705
4684 4823
4685 4823
4686 4811
4687 4785
4688 4811
4689 4702
4690 4702
4691 4777
4692 4702
4693 4720
4694 3641
4695 1126
4696 4702
4697 4823
4698 4786
4699 4811
4700 4811
4701 4777
4702 4777
4703 4777
4704 4777
4705 4811
4706 4512
4707 4512
4708 4512
4709 4512
4710 4512
4711 4508
4712 4508
4713 4512
4714 4508
4715 4810
4716 9
4717 4826
4718 3109
4719 4826
4720 6
4721 6
4722 4720
4723 4811
4724 4811
4725 1126
4726 1126
4727 4811
4728 4811
4729 1126
4730 4811
4731 3705
4732 3705
4733 4826
4734 4730
4735 4730
4736 4730
4737 4826
4738 4730
4739 4811
4740 4811
4741 4811
4742 1126
4743 4777
4744 4720
4745 4778
4746 4777
4747 1126
4748 4777
4749 4720
4750 4777
4751 4777
4752 4777
4753 4777
4754 4777
4755 4777
4756 3109
4757 4777
4758 4777
4759 4777
4760 4828
4761 4828
4762 4777
4763 1761
4764 2311
4765 3585
4766 3757
4767 1574
4768 1574
4769 1060
4770 4345
4771 4256
4772 4374
4773 4374
4774 4374
4775 4374
4776 4374
4777 4374
4778 4374
4779 4374
4780 4374
4781 4374
4782 1240
4783 1240
4784 4658
4785 4658
4786 4658
4787 4223
4788 4001
4789 4658
4790 4658
4791 4001
4792 1240
4793 4374
4794 4658
4795 4374
4796 4374
4797 4374
4798 4665
4799 4665
4800 4665
4801 4665
4802 4374
4803 4374
4804 4665
4805 4685
4806 4665
4807 4374
4808 4685
4809 4374
4810 4374
4811 4685
4812 4658
4813 4374
4814 4658
4815 535
4816 4153
4817 1619
4818 4153
4819 4001
4820 4153
4821 4273
4822 4001
4823 4223
4824 4223
4825 4223
4826 4223
4827 4223
4828 4070
4829 3999
4830 4153
4831 3999
4832 4223
4833 4070
4834 4105
4835 4070
4836 3990
4837 3990
4838 4001
4839 4001
4840 4223
4841 3228
4842 4001
4843 2069
4844 4001
4845 4001
4846 4304
4847 3999
4848 3999
4849 4256
4850 4285
4851 4256
4852 2717
4853 4285
4854 4345
4855 4345
4856 2717
4857 3089
4858 4285
4859 2717
4860 1913
4861 1574
4862 2129
4863 2129
4864 2129
4865 2129
4866 2129
4867 1913
4868 4259
4869 3089
4870 2717
4871 2717
4872 3089
4873 3089
4874 4286
4875 4070
4876 4256
4877 4256
4878 3089
4879 4285
4880 3089
4881 2717
4882 2717
4883 3089
4884 2717
4885 2717
4886 4285
4887 2717
4888 2129
4889 2129
4890 1574
4891 1574
4892 3585
4893 2129
4894 2129
4895 1574
4896 1574
4897 1574
4898 1574
4899 1574
4900 2129
4901 1574
4902 1574
4903 1574
4904 2129
4905 2129
4906 2717
4907 1913
4908 1913
4909 1913
4910 4345
4911 4345
4912 4345
4913 4345
4914 4345
4915 2717
4916 2717
4917 2717
4918 4259
4919 2717
4920 2717
4921 4259
4922 3665
4923 2129
4924 4259
4925 4259
4926 1913
4927 2717
4928 1913
4929 966
4930 4197
4931 2129
4932 1913
4933 2456
4934 2129
4935 4345
4936 4345
4937 4197
4938 4345
4939 4345
4940 4109
4941 2456
4942 1913
4943 1913
4944 966
4945 4259
4946 2129
4947 2129
4948 1574
4949 1574
4950 1574
4951 1574
4952 1574
4953 1574
4954 1574
4955 1574
4956 4345
4957 3757
4958 3757
4959 3585
4960 4345
4961 4197
4962 2795
4963 4197
4964 4197
4965 4026
4966 4259
4967 1913
4968 1913
4969 1913
4970 4259
4971 4259
4972 4259
4973 1913
4974 1913
4975 1913
4976 4345
4977 4345
4978 845
4979 4345
4980 4345
4981 845
4982 4345
4983 1574
4984 1574
4985 3585
4986 4345
4987 3585
4988 3585
4989 4345
4990 4345
4991 1574
4992 4345
4993 4345
4994 4345
4995 4345
4996 4345
4997 4345
4998 1574
4999 1574
5000 2129
5001 4345
5002 2129
5003 2129
5004 2129
5005 1574
5006 2129
5007 1574
5008 2129
5009 3585
5010 1574
5011 1574
5012 3585
5013 4345
5014 3585
5015 4345
5016 3585
5017 3585
5018 1574
5019 2129
5020 2129
5021 553
5022 2129
5023 4259
5024 4259
5025 2456
5026 4259
5027 4197
5028 2129
5029 845
5030 2690
5031 3585
5032 845
5033 4345
5034 4345
5035 4345
5036 4345
5037 4345
5038 4345
5039 4345
5040 4345
5041 4345
5042 4345
5043 4345
5044 4345
5045 4345
5046 4345
5047 4345
5048 4345
5049 4345
5050 4345
5051 4345
5052 4345
5053 4345
5054 4345
5055 4345
5056 4345
5057 4345
5058 4345
5059 4345
5060 4345
5061 4345
5062 1574
5063 3585
5064 4345
5065 4345
5066 4345
5067 4345
5068 1574
5069 4345
5070 4345
5071 4345
5072 4345
5073 4345
5074 4345
5075 4345
5076 4345
5077 4345
5078 3585
5079 4345
5080 1574
5081 3585
5082 3757
5083 3757
5084 1574
5085 3585
5086 1574
5087 4345
5088 4345
5089 2456
5090 4197
5091 4197
5092 2129
5093 2129
5094 2129
5095 1913
5096 2129
5097 1913
5098 4197
5099 4345
5100 4345
5101 1913
5102 4345
5103 2129
5104 2129
5105 4197
5106 4197
5107 1574
5108 2129
5109 3585
5110 1574
5111 2129
5112 2129
5113 2456
5114 2129
5115 2129
5116 3585
5117 2129
5118 2838
5119 1574
5120 4345
5121 3585
5122 1574
5123 4345
5124 4345
5125 4345
5126 4345
5127 4345
5128 3585
5129 4345
5130 4345
5131 4345
5132 4345
5133 4345
5134 4345
5135 4345
5136 4345
5137 4345
5138 4345
5139 4345
5140 4345
5141 4345
5142 4345
5143 4345
5144 4345
5145 4345
5146 4345
5147 4345
5148 4345
5149 4345
5150 4345
5151 4345
5152 4345
5153 4345
5154 4345
5155 4345
5156 4345
5157 4345
5158 3585
5159 3585
5160 3585
5161 4345
5162 4345
5163 4345
5164 4345
5165 4345
5166 4345
5167 4345
5168 4345
5169 3585
5170 4345
5171 4345
5172 1746
5173 4047
5174 4047
5175 4047
5176 4708
5177 3868
5178 3570
5179 2162
5180 2162
5181 886
5182 3103
5183 4665
5184 4223
5185 4223
5186 4223
5187 886
5188 3868
5189 4047
5190 4708
5191 4047
5192 4708
5193 1903
5194 2162
5195 1903
5196 1464
5197 3570
5198 3868
5199 3868
5200 4223
5201 4665
5202 4665
5203 2162
5204 2154
5205 4223
5206 4223
