0 1797
1 1759
2 1780
3 1773
4 1773
5 1797
6 1688
7 1666
8 1619
9 1497
10 1497
11 1561
12 1800
13 1797
14 1733
15 1762
16 1762
17 1797
18 1762
19 1797
20 1759
21 1762
22 1762
23 1762
24 1733
25 1733
26 1762
27 1762
28 1780
29 1762
30 1759
31 1572
32 1543
33 1572
34 1428
35 1428
36 1543
37 1311
38 1543
39 1428
40 1228
41 1311
42 1575
43 1518
44 1561
45 1810
46 1824
47 1762
48 1817
49 1788
50 1820
51 1780
52 1698
53 1763
54 1698
55 1688
56 1666
57 1666
58 1497
59 1497
60 1497
61 1561
62 1820
63 1543
64 1776
65 1784
66 1763
67 1788
68 1763
69 1788
70 1788
71 1784
72 1769
73 1428
74 1572
75 1733
76 1769
77 1788
78 1763
79 1728
80 1776
81 1285
82 1428
83 1428
84 1244
85 1428
86 1285
87 1244
88 1244
89 1518
90 1244
91 1820
92 1784
93 1244
94 1497
95 1497
96 1497
97 1497
98 1497
99 1497
100 1497
101 1497
102 1497
103 1869
104 1821
105 1835
106 1821
107 1851
108 1800
109 1855
110 1863
111 1800
112 1800
113 1775
114 1775
115 1775
116 1775
117 1800
118 1829
119 1800
120 1856
121 1797
122 1800
123 1800
124 1800
125 1829
126 1835
127 1829
128 1835
129 1835
130 1883
131 1883
132 1856
133 1883
134 1883
135 1856
136 1835
137 1829
138 1800
139 1835
140 1856
141 1869
142 1869
143 1883
144 1835
145 1835
146 1835
147 1800
148 1829
149 1829
150 1835
151 1800
152 1800
153 1797
154 1800
155 1800
156 1797
157 1775
158 1883
159 1863
160 1856
161 1869
162 1856
163 1897
164 1881
165 1835
166 1897
167 1863
168 1856
169 1856
170 1836
171 1897
172 1883
173 1863
174 1856
175 1904
176 1883
177 1834
178 1828
179 1828
180 1834
181 1851
182 1836
183 1834
184 1850
185 1848
186 1835
187 1855
188 1867
189 1867
190 1797
191 1850
192 1839
193 1860
194 1839
195 1860
196 1867
197 1867
198 1831
199 1831
200 1775
201 1775
202 1775
203 1775
204 1800
205 1831
206 1828
207 1839
208 1820
209 1817
210 1814
211 1831
212 1839
213 1841
214 1817
215 1850
216 1875
217 1838
218 1871
219 1871
220 1850
221 1839
222 1841
223 1839
224 1852
225 1869
226 1869
227 1869
228 1852
229 1839
230 1800
231 1800
232 1800
233 1839
234 1839
235 1800
236 1762
237 1831
238 1831
239 1801
240 1810
241 1762
242 1868
243 1850
244 1860
245 1897
246 1902
247 1839
248 1850
249 1865
250 1850
251 1850
252 1867
253 1873
254 1850
255 1876
256 1839
257 1839
258 1839
259 1828
260 1831
261 1850
262 1839
263 1850
264 1867
265 1850
266 1850
267 1876
268 1867
269 1831
270 1835
271 1855
272 2558
273 1914
274 1933
275 1963
276 1910
277 1910
278 1910
279 2088
280 1904
281 1928
282 1897
283 1897
284 1883
285 1897
286 1897
287 1897
288 2109
289 2190
290 2135
291 2031
292 2316
293 2174
294 2181
295 2533
296 2476
297 1883
298 1883
299 1883
300 1883
301 1883
302 1883
303 1883
304 1897
305 1897
306 1904
307 1897
308 1883
309 2114
310 2156
311 2174
312 2034
313 2114
314 2066
315 2079
316 2103
317 2087
318 1989
319 2026
320 2037
321 1931
322 1978
323 1904
324 1897
325 1897
326 1883
327 1940
328 2015
329 2037
330 2079
331 2037
332 2079
333 1897
334 1897
335 1928
336 2003
337 2003
338 1904
339 1897
340 1904
341 1904
342 1978
343 2003
344 1914
345 1904
346 1963
347 1928
348 1914
349 1918
350 2015
351 2003
352 2015
353 1897
354 1897
355 1904
356 1897
357 1931
358 1891
359 2122
360 2558
361 2109
362 2139
363 2096
364 1928
365 1982
366 2066
367 2122
368 2601
369 2135
370 2316
371 2098
372 2096
373 2316
374 2236
375 2096
376 2096
377 2096
378 2066
379 2066
380 2026
381 2096
382 2026
383 2031
384 2096
385 2279
386 2118
387 2236
388 2252
389 2252
390 2316
391 2321
392 2316
393 2252
394 2252
395 2172
396 2122
397 2425
398 2252
399 2260
400 2252
401 2135
402 2066
403 2026
404 1928
405 1936
406 1928
407 1928
408 1989
409 1897
410 1904
411 1904
412 1865
413 1908
414 1875
415 1871
416 1871
417 1890
418 1890
419 1903
420 2037
421 2086
422 2156
423 1885
424 2089
425 2156
426 2260
427 1871
428 1867
429 1917
430 1871
431 1887
432 1885
433 1875
434 1885
435 1875
436 1868
437 2097
438 2086
439 2084
440 2079
441 2097
442 2037
443 2078
444 2045
445 2083
446 2156
447 1954
448 1978
449 2015
450 1952
451 1898
452 1875
453 1871
454 1871
455 1878
456 1910
457 4649
458 2035
459 2028
460 2028
461 2064
462 1890
463 1890
464 1930
465 1996
466 1930
467 1885
468 1890
469 1890
470 1898
471 1910
472 1930
473 1910
474 1917
475 1919
476 1890
477 1890
478 1930
479 1996
480 1898
481 1935
482 1871
483 1890
484 1875
485 1885
486 1890
487 2156
488 2156
489 2086
490 2156
491 2156
492 1929
493 1982
494 2031
495 2153
496 2156
497 2217
498 2066
499 2066
500 2199
501 2141
502 2098
503 2026
504 2040
505 2026
506 2096
507 2098
508 1929
509 2118
510 2236
511 2208
512 2316
513 2279
514 2166
515 2217
516 2172
517 2266
518 2174
519 4220
520 2223
521 2279
522 2172
523 2040
524 1873
525 1911
526 1873
527 1889
528 1911
529 1873
530 1888
531 1876
532 1897
533 1875
534 2533
535 2661
536 2709
537 2709
538 2777
539 2777
540 3089
541 3008
542 3089
543 3127
544 4577
545 4590
546 2777
547 3076
548 2932
549 2842
550 2709
551 2670
552 2708
553 2708
554 2777
555 2709
556 2777
557 3089
558 4608
559 4577
560 3049
561 4588
562 2912
563 2819
564 4587
565 2933
566 2558
567 2653
568 2558
569 2558
570 2670
571 2653
572 2558
573 2558
574 2670
575 2601
576 2425
577 2425
578 2670
579 2670
580 2670
581 2670
582 2558
583 2567
584 2558
585 2558
586 2636
587 2636
588 2558
589 2567
590 2670
591 2279
592 2279
593 2670
594 2670
595 2670
596 2279
597 2425
598 2172
599 2425
600 2533
601 2172
602 2222
603 2279
604 2279
605 2172
606 3139
607 3156
608 3139
609 3156
610 3139
611 3173
612 3090
613 3139
614 3253
615 2447
616 3090
617 3115
618 4482
619 3211
620 3139
621 3149
622 3139
623 4473
624 3149
625 4468
626 4466
627 3221
628 3156
629 4468
630 2447
631 4143
632 4143
633 2447
634 3149
635 4472
636 3211
637 3168
638 3156
639 3168
640 4625
641 3211
642 2447
643 2423
644 4143
645 2447
646 4468
647 4468
648 4466
649 4466
650 2400
651 3139
652 3156
653 3084
654 2813
655 3139
656 3156
657 2813
658 3173
659 3139
660 2813
661 3048
662 3201
663 4466
664 3089
665 3096
666 3139
667 3084
668 4466
669 4468
670 3211
671 3084
672 3156
673 3156
674 4630
675 2813
676 3212
677 3156
678 3212
679 2979
680 3173
681 2447
682 3008
683 3212
684 4466
685 2813
686 3096
687 3212
688 4579
689 4466
690 4466
691 4466
692 3149
693 4588
694 3194
695 3339
696 3350
697 3396
698 3379
699 3379
700 3317
701 5196
702 6
703 5196
704 4466
705 3211
706 4608
707 4608
708 3160
709 3160
710 3221
711 3350
712 3396
713 3317
714 4588
715 3317
716 3317
717 4466
718 3221
719 3211
720 3339
721 4608
722 4608
723 6
724 4608
725 4585
726 4576
727 4585
728 2935
729 4570
730 4585
731 3350
732 3350
733 3279
734 2935
735 2943
736 2935
737 4570
738 3307
739 2987
740 4586
741 4608
742 4576
743 4576
744 4608
745 3396
746 3396
747 4608
748 3149
749 3234
750 3390
751 3396
752 3396
753 3396
754 3390
755 3396
756 3396
757 3339
758 3317
759 6
760 4466
761 4466
762 4466
763 3211
764 4466
765 3089
766 2935
767 4466
768 3396
769 5196
770 3317
771 3234
772 3149
773 4466
774 3234
775 3234
776 3279
777 4466
778 5196
779 3350
780 6
781 3160
782 3396
783 3211
784 3194
785 3160
786 3160
787 4608
788 4608
789 2935
790 4608
791 3149
792 3160
793 2944
794 4585
795 2944
796 3396
797 3211
798 3160
799 4608
800 4608
801 3115
802 4585
803 4586
804 4588
805 4608
806 4608
807 4576
808 4608
809 5196
810 4466
811 6
812 3317
813 3339
814 3339
815 6
816 4466
817 4588
818 4608
819 4608
820 4608
821 3411
822 3076
823 3241
824 3173
825 4604
826 4570
827 3160
828 3317
829 5196
830 3317
831 5196
832 3317
833 6
834 6
835 6
836 4466
837 4466
838 4466
839 4608
840 4608
841 3160
842 3160
843 6
844 4466
845 3339
846 5196
847 4608
848 5196
849 6
850 4466
851 4466
852 3211
853 5196
854 4608
855 4608
856 4466
857 4608
858 4608
859 4585
860 2935
861 2943
862 4604
863 4570
864 3149
865 5196
866 3339
867 3149
868 2935
869 4585
870 4570
871 4570
872 4466
873 4608
874 4608
875 4588
876 4590
877 4576
878 4586
879 3339
880 3339
881 4608
882 4608
883 3201
884 3379
885 3339
886 3339
887 3339
888 3339
889 3317
890 3339
891 3317
892 5196
893 4466
894 4466
895 4466
896 4466
897 4466
898 3211
899 3083
900 2935
901 4466
902 4466
903 4466
904 5196
905 3127
906 3168
907 4466
908 3076
909 3082
910 3295
911 3168
912 6
913 3278
914 6
915 3160
916 3339
917 3211
918 4608
919 4608
920 3160
921 4608
922 4585
923 4588
924 4570
925 4588
926 3160
927 4588
928 4604
929 4586
930 3339
931 3160
932 3211
933 4608
934 4583
935 4608
936 4579
937 4585
938 4585
939 4608
940 4608
941 3221
942 4604
943 4608
944 4588
945 6
946 4466
947 4466
948 6
949 3317
950 4466
951 4466
952 4608
953 4608
954 4608
955 3234
956 3173
957 3156
958 2935
959 4585
960 4585
961 2836
962 4604
963 2797
964 2751
965 4416
966 4416
967 3737
968 4432
969 3737
970 3737
971 4416
972 4416
973 4432
974 4416
975 4416
976 4432
977 4416
978 4416
979 4416
980 4416
981 3666
982 3634
983 4450
984 3690
985 3737
986 3737
987 4416
988 4094
989 4416
990 4416
991 4416
992 4416
993 4416
994 4416
995 4416
996 3737
997 3737
998 3737
999 3737
1000 3737
1001 4432
1002 3569
1003 4416
1004 4416
1005 4416
1006 3737
1007 4432
1008 3737
1009 3396
1010 3390
1011 3550
1012 3411
1013 3471
1014 3339
1015 3471
1016 3639
1017 3396
1018 3339
1019 3520
1020 3737
1021 4432
1022 4416
1023 4432
1024 3639
1025 4416
1026 4432
1027 4416
1028 4416
1029 4416
1030 4432
1031 3737
1032 4416
1033 4416
1034 3360
1035 3737
1036 3737
1037 3639
1038 3381
1039 4432
1040 3111
1041 3396
1042 3390
1043 3390
1044 3520
1045 3390
1046 3379
1047 3595
1048 3450
1049 3201
1050 3450
1051 3096
1052 3076
1053 4586
1054 2920
1055 4604
1056 3737
1057 3737
1058 3299
1059 3156
1060 3299
1061 3658
1062 3737
1063 3818
1064 3737
1065 4432
1066 3471
1067 4096
1068 3511
1069 3460
1070 4568
1071 4568
1072 4587
1073 2751
1074 2911
1075 2917
1076 2917
1077 2670
1078 3089
1079 2670
1080 2708
1081 3111
1082 3363
1083 3634
1084 4450
1085 3737
1086 4416
1087 4432
1088 4432
1089 3737
1090 4416
1091 2689
1092 3797
1093 3737
1094 3639
1095 3595
1096 3658
1097 3797
1098 3595
1099 4416
1100 4416
1101 3634
1102 3658
1103 3569
1104 4432
1105 4093
1106 3363
1107 4416
1108 4450
1109 4416
1110 4416
1111 3595
1112 4416
1113 4416
1114 4416
1115 4432
1116 4432
1117 4416
1118 4450
1119 4416
1120 3634
1121 4094
1122 4416
1123 4416
1124 4432
1125 4432
1126 3737
1127 3737
1128 3690
1129 3339
1130 3379
1131 3491
1132 3279
1133 3350
1134 3339
1135 3450
1136 3639
1137 3317
1138 3339
1139 3390
1140 3689
1141 3737
1142 4096
1143 3737
1144 3520
1145 3737
1146 3690
1147 4432
1148 4416
1149 4416
1150 3737
1151 3737
1152 4432
1153 4416
1154 3494
1155 4416
1156 3690
1157 3405
1158 3389
1159 4416
1160 3159
1161 3379
1162 3339
1163 3379
1164 3390
1165 3379
1166 3339
1167 3379
1168 3312
1169 3234
1170 3350
1171 4582
1172 4580
1173 4585
1174 2876
1175 2965
1176 3639
1177 3737
1178 3450
1179 3201
1180 3299
1181 3639
1182 3059
1183 3737
1184 3634
1185 3737
1186 3494
1187 4093
1188 3639
1189 3450
1190 4585
1191 4587
1192 4605
1193 2725
1194 2876
1195 4609
1196 2754
1197 2460
1198 3076
1199 2670
1200 3008
1201 3059
1202 3299
1203 4093
1204 4432
1205 3634
1206 4416
1207 3737
1208 4432
1209 3737
1210 4450
1211 3082
1212 3666
1213 3737
1214 3550
1215 3635
1216 3635
1217 3737
1218 3635
1219 4416
1220 4416
1221 3595
1222 3595
1223 3689
1224 3737
1225 3639
1226 3484
1227 4432
1228 4416
1229 4416
1230 4416
1231 3595
1232 3160
1233 4466
1234 4466
1235 3185
1236 4468
1237 4466
1238 4466
1239 3211
1240 3149
1241 4466
1242 4466
1243 4466
1244 4466
1245 4466
1246 4466
1247 4466
1248 4466
1249 3211
1250 3149
1251 4466
1252 2423
1253 4466
1254 4466
1255 4466
1256 4468
1257 4466
1258 4466
1259 4468
1260 4466
1261 4466
1262 4468
1263 4468
1264 4466
1265 4466
1266 4466
1267 4630
1268 4466
1269 4466
1270 3160
1271 4466
1272 4466
1273 4466
1274 3185
1275 4466
1276 4468
1277 3084
1278 3084
1279 3084
1280 3185
1281 3185
1282 3211
1283 3185
1284 3185
1285 2813
1286 3128
1287 4466
1288 4466
1289 2423
1290 4466
1291 4466
1292 4466
1293 3185
1294 4468
1295 4466
1296 2813
1297 3084
1298 2423
1299 4466
1300 3149
1301 4466
1302 2423
1303 2423
1304 4466
1305 4517
1306 5196
1307 2670
1308 3089
1309 3159
1310 3299
1311 2670
1312 2670
1313 2460
1314 2661
1315 2460
1316 2708
1317 2708
1318 2712
1319 3107
1320 2777
1321 2708
1322 3173
1323 2708
1324 2460
1325 3049
1326 2460
1327 2763
1328 2819
1329 2670
1330 3076
1331 3083
1332 3089
1333 4163
1334 3159
1335 3201
1336 3360
1337 4579
1338 3797
1339 3275
1340 4517
1341 4534
1342 3094
1343 3595
1344 4625
1345 3158
1346 3218
1347 3595
1348 3118
1349 3595
1350 3118
1351 3390
1352 3595
1353 3595
1354 4534
1355 4534
1356 3595
1357 2670
1358 3275
1359 2670
1360 2670
1361 3156
1362 3363
1363 2670
1364 2670
1365 2670
1366 2460
1367 2460
1368 2460
1369 2708
1370 3089
1371 3159
1372 3120
1373 2777
1374 2460
1375 3090
1376 2708
1377 2709
1378 2813
1379 2400
1380 2708
1381 2777
1382 2709
1383 2884
1384 3089
1385 3083
1386 3089
1387 3241
1388 3115
1389 3360
1390 3149
1391 3753
1392 4533
1393 2438
1394 4534
1395 3299
1396 3595
1397 4625
1398 4542
1399 4542
1400 3595
1401 3390
1402 3595
1403 3390
1404 3595
1405 3595
1406 3595
1407 4136
1408 3066
1409 3595
1410 2813
1411 2979
1412 2863
1413 2813
1414 4165
1415 4575
1416 4163
1417 2813
1418 4165
1419 2785
1420 2708
1421 3595
1422 3595
1423 3390
1424 3595
1425 3595
1426 3595
1427 4136
1428 3447
1429 3595
1430 3595
1431 3595
1432 1929
1433 2017
1434 2075
1435 2028
1436 1985
1437 2099
1438 2031
1439 1982
1440 2026
1441 2053
1442 2031
1443 1929
1444 1982
1445 1960
1446 1929
1447 1929
1448 1960
1449 4649
1450 2026
1451 4203
1452 4203
1453 2153
1454 2040
1455 2066
1456 2159
1457 2026
1458 2066
1459 2053
1460 2209
1461 2217
1462 2209
1463 2075
1464 2088
1465 2086
1466 2110
1467 2067
1468 2088
1469 2067
1470 2101
1471 2116
1472 2060
1473 2000
1474 2097
1475 2086
1476 2110
1477 2153
1478 4203
1479 4203
1480 2110
1481 2318
1482 2099
1483 2115
1484 2146
1485 2141
1486 2209
1487 2232
1488 2217
1489 4203
1490 2063
1491 2101
1492 4203
1493 4203
1494 2086
1495 2153
1496 4203
1497 2099
1498 2099
1499 2153
1500 2124
1501 2141
1502 2209
1503 2050
1504 2217
1505 2209
1506 2153
1507 4203
1508 4203
1509 2159
1510 2066
1511 2066
1512 2209
1513 2066
1514 2141
1515 2209
1516 2202
1517 2202
1518 2327
1519 2370
1520 2153
1521 2026
1522 2040
1523 2031
1524 2000
1525 2031
1526 2026
1527 2040
1528 2141
1529 2397
1530 2207
1531 2409
1532 2151
1533 4223
1534 2397
1535 2409
1536 2409
1537 2237
1538 2397
1539 2259
1540 2279
1541 2421
1542 2259
1543 2421
1544 2388
1545 2388
1546 4221
1547 2421
1548 2397
1549 2378
1550 2388
1551 2378
1552 2421
1553 2421
1554 2421
1555 2207
1556 2421
1557 2421
1558 2318
1559 2412
1560 2388
1561 2250
1562 2250
1563 2379
1564 2216
1565 4206
1566 2744
1567 2662
1568 2226
1569 4175
1570 4175
1571 4175
1572 4175
1573 2753
1574 2744
1575 2744
1576 4175
1577 2512
1578 4175
1579 4175
1580 4175
1581 4175
1582 4210
1583 2226
1584 2286
1585 2474
1586 2226
1587 2247
1588 2247
1589 4175
1590 4175
1591 4175
1592 4175
1593 4175
1594 2822
1595 2744
1596 4175
1597 4175
1598 4175
1599 4175
1600 4175
1601 4175
1602 4175
1603 4175
1604 4175
1605 4175
1606 4175
1607 4175
1608 2621
1609 2512
1610 4175
1611 4175
1612 4175
1613 2338
1614 4175
1615 2822
1616 2301
1617 2512
1618 4175
1619 4175
1620 4175
1621 4175
1622 4175
1623 2744
1624 4175
1625 4175
1626 4175
1627 2512
1628 2512
1629 2247
1630 2358
1631 2301
1632 2301
1633 2409
1634 2409
1635 2301
1636 2369
1637 2387
1638 4205
1639 2420
1640 2744
1641 2770
1642 2753
1643 4175
1644 4175
1645 4175
1646 2286
1647 4175
1648 4175
1649 4175
1650 2512
1651 2258
1652 2249
1653 4210
1654 2662
1655 4206
1656 2288
1657 4206
1658 2247
1659 2789
1660 4175
1661 2789
1662 4175
1663 4175
1664 4175
1665 4175
1666 2662
1667 4175
1668 4175
1669 4175
1670 4175
1671 4175
1672 4175
1673 4175
1674 2474
1675 4175
1676 4175
1677 4175
1678 2744
1679 4208
1680 2744
1681 4175
1682 2247
1683 2301
1684 2744
1685 4175
1686 4209
1687 4175
1688 2744
1689 2662
1690 4175
1691 4175
1692 4175
1693 4175
1694 4175
1695 4175
1696 4175
1697 4175
1698 4175
1699 4175
1700 4175
1701 4175
1702 4175
1703 4175
1704 4175
1705 4175
1706 2272
1707 4210
1708 4206
1709 2226
1710 2512
1711 2744
1712 2744
1713 2662
1714 2662
1715 2226
1716 4206
1717 4210
1718 4211
1719 4207
1720 2409
1721 2289
1722 2486
1723 4211
1724 2369
1725 2486
1726 2445
1727 4175
1728 4175
1729 4175
1730 4175
1731 4175
1732 4175
1733 4175
1734 4175
1735 4175
1736 4175
1737 4175
1738 4175
1739 4175
1740 4175
1741 4175
1742 2662
1743 2662
1744 4175
1745 4175
1746 2512
1747 2247
1748 2512
1749 2621
1750 2631
1751 2338
1752 2358
1753 2621
1754 2338
1755 2358
1756 2512
1757 2474
1758 2298
1759 2603
1760 2298
1761 2766
1762 3077
1763 3014
1764 2246
1765 2829
1766 3089
1767 2766
1768 3053
1769 2829
1770 3014
1771 3014
1772 2766
1773 3077
1774 3100
1775 3100
1776 3100
1777 3078
1778 3078
1779 3100
1780 3067
1781 2428
1782 2298
1783 2829
1784 2766
1785 2829
1786 3014
1787 3077
1788 3100
1789 3067
1790 2298
1791 3014
1792 2766
1793 2910
1794 3077
1795 2766
1796 2829
1797 3100
1798 3100
1799 2474
1800 3014
1801 2829
1802 3014
1803 3053
1804 2522
1805 3014
1806 2522
1807 2869
1808 2829
1809 2474
1810 2298
1811 2766
1812 2428
1813 3014
1814 3014
1815 2298
1816 2298
1817 2829
1818 2428
1819 2829
1820 3100
1821 3078
1822 3078
1823 3078
1824 3067
1825 3524
1826 3355
1827 3338
1828 3482
1829 3433
1830 3372
1831 3566
1832 3373
1833 3119
1834 3433
1835 3372
1836 3242
1837 3524
1838 3337
1839 3646
1840 3433
1841 3372
1842 3524
1843 3337
1844 3338
1845 3372
1846 3372
1847 3372
1848 3242
1849 3166
1850 3242
1851 3259
1852 3372
1853 3242
1854 3372
1855 3259
1856 3242
1857 3197
1858 3198
1859 3372
1860 3259
1861 3338
1862 3242
1863 3337
1864 3338
1865 3078
1866 3130
1867 3153
1868 3119
1869 3215
1870 3177
1871 3130
1872 3242
1873 3153
1874 3151
1875 3249
1876 3078
1877 3105
1878 3105
1879 3105
1880 3105
1881 3105
1882 3095
1883 3785
1884 3785
1885 3785
1886 3566
1887 3433
1888 3482
1889 3566
1890 3524
1891 3482
1892 3524
1893 3524
1894 3646
1895 3785
1896 3785
1897 3785
1898 3827
1899 3646
1900 3785
1901 3785
1902 3742
1903 3785
1904 3785
1905 3827
1906 3785
1907 3590
1908 3590
1909 3524
1910 3524
1911 3524
1912 3524
1913 3827
1914 3785
1915 3785
1916 3785
1917 3785
1918 3785
1919 3785
1920 3496
1921 3524
1922 3566
1923 3566
1924 3372
1925 3372
1926 3372
1927 3827
1928 3482
1929 3433
1930 3524
1931 3372
1932 3524
1933 3524
1934 3433
1935 3105
1936 3259
1937 3242
1938 3242
1939 3338
1940 3338
1941 3293
1942 3259
1943 3311
1944 3293
1945 3198
1946 3119
1947 3259
1948 3242
1949 3153
1950 3119
1951 3151
1952 3166
1953 3288
1954 3130
1955 3198
1956 3119
1957 3180
1958 3215
1959 3338
1960 3433
1961 3338
1962 3338
1963 3338
1964 3372
1965 3259
1966 3338
1967 3433
1968 3372
1969 3274
1970 3249
1971 3232
1972 3827
1973 3785
1974 3827
1975 3646
1976 3785
1977 3785
1978 3785
1979 3785
1980 3827
1981 3785
1982 3827
1983 3827
1984 3827
1985 3785
1986 3827
1987 3590
1988 3433
1989 3524
1990 3785
1991 3785
1992 3566
1993 3566
1994 3482
1995 3785
1996 3785
1997 3742
1998 3742
1999 3742
2000 3742
2001 3742
2002 3742
2003 3742
2004 3827
2005 3785
2006 3742
2007 76
2008 3742
2009 3742
2010 76
2011 3742
2012 76
2013 3742
2014 3742
2015 76
2016 76
2017 76
2018 3785
2019 3785
2020 3742
2021 3742
2022 3785
2023 3742
2024 3742
2025 3742
2026 3742
2027 3785
2028 3742
2029 3785
2030 3742
2031 76
2032 76
2033 76
2034 3742
2035 76
2036 3742
2037 76
2038 76
2039 76
2040 3742
2041 3742
2042 3742
2043 3742
2044 76
2045 3742
2046 3742
2047 3742
2048 76
2049 3742
2050 3742
2051 3742
2052 76
2053 76
2054 76
2055 3742
2056 76
2057 76
2058 76
2059 3742
2060 3742
2061 3742
2062 3742
2063 3785
2064 3785
2065 3785
2066 3742
2067 3742
2068 3742
2069 3785
2070 3785
2071 3785
2072 3785
2073 3742
2074 3742
2075 3742
2076 76
2077 3742
2078 3827
2079 3742
2080 76
2081 76
2082 76
2083 3742
2084 3742
2085 3785
2086 3742
2087 76
2088 76
2089 76
2090 76
2091 3742
2092 3827
2093 3785
2094 3742
2095 3742
2096 76
2097 76
2098 3742
2099 3785
2100 76
2101 3742
2102 3742
2103 3785
2104 3785
2105 76
2106 76
2107 76
2108 76
2109 76
2110 76
2111 3524
2112 76
2113 76
2114 76
2115 76
2116 76
2117 76
2118 76
2119 76
2120 76
2121 76
2122 76
2123 76
2124 76
2125 76
2126 76
2127 76
2128 76
2129 76
2130 76
2131 76
2132 76
2133 76
2134 76
2135 76
2136 76
2137 76
2138 76
2139 76
2140 76
2141 76
2142 76
2143 76
2144 76
2145 76
2146 76
2147 76
2148 76
2149 76
2150 76
2151 76
2152 76
2153 3742
2154 3742
2155 3742
2156 76
2157 76
2158 3742
2159 3742
2160 3742
2161 3742
2162 3742
2163 3742
2164 76
2165 3742
2166 76
2167 3742
2168 3742
2169 3742
2170 3742
2171 3742
2172 76
2173 3742
2174 3742
2175 3742
2176 3742
2177 76
2178 3742
2179 3742
2180 3742
2181 3785
2182 3742
2183 3785
2184 3742
2185 3742
2186 3742
2187 3742
2188 3566
2189 3646
2190 3742
2191 3785
2192 3742
2193 3742
2194 3742
2195 3742
2196 3785
2197 3742
2198 3742
2199 3742
2200 3742
2201 3742
2202 76
2203 3742
2204 76
2205 76
2206 3742
2207 76
2208 76
2209 3827
2210 3646
2211 3785
2212 3785
2213 3785
2214 3742
2215 3742
2216 3742
2217 3785
2218 3742
2219 3646
2220 3742
2221 3742
2222 3742
2223 3785
2224 3742
2225 3742
2226 3742
2227 3742
2228 3742
2229 3742
2230 3742
2231 3742
2232 3742
2233 3742
2234 3742
2235 3742
2236 3742
2237 3742
2238 3742
2239 3742
2240 3742
2241 3742
2242 3742
2243 3742
2244 76
2245 3566
2246 3590
2247 3785
2248 3566
2249 3524
2250 3496
2251 3482
2252 3524
2253 3590
2254 3482
2255 3424
2256 3424
2257 3482
2258 3433
2259 3433
2260 3433
2261 3496
2262 3496
2263 3433
2264 3433
2265 3433
2266 3590
2267 3590
2268 3566
2269 3566
2270 3590
2271 3785
2272 3785
2273 3742
2274 3646
2275 3646
2276 3590
2277 3566
2278 3785
2279 3646
2280 3742
2281 3646
2282 3646
2283 3785
2284 3785
2285 3785
2286 3742
2287 3742
2288 3785
2289 3785
2290 3646
2291 3646
2292 3827
2293 3785
2294 3785
2295 3785
2296 3646
2297 3785
2298 3646
2299 3646
2300 3785
2301 3742
2302 3785
2303 3785
2304 3785
2305 3742
2306 3785
2307 3372
2308 3524
2309 3524
2310 3590
2311 3433
2312 3433
2313 3433
2314 3482
2315 3566
2316 3482
2317 3372
2318 3424
2319 3372
2320 3590
2321 3433
2322 3524
2323 3433
2324 3482
2325 3433
2326 1989
2327 2026
2328 2084
2329 2084
2330 2037
2331 2098
2332 2026
2333 2031
2334 2037
2335 2037
2336 2066
2337 2040
2338 1936
2339 2037
2340 2026
2341 2031
2342 2026
2343 1936
2344 2026
2345 2037
2346 2034
2347 2241
2348 2361
2349 2034
2350 2079
2351 2034
2352 2122
2353 2034
2354 2307
2355 2034
2356 2197
2357 2266
2358 4231
2359 2264
2360 2156
2361 2166
2362 2181
2363 2121
2364 2156
2365 2079
2366 2079
2367 2181
2368 2166
2369 4203
2370 2181
2371 2181
2372 2266
2373 4219
2374 2166
2375 2354
2376 2181
2377 2243
2378 4220
2379 2321
2380 2307
2381 2283
2382 2121
2383 2181
2384 2349
2385 2283
2386 4203
2387 4203
2388 2319
2389 2321
2390 2034
2391 2122
2392 2098
2393 2197
2394 4220
2395 2307
2396 2089
2397 2114
2398 2187
2399 2265
2400 2307
2401 2264
2402 2264
2403 2307
2404 2122
2405 2034
2406 2122
2407 2122
2408 2222
2409 2221
2410 2264
2411 2333
2412 2264
2413 2333
2414 4203
2415 2034
2416 2037
2417 2066
2418 2066
2419 2079
2420 2037
2421 2089
2422 2034
2423 2243
2424 2164
2425 2585
2426 2352
2427 2440
2428 2406
2429 2406
2430 2461
2431 2480
2432 2425
2433 2406
2434 2461
2435 2494
2436 2440
2437 2364
2438 2585
2439 2440
2440 2406
2441 2406
2442 2306
2443 2352
2444 2352
2445 2480
2446 2282
2447 2480
2448 2352
2449 2352
2450 2352
2451 2480
2452 2480
2453 2480
2454 2354
2455 2364
2456 2406
2457 2333
2458 2306
2459 2354
2460 2354
2461 2600
2462 4624
2463 2841
2464 2609
2465 2600
2466 2535
2467 2535
2468 2600
2469 2689
2470 2501
2471 2493
2472 2540
2473 2493
2474 2493
2475 2540
2476 2501
2477 2540
2478 2493
2479 2493
2480 2472
2481 2416
2482 2390
2483 2540
2484 2540
2485 2501
2486 2540
2487 2540
2488 2390
2489 2759
2490 4619
2491 4624
2492 2600
2493 2535
2494 2448
2495 2400
2496 4624
2497 2400
2498 2535
2499 2600
2500 2493
2501 2448
2502 4624
2503 2689
2504 2708
2505 2600
2506 2535
2507 2689
2508 2493
2509 2501
2510 2448
2511 2400
2512 2448
2513 2555
2514 2681
2515 4624
2516 4624
2517 2600
2518 2535
2519 2400
2520 4624
2521 2535
2522 2600
2523 2540
2524 2501
2525 2501
2526 2493
2527 2540
2528 2493
2529 2540
2530 2540
2531 2448
2532 4624
2533 4624
2534 2566
2535 2448
2536 2448
2537 2415
2538 4619
2539 2415
2540 2448
2541 2676
2542 2712
2543 2698
2544 2829
2545 2829
2546 2985
2547 2858
2548 2712
2549 3014
2550 2829
2551 2985
2552 3014
2553 2858
2554 3014
2555 3014
2556 2829
2557 3028
2558 3028
2559 3005
2560 3028
2561 3005
2562 3005
2563 3005
2564 3005
2565 2712
2566 2858
2567 2834
2568 2698
2569 2829
2570 3014
2571 3028
2572 3005
2573 3005
2574 2676
2575 2858
2576 2698
2577 3014
2578 2985
2579 2829
2580 2852
2581 3005
2582 3028
2583 2712
2584 2858
2585 2829
2586 2858
2587 2858
2588 2698
2589 3014
2590 2985
2591 2829
2592 2852
2593 2712
2594 2698
2595 2829
2596 3014
2597 2858
2598 2829
2599 2712
2600 2985
2601 2858
2602 2698
2603 2985
2604 3028
2605 3005
2606 3005
2607 3005
2608 3005
2609 3417
2610 3376
2611 3219
2612 3226
2613 4456
2614 3144
2615 3401
2616 4125
2617 3144
2618 3485
2619 3345
2620 4138
2621 3164
2622 3270
2623 3226
2624 3530
2625 3401
2626 3530
2627 3401
2628 3485
2629 4455
2630 3335
2631 3157
2632 3226
2633 4456
2634 3207
2635 3131
2636 3131
2637 4123
2638 3401
2639 4125
2640 3497
2641 3164
2642 3157
2643 3226
2644 3092
2645 3144
2646 3104
2647 3131
2648 3164
2649 3164
2650 3170
2651 3237
2652 3157
2653 3065
2654 3065
2655 3065
2656 3065
2657 3104
2658 3104
2659 3065
2660 3104
2661 3065
2662 3065
2663 3104
2664 3065
2665 3065
2666 3065
2667 3005
2668 3065
2669 3065
2670 3065
2671 3065
2672 4123
2673 4351
2674 4456
2675 3270
2676 4456
2677 3401
2678 3485
2679 3401
2680 3270
2681 4456
2682 3270
2683 3485
2684 3587
2685 3587
2686 3587
2687 3587
2688 3587
2689 3587
2690 4123
2691 3497
2692 4125
2693 3636
2694 3670
2695 3670
2696 3587
2697 3637
2698 3467
2699 3485
2700 3587
2701 3636
2702 3670
2703 3485
2704 3376
2705 4125
2706 3401
2707 3417
2708 3530
2709 3636
2710 3587
2711 3587
2712 3587
2713 3587
2714 3670
2715 3401
2716 4125
2717 4125
2718 4125
2719 3226
2720 3255
2721 4138
2722 3226
2723 3485
2724 3361
2725 3361
2726 3361
2727 4138
2728 3361
2729 4138
2730 4456
2731 3270
2732 3401
2733 4138
2734 4138
2735 3080
2736 3145
2737 3178
2738 4138
2739 4151
2740 3179
2741 3226
2742 3070
2743 3144
2744 4152
2745 3104
2746 3104
2747 3104
2748 3104
2749 3042
2750 3042
2751 3042
2752 3080
2753 3065
2754 3104
2755 3226
2756 3401
2757 3530
2758 4456
2759 4138
2760 3226
2761 4138
2762 4125
2763 4455
2764 4145
2765 3376
2766 3270
2767 3145
2768 3145
2769 4151
2770 3587
2771 3587
2772 3587
2773 3636
2774 3636
2775 3636
2776 3670
2777 3670
2778 3467
2779 3636
2780 3587
2781 3670
2782 3636
2783 3636
2784 3587
2785 3587
2786 3467
2787 4125
2788 3636
2789 3670
2790 3485
2791 3587
2792 3587
2793 3670
2794 3587
2795 4351
2796 4351
2797 4351
2798 4351
2799 3636
2800 4123
2801 4351
2802 4351
2803 4351
2804 4351
2805 4351
2806 4351
2807 4351
2808 4351
2809 4351
2810 4351
2811 3670
2812 4351
2813 3636
2814 4351
2815 4351
2816 4351
2817 4351
2818 4351
2819 4351
2820 4351
2821 3636
2822 4351
2823 4125
2824 3587
2825 3636
2826 3636
2827 4351
2828 3670
2829 4351
2830 4351
2831 4351
2832 3636
2833 3636
2834 4351
2835 3692
2836 4351
2837 3670
2838 3670
2839 4351
2840 4351
2841 4351
2842 4351
2843 4351
2844 3692
2845 4351
2846 4351
2847 4351
2848 4351
2849 4351
2850 4351
2851 4351
2852 4351
2853 4351
2854 4351
2855 4351
2856 4351
2857 4351
2858 3587
2859 3692
2860 4351
2861 4123
2862 3587
2863 3670
2864 3587
2865 3361
2866 3401
2867 3587
2868 3670
2869 3587
2870 4125
2871 3636
2872 3401
2873 4125
2874 3587
2875 3587
2876 3692
2877 4351
2878 3587
2879 4351
2880 4351
2881 3637
2882 3670
2883 3401
2884 4123
2885 4351
2886 4351
2887 4351
2888 4351
2889 4351
2890 4351
2891 3636
2892 3692
2893 3692
2894 4351
2895 4351
2896 4351
2897 4351
2898 4351
2899 4351
2900 3692
2901 4351
2902 3587
2903 3587
2904 4351
2905 4351
2906 4351
2907 4351
2908 4351
2909 3587
2910 3692
2911 3670
2912 4351
2913 4351
2914 3636
2915 4351
2916 4351
2917 4351
2918 4351
2919 4351
2920 4351
2921 4351
2922 4351
2923 4351
2924 4125
2925 3716
2926 4351
2927 4351
2928 4351
2929 3692
2930 4351
2931 4351
2932 4351
2933 4351
2934 4351
2935 4351
2936 4351
2937 4351
2938 4351
2939 4351
2940 4351
2941 4351
2942 4351
2943 4351
2944 4351
2945 4351
2946 4351
2947 4351
2948 4351
2949 4351
2950 4351
2951 4351
2952 4351
2953 4351
2954 4351
2955 4351
2956 4351
2957 4351
2958 4351
2959 4351
2960 4351
2961 4351
2962 4351
2963 4351
2964 4351
2965 4351
2966 4351
2967 4351
2968 4351
2969 4351
2970 4351
2971 4351
2972 4351
2973 3692
2974 3587
2975 3692
2976 4351
2977 4351
2978 4351
2979 4351
2980 3670
2981 3587
2982 4123
2983 4123
2984 4123
2985 3692
2986 4351
2987 4351
2988 4123
2989 3530
2990 3587
2991 3587
2992 3530
2993 3467
2994 3670
2995 4351
2996 4351
2997 4351
2998 4351
2999 3692
3000 4123
3001 3467
3002 3530
3003 3670
3004 3485
3005 3587
3006 3467
3007 3587
3008 3670
3009 3467
3010 3485
3011 3670
3012 3716
3013 3636
3014 3692
3015 4351
3016 4351
3017 4351
3018 3401
3019 3485
3020 4351
3021 3670
3022 3692
3023 4351
3024 3716
3025 3587
3026 4351
3027 4351
3028 3670
3029 3485
3030 4351
3031 4351
3032 4351
3033 4351
3034 4351
3035 4351
3036 4351
3037 4351
3038 3716
3039 4351
3040 4351
3041 3716
3042 3636
3043 4351
3044 4351
3045 4351
3046 4351
3047 4351
3048 3716
3049 4351
3050 4351
3051 4351
3052 4351
3053 4351
3054 4351
3055 4351
3056 4351
3057 4351
3058 4351
3059 4351
3060 4351
3061 4351
3062 4351
3063 4351
3064 4351
3065 4351
3066 4351
3067 4351
3068 4351
3069 4351
3070 4351
3071 4351
3072 4351
3073 4351
3074 4351
3075 4351
3076 4351
3077 3587
3078 4351
3079 4351
3080 4351
3081 3692
3082 3692
3083 3670
3084 3485
3085 3530
3086 4123
3087 4351
3088 4351
3089 3636
3090 3670
3091 3345
3092 3345
3093 3485
3094 3361
3095 3485
3096 3587
3097 3587
3098 3401
3099 3401
3100 3587
3101 4125
3102 3401
3103 3587
3104 3636
3105 3485
3106 3485
3107 4351
3108 3636
3109 4351
3110 4123
3111 4125
3112 3670
3113 3670
3114 4351
3115 3692
3116 3587
3117 3670
3118 3692
3119 4351
3120 3716
3121 4351
3122 3716
3123 3670
3124 3692
3125 3692
3126 4351
3127 4351
3128 3692
3129 3692
3130 3692
3131 3670
3132 3692
3133 4351
3134 4351
3135 4351
3136 4351
3137 3692
3138 3670
3139 4351
3140 4351
3141 3670
3142 3637
3143 3636
3144 3670
3145 3637
3146 4125
3147 3485
3148 3485
3149 4125
3150 3587
3151 3692
3152 3485
3153 3401
3154 3376
3155 4125
3156 4351
3157 3636
3158 3670
3159 3467
3160 4125
3161 3587
3162 3485
3163 1773
3164 1773
3165 1698
3166 1773
3167 1773
3168 1688
3169 1653
3170 1688
3171 1666
3172 1619
3173 1653
3174 1666
3175 1497
3176 1497
3177 1497
3178 1598
3179 1598
3180 1497
3181 1784
3182 1428
3183 1244
3184 1110
3185 1244
3186 1244
3187 1050
3188 1050
3189 1050
3190 1297
3191 1036
3192 1469
3193 1050
3194 1050
3195 1110
3196 1469
3197 1110
3198 1469
3199 1469
3200 1469
3201 1469
3202 1469
3203 1497
3204 1497
3205 1497
3206 1482
3207 1469
3208 1469
3209 1469
3210 1469
3211 1497
3212 1469
3213 1469
3214 1469
3215 1469
3216 1469
3217 1432
3218 1432
3219 1432
3220 1432
3221 1432
3222 1469
3223 1497
3224 1497
3225 1497
3226 1497
3227 1497
3228 1497
3229 1497
3230 1497
3231 1296
3232 1296
3233 1297
3234 1296
3235 1297
3236 1279
3237 1279
3238 1279
3239 1221
3240 1432
3241 1297
3242 1297
3243 1296
3244 4282
3245 1221
3246 4282
3247 1297
3248 1050
3249 1279
3250 1469
3251 1469
3252 1432
3253 1432
3254 1432
3255 1296
3256 1297
3257 1296
3258 1296
3259 1296
3260 1297
3261 1297
3262 4282
3263 5141
3264 4904
3265 5068
3266 1221
3267 4904
3268 4904
3269 4904
3270 1728
3271 1285
3272 1244
3273 1469
3274 1050
3275 1297
3276 5105
3277 5105
3278 5068
3279 5068
3280 5068
3281 5084
3282 5068
3283 1428
3284 1469
3285 1297
3286 1297
3287 1213
3288 1263
3289 5145
3290 5105
3291 1297
3292 1297
3293 5068
3294 5105
3295 1296
3296 1548
3297 1548
3298 1728
3299 1595
3300 1595
3301 1763
3302 1469
3303 1595
3304 1297
3305 1469
3306 1548
3307 1263
3308 1263
3309 1263
3310 1279
3311 1279
3312 1279
3313 1263
3314 1213
3315 1279
3316 4940
3317 1263
3318 1279
3319 1469
3320 1469
3321 1263
3322 1279
3323 1263
3324 1279
3325 1297
3326 1263
3327 1279
3328 1279
3329 1548
3330 1763
3331 1595
3332 1548
3333 1773
3334 1773
3335 1763
3336 1728
3337 1548
3338 1763
3339 1773
3340 1698
3341 1763
3342 1728
3343 1595
3344 1595
3345 1698
3346 1469
3347 1548
3348 1548
3349 1469
3350 1469
3351 1548
3352 1469
3353 1652
3354 1595
3355 1469
3356 1469
3357 1469
3358 1469
3359 1469
3360 1263
3361 1263
3362 1263
3363 1469
3364 1469
3365 1469
3366 1432
3367 1297
3368 1469
3369 1469
3370 1432
3371 1698
3372 1698
3373 1688
3374 1665
3375 1653
3376 1679
3377 1653
3378 1653
3379 1666
3380 1666
3381 1548
3382 1597
3383 1598
3384 1561
3385 1598
3386 1548
3387 1469
3388 1469
3389 1469
3390 1548
3391 1561
3392 1518
3393 1497
3394 1497
3395 1497
3396 1497
3397 1497
3398 1497
3399 1561
3400 1598
3401 1561
3402 1561
3403 1497
3404 1561
3405 1497
3406 1497
3407 1297
3408 1297
3409 1296
3410 1279
3411 1279
3412 1263
3413 1279
3414 1296
3415 1279
3416 1221
3417 1279
3418 1279
3419 1279
3420 1244
3421 1110
3422 1482
3423 1297
3424 1497
3425 1497
3426 5033
3427 5130
3428 5084
3429 5103
3430 5082
3431 5033
3432 5014
3433 5084
3434 5033
3435 5084
3436 5033
3437 5084
3438 5033
3439 5103
3440 5126
3441 5126
3442 5126
3443 5103
3444 5093
3445 5126
3446 5033
3447 5033
3448 5103
3449 5126
3450 5033
3451 5082
3452 5033
3453 5084
3454 5033
3455 5082
3456 5093
3457 5082
3458 5082
3459 5033
3460 5084
3461 5110
3462 5082
3463 5033
3464 5094
3465 5033
3466 5033
3467 1044
3468 1044
3469 4940
3470 4875
3471 4875
3472 1044
3473 1044
3474 1044
3475 1044
3476 4875
3477 5094
3478 5094
3479 1081
3480 1173
3481 1044
3482 1044
3483 5033
3484 1221
3485 5130
3486 1173
3487 1044
3488 5082
3489 5082
3490 5110
3491 678
3492 651
3493 656
3494 651
3495 678
3496 651
3497 678
3498 683
3499 683
3500 640
3501 598
3502 598
3503 635
3504 651
3505 635
3506 640
3507 635
3508 640
3509 640
3510 635
3511 660
3512 640
3513 635
3514 656
3515 635
3516 678
3517 651
3518 666
3519 656
3520 635
3521 651
3522 635
3523 619
3524 666
3525 683
3526 5012
3527 5012
3528 5126
3529 5126
3530 5012
3531 4906
3532 4921
3533 4941
3534 5011
3535 4906
3536 5056
3537 4899
3538 4899
3539 5083
3540 5012
3541 4906
3542 4999
3543 4944
3544 5012
3545 5126
3546 4906
3547 4906
3548 5012
3549 5012
3550 1004
3551 828
3552 932
3553 5110
3554 4981
3555 5012
3556 4906
3557 4906
3558 5110
3559 5110
3560 4995
3561 4875
3562 4875
3563 4875
3564 4875
3565 4875
3566 4875
3567 4921
3568 5011
3569 5056
3570 4875
3571 4875
3572 4921
3573 5056
3574 4906
3575 5126
3576 5110
3577 4875
3578 4921
3579 4906
3580 5056
3581 4899
3582 4924
3583 818
3584 818
3585 4924
3586 4905
3587 5030
3588 4905
3589 4943
3590 5069
3591 4905
3592 4943
3593 915
3594 932
3595 5069
3596 4905
3597 4905
3598 4906
3599 4906
3600 4905
3601 4905
3602 5069
3603 4906
3604 5069
3605 4921
3606 4921
3607 4941
3608 5011
3609 818
3610 5011
3611 5011
3612 5011
3613 818
3614 5012
3615 5012
3616 4906
3617 706
3618 717
3619 706
3620 706
3621 717
3622 706
3623 706
3624 717
3625 706
3626 717
3627 717
3628 717
3629 706
3630 786
3631 808
3632 4900
3633 792
3634 808
3635 832
3636 786
3637 4980
3638 763
3639 4966
3640 4861
3641 742
3642 735
3643 799
3644 4908
3645 765
3646 771
3647 717
3648 832
3649 799
3650 802
3651 777
3652 771
3653 725
3654 765
3655 765
3656 750
3657 750
3658 765
3659 725
3660 771
3661 802
3662 765
3663 4871
3664 4908
3665 737
3666 725
3667 757
3668 4861
3669 735
3670 4898
3671 768
3672 725
3673 768
3674 743
3675 771
3676 735
3677 765
3678 4908
3679 915
3680 792
3681 4861
3682 808
3683 4980
3684 804
3685 4907
3686 786
3687 4870
3688 4907
3689 792
3690 4966
3691 757
3692 765
3693 4871
3694 4896
3695 4871
3696 4900
3697 4900
3698 4900
3699 4900
3700 854
3701 767
3702 4900
3703 767
3704 813
3705 813
3706 4966
3707 767
3708 4861
3709 790
3710 4900
3711 4900
3712 770
3713 770
3714 4900
3715 4900
3716 4966
3717 4966
3718 767
3719 767
3720 4966
3721 4966
3722 4861
3723 4900
3724 4900
3725 767
3726 4966
3727 742
3728 742
3729 742
3730 717
3731 706
3732 717
3733 4980
3734 4980
3735 4870
3736 4945
3737 772
3738 4907
3739 4907
3740 790
3741 4871
3742 765
3743 4896
3744 737
3745 737
3746 771
3747 415
3748 430
3749 439
3750 443
3751 430
3752 467
3753 454
3754 430
3755 439
3756 480
3757 441
3758 454
3759 480
3760 565
3761 531
3762 605
3763 580
3764 607
3765 605
3766 640
3767 590
3768 647
3769 580
3770 605
3771 605
3772 619
3773 647
3774 619
3775 607
3776 531
3777 531
3778 565
3779 531
3780 587
3781 565
3782 587
3783 619
3784 587
3785 619
3786 614
3787 619
3788 605
3789 443
3790 461
3791 452
3792 507
3793 524
3794 500
3795 507
3796 480
3797 500
3798 524
3799 493
3800 422
3801 380
3802 354
3803 337
3804 415
3805 380
3806 415
3807 443
3808 524
3809 493
3810 480
3811 430
3812 330
3813 467
3814 477
3815 443
3816 454
3817 452
3818 520
3819 513
3820 513
3821 505
3822 395
3823 477
3824 435
3825 520
3826 428
3827 415
3828 422
3829 537
3830 537
3831 543
3832 531
3833 543
3834 565
3835 565
3836 565
3837 531
3838 531
3839 565
3840 537
3841 537
3842 524
3843 590
3844 590
3845 585
3846 534
3847 543
3848 524
3849 614
3850 565
3851 505
3852 545
3853 567
3854 537
3855 567
3856 480
3857 524
3858 517
3859 587
3860 537
3861 590
3862 537
3863 493
3864 500
3865 507
3866 565
3867 587
3868 587
3869 430
3870 397
3871 477
3872 513
3873 524
3874 505
3875 505
3876 380
3877 582
3878 619
3879 183
3880 330
3881 162
3882 374
3883 4323
3884 162
3885 162
3886 162
3887 205
3888 287
3889 205
3890 328
3891 162
3892 210
3893 183
3894 183
3895 183
3896 183
3897 183
3898 183
3899 183
3900 183
3901 195
3902 287
3903 205
3904 195
3905 175
3906 183
3907 365
3908 195
3909 183
3910 205
3911 262
3912 162
3913 162
3914 162
3915 183
3916 183
3917 223
3918 205
3919 368
3920 372
3921 354
3922 223
3923 162
3924 162
3925 162
3926 337
3927 287
3928 175
3929 162
3930 162
3931 175
3932 195
3933 4713
3934 205
3935 205
3936 328
3937 328
3938 223
3939 287
3940 357
3941 287
3942 287
3943 162
3944 330
3945 183
3946 210
3947 205
3948 214
3949 287
3950 214
3951 4323
3952 210
3953 205
3954 287
3955 205
3956 162
3957 183
3958 287
3959 349
3960 349
3961 349
3962 328
3963 328
3964 403
3965 391
3966 422
3967 428
3968 330
3969 328
3970 328
3971 205
3972 195
3973 195
3974 205
3975 287
3976 287
3977 262
3978 214
3979 287
3980 287
3981 328
3982 205
3983 324
3984 328
3985 330
3986 330
3987 324
3988 403
3989 391
3990 422
3991 386
3992 386
3993 337
3994 223
3995 337
3996 357
3997 380
3998 365
3999 330
4000 205
4001 205
4002 205
4003 214
4004 287
4005 287
4006 328
4007 328
4008 287
4009 287
4010 403
4011 380
4012 386
4013 391
4014 386
4015 287
4016 162
4017 162
4018 162
4019 162
4020 162
4021 162
4022 205
4023 205
4024 205
4025 162
4026 162
4027 162
4028 183
4029 195
4030 183
4031 195
4032 183
4033 162
4034 162
4035 162
4036 287
4037 262
4038 357
4039 357
4040 337
4041 337
4042 337
4043 214
4044 223
4045 372
4046 374
4047 382
4048 368
4049 374
4050 349
4051 386
4052 386
4053 374
4054 391
4055 162
4056 162
4057 162
4058 162
4059 183
4060 183
4061 162
4062 162
4063 162
4064 183
4065 175
4066 175
4067 183
4068 205
4069 214
4070 162
4071 183
4072 183
4073 162
4074 162
4075 162
4076 205
4077 287
4078 162
4079 262
4080 210
4081 328
4082 205
4083 330
4084 287
4085 328
4086 372
4087 374
4088 330
4089 4323
4090 380
4091 374
4092 390
4093 403
4094 386
4095 424
4096 386
4097 386
4098 372
4099 330
4100 324
4101 324
4102 205
4103 205
4104 214
4105 205
4106 287
4107 330
4108 330
4109 328
4110 272
4111 328
4112 354
4113 372
4114 328
4115 337
4116 330
4117 380
4118 374
4119 422
4120 433
4121 287
4122 386
4123 195
4124 337
4125 391
4126 349
4127 349
4128 428
4129 380
4130 372
4131 162
4132 162
4133 162
4134 162
4135 162
4136 162
4137 162
4138 162
4139 162
4140 162
4141 162
4142 183
4143 162
4144 214
4145 328
4146 223
4147 205
4148 349
4149 214
4150 422
4151 337
4152 330
4153 337
4154 287
4155 372
4156 386
4157 382
4158 287
4159 337
4160 162
4161 380
4162 349
4163 337
4164 1572
4165 1543
4166 1370
4167 1311
4168 1543
4169 1228
4170 1370
4171 1311
4172 1370
4173 1228
4174 1228
4175 1497
4176 1342
4177 1497
4178 1439
4179 1228
4180 1235
4181 1235
4182 1561
4183 1561
4184 1561
4185 1598
4186 1228
4187 1598
4188 1497
4189 1497
4190 1497
4191 1561
4192 1561
4193 1497
4194 1497
4195 1561
4196 1497
4197 1497
4198 1497
4199 1563
4200 1497
4201 1497
4202 1563
4203 1497
4204 1497
4205 1497
4206 1563
4207 1563
4208 1577
4209 1577
4210 1577
4211 1497
4212 1497
4213 1497
4214 1497
4215 1497
4216 1497
4217 1497
4218 1497
4219 1608
4220 1577
4221 1577
4222 1608
4223 1541
4224 1564
4225 1541
4226 1437
4227 1437
4228 1577
4229 1577
4230 1541
4231 1564
4232 4660
4233 1500
4234 1360
4235 1541
4236 1553
4237 1497
4238 1577
4239 1577
4240 1563
4241 1541
4242 1491
4243 1401
4244 1564
4245 1577
4246 1541
4247 1500
4248 1437
4249 1529
4250 4660
4251 1437
4252 4657
4253 1437
4254 1572
4255 1733
4256 1543
4257 1572
4258 1311
4259 1311
4260 1401
4261 1529
4262 1564
4263 1529
4264 4660
4265 1564
4266 4660
4267 1572
4268 1311
4269 1543
4270 1383
4271 1529
4272 1199
4273 1529
4274 1342
4275 1360
4276 4661
4277 1401
4278 1572
4279 1543
4280 1762
4281 1733
4282 1733
4283 1733
4284 1762
4285 1543
4286 1733
4287 1370
4288 1572
4289 1572
4290 1228
4291 1228
4292 1085
4293 1085
4294 4932
4295 1085
4296 1360
4297 975
4298 1199
4299 1311
4300 4661
4301 1572
4302 1370
4303 1228
4304 1085
4305 1228
4306 1529
4307 4661
4308 1067
4309 975
4310 4661
4311 1733
4312 1784
4313 1733
4314 1733
4315 1733
4316 1780
4317 1780
4318 1780
4319 1784
4320 1733
4321 1773
4322 1698
4323 1773
4324 1773
4325 1773
4326 1773
4327 1763
4328 1763
4329 1728
4330 1728
4331 1728
4332 1728
4333 1572
4334 1572
4335 1543
4336 1360
4337 1583
4338 1710
4339 1689
4340 1666
4341 1653
4342 1689
4343 1699
4344 1583
4345 1543
4346 1543
4347 1360
4348 1360
4349 1360
4350 1577
4351 1553
4352 1563
4353 1577
4354 1621
4355 1606
4356 1698
4357 1688
4358 1688
4359 1653
4360 1688
4361 1666
4362 1619
4363 1666
4364 1666
4365 1653
4366 1666
4367 1561
4368 1598
4369 1598
4370 1619
4371 1689
4372 1598
4373 1699
4374 1598
4375 1561
4376 1561
4377 1497
4378 1497
4379 1497
4380 1497
4381 1561
4382 1497
4383 1497
4384 1497
4385 1561
4386 1561
4387 1497
4388 1497
4389 1583
4390 1608
4391 1529
4392 1529
4393 1529
4394 1529
4395 1529
4396 1529
4397 4656
4398 1437
4399 1564
4400 1564
4401 4656
4402 1228
4403 1598
4404 1561
4405 1561
4406 1561
4407 1773
4408 1773
4409 1773
4410 1698
4411 1688
4412 1698
4413 1653
4414 1653
4415 1666
4416 1666
4417 1619
4418 1497
4419 1497
4420 1497
4421 1598
4422 1561
4423 1497
4424 1561
4425 1235
4426 4657
4427 1273
4428 4264
4429 4259
4430 4264
4431 4657
4432 4259
4433 4264
4434 1352
4435 4259
4436 4264
4437 1352
4438 4657
4439 4264
4440 4264
4441 4663
4442 4663
4443 1273
4444 1273
4445 4264
4446 4259
4447 1400
4448 4264
4449 4267
4450 4264
4451 4264
4452 4259
4453 4259
4454 1273
4455 1273
4456 4264
4457 4259
4458 4660
4459 4655
4460 1256
4461 4259
4462 4661
4463 4259
4464 1075
4465 1075
4466 4264
4467 4259
4468 1255
4469 1273
4470 1273
4471 4264
4472 4259
4473 4259
4474 4259
4475 4267
4476 4267
4477 4656
4478 1273
4479 4259
4480 4655
4481 4259
4482 4657
4483 4264
4484 1319
4485 4264
4486 1319
4487 1302
4488 1302
4489 1019
4490 4990
4491 1098
4492 4990
4493 4990
4494 1098
4495 4990
4496 4990
4497 1098
4498 1028
4499 1028
4500 4914
4501 1028
4502 1028
4503 4676
4504 1019
4505 1028
4506 1028
4507 4677
4508 1028
4509 1019
4510 4677
4511 1028
4512 4913
4513 4990
4514 1028
4515 4990
4516 4990
4517 1028
4518 1028
4519 4913
4520 1028
4521 4990
4522 4990
4523 5024
4524 5024
4525 5024
4526 1290
4527 1302
4528 4674
4529 1290
4530 1267
4531 1267
4532 1205
4533 4279
4534 1233
4535 1134
4536 1253
4537 1308
4538 1134
4539 1197
4540 1233
4541 4279
4542 1266
4543 1266
4544 1254
4545 1302
4546 1302
4547 1233
4548 4674
4549 1267
4550 1253
4551 1266
4552 1266
4553 5024
4554 5024
4555 5024
4556 5024
4557 5024
4558 5024
4559 1167
4560 5024
4561 5024
4562 5024
4563 4281
4564 4281
4565 4281
4566 1184
4567 1184
4568 1215
4569 1254
4570 4281
4571 1215
4572 4280
4573 1215
4574 1215
4575 1215
4576 1215
4577 1215
4578 1215
4579 5054
4580 1215
4581 1215
4582 1215
4583 1215
4584 1215
4585 5054
4586 5054
4587 5054
4588 5051
4589 1215
4590 1215
4591 1215
4592 5024
4593 1215
4594 1215
4595 5051
4596 1215
4597 4675
4598 1167
4599 1167
4600 1167
4601 1215
4602 1215
4603 4675
4604 4675
4605 1215
4606 1167
4607 1215
4608 1167
4609 1215
4610 1215
4611 1215
4612 4674
4613 1267
4614 1267
4615 1233
4616 4279
4617 1205
4618 1255
4619 1205
4620 1205
4621 1255
4622 1290
4623 1290
4624 1267
4625 1302
4626 1267
4627 1308
4628 1308
4629 1267
4630 1302
4631 1267
4632 1308
4633 4279
4634 4663
4635 1302
4636 4674
4637 1267
4638 1233
4639 1253
4640 1266
4641 1266
4642 1253
4643 1253
4644 1266
4645 4281
4646 1266
4647 4281
4648 1215
4649 4281
4650 1266
4651 1215
4652 1184
4653 4281
4654 4281
4655 1215
4656 1215
4657 5054
4658 1215
4659 1215
4660 1215
4661 1215
4662 1215
4663 1216
4664 4279
4665 1216
4666 1254
4667 4279
4668 1266
4669 1266
4670 1266
4671 1254
4672 1254
4673 1254
4674 4281
4675 4281
4676 4281
4677 4281
4678 4280
4679 1215
4680 1215
4681 4280
4682 4280
4683 1215
4684 1215
4685 1254
4686 1216
4687 4279
4688 4279
4689 1233
4690 1216
4691 1216
4692 1254
4693 1216
4694 1254
4695 4281
4696 1254
4697 4281
4698 1254
4699 1254
4700 4280
4701 4280
4702 1215
4703 4280
4704 4280
4705 4280
4706 1215
4707 1215
4708 1254
4709 1254
4710 4280
4711 4280
4712 4280
4713 1215
4714 1215
4715 1215
4716 1267
4717 1205
4718 1233
4719 1233
4720 5008
4721 1233
4722 1233
4723 1308
4724 5008
4725 1267
4726 1267
4727 1267
4728 5024
4729 5024
4730 5024
4731 1254
4732 4281
4733 1215
4734 1215
4735 1184
4736 4281
4737 1215
4738 1215
4739 1215
4740 1215
4741 1215
4742 1167
4743 5054
4744 679
4745 623
4746 574
4747 586
4748 574
4749 617
4750 617
4751 617
4752 623
4753 751
4754 751
4755 679
4756 617
4757 617
4758 623
4759 726
4760 617
4761 751
4762 726
4763 1033
4764 849
4765 1033
4766 942
4767 1028
4768 875
4769 4677
4770 942
4771 4677
4772 1033
4773 1057
4774 1057
4775 4677
4776 1028
4777 1057
4778 1028
4779 849
4780 4914
4781 4914
4782 849
4783 4914
4784 4914
4785 942
4786 942
4787 1057
4788 4677
4789 4677
4790 4914
4791 581
4792 677
4793 679
4794 751
4795 798
4796 782
4797 782
4798 819
4799 805
4800 4886
4801 806
4802 623
4803 617
4804 623
4805 574
4806 530
4807 495
4808 568
4809 606
4810 623
4811 679
4812 819
4813 819
4814 805
4815 623
4816 623
4817 486
4818 805
4819 751
4820 679
4821 751
4822 679
4823 819
4824 819
4825 805
4826 819
4827 558
4828 679
4829 805
4830 814
4831 819
4832 617
4833 581
4834 623
4835 581
4836 969
4837 969
4838 969
4839 969
4840 969
4841 969
4842 969
4843 969
4844 942
4845 849
4846 4886
4847 969
4848 969
4849 906
4850 969
4851 1033
4852 942
4853 906
4854 906
4855 906
4856 798
4857 1028
4858 798
4859 849
4860 4914
4861 849
4862 849
4863 782
4864 4886
4865 798
4866 849
4867 4914
4868 942
4869 849
4870 805
4871 849
4872 798
4873 4917
4874 4914
4875 942
4876 608
4877 623
4878 581
4879 574
4880 679
4881 849
4882 798
4883 623
4884 782
4885 486
4886 4914
4887 1028
4888 359
4889 445
4890 363
4891 453
4892 359
4893 359
4894 355
4895 359
4896 444
4897 438
4898 412
4899 536
4900 355
4901 423
4902 381
4903 335
4904 359
4905 335
4906 346
4907 359
4908 346
4909 359
4910 363
4911 436
4912 355
4913 359
4914 335
4915 335
4916 4318
4917 370
4918 355
4919 414
4920 464
4921 359
4922 335
4923 359
4924 412
4925 355
4926 366
4927 355
4928 464
4929 498
4930 423
4931 355
4932 299
4933 299
4934 299
4935 444
4936 445
4937 346
4938 335
4939 335
4940 335
4941 363
4942 359
4943 429
4944 370
4945 370
4946 536
4947 414
4948 492
4949 423
4950 4321
4951 394
4952 299
4953 583
4954 370
4955 394
4956 423
4957 414
4958 355
4959 383
4960 412
4961 431
4962 460
4963 486
4964 462
4965 394
4966 355
4967 453
4968 490
4969 508
4970 511
4971 427
4972 444
4973 556
4974 586
4975 608
4976 643
4977 634
4978 623
4979 444
4980 516
4981 575
4982 412
4983 355
4984 445
4985 484
4986 499
4987 484
4988 498
4989 444
4990 464
4991 490
4992 370
4993 466
4994 503
4995 464
4996 498
4997 484
4998 578
4999 558
5000 556
5001 611
5002 586
5003 498
5004 366
5005 444
5006 464
5007 444
5008 448
5009 532
5010 586
5011 414
5012 462
5013 412
5014 499
5015 444
5016 445
5017 426
5018 495
5019 423
5020 423
5021 578
5022 542
5023 551
5024 551
5025 558
5026 445
5027 426
5028 335
5029 335
5030 335
5031 335
5032 335
5033 359
5034 359
5035 359
5036 359
5037 299
5038 335
5039 335
5040 359
5041 359
5042 355
5043 363
5044 355
5045 299
5046 335
5047 383
5048 426
5049 383
5050 464
5051 444
5052 464
5053 444
5054 445
5055 412
5056 355
5057 512
5058 530
5059 503
5060 528
5061 528
5062 566
5063 506
5064 503
5065 558
5066 299
5067 317
5068 299
5069 317
5070 359
5071 346
5072 299
5073 317
5074 317
5075 346
5076 335
5077 335
5078 335
5079 394
5080 501
5081 476
5082 335
5083 363
5084 299
5085 335
5086 363
5087 335
5088 383
5089 335
5090 317
5091 532
5092 423
5093 359
5094 359
5095 445
5096 355
5097 498
5098 503
5099 444
5100 355
5101 578
5102 495
5103 606
5104 634
5105 586
5106 586
5107 578
5108 586
5109 578
5110 530
5111 464
5112 484
5113 495
5114 431
5115 431
5116 436
5117 610
5118 506
5119 575
5120 610
5121 523
5122 512
5123 490
5124 616
5125 586
5126 530
5127 574
5128 586
5129 621
5130 617
5131 621
5132 633
5133 479
5134 586
5135 355
5136 414
5137 611
5138 453
5139 499
5140 633
5141 525
5142 476
5143 335
5144 317
5145 335
5146 335
5147 299
5148 335
5149 335
5150 317
5151 299
5152 317
5153 299
5154 335
5155 299
5156 355
5157 355
5158 359
5159 359
5160 366
5161 464
5162 608
5163 488
5164 547
5165 490
5166 503
5167 442
5168 490
5169 586
5170 558
5171 506
5172 359
5173 444
5174 317
5175 574
5176 444
5177 464
5178 4608
5179 4608
5180 4608
5181 4608
5182 3827
5183 3785
5184 3785
5185 4351
5186 4351
5187 1666
5188 1666
5189 1666
5190 1561
5191 4608
5192 4608
5193 4608
5194 4608
5195 3785
5196 3785
5197 3670
5198 4351
5199 4351
5200 4351
5201 1666
5202 1561
5203 1653
5204 1497
