0 857
1 419
2 2875
3 957
4 2464
5 1252
6 2464
7 1156
8 613
9 127
10 2464
11 269
12 3037
13 115
14 375
15 472
16 90
17 1659
18 3053
19 907
20 251
21 379
22 1325
23 3132
24 2063
25 2063
26 3608
27 2517
28 4285
29 4285
30 3491
31 3491
32 4073
33 3491
34 2716
35 4285
36 4285
37 2378
38 2605
39 3989
40 3901
41 2378
42 3976
43 2717
44 3901
45 4259
46 2940
47 2940
48 3555
49 1947
50 1947
51 1947
52 1947
53 4271
54 4345
55 4345
56 4345
57 4345
58 4345
59 4345
60 4345
61 4345
62 4345
63 4345
64 4345
65 4345
66 4345
67 4345
68 4345
69 4345
70 4345
71 4345
72 4345
73 4345
74 4345
75 4345
76 4345
77 4345
78 4345
79 4345
80 4345
81 4345
82 4345
83 4345
84 4345
85 4345
86 4345
87 4345
88 4345
89 4345
90 4345
91 4345
92 4345
93 4345
94 4345
95 4345
96 4345
97 4345
98 4345
99 4825
100 4826
101 4825
102 612
103 612
104 612
105 612
106 612
107 612
108 612
109 4786
110 612
111 612
112 612
113 4786
114 612
115 612
116 612
117 612
118 612
119 240
120 612
121 612
122 612
123 612
124 612
125 612
126 891
127 891
128 313
129 313
130 2514
131 2581
132 2514
133 439
134 506
135 658
136 2514
137 2514
138 612
139 2559
140 612
141 612
142 612
143 612
144 612
145 612
146 612
147 612
148 612
149 612
150 3583
151 612
152 2581
153 658
154 3583
155 506
156 313
157 612
158 2581
159 429
160 612
161 612
162 240
163 2581
164 299
165 3583
166 2514
167 439
168 2514
169 437
170 2514
171 439
172 929
173 2581
174 2514
175 2581
176 612
177 612
178 612
179 240
180 3091
181 3091
182 3091
183 299
184 3091
185 3583
186 2514
187 2514
188 437
189 3091
190 612
191 612
192 2559
193 3091
194 2559
195 3091
196 3091
197 3091
198 3091
199 3091
200 3091
201 3091
202 3091
203 3091
204 3091
205 3091
206 3091
207 240
208 3091
209 3091
210 2559
211 3091
212 920
213 313
214 2661
215 3583
216 687
217 574
218 3317
219 574
220 2559
221 2661
222 2661
223 555
224 3091
225 240
226 3091
227 3091
228 3409
229 313
230 3317
231 658
232 313
233 299
234 439
235 845
236 437
237 929
238 2279
239 2279
240 4022
241 4022
242 4022
243 4022
244 4022
245 4022
246 726
247 726
248 726
249 726
250 726
251 726
252 726
253 1161
254 1161
255 4022
256 4022
257 2279
258 4022
259 4022
260 726
261 4022
262 726
263 726
264 726
265 681
266 1216
267 1161
268 1161
269 1216
270 1216
271 1216
272 1216
273 3338
274 1216
275 1216
276 3890
277 3890
278 1216
279 1841
280 1548
281 1156
282 4296
283 3890
284 3338
285 3890
286 1841
287 3890
288 2451
289 1156
290 2451
291 2384
292 1548
293 1761
294 2567
295 1216
296 1216
297 1216
298 681
299 3890
300 1342
301 1396
302 2545
303 2545
304 1342
305 1396
306 2567
307 4217
308 2545
309 4217
310 1156
311 1156
312 1156
313 1156
314 1156
315 1156
316 1252
317 2464
318 2464
319 2464
320 2913
321 1156
322 1252
323 1252
324 1252
325 1156
326 1156
327 2464
328 2464
329 2464
330 2464
331 1156
332 1252
333 1252
334 1156
335 1252
336 1252
337 1252
338 1156
339 1252
340 2464
341 2464
342 2464
343 2913
344 2464
345 127
346 2464
347 613
348 613
349 613
350 2384
351 2464
352 613
353 992
354 2567
355 2567
356 127
357 613
358 613
359 613
360 613
361 1338
362 2567
363 2567
364 29
365 43
366 29
367 2913
368 613
369 613
370 613
371 613
372 29
373 29
374 2913
375 2913
376 613
377 613
378 613
379 613
380 269
381 43
382 43
383 43
384 43
385 29
386 29
387 29
388 29
389 29
390 269
391 43
392 43
393 2567
394 2567
395 2567
396 1736
397 1338
398 1338
399 269
400 269
401 92
402 43
403 92
404 167
405 472
406 43
407 43
408 371
409 167
410 167
411 1659
412 1659
413 1659
414 67
415 86
416 67
417 339
418 227
419 339
420 256
421 256
422 2641
423 339
424 510
425 339
426 146
427 146
428 510
429 3037
430 334
431 472
432 162
433 339
434 792
435 510
436 510
437 447
438 447
439 192
440 510
441 510
442 510
443 510
444 192
445 192
446 510
447 510
448 192
449 192
450 2011
451 2011
452 2011
453 2011
454 447
455 294
456 294
457 447
458 307
459 423
460 2011
461 2011
462 2011
463 2011
464 423
465 2011
466 423
467 2011
468 423
469 2011
470 2011
471 423
472 251
473 379
474 848
475 423
476 509
477 1730
478 1730
479 423
480 453
481 453
482 423
483 453
484 1730
485 423
486 990
487 1730
488 509
489 1730
490 1730
491 1730
492 1730
493 2154
494 947
495 1730
496 3715
497 3715
498 2063
499 3715
500 2409
501 1730
502 3715
503 1730
504 3715
505 3715
506 3715
507 2127
508 3715
509 1730
510 1730
511 3715
512 2150
513 2150
514 2127
515 2409
516 3715
517 2409
518 2409
519 2127
520 2409
521 2154
522 2409
523 2127
524 2912
525 2409
526 2912
527 2912
528 3770
529 2409
530 2127
531 2127
532 2127
533 2127
534 2853
535 3695
536 3695
537 2127
538 2127
539 2127
540 2127
541 2127
542 3253
543 2127
544 2127
545 3988
546 2127
547 3695
548 3988
549 3695
550 3695
551 3988
552 3197
553 3988
554 3988
555 3197
556 3197
557 3197
558 3197
559 3197
560 3197
561 2517
562 2517
563 4256
564 4285
565 4285
566 4285
567 4070
568 4285
569 4070
570 2853
571 2853
572 3695
573 3945
574 3197
575 4275
576 3687
577 3687
578 3687
579 3988
580 3695
581 3197
582 3945
583 3589
584 3945
585 3197
586 3197
587 3197
588 3197
589 3589
590 3197
591 4235
592 3945
593 4239
594 3945
595 3589
596 3589
597 3197
598 3589
599 3197
600 3197
601 3589
602 3042
603 3228
604 2767
605 2006
606 3164
607 3164
608 3266
609 1965
610 2006
611 3042
612 3042
613 3042
614 4273
615 1965
616 1965
617 1965
618 1965
619 1965
620 2845
621 3266
622 1965
623 1965
624 1965
625 1965
626 1965
627 1965
628 3421
629 1965
630 3266
631 3421
632 3421
633 3421
634 3421
635 2254
636 3421
637 3421
638 1965
639 3421
640 3421
641 3421
642 1965
643 3421
644 5086
645 5086
646 5158
647 5086
648 5086
649 3713
650 2929
651 3932
652 2716
653 2716
654 4285
655 4070
656 4286
657 4070
658 4070
659 3990
660 3932
661 3932
662 3932
663 3932
664 3932
665 3932
666 3932
667 4070
668 3990
669 4070
670 4239
671 4070
672 3999
673 3990
674 3999
675 3999
676 3999
677 3999
678 2605
679 2605
680 2605
681 2378
682 3901
683 3901
684 3976
685 3665
686 3976
687 3976
688 4160
689 3665
690 3901
691 3491
692 2819
693 3901
694 4073
695 2819
696 3901
697 2378
698 3901
699 4160
700 3932
701 3991
702 3991
703 3991
704 3991
705 3976
706 4160
707 4160
708 4160
709 4160
710 4160
711 3999
712 3228
713 4152
714 4304
715 4304
716 3999
717 4304
718 4277
719 4277
720 4273
721 4277
722 4273
723 4273
724 2845
725 2929
726 2940
727 4259
728 1947
729 2940
730 1947
731 1947
732 4162
733 1947
734 4345
735 4345
736 4345
737 4345
738 4345
739 4345
740 4302
741 2819
742 2378
743 2378
744 4162
745 4259
746 3462
747 4345
748 2819
749 4162
750 2819
751 2819
752 3901
753 2378
754 4007
755 4160
756 4007
757 4007
758 2819
759 2605
760 2819
761 2819
762 4345
763 4345
764 4109
765 4345
766 4197
767 4259
768 4169
769 4259
770 4259
771 4345
772 4345
773 4345
774 4345
775 4169
776 4345
777 4345
778 4345
779 4109
780 4345
781 4109
782 4302
783 4259
784 2819
785 2819
786 2819
787 4259
788 4197
789 4259
790 4197
791 1965
792 1965
793 1965
794 4345
795 4345
796 4345
797 4345
798 4345
799 4345
800 4345
801 4345
802 4345
803 4345
804 4345
805 4109
806 4109
807 4345
808 4345
809 4345
810 4345
811 4109
812 4109
813 4109
814 4197
815 4302
816 4345
817 4345
818 4345
819 4345
820 4345
821 4109
822 4109
823 4109
824 4109
825 1156
826 1156
827 1156
828 1156
829 4296
830 4296
831 4296
832 4296
833 1156
834 1156
835 1262
836 4296
837 4296
838 4296
839 857
840 857
841 290
842 129
843 111
844 547
845 193
846 4206
847 1144
848 4206
849 4206
850 4206
851 4206
852 2678
853 2162
854 1903
855 2154
856 2154
857 2154
858 2154
859 4285
860 2717
861 2717
862 2717
863 1595
864 4160
865 3976
866 4160
867 4160
868 3853
869 4160
870 4160
871 4160
872 4160
873 4160
874 4007
875 2605
876 2378
877 2536
878 2819
879 2819
880 2819
881 4073
882 4259
883 4197
884 4197
885 4109
886 4197
887 4109
888 4109
889 2690
890 439
891 2690
892 742
893 713
894 2785
895 2089
896 522
897 713
898 1226
899 1145
900 2785
901 2785
902 2785
903 1226
904 2785
905 1226
906 2785
907 2785
908 2785
909 2785
910 2089
911 1226
912 2089
913 713
914 2089
915 2089
916 2785
917 1226
918 2785
919 713
920 713
921 2089
922 793
923 4341
924 793
925 488
926 4341
927 1880
928 888
929 1880
930 4341
931 4341
932 4341
933 2616
934 1335
935 5159
936 437
937 3905
938 3443
939 2616
940 2616
941 2616
942 4341
943 4341
944 5159
945 2616
946 4341
947 5159
948 2616
949 929
950 506
951 439
952 439
953 439
954 845
955 4341
956 929
957 4341
958 793
959 2690
960 845
961 2690
962 1880
963 1880
964 1880
965 1880
966 1880
967 4341
968 1880
969 4341
970 1880
971 1880
972 2785
973 1880
974 2785
975 2785
976 1880
977 1880
978 1880
979 1880
980 4341
981 4341
982 4341
983 4341
984 522
985 2785
986 1880
987 1880
988 1226
989 2089
990 1226
991 713
992 713
993 3141
994 2785
995 2875
996 3255
997 2690
998 1139
999 1880
1000 727
1001 1145
1002 3141
1003 3141
1004 2785
1005 1226
1006 920
1007 5165
1008 2581
1009 658
1010 3905
1011 3905
1012 920
1013 920
1014 506
1015 506
1016 1335
1017 3905
1018 2581
1019 3858
1020 2514
1021 2514
1022 439
1023 957
1024 1468
1025 424
1026 445
1027 322
1028 373
1029 769
1030 373
1031 769
1032 1468
1033 957
1034 445
1035 1043
1036 382
1037 445
1038 1468
1039 713
1040 322
1041 445
1042 424
1043 424
1044 373
1045 424
1046 445
1047 1468
1048 424
1049 2899
1050 373
1051 3881
1052 2899
1053 3377
1054 769
1055 322
1056 3881
1057 2899
1058 2690
1059 713
1060 3141
1061 845
1062 3258
1063 713
1064 3255
1065 3141
1066 322
1067 445
1068 424
1069 2690
1070 2690
1071 3141
1072 3141
1073 1043
1074 424
1075 373
1076 424
1077 424
1078 373
1079 2983
1080 769
1081 3881
1082 1468
1083 1468
1084 957
1085 382
1086 1043
1087 445
1088 424
1089 322
1090 1863
1091 957
1092 966
1093 3263
1094 373
1095 2899
1096 3881
1097 424
1098 424
1099 373
1100 769
1101 2899
1102 3881
1103 3881
1104 424
1105 769
1106 3881
1107 3377
1108 2253
1109 2253
1110 2253
1111 3645
1112 3377
1113 3377
1114 2253
1115 2253
1116 3881
1117 3881
1118 3881
1119 3881
1120 3377
1121 2253
1122 2253
1123 2253
1124 3377
1125 2253
1126 2253
1127 2253
1128 2253
1129 2253
1130 2253
1131 2253
1132 2253
1133 3645
1134 2253
1135 2253
1136 3377
1137 3377
1138 2253
1139 2253
1140 2253
1141 2253
1142 2253
1143 3377
1144 3377
1145 2253
1146 3377
1147 3377
1148 3881
1149 3377
1150 3377
1151 2253
1152 2253
1153 2253
1154 2253
1155 2253
1156 2253
1157 2253
1158 2253
1159 3645
1160 3645
1161 3645
1162 3645
1163 1327
1164 1327
1165 73
1166 3645
1167 3645
1168 3116
1169 3116
1170 3645
1171 3645
1172 2253
1173 2253
1174 3645
1175 3645
1176 1327
1177 3645
1178 1327
1179 73
1180 73
1181 3116
1182 265
1183 3645
1184 3116
1185 3645
1186 1327
1187 1327
1188 1327
1189 265
1190 265
1191 73
1192 3645
1193 3645
1194 2253
1195 2253
1196 3645
1197 3645
1198 3645
1199 1327
1200 3645
1201 173
1202 924
1203 1327
1204 265
1205 1327
1206 335
1207 335
1208 73
1209 335
1210 335
1211 335
1212 335
1213 3157
1214 3157
1215 3157
1216 1327
1217 3116
1218 335
1219 265
1220 1327
1221 924
1222 265
1223 265
1224 335
1225 335
1226 265
1227 265
1228 335
1229 73
1230 335
1231 73
1232 335
1233 3157
1234 265
1235 265
1236 265
1237 335
1238 265
1239 3157
1240 265
1241 265
1242 335
1243 265
1244 3116
1245 3645
1246 650
1247 265
1248 924
1249 650
1250 709
1251 650
1252 335
1253 4589
1254 4591
1255 4589
1256 4589
1257 4589
1258 1271
1259 1271
1260 1271
1261 1271
1262 2279
1263 2279
1264 2279
1265 1271
1266 1271
1267 1271
1268 2279
1269 1271
1270 1271
1271 4589
1272 1271
1273 4589
1274 1271
1275 1271
1276 1271
1277 1271
1278 3157
1279 4589
1280 4589
1281 3157
1282 3157
1283 4589
1284 4589
1285 4589
1286 4589
1287 4589
1288 4589
1289 4589
1290 4589
1291 4589
1292 4589
1293 4591
1294 4591
1295 1522
1296 4589
1297 4589
1298 4591
1299 4589
1300 3157
1301 3157
1302 3157
1303 4589
1304 3157
1305 4589
1306 4589
1307 3157
1308 3157
1309 4589
1310 4589
1311 4589
1312 4589
1313 4589
1314 4591
1315 4591
1316 4589
1317 1271
1318 1271
1319 1271
1320 4589
1321 1271
1322 1271
1323 1271
1324 4589
1325 1271
1326 2279
1327 1271
1328 1271
1329 1271
1330 1271
1331 1271
1332 710
1333 1271
1334 4589
1335 4589
1336 1271
1337 1271
1338 1271
1339 4589
1340 4589
1341 4589
1342 1271
1343 1271
1344 1271
1345 1271
1346 1271
1347 1271
1348 1271
1349 1271
1350 1271
1351 1271
1352 1271
1353 4589
1354 4589
1355 4589
1356 1271
1357 1271
1358 4591
1359 1522
1360 1522
1361 4591
1362 4591
1363 4589
1364 1271
1365 2279
1366 4022
1367 2279
1368 4022
1369 4022
1370 4022
1371 4022
1372 4022
1373 4022
1374 4022
1375 2279
1376 4022
1377 4022
1378 4022
1379 4022
1380 2279
1381 710
1382 1271
1383 710
1384 1271
1385 1271
1386 4022
1387 4022
1388 4022
1389 710
1390 1097
1391 726
1392 4022
1393 726
1394 4022
1395 4022
1396 726
1397 726
1398 726
1399 726
1400 726
1401 726
1402 1161
1403 726
1404 726
1405 726
1406 726
1407 4022
1408 1097
1409 726
1410 1097
1411 1097
1412 726
1413 726
1414 726
1415 726
1416 710
1417 2279
1418 1271
1419 4022
1420 726
1421 4022
1422 710
1423 4022
1424 1271
1425 1271
1426 710
1427 1271
1428 1271
1429 1271
1430 1271
1431 1271
1432 710
1433 710
1434 710
1435 710
1436 710
1437 710
1438 1271
1439 726
1440 726
1441 726
1442 726
1443 726
1444 681
1445 726
1446 681
1447 1097
1448 726
1449 749
1450 726
1451 710
1452 726
1453 726
1454 726
1455 726
1456 1216
1457 1216
1458 3338
1459 524
1460 1161
1461 1216
1462 524
1463 1216
1464 726
1465 473
1466 3338
1467 524
1468 3338
1469 1216
1470 524
1471 473
1472 1216
1473 292
1474 726
1475 1161
1476 1161
1477 726
1478 726
1479 726
1480 726
1481 1216
1482 726
1483 726
1484 292
1485 726
1486 726
1487 681
1488 2022
1489 524
1490 292
1491 726
1492 1342
1493 1841
1494 1342
1495 4296
1496 3338
1497 4296
1498 1841
1499 1216
1500 1342
1501 3338
1502 3338
1503 1342
1504 4296
1505 1342
1506 3338
1507 4296
1508 4296
1509 4296
1510 4296
1511 4296
1512 4296
1513 4296
1514 4296
1515 4296
1516 4296
1517 4296
1518 4296
1519 4296
1520 4296
1521 4296
1522 4296
1523 4296
1524 1342
1525 1342
1526 4296
1527 4296
1528 1841
1529 1841
1530 4296
1531 1841
1532 4296
1533 4296
1534 524
1535 3338
1536 1342
1537 1216
1538 3338
1539 3338
1540 1342
1541 1342
1542 961
1543 2294
1544 1193
1545 2249
1546 2561
1547 537
1548 1773
1549 1773
1550 798
1551 798
1552 2383
1553 436
1554 292
1555 292
1556 292
1557 1216
1558 2249
1559 540
1560 726
1561 726
1562 2022
1563 292
1564 1773
1565 1396
1566 2545
1567 537
1568 961
1569 3506
1570 4217
1571 1773
1572 798
1573 1676
1574 2106
1575 4296
1576 4296
1577 4296
1578 4296
1579 4296
1580 4296
1581 4296
1582 4296
1583 4296
1584 4296
1585 4296
1586 4296
1587 4296
1588 4296
1589 4296
1590 4296
1591 4296
1592 4296
1593 4296
1594 4296
1595 4296
1596 4296
1597 4296
1598 4296
1599 4296
1600 4296
1601 4296
1602 4296
1603 4296
1604 4296
1605 4296
1606 4296
1607 4296
1608 1548
1609 2451
1610 4296
1611 4296
1612 849
1613 571
1614 3022
1615 4296
1616 4296
1617 4296
1618 1156
1619 4296
1620 1156
1621 1156
1622 1156
1623 4296
1624 4296
1625 4296
1626 4296
1627 4296
1628 4296
1629 4296
1630 4296
1631 1156
1632 4296
1633 4296
1634 4296
1635 4296
1636 1156
1637 4296
1638 4296
1639 1156
1640 4296
1641 4296
1642 4296
1643 4296
1644 4296
1645 1156
1646 1156
1647 1156
1648 1156
1649 1156
1650 1262
1651 1541
1652 1156
1653 1156
1654 290
1655 849
1656 2451
1657 3022
1658 1761
1659 1156
1660 3661
1661 635
1662 857
1663 290
1664 857
1665 857
1666 2384
1667 857
1668 290
1669 3066
1670 3401
1671 1590
1672 764
1673 1289
1674 2383
1675 2403
1676 2513
1677 2383
1678 2383
1679 2903
1680 2403
1681 3401
1682 2903
1683 3401
1684 198
1685 547
1686 547
1687 111
1688 3156
1689 3156
1690 126
1691 515
1692 515
1693 126
1694 515
1695 193
1696 193
1697 399
1698 399
1699 529
1700 245
1701 126
1702 193
1703 193
1704 4217
1705 2567
1706 4217
1707 1736
1708 2567
1709 2383
1710 2383
1711 2513
1712 4217
1713 1736
1714 1736
1715 3037
1716 1736
1717 44
1718 283
1719 2903
1720 10
1721 157
1722 193
1723 193
1724 26
1725 415
1726 4206
1727 4206
1728 4206
1729 4206
1730 1746
1731 90
1732 1746
1733 1746
1734 801
1735 822
1736 801
1737 4206
1738 4206
1739 4401
1740 4206
1741 4206
1742 4206
1743 4401
1744 4401
1745 4206
1746 4206
1747 3037
1748 90
1749 283
1750 472
1751 67
1752 300
1753 90
1754 90
1755 67
1756 67
1757 256
1758 339
1759 67
1760 339
1761 2641
1762 339
1763 468
1764 1659
1765 4206
1766 2678
1767 1903
1768 2678
1769 1903
1770 2162
1771 735
1772 510
1773 510
1774 192
1775 510
1776 792
1777 907
1778 192
1779 447
1780 2011
1781 2011
1782 2011
1783 192
1784 192
1785 294
1786 294
1787 822
1788 907
1789 251
1790 447
1791 294
1792 2162
1793 2154
1794 527
1795 2162
1796 2154
1797 2154
1798 2154
1799 294
1800 251
1801 2011
1802 2011
1803 2011
1804 423
1805 2011
1806 315
1807 379
1808 1112
1809 423
1810 423
1811 697
1812 697
1813 251
1814 697
1815 251
1816 527
1817 2154
1818 2154
1819 2154
1820 2154
1821 2154
1822 2154
1823 2154
1824 2154
1825 1112
1826 1325
1827 509
1828 2695
1829 509
1830 509
1831 1112
1832 509
1833 1325
1834 2154
1835 2154
1836 2140
1837 1325
1838 3132
1839 3132
1840 2154
1841 1298
1842 1949
1843 2154
1844 2505
1845 2154
1846 2154
1847 2154
1848 2154
1849 1949
1850 2154
1851 2154
1852 1949
1853 2154
1854 2154
1855 3681
1856 2063
1857 2063
1858 2063
1859 2154
1860 2063
1861 2409
1862 3681
1863 2063
1864 2150
1865 2409
1866 3681
1867 2409
1868 2409
1869 2409
1870 2127
1871 2127
1872 2127
1873 2409
1874 2409
1875 2409
1876 2127
1877 2154
1878 1298
1879 1949
1880 2912
1881 3020
1882 2409
1883 3681
1884 2150
1885 2127
1886 2409
1887 3253
1888 2127
1889 2140
1890 2154
1891 1687
1892 3434
1893 2140
1894 2140
1895 2140
1896 2127
1897 2127
1898 2127
1899 2127
1900 2127
1901 2409
1902 3253
1903 3253
1904 3253
1905 2127
1906 2127
1907 2912
1908 3770
1909 2127
1910 3253
1911 3253
1912 3253
1913 3253
1914 2912
1915 3020
1916 3547
1917 3020
1918 3020
1919 3547
1920 2140
1921 3547
1922 3770
1923 3770
1924 3547
1925 2140
1926 2140
1927 2140
1928 3978
1929 3978
1930 4285
1931 4285
1932 4285
1933 3978
1934 3547
1935 2853
1936 3770
1937 2853
1938 4285
1939 2517
1940 2517
1941 3253
1942 3253
1943 2127
1944 2127
1945 3253
1946 3253
1947 3253
1948 3253
1949 3253
1950 3988
1951 3988
1952 3988
1953 3988
1954 3988
1955 3988
1956 3988
1957 3988
1958 3253
1959 3197
1960 3197
1961 3197
1962 3988
1963 3988
1964 3988
1965 3253
1966 3253
1967 3695
1968 2127
1969 2127
1970 3770
1971 3770
1972 2853
1973 3770
1974 2127
1975 3988
1976 3988
1977 3197
1978 3197
1979 3197
1980 3197
1981 3197
1982 3197
1983 3197
1984 3988
1985 3197
1986 3988
1987 3197
1988 3197
1989 3988
1990 3988
1991 3988
1992 3988
1993 3197
1994 3197
1995 3197
1996 3197
1997 2853
1998 3988
1999 3988
2000 3253
2001 2127
2002 2853
2003 2853
2004 2853
2005 2853
2006 2853
2007 3253
2008 3253
2009 3253
2010 3988
2011 3988
2012 3988
2013 3197
2014 2006
2015 2006
2016 3253
2017 3253
2018 3988
2019 3253
2020 3197
2021 3988
2022 3253
2023 3253
2024 3988
2025 3197
2026 3988
2027 3197
2028 3681
2029 3681
2030 3253
2031 3253
2032 3253
2033 3253
2034 2127
2035 2127
2036 2127
2037 2127
2038 2127
2039 3253
2040 3681
2041 2127
2042 2127
2043 2127
2044 2127
2045 2853
2046 2853
2047 2127
2048 2127
2049 3681
2050 3681
2051 2127
2052 3681
2053 3681
2054 2127
2055 3681
2056 2853
2057 3197
2058 2853
2059 2127
2060 3695
2061 2853
2062 3164
2063 2853
2064 2853
2065 2517
2066 2853
2067 2517
2068 2853
2069 3164
2070 3681
2071 3681
2072 3681
2073 3164
2074 3681
2075 3681
2076 3681
2077 3681
2078 3681
2079 3266
2080 3266
2081 3164
2082 3266
2083 3681
2084 3681
2085 3164
2086 3164
2087 3164
2088 3164
2089 3266
2090 3266
2091 1965
2092 1965
2093 3266
2094 3266
2095 3266
2096 1965
2097 3164
2098 1965
2099 3164
2100 3164
2101 3164
2102 3164
2103 3164
2104 3164
2105 3164
2106 1965
2107 1965
2108 1965
2109 1965
2110 1965
2111 1965
2112 1965
2113 3421
2114 1965
2115 1965
2116 1965
2117 1965
2118 3421
2119 3421
2120 1965
2121 3421
2122 3421
2123 3421
2124 3421
2125 3421
2126 3421
2127 3421
2128 3421
2129 1965
2130 1965
2131 3421
2132 3421
2133 1965
2134 3421
2135 3421
2136 2254
2137 2322
2138 3421
2139 2254
2140 3421
2141 2254
2142 3421
2143 2254
2144 2254
2145 5086
2146 5086
2147 5086
2148 5086
2149 5086
2150 5086
2151 3713
2152 3713
2153 3421
2154 3421
2155 3421
2156 5086
2157 5086
2158 3421
2159 3421
2160 5086
2161 5056
2162 5056
2163 5056
2164 5056
2165 5056
2166 5082
2167 5086
2168 5086
2169 5086
2170 5086
2171 5056
2172 5086
2173 5086
2174 5056
2175 5056
2176 5056
2177 5086
2178 5056
2179 5056
2180 3421
2181 5086
2182 5086
2183 5086
2184 3713
2185 5158
2186 5086
2187 5158
2188 5158
2189 5158
2190 5158
2191 5158
2192 5056
2193 5056
2194 5056
2195 5056
2196 5056
2197 5056
2198 5056
2199 5056
2200 5082
2201 5082
2202 5082
2203 5082
2204 5082
2205 5082
2206 5082
2207 5082
2208 5082
2209 5082
2210 5158
2211 5158
2212 5158
2213 5158
2214 5056
2215 5158
2216 5158
2217 5082
2218 5082
2219 5056
2220 5082
2221 5056
2222 5056
2223 5082
2224 5082
2225 5082
2226 5056
2227 5082
2228 5082
2229 2485
2230 5082
2231 2485
2232 5082
2233 5083
2234 5082
2235 4721
2236 5082
2237 4742
2238 4721
2239 2485
2240 5082
2241 5047
2242 5047
2243 5082
2244 2485
2245 4742
2246 4742
2247 4742
2248 4742
2249 5082
2250 5082
2251 5056
2252 5056
2253 5082
2254 5083
2255 5082
2256 5047
2257 5047
2258 2485
2259 3524
2260 5047
2261 5083
2262 3524
2263 5047
2264 5082
2265 4721
2266 4742
2267 4742
2268 2743
2269 4742
2270 4721
2271 4742
2272 2485
2273 5082
2274 4742
2275 4742
2276 4742
2277 2485
2278 4742
2279 2743
2280 2743
2281 1317
2282 4681
2283 4742
2284 4747
2285 2743
2286 2743
2287 1317
2288 4681
2289 4681
2290 4749
2291 2807
2292 4662
2293 4749
2294 4749
2295 4749
2296 4662
2297 4749
2298 4752
2299 4752
2300 1054
2301 4662
2302 4762
2303 4762
2304 1054
2305 3524
2306 4742
2307 2743
2308 2485
2309 5047
2310 4681
2311 4742
2312 4747
2313 2743
2314 2807
2315 4749
2316 4747
2317 4681
2318 956
2319 1317
2320 2743
2321 4747
2322 4681
2323 1317
2324 956
2325 1317
2326 4692
2327 4692
2328 956
2329 4692
2330 4742
2331 1317
2332 4742
2333 2743
2334 2743
2335 2743
2336 956
2337 1317
2338 4692
2339 3935
2340 3453
2341 4075
2342 4771
2343 4725
2344 4770
2345 3453
2346 4770
2347 4770
2348 3935
2349 4770
2350 4772
2351 4770
2352 4770
2353 4772
2354 4772
2355 4772
2356 4772
2357 4772
2358 4772
2359 4772
2360 4772
2361 4075
2362 4754
2363 4075
2364 3453
2365 4075
2366 1021
2367 4754
2368 1021
2369 4762
2370 4754
2371 4758
2372 3453
2373 4725
2374 3453
2375 4771
2376 4770
2377 4725
2378 4725
2379 4770
2380 3453
2381 4075
2382 3453
2383 962
2384 3453
2385 3935
2386 4771
2387 4770
2388 3935
2389 4692
2390 4754
2391 4754
2392 4758
2393 3453
2394 4770
2395 3935
2396 3453
2397 3935
2398 4725
2399 4725
2400 4725
2401 4758
2402 4758
2403 4075
2404 4754
2405 3453
2406 3453
2407 3453
2408 3935
2409 3935
2410 4249
2411 4770
2412 4770
2413 4770
2414 903
2415 4772
2416 4772
2417 4770
2418 4770
2419 4772
2420 4772
2421 4772
2422 903
2423 4772
2424 4772
2425 4772
2426 4770
2427 903
2428 4770
2429 4770
2430 4770
2431 4770
2432 4725
2433 4725
2434 4770
2435 4770
2436 4770
2437 4772
2438 4772
2439 4770
2440 4770
2441 4770
2442 4725
2443 4772
2444 4770
2445 4770
2446 4770
2447 4725
2448 2717
2449 2717
2450 2717
2451 2717
2452 2717
2453 2716
2454 4285
2455 4285
2456 4285
2457 4285
2458 2717
2459 4285
2460 4285
2461 4165
2462 4285
2463 4285
2464 3990
2465 3990
2466 3999
2467 4070
2468 4070
2469 4285
2470 4285
2471 4256
2472 4070
2473 4285
2474 3976
2475 4160
2476 4160
2477 4160
2478 3853
2479 4160
2480 3991
2481 3976
2482 3932
2483 4165
2484 3991
2485 3853
2486 4160
2487 3853
2488 4160
2489 4160
2490 3932
2491 3998
2492 3999
2493 4001
2494 4070
2495 4070
2496 4304
2497 4304
2498 3999
2499 4304
2500 4304
2501 4256
2502 4070
2503 4256
2504 4256
2505 4239
2506 4304
2507 1965
2508 4273
2509 2845
2510 2845
2511 3164
2512 1965
2513 4277
2514 2845
2515 1965
2516 4277
2517 4277
2518 4304
2519 4239
2520 4160
2521 3853
2522 4160
2523 4007
2524 4007
2525 2536
2526 4160
2527 4007
2528 2378
2529 4007
2530 2378
2531 2378
2532 4073
2533 2819
2534 4073
2535 4073
2536 2819
2537 2819
2538 2819
2539 2819
2540 4259
2541 4259
2542 2819
2543 4259
2544 2819
2545 4259
2546 4259
2547 4197
2548 4197
2549 4302
2550 4197
2551 1965
2552 1965
2553 2845
2554 1965
2555 1965
2556 1965
2557 1965
2558 1965
2559 1965
2560 1965
2561 1965
2562 1965
2563 3421
2564 3421
2565 3421
2566 3421
2567 3421
2568 3421
2569 3421
2570 3421
2571 3421
2572 3421
2573 5158
2574 3421
2575 5158
2576 5158
2577 5158
2578 5158
2579 5158
2580 5158
2581 5158
2582 5158
2583 5158
2584 5158
2585 5158
2586 5158
2587 5158
2588 5158
2589 5158
2590 5158
2591 5158
2592 5056
2593 5158
2594 5158
2595 5158
2596 5056
2597 4109
2598 4109
2599 4109
2600 612
2601 612
2602 4825
2603 4786
2604 4825
2605 4786
2606 4786
2607 4826
2608 612
2609 612
2610 612
2611 612
2612 612
2613 612
2614 4786
2615 4786
2616 4786
2617 612
2618 4786
2619 612
2620 612
2621 612
2622 612
2623 3091
2624 3091
2625 3091
2626 4826
2627 4826
2628 3091
2629 3091
2630 3091
2631 3091
2632 3091
2633 612
2634 4786
2635 4786
2636 4786
2637 612
2638 4786
2639 4826
2640 4826
2641 4786
2642 4826
2643 4826
2644 4826
2645 4826
2646 4826
2647 4826
2648 4825
2649 612
2650 4826
2651 4786
2652 4825
2653 4826
2654 4825
2655 4825
2656 4826
2657 4826
2658 4826
2659 4786
2660 4826
2661 4826
2662 4826
2663 4826
2664 4786
2665 4825
2666 4786
2667 4826
2668 4786
2669 4786
2670 4826
2671 4826
2672 4826
2673 4826
2674 4825
2675 4826
2676 612
2677 4786
2678 4826
2679 4826
2680 4786
2681 4826
2682 4826
2683 4826
2684 4825
2685 4826
2686 4825
2687 4826
2688 4826
2689 4826
2690 90
2691 1651
2692 3132
2693 4285
2694 3491
2695 4285
2696 4345
2697 4345
2698 4345
2699 4345
2700 4345
2701 3775
2702 3775
2703 3775
2704 3775
2705 3775
2706 3775
2707 3775
2708 3775
2709 3775
2710 3775
2711 3775
2712 3775
2713 3775
2714 3775
2715 3775
2716 3775
2717 3775
2718 3775
2719 3775
2720 3775
2721 2340
2722 4669
2723 3419
2724 4669
2725 2783
2726 5190
2727 3775
2728 3775
2729 2385
2730 2783
2731 2783
2732 2783
2733 2783
2734 3203
2735 1065
2736 3203
2737 2783
2738 1065
2739 3203
2740 3203
2741 3775
2742 2783
2743 3775
2744 5190
2745 3775
2746 3775
2747 2783
2748 3775
2749 3775
2750 3832
2751 3775
2752 2783
2753 2340
2754 2783
2755 3203
2756 2783
2757 3203
2758 4669
2759 2783
2760 2783
2761 1065
2762 4669
2763 2340
2764 3419
2765 2783
2766 2783
2767 2783
2768 2783
2769 1065
2770 1065
2771 3203
2772 1065
2773 3203
2774 4028
2775 2783
2776 1065
2777 2783
2778 3775
2779 4669
2780 3419
2781 3419
2782 3775
2783 3775
2784 2783
2785 2783
2786 5190
2787 1065
2788 1065
2789 3203
2790 2783
2791 3775
2792 3832
2793 3419
2794 2783
2795 5190
2796 3775
2797 3775
2798 3832
2799 3775
2800 5190
2801 5190
2802 3832
2803 2340
2804 5190
2805 3832
2806 4343
2807 3832
2808 3419
2809 2783
2810 5190
2811 2783
2812 3203
2813 3203
2814 3203
2815 3203
2816 3419
2817 2783
2818 2783
2819 3203
2820 3203
2821 5190
2822 3419
2823 4179
2824 3419
2825 2783
2826 2783
2827 3203
2828 3203
2829 3203
2830 2783
2831 4028
2832 4028
2833 4028
2834 4028
2835 2619
2836 2619
2837 2619
2838 2619
2839 2619
2840 3209
2841 1025
2842 1025
2843 1025
2844 1133
2845 1133
2846 1025
2847 3234
2848 3234
2849 1133
2850 3234
2851 4422
2852 2515
2853 1504
2854 2619
2855 2515
2856 1504
2857 1504
2858 3234
2859 3234
2860 3234
2861 3234
2862 3234
2863 3315
2864 3234
2865 4422
2866 4422
2867 3315
2868 3202
2869 3315
2870 3315
2871 4296
2872 2501
2873 2513
2874 2080
2875 2609
2876 1450
2877 2513
2878 2903
2879 2830
2880 1450
2881 4422
2882 4422
2883 4422
2884 4422
2885 4422
2886 2893
2887 4422
2888 1981
2889 2893
2890 2893
2891 2201
2892 788
2893 2893
2894 1789
2895 2501
2896 3504
2897 1156
2898 1156
2899 1156
2900 1156
2901 1156
2902 200
2903 2501
2904 2217
2905 2231
2906 3171
2907 3171
2908 3670
2909 3670
2910 457
2911 129
2912 290
2913 594
2914 129
2915 198
2916 176
2917 176
2918 176
2919 111
2920 1892
2921 2828
2922 4206
2923 3058
2924 2828
2925 2483
2926 1992
2927 1992
2928 3670
2929 3670
2930 2828
2931 2828
2932 4206
2933 4206
2934 193
2935 214
2936 415
2937 2483
2938 2483
2939 399
2940 2483
2941 4206
2942 4206
2943 2483
2944 4206
2945 1679
2946 822
2947 90
2948 812
2949 2483
2950 1746
2951 1746
2952 1746
2953 1746
2954 1746
2955 4206
2956 1746
2957 1746
2958 4206
2959 4206
2960 1746
2961 4206
2962 4206
2963 4206
2964 4206
2965 4206
2966 4206
2967 822
2968 907
2969 822
2970 907
2971 822
2972 664
2973 822
2974 1746
2975 1679
2976 2678
2977 3103
2978 2678
2979 1436
2980 3103
2981 2678
2982 1903
2983 2678
2984 593
2985 2829
2986 2829
2987 735
2988 251
2989 1024
2990 694
2991 664
2992 1903
2993 2162
2994 1903
2995 1903
2996 735
2997 735
2998 2162
2999 2154
3000 2154
3001 2154
3002 379
3003 3395
3004 2333
3005 1112
3006 879
3007 1325
3008 735
3009 806
3010 1351
3011 2154
3012 2154
3013 3402
3014 2154
3015 2154
3016 2154
3017 2154
3018 2154
3019 2154
3020 2154
3021 2154
3022 2154
3023 1298
3024 979
3025 1298
3026 2063
3027 1298
3028 3020
3029 1048
3030 3020
3031 1081
3032 1995
3033 1081
3034 1048
3035 1048
3036 1995
3037 1687
3038 2154
3039 2154
3040 1995
3041 2154
3042 2154
3043 2154
3044 2154
3045 2154
3046 2154
3047 2154
3048 2154
3049 2154
3050 1923
3051 2154
3052 2912
3053 3020
3054 3547
3055 3617
3056 4195
3057 2675
3058 2987
3059 1687
3060 1995
3061 2996
3062 3509
3063 3434
3064 1959
3065 3434
3066 1264
3067 1948
3068 1948
3069 1687
3070 1923
3071 3139
3072 1923
3073 3139
3074 1959
3075 2996
3076 1948
3077 3312
3078 3139
3079 1948
3080 3139
3081 1948
3082 1948
3083 3139
3084 2996
3085 3139
3086 1948
3087 3978
3088 3893
3089 3978
3090 4285
3091 4285
3092 4285
3093 4285
3094 3978
3095 4285
3096 4285
3097 3509
3098 3939
3099 3312
3100 3509
3101 2996
3102 3978
3103 4285
3104 4285
3105 3978
3106 3978
3107 3139
3108 2996
3109 2996
3110 2996
3111 2996
3112 2996
3113 2996
3114 2996
3115 2996
3116 2996
3117 2996
3118 2996
3119 3939
3120 3978
3121 3939
3122 3978
3123 3978
3124 3978
3125 2996
3126 2996
3127 2996
3128 2996
3129 2996
3130 3557
3131 3557
3132 3978
3133 2996
3134 113
3135 1754
3136 2140
3137 2140
3138 2140
3139 2140
3140 2140
3141 1595
3142 1595
3143 629
3144 1595
3145 1595
3146 4096
3147 1595
3148 1595
3149 4096
3150 4096
3151 1595
3152 1595
3153 4096
3154 4096
3155 4229
3156 3785
3157 4229
3158 3785
3159 4096
3160 4096
3161 4096
3162 4229
3163 4096
3164 4096
3165 4229
3166 3785
3167 3785
3168 4229
3169 3785
3170 4229
3171 1921
3172 3785
3173 4229
3174 4259
3175 2716
3176 2716
3177 3976
3178 4285
3179 2716
3180 4285
3181 4285
3182 2716
3183 2716
3184 2716
3185 2716
3186 2717
3187 2716
3188 2717
3189 4285
3190 4285
3191 4285
3192 4285
3193 4285
3194 4285
3195 4285
3196 2716
3197 2716
3198 2717
3199 4285
3200 4285
3201 4285
3202 2378
3203 2378
3204 3901
3205 3901
3206 3901
3207 3901
3208 3976
3209 3665
3210 3665
3211 2717
3212 3901
3213 3665
3214 4073
3215 4259
3216 2819
3217 2378
3218 2819
3219 3901
3220 2378
3221 3901
3222 3976
3223 3976
3224 2717
3225 3976
3226 3976
3227 2716
3228 3976
3229 3976
3230 3665
3231 3901
3232 3665
3233 3901
3234 3976
3235 3976
3236 3901
3237 3976
3238 3978
3239 3978
3240 4285
3241 3978
3242 3978
3243 2015
3244 4285
3245 2015
3246 4285
3247 4285
3248 2015
3249 2015
3250 629
3251 2015
3252 2015
3253 2563
3254 2140
3255 1595
3256 4259
3257 2940
3258 4259
3259 2940
3260 1947
3261 3555
3262 2278
3263 2940
3264 4169
3265 4345
3266 4345
3267 4345
3268 4345
3269 4109
3270 4197
3271 2819
3272 2378
3273 2378
3274 4302
3275 4259
3276 4197
3277 4162
3278 2819
3279 2819
3280 2819
3281 2819
3282 2819
3283 2378
3284 2378
3285 2378
3286 4007
3287 3901
3288 3901
3289 3901
3290 2378
3291 2378
3292 2819
3293 4345
3294 4197
3295 4169
3296 4302
3297 4197
3298 4259
3299 4197
3300 4259
3301 4259
3302 4345
3303 4345
3304 4345
3305 4345
3306 4345
3307 4345
3308 4345
3309 4345
3310 4345
3311 4345
3312 4109
3313 4109
3314 4197
3315 4109
3316 4259
3317 2819
3318 2819
3319 2819
3320 4259
3321 4259
3322 2819
3323 4259
3324 1595
3325 1595
3326 1595
3327 4345
3328 4345
3329 4345
3330 4345
3331 4345
3332 4345
3333 4345
3334 4345
3335 4345
3336 4345
3337 4109
3338 4345
3339 4109
3340 4197
3341 4197
3342 4109
3343 4345
3344 4345
3345 4345
3346 4345
3347 4197
3348 4109
3349 4197
3350 4197
3351 4197
3352 4109
3353 4197
3354 4345
3355 4345
3356 4345
3357 4345
3358 4345
3359 4345
3360 4109
3361 4345
3362 4109
3363 4109
3364 4109
3365 4109
3366 4109
3367 4109
3368 2678
3369 4206
3370 4206
3371 2154
3372 3665
3373 2536
3374 4109
3375 4109
3376 4028
3377 4028
3378 4028
3379 4028
3380 3073
3381 3073
3382 3505
3383 3073
3384 3505
3385 3073
3386 4028
3387 4028
3388 4028
3389 4028
3390 4028
3391 4272
3392 4028
3393 4028
3394 4028
3395 4028
3396 4028
3397 4028
3398 4028
3399 3073
3400 3073
3401 2700
3402 3073
3403 4028
3404 4953
3405 3073
3406 4028
3407 4933
3408 3073
3409 3073
3410 4028
3411 4600
3412 4028
3413 3203
3414 3203
3415 4600
3416 4028
3417 4028
3418 4028
3419 4600
3420 4600
3421 4600
3422 4600
3423 3203
3424 3203
3425 3203
3426 3203
3427 3203
3428 4600
3429 4600
3430 4600
3431 4028
3432 4600
3433 4600
3434 4028
3435 4028
3436 3203
3437 4028
3438 4028
3439 4028
3440 4028
3441 4028
3442 4028
3443 4028
3444 4028
3445 4028
3446 3073
3447 4028
3448 3073
3449 3073
3450 4028
3451 4600
3452 4600
3453 4028
3454 4600
3455 4600
3456 4600
3457 4028
3458 4600
3459 4028
3460 4028
3461 4028
3462 4028
3463 4028
3464 4028
3465 4605
3466 4028
3467 4600
3468 4600
3469 4028
3470 4953
3471 4605
3472 4605
3473 4272
3474 4272
3475 4028
3476 3505
3477 3073
3478 3073
3479 4981
3480 4933
3481 4933
3482 3073
3483 4933
3484 3073
3485 3073
3486 3073
3487 4926
3488 4926
3489 3073
3490 3073
3491 4028
3492 4272
3493 3505
3494 4953
3495 2700
3496 4926
3497 4272
3498 4953
3499 4953
3500 3203
3501 3203
3502 3203
3503 3203
3504 3203
3505 3203
3506 3203
3507 3203
3508 3203
3509 3203
3510 3203
3511 3203
3512 3203
3513 3203
3514 3203
3515 4926
3516 2700
3517 2700
3518 2700
3519 1427
3520 1427
3521 3104
3522 1427
3523 2701
3524 2701
3525 4103
3526 1427
3527 3026
3528 3026
3529 4103
3530 4926
3531 3026
3532 4926
3533 2700
3534 1427
3535 1427
3536 4927
3537 1427
3538 2700
3539 4927
3540 4981
3541 1427
3542 1427
3543 3104
3544 3104
3545 678
3546 1427
3547 4310
3548 2701
3549 2701
3550 4028
3551 3073
3552 4926
3553 4028
3554 4028
3555 2700
3556 3073
3557 3505
3558 4926
3559 1427
3560 4310
3561 4103
3562 3026
3563 1427
3564 1427
3565 3073
3566 3073
3567 4103
3568 3026
3569 3026
3570 1427
3571 1427
3572 1427
3573 1427
3574 1427
3575 2701
3576 3104
3577 3104
3578 4926
3579 4926
3580 4981
3581 4927
3582 4278
3583 3026
3584 4927
3585 3026
3586 2700
3587 4927
3588 4310
3589 4310
3590 4310
3591 1427
3592 1427
3593 3026
3594 1427
3595 1427
3596 1427
3597 2701
3598 3677
3599 678
3600 3160
3601 1427
3602 2701
3603 1427
3604 1427
3605 3104
3606 3104
3607 2701
3608 3104
3609 678
3610 678
3611 2701
3612 678
3613 678
3614 678
3615 2001
3616 2001
3617 1661
3618 2507
3619 678
3620 2299
3621 1661
3622 678
3623 678
3624 3104
3625 3104
3626 678
3627 678
3628 3487
3629 3487
3630 3487
3631 2168
3632 2507
3633 2507
3634 2168
3635 2168
3636 2507
3637 3337
3638 2507
3639 2168
3640 3104
3641 2299
3642 678
3643 1661
3644 1661
3645 2001
3646 2507
3647 2001
3648 2507
3649 678
3650 3487
3651 3337
3652 3337
3653 3487
3654 3160
3655 3337
3656 3160
3657 3337
3658 2215
3659 2168
3660 3436
3661 2507
3662 2507
3663 2168
3664 3337
3665 2168
3666 2507
3667 2507
3668 2507
3669 940
3670 4018
3671 1768
3672 1768
3673 940
3674 940
3675 2507
3676 2507
3677 4018
3678 940
3679 2038
3680 2507
3681 2507
3682 2507
3683 3062
3684 1768
3685 1760
3686 1838
3687 3062
3688 2038
3689 1768
3690 940
3691 2507
3692 940
3693 2507
3694 1768
3695 1768
3696 3062
3697 1768
3698 2038
3699 1838
3700 2507
3701 2507
3702 940
3703 2507
3704 2507
3705 3062
3706 940
3707 3062
3708 2038
3709 3062
3710 2038
3711 2038
3712 3062
3713 452
3714 452
3715 1211
3716 1684
3717 2655
3718 1211
3719 2655
3720 1684
3721 1211
3722 1354
3723 1354
3724 1211
3725 1354
3726 1497
3727 1559
3728 1768
3729 1838
3730 1211
3731 4997
3732 1838
3733 1838
3734 3062
3735 1354
3736 1637
3737 3629
3738 3629
3739 1211
3740 1838
3741 1211
3742 3629
3743 3629
3744 1637
3745 4997
3746 452
3747 452
3748 3814
3749 3814
3750 3629
3751 1635
3752 3691
3753 4997
3754 3629
3755 1635
3756 452
3757 452
3758 3814
3759 452
3760 3814
3761 3061
3762 3691
3763 3814
3764 1740
3765 3650
3766 2722
3767 1845
3768 1667
3769 1667
3770 1929
3771 1319
3772 2619
3773 2619
3774 2619
3775 2619
3776 1319
3777 2619
3778 2619
3779 2619
3780 1845
3781 1667
3782 2255
3783 1319
3784 2619
3785 2619
3786 1667
3787 1497
3788 1559
3789 1559
3790 1559
3791 3650
3792 3650
3793 3291
3794 3650
3795 3102
3796 2722
3797 2722
3798 3102
3799 3291
3800 3102
3801 2774
3802 2774
3803 3650
3804 2433
3805 3558
3806 2722
3807 3650
3808 3558
3809 3946
3810 3650
3811 3558
3812 3558
3813 3946
3814 3558
3815 3102
3816 3291
3817 2774
3818 3297
3819 3297
3820 3691
3821 3297
3822 3946
3823 3072
3824 4023
3825 4023
3826 3297
3827 3383
3828 3072
3829 2619
3830 1667
3831 1667
3832 1845
3833 2255
3834 1739
3835 1667
3836 1667
3837 1739
3838 1929
3839 2619
3840 1929
3841 1862
3842 1862
3843 2619
3844 1929
3845 1667
3846 2722
3847 3126
3848 1845
3849 3102
3850 3102
3851 3072
3852 4334
3853 3126
3854 4237
3855 1667
3856 3549
3857 1845
3858 1845
3859 3569
3860 1845
3861 2360
3862 3055
3863 3569
3864 1739
3865 1929
3866 2774
3867 4334
3868 2774
3869 4334
3870 3569
3871 1739
3872 3629
3873 3383
3874 3297
3875 3297
3876 3383
3877 3691
3878 2619
3879 3209
3880 2619
3881 2619
3882 3209
3883 3209
3884 3209
3885 3209
3886 3209
3887 2619
3888 3209
3889 2619
3890 1929
3891 2619
3892 2619
3893 1929
3894 2619
3895 2619
3896 3209
3897 2619
3898 3209
3899 2619
3900 2619
3901 3209
3902 2619
3903 1133
3904 1133
3905 1133
3906 1133
3907 1133
3908 1133
3909 1133
3910 1133
3911 1133
3912 1133
3913 1133
3914 3209
3915 1504
3916 1504
3917 1025
3918 3209
3919 1504
3920 1504
3921 1133
3922 1025
3923 1133
3924 1133
3925 1025
3926 1133
3927 1504
3928 1504
3929 2515
3930 2619
3931 2515
3932 2515
3933 3234
3934 3273
3935 2619
3936 2515
3937 1353
3938 1718
3939 1929
3940 2619
3941 3479
3942 1929
3943 2515
3944 2515
3945 4114
3946 2619
3947 2619
3948 2515
3949 2515
3950 2515
3951 2515
3952 2515
3953 2515
3954 3273
3955 3234
3956 3234
3957 3273
3958 3234
3959 3234
3960 4422
3961 3234
3962 3234
3963 3273
3964 3273
3965 1504
3966 1504
3967 3273
3968 3234
3969 3234
3970 3273
3971 3234
3972 537
3973 4296
3974 1133
3975 989
3976 1133
3977 1318
3978 537
3979 4296
3980 989
3981 1396
3982 1133
3983 1318
3984 537
3985 4296
3986 989
3987 1318
3988 1133
3989 1133
3990 1133
3991 1133
3992 1133
3993 1133
3994 1133
3995 1133
3996 1133
3997 1133
3998 1133
3999 1133
4000 1133
4001 1133
4002 1133
4003 3234
4004 3234
4005 3234
4006 3234
4007 1318
4008 989
4009 3234
4010 1773
4011 3234
4012 3234
4013 4422
4014 4296
4015 4296
4016 4296
4017 4296
4018 4296
4019 4296
4020 4296
4021 2501
4022 4296
4023 4296
4024 4296
4025 4296
4026 4296
4027 4296
4028 4296
4029 4296
4030 4296
4031 4296
4032 4296
4033 4296
4034 4296
4035 4296
4036 4296
4037 537
4038 4296
4039 4296
4040 4296
4041 4296
4042 4296
4043 4296
4044 4296
4045 4296
4046 4296
4047 4296
4048 2048
4049 4296
4050 4296
4051 4296
4052 4296
4053 4296
4054 4296
4055 4296
4056 4296
4057 4296
4058 4296
4059 2048
4060 4296
4061 4296
4062 4296
4063 4296
4064 4296
4065 4296
4066 4296
4067 4296
4068 4296
4069 4296
4070 4296
4071 1318
4072 2110
4073 3234
4074 3315
4075 2048
4076 3315
4077 3315
4078 4422
4079 4422
4080 3315
4081 4422
4082 2230
4083 2609
4084 4296
4085 3953
4086 3315
4087 3213
4088 3234
4089 3234
4090 3234
4091 4422
4092 3651
4093 4422
4094 3234
4095 3234
4096 3234
4097 4422
4098 4422
4099 3651
4100 3651
4101 3651
4102 2893
4103 1789
4104 3651
4105 2893
4106 3651
4107 2893
4108 2501
4109 4296
4110 4296
4111 4296
4112 4296
4113 4296
4114 4296
4115 4296
4116 4296
4117 4296
4118 4296
4119 4296
4120 2501
4121 2501
4122 2501
4123 1156
4124 1156
4125 1156
4126 1156
4127 1156
4128 1156
4129 1156
4130 4296
4131 4296
4132 4296
4133 1156
4134 1156
4135 1156
4136 4296
4137 4296
4138 4296
4139 4296
4140 4296
4141 4296
4142 4296
4143 4296
4144 4296
4145 4296
4146 4296
4147 4296
4148 4296
4149 4296
4150 4296
4151 4296
4152 4296
4153 4296
4154 4296
4155 4296
4156 2501
4157 2501
4158 2501
4159 4296
4160 1156
4161 1156
4162 1156
4163 1156
4164 1156
4165 4296
4166 2501
4167 1156
4168 4296
4169 1156
4170 1156
4171 4296
4172 4296
4173 4296
4174 4296
4175 4296
4176 4296
4177 4296
4178 4296
4179 4296
4180 4296
4181 4296
4182 4296
4183 4296
4184 4296
4185 1156
4186 4296
4187 4296
4188 4296
4189 4296
4190 1156
4191 1156
4192 4296
4193 1541
4194 4296
4195 4296
4196 4296
4197 4296
4198 4296
4199 4296
4200 4296
4201 4296
4202 4296
4203 4296
4204 4296
4205 571
4206 4296
4207 4296
4208 1156
4209 1262
4210 571
4211 571
4212 4296
4213 4460
4214 5147
4215 4242
4216 2501
4217 4242
4218 198
4219 290
4220 198
4221 857
4222 1262
4223 2501
4224 1156
4225 1156
4226 2501
4227 857
4228 2501
4229 198
4230 547
4231 764
4232 2501
4233 2501
4234 2904
4235 2239
4236 0
4237 3948
4238 529
4239 2080
4240 2513
4241 2513
4242 2830
4243 2080
4244 3109
4245 1450
4246 788
4247 1799
4248 2828
4249 2828
4250 1071
4251 547
4252 547
4253 3938
4254 515
4255 2828
4256 4206
4257 4206
4258 3058
4259 2828
4260 2828
4261 2828
4262 4206
4263 4206
4264 4206
4265 4206
4266 4206
4267 4206
4268 1071
4269 2893
4270 2792
4271 683
4272 2893
4273 683
4274 1071
4275 1992
4276 2792
4277 4206
4278 4206
4279 4206
4280 1992
4281 4206
4282 4206
4283 4206
4284 4206
4285 4206
4286 4206
4287 2678
4288 4206
4289 2678
4290 4206
4291 4206
4292 4206
4293 2678
4294 4206
4295 2678
4296 4206
4297 4206
4298 4206
4299 4206
4300 4206
4301 4206
4302 4206
4303 4206
4304 4206
4305 4206
4306 4206
4307 4206
4308 4206
4309 4206
4310 4206
4311 4206
4312 4206
4313 4206
4314 4206
4315 4206
4316 4206
4317 4206
4318 4206
4319 4206
4320 2678
4321 4206
4322 2678
4323 2162
4324 2162
4325 2678
4326 2154
4327 2162
4328 2162
4329 2162
4330 2678
4331 2678
4332 2678
4333 2678
4334 2678
4335 2162
4336 2162
4337 2678
4338 2162
4339 2678
4340 2162
4341 2162
4342 2162
4343 2162
4344 2162
4345 2162
4346 2154
4347 2154
4348 2154
4349 2154
4350 2154
4351 2154
4352 2154
4353 2162
4354 2154
4355 2162
4356 2154
4357 2162
4358 2154
4359 2154
4360 2154
4361 2154
4362 2154
4363 2154
4364 2154
4365 2154
4366 2154
4367 2154
4368 2154
4369 2154
4370 2154
4371 2154
4372 2154
4373 2154
4374 2154
4375 2154
4376 2154
4377 2154
4378 2154
4379 2154
4380 2154
4381 2154
4382 2154
4383 2154
4384 2154
4385 2154
4386 2154
4387 2154
4388 2154
4389 2154
4390 2154
4391 2154
4392 2154
4393 2140
4394 2154
4395 2154
4396 2154
4397 2154
4398 2154
4399 2154
4400 2154
4401 2154
4402 2154
4403 2154
4404 2154
4405 2565
4406 2154
4407 2154
4408 2154
4409 2154
4410 2154
4411 2154
4412 2154
4413 2154
4414 2154
4415 2565
4416 1923
4417 2140
4418 2140
4419 2140
4420 2140
4421 2140
4422 2140
4423 2565
4424 3139
4425 3139
4426 3139
4427 3139
4428 2140
4429 2154
4430 2140
4431 2140
4432 2140
4433 2140
4434 2996
4435 2140
4436 3978
4437 2140
4438 2140
4439 2140
4440 2140
4441 3978
4442 3978
4443 3978
4444 2140
4445 2140
4446 2140
4447 3978
4448 2140
4449 2140
4450 1197
4451 1309
4452 3139
4453 2565
4454 3139
4455 3139
4456 3139
4457 3139
4458 3139
4459 3139
4460 3139
4461 3139
4462 3139
4463 3139
4464 1948
4465 3139
4466 3139
4467 1948
4468 3139
4469 1948
4470 1948
4471 1948
4472 3139
4473 3139
4474 3139
4475 3139
4476 3139
4477 3139
4478 2052
4479 1948
4480 1948
4481 2996
4482 3139
4483 2052
4484 1948
4485 1948
4486 1948
4487 2052
4488 3139
4489 2052
4490 2052
4491 2052
4492 2052
4493 2052
4494 2140
4495 3139
4496 3139
4497 2140
4498 2996
4499 1948
4500 1948
4501 1948
4502 3557
4503 2052
4504 3557
4505 1948
4506 2052
4507 3557
4508 3139
4509 2052
4510 2052
4511 3557
4512 3557
4513 1602
4514 3557
4515 1602
4516 3139
4517 2996
4518 3139
4519 3139
4520 1677
4521 1586
4522 2052
4523 2996
4524 3139
4525 2052
4526 1948
4527 3139
4528 3139
4529 3139
4530 3139
4531 3139
4532 3139
4533 2052
4534 1677
4535 1677
4536 1602
4537 2052
4538 2140
4539 1677
4540 2140
4541 2140
4542 2140
4543 2140
4544 1602
4545 3264
4546 3264
4547 2140
4548 3264
4549 1586
4550 1677
4551 1586
4552 2565
4553 1677
4554 3264
4555 2309
4556 2055
4557 2055
4558 1586
4559 2565
4560 1677
4561 1677
4562 1677
4563 1677
4564 2565
4565 1677
4566 2565
4567 2565
4568 1677
4569 2565
4570 2565
4571 2565
4572 2565
4573 2050
4574 1595
4575 1595
4576 2565
4577 4096
4578 4096
4579 1595
4580 2565
4581 4096
4582 2565
4583 2565
4584 1595
4585 2140
4586 2565
4587 2140
4588 2140
4589 2140
4590 2140
4591 2140
4592 2140
4593 2140
4594 2140
4595 2140
4596 2140
4597 1595
4598 4096
4599 4096
4600 1595
4601 4096
4602 1595
4603 4096
4604 4096
4605 4096
4606 4096
4607 1595
4608 4096
4609 4096
4610 4096
4611 4229
4612 4096
4613 4096
4614 4096
4615 1595
4616 4096
4617 1595
4618 4096
4619 1595
4620 4096
4621 1595
4622 1595
4623 3222
4624 4229
4625 3785
4626 4229
4627 3785
4628 4096
4629 4229
4630 4096
4631 3222
4632 3785
4633 4229
4634 3785
4635 3785
4636 3785
4637 3785
4638 3785
4639 3785
4640 3785
4641 3785
4642 3785
4643 3222
4644 3222
4645 3222
4646 3222
4647 3222
4648 3222
4649 4096
4650 3785
4651 3785
4652 3222
4653 3785
4654 3785
4655 4265
4656 4265
4657 4265
4658 4265
4659 4265
4660 4265
4661 2191
4662 2191
4663 4265
4664 4265
4665 3785
4666 3785
4667 4265
4668 3785
4669 3785
4670 3785
4671 3785
4672 3785
4673 3785
4674 1921
4675 4265
4676 3785
4677 3785
4678 4265
4679 4265
4680 4265
4681 4229
4682 4229
4683 3785
4684 3785
4685 3785
4686 3785
4687 3222
4688 3785
4689 3785
4690 3785
4691 3785
4692 4229
4693 3785
4694 3785
4695 4265
4696 4265
4697 4265
4698 4265
4699 1001
4700 1921
4701 1001
4702 1921
4703 4265
4704 4265
4705 4265
4706 4265
4707 2191
4708 2191
4709 2191
4710 1001
4711 1001
4712 2191
4713 2191
4714 2191
4715 2191
4716 1921
4717 1921
4718 3785
4719 1507
4720 1921
4721 1921
4722 3785
4723 4265
4724 1921
4725 1921
4726 1921
4727 1001
4728 1921
4729 2191
4730 1001
4731 1001
4732 4265
4733 2191
4734 4265
4735 2191
4736 4265
4737 4265
4738 2191
4739 4265
4740 2191
4741 2191
4742 2191
4743 2191
4744 1001
4745 1001
4746 2191
4747 2191
4748 2191
4749 2191
4750 1246
4751 2191
4752 2191
4753 1001
4754 1246
4755 2191
4756 2191
4757 3971
4758 1001
4759 1001
4760 1921
4761 1001
4762 1001
4763 2191
4764 1001
4765 2191
4766 2191
4767 2191
4768 1001
4769 2191
4770 2191
4771 2191
4772 2191
4773 1246
4774 1246
4775 2191
4776 2191
4777 1246
4778 1246
4779 2191
4780 2191
4781 2191
4782 2191
4783 2191
4784 1246
4785 2191
4786 3971
4787 3971
4788 3971
4789 2546
4790 2546
4791 1246
4792 3971
4793 2546
4794 3971
4795 2546
4796 2546
4797 2546
4798 2546
4799 2546
4800 2546
4801 2546
4802 2546
4803 2546
4804 2546
4805 2546
4806 2546
4807 2546
4808 2546
4809 2546
4810 2546
4811 1246
4812 1246
4813 1246
4814 3971
4815 3971
4816 2191
4817 2546
4818 3971
4819 2546
4820 2546
4821 2546
4822 2546
4823 2546
4824 2546
4825 2546
4826 2546
4827 2546
4828 2546
4829 2546
4830 1246
4831 3971
4832 3971
4833 2546
4834 2546
4835 2546
4836 2546
4837 2546
4838 2546
4839 3971
4840 3971
4841 3971
4842 2191
4843 2546
4844 2546
4845 2546
4846 2546
4847 2546
4848 2546
4849 419
4850 1686
4851 2171
4852 1686
4853 1686
4854 419
4855 1686
4856 721
4857 591
4858 721
4859 721
4860 721
4861 721
4862 721
4863 721
4864 721
4865 721
4866 721
4867 721
4868 721
4869 419
4870 2171
4871 419
4872 2171
4873 2546
4874 2546
4875 2171
4876 2546
4877 2171
4878 1722
4879 1686
4880 419
4881 1686
4882 721
4883 721
4884 419
4885 721
4886 591
4887 2546
4888 2546
4889 2546
4890 2171
4891 2546
4892 1722
4893 1686
4894 419
4895 1686
4896 2171
4897 2546
4898 2171
4899 1722
4900 2171
4901 721
4902 591
4903 419
4904 419
4905 591
4906 591
4907 2546
4908 2546
4909 2546
4910 2546
4911 2171
4912 2171
4913 419
4914 419
4915 591
4916 419
4917 721
4918 721
4919 721
4920 721
4921 721
4922 721
4923 721
4924 721
4925 721
4926 721
4927 721
4928 721
4929 721
4930 721
4931 721
4932 721
4933 721
4934 721
4935 721
4936 721
4937 721
4938 721
4939 721
4940 591
4941 721
4942 721
4943 721
4944 591
4945 591
4946 721
4947 721
4948 721
4949 721
4950 721
4951 721
4952 721
4953 721
4954 591
4955 721
4956 591
4957 591
4958 721
4959 591
4960 2717
4961 2717
4962 2717
4963 2717
4964 2717
4965 4285
4966 4285
4967 3978
4968 1595
4969 2717
4970 4285
4971 2716
4972 2716
4973 2717
4974 2717
4975 4285
4976 4285
4977 4285
4978 2717
4979 4285
4980 3978
4981 2140
4982 3978
4983 4285
4984 2717
4985 3976
4986 4160
4987 4160
4988 4160
4989 3976
4990 4160
4991 2717
4992 3976
4993 2717
4994 2717
4995 2717
4996 2717
4997 3976
4998 3976
4999 3976
5000 2717
5001 4160
5002 4160
5003 4160
5004 4160
5005 4160
5006 2717
5007 2716
5008 4285
5009 3978
5010 3978
5011 3978
5012 3978
5013 3978
5014 3978
5015 3978
5016 2140
5017 2140
5018 3978
5019 2140
5020 1595
5021 2140
5022 1595
5023 2140
5024 1595
5025 2140
5026 2140
5027 2140
5028 2015
5029 2015
5030 2015
5031 2140
5032 4007
5033 4007
5034 4160
5035 4007
5036 4007
5037 2378
5038 4007
5039 2378
5040 2378
5041 2378
5042 2378
5043 2819
5044 2819
5045 2819
5046 4073
5047 2378
5048 2819
5049 2378
5050 2819
5051 2819
5052 2819
5053 4259
5054 2819
5055 2819
5056 2819
5057 4259
5058 4259
5059 4197
5060 2819
5061 4259
5062 4259
5063 1595
5064 1595
5065 1595
5066 1595
5067 1595
5068 1595
5069 1595
5070 1595
5071 1595
5072 1595
5073 4096
5074 1595
5075 4096
5076 3222
5077 4096
5078 3222
5079 4096
5080 3222
5081 3222
5082 3222
5083 4096
5084 4229
5085 4229
5086 3222
5087 3222
5088 3222
5089 3785
5090 3785
5091 3785
5092 3785
5093 3785
5094 3785
5095 3785
5096 3785
5097 3785
5098 3785
5099 1921
5100 3785
5101 3785
5102 1921
5103 4265
5104 1921
5105 4109
5106 4197
5107 4197
5108 4197
5109 3775
5110 3775
5111 3775
5112 3775
5113 3775
5114 3775
5115 3775
5116 3775
5117 3775
5118 3775
5119 3775
5120 3775
5121 3775
5122 3775
5123 3775
5124 3775
5125 3775
5126 3775
5127 3775
5128 3775
5129 3775
5130 3775
5131 3775
5132 3775
5133 4343
5134 3775
5135 3775
5136 3775
5137 3775
5138 3775
5139 3775
5140 3775
5141 3775
5142 3775
5143 3775
5144 3775
5145 3775
5146 3775
5147 3775
5148 3775
5149 3775
5150 3775
5151 3775
5152 3775
5153 3775
5154 3775
5155 3775
5156 3775
5157 3775
5158 3775
5159 3775
5160 3775
5161 3775
5162 3775
5163 3775
5164 3775
5165 3775
5166 3775
5167 3775
5168 3775
5169 3775
5170 3775
5171 3775
5172 3775
5173 3775
5174 3775
5175 3775
5176 3775
5177 3775
5178 3775
5179 3775
5180 3775
5181 3775
5182 3775
5183 3775
5184 3775
5185 3775
5186 3775
5187 3775
5188 3775
5189 3775
5190 3775
5191 3775
5192 3775
5193 3775
5194 3775
5195 3775
5196 3775
5197 4296
5198 4296
5199 4296
5200 4296
