0 1123
1 706
2 910
3 909
4 909
5 909
6 909
7 1129
8 1710
9 1555
10 1717
11 1872
12 3594
13 2613
14 3783
15 519
16 608
17 429
18 429
19 519
20 342
21 3
22 429
23 594
24 594
25 28
26 16
27 16
28 40
29 78
30 16
31 16
32 9
33 9
34 3
35 0
36 9
37 16
38 425
39 519
40 707
41 608
42 77
43 3
44 28
45 596
46 910
47 909
48 1710
49 1556
50 1872
51 1875
52 1872
53 1555
54 1260
55 1261
56 1261
57 1260
58 1261
59 909
60 190
61 429
62 16
63 15
64 3
65 9
66 3
67 9
68 3
69 3
70 3
71 3
72 3
73 3
74 429
75 519
76 705
77 706
78 705
79 519
80 429
81 614
82 1123
83 614
84 342
85 519
86 706
87 706
88 706
89 910
90 909
91 1401
92 3
93 3
94 3
95 3
96 3
97 16
98 3
99 3
100 3
101 3
102 3
103 28
104 593
105 28
106 246
107 246
108 519
109 3
110 16
111 3
112 3
113 3
114 3
115 3
116 9
117 614
118 1123
119 519
120 3
121 16
122 190
123 3
124 9
125 3
126 3
127 3
128 9
129 910
130 1129
131 1128
132 1555
133 1874
134 2034
135 2403
136 2405
137 2405
138 2406
139 2408
140 2414
141 2416
142 2635
143 2416
144 2845
145 2406
146 2224
147 2223
148 2605
149 2403
150 2220
151 3594
152 190
153 77
154 3
155 614
156 1123
157 909
158 1128
159 1556
160 3
161 706
162 608
163 910
164 1128
165 3
166 3
167 3
168 3
169 3
170 3
171 9
172 3
173 3
174 3
175 3
176 3
177 40
178 9
179 3
180 3
181 3
182 3
183 3
184 706
185 706
186 910
187 909
188 706
189 3
190 909
191 9
192 3
193 909
194 909
195 909
196 1557
197 1717
198 1874
199 1874
200 2599
201 2599
202 2602
203 2599
204 2034
205 2602
206 4199
207 2608
208 2410
209 2635
210 3069
211 3437
212 4000
213 3250
214 2413
215 3246
216 2845
217 3414
218 1874
219 1872
220 2618
221 1128
222 1261
223 1716
224 1875
225 3414
226 3778
227 4204
228 28
229 3
230 3
231 3
232 3
233 519
234 1261
235 1557
236 1872
237 1555
238 1557
239 1556
240 1872
241 1261
242 1710
243 1710
244 425
245 190
246 410
247 425
248 706
249 1401
250 1557
251 705
252 3
253 3
254 3
255 1260
256 3
257 1556
258 1557
259 1556
260 1717
261 2210
262 1867
263 3
264 1261
265 1128
266 1717
267 1717
268 3594
269 2405
270 2845
271 2840
272 1872
273 3
274 3
275 3
276 3
277 3
278 1717
279 1872
280 1875
281 1555
282 1710
283 910
284 1010
285 705
286 705
287 1129
288 1875
289 9
290 1557
291 3
292 3
293 910
294 910
295 1555
296 3
297 705
298 3
299 910
300 1406
301 1557
302 3
303 1717
304 3041
305 3594
306 2602
307 3594
308 2222
309 2223
310 4437
311 15
312 3
313 3
314 3
315 3
316 429
317 909
318 3594
319 909
320 909
321 1261
322 1556
323 1717
324 1555
325 1717
326 3
327 1260
328 1710
329 706
330 3046
331 2608
332 1716
333 3
334 429
335 16
336 40
337 342
338 608
339 608
340 40
341 40
342 342
343 342
344 519
345 519
346 705
347 1875
348 1261
349 1710
350 2602
351 2403
352 9
353 1867
354 1717
355 2403
356 15
357 3
358 1129
359 1260
360 1129
361 1557
362 1875
363 425
364 429
365 189
366 246
367 3
368 2222
369 2605
370 2224
371 1123
372 1261
373 2612
374 77
375 3
376 9
377 3
378 3
379 1556
380 3
381 3
382 1557
383 3041
384 1556
385 1556
386 1556
387 2405
388 3
389 4201
390 3421
391 3246
392 3250
393 3436
394 2871
395 2247
396 2052
397 4034
398 4038
399 4053
400 3832
401 878
402 4889
403 1663
404 878
405 3464
406 973
407 4162
408 3560
409 1363
410 973
411 627
412 3651
413 1363
414 3560
415 3
416 910
417 910
418 2612
419 3
420 2034
421 4435
422 3594
423 4201
424 2612
425 2408
426 2622
427 2410
428 2635
429 3436
430 2639
431 2868
432 2228
433 2840
434 4437
435 1261
436 1129
437 1261
438 1261
439 3
440 77
441 3
442 3
443 614
444 1555
445 2845
446 1557
447 2845
448 77
449 9
450 3
451 2612
452 3
453 519
454 3041
455 4437
456 2608
457 3
458 1875
459 2223
460 2608
461 2608
462 4201
463 3
464 429
465 77
466 2405
467 2845
468 3
469 9
470 1556
471 1557
472 4435
473 3
474 3
475 9
476 3
477 3
478 3231
479 2622
480 2410
481 2405
482 3243
483 2414
484 2229
485 2232
486 2232
487 2408
488 3594
489 3042
490 1872
491 3594
492 2608
493 2405
494 3606
495 4435
496 2620
497 2405
498 2224
499 1872
500 2599
501 3597
502 2612
503 3594
504 2210
505 2034
506 3778
507 4435
508 2406
509 3250
510 2864
511 4004
512 3625
513 1568
514 2442
515 1570
516 2052
517 1030
518 1150
519 4937
520 3839
521 4287
522 3487
523 198
524 203
525 4508
526 4511
527 4512
528 4502
529 4305
530 4507
531 4528
532 4318
533 4304
534 4511
535 114
536 4739
537 3285
538 1477
539 2522
540 4336
541 1801
542 1801
543 2410
544 2414
545 4435
546 2614
547 3414
548 4201
549 2401
550 2223
551 2620
552 2413
553 2602
554 2605
555 2840
556 2411
557 4204
558 2848
559 2836
560 3056
561 3243
562 3066
563 3069
564 2413
565 2413
566 2635
567 2226
568 2416
569 2836
570 2613
571 2405
572 3606
573 2622
574 3250
575 2414
576 2232
577 2622
578 2413
579 2620
580 2413
581 2407
582 2414
583 2413
584 3243
585 2413
586 2634
587 2414
588 2416
589 2868
590 4237
591 3797
592 2241
593 2878
594 21
595 21
596 21
597 21
598 21
599 95
600 39
601 188
602 39
603 31
604 21
605 21
606 422
607 419
608 427
609 1254
610 613
611 1853
612 2013
613 2194
614 3028
615 3395
616 3400
617 3575
618 3957
619 4405
620 4895
621 5103
622 4902
623 2027
624 2032
625 3413
626 3413
627 2032
628 1870
629 2031
630 2394
631 3411
632 4679
633 3979
634 4429
635 4190
636 3230
637 21
638 21
639 21
640 31
641 31
642 21
643 31
644 3095
645 31
646 31
647 31
648 31
649 31
650 3095
651 3095
652 3095
653 3095
654 3095
655 3095
656 3095
657 3095
658 3095
659 2840
660 3243
661 2416
662 22
663 589
664 610
665 893
666 786
667 994
668 1120
669 2003
670 1120
671 1693
672 1254
673 56
674 95
675 56
676 265
677 609
678 613
679 704
680 1257
681 1126
682 261
683 264
684 426
685 1252
686 801
687 906
688 908
689 1013
690 1255
691 1714
692 2026
693 2410
694 2622
695 2634
696 3439
697 3263
698 4246
699 4475
700 3628
701 2634
702 3095
703 22
704 2416
705 56
706 21
707 21
708 2226
709 2226
710 21
711 2634
712 3095
713 264
714 612
715 613
716 906
717 260
718 428
719 3430
720 3069
721 2622
722 2868
723 3439
724 3625
725 3095
726 3095
727 21
728 21
729 3095
730 21
731 265
732 21
733 21
734 3095
735 21
736 424
737 610
738 426
739 2411
740 2413
741 427
742 428
743 613
744 908
745 1703
746 1255
747 908
748 1255
749 3095
750 3095
751 21
752 21
753 95
754 21
755 3095
756 3095
757 3095
758 2410
759 612
760 3095
761 3095
762 3095
763 2415
764 2635
765 2635
766 2622
767 3791
768 2634
769 2627
770 3797
771 3437
772 3797
773 2869
774 4237
775 2249
776 3095
777 4003
778 3066
779 2868
780 2242
781 3263
782 704
783 805
784 3066
785 2868
786 2241
787 3069
788 427
789 3069
790 3069
791 906
792 21
793 21
794 3095
795 3095
796 3095
797 3095
798 3095
799 31
800 3095
801 3095
802 2642
803 3263
804 3628
805 3069
806 3095
807 906
808 805
809 3069
810 3791
811 3436
812 1547
813 2412
814 3095
815 3095
816 2415
817 613
818 3095
819 3095
820 3095
821 3437
822 2642
823 3095
824 3095
825 613
826 264
827 188
828 3437
829 3095
830 3095
831 1703
832 1707
833 2021
834 1866
835 4906
836 2023
837 1403
838 3436
839 4003
840 4475
841 4482
842 4719
843 3095
844 3095
845 3095
846 609
847 1254
848 264
849 4004
850 2227
851 2233
852 3095
853 1256
854 2639
855 2809
856 21
857 21
858 2634
859 4719
860 1403
861 1126
862 1013
863 2809
864 908
865 21
866 805
867 1707
868 2635
869 3445
870 3268
871 801
872 612
873 1254
874 801
875 1254
876 1700
877 1535
878 612
879 1255
880 1403
881 4719
882 2642
883 2232
884 2635
885 1012
886 3221
887 1126
888 905
889 2233
890 3800
891 3273
892 2659
893 4032
894 4019
895 3437
896 4240
897 3632
898 4263
899 2868
900 1258
901 4718
902 4662
903 1127
904 4718
905 4719
906 4471
907 4475
908 3439
909 3220
910 31
911 31
912 404
913 589
914 3222
915 3579
916 1014
917 1258
918 1259
919 2021
920 1553
921 1713
922 264
923 21
924 31
925 4237
926 2878
927 1709
928 3069
929 2434
930 3263
931 3263
932 2871
933 2245
934 2249
935 1569
936 1554
937 1403
938 2023
939 1868
940 1866
941 1554
942 2868
943 2878
944 3807
945 812
946 4020
947 4020
948 3085
949 3085
950 2881
951 1576
952 4875
953 4875
954 5068
955 5068
956 5068
957 5077
958 4651
959 3186
960 3379
961 3943
962 2789
963 3379
964 31
965 31
966 4181
967 5104
968 1866
969 1014
970 3579
971 4406
972 4891
973 5094
974 3222
975 21
976 1547
977 2211
978 2603
979 2399
980 2831
981 2601
982 2397
983 3044
984 3411
985 3411
986 2603
987 1713
988 2603
989 3238
990 2609
991 2842
992 2839
993 4904
994 2832
995 2609
996 3050
997 4688
998 2843
999 3048
1000 2615
1001 2617
1002 3063
1003 3254
1004 4707
1005 2428
1006 2240
1007 3812
1008 4253
1009 3638
1010 3516
1011 4436
1012 3985
1013 4210
1014 4442
1015 4688
1016 4205
1017 2029
1018 2027
1019 2394
1020 2395
1021 2395
1022 2597
1023 2213
1024 2394
1025 1870
1026 1706
1027 3601
1028 4434
1029 4434
1030 4432
1031 3238
1032 3050
1033 2607
1034 3419
1035 2397
1036 2600
1037 2600
1038 4680
1039 2026
1040 1870
1041 2394
1042 3767
1043 2029
1044 1870
1045 3411
1046 2597
1047 3044
1048 2607
1049 2832
1050 3415
1051 2395
1052 2211
1053 3601
1054 2834
1055 2837
1056 4433
1057 4679
1058 4680
1059 4680
1060 2397
1061 3799
1062 1711
1063 1553
1064 4895
1065 1713
1066 3437
1067 3797
1068 3055
1069 3423
1070 2837
1071 2849
1072 3062
1073 4219
1074 4917
1075 4693
1076 3055
1077 2850
1078 2854
1079 2626
1080 2625
1081 3616
1082 2425
1083 2429
1084 4931
1085 5123
1086 4927
1087 4716
1088 4006
1089 4243
1090 4467
1091 4930
1092 4467
1093 4717
1094 2428
1095 4679
1096 2027
1097 2600
1098 1711
1099 4891
1100 5094
1101 3571
1102 3069
1103 4475
1104 4688
1105 3247
1106 3429
1107 3996
1108 5108
1109 5106
1110 5107
1111 2857
1112 4690
1113 4004
1114 3057
1115 2576
1116 2575
1117 3022
1118 3574
1119 4193
1120 4194
1121 2216
1122 3236
1123 993
1124 1242
1125 995
1126 427
1127 1242
1128 1387
1129 786
1130 504
1131 43
1132 252
1133 252
1134 891
1135 405
1136 2434
1137 2849
1138 3247
1139 4722
1140 4482
1141 4475
1142 4255
1143 1866
1144 4902
1145 2395
1146 2030
1147 2842
1148 3048
1149 2399
1150 3263
1151 1547
1152 905
1153 3055
1154 3245
1155 3996
1156 4213
1157 3985
1158 4431
1159 4679
1160 4429
1161 4905
1162 4478
1163 4237
1164 4238
1165 4434
1166 4203
1167 4684
1168 4433
1169 3411
1170 4679
1171 4190
1172 2028
1173 2839
1174 2028
1175 2394
1176 1866
1177 1866
1178 1713
1179 2023
1180 1554
1181 1543
1182 3044
1183 3044
1184 3055
1185 2027
1186 2615
1187 2595
1188 2211
1189 5105
1190 2393
1191 4171
1192 995
1193 898
1194 1387
1195 1543
1196 3245
1197 3024
1198 2820
1199 5098
1200 3956
1201 2616
1202 2854
1203 3251
1204 3616
1205 2609
1206 2029
1207 1868
1208 1009
1209 3065
1210 2629
1211 3070
1212 3431
1213 4706
1214 2426
1215 3245
1216 4447
1217 4686
1218 3230
1219 2603
1220 2393
1221 4904
1222 2862
1223 3986
1224 3081
1225 1410
1226 3270
1227 1722
1228 3623
1229 2050
1230 2050
1231 3634
1232 1262
1233 2049
1234 4021
1235 3815
1236 3888
1237 4817
1238 3700
1239 3888
1240 4800
1241 4984
1242 4561
1243 3883
1244 4092
1245 4094
1246 4586
1247 4120
1248 3898
1249 4111
1250 4586
1251 4342
1252 4336
1253 4561
1254 4561
1255 4801
1256 3883
1257 3802
1258 3270
1259 3081
1260 3270
1261 2619
1262 3991
1263 2617
1264 3048
1265 2216
1266 2600
1267 2631
1268 3062
1269 3270
1270 1257
1271 1543
1272 1547
1273 1722
1274 4244
1275 1571
1276 4479
1277 4934
1278 5189
1279 5190
1280 3956
1281 4171
1282 3956
1283 3579
1284 2628
1285 2850
1286 3423
1287 2395
1288 3410
1289 4679
1290 4193
1291 4679
1292 4678
1293 4675
1294 4908
1295 2425
1296 4930
1297 5120
1298 5112
1299 3996
1300 3633
1301 3444
1302 4006
1303 2857
1304 1571
1305 917
1306 3272
1307 3678
1308 1880
1309 2625
1310 2394
1311 4676
1312 3767
1313 2854
1314 3063
1315 4223
1316 3257
1317 3794
1318 3258
1319 5192
1320 4478
1321 2050
1322 1571
1323 616
1324 4026
1325 4026
1326 3644
1327 3272
1328 3441
1329 911
1330 3452
1331 3634
1332 2643
1333 917
1334 4256
1335 708
1336 3638
1337 3254
1338 3068
1339 3415
1340 2850
1341 2843
1342 2607
1343 1553
1344 917
1345 1880
1346 1878
1347 4467
1348 4680
1349 4193
1350 2203
1351 4178
1352 4666
1353 4899
1354 5189
1355 5095
1356 4181
1357 2629
1358 2028
1359 2029
1360 5103
1361 1711
1362 5103
1363 1713
1364 3247
1365 708
1366 2637
1367 2429
1368 2429
1369 4006
1370 3272
1371 4901
1372 4906
1373 1138
1374 3445
1375 2395
1376 4243
1377 4239
1378 1881
1379 2429
1380 2039
1381 4935
1382 3638
1383 3270
1384 2859
1385 5108
1386 708
1387 4478
1388 1255
1389 3405
1390 4666
1391 2862
1392 2212
1393 1866
1394 1137
1395 4194
1396 5098
1397 3083
1398 2050
1399 3446
1400 2596
1401 4015
1402 3812
1403 3446
1404 4238
1405 3772
1406 3072
1407 2237
1408 3254
1409 708
1410 2247
1411 1030
1412 1913
1413 4286
1414 4286
1415 629
1416 2984
1417 973
1418 3560
1419 3560
1420 489
1421 1371
1422 1833
1423 1371
1424 1106
1425 1106
1426 1992
1427 1992
1428 1992
1429 1106
1430 1711
1431 5102
1432 1553
1433 1553
1434 3072
1435 4676
1436 4905
1437 2862
1438 4901
1439 4895
1440 3755
1441 1878
1442 3802
1443 4239
1444 4693
1445 4690
1446 4213
1447 4689
1448 4688
1449 4447
1450 4901
1451 711
1452 4902
1453 3270
1454 2871
1455 3625
1456 2247
1457 1885
1458 2249
1459 3452
1460 2247
1461 623
1462 3650
1463 3274
1464 4034
1465 3240
1466 4193
1467 2397
1468 917
1469 4432
1470 3272
1471 2249
1472 2249
1473 3628
1474 2052
1475 3822
1476 3640
1477 2052
1478 4904
1479 3798
1480 4021
1481 5032
1482 5032
1483 3064
1484 3996
1485 2432
1486 1880
1487 3624
1488 2425
1489 5122
1490 3619
1491 1140
1492 4467
1493 4021
1494 4247
1495 4017
1496 3798
1497 808
1498 3644
1499 4026
1500 4673
1501 2429
1502 2865
1503 4244
1504 1722
1505 5097
1506 4172
1507 4927
1508 4931
1509 3622
1510 5124
1511 5123
1512 2859
1513 1571
1514 1410
1515 4693
1516 3644
1517 3644
1518 4321
1519 4318
1520 4984
1521 4026
1522 4026
1523 4501
1524 4905
1525 4907
1526 3272
1527 3753
1528 3213
1529 4176
1530 3753
1531 3399
1532 5094
1533 4901
1534 5104
1535 4673
1536 4904
1537 5190
1538 5101
1539 5190
1540 5102
1541 4901
1542 4432
1543 4193
1544 4901
1545 4171
1546 3644
1547 3270
1548 2254
1549 2659
1550 3275
1551 1418
1552 2254
1553 3640
1554 1030
1555 3472
1556 4273
1557 5132
1558 119
1559 2052
1560 3754
1561 2442
1562 2052
1563 4904
1564 4673
1565 3767
1566 2395
1567 3081
1568 3617
1569 4902
1570 4903
1571 716
1572 1570
1573 2659
1574 3472
1575 937
1576 3460
1577 3824
1578 1576
1579 2659
1580 631
1581 3472
1582 3467
1583 5130
1584 112
1585 4739
1586 3272
1587 3753
1588 3979
1589 4679
1590 3956
1591 3411
1592 3644
1593 3063
1594 2667
1595 1030
1596 1287
1597 3839
1598 1030
1599 3650
1600 3754
1601 3754
1602 3754
1603 3754
1604 3753
1605 3222
1606 3640
1607 1418
1608 3632
1609 4673
1610 2027
1611 3241
1612 3638
1613 3057
1614 4318
1615 3767
1616 4026
1617 4905
1618 2659
1619 1030
1620 3472
1621 4490
1622 5139
1623 116
1624 3272
1625 2216
1626 3638
1627 4679
1628 4194
1629 4431
1630 3650
1631 2667
1632 2856
1633 4707
1634 4699
1635 813
1636 716
1637 3650
1638 2834
1639 4203
1640 5123
1641 2862
1642 5192
1643 5108
1644 4709
1645 4709
1646 5193
1647 4026
1648 4434
1649 4432
1650 1570
1651 1573
1652 2656
1653 2254
1654 2656
1655 3251
1656 3270
1657 1030
1658 3472
1659 2662
1660 3446
1661 4433
1662 3610
1663 2659
1664 4211
1665 2859
1666 3446
1667 2878
1668 3273
1669 1570
1670 1729
1671 2443
1672 1271
1673 4213
1674 1573
1675 4092
1676 833
1677 4905
1678 4676
1679 3781
1680 5191
1681 3807
1682 1573
1683 3986
1684 4318
1685 623
1686 2656
1687 4026
1688 4189
1689 3238
1690 3600
1691 4433
1692 3812
1693 3802
1694 2638
1695 3644
1696 623
1697 2667
1698 3280
1699 716
1700 4482
1701 4501
1702 116
1703 4524
1704 4249
1705 4250
1706 3085
1707 4250
1708 4908
1709 3411
1710 3633
1711 1571
1712 2667
1713 2052
1714 3275
1715 4684
1716 4684
1717 2443
1718 2659
1719 4263
1720 4524
1721 4501
1722 2662
1723 4186
1724 5192
1725 4457
1726 4693
1727 4686
1728 4250
1729 4258
1730 1474
1731 119
1732 5132
1733 4490
1734 4489
1735 4273
1736 4273
1737 4941
1738 4052
1739 1287
1740 3839
1741 2850
1742 4693
1743 4917
1744 4459
1745 4703
1746 4709
1747 3644
1748 4194
1749 3979
1750 4190
1751 2850
1752 3633
1753 616
1754 3272
1755 4205
1756 4686
1757 1150
1758 4246
1759 748
1760 2662
1761 2667
1762 4522
1763 3472
1764 3472
1765 3839
1766 4052
1767 5137
1768 351
1769 200
1770 4951
1771 4746
1772 4506
1773 1287
1774 3472
1775 1719
1776 4244
1777 1573
1778 3640
1779 4255
1780 4020
1781 1579
1782 1576
1783 4038
1784 116
1785 5132
1786 5134
1787 4509
1788 4193
1789 3075
1790 4252
1791 4688
1792 4249
1793 4255
1794 4250
1795 4941
1796 5132
1797 4941
1798 748
1799 3839
1800 4734
1801 5143
1802 3067
1803 4252
1804 4255
1805 4744
1806 3770
1807 4431
1808 4501
1809 716
1810 116
1811 4434
1812 748
1813 5132
1814 4432
1815 4434
1816 2667
1817 5024
1818 3610
1819 4250
1820 4302
1821 4743
1822 4507
1823 4477
1824 4934
1825 5132
1826 4509
1827 3839
1828 3290
1829 4490
1830 3290
1831 4680
1832 3270
1833 2662
1834 3083
1835 3640
1836 4725
1837 4273
1838 4489
1839 3472
1840 2847
1841 1020
1842 1136
1843 917
1844 4245
1845 4013
1846 4537
1847 3640
1848 4250
1849 4489
1850 4509
1851 3048
1852 4686
1853 4213
1854 3985
1855 4026
1856 3280
1857 1150
1858 4433
1859 4273
1860 3290
1861 4490
1862 3839
1863 116
1864 3678
1865 4318
1866 3678
1867 3634
1868 3804
1869 3633
1870 4934
1871 4714
1872 4032
1873 1022
1874 1030
1875 1030
1876 4257
1877 4052
1878 3980
1879 937
1880 2648
1881 1408
1882 4082
1883 3472
1884 4252
1885 3995
1886 4433
1887 4682
1888 2265
1889 2254
1890 2881
1891 2881
1892 4020
1893 4020
1894 3273
1895 3822
1896 3272
1897 4714
1898 4318
1899 3251
1900 3779
1901 1140
1902 3285
1903 3644
1904 4694
1905 3980
1906 631
1907 3472
1908 4052
1909 4490
1910 4444
1911 4937
1912 631
1913 1030
1914 3640
1915 4034
1916 3678
1917 3883
1918 4322
1919 4336
1920 4797
1921 4273
1922 4915
1923 3644
1924 3815
1925 3623
1926 4020
1927 4909
1928 4917
1929 4218
1930 5107
1931 3440
1932 1026
1933 937
1934 4524
1935 3812
1936 3272
1937 4257
1938 2662
1939 1287
1940 4934
1941 3860
1942 4699
1943 4940
1944 3802
1945 3440
1946 4258
1947 4925
1948 3619
1949 4442
1950 4225
1951 4927
1952 3618
1953 4264
1954 4038
1955 4038
1956 3825
1957 1363
1958 2054
1959 748
1960 1564
1961 4510
1962 4490
1963 5192
1964 3812
1965 3633
1966 4259
1967 3513
1968 4251
1969 3633
1970 5132
1971 1030
1972 4024
1973 4251
1974 3624
1975 4941
1976 4490
1977 4694
1978 4006
1979 4260
1980 3644
1981 3634
1982 5134
1983 3996
1984 3812
1985 3270
1986 4026
1987 4940
1988 3815
1989 4803
1990 1150
1991 4299
1992 4502
1993 5124
1994 3802
1995 3285
1996 2749
1997 4094
1998 3285
1999 3472
2000 4052
2001 3291
2002 4954
2003 4955
2004 4740
2005 4273
2006 715
2007 4510
2008 3275
2009 5132
2010 4032
2011 2667
2012 4256
2013 4256
2014 4273
2015 4941
2016 4020
2017 4020
2018 4258
2019 3678
2020 3319
2021 3650
2022 3472
2023 4506
2024 4502
2025 4020
2026 5192
2027 5192
2028 3085
2029 4255
2030 3270
2031 3633
2032 3081
2033 4243
2034 4274
2035 4006
2036 4006
2037 4262
2038 4927
2039 5112
2040 5134
2041 748
2042 4553
2043 4274
2044 2881
2045 4229
2046 4716
2047 3472
2048 2677
2049 3280
2050 1030
2051 1150
2052 631
2053 4934
2054 5132
2055 4941
2056 5120
2057 1287
2058 4521
2059 2859
2060 3081
2061 1274
2062 4506
2063 4533
2064 5130
2065 2659
2066 4034
2067 4034
2068 4510
2069 748
2070 3472
2071 3472
2072 3802
2073 4774
2074 3703
2075 4329
2076 3884
2077 4322
2078 4088
2079 4521
2080 5134
2081 712
2082 3803
2083 4925
2084 4007
2085 5024
2086 4554
2087 4553
2088 4507
2089 3285
2090 4740
2091 4950
2092 4507
2093 4933
2094 4490
2095 3839
2096 4523
2097 5024
2098 4746
2099 4740
2100 4502
2101 2881
2102 4006
2103 3839
2104 5136
2105 3808
2106 4243
2107 4006
2108 3075
2109 3815
2110 4489
2111 4006
2112 3943
2113 4156
2114 3379
2115 4875
2116 3943
2117 3943
2118 3943
2119 3943
2120 2789
2121 3943
2122 3943
2123 3943
2124 3943
2125 3943
2126 3379
2127 5088
2128 5088
2129 3943
2130 3943
2131 3943
2132 3943
2133 3943
2134 3943
2135 631
2136 4041
2137 4270
2138 4299
2139 4528
2140 4305
2141 3943
2142 4156
2143 4026
2144 3093
2145 4259
2146 3270
2147 3943
2148 3379
2149 3379
2150 3943
2151 3075
2152 4052
2153 3860
2154 3838
2155 3651
2156 3651
2157 3824
2158 1287
2159 4008
2160 4156
2161 3379
2162 4156
2163 3943
2164 4156
2165 3379
2166 3943
2167 2643
2168 2881
2169 2677
2170 4941
2171 3802
2172 2881
2173 4156
2174 4156
2175 3943
2176 3943
2177 3943
2178 3943
2179 3291
2180 4511
2181 4305
2182 3678
2183 3943
2184 4860
2185 4860
2186 2881
2187 2789
2188 2789
2189 3943
2190 3943
2191 3085
2192 4860
2193 4860
2194 5068
2195 3290
2196 5134
2197 4259
2198 4340
2199 3376
2200 3379
2201 2789
2202 2789
2203 2789
2204 2789
2205 2789
2206 2789
2207 2789
2208 5088
2209 5077
2210 3379
2211 815
2212 3376
2213 2881
2214 3379
2215 3943
2216 4156
2217 2789
2218 3380
2219 3379
2220 2789
2221 2789
2222 2789
2223 2789
2224 2789
2225 2789
2226 2789
2227 2789
2228 2789
2229 2789
2230 2789
2231 2789
2232 2789
2233 2789
2234 2789
2235 2789
2236 2789
2237 3085
2238 3943
2239 2054
2240 4038
2241 5186
2242 5077
2243 3740
2244 3380
2245 2789
2246 3943
2247 2789
2248 2789
2249 2789
2250 2789
2251 2789
2252 2789
2253 3192
2254 546
2255 4082
2256 4951
2257 4886
2258 4887
2259 5077
2260 4887
2261 4887
2262 4649
2263 4649
2264 2789
2265 2789
2266 2789
2267 2789
2268 3943
2269 4156
2270 3943
2271 2789
2272 2789
2273 2789
2274 2789
2275 2789
2276 2789
2277 2789
2278 2789
2279 2789
2280 2789
2281 2789
2282 2789
2283 3808
2284 3810
2285 4253
2286 4361
2287 5034
2288 4111
2289 4817
2290 3943
2291 4156
2292 3943
2293 2054
2294 3943
2295 3379
2296 3943
2297 3379
2298 4649
2299 4651
2300 4860
2301 4860
2302 2054
2303 4245
2304 4243
2305 4523
2306 3379
2307 2789
2308 4322
2309 2789
2310 3379
2311 4156
2312 4887
2313 3943
2314 4156
2315 3379
2316 3824
2317 4274
2318 4510
2319 3452
2320 4336
2321 5068
2322 5068
2323 1576
2324 5088
2325 5068
2326 2881
2327 2881
2328 5068
2329 2881
2330 4860
2331 5068
2332 3379
2333 3943
2334 3943
2335 4247
2336 3447
2337 3638
2338 3810
2339 4259
2340 4936
2341 2476
2342 2915
2343 1920
2344 2789
2345 3810
2346 4860
2347 2789
2348 4860
2349 4477
2350 3810
2351 4304
2352 5130
2353 4951
2354 4886
2355 3083
2356 4875
2357 5068
2358 4860
2359 5068
2360 2789
2361 3638
2362 3678
2363 3678
2364 4954
2365 3379
2366 2789
2367 4156
2368 4156
2369 4156
2370 4159
2371 3379
2372 3943
2373 2789
2374 2789
2375 2789
2376 2789
2377 2789
2378 2789
2379 2789
2380 3943
2381 3943
2382 4159
2383 3945
2384 4649
2385 3379
2386 3379
2387 5088
2388 2789
2389 2789
2390 4521
2391 5068
2392 5068
2393 5068
2394 5068
2395 5088
2396 1411
2397 3285
2398 3860
2399 2789
2400 4533
2401 5032
2402 3451
2403 4253
2404 2789
2405 4886
2406 3379
2407 3290
2408 5142
2409 5132
2410 5077
2411 4088
2412 4256
2413 4553
2414 5068
2415 5068
2416 2789
2417 4251
2418 4038
2419 4329
2420 3514
2421 4321
2422 3472
2423 4156
2424 3943
2425 3943
2426 3943
2427 4156
2428 5077
2429 5077
2430 5068
2431 3943
2432 1156
2433 4937
2434 2789
2435 2789
2436 4887
2437 5077
2438 5186
2439 4889
2440 4651
2441 3740
2442 3949
2443 3943
2444 4521
2445 4860
2446 4875
2447 5068
2448 2054
2449 5077
2450 4875
2451 4875
2452 5090
2453 4889
2454 2789
2455 2789
2456 4502
2457 4502
2458 2054
2459 4800
2460 5068
2461 4253
2462 1889
2463 5077
2464 5077
2465 5077
2466 5186
2467 2789
2468 4875
2469 3186
2470 3376
2471 1913
2472 4746
2473 3633
2474 3808
2475 3083
2476 3839
2477 1913
2478 2054
2479 4488
2480 5077
2481 4487
2482 4305
2483 4321
2484 4329
2485 3808
2486 3516
2487 4528
2488 3838
2489 4270
2490 4322
2491 4336
2492 4329
2493 3703
2494 2789
2495 2789
2496 2789
2497 4509
2498 2789
2499 4886
2500 4649
2501 4159
2502 3945
2503 5068
2504 2253
2505 4017
2506 5186
2507 5077
2508 546
2509 2522
2510 3319
2511 4159
2512 2789
2513 2789
2514 1287
2515 4744
2516 4744
2517 4796
2518 3810
2519 4251
2520 5068
2521 4502
2522 5130
2523 4955
2524 4512
2525 5029
2526 4114
2527 2789
2528 2789
2529 2789
2530 2789
2531 2789
2532 2789
2533 2789
2534 2789
2535 3379
2536 4290
2537 4287
2538 3857
2539 4294
2540 3646
2541 4038
2542 1363
2543 1662
2544 1361
2545 4397
2546 4652
2547 4038
2548 4094
2549 4156
2550 2789
2551 2789
2552 2789
2553 3104
2554 4276
2555 3646
2556 3825
2557 5078
2558 3008
2559 5199
2560 5136
2561 4318
2562 4159
2563 4156
2564 3943
2565 3943
2566 5077
2567 4875
2568 2789
2569 3810
2570 4566
2571 4329
2572 4097
2573 3895
2574 4114
2575 4887
2576 2789
2577 3291
2578 2789
2579 2476
2580 1605
2581 4038
2582 4038
2583 4361
2584 4256
2585 3380
2586 2789
2587 2789
2588 4886
2589 4886
2590 4887
2591 5077
2592 5077
2593 4740
2594 3460
2595 2789
2596 3891
2597 4114
2598 4114
2599 2789
2600 2789
2601 2693
2602 1052
2603 4887
2604 5086
2605 5092
2606 4649
2607 3739
2608 3945
2609 3738
2610 3192
2611 2789
2612 5186
2613 3895
2614 4253
2615 4737
2616 3943
2617 2789
2618 2789
2619 2789
2620 4506
2621 5078
2622 4038
2623 3008
2624 3380
2625 455
2626 3945
2627 2789
2628 4887
2629 5126
2630 2789
2631 4336
2632 3702
2633 4817
2634 4586
2635 3888
2636 3892
2637 4817
2638 3891
2639 3516
2640 4593
2641 3892
2642 5186
2643 5090
2644 4652
2645 3472
2646 4536
2647 2753
2648 1477
2649 3285
2650 4304
2651 2789
2652 4038
2653 3379
2654 4749
2655 638
2656 638
2657 2693
2658 5195
2659 638
2660 639
2661 2693
2662 1052
2663 4052
2664 3311
2665 3943
2666 2789
2667 4502
2668 4038
2669 3943
2670 4159
2671 5077
2672 5090
2673 5090
2674 1361
2675 1786
2676 200
2677 456
2678 2789
2679 3839
2680 5126
2681 937
2682 4336
2683 4566
2684 4815
2685 4592
2686 3518
2687 4117
2688 3712
2689 3359
2690 3528
2691 874
2692 376
2693 5179
2694 3518
2695 5090
2696 5092
2697 4397
2698 3379
2699 3857
2700 5198
2701 3943
2702 5137
2703 4329
2704 4652
2705 4397
2706 2789
2707 5090
2708 5090
2709 3380
2710 4274
2711 4952
2712 4521
2713 5078
2714 4397
2715 4397
2716 5186
2717 5186
2718 4053
2719 4051
2720 2789
2721 3311
2722 4336
2723 2789
2724 4304
2725 4088
2726 4536
2727 4536
2728 4774
2729 4318
2730 4321
2731 937
2732 4505
2733 3943
2734 3943
2735 4052
2736 4299
2737 4305
2738 4536
2739 4318
2740 4318
2741 4536
2742 4569
2743 4336
2744 4329
2745 3646
2746 3646
2747 3825
2748 937
2749 2789
2750 2789
2751 4886
2752 4082
2753 2291
2754 271
2755 638
2756 638
2757 627
2758 4305
2759 3839
2760 3945
2761 2789
2762 3311
2763 638
2764 5126
2765 3702
2766 4588
2767 2322
2768 1477
2769 4586
2770 3712
2771 158
2772 4603
2773 2763
2774 4360
2775 158
2776 224
2777 1810
2778 4866
2779 4360
2780 4566
2781 3671
2782 4287
2783 105
2784 197
2785 639
2786 638
2787 4937
2788 1304
2789 2693
2790 2789
2791 2789
2792 2789
2793 3943
2794 2789
2795 2789
2796 4502
2797 5186
2798 113
2799 4778
2800 3285
2801 4566
2802 1477
2803 2324
2804 4336
2805 4781
2806 2789
2807 3838
2808 1052
2809 5186
2810 3900
2811 4360
2812 4360
2813 4126
2814 3528
2815 3528
2816 2982
2817 2982
2818 4360
2819 3900
2820 3898
2821 4126
2822 4360
2823 4126
2824 2982
2825 3359
2826 4838
2827 3712
2828 2764
2829 1961
2830 2764
2831 765
2832 376
2833 376
2834 376
2835 4866
2836 1645
2837 377
2838 1211
2839 3524
2840 1812
2841 1812
2842 3646
2843 4740
2844 110
2845 4744
2846 2789
2847 5077
2848 3671
2849 4322
2850 4743
2851 3898
2852 3712
2853 4126
2854 4651
2855 2526
2856 3319
2857 3943
2858 4502
2859 4745
2860 58
2861 4744
2862 4342
2863 3712
2864 3528
2865 3359
2866 374
2867 874
2868 3166
2869 874
2870 481
2871 377
2872 665
2873 1213
2874 1213
2875 376
2876 2544
2877 376
2878 4866
2879 374
2880 3521
2881 4397
2882 4397
2883 4651
2884 2789
2885 117
2886 3702
2887 5198
2888 2789
2889 3945
2890 4294
2891 4586
2892 2982
2893 2982
2894 1643
2895 1643
2896 58
2897 107
2898 109
2899 5086
2900 531
2901 5090
2902 5093
2903 1221
2904 4889
2905 3900
2906 4605
2907 4651
2908 4397
2909 3857
2910 4815
2911 4815
2912 224
2913 2789
2914 3008
2915 3900
2916 5195
2917 5143
2918 4502
2919 5141
2920 4502
2921 3646
2922 1221
2923 2789
2924 3380
2925 2321
2926 4649
2927 4953
2928 4744
2929 5053
2930 374
2931 2789
2932 2789
2933 5086
2934 2982
2935 3712
2936 3712
2937 2324
2938 1800
2939 1477
2940 4838
2941 3528
2942 2980
2943 4866
2944 665
2945 374
2946 2526
2947 3285
2948 4889
2949 4889
2950 765
2951 765
2952 4129
2953 276
2954 742
2955 4739
2956 1052
2957 2915
2958 3464
2959 3651
2960 4286
2961 4286
2962 4741
2963 2789
2964 2789
2965 2789
2966 4397
2967 3945
2968 3739
2969 4889
2970 3380
2971 4082
2972 5090
2973 5092
2974 5092
2975 3166
2976 2768
2977 3166
2978 1810
2979 374
2980 862
2981 1477
2982 3311
2983 4744
2984 2789
2985 3191
2986 2789
2987 2789
2988 2789
2989 2789
2990 2789
2991 2789
2992 3380
2993 4506
2994 4397
2995 4165
2996 4360
2997 3898
2998 5078
2999 2915
3000 4344
3001 3825
3002 4651
3003 4129
3004 2980
3005 2980
3006 1810
3007 158
3008 4360
3009 638
3010 2490
3011 4501
3012 203
3013 200
3014 353
3015 4165
3016 376
3017 377
3018 1213
3019 1077
3020 3949
3021 3191
3022 2789
3023 2789
3024 4651
3025 2789
3026 2789
3027 1662
3028 4651
3029 3646
3030 1645
3031 765
3032 765
3033 376
3034 376
3035 4276
3036 4286
3037 2789
3038 3192
3039 4740
3040 4889
3041 4889
3042 4889
3043 376
3044 2789
3045 3476
3046 3651
3047 3651
3048 1363
3049 3651
3050 5198
3051 4739
3052 4292
3053 2749
3054 4536
3055 2789
3056 2789
3057 4649
3058 1363
3059 1363
3060 4889
3061 765
3062 4651
3063 1361
3064 1827
3065 3739
3066 4566
3067 4111
3068 4397
3069 4501
3070 2789
3071 4507
3072 4502
3073 4111
3074 2915
3075 4111
3076 4165
3077 377
3078 665
3079 377
3080 4397
3081 4651
3082 3186
3083 3191
3084 2789
3085 2789
3086 2789
3087 2789
3088 2789
3089 2789
3090 2789
3091 2789
3092 110
3093 2789
3094 4360
3095 3359
3096 4360
3097 4360
3098 1477
3099 1800
3100 3709
3101 2982
3102 4889
3103 2789
3104 4286
3105 4276
3106 3311
3107 4954
3108 4507
3109 377
3110 3186
3111 3166
3112 665
3113 765
3114 481
3115 4126
3116 158
3117 292
3118 5137
3119 4748
3120 58
3121 4592
3122 765
3123 4866
3124 3380
3125 3943
3126 2789
3127 2915
3128 2789
3129 637
3130 449
3131 450
3132 4286
3133 629
3134 3464
3135 3740
3136 2789
3137 3651
3138 3464
3139 3832
3140 3738
3141 377
3142 1077
3143 1812
3144 1211
3145 1812
3146 377
3147 3740
3148 376
3149 377
3150 3366
3151 1812
3152 2535
3153 2532
3154 2144
3155 1802
3156 1942
3157 3877
3158 3687
3159 3492
3160 3865
3161 3865
3162 3495
3163 3495
3164 3865
3165 3495
3166 3687
3167 1942
3168 2523
3169 377
3170 376
3171 4082
3172 4299
3173 3380
3174 2789
3175 3943
3176 2789
3177 3943
3178 3943
3179 3943
3180 3738
3181 3738
3182 484
3183 4397
3184 4397
3185 2789
3186 1213
3187 1812
3188 2985
3189 1802
3190 2523
3191 3687
3192 3495
3193 3489
3194 3862
3195 3489
3196 3489
3197 3862
3198 3492
3199 3135
3200 377
3201 5137
3202 4536
3203 2789
3204 3380
3205 4566
3206 4336
3207 4294
3208 4536
3209 4569
3210 3359
3211 3528
3212 3380
3213 3740
3214 3740
3215 2789
3216 2789
3217 5143
3218 4566
3219 3651
3220 3832
3221 3738
3222 1812
3223 3838
3224 3192
3225 2789
3226 4566
3227 3739
3228 3702
3229 3943
3230 1085
3231 2789
3232 1812
3233 3832
3234 3651
3235 3464
3236 1363
3237 1827
3238 376
3239 377
3240 1077
3241 1812
3242 3524
3243 2532
3244 2532
3245 1802
3246 2972
3247 1953
3248 2144
3249 2532
3250 3524
3251 3366
3252 665
3253 2789
3254 3192
3255 201
3256 109
3257 3380
3258 2789
3259 665
3260 3380
3261 3380
3262 3943
3263 2789
3264 2789
3265 2789
3266 2789
3267 2354
3268 878
3269 1643
3270 4360
3271 4286
3272 3380
3273 2789
3274 2789
3275 2789
3276 2789
3277 3943
3278 4651
3279 4651
3280 4397
3281 1827
3282 2157
3283 3646
3284 4502
3285 4510
3286 3192
3287 4745
3288 2789
3289 1363
3290 1362
3291 2789
3292 2789
3293 2354
3294 4294
3295 4743
3296 3900
3297 2789
3298 376
3299 3380
3300 2789
3301 2789
3302 2789
3303 2789
3304 3913
3305 2985
3306 3913
3307 1812
3308 1812
3309 3911
3310 2972
3311 1802
3312 3877
3313 2523
3314 3687
3315 3865
3316 3865
3317 3489
3318 3489
3319 1812
3320 3524
3321 2985
3322 2535
3323 3524
3324 4743
3325 1304
3326 635
3327 3712
3328 3900
3329 4586
3330 2789
3331 2789
3332 2789
3333 2789
3334 2789
3335 3524
3336 4742
3337 1171
3338 198
3339 2789
3340 2789
3341 2789
3342 3943
3343 2789
3344 2789
3345 2789
3346 2789
3347 2789
3348 2789
3349 2789
3350 2789
3351 2985
3352 4651
3353 4651
3354 377
3355 4528
3356 3712
3357 376
3358 2789
3359 2789
3360 4889
3361 2789
3362 2789
3363 4651
3364 2532
3365 2535
3366 2532
3367 2535
3368 3832
3369 1363
3370 113
3371 2526
3372 1477
3373 1171
3374 4781
3375 377
3376 1077
3377 2789
3378 2789
3379 2789
3380 2789
3381 1827
3382 1363
3383 1213
3384 1812
3385 4287
3386 376
3387 2144
3388 2972
3389 1802
3390 109
3391 2693
3392 449
3393 119
3394 2985
3395 3678
3396 4502
3397 272
3398 2532
3399 1810
3400 1643
3401 4286
3402 4286
3403 1033
3404 4336
3405 4276
3406 3913
3407 1942
3408 376
3409 1480
3410 1211
3411 4397
3412 4397
3413 3651
3414 4397
3415 2535
3416 1953
3417 1802
3418 2523
3419 3877
3420 3877
3421 3495
3422 3865
3423 3865
3424 3673
3425 3670
3426 3310
3427 3670
3428 4077
3429 3862
3430 2144
3431 1953
3432 2972
3433 1802
3434 3877
3435 3877
3436 3500
3437 3135
3438 2523
3439 2738
3440 3877
3441 3877
3442 3500
3443 3877
3444 158
3445 224
3446 224
3447 1171
3448 2982
3449 4742
3450 4502
3451 1213
3452 1213
3453 1499
3454 1213
3455 1812
3456 2532
3457 1953
3458 2523
3459 1942
3460 3687
3461 3495
3462 2972
3463 1953
3464 3911
3465 1942
3466 2972
3467 638
3468 2139
3469 4512
3470 2915
3471 1362
3472 2535
3473 4889
3474 3524
3475 4815
3476 4536
3477 1213
3478 2535
3479 3495
3480 3679
3481 3495
3482 3865
3483 1953
3484 3687
3485 1645
3486 4276
3487 271
3488 3319
3489 2915
3490 878
3491 1363
3492 1213
3493 224
3494 201
3495 3528
3496 4889
3497 1663
3498 3877
3499 3877
3500 1802
3501 3687
3502 3492
3503 2523
3504 2915
3505 292
3506 224
3507 2982
3508 1477
3509 462
3510 203
3511 1942
3512 3495
3513 1802
3514 3495
3515 3500
3516 2749
3517 376
3518 3702
3519 1477
3520 3911
3521 3911
3522 1802
3523 2972
3524 3687
3525 3524
3526 2324
3527 1812
3528 3524
3529 3913
3530 3492
3531 1802
3532 4318
3533 1812
3534 2532
3535 4286
3536 2271
3537 2532
3538 665
3539 3862
3540 4511
3541 4505
3542 2522
3543 2271
3544 4318
3545 4302
3546 1942
3547 3865
3548 3862
3549 4502
3550 3675
3551 4286
3552 3911
3553 4397
3554 1953
3555 1802
3556 3709
3557 195
3558 109
3559 1363
3560 1663
3561 1827
3562 3489
3563 639
3564 638
3565 638
3566 627
3567 353
3568 1213
3569 4501
3570 119
3571 3492
3572 4077
3573 3672
3574 3669
3575 3309
3576 3484
3577 3483
3578 3483
3579 3300
3580 2481
3581 2469
3582 2471
3583 933
3584 933
3585 933
3586 933
3587 933
3588 933
3589 933
3590 933
3591 3670
3592 3670
3593 3669
3594 3668
3595 3672
3596 376
3597 4507
3598 4059
3599 3300
3600 3300
3601 3303
3602 3482
3603 3483
3604 3666
3605 3666
3606 3666
3607 3482
3608 2481
3609 2912
3610 2469
3611 2469
3612 2469
3613 933
3614 2469
3615 3300
3616 4059
3617 3300
3618 4059
3619 3303
3620 3303
3621 3483
3622 3666
3623 3850
3624 3484
3625 3852
3626 3854
3627 3668
3628 3307
3629 3668
3630 3310
3631 3670
3632 3303
3633 3303
3634 2481
3635 1162
3636 1162
3637 2283
3638 3298
3639 3299
3640 3845
3641 4054
3642 3656
3643 4054
3644 4277
3645 3479
3646 3300
3647 3300
3648 3660
3649 3304
3650 4059
3651 2982
3652 4286
3653 1033
3654 1033
3655 2153
3656 1812
3657 2153
3658 109
3659 1362
3660 3862
3661 4077
3662 3673
3663 3488
3664 3672
3665 3488
3666 3669
3667 4077
3668 3672
3669 3670
3670 4077
3671 3672
3672 3672
3673 4059
3674 3303
3675 3862
3676 353
3677 351
3678 3304
3679 3666
3680 3116
3681 3116
3682 3484
3683 3670
3684 3672
3685 3670
3686 3528
3687 3500
3688 3865
3689 109
3690 2535
3691 2532
3692 2535
3693 2532
3694 1810
3695 3304
3696 3483
3697 1942
3698 2523
3699 1211
3700 2535
3701 3913
3702 201
3703 203
3704 3489
3705 3303
3706 3304
3707 3854
3708 2490
3709 4603
3710 4778
3711 376
3712 4318
3713 2535
3714 4513
3715 203
3716 3482
3717 3852
3718 3482
3719 3304
3720 224
3721 3166
3722 2271
3723 1213
3724 2532
3725 2972
3726 202
3727 110
3728 353
3729 3669
3730 3669
3731 3673
3732 4077
3733 3669
3734 3668
3735 3307
3736 3304
3737 3483
3738 3666
3739 3483
3740 1480
3741 453
3742 453
3743 3464
3744 277
3745 3666
3746 3852
3747 3670
3748 3668
3749 3307
3750 3309
3751 3310
3752 3672
3753 1213
3754 3366
3755 1213
3756 3366
3757 2539
3758 3911
3759 377
3760 3484
3761 3666
3762 3666
3763 3483
3764 3300
3765 4059
3766 4740
3767 3852
3768 4286
3769 3307
3770 3484
3771 3852
3772 3116
3773 3483
3774 3483
3775 3687
3776 3500
3777 449
3778 449
3779 269
3780 1213
3781 3483
3782 3483
3783 3116
3784 3852
3785 3307
3786 3307
3787 1802
3788 105
3789 106
3790 198
3791 4505
3792 3877
3793 201
3794 3307
3795 351
3796 3670
3797 3310
3798 3668
3799 2324
3800 4603
3801 3709
3802 271
3803 666
3804 4866
3805 351
3806 3366
3807 456
3808 3489
3809 3862
3810 3850
3811 3484
3812 1477
3813 2532
3814 3489
3815 3303
3816 3299
3817 2469
3818 4309
3819 2972
3820 4536
3821 3862
3822 3307
3823 1211
3824 272
3825 4501
3826 4077
3827 202
3828 2523
3829 3304
3830 5051
3831 2522
3832 3524
3833 3862
3834 3679
3835 3679
3836 4318
3837 2535
3838 3524
3839 2535
3840 1213
3841 1812
3842 2535
3843 2535
3844 1953
3845 2321
3846 3709
3847 4286
3848 4059
3849 4059
3850 3300
3851 3300
3852 3300
3853 3300
3854 4059
3855 3660
3856 3479
3857 3479
3858 4056
3859 2469
3860 2469
3861 2678
3862 1162
3863 2469
3864 3304
3865 3482
3866 3304
3867 3841
3868 2469
3869 2469
3870 2469
3871 2912
3872 2469
3873 1162
3874 933
3875 2284
3876 2481
3877 4059
3878 3304
3879 3484
3880 3484
3881 3484
3882 3484
3883 3484
3884 3850
3885 3484
3886 3307
3887 3852
3888 3852
3889 3666
3890 4063
3891 3300
3892 2982
3893 3709
3894 4360
3895 4566
3896 638
3897 639
3898 196
3899 115
3900 4292
3901 3489
3902 4077
3903 3310
3904 1645
3905 1810
3906 2915
3907 973
3908 3709
3909 3135
3910 3669
3911 3668
3912 3852
3913 2532
3914 348
3915 269
3916 1942
3917 105
3918 3482
3919 3482
3920 2481
3921 4303
3922 2535
3923 4536
3924 348
3925 449
3926 1802
3927 1477
3928 1477
3929 3116
3930 3712
3931 3464
3932 1033
3933 973
3934 1749
3935 4774
3936 276
3937 353
3938 3666
3939 3310
3940 3669
3941 1812
3942 3482
3943 3482
3944 269
3945 1363
3946 269
3947 4286
3948 1033
3949 348
3950 449
3951 269
3952 724
3953 627
3954 3651
3955 1363
3956 3303
3957 2283
3958 3492
3959 3865
3960 3679
3961 3669
3962 874
3963 3495
3964 3488
3965 1802
3966 3303
3967 272
3968 4059
3969 1810
3970 3464
3971 1363
3972 1363
3973 449
3974 3852
3975 3307
3976 3669
3977 4866
3978 3653
3979 629
3980 1363
3981 4286
3982 2144
3983 4162
3984 3687
3985 1827
3986 302
3987 3852
3988 2535
3989 2972
3990 3492
3991 3852
3992 2539
3993 2980
3994 224
3995 4603
3996 1802
3997 2523
3998 2523
3999 3300
4000 3300
4001 4059
4002 1499
4003 1213
4004 1213
4005 1213
4006 3464
4007 2469
4008 4162
4009 3841
4010 2469
4011 3300
4012 3299
4013 3660
4014 3300
4015 1802
4016 3495
4017 638
4018 450
4019 449
4020 629
4021 3464
4022 973
4023 3560
4024 1371
4025 1371
4026 982
4027 3560
4028 2984
4029 3865
4030 351
4031 271
4032 3670
4033 1812
4034 933
4035 933
4036 933
4037 933
4038 2469
4039 933
4040 2469
4041 933
4042 2469
4043 933
4044 933
4045 933
4046 933
4047 2469
4048 2469
4049 2469
4050 1162
4051 933
4052 933
4053 933
4054 933
4055 2469
4056 2469
4057 933
4058 933
4059 933
4060 933
4061 933
4062 933
4063 933
4064 933
4065 933
4066 933
4067 933
4068 933
4069 933
4070 933
4071 933
4072 933
4073 933
4074 933
4075 933
4076 933
4077 933
4078 933
4079 933
4080 2469
4081 2469
4082 2469
4083 2469
4084 3475
4085 2469
4086 3841
4087 3293
4088 4056
4089 2469
4090 3116
4091 3524
4092 3672
4093 3670
4094 3310
4095 3482
4096 933
4097 933
4098 933
4099 933
4100 933
4101 933
4102 933
4103 933
4104 933
4105 933
4106 933
4107 933
4108 933
4109 933
4110 2469
4111 629
4112 3464
4113 1953
4114 2972
4115 1477
4116 450
4117 3528
4118 933
4119 933
4120 933
4121 933
4122 933
4123 933
4124 933
4125 933
4126 933
4127 933
4128 933
4129 933
4130 1213
4131 2544
4132 2541
4133 376
4134 3488
4135 3672
4136 449
4137 3862
4138 3852
4139 4059
4140 3304
4141 3304
4142 933
4143 933
4144 933
4145 933
4146 933
4147 933
4148 933
4149 933
4150 933
4151 933
4152 933
4153 933
4154 933
4155 933
4156 933
4157 933
4158 1500
4159 2535
4160 2523
4161 272
4162 1810
4163 158
4164 3669
4165 3854
4166 3668
4167 1942
4168 4866
4169 2532
4170 453
4171 224
4172 1942
4173 933
4174 933
4175 3528
4176 2532
4177 1942
4178 2544
4179 3862
4180 3877
4181 933
4182 1363
4183 2144
4184 1800
4185 1092
4186 933
4187 3464
4188 973
4189 3366
4190 2523
4191 3489
4192 3672
4193 3300
4194 4059
4195 3303
4196 3528
4197 2469
4198 3877
4199 3687
4200 3877
4201 3877
4202 1942
4203 3668
4204 1646
4205 874
4206 158
4207 3489
4208 3672
4209 3489
4210 3489
4211 3862
4212 3709
4213 3464
4214 627
4215 1812
4216 3524
4217 1812
4218 1812
4219 4059
4220 3299
4221 3304
4222 3482
4223 2544
4224 376
4225 2532
4226 2532
4227 348
4228 629
4229 2324
4230 449
4231 1802
4232 3687
4233 3850
4234 933
4235 933
4236 933
4237 627
4238 3464
4239 2985
4240 2523
4241 1802
4242 1827
4243 3862
4244 666
4245 3670
4246 2144
4247 933
4248 2535
4249 2544
4250 3668
4251 2144
4252 2972
4253 3672
4254 3672
4255 3495
4256 3495
4257 3877
4258 3166
4259 301
4260 2982
4261 2532
4262 2535
4263 3524
4264 2539
4265 1363
4266 3672
4267 3670
4268 4077
4269 3862
4270 3489
4271 2764
4272 376
4273 4603
4274 3307
4275 3666
4276 3304
4277 4284
4278 3483
4279 3359
4280 4603
4281 3672
4282 1639
4283 4286
4284 4286
4285 3673
4286 933
4287 933
4288 3709
4289 3865
4290 4286
4291 3464
4292 4360
4293 3666
4294 3850
4295 1363
4296 3307
4297 3669
4298 3488
4299 3669
4300 3300
4301 3359
4302 2972
4303 3877
4304 3687
4305 3687
4306 1953
4307 2972
4308 1802
4309 3489
4310 3300
4311 4866
4312 2532
4313 3484
4314 3488
4315 4077
4316 3307
4317 1942
4318 3483
4319 933
4320 933
4321 933
4322 3495
4323 3365
4324 1643
4325 3862
4326 3304
4327 3299
4328 3294
4329 3299
4330 4059
4331 973
4332 3709
4333 2523
4334 1802
4335 3492
4336 3863
4337 3850
4338 973
4339 3560
4340 3560
4341 3464
4342 973
4343 3560
4344 3560
4345 3560
4346 3560
4347 1371
4348 1833
4349 1992
4350 1992
4351 1106
4352 210
4353 210
4354 363
4355 1690
4356 224
4357 158
4358 3482
4359 627
4360 3464
4361 3484
4362 933
4363 933
4364 3560
4365 2523
4366 1942
4367 3483
4368 3300
4369 3479
4370 933
4371 1363
4372 2523
4373 3877
4374 933
4375 933
4376 933
4377 933
4378 933
4379 1162
4380 933
4381 2283
4382 2284
4383 933
4384 933
4385 933
4386 933
4387 3300
4388 4059
4389 3479
4390 4056
4391 3300
4392 2469
4393 1162
4394 4054
4395 3651
4396 973
4397 3560
4398 627
4399 2984
4400 1901
4401 3560
4402 3560
4403 884
4404 1371
4405 1371
4406 884
4407 884
4408 982
4409 1363
4410 3560
4411 973
4412 973
4413 973
4414 1363
4415 2984
4416 982
4417 973
4418 933
4419 973
4420 489
4421 3651
4422 933
4423 933
4424 1363
4425 3560
4426 4054
4427 2469
4428 3656
4429 933
4430 933
4431 933
4432 933
4433 933
4434 933
4435 933
4436 933
4437 2469
4438 3560
4439 3560
4440 3560
4441 933
4442 3560
4443 3560
4444 3560
4445 3560
4446 933
4447 933
4448 3560
4449 3560
4450 884
4451 982
4452 973
4453 3560
4454 489
4455 982
4456 3560
4457 1363
4458 973
4459 933
4460 3560
4461 489
4462 884
4463 1833
4464 1992
4465 1992
4466 3560
4467 3560
4468 3560
4469 3560
4470 933
4471 3560
4472 3560
4473 933
4474 933
4475 933
4476 933
4477 933
4478 933
4479 933
4480 933
4481 933
4482 933
4483 933
4484 933
4485 933
4486 933
4487 3560
4488 884
4489 3560
4490 933
4491 933
4492 3560
4493 1371
4494 3560
4495 489
4496 3560
4497 3560
4498 973
4499 4162
4500 982
4501 3560
4502 3560
4503 973
4504 3560
4505 489
4506 3560
4507 884
4508 489
4509 884
4510 884
4511 1371
4512 884
4513 884
4514 884
4515 884
4516 884
4517 884
4518 1371
4519 1833
4520 884
4521 1371
4522 3560
4523 884
4524 884
4525 884
4526 884
4527 3560
4528 1992
4529 1992
4530 1992
4531 1992
4532 1690
4533 363
4534 210
4535 210
4536 210
4537 210
4538 210
4539 210
4540 129
4541 134
4542 210
4543 134
4544 129
4545 129
4546 751
4547 1195
4548 845
4549 447
4550 540
4551 1041
4552 1041
4553 1041
4554 1041
4555 1292
4556 1292
4557 1292
4558 1292
4559 1292
4560 727
4561 540
4562 540
4563 540
4564 447
4565 540
4566 540
4567 540
4568 1371
4569 1833
4570 1992
4571 1690
4572 363
4573 363
4574 652
4575 1106
4576 884
4577 1992
4578 1833
4579 884
4580 884
4581 884
4582 884
4583 1992
4584 652
4585 1106
4586 1833
4587 1371
4588 1992
4589 1992
4590 1106
4591 1106
4592 1106
4593 1992
4594 1992
4595 982
4596 1371
4597 1992
4598 1833
4599 1992
4600 1371
4601 884
4602 1992
4603 1371
4604 884
4605 1371
4606 1992
4607 489
4608 884
4609 1833
4610 1992
4611 1992
4612 1992
4613 1992
4614 884
4615 1107
4616 1106
4617 363
4618 210
4619 210
4620 129
4621 751
4622 751
4623 3691
4624 3691
4625 3691
4626 447
4627 447
4628 447
4629 447
4630 447
4631 540
4632 540
4633 447
4634 447
4635 447
4636 447
4637 845
4638 3691
4639 1195
4640 129
4641 129
4642 210
4643 1992
4644 1992
4645 1833
4646 1833
4647 845
4648 1106
4649 1992
4650 1992
4651 1992
4652 1106
4653 1690
4654 1106
4655 1992
4656 363
4657 210
4658 1106
4659 1992
4660 1992
4661 1371
4662 1833
4663 1690
4664 210
4665 1992
4666 363
4667 210
4668 363
4669 134
4670 363
4671 363
4672 363
4673 884
4674 540
4675 727
4676 727
4677 1292
4678 1292
4679 1041
4680 736
4681 540
4682 1041
4683 1292
4684 1292
4685 1292
4686 447
4687 447
4688 447
4689 447
4690 540
4691 1292
4692 727
4693 540
4694 447
4695 447
4696 845
4697 1992
4698 1833
4699 540
4700 540
4701 727
4702 727
4703 727
4704 727
4705 845
4706 1106
4707 363
4708 1292
4709 1292
4710 727
4711 540
4712 727
4713 210
4714 1371
4715 210
4716 540
4717 540
4718 727
4719 1292
4720 1292
4721 1292
4722 1292
4723 1371
4724 1833
4725 1371
4726 884
4727 1371
4728 1292
4729 727
4730 1690
4731 210
4732 540
4733 1992
4734 1992
4735 1106
4736 447
4737 363
4738 727
4739 1292
4740 1292
4741 447
4742 447
4743 845
4744 845
4745 447
4746 447
4747 1992
4748 447
4749 540
4750 210
4751 210
4752 363
4753 363
4754 1292
4755 1292
4756 540
4757 1690
4758 363
4759 1107
4760 540
4761 210
4762 210
4763 540
4764 363
4765 210
4766 210
4767 210
4768 134
4769 1833
4770 210
4771 540
4772 447
4773 540
4774 540
4775 447
4776 447
4777 210
4778 210
4779 540
4780 447
4781 1106
4782 363
4783 129
4784 540
4785 652
4786 210
4787 540
4788 845
4789 3691
4790 3691
4791 3691
4792 210
4793 210
4794 210
4795 210
4796 1992
4797 652
4798 134
4799 1690
4800 652
4801 1833
4802 1992
4803 845
4804 3691
4805 1195
4806 1195
4807 129
4808 129
4809 1195
4810 727
4811 1371
4812 845
4813 845
4814 845
4815 3688
4816 210
4817 363
4818 363
4819 1041
4820 1041
4821 1292
4822 1041
4823 210
4824 751
4825 751
4826 845
4827 3691
4828 845
4829 739
4830 739
4831 363
4832 845
4833 3688
4834 3691
4835 3688
4836 727
4837 540
4838 210
4839 134
4840 210
4841 210
4842 210
4843 210
4844 727
4845 3691
4846 3691
4847 727
4848 540
4849 1195
4850 1195
4851 1195
4852 3691
4853 1041
4854 652
4855 1106
4856 652
4857 540
4858 447
4859 739
4860 739
4861 739
4862 739
4863 739
4864 739
4865 739
4866 1050
4867 447
4868 134
4869 447
4870 3691
4871 3691
4872 3691
4873 845
4874 845
4875 1690
4876 1106
4877 210
4878 210
4879 129
4880 1195
4881 751
4882 129
4883 363
4884 363
4885 210
4886 1041
4887 533
4888 1041
4889 1041
4890 1050
4891 739
4892 739
4893 1050
4894 447
4895 845
4896 1107
4897 1195
4898 1041
4899 1050
4900 1050
4901 739
4902 3691
4903 1195
4904 1041
4905 751
4906 134
4907 1690
4908 210
4909 210
4910 363
4911 3691
4912 3691
4913 1050
4914 739
4915 845
4916 845
4917 739
4918 739
4919 739
4920 3691
4921 210
4922 210
4923 845
4924 739
4925 751
4926 1690
4927 363
4928 739
4929 845
4930 739
4931 845
4932 1041
4933 1041
4934 1041
4935 1050
4936 129
4937 1195
4938 845
4939 3691
4940 363
4941 363
4942 210
4943 210
4944 210
4945 210
4946 210
4947 1050
4948 739
4949 3691
4950 845
4951 845
4952 845
4953 129
4954 210
4955 210
4956 845
4957 134
4958 845
4959 3691
4960 3691
4961 751
4962 129
4963 210
4964 751
4965 210
4966 129
4967 134
4968 210
4969 739
4970 134
4971 739
4972 3691
4973 3691
4974 3691
4975 739
4976 3691
4977 1195
4978 3691
4979 845
4980 845
4981 845
4982 845
4983 845
4984 739
4985 845
4986 845
4987 845
4988 845
4989 845
4990 3
4991 909
4992 3
4993 3
4994 3
4995 3
4996 3
4997 3
4998 3
4999 3
5000 3
5001 3
5002 3
5003 3
5004 3
5005 3
5006 3
5007 3
5008 40
5009 3753
5010 3574
5011 891
5012 31
5013 31
5014 31
5015 31
5016 3753
5017 3095
5018 3095
5019 995
5020 3095
5021 2015
5022 3095
5023 31
5024 589
5025 3579
5026 3754
5027 3095
5028 3095
5029 898
5030 994
5031 995
5032 785
5033 3574
5034 3095
5035 56
5036 1252
5037 1702
5038 2197
5039 2191
5040 2386
5041 2808
5042 3753
5043 3753
5044 3095
5045 3095
5046 2197
5047 1008
5048 995
5049 1248
5050 43
5051 3095
5052 3095
5053 3095
5054 3022
5055 3023
5056 3215
5057 3400
5058 3574
5059 3395
5060 31
5061 3394
5062 31
5063 426
5064 609
5065 610
5066 31
5067 3399
5068 3399
5069 2247
5070 3439
5071 3263
5072 3066
5073 1885
5074 2869
5075 2249
5076 2249
5077 2869
5078 1729
5079 3263
5080 4250
5081 2881
5082 2789
5083 2789
5084 2789
5085 2789
5086 2789
5087 4321
5088 3516
5089 4588
5090 4815
5091 3887
5092 4592
5093 1198
5094 4343
5095 4586
5096 3380
5097 4889
5098 3656
5099 933
5100 933
5101 2469
5102 2469
5103 933
5104 933
5105 933
5106 933
5107 2469
5108 3300
5109 933
5110 3660
5111 3300
5112 3660
5113 3660
5114 3660
5115 3660
5116 3479
5117 3299
5118 3841
5119 3841
5120 3656
5121 2469
5122 2469
5123 2469
5124 2469
5125 3300
5126 933
5127 933
5128 933
5129 4054
5130 3300
5131 3660
5132 933
5133 933
5134 933
5135 933
5136 933
5137 933
5138 3479
5139 933
5140 933
5141 933
5142 973
5143 449
5144 449
5145 629
5146 347
5147 449
5148 629
5149 724
5150 724
5151 933
5152 1050
5153 1292
5154 727
5155 727
5156 1292
5157 134
5158 1292
5159 727
5160 363
5161 540
5162 1195
5163 3691
5164 447
5165 1292
5166 1292
5167 1292
5168 884
5169 727
5170 727
5171 1292
5172 1050
5173 2578
5174 3399
5175 3024
5176 5032
5177 5034
5178 4586
5179 3518
5180 3518
5181 4361
5182 4593
5183 4817
5184 3900
5185 4592
5186 1951
5187 1951
5188 3900
5189 4111
5190 4593
5191 3898
5192 4817
5193 3702
5194 3898
5195 4817
5196 3900
5197 4111
5198 4111
