0 309
1 309
2 315
3 4932
4 174
5 293
6 87
7 173
8 229
9 4419
10 184
11 185
12 255
13 54
14 2219
15 255
16 185
17 416
18 421
19 429
20 429
21 429
22 336
23 309
24 2953
25 4822
26 135
27 436
28 416
29 416
30 387
31 387
32 387
33 415
34 524
35 535
36 352
37 352
38 3084
39 3084
40 387
41 416
42 524
43 517
44 517
45 135
46 392
47 387
48 135
49 416
50 436
51 416
52 67
53 519
54 415
55 309
56 429
57 403
58 275
59 270
60 218
61 338
62 87
63 229
64 5116
65 122
66 429
67 415
68 392
69 210
70 553
71 553
72 3179
73 537
74 926
75 135
76 3084
77 3084
78 3084
79 3557
80 553
81 67
82 446
83 1143
84 416
85 309
86 336
87 309
88 313
89 421
90 416
91 309
92 421
93 415
94 436
95 336
96 77
97 173
98 429
99 307
100 153
101 275
102 392
103 453
104 3084
105 3084
106 535
107 3557
108 392
109 52
110 139
111 139
112 416
113 415
114 416
115 387
116 446
117 67
118 67
119 416
120 421
121 309
122 521
123 190
124 3084
125 3084
126 3084
127 537
128 3084
129 309
130 309
131 392
132 433
133 415
134 67
135 421
136 190
137 3084
138 52
139 190
140 3084
141 106
142 536
143 2262
144 2496
145 3340
146 2225
147 153
148 87
149 186
150 255
151 148
152 270
153 116
154 309
155 309
156 2258
157 141
158 387
159 359
160 309
161 336
162 1
163 139
164 141
165 309
166 309
167 174
168 309
169 521
170 467
171 3557
172 3557
173 189
174 139
175 139
176 392
177 544
178 3084
179 415
180 387
181 421
182 67
183 3084
184 3084
185 433
186 52
187 535
188 3084
189 336
190 313
191 336
192 58
193 537
194 352
195 521
196 3084
197 433
198 309
199 116
200 2298
201 392
202 392
203 421
204 416
205 116
206 173
207 154
208 1
209 129
210 302
211 222
212 185
213 148
214 275
215 176
216 43
217 334
218 260
219 43
220 75
221 222
222 405
223 140
224 134
225 451
226 932
227 417
228 464
229 349
230 149
231 102
232 360
233 55
234 129
235 54
236 336
237 392
238 2517
239 79
240 218
241 229
242 467
243 208
244 359
245 190
246 532
247 429
248 106
249 1
250 316
251 2410
252 167
253 173
254 2679
255 4926
256 309
257 336
258 309
259 106
260 429
261 3557
262 210
263 3084
264 2622
265 5116
266 4931
267 87
268 51
269 12
270 336
271 16
272 21
273 106
274 2225
275 2496
276 148
277 270
278 392
279 3084
280 3084
281 524
282 392
283 139
284 249
285 4689
286 106
287 429
288 429
289 429
290 336
291 292
292 399
293 415
294 553
295 3084
296 535
297 309
298 176
299 359
300 446
301 275
302 3084
303 190
304 52
305 173
306 243
307 1
308 309
309 270
310 550
311 3166
312 200
313 2496
314 2496
315 309
316 3084
317 3403
318 3084
319 416
320 336
321 316
322 291
323 55
324 338
325 255
326 255
327 190
328 141
329 270
330 87
331 4465
332 336
333 275
334 3084
335 387
336 387
337 436
338 436
339 309
340 436
341 429
342 309
343 429
344 77
345 429
346 309
347 289
348 275
349 174
350 270
351 292
352 2464
353 190
354 4689
355 255
356 67
357 519
358 544
359 177
360 222
361 542
362 87
363 77
364 336
365 309
366 336
367 421
368 153
369 168
370 105
371 77
372 218
373 2298
374 313
375 309
376 309
377 421
378 3084
379 309
380 21
381 154
382 553
383 532
384 218
385 54
386 330
387 105
388 521
389 87
390 2517
391 2321
392 54
393 456
394 932
395 1183
396 1551
397 559
398 365
399 365
400 1817
401 1637
402 3526
403 2592
404 2529
405 3355
406 3664
407 968
408 969
409 1374
410 3664
411 416
412 313
413 84
414 2321
415 3084
416 173
417 2570
418 229
419 218
420 349
421 185
422 552
423 852
424 451
425 148
426 149
427 464
428 55
429 291
430 272
431 2622
432 309
433 415
434 524
435 3084
436 87
437 2244
438 55
439 416
440 135
441 52
442 3179
443 148
444 446
445 313
446 116
447 3084
448 309
449 4926
450 387
451 275
452 309
453 43
454 67
455 3084
456 77
457 309
458 387
459 416
460 153
461 309
462 2953
463 359
464 3557
465 359
466 215
467 420
468 176
469 446
470 3084
471 3084
472 421
473 421
474 21
475 21
476 415
477 154
478 185
479 309
480 167
481 2225
482 292
483 154
484 215
485 518
486 187
487 336
488 243
489 229
490 55
491 302
492 278
493 185
494 185
495 122
496 106
497 106
498 152
499 308
500 334
501 317
502 173
503 173
504 154
505 149
506 309
507 260
508 330
509 185
510 349
511 315
512 116
513 106
514 86
515 55
516 54
517 55
518 309
519 122
520 292
521 86
522 313
523 55
524 349
525 933
526 1147
527 1645
528 911
529 1387
530 1550
531 1389
532 2130
533 2717
534 2331
535 1536
536 1493
537 1766
538 1522
539 1752
540 3232
541 486
542 3506
543 3555
544 3555
545 3484
546 3514
547 2027
548 3341
549 2285
550 1921
551 1313
552 1788
553 1634
554 1497
555 2660
556 2888
557 2702
558 2387
559 2846
560 2700
561 2847
562 184
563 293
564 153
565 243
566 293
567 77
568 260
569 116
570 77
571 182
572 54
573 405
574 154
575 148
576 336
577 229
578 148
579 224
580 349
581 154
582 87
583 177
584 54
585 229
586 87
587 55
588 349
589 140
590 1104
591 185
592 803
593 349
594 54
595 185
596 243
597 292
598 153
599 87
600 153
601 187
602 260
603 77
604 317
605 122
606 220
607 301
608 185
609 154
610 154
611 334
612 152
613 224
614 87
615 185
616 153
617 77
618 152
619 153
620 218
621 177
622 218
623 224
624 255
625 255
626 349
627 464
628 1142
629 1164
630 451
631 1163
632 317
633 255
634 574
635 940
636 855
637 940
638 940
639 840
640 821
641 610
642 855
643 636
644 636
645 685
646 636
647 636
648 940
649 869
650 685
651 685
652 869
653 793
654 869
655 4993
656 4992
657 642
658 1115
659 581
660 4979
661 4992
662 585
663 4951
664 4979
665 5000
666 767
667 812
668 1275
669 1002
670 949
671 1504
672 600
673 1011
674 1174
675 1344
676 1039
677 1533
678 606
679 1555
680 1040
681 636
682 940
683 574
684 940
685 4950
686 628
687 855
688 855
689 855
690 685
691 855
692 855
693 855
694 869
695 855
696 869
697 855
698 855
699 629
700 840
701 745
702 745
703 574
704 722
705 855
706 855
707 77
708 83
709 43
710 83
711 79
712 292
713 86
714 148
715 317
716 148
717 218
718 54
719 821
720 4950
721 685
722 793
723 4992
724 4993
725 4993
726 4996
727 581
728 4998
729 855
730 4950
731 615
732 5006
733 4996
734 701
735 759
736 789
737 930
738 855
739 636
740 4950
741 869
742 793
743 5006
744 5003
745 4992
746 671
747 874
748 1478
749 1071
750 148
751 54
752 424
753 803
754 932
755 1104
756 932
757 349
758 940
759 855
760 869
761 855
762 855
763 685
764 220
765 4950
766 574
767 574
768 129
769 54
770 855
771 255
772 855
773 685
774 5006
775 5006
776 4964
777 701
778 759
779 636
780 793
781 4996
782 4994
783 748
784 4996
785 185
786 141
787 405
788 933
789 840
790 722
791 840
792 840
793 4997
794 574
795 855
796 4964
797 4964
798 5006
799 636
800 855
801 1129
802 4964
803 5006
804 4996
805 4972
806 4979
807 148
808 154
809 128
810 215
811 649
812 732
813 649
814 4980
815 876
816 815
817 1154
818 722
819 840
820 840
821 636
822 636
823 4964
824 748
825 4996
826 855
827 4989
828 745
829 940
830 940
831 4989
832 4989
833 745
834 464
835 1115
836 188
837 745
838 745
839 282
840 140
841 274
842 185
843 4992
844 405
845 447
846 301
847 932
848 933
849 1363
850 140
851 840
852 2320
853 917
854 1140
855 349
856 5003
857 883
858 417
859 456
860 722
861 4957
862 701
863 339
864 466
865 142
866 759
867 821
868 636
869 636
870 574
871 840
872 722
873 4997
874 722
875 756
876 826
877 940
878 255
879 1104
880 136
881 1981
882 1882
883 405
884 745
885 766
886 4959
887 703
888 866
889 140
890 451
891 704
892 672
893 722
894 855
895 722
896 140
897 870
898 840
899 840
900 447
901 871
902 940
903 745
904 1125
905 4956
906 803
907 745
908 745
909 722
910 1385
911 929
912 1344
913 964
914 1372
915 447
916 2320
917 2175
918 13
919 2380
920 456
921 745
922 4989
923 840
924 722
925 855
926 1127
927 732
928 1104
929 134
930 349
931 855
932 1218
933 585
934 585
935 339
936 620
937 4996
938 301
939 803
940 789
941 867
942 766
943 4979
944 4960
945 4993
946 574
947 790
948 932
949 1147
950 1725
951 766
952 1125
953 759
954 1044
955 1472
956 4971
957 891
958 4956
959 642
960 901
961 4989
962 2320
963 433
964 4961
965 883
966 946
967 789
968 852
969 831
970 1630
971 3334
972 3176
973 1790
974 638
975 958
976 1616
977 5055
978 638
979 878
980 2649
981 789
982 2169
983 2338
984 2352
985 2168
986 998
987 4960
988 812
989 587
990 942
991 636
992 869
993 1129
994 702
995 591
996 867
997 815
998 936
999 340
1000 899
1001 846
1002 1127
1003 1133
1004 803
1005 1104
1006 1790
1007 452
1008 681
1009 1163
1010 1363
1011 932
1012 929
1013 951
1014 1177
1015 1363
1016 681
1017 970
1018 2649
1019 2353
1020 1699
1021 758
1022 1825
1023 2200
1024 2078
1025 1955
1026 2823
1027 2348
1028 2353
1029 2169
1030 2175
1031 2271
1032 2522
1033 2322
1034 2709
1035 2339
1036 2186
1037 2123
1038 2465
1039 3329
1040 869
1041 636
1042 873
1043 997
1044 1121
1045 866
1046 591
1047 1539
1048 1275
1049 866
1050 5000
1051 819
1052 998
1053 1855
1054 606
1055 1283
1056 1040
1057 1152
1058 1013
1059 1061
1060 1411
1061 1168
1062 997
1063 1812
1064 1787
1065 1254
1066 1075
1067 1278
1068 1110
1069 1439
1070 2033
1071 1985
1072 2908
1073 5044
1074 2944
1075 1647
1076 1647
1077 1851
1078 1851
1079 966
1080 1184
1081 1040
1082 1504
1083 1063
1084 1369
1085 803
1086 1168
1087 1791
1088 1677
1089 1647
1090 1151
1091 1582
1092 1069
1093 997
1094 1448
1095 600
1096 1184
1097 1041
1098 1566
1099 1151
1100 1069
1101 1043
1102 1357
1103 1791
1104 1582
1105 1057
1106 1641
1107 1147
1108 1478
1109 1487
1110 1425
1111 871
1112 1410
1113 1254
1114 1423
1115 1109
1116 1572
1117 1673
1118 1856
1119 1109
1120 3540
1121 1384
1122 1384
1123 1859
1124 2083
1125 2210
1126 2365
1127 2018
1128 3260
1129 3260
1130 3338
1131 1533
1132 1069
1133 948
1134 1499
1135 866
1136 13
1137 803
1138 1410
1139 1572
1140 1110
1141 1674
1142 1738
1143 1109
1144 926
1145 1254
1146 581
1147 4992
1148 4943
1149 4943
1150 1281
1151 600
1152 899
1153 1004
1154 4994
1155 649
1156 4957
1157 1127
1158 1189
1159 702
1160 4988
1161 869
1162 685
1163 793
1164 793
1165 4993
1166 852
1167 1277
1168 52
1169 2320
1170 424
1171 3160
1172 539
1173 405
1174 1344
1175 1300
1176 1278
1177 1256
1178 1151
1179 5148
1180 5196
1181 1166
1182 1410
1183 1109
1184 1683
1185 952
1186 1568
1187 1363
1188 1326
1189 13
1190 606
1191 1047
1192 1623
1193 1150
1194 1280
1195 1858
1196 674
1197 949
1198 1071
1199 1177
1200 1097
1201 1262
1202 1566
1203 1481
1204 1500
1205 997
1206 1400
1207 4965
1208 4943
1209 585
1210 1190
1211 1128
1212 4991
1213 4983
1214 4983
1215 1127
1216 1192
1217 1127
1218 1335
1219 1453
1220 1679
1221 1680
1222 1110
1223 1423
1224 1121
1225 1127
1226 1674
1227 3527
1228 3495
1229 3475
1230 1851
1231 1658
1232 5001
1233 1613
1234 1479
1235 1125
1236 1036
1237 1227
1238 3393
1239 3463
1240 2080
1241 1622
1242 1948
1243 1853
1244 2472
1245 1033
1246 5182
1247 5186
1248 2690
1249 2615
1250 2548
1251 3005
1252 3004
1253 3004
1254 2740
1255 3465
1256 3465
1257 3044
1258 2999
1259 1241
1260 2987
1261 2740
1262 2740
1263 2685
1264 2692
1265 1885
1266 2082
1267 4331
1268 1117
1269 1857
1270 1327
1271 932
1272 1152
1273 1572
1274 2907
1275 4263
1276 5197
1277 5145
1278 1218
1279 1028
1280 1029
1281 1724
1282 1029
1283 5196
1284 952
1285 1452
1286 594
1287 1471
1288 5009
1289 4995
1290 1026
1291 1110
1292 1151
1293 1469
1294 1351
1295 1621
1296 1613
1297 1504
1298 1403
1299 1866
1300 3541
1301 1657
1302 1853
1303 3118
1304 1110
1305 1441
1306 1573
1307 1687
1308 1908
1309 1025
1310 1369
1311 1613
1312 1025
1313 3474
1314 3474
1315 3475
1316 1108
1317 852
1318 1513
1319 1323
1320 1436
1321 1581
1322 3154
1323 2671
1324 1441
1325 1622
1326 3264
1327 1316
1328 1441
1329 1436
1330 1875
1331 998
1332 1908
1333 1277
1334 598
1335 1122
1336 1673
1337 2033
1338 2033
1339 1028
1340 1281
1341 1269
1342 964
1343 1121
1344 1487
1345 1000
1346 2002
1347 1174
1348 1487
1349 1121
1350 3261
1351 1441
1352 3475
1353 1384
1354 1323
1355 5142
1356 1184
1357 1890
1358 1351
1359 1992
1360 3311
1361 3419
1362 3260
1363 1415
1364 1873
1365 1572
1366 2094
1367 3261
1368 998
1369 1273
1370 1110
1371 674
1372 1676
1373 1371
1374 2080
1375 1754
1376 2858
1377 1311
1378 958
1379 2033
1380 3261
1381 1776
1382 1285
1383 1489
1384 1420
1385 1420
1386 1550
1387 1418
1388 4525
1389 4599
1390 4822
1391 4776
1392 247
1393 301
1394 358
1395 301
1396 132
1397 427
1398 1425
1399 1002
1400 1311
1401 1043
1402 1484
1403 4369
1404 1452
1405 1004
1406 3474
1407 3259
1408 2308
1409 1858
1410 1858
1411 1410
1412 1344
1413 1479
1414 4331
1415 1368
1416 2231
1417 2148
1418 1645
1419 1549
1420 1549
1421 1877
1422 365
1423 1063
1424 1273
1425 3311
1426 1467
1427 1877
1428 559
1429 1352
1430 600
1431 3112
1432 2908
1433 5180
1434 5182
1435 1437
1436 2966
1437 1121
1438 1874
1439 1000
1440 1415
1441 1230
1442 2435
1443 2629
1444 1799
1445 3154
1446 1961
1447 967
1448 3475
1449 1723
1450 1908
1451 1425
1452 1004
1453 3261
1454 1874
1455 1866
1456 1992
1457 1873
1458 2907
1459 1488
1460 1581
1461 2643
1462 1845
1463 2687
1464 5161
1465 2548
1466 1771
1467 1611
1468 675
1469 1771
1470 5000
1471 4943
1472 4987
1473 1543
1474 1475
1475 1004
1476 937
1477 1475
1478 1121
1479 1344
1480 949
1481 1400
1482 1452
1483 1478
1484 1177
1485 1530
1486 1475
1487 1676
1488 1071
1489 3971
1490 2132
1491 1549
1492 2827
1493 3552
1494 2284
1495 1721
1496 1496
1497 1099
1498 1475
1499 556
1500 1071
1501 1500
1502 1227
1503 1923
1504 1646
1505 4182
1506 1630
1507 3250
1508 3750
1509 3670
1510 3852
1511 3628
1512 1511
1513 976
1514 1790
1515 920
1516 3853
1517 3151
1518 2715
1519 1731
1520 1900
1521 1731
1522 1561
1523 2329
1524 1436
1525 1275
1526 600
1527 4965
1528 1724
1529 1771
1530 3853
1531 4004
1532 2827
1533 2831
1534 3853
1535 3853
1536 4004
1537 3808
1538 4965
1539 1543
1540 1471
1541 4987
1542 1115
1543 812
1544 669
1545 812
1546 583
1547 4977
1548 1387
1549 1387
1550 1344
1551 1351
1552 1254
1553 1787
1554 1173
1555 1447
1556 4004
1557 1389
1558 2715
1559 1977
1560 1524
1561 2497
1562 3475
1563 1755
1564 1722
1565 4004
1566 4029
1567 1438
1568 1439
1569 1904
1570 1505
1571 1256
1572 1256
1573 3891
1574 1572
1575 1994
1576 3475
1577 1676
1578 3475
1579 1582
1580 606
1581 3519
1582 4407
1583 4292
1584 3653
1585 3852
1586 2827
1587 3670
1588 1014
1589 1858
1590 3853
1591 1374
1592 1464
1593 2014
1594 1981
1595 2182
1596 4247
1597 2182
1598 1981
1599 1630
1600 960
1601 5022
1602 4315
1603 3668
1604 1469
1605 1075
1606 926
1607 5022
1608 3187
1609 3250
1610 3653
1611 1500
1612 1203
1613 1061
1614 2908
1615 2214
1616 1233
1617 4373
1618 4375
1619 4292
1620 3750
1621 2132
1622 2132
1623 1630
1624 4375
1625 447
1626 1662
1627 1634
1628 1611
1629 2649
1630 917
1631 2209
1632 1685
1633 1500
1634 1622
1635 476
1636 1981
1637 1630
1638 1786
1639 1753
1640 2231
1641 4008
1642 3752
1643 505
1644 505
1645 600
1646 1673
1647 1673
1648 1576
1649 281
1650 828
1651 1554
1652 3852
1653 1686
1654 1757
1655 2051
1656 4095
1657 2831
1658 4109
1659 1665
1660 3552
1661 3852
1662 3552
1663 1571
1664 1873
1665 1110
1666 1876
1667 1179
1668 1485
1669 1041
1670 1788
1671 1622
1672 1754
1673 1851
1674 3852
1675 2230
1676 1686
1677 1686
1678 1387
1679 1087
1680 2827
1681 2827
1682 2827
1683 3552
1684 2827
1685 3894
1686 3552
1687 2831
1688 1900
1689 2543
1690 2543
1691 2995
1692 3232
1693 3523
1694 3552
1695 1985
1696 1641
1697 3184
1698 3664
1699 2148
1700 3754
1701 539
1702 758
1703 3405
1704 3573
1705 301
1706 1977
1707 1758
1708 1785
1709 3447
1710 1389
1711 2908
1712 2148
1713 3160
1714 2168
1715 2307
1716 917
1717 4492
1718 2060
1719 1737
1720 1686
1721 1884
1722 3552
1723 1900
1724 3552
1725 1977
1726 1636
1727 1561
1728 1720
1729 2907
1730 1462
1731 2814
1732 1942
1733 2285
1734 4182
1735 504
1736 1485
1737 1737
1738 600
1739 1061
1740 4004
1741 1674
1742 3750
1743 872
1744 1830
1745 2285
1746 2500
1747 1663
1748 1228
1749 2050
1750 1835
1751 1835
1752 1733
1753 2715
1754 2715
1755 600
1756 1022
1757 1796
1758 559
1759 3750
1760 3670
1761 3988
1762 1026
1763 1327
1764 4325
1765 1724
1766 2976
1767 1248
1768 2148
1769 2176
1770 2230
1771 2051
1772 1785
1773 1256
1774 1254
1775 5161
1776 4004
1777 3853
1778 4004
1779 1614
1780 2715
1781 4109
1782 1732
1783 2898
1784 1861
1785 2510
1786 2914
1787 2914
1788 3338
1789 1772
1790 4492
1791 2024
1792 4004
1793 3498
1794 1514
1795 3552
1796 1566
1797 2530
1798 1248
1799 2686
1800 1462
1801 3552
1802 2201
1803 1110
1804 1485
1805 1163
1806 2209
1807 2201
1808 2352
1809 2169
1810 968
1811 2643
1812 1866
1813 1462
1814 1719
1815 2917
1816 2034
1817 2510
1818 4004
1819 1673
1820 4369
1821 1389
1822 3552
1823 504
1824 1858
1825 2130
1826 1841
1827 1420
1828 365
1829 1841
1830 2086
1831 1844
1832 1844
1833 1844
1834 2513
1835 2642
1836 2686
1837 5158
1838 2548
1839 539
1840 917
1841 1110
1842 1852
1843 2908
1844 2018
1845 2175
1846 2201
1847 1674
1848 1108
1849 2018
1850 1817
1851 1429
1852 2931
1853 2908
1854 2380
1855 3151
1856 3670
1857 3260
1858 2893
1859 1674
1860 1551
1861 2309
1862 4332
1863 2230
1864 1439
1865 1614
1866 2083
1867 1423
1868 970
1869 970
1870 1818
1871 1959
1872 1551
1873 1945
1874 2629
1875 1708
1876 1900
1877 1673
1878 2344
1879 2698
1880 1926
1881 2700
1882 5182
1883 2917
1884 2009
1885 2908
1886 2908
1887 504
1888 2051
1889 1900
1890 3552
1891 3311
1892 1947
1893 1961
1894 2435
1895 2960
1896 2657
1897 2908
1898 1925
1899 4004
1900 3112
1901 5186
1902 2086
1903 3316
1904 3316
1905 3183
1906 1239
1907 2957
1908 2957
1909 3384
1910 2346
1911 1985
1912 2034
1913 2510
1914 2510
1915 3552
1916 2498
1917 2498
1918 2827
1919 2831
1920 1900
1921 1900
1922 1900
1923 1773
1924 1742
1925 1742
1926 2927
1927 2717
1928 2831
1929 2509
1930 1947
1931 3185
1932 374
1933 1720
1934 559
1935 5190
1936 2960
1937 1942
1938 1968
1939 1900
1940 828
1941 3754
1942 2348
1943 3754
1944 2168
1945 1698
1946 1698
1947 2649
1948 2419
1949 2661
1950 1631
1951 3345
1952 2814
1953 2813
1954 3315
1955 3315
1956 2895
1957 2446
1958 1968
1959 2895
1960 2895
1961 1972
1962 1976
1963 1514
1964 2002
1965 1790
1966 828
1967 2352
1968 2116
1969 1029
1970 2365
1971 3552
1972 1268
1973 2547
1974 2516
1975 2210
1976 1439
1977 2715
1978 1562
1979 5161
1980 1661
1981 1710
1982 1790
1983 2033
1984 1389
1985 4004
1986 3497
1987 3628
1988 2827
1989 2018
1990 2051
1991 2541
1992 2284
1993 2498
1994 3183
1995 1236
1996 1513
1997 462
1998 3091
1999 3154
2000 2931
2001 1916
2002 3316
2003 2494
2004 1665
2005 5176
2006 3316
2007 3345
2008 3187
2009 2814
2010 2462
2011 1829
2012 3670
2013 2506
2014 2148
2015 2510
2016 2387
2017 512
2018 2700
2019 2615
2020 2616
2021 2883
2022 5047
2023 1876
2024 3068
2025 1511
2026 559
2027 5161
2028 2643
2029 5161
2030 1972
2031 1975
2032 1758
2033 1758
2034 3232
2035 1916
2036 1981
2037 2831
2038 2717
2039 2897
2040 2624
2041 5175
2042 1758
2043 2346
2044 3581
2045 3637
2046 2812
2047 2814
2048 1515
2049 3754
2050 3552
2051 2831
2052 2365
2053 2033
2054 2437
2055 2831
2056 3189
2057 1844
2058 2110
2059 3446
2060 2144
2061 2142
2062 3444
2063 3235
2064 3286
2065 2286
2066 2102
2067 2149
2068 2112
2069 3388
2070 3385
2071 3385
2072 2110
2073 2102
2074 2424
2075 5034
2076 991
2077 2097
2078 2108
2079 3487
2080 2106
2081 3373
2082 3487
2083 3453
2084 2274
2085 2174
2086 2238
2087 2172
2088 2176
2089 2307
2090 2115
2091 2115
2092 2095
2093 2095
2094 3452
2095 3459
2096 2102
2097 2306
2098 2095
2099 2095
2100 2251
2101 2306
2102 3487
2103 2247
2104 3453
2105 2324
2106 2698
2107 1420
2108 2831
2109 3068
2110 2060
2111 2894
2112 2894
2113 3316
2114 2816
2115 3183
2116 3184
2117 1246
2118 3018
2119 1246
2120 2110
2121 3373
2122 2090
2123 2142
2124 3388
2125 2586
2126 2911
2127 2981
2128 2283
2129 2657
2130 3453
2131 2095
2132 2186
2133 2279
2134 2090
2135 2306
2136 3460
2137 2018
2138 3552
2139 3125
2140 2827
2141 1736
2142 2612
2143 2529
2144 3034
2145 2182
2146 3670
2147 2472
2148 2018
2149 2115
2150 2176
2151 2149
2152 2187
2153 2090
2154 3444
2155 3235
2156 2122
2157 758
2158 2175
2159 2201
2160 1429
2161 2494
2162 2183
2163 1715
2164 2238
2165 3235
2166 2279
2167 2332
2168 3460
2169 2102
2170 3374
2171 2661
2172 3852
2173 2028
2174 2506
2175 2957
2176 2228
2177 1961
2178 1144
2179 1146
2180 2354
2181 2094
2182 2030
2183 2255
2184 3453
2185 2247
2186 2090
2187 2205
2188 2352
2189 2352
2190 3262
2191 2175
2192 2831
2193 3315
2194 5186
2195 5175
2196 2461
2197 2394
2198 2606
2199 2877
2200 2663
2201 2400
2202 2333
2203 3454
2204 3253
2205 2301
2206 2223
2207 2496
2208 5040
2209 2604
2210 2348
2211 2205
2212 2422
2213 2014
2214 2496
2215 2451
2216 2396
2217 2389
2218 2236
2219 2410
2220 2333
2221 2571
2222 3386
2223 2276
2224 2725
2225 2442
2226 2443
2227 3139
2228 2646
2229 3388
2230 2155
2231 2247
2232 3488
2233 2247
2234 2248
2235 2278
2236 2279
2237 3451
2238 2622
2239 2645
2240 2563
2241 2517
2242 2619
2243 5038
2244 2300
2245 3454
2246 5038
2247 5040
2248 2261
2249 2149
2250 2168
2251 2353
2252 991
2253 2168
2254 2209
2255 2752
2256 2116
2257 3296
2258 3385
2259 2142
2260 3200
2261 3373
2262 3388
2263 2248
2264 2247
2265 2186
2266 2151
2267 2115
2268 2393
2269 2276
2270 2661
2271 2009
2272 2094
2273 2526
2274 2353
2275 2426
2276 2406
2277 2393
2278 2606
2279 2403
2280 3373
2281 3372
2282 3454
2283 3388
2284 3445
2285 5038
2286 2559
2287 3253
2288 2321
2289 3457
2290 3139
2291 2102
2292 2095
2293 2102
2294 2333
2295 2976
2296 2976
2297 1033
2298 5182
2299 5154
2300 3138
2301 3199
2302 2251
2303 1955
2304 2223
2305 2090
2306 2244
2307 2172
2308 2238
2309 2153
2310 983
2311 2271
2312 2326
2313 1938
2314 2498
2315 3454
2316 2987
2317 5047
2318 3005
2319 2513
2320 2686
2321 5034
2322 2115
2323 2622
2324 2353
2325 2783
2326 3350
2327 1551
2328 3339
2329 4004
2330 2813
2331 2286
2332 2426
2333 2352
2334 2094
2335 2352
2336 2168
2337 2353
2338 2353
2339 2182
2340 2153
2341 2169
2342 2094
2343 1715
2344 979
2345 2348
2346 1956
2347 1790
2348 1728
2349 2090
2350 3157
2351 2297
2352 5160
2353 5182
2354 5166
2355 1420
2356 1429
2357 365
2358 3367
2359 2399
2360 2352
2361 2353
2362 3417
2363 2201
2364 1033
2365 3162
2366 2009
2367 2392
2368 2286
2369 2353
2370 2202
2371 2176
2372 2352
2373 2416
2374 2365
2375 5044
2376 2537
2377 3552
2378 2408
2379 2876
2380 2663
2381 2442
2382 2876
2383 2390
2384 2393
2385 2393
2386 2528
2387 2393
2388 2443
2389 2633
2390 2442
2391 2720
2392 2442
2393 2443
2394 2663
2395 2442
2396 2876
2397 2606
2398 2393
2399 2393
2400 2604
2401 2298
2402 3330
2403 3345
2404 2500
2405 2643
2406 2453
2407 979
2408 3350
2409 5160
2410 512
2411 2946
2412 2060
2413 3450
2414 2988
2415 2479
2416 2310
2417 2301
2418 2094
2419 2407
2420 2606
2421 1900
2422 2895
2423 2766
2424 2506
2425 1230
2426 5047
2427 2353
2428 2766
2429 2590
2430 3157
2431 2942
2432 970
2433 2536
2434 1389
2435 2827
2436 2390
2437 2442
2438 2403
2439 2606
2440 2876
2441 3516
2442 5182
2443 2636
2444 2709
2445 2537
2446 2389
2447 2663
2448 2232
2449 2636
2450 2288
2451 2502
2452 2414
2453 2208
2454 2348
2455 2348
2456 2352
2457 2353
2458 2348
2459 2352
2460 2090
2461 3444
2462 2351
2463 2255
2464 2153
2465 2571
2466 3117
2467 2636
2468 1954
2469 2761
2470 1714
2471 2016
2472 1999
2473 2009
2474 2311
2475 2976
2476 2931
2477 3384
2478 3518
2479 3086
2480 5186
2481 3143
2482 2416
2483 989
2484 3215
2485 1033
2486 3853
2487 3001
2488 2454
2489 2761
2490 2513
2491 2936
2492 2298
2493 1864
2494 2406
2495 3628
2496 1758
2497 2895
2498 2917
2499 2586
2500 2498
2501 3497
2502 2943
2503 2348
2504 3184
2505 1246
2506 2612
2507 2988
2508 2988
2509 2936
2510 2507
2511 514
2512 2700
2513 3852
2514 3069
2515 2936
2516 2936
2517 2686
2518 2750
2519 3166
2520 2235
2521 2342
2522 3444
2523 2461
2524 3102
2525 2097
2526 2298
2527 2604
2528 2392
2529 2878
2530 2393
2531 2529
2532 1033
2533 2531
2534 3117
2535 2646
2536 2708
2537 1731
2538 2702
2539 2407
2540 2725
2541 2663
2542 2554
2543 1758
2544 2995
2545 2995
2546 2797
2547 2995
2548 2686
2549 2686
2550 2615
2551 2976
2552 2912
2553 2887
2554 1900
2555 3187
2556 1737
2557 1900
2558 5176
2559 5175
2560 2321
2561 3253
2562 5038
2563 5038
2564 3001
2565 2568
2566 2619
2567 2257
2568 2339
2569 2585
2570 2709
2571 3134
2572 2571
2573 1900
2574 1900
2575 1900
2576 2553
2577 1536
2578 1536
2579 2604
2580 2578
2581 2578
2582 3405
2583 2579
2584 2997
2585 3405
2586 2761
2587 2016
2588 1515
2589 2017
2590 1661
2591 2626
2592 3096
2593 2510
2594 3628
2595 3456
2596 3454
2597 2512
2598 3086
2599 2529
2600 2592
2601 5190
2602 2416
2603 3096
2604 2831
2605 2831
2606 2331
2607 2717
2608 2869
2609 2717
2610 2717
2611 3313
2612 2606
2613 2725
2614 2725
2615 2442
2616 1758
2617 2548
2618 2360
2619 2541
2620 2936
2621 2782
2622 2911
2623 2314
2624 5182
2625 983
2626 3410
2627 2297
2628 2827
2629 5035
2630 2499
2631 2208
2632 2998
2633 1955
2634 3573
2635 1033
2636 2913
2637 2237
2638 3157
2639 3096
2640 2633
2641 2720
2642 2406
2643 2286
2644 2407
2645 2286
2646 2625
2647 3114
2648 5039
2649 3176
2650 2615
2651 2687
2652 5176
2653 2201
2654 1698
2655 1720
2656 2730
2657 2621
2658 2636
2659 2353
2660 2288
2661 2348
2662 2406
2663 2393
2664 3153
2665 2052
2666 2989
2667 2976
2668 1526
2669 2663
2670 2403
2671 2663
2672 2397
2673 2720
2674 2822
2675 1921
2676 3214
2677 2692
2678 2673
2679 2360
2680 3096
2681 3552
2682 2406
2683 3457
2684 2680
2685 3552
2686 2446
2687 2687
2688 2744
2689 2749
2690 2750
2691 2937
2692 5170
2693 2937
2694 5190
2695 2752
2696 3117
2697 3108
2698 477
2699 3632
2700 2889
2701 3165
2702 3105
2703 2393
2704 3000
2705 1729
2706 989
2707 1742
2708 1699
2709 2553
2710 1643
2711 1550
2712 1643
2713 1537
2714 1734
2715 1574
2716 477
2717 1643
2718 3453
2719 2926
2720 2621
2721 2725
2722 2876
2723 2725
2724 2831
2725 3171
2726 3214
2727 2696
2728 3171
2729 1999
2730 1849
2731 2360
2732 1766
2733 2553
2734 1494
2735 1792
2736 3670
2737 2052
2738 2612
2739 979
2740 2688
2741 3072
2742 3072
2743 2910
2744 2744
2745 5162
2746 3035
2747 3970
2748 3050
2749 3970
2750 2991
2751 5166
2752 2772
2753 3109
2754 2709
2755 1952
2756 1998
2757 1792
2758 2717
2759 2403
2760 3518
2761 2454
2762 2582
2763 1849
2764 1141
2765 1636
2766 2244
2767 2607
2768 2831
2769 2995
2770 500
2771 2582
2772 3129
2773 2550
2774 3117
2775 1900
2776 1429
2777 2621
2778 2663
2779 3894
2780 2995
2781 2987
2782 3203
2783 3184
2784 3187
2785 3582
2786 3522
2787 3645
2788 2790
2789 3960
2790 3323
2791 3400
2792 486
2793 2797
2794 2626
2795 1420
2796 2725
2797 2403
2798 2839
2799 3384
2800 3515
2801 5198
2802 3646
2803 3484
2804 3319
2805 3342
2806 3450
2807 2892
2808 3346
2809 3344
2810 3184
2811 3018
2812 3214
2813 3057
2814 2578
2815 968
2816 1878
2817 2390
2818 2526
2819 3187
2820 1661
2821 1805
2822 2079
2823 395
2824 1612
2825 1612
2826 476
2827 3108
2828 2621
2829 2645
2830 1661
2831 1671
2832 421
2833 2193
2834 2897
2835 511
2836 3339
2837 3339
2838 3031
2839 2862
2840 3608
2841 3608
2842 4346
2843 4325
2844 3031
2845 3480
2846 3599
2847 3145
2848 3050
2849 3600
2850 2701
2851 2701
2852 1494
2853 3552
2854 1690
2855 1142
2856 217
2857 915
2858 1492
2859 1612
2860 2130
2861 1429
2862 2442
2863 2442
2864 2876
2865 2725
2866 2606
2867 3021
2868 3591
2869 486
2870 2730
2871 2710
2872 2661
2873 3165
2874 3987
2875 3987
2876 3862
2877 3412
2878 3371
2879 3018
2880 2892
2881 2988
2882 3450
2883 1938
2884 2399
2885 2607
2886 3852
2887 3185
2888 3085
2889 2913
2890 2850
2891 2850
2892 2846
2893 2990
2894 2857
2895 3145
2896 3226
2897 2856
2898 2904
2899 2915
2900 2915
2901 5045
2902 3123
2903 2861
2904 2912
2905 2990
2906 2857
2907 2912
2908 2903
2909 2912
2910 3226
2911 3226
2912 3838
2913 2967
2914 3521
2915 3839
2916 1874
2917 4281
2918 1823
2919 3419
2920 3908
2921 3475
2922 2927
2923 1522
2924 2023
2925 1784
2926 1936
2927 1669
2928 2502
2929 859
2930 2649
2931 3552
2932 3114
2933 1701
2934 3072
2935 5174
2936 5045
2937 3008
2938 3226
2939 3312
2940 2852
2941 2323
2942 3312
2943 2887
2944 2606
2945 2804
2946 3484
2947 3522
2948 3492
2949 1699
2950 2769
2951 3189
2952 2987
2953 2357
2954 2990
2955 3145
2956 2859
2957 3970
2958 4235
2959 3050
2960 3910
2961 3910
2962 3836
2963 4200
2964 4200
2965 3131
2966 2918
2967 2906
2968 2373
2969 3262
2970 3294
2971 2279
2972 2783
2973 1766
2974 1559
2975 2717
2976 2224
2977 2393
2978 3341
2979 5168
2980 3111
2981 2990
2982 2860
2983 2856
2984 2862
2985 2850
2986 1784
2987 1766
2988 1559
2989 1520
2990 2726
2991 1701
2992 1701
2993 3108
2994 979
2995 2998
2996 2582
2997 3171
2998 3123
2999 2942
3000 2604
3001 2651
3002 3552
3003 3232
3004 2995
3005 2692
3006 2912
3007 2496
3008 3139
3009 2850
3010 1526
3011 1570
3012 3384
3013 3384
3014 3342
3015 1735
3016 2986
3017 2529
3018 2163
3019 2496
3020 2237
3021 2321
3022 3099
3023 2206
3024 3099
3025 510
3026 2604
3027 1900
3028 2578
3029 2921
3030 2321
3031 3293
3032 2090
3033 3099
3034 3453
3035 3004
3036 2553
3037 3088
3038 3045
3039 4297
3040 2889
3041 4350
3042 4325
3043 3970
3044 4200
3045 4234
3046 3117
3047 2717
3048 3516
3049 1999
3050 3214
3051 3123
3052 3521
3053 2920
3054 1936
3055 2931
3056 2954
3057 2529
3058 2529
3059 2164
3060 2624
3061 3403
3062 3506
3063 2300
3064 5039
3065 5038
3066 5038
3067 3293
3068 2406
3069 2406
3070 3581
3071 2322
3072 3823
3073 979
3074 2349
3075 2761
3076 2761
3077 3088
3078 4369
3079 3049
3080 2852
3081 3480
3082 2604
3083 2511
3084 2686
3085 5039
3086 1849
3087 989
3088 2361
3089 2321
3090 3373
3091 2680
3092 2280
3093 2236
3094 2393
3095 3492
3096 2349
3097 3110
3098 3262
3099 5162
3100 2695
3101 3232
3102 3174
3103 3129
3104 5037
3105 2115
3106 3550
3107 4333
3108 3551
3109 3228
3110 1865
3111 3477
3112 3552
3113 2954
3114 1998
3115 3492
3116 2956
3117 2349
3118 3349
3119 4280
3120 2323
3121 2339
3122 3238
3123 2676
3124 2604
3125 1701
3126 3139
3127 2559
3128 3214
3129 2357
3130 3405
3131 2164
3132 4062
3133 2964
3134 2964
3135 3836
3136 1429
3137 2621
3138 2461
3139 2604
3140 3465
3141 2761
3142 2919
3143 2225
3144 2673
3145 969
3146 365
3147 3503
3148 3595
3149 3966
3150 3846
3151 3166
3152 3183
3153 2578
3154 3145
3155 980
3156 2017
3157 1999
3158 3339
3159 2769
3160 3327
3161 2349
3162 989
3163 3138
3164 1700
3165 3033
3166 3523
3167 2988
3168 3189
3169 3189
3170 3005
3171 3412
3172 2892
3173 2892
3174 3189
3175 3191
3176 3191
3177 3412
3178 3213
3179 3301
3180 4314
3181 3836
3182 2459
3183 2201
3184 1806
3185 989
3186 2277
3187 3460
3188 2248
3189 3460
3190 2096
3191 2205
3192 1766
3193 3235
3194 2745
3195 4297
3196 4297
3197 4002
3198 4227
3199 2889
3200 3862
3201 3191
3202 2582
3203 3455
3204 1429
3205 2648
3206 2604
3207 4062
3208 2752
3209 2470
3210 4037
3211 4234
3212 3050
3213 3227
3214 3786
3215 3449
3216 1536
3217 2604
3218 1699
3219 3232
3220 2920
3221 3301
3222 2174
3223 2279
3224 2184
3225 2277
3226 3460
3227 3238
3228 3153
3229 3492
3230 1981
3231 3492
3232 1587
3233 3492
3234 3169
3235 1511
3236 2406
3237 3384
3238 2517
3239 3139
3240 2612
3241 2529
3242 2353
3243 2761
3244 4234
3245 1874
3246 3419
3247 4280
3248 2266
3249 2352
3250 3025
3251 3908
3252 4347
3253 4340
3254 3973
3255 3533
3256 4352
3257 3534
3258 4316
3259 4339
3260 4353
3261 4279
3262 4250
3263 3305
3264 3651
3265 3342
3266 3342
3267 3318
3268 3465
3269 2169
3270 2169
3271 2151
3272 2169
3273 2168
3274 2176
3275 2172
3276 3455
3277 2169
3278 2176
3279 3261
3280 2115
3281 1999
3282 2761
3283 3373
3284 1866
3285 4347
3286 4370
3287 3905
3288 4266
3289 4229
3290 4316
3291 3536
3292 4338
3293 3537
3294 3306
3295 2730
3296 3163
3297 2407
3298 3342
3299 3384
3300 3343
3301 3611
3302 3645
3303 3591
3304 3637
3305 3592
3306 2790
3307 3593
3308 4238
3309 3049
3310 2153
3311 2352
3312 2169
3313 2352
3314 2424
3315 2560
3316 3459
3317 3402
3318 3184
3319 3611
3320 2529
3321 2115
3322 2115
3323 2174
3324 2884
3325 2654
3326 3184
3327 3344
3328 3343
3329 3621
3330 3611
3331 2891
3332 2891
3333 2406
3334 3344
3335 3344
3336 3344
3337 3344
3338 2172
3339 2172
3340 3139
3341 2278
3342 4062
3343 968
3344 1725
3345 1368
3346 3836
3347 3908
3348 3986
3349 3363
3350 4370
3351 3531
3352 4343
3353 4340
3354 4347
3355 4347
3356 3835
3357 2393
3358 2879
3359 1697
3360 2805
3361 2892
3362 3235
3363 2172
3364 3235
3365 2461
3366 2252
3367 3074
3368 3460
3369 2226
3370 3376
3371 2695
3372 4264
3373 3990
3374 1550
3375 3344
3376 3344
3377 3348
3378 3459
3379 2279
3380 3291
3381 3261
3382 2761
3383 3214
3384 2357
3385 1551
3386 1792
3387 2789
3388 3522
3389 3555
3390 3591
3391 3591
3392 3399
3393 486
3394 3441
3395 3252
3396 2388
3397 3256
3398 2998
3399 3475
3400 2274
3401 2149
3402 1559
3403 2768
3404 3412
3405 3862
3406 2279
3407 3385
3408 2247
3409 2248
3410 2095
3411 2274
3412 2247
3413 1676
3414 1676
3415 3423
3416 4185
3417 4249
3418 4036
3419 3905
3420 4329
3421 3763
3422 3535
3423 3677
3424 4300
3425 1676
3426 3592
3427 2885
3428 3552
3429 3208
3430 3213
3431 2461
3432 2496
3433 3235
3434 3385
3435 2186
3436 2461
3437 5037
3438 3458
3439 3488
3440 4300
3441 477
3442 1900
3443 2186
3444 2306
3445 2247
3446 3453
3447 991
3448 3376
3449 3348
3450 2142
3451 3456
3452 2306
3453 3453
3454 2278
3455 3386
3456 2248
3457 1676
3458 1783
3459 2582
3460 1451
3461 3465
3462 3211
3463 4298
3464 2174
3465 2247
3466 2582
3467 2095
3468 2247
3469 2247
3470 1999
3471 2266
3472 1302
3473 1979
3474 1676
3475 1551
3476 969
3477 2980
3478 3914
3479 3915
3480 3894
3481 3621
3482 3611
3483 3344
3484 3417
3485 2095
3486 2248
3487 2247
3488 2582
3489 3908
3490 3986
3491 2967
3492 1979
3493 4258
3494 4314
3495 1559
3496 3492
3497 1981
3498 3555
3499 3506
3500 4347
3501 3503
3502 1865
3503 4375
3504 3501
3505 3405
3506 3049
3507 4073
3508 962
3509 962
3510 3621
3511 3621
3512 3611
3513 2612
3514 4347
3515 3533
3516 2884
3517 3646
3518 3400
3519 3475
3520 2582
3521 1718
3522 3525
3523 374
3524 1718
3525 3604
3526 4249
3527 4070
3528 4250
3529 4279
3530 3871
3531 4047
3532 3947
3533 3774
3534 3677
3535 1675
3536 4370
3537 3531
3538 3905
3539 4317
3540 4339
3541 3273
3542 3905
3543 3306
3544 559
3545 4235
3546 2005
3547 309
3548 3046
3549 3591
3550 2746
3551 2956
3552 486
3553 1698
3554 1866
3555 4314
3556 1567
3557 1823
3558 1990
3559 2761
3560 3273
3561 4363
3562 4363
3563 4372
3564 3362
3565 3532
3566 4259
3567 1661
3568 3855
3569 3506
3570 4302
3571 3390
3572 3574
3573 4363
3574 2997
3575 3531
3576 3896
3577 2891
3578 3319
3579 3260
3580 3986
3581 4266
3582 3534
3583 3537
3584 4370
3585 3306
3586 1766
3587 1559
3588 1429
3589 2182
3590 3399
3591 3777
3592 484
3593 2529
3594 3778
3595 1163
3596 1367
3597 3835
3598 2980
3599 2854
3600 2591
3601 3019
3602 3525
3603 3273
3604 3531
3605 4339
3606 4338
3607 1430
3608 4002
3609 4346
3610 3620
3611 3659
3612 1697
3613 4070
3614 4166
3615 3306
3616 3305
3617 2831
3618 3836
3619 3620
3620 3855
3621 3620
3622 1979
3623 1676
3624 3426
3625 4338
3626 4347
3627 3065
3628 3777
3629 1979
3630 3273
3631 1494
3632 3892
3633 3323
3634 1572
3635 3593
3636 1981
3637 2427
3638 1979
3639 3363
3640 4348
3641 3402
3642 1643
3643 3894
3644 4311
3645 3620
3646 3959
3647 3506
3648 4353
3649 1995
3650 4316
3651 3402
3652 3969
3653 1981
3654 1979
3655 3408
3656 1935
3657 4370
3658 2182
3659 3659
3660 2956
3661 1638
3662 1367
3663 1882
3664 1882
3665 3664
3666 1494
3667 1865
3668 1643
3669 1537
3670 1550
3671 1626
3672 2792
3673 1989
3674 2163
3675 1698
3676 4352
3677 4229
3678 4047
3679 3947
3680 4042
3681 4364
3682 4423
3683 3941
3684 4491
3685 4472
3686 4153
3687 4131
3688 4131
3689 4149
3690 4495
3691 4495
3692 4502
3693 4495
3694 4462
3695 3535
3696 4049
3697 3953
3698 4049
3699 3507
3700 3768
3701 4405
3702 5095
3703 4161
3704 3739
3705 3901
3706 4207
3707 3936
3708 4168
3709 3708
3710 4181
3711 4509
3712 4126
3713 5104
3714 3733
3715 4087
3716 4078
3717 5105
3718 3924
3719 4308
3720 3920
3721 3717
3722 3936
3723 4287
3724 3953
3725 4047
3726 3953
3727 4047
3728 4309
3729 5105
3730 3771
3731 3682
3732 4422
3733 3682
3734 4253
3735 3739
3736 5082
3737 3741
3738 3739
3739 5102
3740 3739
3741 3737
3742 5077
3743 4161
3744 5078
3745 3924
3746 4242
3747 1430
3748 4309
3749 4311
3750 1417
3751 3823
3752 2132
3753 4302
3754 3360
3755 3909
3756 1736
3757 3537
3758 3535
3759 4229
3760 4229
3761 4049
3762 3535
3763 4049
3764 4318
3765 4048
3766 4316
3767 3535
3768 1589
3769 1492
3770 4207
3771 4287
3772 4355
3773 3952
3774 1550
3775 3777
3776 3307
3777 4329
3778 4318
3779 3363
3780 4370
3781 4077
3782 4077
3783 4323
3784 3272
3785 3909
3786 4185
3787 1823
3788 1521
3789 4298
3790 3717
3791 3768
3792 4049
3793 4348
3794 4297
3795 2964
3796 2794
3797 3604
3798 3703
3799 3901
3800 4166
3801 4396
3802 3209
3803 4297
3804 2024
3805 3276
3806 4343
3807 2879
3808 1766
3809 1684
3810 4229
3811 3536
3812 4049
3813 4355
3814 5059
3815 3936
3816 3708
3817 4355
3818 4311
3819 395
3820 59
3821 309
3822 1998
3823 2427
3824 4343
3825 4364
3826 4336
3827 3984
3828 3947
3829 3946
3830 3908
3831 4234
3832 1989
3833 1676
3834 1451
3835 3840
3836 4312
3837 3718
3838 3717
3839 2964
3840 1430
3841 4063
3842 4364
3843 3431
3844 1570
3845 1147
3846 2079
3847 1989
3848 2793
3849 4321
3850 4287
3851 4277
3852 3273
3853 2792
3854 309
3855 2956
3856 1697
3857 1590
3858 3613
3859 4250
3860 1766
3861 1492
3862 4047
3863 4287
3864 3892
3865 4002
3866 4297
3867 421
3868 2964
3869 3908
3870 309
3871 3332
3872 3332
3873 2032
3874 3535
3875 4316
3876 4364
3877 3819
3878 2529
3879 2956
3880 3951
3881 3734
3882 4422
3883 3272
3884 4251
3885 4355
3886 1823
3887 309
3888 3002
3889 4355
3890 3305
3891 3924
3892 4228
3893 1866
3894 2032
3895 4338
3896 4316
3897 1676
3898 1676
3899 1979
3900 4302
3901 1025
3902 4260
3903 4002
3904 2889
3905 4161
3906 5077
3907 5078
3908 3927
3909 3925
3910 5080
3911 5080
3912 5078
3913 5097
3914 5097
3915 5077
3916 4161
3917 4156
3918 4473
3919 4473
3920 5104
3921 4330
3922 4367
3923 3943
3924 3742
3925 4422
3926 4422
3927 4126
3928 5104
3929 4422
3930 4422
3931 4120
3932 4422
3933 4330
3934 3943
3935 3889
3936 4394
3937 3934
3938 4364
3939 4364
3940 4277
3941 4355
3942 3935
3943 4367
3944 3901
3945 3924
3946 4303
3947 3047
3948 309
3949 3164
3950 1643
3951 1643
3952 2956
3953 3173
3954 3952
3955 3536
3956 3332
3957 3970
3958 1551
3959 559
3960 4266
3961 4355
3962 4076
3963 395
3964 1538
3965 1612
3966 1590
3967 3944
3968 4423
3969 1277
3970 3164
3971 1865
3972 3305
3973 2889
3974 3720
3975 4227
3976 962
3977 3251
3978 3492
3979 1784
3980 2032
3981 3946
3982 4336
3983 559
3984 3901
3985 2079
3986 447
3987 3168
3988 1805
3989 1980
3990 3492
3991 1508
3992 1537
3993 1517
3994 1418
3995 363
3996 3068
3997 4181
3998 4353
3999 3677
4000 3050
4001 4297
4002 4307
4003 3924
4004 1587
4005 4312
4006 968
4007 881
4008 363
4009 4322
4010 4355
4011 4369
4012 2956
4013 1511
4014 3492
4015 3492
4016 372
4017 1570
4018 1365
4019 3892
4020 4287
4021 2529
4022 3492
4023 3537
4024 4355
4025 4234
4026 4235
4027 3533
4028 3273
4029 3532
4030 3926
4031 5095
4032 3927
4033 3908
4034 4234
4035 3836
4036 3733
4037 4330
4038 1709
4039 4253
4040 4412
4041 5079
4042 4309
4043 3926
4044 3739
4045 3943
4046 1643
4047 1612
4048 1550
4049 1570
4050 4101
4051 4544
4052 4723
4053 3575
4054 201
4055 4905
4056 376
4057 1537
4058 4329
4059 1612
4060 4229
4061 4302
4062 4450
4063 4513
4064 4495
4065 4149
4066 4131
4067 3711
4068 4330
4069 4135
4070 4124
4071 4137
4072 4474
4073 4474
4074 4474
4075 4508
4076 4126
4077 4135
4078 4504
4079 4189
4080 4518
4081 4500
4082 4359
4083 4513
4084 4153
4085 4499
4086 4126
4087 4509
4088 4135
4089 4474
4090 4515
4091 4189
4092 4502
4093 4502
4094 4154
4095 4495
4096 5060
4097 4495
4098 4513
4099 4212
4100 4150
4101 4514
4102 4502
4103 4495
4104 4500
4105 4518
4106 4151
4107 4518
4108 4506
4109 4154
4110 4124
4111 4473
4112 4135
4113 4136
4114 4135
4115 4135
4116 5102
4117 5082
4118 3733
4119 3535
4120 1590
4121 4047
4122 3901
4123 5104
4124 4170
4125 4503
4126 4514
4127 4502
4128 4495
4129 4462
4130 4495
4131 4153
4132 4494
4133 4188
4134 4157
4135 4471
4136 1417
4137 1676
4138 4343
4139 1570
4140 4491
4141 5064
4142 4473
4143 4153
4144 4518
4145 4502
4146 4131
4147 4495
4148 5060
4149 4499
4150 4274
4151 1250
4152 3889
4153 4229
4154 1430
4155 4063
4156 3919
4157 5141
4158 5141
4159 4231
4160 4518
4161 4495
4162 4171
4163 4231
4164 4171
4165 4513
4166 4131
4167 4131
4168 4131
4169 4502
4170 4503
4171 4501
4172 4131
4173 4131
4174 1989
4175 4181
4176 3532
4177 4313
4178 3049
4179 4355
4180 4355
4181 4119
4182 1567
4183 4234
4184 4346
4185 3905
4186 4495
4187 4149
4188 1285
4189 3274
4190 4302
4191 3905
4192 4137
4193 3255
4194 1163
4195 4008
4196 4120
4197 3066
4198 4347
4199 3677
4200 4047
4201 5097
4202 3924
4203 4253
4204 4161
4205 3924
4206 3050
4207 3905
4208 4339
4209 3905
4210 3307
4211 4336
4212 2964
4213 4049
4214 4048
4215 4348
4216 4297
4217 962
4218 4347
4219 1823
4220 4347
4221 3733
4222 4312
4223 3538
4224 4318
4225 1025
4226 4185
4227 1550
4228 4297
4229 1612
4230 3532
4231 4207
4232 4153
4233 4495
4234 4495
4235 3049
4236 962
4237 4345
4238 681
4239 4316
4240 4337
4241 1517
4242 1430
4243 1979
4244 4200
4245 4347
4246 4370
4247 4049
4248 4353
4249 4161
4250 3049
4251 3049
4252 3047
4253 1676
4254 3909
4255 3909
4256 4008
4257 4048
4258 3536
4259 2964
4260 4370
4261 4405
4262 4365
4263 3742
4264 4321
4265 4284
4266 4336
4267 1550
4268 1430
4269 4259
4270 4235
4271 3255
4272 4346
4273 3974
4274 3934
4275 3934
4276 4355
4277 3952
4278 3947
4279 4253
4280 4346
4281 4258
4282 4363
4283 4353
4284 4284
4285 3305
4286 4229
4287 4131
4288 3273
4289 3934
4290 4229
4291 4266
4292 3273
4293 4131
4294 4131
4295 4131
4296 4502
4297 4330
4298 4266
4299 4279
4300 3677
4301 4423
4302 4423
4303 3682
4304 4422
4305 3941
4306 3970
4307 3531
4308 4250
4309 3306
4310 1802
4311 3575
4312 4376
4313 1489
4314 4292
4315 4722
4316 4639
4317 533
4318 52
4319 188
4320 349
4321 274
4322 274
4323 349
4324 4258
4325 3934
4326 556
4327 4161
4328 3919
4329 4094
4330 4495
4331 4209
4332 4399
4333 4346
4334 4070
4335 4034
4336 3743
4337 4253
4338 5062
4339 4495
4340 4131
4341 3273
4342 4131
4343 4154
4344 4121
4345 4474
4346 4208
4347 4138
4348 3941
4349 4462
4350 4495
4351 4495
4352 4149
4353 3943
4354 4131
4355 3669
4356 4121
4357 5064
4358 4422
4359 3933
4360 377
4361 377
4362 4591
4363 4447
4364 4101
4365 1574
4366 4384
4367 4722
4368 4639
4369 4789
4370 4822
4371 4780
4372 4558
4373 4776
4374 4795
4375 4756
4376 4780
4377 4869
4378 4688
4379 372
4380 4606
4381 4334
4382 4641
4383 4384
4384 962
4385 4727
4386 4729
4387 5082
4388 4495
4389 4501
4390 4727
4391 4419
4392 4495
4393 4462
4394 4225
4395 4156
4396 4491
4397 4502
4398 4502
4399 4502
4400 4513
4401 4495
4402 4495
4403 4128
4404 4334
4405 4497
4406 4495
4407 377
4408 4599
4409 774
4410 4125
4411 4154
4412 4138
4413 4138
4414 4789
4415 4789
4416 4736
4417 4554
4418 4688
4419 4521
4420 4789
4421 533
4422 1368
4423 4482
4424 373
4425 4722
4426 4639
4427 467
4428 4780
4429 4612
4430 4501
4431 4138
4432 4509
4433 4869
4434 4727
4435 4525
4436 4502
4437 4133
4438 4146
4439 4502
4440 4501
4441 4513
4442 4133
4443 4514
4444 4515
4445 4500
4446 4150
4447 4514
4448 4503
4449 4189
4450 4722
4451 4727
4452 4212
4453 4151
4454 4153
4455 4502
4456 960
4457 4639
4458 12
4459 4373
4460 4431
4461 5024
4462 960
4463 4597
4464 4905
4465 4431
4466 4525
4467 4722
4468 4482
4469 3575
4470 4722
4471 392
4472 4639
4473 4828
4474 4819
4475 4525
4476 4756
4477 4826
4478 4556
4479 4638
4480 4558
4481 960
4482 445
4483 1165
4484 960
4485 202
4486 12
4487 4822
4488 520
4489 519
4490 539
4491 519
4492 539
4493 4620
4494 4822
4495 424
4496 246
4497 4918
4498 52
4499 4558
4500 274
4501 420
4502 4822
4503 4876
4504 51
4505 411
4506 320
4507 270
4508 4793
4509 4818
4510 2070
4511 2780
4512 2953
4513 2803
4514 3012
4515 2068
4516 2803
4517 3081
4518 2554
4519 333
4520 106
4521 4932
4522 333
4523 34
4524 106
4525 4558
4526 201
4527 202
4528 4822
4529 210
4530 519
4531 189
4532 427
4533 349
4534 427
4535 301
4536 4795
4537 539
4538 132
4539 4828
4540 4828
4541 4652
4542 539
4543 4556
4544 4780
4545 202
4546 390
4547 301
4548 4762
4549 4845
4550 537
4551 4822
4552 4736
4553 139
4554 139
4555 139
4556 519
4557 450
4558 4822
4559 4620
4560 531
4561 4736
4562 520
4563 4727
4564 393
4565 783
4566 450
4567 4822
4568 519
4569 210
4570 4485
4571 139
4572 202
4573 12
4574 4780
4575 540
4576 519
4577 202
4578 4780
4579 393
4580 4776
4581 519
4582 359
4583 139
4584 210
4585 301
4586 4789
4587 520
4588 139
4589 519
4590 467
4591 537
4592 4822
4593 4754
4594 4822
4595 538
4596 4754
4597 4736
4598 4688
4599 4750
4600 4822
4601 521
4602 4652
4603 4776
4604 4558
4605 4885
4606 296
4607 411
4608 320
4609 259
4610 259
4611 229
4612 4686
4613 261
4614 4004
4615 317
4616 168
4617 2787
4618 3369
4619 336
4620 309
4621 4661
4622 4932
4623 714
4624 259
4625 4927
4626 411
4627 411
4628 185
4629 349
4630 187
4631 539
4632 275
4633 4828
4634 519
4635 519
4636 4822
4637 521
4638 4754
4639 139
4640 521
4641 4896
4642 52
4643 539
4644 467
4645 4776
4646 4556
4647 4780
4648 52
4649 52
4650 411
4651 202
4652 521
4653 4557
4654 4754
4655 4756
4656 360
4657 445
4658 316
4659 313
4660 416
4661 4186
4662 2545
4663 2953
4664 2554
4665 32
4666 106
4667 106
4668 307
4669 387
4670 1835
4671 2953
4672 291
4673 4932
4674 341
4675 333
4676 168
4677 31
4678 106
4679 84
4680 229
4681 4756
4682 201
4683 260
4684 181
4685 4931
4686 4931
4687 260
4688 333
4689 4
4690 319
4691 3081
4692 1627
4693 4558
4694 210
4695 539
4696 339
4697 355
4698 416
4699 4373
4700 1835
4701 2072
4702 391
4703 133
4704 202
4705 173
4706 2803
4707 4558
4708 307
4709 12
4710 309
4711 349
4712 4557
4713 106
4714 85
4715 301
4716 416
4717 4926
4718 416
4719 387
4720 270
4721 259
4722 4927
4723 4927
4724 4932
4725 317
4726 291
4727 167
4728 436
4729 4822
4730 427
4731 173
4732 333
4733 309
4734 416
4735 349
4736 319
4737 52
4738 3355
4739 386
4740 274
4741 319
4742 519
4743 52
4744 52
4745 4931
4746 301
4747 316
4748 4931
4749 384
4750 189
4751 386
4752 173
4753 4661
4754 4727
4755 4931
4756 539
4757 301
4758 4755
4759 317
4760 333
4761 4927
4762 243
4763 4878
4764 4747
4765 52
4766 52
4767 427
4768 296
4769 467
4770 547
4771 142
4772 301
4773 320
4774 320
4775 338
4776 329
4777 296
4778 313
4779 436
4780 2803
4781 183
4782 4680
4783 355
4784 436
4785 4895
4786 301
4787 4931
4788 4747
4789 2953
4790 4783
4791 349
4792 51
4793 168
4794 4805
4795 4628
4796 383
4797 338
4798 411
4799 229
4800 259
4801 229
4802 4876
4803 2029
4804 2070
4805 2803
4806 517
4807 424
4808 319
4809 186
4810 246
4811 309
4812 243
4813 4878
4814 358
4815 106
4816 338
4817 338
4818 2781
4819 427
4820 258
4821 246
4822 411
4823 2803
4824 2803
4825 18
4826 181
4827 42
4828 228
4829 4931
4830 309
4831 181
4832 336
4833 4926
4834 309
4835 18
4836 167
4837 4931
4838 229
4839 4876
4840 316
4841 4927
4842 293
4843 87
4844 4806
4845 106
4846 349
4847 4899
4848 349
4849 54
4850 338
4851 54
4852 349
4853 4899
4854 2073
4855 2950
4856 2953
4857 496
4858 4818
4859 1758
4860 4818
4861 2072
4862 3012
4863 173
4864 258
4865 338
4866 517
4867 3055
4868 2072
4869 3012
4870 260
4871 411
4872 411
4873 255
4874 349
4875 427
4876 4899
4877 349
4878 183
4879 181
4880 18
4881 42
4882 18
4883 4686
4884 316
4885 80
4886 261
4887 316
4888 167
4889 349
4890 349
4891 4806
4892 387
4893 274
4894 181
4895 411
4896 173
4897 4834
4898 229
4899 517
4900 2780
4901 517
4902 2052
4903 4735
4904 387
4905 54
4906 173
4907 338
4908 274
4909 2070
4910 349
4911 185
4912 54
4913 293
4914 164
4915 355
4916 387
4917 2803
4918 52
4919 4806
4920 4880
4921 185
4922 349
4923 4686
4924 173
4925 229
4926 316
4927 54
4928 329
4929 185
4930 349
4931 185
4932 4926
4933 436
4934 185
4935 168
4936 4781
4937 229
4938 416
4939 229
4940 270
4941 309
4942 243
4943 87
4944 3055
4945 228
4946 316
4947 4686
4948 229
4949 173
4950 228
4951 38
4952 4908
4953 106
4954 106
4955 3084
4956 544
4957 3403
4958 3332
4959 3557
4960 189
4961 3084
4962 289
4963 932
4964 3084
4965 3084
4966 3084
4967 3084
4968 139
4969 189
4970 359
4971 517
4972 416
4973 387
4974 866
4975 588
4976 1129
4977 690
4978 793
4979 628
4980 855
4981 821
4982 649
4983 585
4984 4987
4985 745
4986 840
4987 745
4988 889
4989 4990
4990 585
4991 4979
4992 4979
4993 4979
4994 1545
4995 4993
4996 586
4997 669
4998 5006
4999 4979
5000 745
5001 4964
5002 891
5003 1190
5004 4993
5005 585
5006 5015
5007 4979
5008 4977
5009 767
5010 668
5011 594
5012 649
5013 4982
5014 585
5015 585
5016 4987
5017 4979
5018 667
5019 4996
5020 4989
5021 649
5022 4956
5023 4950
5024 4950
5025 4996
5026 5006
5027 840
5028 649
5029 4982
5030 4979
5031 1548
5032 581
5033 812
5034 669
5035 4950
5036 5006
5037 585
5038 940
5039 5006
5040 869
5041 4993
5042 5006
5043 585
5044 581
5045 722
5046 1326
5047 524
5048 1147
5049 1630
5050 2231
5051 452
5052 933
5053 1978
5054 542
5055 4989
5056 828
5057 3074
5058 2224
5059 2897
5060 2464
5061 3074
5062 2897
5063 5039
5064 3465
5065 3465
5066 2387
5067 2863
5068 3465
5069 1242
5070 511
5071 2863
5072 3030
5073 2863
5074 2855
5075 3098
5076 3411
5077 3526
5078 2352
5079 4471
5080 3924
5081 3924
5082 4208
5083 3927
5084 4471
5085 4180
5086 4121
5087 4474
5088 4502
5089 4502
5090 3742
5091 5105
5092 4474
5093 5097
5094 5078
5095 5097
5096 3926
5097 5102
5098 5077
5099 5078
5100 3926
5101 5077
5102 5074
5103 3739
5104 3738
5105 5082
5106 5082
5107 4122
5108 4126
5109 3740
5110 4503
5111 4514
5112 5060
5113 4495
5114 4131
5115 4513
5116 3925
5117 3927
5118 4474
5119 4151
5120 4518
5121 4504
5122 4154
5123 5098
5124 4170
5125 4134
5126 5066
5127 4612
5128 1517
5129 1643
5130 1643
5131 3241
5132 3669
5133 1612
5134 3241
5135 1570
5136 4131
5137 2787
5138 2074
5139 2787
5140 4918
5141 1763
5142 2070
5143 3084
5144 243
5145 420
5146 51
5147 106
5148 2781
5149 2803
5150 2952
5151 392
5152 307
5153 349
5154 4161
5155 5079
5156 1472
5157 5015
5158 4983
5159 5196
5160 1115
5161 4943
5162 2855
5163 5182
5164 2750
5165 5178
5166 5159
5167 5182
5168 2991
5169 2855
5170 2905
5171 2855
5172 2990
5173 3008
5174 5045
5175 5159
5176 2991
5177 5045
5178 5183
5179 5182
5180 2855
5181 5162
5182 2037
5183 5159
5184 5045
5185 5186
5186 5196
5187 1192
5188 5076
5189 106
5190 4965
5191 1766
5192 2176
5193 5078
5194 4780
5195 4822
5196 168
5197 387
5198 168
