0 984
1 228
2 305
3 1670
4 1368
5 1983
6 883
7 1670
8 3385
9 3713
10 4382
11 3938
12 1976
13 1660
14 1834
15 1834
16 581
17 581
18 231
19 387
20 311
21 779
22 310
23 231
24 387
25 387
26 387
27 229
28 229
29 387
30 387
31 170
32 497
33 229
34 886
35 234
36 234
37 387
38 229
39 387
40 231
41 1677
42 229
43 1677
44 1676
45 387
46 1676
47 387
48 1373
49 69
50 3010
51 4157
52 1663
53 2784
54 3010
55 2791
56 2791
57 3010
58 229
59 1521
60 387
61 387
62 229
63 582
64 311
65 169
66 779
67 1996
68 171
69 779
70 311
71 310
72 310
73 984
74 1520
75 984
76 1373
77 229
78 229
79 680
80 1229
81 229
82 229
83 1520
84 69
85 885
86 162
87 1670
88 1367
89 1675
90 310
91 387
92 779
93 311
94 1675
95 1676
96 582
97 1675
98 1675
99 310
100 229
101 1834
102 1677
103 1675
104 387
105 1834
106 581
107 1520
108 1675
109 310
110 779
111 171
112 3847
113 310
114 582
115 984
116 986
117 387
118 387
119 387
120 229
121 231
122 229
123 582
124 582
125 582
126 387
127 582
128 1099
129 4560
130 3941
131 3938
132 2784
133 2353
134 1661
135 1660
136 1357
137 1357
138 1507
139 2353
140 1663
141 1663
142 4382
143 1677
144 387
145 234
146 1373
147 1518
148 1099
149 2791
150 582
151 582
152 1373
153 1371
154 1368
155 71
156 387
157 234
158 234
159 229
160 234
161 497
162 229
163 387
164 387
165 497
166 170
167 170
168 582
169 1676
170 170
171 497
172 171
173 228
174 228
175 226
176 883
177 883
178 310
179 387
180 170
181 497
182 305
183 1099
184 2169
185 2790
186 3008
187 3008
188 4382
189 1663
190 3000
191 2783
192 4371
193 2783
194 2353
195 1660
196 1358
197 1357
198 1502
199 1357
200 5076
201 1507
202 1823
203 3533
204 3352
205 1507
206 1983
207 4388
208 2353
209 4371
210 2165
211 310
212 387
213 231
214 582
215 3897
216 387
217 986
218 1983
219 2791
220 2358
221 779
222 2358
223 2358
224 2791
225 229
226 1676
227 1676
228 167
229 1669
230 4119
231 234
232 779
233 229
234 2358
235 3943
236 3381
237 4371
238 3533
239 582
240 779
241 1373
242 229
243 1986
244 3008
245 3551
246 3939
247 2353
248 2549
249 1823
250 3715
251 779
252 4496
253 387
254 231
255 1365
256 310
257 310
258 2553
259 226
260 1677
261 69
262 1229
263 1986
264 3715
265 3737
266 231
267 582
268 779
269 171
270 1100
271 231
272 2790
273 171
274 2553
275 1370
276 4119
277 310
278 2358
279 3000
280 4382
281 1827
282 3008
283 2784
284 2354
285 2353
286 231
287 169
288 779
289 1677
290 3008
291 680
292 2175
293 1984
294 3381
295 4382
296 3385
297 229
298 234
299 3715
300 226
301 1663
302 2556
303 171
304 168
305 231
306 231
307 229
308 1834
309 310
310 229
311 387
312 310
313 229
314 229
315 1676
316 986
317 986
318 1983
319 4382
320 1986
321 3381
322 3000
323 2354
324 582
325 3715
326 4382
327 2353
328 1676
329 1983
330 3010
331 3382
332 4382
333 581
334 1834
335 1676
336 1676
337 231
338 1983
339 1663
340 1662
341 228
342 2791
343 2353
344 2354
345 168
346 310
347 169
348 582
349 3008
350 310
351 311
352 1663
353 3382
354 4156
355 779
356 231
357 2549
358 2354
359 1507
360 1357
361 1210
362 1072
363 5034
364 5032
365 4821
366 4812
367 5032
368 5032
369 5168
370 5171
371 5171
372 1206
373 1210
374 4840
375 4838
376 4361
377 4815
378 4808
379 5032
380 5032
381 4835
382 4361
383 305
384 305
385 305
386 1661
387 1996
388 3738
389 2354
390 2165
391 2164
392 1358
393 1504
394 1504
395 1212
396 1809
397 1072
398 959
399 1823
400 1823
401 2353
402 3010
403 1983
404 3380
405 1827
406 1676
407 310
408 779
409 235
410 171
411 3380
412 2549
413 3938
414 310
415 171
416 171
417 1360
418 779
419 581
420 3738
421 311
422 311
423 779
424 1663
425 2354
426 2782
427 2784
428 311
429 231
430 310
431 310
432 310
433 1661
434 171
435 235
436 169
437 4384
438 310
439 311
440 310
441 231
442 231
443 231
444 310
445 1507
446 1504
447 2353
448 1660
449 1661
450 2165
451 1359
452 659
453 1507
454 2782
455 4371
456 2354
457 2782
458 2782
459 2353
460 2165
461 1660
462 4382
463 2783
464 2353
465 4634
466 2783
467 4878
468 2353
469 1661
470 1506
471 1212
472 1351
473 1209
474 5171
475 5032
476 2745
477 5002
478 5146
479 4778
480 4979
481 4962
482 4510
483 4742
484 4948
485 4955
486 2303
487 2303
488 2708
489 1932
490 1932
491 742
492 946
493 639
494 191
495 343
496 536
497 725
498 343
499 442
500 195
501 196
502 353
503 353
504 543
505 1767
506 1767
507 1307
508 941
509 941
510 4049
511 3102
512 3102
513 2902
514 3095
515 3095
516 2455
517 1507
518 2549
519 2353
520 2783
521 2783
522 4609
523 2782
524 1219
525 1355
526 4623
527 2783
528 970
529 2783
530 2165
531 1507
532 1358
533 1503
534 1357
535 970
536 1357
537 2164
538 1661
539 2782
540 2783
541 1359
542 1357
543 959
544 1220
545 2165
546 1505
547 2783
548 2164
549 1661
550 970
551 2783
552 1219
553 1507
554 1212
555 1072
556 1803
557 959
558 1206
559 4821
560 331
561 50
562 50
563 694
564 694
565 694
566 79
567 50
568 415
569 331
570 598
571 1111
572 421
573 90
574 50
575 596
576 418
577 418
578 255
579 600
580 1390
581 600
582 792
583 1001
584 1391
585 1001
586 1698
587 2010
588 3212
589 2579
590 3212
591 3212
592 3577
593 3577
594 3953
595 3026
596 3033
597 3769
598 4435
599 2403
600 2605
601 3597
602 1874
603 2830
604 2223
605 2610
606 2405
607 2605
608 50
609 598
610 27
611 249
612 90
613 50
614 600
615 90
616 90
617 27
618 34
619 27
620 596
621 596
622 247
623 27
624 413
625 90
626 94
627 413
628 413
629 27
630 9
631 78
632 78
633 9
634 27
635 413
636 2
637 9
638 2165
639 2165
640 697
641 509
642 255
643 94
644 1542
645 415
646 2381
647 1391
648 2382
649 2379
650 899
651 598
652 598
653 0
654 421
655 2382
656 341
657 425
658 608
659 1124
660 1550
661 421
662 1542
663 1390
664 600
665 1390
666 792
667 1004
668 1111
669 1392
670 1698
671 799
672 1855
673 1123
674 3971
675 4191
676 1658
677 1087
678 959
679 1207
680 1805
681 1207
682 658
683 1072
684 596
685 25
686 255
687 34
688 13
689 26
690 0
691 1210
692 6
693 50
694 694
695 1661
696 1661
697 694
698 14
699 960
700 2812
701 1697
702 2382
703 794
704 702
705 2813
706 2813
707 605
708 1004
709 1004
710 1698
711 1505
712 1355
713 659
714 1492
715 78
716 9
717 78
718 9
719 9
720 596
721 78
722 247
723 189
724 793
725 340
726 94
727 7
728 793
729 421
730 515
731 2381
732 430
733 2353
734 1697
735 608
736 1004
737 1698
738 1111
739 1251
740 2816
741 803
742 1549
743 78
744 9
745 78
746 246
747 94
748 26
749 515
750 2811
751 55
752 508
753 413
754 78
755 14
756 596
757 21
758 2783
759 425
760 9
761 9
762 78
763 2353
764 2353
765 1507
766 2381
767 1391
768 1504
769 1087
770 1087
771 4838
772 1209
773 1206
774 1637
775 27
776 658
777 960
778 1809
779 1805
780 1507
781 1855
782 904
783 1357
784 1951
785 1207
786 9
787 970
788 1359
789 431
790 707
791 421
792 94
793 6
794 78
795 9
796 9
797 77
798 596
799 27
800 27
801 27
802 27
803 1661
804 1661
805 1357
806 1087
807 1351
808 959
809 4838
810 1949
811 27
812 1698
813 2011
814 2011
815 1251
816 1357
817 1355
818 959
819 614
820 705
821 413
822 84
823 2353
824 2165
825 1861
826 77
827 77
828 2353
829 1661
830 1823
831 1087
832 1212
833 1210
834 9
835 608
836 702
837 341
838 702
839 959
840 78
841 706
842 909
843 1715
844 2830
845 1716
846 2388
847 658
848 1086
849 970
850 1660
851 1220
852 1359
853 50
854 50
855 13
856 9
857 508
858 702
859 2353
860 1660
861 1090
862 1504
863 1357
864 1010
865 803
866 3212
867 2579
868 1087
869 6
870 803
871 1357
872 1219
873 1550
874 2584
875 2816
876 1250
877 340
878 907
879 1260
880 1357
881 1492
882 5032
883 2011
884 608
885 614
886 614
887 608
888 420
889 1003
890 1003
891 790
892 1391
893 1550
894 1207
895 2381
896 1506
897 1658
898 1121
899 1705
900 2388
901 705
902 2164
903 2549
904 1661
905 1507
906 1212
907 1210
908 959
909 5171
910 2141
911 5032
912 1207
913 1210
914 1086
915 659
916 659
917 1359
918 1660
919 1507
920 1359
921 1660
922 1358
923 1210
924 1207
925 1637
926 970
927 2207
928 959
929 2207
930 706
931 1086
932 871
933 1086
934 1087
935 1219
936 1121
937 4166
938 13
939 245
940 27
941 245
942 90
943 1542
944 2381
945 608
946 2816
947 2816
948 3033
949 4674
950 1863
951 4674
952 1861
953 702
954 423
955 2811
956 1660
957 1823
958 1357
959 659
960 1212
961 1207
962 5032
963 2745
964 2207
965 1715
966 4188
967 4185
968 5032
969 1492
970 5174
971 959
972 4875
973 5090
974 2164
975 1086
976 1210
977 1210
978 871
979 496
980 871
981 4882
982 4390
983 3944
984 771
985 1097
986 675
987 771
988 3946
989 674
990 1376
991 2570
992 1094
993 25
994 254
995 413
996 1867
997 4423
998 1123
999 2585
1000 3033
1001 4664
1002 2821
1003 3033
1004 3749
1005 793
1006 2827
1007 2164
1008 3605
1009 3605
1010 3780
1011 3780
1012 2402
1013 3605
1014 3606
1015 4212
1016 3608
1017 3427
1018 2033
1019 3607
1020 3244
1021 2848
1022 3428
1023 4450
1024 3612
1025 3792
1026 2642
1027 3261
1028 2873
1029 1890
1030 2255
1031 2883
1032 1422
1033 1026
1034 3989
1035 2845
1036 3246
1037 3608
1038 1874
1039 2217
1040 3234
1041 2402
1042 3045
1043 3769
1044 605
1045 2207
1046 3605
1047 3606
1048 3606
1049 2612
1050 3607
1051 3420
1052 4212
1053 2610
1054 3234
1055 2402
1056 3045
1057 2403
1058 2402
1059 3045
1060 2610
1061 3607
1062 4215
1063 2402
1064 2845
1065 3607
1066 3605
1067 3047
1068 3780
1069 3989
1070 4185
1071 4185
1072 1505
1073 1212
1074 3428
1075 3430
1076 3427
1077 4458
1078 3612
1079 3066
1080 4217
1081 3612
1082 4460
1083 4000
1084 4003
1085 3261
1086 4463
1087 3261
1088 3261
1089 2243
1090 2244
1091 4004
1092 4719
1093 4719
1094 3797
1095 3045
1096 2222
1097 2590
1098 3033
1099 4400
1100 2164
1101 1660
1102 1507
1103 1507
1104 970
1105 3608
1106 3428
1107 3250
1108 2634
1109 2858
1110 5118
1111 3249
1112 1351
1113 1351
1114 2610
1115 2382
1116 3212
1117 899
1118 1699
1119 2403
1120 2403
1121 1861
1122 3584
1123 899
1124 599
1125 605
1126 1116
1127 899
1128 2580
1129 94
1130 90
1131 26
1132 94
1133 2382
1134 257
1135 1090
1136 1219
1137 1661
1138 3787
1139 4458
1140 960
1141 959
1142 659
1143 5085
1144 5086
1145 1660
1146 1219
1147 960
1148 1871
1149 2035
1150 2402
1151 3993
1152 3607
1153 1123
1154 903
1155 608
1156 1260
1157 3427
1158 3427
1159 2845
1160 2403
1161 2612
1162 1072
1163 1072
1164 959
1165 2164
1166 605
1167 2406
1168 3427
1169 3607
1170 1716
1171 2223
1172 1874
1173 3775
1174 4428
1175 3769
1176 4188
1177 4180
1178 1550
1179 2610
1180 1358
1181 1358
1182 2830
1183 1072
1184 4427
1185 4428
1186 3577
1187 4166
1188 420
1189 899
1190 255
1191 420
1192 516
1193 899
1194 516
1195 516
1196 608
1197 901
1198 3430
1199 1550
1200 1860
1201 3420
1202 4000
1203 3993
1204 3047
1205 702
1206 4460
1207 3615
1208 3797
1209 4704
1210 4710
1211 3436
1212 3608
1213 3427
1214 3612
1215 4460
1216 2836
1217 2830
1218 901
1219 3244
1220 3080
1221 3803
1222 2643
1223 4235
1224 3627
1225 2875
1226 2877
1227 1131
1228 1415
1229 1891
1230 1026
1231 1024
1232 621
1233 1025
1234 622
1235 1151
1236 1153
1237 1036
1238 1035
1239 1035
1240 631
1241 529
1242 815
1243 717
1244 529
1245 530
1246 1153
1247 1153
1248 929
1249 819
1250 2875
1251 1262
1252 3627
1253 3803
1254 4458
1255 2409
1256 4695
1257 3607
1258 4458
1259 1359
1260 4238
1261 705
1262 1123
1263 703
1264 2643
1265 3079
1266 2650
1267 2873
1268 2240
1269 703
1270 1863
1271 2207
1272 1860
1273 4400
1274 3953
1275 3572
1276 3577
1277 4461
1278 4704
1279 1871
1280 2223
1281 2403
1282 3051
1283 3778
1284 2034
1285 1805
1286 4722
1287 3615
1288 2635
1289 3612
1290 2049
1291 1357
1292 1357
1293 3072
1294 2441
1295 3086
1296 3097
1297 4237
1298 4472
1299 2830
1300 2830
1301 4202
1302 4705
1303 5118
1304 4000
1305 2642
1306 3791
1307 2165
1308 1660
1309 1660
1310 2441
1311 3090
1312 1902
1313 730
1314 1571
1315 1878
1316 3086
1317 2651
1318 1505
1319 1212
1320 1351
1321 2651
1322 2877
1323 2654
1324 2253
1325 2207
1326 959
1327 3791
1328 4214
1329 2635
1330 3271
1331 2242
1332 4722
1333 4235
1334 2610
1335 803
1336 614
1337 1715
1338 3971
1339 1861
1340 4180
1341 2441
1342 3971
1343 2591
1344 3972
1345 2253
1346 3436
1347 4231
1348 1275
1349 1854
1350 2827
1351 3597
1352 5032
1353 2402
1354 2643
1355 2646
1356 4710
1357 1399
1358 814
1359 5118
1360 3612
1361 1087
1362 1087
1363 1086
1364 2610
1365 658
1366 1860
1367 959
1368 1207
1369 4192
1370 2164
1371 2610
1372 1861
1373 2875
1374 5044
1375 2875
1376 970
1377 970
1378 1505
1379 1087
1380 1210
1381 1087
1382 1505
1383 2845
1384 4005
1385 1857
1386 2654
1387 4821
1388 5178
1389 5145
1390 4808
1391 4808
1392 4815
1393 3912
1394 3521
1395 4124
1396 3359
1397 3361
1398 2989
1399 1811
1400 4423
1401 4180
1402 2207
1403 2830
1404 2875
1405 3590
1406 4400
1407 2639
1408 1878
1409 2244
1410 3430
1411 3430
1412 2853
1413 3246
1414 1871
1415 2657
1416 3801
1417 5032
1418 2324
1419 2650
1420 2745
1421 4458
1422 5032
1423 3787
1424 3778
1425 1860
1426 1275
1427 1144
1428 1948
1429 5013
1430 2745
1431 3263
1432 1020
1433 1136
1434 1026
1435 3428
1436 2056
1437 4471
1438 4710
1439 4231
1440 1861
1441 3086
1442 2650
1443 1878
1444 1133
1445 1880
1446 2253
1447 1757
1448 3769
1449 4231
1450 3625
1451 3803
1452 1123
1453 3033
1454 4004
1455 3797
1456 2235
1457 2424
1458 1416
1459 2875
1460 528
1461 522
1462 1038
1463 819
1464 816
1465 818
1466 526
1467 1144
1468 960
1469 2828
1470 1860
1471 3749
1472 2378
1473 1860
1474 3029
1475 1119
1476 3033
1477 1123
1478 1860
1479 4427
1480 3409
1481 4191
1482 4674
1483 4185
1484 3971
1485 3989
1486 3420
1487 1398
1488 3097
1489 2745
1490 2324
1491 2315
1492 2514
1493 2510
1494 1066
1495 1461
1496 639
1497 741
1498 4664
1499 2585
1500 3234
1501 2828
1502 3597
1503 4003
1504 3769
1505 2965
1506 2322
1507 5156
1508 2132
1509 2962
1510 2965
1511 5166
1512 1210
1513 1090
1514 871
1515 1507
1516 1220
1517 5145
1518 5178
1519 4763
1520 4972
1521 4091
1522 4296
1523 3123
1524 2708
1525 2490
1526 3311
1527 941
1528 941
1529 4399
1530 4209
1531 4166
1532 1560
1533 3045
1534 3509
1535 2315
1536 2128
1537 2315
1538 2962
1539 3026
1540 4400
1541 3577
1542 3572
1543 3749
1544 3212
1545 3751
1546 3751
1547 2198
1548 2378
1549 2965
1550 2745
1551 5033
1552 3420
1553 917
1554 540
1555 3045
1556 1902
1557 3333
1558 3329
1559 4538
1560 2932
1561 1615
1562 639
1563 740
1564 3671
1565 1171
1566 3780
1567 3622
1568 2610
1569 3605
1570 2962
1571 4461
1572 4461
1573 434
1574 5156
1575 4450
1576 3783
1577 3792
1578 2632
1579 2236
1580 2427
1581 522
1582 3606
1583 5032
1584 5032
1585 2324
1586 5032
1587 5145
1588 3333
1589 3327
1590 2132
1591 3606
1592 2416
1593 2610
1594 3612
1595 5118
1596 1087
1597 1210
1598 959
1599 4838
1600 5171
1601 1207
1602 5034
1603 1206
1604 1809
1605 1207
1606 5180
1607 5032
1608 3428
1609 5032
1610 1949
1611 1757
1612 2315
1613 4199
1614 2410
1615 2416
1616 960
1617 1210
1618 1637
1619 730
1620 2745
1621 3778
1622 2051
1623 4215
1624 2050
1625 806
1626 622
1627 5171
1628 5032
1629 2745
1630 5171
1631 2324
1632 5085
1633 195
1634 739
1635 636
1636 1207
1637 959
1638 1207
1639 959
1640 3097
1641 4435
1642 2440
1643 5002
1644 959
1645 5171
1646 2324
1647 3244
1648 4214
1649 5171
1650 5171
1651 1949
1652 2965
1653 739
1654 1446
1655 3776
1656 3250
1657 2855
1658 2840
1659 1219
1660 2164
1661 2165
1662 739
1663 845
1664 946
1665 1615
1666 745
1667 851
1668 2308
1669 2500
1670 2507
1671 2315
1672 2510
1673 2630
1674 4461
1675 4461
1676 4001
1677 2836
1678 3989
1679 2605
1680 3791
1681 1567
1682 1274
1683 3608
1684 2737
1685 4877
1686 1607
1687 1767
1688 2745
1689 2962
1690 2516
1691 2510
1692 2510
1693 3506
1694 3695
1695 4984
1696 4322
1697 4091
1698 851
1699 851
1700 2498
1701 1316
1702 1063
1703 547
1704 2514
1705 3421
1706 3625
1707 3420
1708 636
1709 1072
1710 1507
1711 4886
1712 1822
1713 1219
1714 2164
1715 1219
1716 659
1717 959
1718 959
1719 195
1720 641
1721 743
1722 3420
1723 4471
1724 2655
1725 5168
1726 2848
1727 659
1728 871
1729 1086
1730 351
1731 548
1732 945
1733 639
1734 2510
1735 1066
1736 745
1737 639
1738 3436
1739 959
1740 4296
1741 2708
1742 2937
1743 3987
1744 345
1745 345
1746 195
1747 195
1748 454
1749 2406
1750 1320
1751 851
1752 2501
1753 3606
1754 921
1755 813
1756 1660
1757 456
1758 454
1759 547
1760 2510
1761 615
1762 849
1763 456
1764 2510
1765 2507
1766 3681
1767 3137
1768 4005
1769 3329
1770 3451
1771 1757
1772 2141
1773 745
1774 3137
1775 3137
1776 2653
1777 2252
1778 3079
1779 2251
1780 1637
1781 1219
1782 4886
1783 1086
1784 2935
1785 639
1786 3783
1787 3787
1788 1443
1789 2962
1790 970
1791 4215
1792 2507
1793 2501
1794 3506
1795 444
1796 627
1797 3283
1798 1133
1799 1262
1800 1718
1801 4233
1802 2322
1803 2745
1804 5156
1805 659
1806 871
1807 4461
1808 5149
1809 3079
1810 730
1811 454
1812 2410
1813 4227
1814 3990
1815 639
1816 5168
1817 5171
1818 5047
1819 5049
1820 2514
1821 5032
1822 4005
1823 4004
1824 454
1825 4878
1826 3625
1827 2409
1828 4025
1829 719
1830 195
1831 3605
1832 5151
1833 5149
1834 2510
1835 197
1836 2409
1837 5149
1838 5002
1839 5178
1840 5009
1841 5022
1842 445
1843 932
1844 1153
1845 1147
1846 929
1847 818
1848 2514
1849 2164
1850 4648
1851 2410
1852 2673
1853 1891
1854 708
1855 4214
1856 4461
1857 2630
1858 4220
1859 4471
1860 5164
1861 1767
1862 1446
1863 2050
1864 658
1865 5148
1866 3073
1867 195
1868 195
1869 5171
1870 5164
1871 2244
1872 659
1873 4227
1874 4233
1875 3436
1876 3261
1877 5168
1878 5168
1879 5171
1880 4840
1881 4840
1882 1210
1883 5168
1884 1307
1885 2248
1886 454
1887 1661
1888 4227
1889 2874
1890 2653
1891 2882
1892 3092
1893 2884
1894 2248
1895 2501
1896 1136
1897 1131
1898 195
1899 195
1900 278
1901 2128
1902 3801
1903 1607
1904 3097
1905 2243
1906 2251
1907 1414
1908 1727
1909 2252
1910 2132
1911 806
1912 806
1913 825
1914 193
1915 536
1916 932
1917 932
1918 932
1919 1035
1920 932
1921 453
1922 195
1923 2872
1924 2253
1925 527
1926 3832
1927 1274
1928 3506
1929 4544
1930 3506
1931 5149
1932 4982
1933 4972
1934 3866
1935 4302
1936 4749
1937 4290
1938 2925
1939 4982
1940 4763
1941 2654
1942 349
1943 346
1944 193
1945 3315
1946 4821
1947 450
1948 1024
1949 345
1950 195
1951 195
1952 1066
1953 745
1954 1358
1955 1086
1956 1357
1957 1507
1958 5093
1959 5061
1960 5061
1961 2082
1962 2315
1963 349
1964 343
1965 343
1966 349
1967 195
1968 195
1969 195
1970 454
1971 195
1972 195
1973 268
1974 268
1975 196
1976 195
1977 277
1978 1210
1979 2863
1980 659
1981 1086
1982 659
1983 4878
1984 960
1985 2439
1986 3626
1987 3078
1988 2510
1989 2433
1990 2243
1991 959
1992 3261
1993 5086
1994 2235
1995 3137
1996 4982
1997 818
1998 1066
1999 1507
2000 1219
2001 1212
2002 4231
2003 3620
2004 5002
2005 2519
2006 2745
2007 2128
2008 548
2009 201
2010 278
2011 433
2012 1037
2013 454
2014 871
2015 871
2016 4878
2017 1976
2018 3442
2019 3137
2020 1593
2021 345
2022 3435
2023 4091
2024 2322
2025 345
2026 536
2027 630
2028 268
2029 456
2030 1507
2031 2516
2032 3327
2033 3626
2034 529
2035 3642
2036 2883
2037 2455
2038 1152
2039 454
2040 4886
2041 742
2042 3079
2043 1207
2044 3261
2045 529
2046 1152
2047 1025
2048 1032
2049 196
2050 456
2051 277
2052 456
2053 456
2054 4091
2055 4544
2056 3506
2057 740
2058 2745
2059 1025
2060 456
2061 454
2062 195
2063 639
2064 547
2065 454
2066 1063
2067 946
2068 946
2069 639
2070 195
2071 946
2072 195
2073 100
2074 102
2075 100
2076 343
2077 1072
2078 5093
2079 659
2080 2252
2081 2510
2082 2252
2083 2872
2084 658
2085 450
2086 1153
2087 4237
2088 1376
2089 1100
2090 980
2091 2563
2092 1831
2093 1365
2094 1362
2095 1676
2096 1379
2097 1380
2098 1380
2099 2563
2100 2565
2101 2567
2102 2570
2103 2568
2104 1841
2105 988
2106 1376
2107 1678
2108 1377
2109 385
2110 1677
2111 1839
2112 1525
2113 2177
2114 1226
2115 3194
2116 3741
2117 4163
2118 4390
2119 1677
2120 1677
2121 1232
2122 1373
2123 1678
2124 1994
2125 1370
2126 308
2127 1678
2128 3801
2129 1020
2130 126
2131 5032
2132 5032
2133 193
2134 725
2135 932
2136 932
2137 725
2138 932
2139 454
2140 1377
2141 680
2142 1099
2143 2363
2144 884
2145 1571
2146 4020
2147 5002
2148 5166
2149 1996
2150 2177
2151 1226
2152 1365
2153 3744
2154 1839
2155 1681
2156 3075
2157 4982
2158 2904
2159 3329
2160 5156
2161 5156
2162 5166
2163 5036
2164 1072
2165 1207
2166 827
2167 2244
2168 3195
2169 3383
2170 1675
2171 1524
2172 1365
2173 774
2174 1365
2175 3741
2176 3744
2177 987
2178 5091
2179 960
2180 5049
2181 277
2182 659
2183 1357
2184 487
2185 2563
2186 1099
2187 1987
2188 308
2189 1518
2190 2797
2191 3329
2192 3506
2193 5002
2194 195
2195 454
2196 1153
2197 530
2198 2516
2199 5086
2200 1358
2201 871
2202 1086
2203 778
2204 1528
2205 486
2206 2563
2207 385
2208 684
2209 5075
2210 3265
2211 2507
2212 630
2213 1024
2214 818
2215 673
2216 1226
2217 380
2218 165
2219 385
2220 381
2221 309
2222 3747
2223 584
2224 3567
2225 2181
2226 1234
2227 1221
2228 488
2229 490
2230 3744
2231 959
2232 385
2233 379
2234 575
2235 1836
2236 3747
2237 2565
2238 1226
2239 1528
2240 487
2241 70
2242 166
2243 497
2244 2363
2245 984
2246 1839
2247 1677
2248 1677
2249 1373
2250 1677
2251 1520
2252 1520
2253 986
2254 1993
2255 583
2256 1382
2257 2372
2258 3567
2259 3018
2260 3018
2261 3568
2262 3392
2263 3569
2264 1839
2265 1219
2266 5088
2267 1234
2268 871
2269 4840
2270 658
2271 4161
2272 3946
2273 487
2274 1371
2275 2363
2276 1371
2277 1677
2278 1373
2279 487
2280 573
2281 1987
2282 742
2283 3838
2284 277
2285 351
2286 1361
2287 1220
2288 1090
2289 237
2290 320
2291 2563
2292 379
2293 489
2294 881
2295 883
2296 2563
2297 385
2298 1836
2299 2002
2300 684
2301 1382
2302 3016
2303 2180
2304 986
2305 1993
2306 1839
2307 3194
2308 1018
2309 1415
2310 1276
2311 1026
2312 1026
2313 621
2314 1029
2315 2367
2316 1365
2317 305
2318 1210
2319 1210
2320 3742
2321 3564
2322 1370
2323 3384
2324 4395
2325 4161
2326 4861
2327 2873
2328 1927
2329 3671
2330 4286
2331 4783
2332 2563
2333 385
2334 929
2335 931
2336 1995
2337 980
2338 3383
2339 3561
2340 1102
2341 1836
2342 1987
2343 5164
2344 916
2345 1447
2346 268
2347 1267
2348 3741
2349 1531
2350 1219
2351 503
2352 1362
2353 3561
2354 3948
2355 684
2356 503
2357 5086
2358 1087
2359 659
2360 3742
2361 1989
2362 1527
2363 879
2364 1890
2365 2250
2366 2446
2367 2937
2368 5005
2369 5005
2370 5032
2371 574
2372 230
2373 5089
2374 4877
2375 4877
2376 3077
2377 5017
2378 1066
2379 745
2380 1220
2381 2369
2382 1236
2383 4163
2384 2566
2385 1415
2386 3647
2387 3469
2388 1066
2389 486
2390 575
2391 486
2392 573
2393 69
2394 69
2395 1097
2396 380
2397 164
2398 304
2399 70
2400 491
2401 307
2402 306
2403 576
2404 2563
2405 573
2406 318
2407 318
2408 674
2409 1221
2410 3565
2411 344
2412 454
2413 929
2414 1359
2415 970
2416 4163
2417 2248
2418 3646
2419 538
2420 277
2421 345
2422 1207
2423 918
2424 1995
2425 771
2426 1362
2427 2507
2428 201
2429 1221
2430 821
2431 1031
2432 2873
2433 1379
2434 3016
2435 2248
2436 5047
2437 3095
2438 3281
2439 4992
2440 635
2441 1365
2442 576
2443 304
2444 1365
2445 1365
2446 195
2447 1359
2448 970
2449 2797
2450 4812
2451 487
2452 492
2453 1219
2454 871
2455 970
2456 1997
2457 1531
2458 1531
2459 496
2460 3741
2461 1226
2462 196
2463 1086
2464 583
2465 2565
2466 2565
2467 1219
2468 312
2469 659
2470 970
2471 871
2472 1026
2473 4882
2474 941
2475 345
2476 193
2477 815
2478 1024
2479 959
2480 3944
2481 771
2482 2565
2483 1415
2484 3334
2485 503
2486 871
2487 1086
2488 1035
2489 931
2490 1414
2491 5047
2492 2516
2493 2965
2494 456
2495 193
2496 1376
2497 2490
2498 4578
2499 2965
2500 102
2501 4768
2502 1090
2503 932
2504 5036
2505 1152
2506 1152
2507 1223
2508 2446
2509 2466
2510 3292
2511 2962
2512 2324
2513 1290
2514 929
2515 929
2516 1148
2517 3204
2518 3745
2519 3201
2520 2365
2521 3556
2522 1363
2523 1782
2524 1782
2525 241
2526 317
2527 575
2528 240
2529 2141
2530 1415
2531 2372
2532 5081
2533 3202
2534 4091
2535 3103
2536 3469
2537 3103
2538 773
2539 3329
2540 277
2541 456
2542 850
2543 851
2544 851
2545 850
2546 821
2547 928
2548 818
2549 1270
2550 5075
2551 1094
2552 3290
2553 745
2554 456
2555 1063
2556 191
2557 1422
2558 1030
2559 779
2560 2370
2561 2184
2562 1107
2563 2372
2564 588
2565 1996
2566 2184
2567 2570
2568 2570
2569 4390
2570 3565
2571 2559
2572 3017
2573 3491
2574 4534
2575 4309
2576 4760
2577 5168
2578 1207
2579 1207
2580 1207
2581 1212
2582 1357
2583 5089
2584 1207
2585 2563
2586 3825
2587 5146
2588 5156
2589 3204
2590 2802
2591 5032
2592 5168
2593 1072
2594 5075
2595 3201
2596 4972
2597 4762
2598 4762
2599 4758
2600 4767
2601 4970
2602 4962
2603 3283
2604 320
2605 881
2606 1365
2607 576
2608 456
2609 819
2610 5049
2611 5032
2612 2322
2613 1152
2614 712
2615 820
2616 1148
2617 1572
2618 712
2619 3202
2620 3017
2621 5145
2622 1525
2623 344
2624 2321
2625 1086
2626 959
2627 1207
2628 1026
2629 2054
2630 3201
2631 2564
2632 3747
2633 307
2634 309
2635 317
2636 237
2637 237
2638 871
2639 871
2640 642
2641 2372
2642 1148
2643 1032
2644 1020
2645 2372
2646 2565
2647 3491
2648 5146
2649 1219
2650 173
2651 1236
2652 771
2653 587
2654 674
2655 379
2656 659
2657 2446
2658 1270
2659 2291
2660 4286
2661 2482
2662 882
2663 488
2664 576
2665 166
2666 164
2667 268
2668 100
2669 268
2670 658
2671 719
2672 4163
2673 3946
2674 3193
2675 2563
2676 3745
2677 4778
2678 4986
2679 386
2680 497
2681 2510
2682 197
2683 1149
2684 1149
2685 1149
2686 1031
2687 1428
2688 1586
2689 1428
2690 527
2691 1147
2692 1147
2693 1149
2694 1029
2695 5061
2696 5074
2697 3193
2698 3459
2699 3283
2700 3459
2701 3833
2702 4048
2703 2466
2704 2904
2705 1221
2706 197
2707 1207
2708 3195
2709 1097
2710 3316
2711 4578
2712 119
2713 5145
2714 4986
2715 2979
2716 4760
2717 4986
2718 4984
2719 489
2720 164
2721 344
2722 4971
2723 5148
2724 71
2725 573
2726 970
2727 658
2728 1357
2729 3944
2730 2714
2731 4296
2732 4294
2733 5157
2734 3334
2735 277
2736 548
2737 1086
2738 1031
2739 1152
2740 1151
2741 1428
2742 1428
2743 527
2744 621
2745 623
2746 2444
2747 2650
2748 4028
2749 1432
2750 1029
2751 4840
2752 5074
2753 3946
2754 4090
2755 4516
2756 4979
2757 487
2758 3502
2759 1152
2760 659
2761 1505
2762 1107
2763 5047
2764 5171
2765 959
2766 2799
2767 3015
2768 1066
2769 851
2770 454
2771 547
2772 5181
2773 4885
2774 5061
2775 3746
2776 4812
2777 4986
2778 2510
2779 3502
2780 850
2781 196
2782 1152
2783 3017
2784 1036
2785 932
2786 725
2787 343
2788 453
2789 3311
2790 2915
2791 1920
2792 833
2793 4936
2794 5130
2795 4949
2796 1290
2797 1320
2798 4812
2799 126
2800 380
2801 3137
2802 314
2803 536
2804 1171
2805 1782
2806 1171
2807 1459
2808 2490
2809 1171
2810 453
2811 453
2812 191
2813 725
2814 537
2815 932
2816 932
2817 851
2818 959
2819 5168
2820 5168
2821 5171
2822 230
2823 396
2824 932
2825 5149
2826 465
2827 465
2828 465
2829 1797
2830 4998
2831 4984
2832 2979
2833 1797
2834 1797
2835 659
2836 4986
2837 1838
2838 5002
2839 3880
2840 4984
2841 4984
2842 3334
2843 3880
2844 2570
2845 4877
2846 3095
2847 2893
2848 2891
2849 2893
2850 3281
2851 3646
2852 3642
2853 2656
2854 2253
2855 2266
2856 3280
2857 2879
2858 2252
2859 2050
2860 3091
2861 3096
2862 3286
2863 3283
2864 4965
2865 4760
2866 1639
2867 4984
2868 4553
2869 4984
2870 4777
2871 4578
2872 2313
2873 307
2874 490
2875 380
2876 980
2877 486
2878 881
2879 745
2880 1063
2881 1063
2882 2303
2883 1152
2884 3314
2885 4078
2886 4777
2887 2476
2888 4053
2889 3104
2890 3649
2891 2905
2892 724
2893 932
2894 932
2895 343
2896 2372
2897 3671
2898 4578
2899 490
2900 554
2901 1035
2902 2255
2903 1276
2904 1892
2905 1422
2906 2882
2907 1891
2908 1422
2909 1277
2910 1277
2911 1029
2912 2054
2913 2659
2914 2255
2915 1422
2916 2882
2917 2252
2918 2251
2919 2047
2920 2653
2921 1017
2922 3442
2923 2240
2924 1719
2925 1560
2926 4879
2927 3123
2928 4949
2929 4950
2930 4949
2931 4286
2932 5134
2933 970
2934 3502
2935 1064
2936 1151
2937 1141
2938 1277
2939 584
2940 1107
2941 1023
2942 2446
2943 3195
2944 2455
2945 3838
2946 3290
2947 486
2948 946
2949 742
2950 191
2951 453
2952 192
2953 456
2954 851
2955 4296
2956 3316
2957 1035
2958 454
2959 102
2960 1138
2961 621
2962 1571
2963 2253
2964 2651
2965 3807
2966 3078
2967 3079
2968 1567
2969 1416
2970 2440
2971 2444
2972 2050
2973 1429
2974 2372
2975 5093
2976 2880
2977 3204
2978 674
2979 5032
2980 3680
2981 3282
2982 4774
2983 314
2984 317
2985 630
2986 1032
2987 1287
2988 1290
2989 2883
2990 2255
2991 2264
2992 4742
2993 4294
2994 537
2995 1316
2996 1086
2997 959
2998 659
2999 621
3000 391
3001 1531
3002 4091
3003 850
3004 1152
3005 1152
3006 1892
3007 2370
3008 2256
3009 4984
3010 2507
3011 343
3012 343
3013 191
3014 195
3015 3866
3016 454
3017 102
3018 1290
3019 1207
3020 1207
3021 1841
3022 1097
3023 3746
3024 3746
3025 3017
3026 2563
3027 2365
3028 881
3029 2566
3030 3468
3031 3464
3032 771
3033 2937
3034 1207
3035 1022
3036 3560
3037 486
3038 2363
3039 2797
3040 3746
3041 165
3042 1036
3043 960
3044 623
3045 433
3046 4039
3047 4484
3048 432
3049 2253
3050 2650
3051 1411
3052 2652
3053 3017
3054 3469
3055 191
3056 639
3057 1087
3058 1422
3059 2048
3060 5168
3061 2490
3062 3671
3063 4962
3064 5017
3065 2322
3066 5166
3067 959
3068 2141
3069 2324
3070 1063
3071 1525
3072 1029
3073 1998
3074 2570
3075 4877
3076 3201
3077 770
3078 1221
3079 946
3080 639
3081 195
3082 102
3083 1097
3084 3871
3085 1236
3086 5171
3087 524
3088 716
3089 1571
3090 4163
3091 2446
3092 4512
3093 5002
3094 1035
3095 3204
3096 1365
3097 486
3098 2563
3099 2563
3100 3745
3101 3746
3102 1836
3103 379
3104 2563
3105 72
3106 237
3107 2303
3108 1997
3109 5093
3110 1531
3111 526
3112 1277
3113 2251
3114 2303
3115 639
3116 1236
3117 4881
3118 1414
3119 1415
3120 3811
3121 3814
3122 2446
3123 3092
3124 119
3125 3290
3126 3137
3127 4509
3128 4528
3129 1997
3130 2048
3131 2649
3132 3944
3133 3747
3134 1365
3135 385
3136 385
3137 176
3138 3391
3139 1843
3140 4840
3141 5184
3142 1212
3143 1210
3144 1207
3145 3811
3146 1890
3147 4016
3148 3632
3149 2874
3150 4812
3151 5145
3152 4998
3153 486
3154 919
3155 1212
3156 2048
3157 1380
3158 5032
3159 5032
3160 5168
3161 4812
3162 1916
3163 2915
3164 4276
3165 4276
3166 386
3167 396
3168 5168
3169 1212
3170 5068
3171 1087
3172 1414
3173 3137
3174 717
3175 1236
3176 1210
3177 1987
3178 3204
3179 3314
3180 4749
3181 947
3182 946
3183 1035
3184 1154
3185 633
3186 530
3187 1035
3188 5032
3189 1034
3190 627
3191 627
3192 1889
3193 2440
3194 1567
3195 1997
3196 1355
3197 1212
3198 2174
3199 308
3200 1373
3201 308
3202 1833
3203 573
3204 3017
3205 4503
3206 770
3207 3652
3208 1039
3209 3820
3210 1440
3211 1039
3212 631
3213 1039
3214 1086
3215 674
3216 5145
3217 5005
3218 4984
3219 3314
3220 618
3221 2873
3222 5074
3223 2439
3224 3084
3225 1567
3226 3636
3227 3460
3228 3827
3229 4754
3230 1361
3231 3861
3232 2303
3233 620
3234 3442
3235 1365
3236 2363
3237 3647
3238 379
3239 126
3240 555
3241 5152
3242 4579
3243 4808
3244 1797
3245 1797
3246 1797
3247 1797
3248 4579
3249 3518
3250 2526
3251 5171
3252 2303
3253 3747
3254 530
3255 1207
3256 773
3257 3951
3258 1131
3259 1721
3260 1878
3261 4471
3262 3948
3263 3747
3264 3442
3265 4235
3266 2639
3267 2858
3268 3066
3269 4214
3270 4451
3271 3989
3272 3787
3273 3607
3274 4212
3275 3427
3276 4704
3277 2248
3278 3129
3279 343
3280 192
3281 191
3282 453
3283 343
3284 3946
3285 881
3286 3744
3287 2563
3288 3560
3289 674
3290 3744
3291 2174
3292 2563
3293 3744
3294 3741
3295 2248
3296 3561
3297 1212
3298 1502
3299 659
3300 1989
3301 3626
3302 2863
3303 4000
3304 3427
3305 4451
3306 3047
3307 3242
3308 2832
3309 2610
3310 4212
3311 2648
3312 3096
3313 3470
3314 3502
3315 726
3316 827
3317 269
3318 740
3319 1052
3320 1459
3321 742
3322 5130
3323 2915
3324 625
3325 525
3326 1365
3327 3946
3328 1362
3329 3383
3330 1839
3331 4286
3332 3680
3333 726
3334 5171
3335 3383
3336 486
3337 2563
3338 2240
3339 3652
3340 2181
3341 726
3342 726
3343 446
3344 633
3345 827
3346 633
3347 959
3348 1226
3349 1721
3350 1365
3351 2250
3352 5171
3353 5034
3354 5034
3355 5171
3356 3442
3357 3079
3358 3265
3359 4722
3360 4003
3361 2633
3362 2633
3363 3069
3364 4231
3365 1718
3366 3626
3367 486
3368 4086
3369 4761
3370 639
3371 724
3372 680
3373 883
3374 883
3375 1680
3376 1377
3377 4840
3378 1210
3379 5171
3380 3458
3381 3828
3382 5145
3383 440
3384 828
3385 1099
3386 308
3387 308
3388 1371
3389 2177
3390 1357
3391 1502
3392 1210
3393 3806
3394 4304
3395 1171
3396 946
3397 639
3398 1613
3399 2925
3400 3487
3401 4956
3402 4952
3403 3680
3404 226
3405 1210
3406 1993
3407 986
3408 5072
3409 3871
3410 385
3411 2905
3412 631
3413 385
3414 1369
3415 573
3416 1524
3417 308
3418 1839
3419 4005
3420 4233
3421 1878
3422 2043
3423 3070
3424 4710
3425 2633
3426 2852
3427 4458
3428 4458
3429 2405
3430 3607
3431 2833
3432 3780
3433 4231
3434 4720
3435 4943
3436 4948
3437 3876
3438 343
3439 529
3440 1039
3441 3314
3442 2563
3443 308
3444 2176
3445 1102
3446 1373
3447 4720
3448 4553
3449 4049
3450 932
3451 1523
3452 1839
3453 1232
3454 1523
3455 774
3456 2182
3457 1675
3458 1371
3459 308
3460 1677
3461 5053
3462 1351
3463 2439
3464 4962
3465 527
3466 1613
3467 2048
3468 1831
3469 1212
3470 1212
3471 1675
3472 1376
3473 1212
3474 3259
3475 4231
3476 4231
3477 5168
3478 5034
3479 4749
3480 3460
3481 4049
3482 4094
3483 453
3484 269
3485 1567
3486 986
3487 1677
3488 1677
3489 1210
3490 4471
3491 4233
3492 3123
3493 4231
3494 3792
3495 3792
3496 4503
3497 132
3498 556
3499 1459
3500 2708
3501 2708
3502 2872
3503 5130
3504 4554
3505 4553
3506 2708
3507 4302
3508 4257
3509 3819
3510 2321
3511 5036
3512 1171
3513 343
3514 453
3515 453
3516 343
3517 269
3518 726
3519 1951
3520 1212
3521 2649
3522 453
3523 1782
3524 959
3525 1351
3526 1210
3527 4720
3528 2861
3529 2628
3530 3787
3531 3426
3532 3608
3533 4443
3534 3600
3535 4188
3536 3972
3537 3238
3538 2835
3539 3436
3540 4001
3541 2864
3542 2848
3543 2848
3544 4215
3545 3066
3546 3066
3547 3787
3548 3430
3549 5016
3550 2444
3551 2653
3552 120
3553 525
3554 639
3555 2925
3556 4290
3557 4290
3558 2648
3559 1723
3560 1722
3561 1721
3562 1210
3563 2635
3564 3791
3565 3787
3566 4697
3567 3614
3568 4001
3569 3615
3570 4710
3571 465
3572 4956
3573 1351
3574 1351
3575 1351
3576 3250
3577 3615
3578 109
3579 3871
3580 741
3581 1171
3582 740
3583 2868
3584 3783
3585 3987
3586 4451
3587 2424
3588 3428
3589 4294
3590 554
3591 2925
3592 4072
3593 5130
3594 1920
3595 5130
3596 1210
3597 5034
3598 5171
3599 3635
3600 3827
3601 4083
3602 1878
3603 3428
3604 3615
3605 3427
3606 3987
3607 5145
3608 3820
3609 4034
3610 2267
3611 449
3612 3677
3613 4505
3614 4217
3615 3607
3616 3783
3617 3428
3618 3635
3619 2048
3620 634
3621 449
3622 2040
3623 2428
3624 2432
3625 3430
3626 3606
3627 4034
3628 209
3629 1210
3630 1878
3631 3792
3632 4269
3633 937
3634 4529
3635 119
3636 468
3637 2490
3638 4287
3639 2868
3640 3051
3641 5134
3642 4998
3643 4566
3644 623
3645 1052
3646 1920
3647 3787
3648 4510
3649 3605
3650 5196
3651 3104
3652 557
3653 556
3654 555
3655 5133
3656 3436
3657 3792
3658 3646
3659 3311
3660 4510
3661 4838
3662 4838
3663 5177
3664 1210
3665 4510
3666 119
3667 4984
3668 1797
3669 5005
3670 554
3671 833
3672 4316
3673 4304
3674 4742
3675 3778
3676 4201
3677 4427
3678 4423
3679 1869
3680 1712
3681 1126
3682 612
3683 424
3684 242
3685 242
3686 242
3687 242
3688 242
3689 242
3690 242
3691 80
3692 80
3693 3978
3694 4427
3695 4423
3696 2248
3697 1543
3698 2818
3699 2015
3700 1396
3701 3751
3702 3749
3703 2586
3704 2589
3705 1551
3706 3035
3707 1126
3708 1013
3709 1397
3710 1543
3711 426
3712 609
3713 1006
3714 805
3715 1013
3716 1543
3717 2015
3718 1543
3719 2586
3720 1706
3721 1706
3722 1551
3723 1861
3724 4180
3725 4185
3726 4185
3727 4423
3728 4427
3729 3597
3730 1257
3731 1547
3732 1257
3733 613
3734 1257
3735 901
3736 613
3737 1850
3738 607
3739 2581
3740 3025
3741 2577
3742 2015
3743 1396
3744 1543
3745 1543
3746 1397
3747 1547
3748 1013
3749 1006
3750 755
3751 469
3752 2526
3753 4962
3754 5166
3755 1880
3756 1878
3757 4005
3758 5180
3759 2839
3760 3046
3761 4195
3762 2034
3763 2035
3764 3807
3765 3597
3766 3046
3767 3045
3768 2586
3769 3780
3770 4760
3771 1122
3772 1862
3773 1865
3774 3763
3775 2035
3776 3428
3777 4287
3778 4840
3779 3989
3780 4929
3781 2434
3782 5130
3783 805
3784 1012
3785 2635
3786 4266
3787 1878
3788 2428
3789 2433
3790 4294
3791 3608
3792 1703
3793 2586
3794 1122
3795 3978
3796 1122
3797 3476
3798 4949
3799 4946
3800 2236
3801 4503
3802 4005
3803 1013
3804 4214
3805 1122
3806 4484
3807 2253
3808 5032
3809 2235
3810 3436
3811 2633
3812 2403
3813 1639
3814 4424
3815 3597
3816 4199
3817 3763
3818 1013
3819 1706
3820 2589
3821 4674
3822 4042
3823 4998
3824 4553
3825 4553
3826 4760
3827 4510
3828 1712
3829 1405
3830 4427
3831 4423
3832 4188
3833 1874
3834 4471
3835 2243
3836 3444
3837 1878
3838 2873
3839 2874
3840 1259
3841 1712
3842 1551
3843 3969
3844 2015
3845 4948
3846 5126
3847 4180
3848 1861
3849 1706
3850 3428
3851 2979
3852 467
3853 555
3854 2440
3855 1043
3856 1554
3857 1712
3858 1868
3859 2389
3860 4674
3861 2635
3862 1039
3863 4751
3864 4528
3865 1639
3866 4948
3867 3428
3868 4503
3869 119
3870 4428
3871 4427
3872 4042
3873 2267
3874 4998
3875 4998
3876 2650
3877 1722
3878 4553
3879 4501
3880 4471
3881 3778
3882 3780
3883 1551
3884 3406
3885 716
3886 4554
3887 2403
3888 1257
3889 1126
3890 805
3891 4710
3892 4053
3893 4188
3894 465
3895 1408
3896 4984
3897 4946
3898 2220
3899 4948
3900 3792
3901 2586
3902 1274
3903 4722
3904 3781
3905 3781
3906 2605
3907 2243
3908 3071
3909 2237
3910 2646
3911 2428
3912 2231
3913 2861
3914 4484
3915 4484
3916 1797
3917 2575
3918 3397
3919 796
3920 1396
3921 2378
3922 1396
3923 2575
3924 1692
3925 3216
3926 2003
3927 2574
3928 1396
3929 1543
3930 1543
3931 613
3932 419
3933 613
3934 1259
3935 1862
3936 2203
3937 704
3938 1009
3939 613
3940 1257
3941 2586
3942 2586
3943 805
3944 1711
3945 1554
3946 2028
3947 1712
3948 1865
3949 1865
3950 4180
3951 3972
3952 4421
3953 1712
3954 1706
3955 1858
3956 2447
3957 1440
3958 1474
3959 1920
3960 4937
3961 2979
3962 4984
3963 4984
3964 4954
3965 4760
3966 2915
3967 2832
3968 3418
3969 4942
3970 3449
3971 5032
3972 5168
3973 4454
3974 4423
3975 1416
3976 4710
3977 1474
3978 1474
3979 4998
3980 4998
3981 1639
3982 4458
3983 1127
3984 1712
3985 1014
3986 2428
3987 4937
3988 2979
3989 4003
3990 3826
3991 1865
3992 1571
3993 5032
3994 2145
3995 1920
3996 1474
3997 4553
3998 4501
3999 2031
4000 2831
4001 1874
4002 4729
4003 2019
4004 5005
4005 1797
4006 4808
4007 1474
4008 4838
4009 1797
4010 1920
4011 1797
4012 4815
4013 3707
4014 751
4015 1639
4016 949
4017 1474
4018 1797
4019 1797
4020 4808
4021 4808
4022 1334
4023 4579
4024 4815
4025 4815
4026 4350
4027 3707
4028 4815
4029 858
4030 1197
4031 3518
4032 4838
4033 1203
4034 1402
4035 3608
4036 3781
4037 2653
4038 3820
4039 5111
4040 2015
4041 2915
4042 1551
4043 5125
4044 4580
4045 4815
4046 5034
4047 4180
4048 4421
4049 4674
4050 2238
4051 4815
4052 3707
4053 1206
4054 1334
4055 5005
4056 4579
4057 4579
4058 2419
4059 2915
4060 4553
4061 5171
4062 1567
4063 2589
4064 2426
4065 4579
4066 4579
4067 4579
4068 4579
4069 3607
4070 3989
4071 2238
4072 4262
4073 2444
4074 4458
4075 4226
4076 3791
4077 1543
4078 3750
4079 1723
4080 1719
4081 2246
4082 1498
4083 4003
4084 4350
4085 3707
4086 1920
4087 1397
4088 1006
4089 3749
4090 3749
4091 3750
4092 3212
4093 3397
4094 1126
4095 4553
4096 2979
4097 1474
4098 1474
4099 5152
4100 5005
4101 4808
4102 1474
4103 5152
4104 4360
4105 4126
4106 3518
4107 3707
4108 3054
4109 119
4110 2403
4111 1878
4112 82
4113 44
4114 44
4115 44
4116 44
4117 905
4118 613
4119 2576
4120 422
4121 264
4122 2577
4123 52
4124 2577
4125 2577
4126 424
4127 2576
4128 422
4129 261
4130 17
4131 242
4132 260
4133 54
4134 419
4135 2578
4136 3400
4137 261
4138 517
4139 242
4140 590
4141 54
4142 242
4143 242
4144 242
4145 242
4146 52
4147 185
4148 54
4149 242
4150 54
4151 54
4152 261
4153 187
4154 507
4155 185
4156 427
4157 2575
4158 2580
4159 796
4160 2580
4161 3751
4162 4815
4163 3707
4164 2861
4165 2611
4166 2035
4167 4427
4168 1257
4169 426
4170 261
4171 54
4172 262
4173 242
4174 407
4175 242
4176 242
4177 242
4178 95
4179 1009
4180 609
4181 1006
4182 2143
4183 2526
4184 2143
4185 3065
4186 4984
4187 925
4188 419
4189 52
4190 95
4191 242
4192 242
4193 242
4194 242
4195 44
4196 44
4197 242
4198 87
4199 1411
4200 2441
4201 2650
4202 3238
4203 5005
4204 1474
4205 1861
4206 2015
4207 1858
4208 188
4209 52
4210 82
4211 44
4212 54
4213 419
4214 44
4215 44
4216 44
4217 44
4218 44
4219 44
4220 92
4221 44
4222 44
4223 2646
4224 1643
4225 1498
4226 4936
4227 3104
4228 2654
4229 4423
4230 3228
4231 188
4232 2050
4233 4267
4234 2043
4235 3640
4236 44
4237 44
4238 3832
4239 4003
4240 2028
4241 4212
4242 3580
4243 1498
4244 1498
4245 5032
4246 1474
4247 1498
4248 2243
4249 3428
4250 2611
4251 4428
4252 3022
4253 1396
4254 1858
4255 2015
4256 1139
4257 704
4258 2852
4259 3428
4260 3062
4261 2631
4262 4423
4263 2049
4264 3817
4265 3047
4266 3418
4267 4442
4268 2267
4269 2143
4270 3518
4271 3518
4272 2143
4273 2433
4274 2043
4275 4722
4276 1711
4277 1554
4278 3427
4279 2832
4280 2231
4281 2862
4282 1332
4283 1797
4284 4030
4285 2979
4286 4451
4287 1551
4288 44
4289 44
4290 44
4291 44
4292 5038
4293 3707
4294 3071
4295 2626
4296 2646
4297 2677
4298 2440
4299 2831
4300 2231
4301 44
4302 2231
4303 4039
4304 4815
4305 2035
4306 4212
4307 3607
4308 1543
4309 1543
4310 2253
4311 3088
4312 1014
4313 2237
4314 2646
4315 4835
4316 1874
4317 2610
4318 4185
4319 3608
4320 1797
4321 3760
4322 1405
4323 3580
4324 2267
4325 2267
4326 3453
4327 4808
4328 5005
4329 2035
4330 427
4331 2050
4332 5168
4333 4032
4334 4579
4335 1712
4336 1869
4337 2031
4338 2218
4339 2832
4340 4920
4341 4166
4342 1416
4343 3787
4344 3787
4345 2844
4346 3453
4347 3436
4348 4191
4349 1858
4350 1274
4351 4710
4352 3600
4353 2831
4354 5114
4355 1865
4356 242
4357 242
4358 242
4359 32
4360 1257
4361 4710
4362 1584
4363 3242
4364 1127
4365 1257
4366 1014
4367 1257
4368 1955
4369 2444
4370 3791
4371 4697
4372 3787
4373 1498
4374 3707
4375 4361
4376 4586
4377 555
4378 555
4379 649
4380 5152
4381 4808
4382 1197
4383 4815
4384 4360
4385 4360
4386 4126
4387 1811
4388 2989
4389 2989
4390 2989
4391 1197
4392 4579
4393 4226
4394 1711
4395 5034
4396 2015
4397 2015
4398 407
4399 2143
4400 4835
4401 2633
4402 3791
4403 4920
4404 1703
4405 3222
4406 242
4407 4838
4408 3612
4409 44
4410 262
4411 427
4412 427
4413 607
4414 3518
4415 242
4416 242
4417 242
4418 242
4419 5152
4420 44
4421 1006
4422 801
4423 704
4424 1477
4425 1203
4426 4998
4427 949
4428 1797
4429 1474
4430 1474
4431 4838
4432 469
4433 3518
4434 3518
4435 4124
4436 3518
4437 3529
4438 4120
4439 3707
4440 3518
4441 5152
4442 4360
4443 5145
4444 554
4445 3707
4446 1797
4447 5145
4448 2015
4449 1692
4450 92
4451 4350
4452 4350
4453 1203
4454 242
4455 242
4456 3518
4457 5038
4458 1858
4459 54
4460 407
4461 242
4462 242
4463 242
4464 1006
4465 3518
4466 4360
4467 3905
4468 4579
4469 554
4470 4828
4471 426
4472 261
4473 264
4474 56
4475 1474
4476 3707
4477 3518
4478 4815
4479 4360
4480 4360
4481 5038
4482 4360
4483 4838
4484 4360
4485 4361
4486 3905
4487 4998
4488 3518
4489 3518
4490 4838
4491 609
4492 2143
4493 4350
4494 93
4495 407
4496 32
4497 185
4498 262
4499 262
4500 89
4501 407
4502 82
4503 54
4504 262
4505 92
4506 54
4507 185
4508 517
4509 997
4510 3025
4511 4350
4512 3912
4513 32
4514 82
4515 185
4516 54
4517 556
4518 185
4519 3518
4520 4838
4521 4828
4522 4364
4523 4126
4524 4360
4525 4126
4526 3518
4527 4124
4528 4120
4529 3518
4530 4838
4531 4120
4532 4360
4533 4361
4534 4126
4535 3521
4536 4124
4537 4124
4538 4120
4539 4360
4540 4126
4541 3905
4542 3529
4543 3521
4544 3359
4545 3359
4546 2989
4547 2990
4548 2775
4549 3917
4550 2989
4551 2775
4552 3530
4553 2153
4554 3530
4555 3529
4556 3909
4557 2535
4558 1644
4559 2144
4560 2126
4561 2709
4562 2494
4563 2709
4564 2494
4565 2494
4566 2494
4567 2494
4568 2494
4569 1618
4570 1472
4571 1472
4572 1190
4573 1190
4574 3518
4575 4124
4576 4120
4577 3521
4578 2989
4579 2989
4580 3361
4581 3359
4582 3359
4583 3166
4584 4361
4585 4126
4586 4126
4587 4124
4588 3361
4589 2989
4590 3905
4591 4120
4592 3359
4593 3359
4594 3359
4595 3359
4596 3359
4597 3359
4598 3359
4599 4124
4600 4124
4601 4120
4602 3359
4603 3359
4604 4124
4605 3521
4606 4364
4607 3518
4608 3359
4609 3359
4610 4360
4611 4124
4612 3359
4613 3359
4614 3359
4615 2989
4616 3361
4617 2989
4618 3530
4619 3529
4620 2535
4621 2535
4622 2144
4623 1765
4624 1598
4625 1472
4626 1329
4627 1476
4628 2711
4629 1328
4630 2711
4631 1188
4632 1598
4633 1327
4634 1473
4635 1340
4636 2144
4637 3363
4638 2539
4639 2775
4640 1811
4641 4126
4642 1603
4643 3361
4644 2989
4645 2989
4646 3361
4647 2989
4648 3359
4649 4126
4650 2989
4651 2989
4652 2989
4653 2775
4654 3359
4655 2775
4656 2989
4657 2989
4658 2989
4659 4126
4660 1190
4661 2494
4662 2715
4663 2494
4664 2494
4665 1463
4666 2715
4667 1473
4668 2715
4669 2715
4670 2494
4671 1603
4672 1598
4673 3131
4674 2495
4675 2495
4676 1598
4677 1625
4678 2989
4679 2936
4680 2709
4681 2940
4682 2940
4683 2936
4684 3359
4685 2494
4686 2494
4687 1190
4688 2992
4689 3166
4690 3359
4691 2715
4692 2711
4693 2494
4694 2494
4695 3359
4696 1811
4697 3359
4698 4126
4699 1473
4700 2715
4701 3359
4702 2715
4703 3359
4704 2494
4705 2992
4706 1625
4707 1473
4708 2715
4709 1473
4710 1765
4711 1598
4712 1625
4713 1625
4714 1190
4715 2992
4716 2989
4717 2989
4718 1188
4719 2495
4720 2494
4721 2711
4722 1811
4723 2989
4724 1188
4725 3538
4726 2989
4727 2989
4728 2989
4729 3530
4730 1811
4731 3536
4732 1811
4733 2126
4734 2494
4735 2711
4736 2989
4737 3530
4738 1472
4739 1473
4740 2989
4741 2711
4742 2715
4743 2989
4744 2775
4745 1329
4746 1603
4747 1766
4748 1765
4749 2144
4750 3917
4751 3530
4752 3917
4753 1811
4754 2989
4755 2535
4756 2539
4757 3359
4758 1811
4759 1157
4760 1497
4761 2535
4762 3363
4763 3529
4764 2495
4765 3359
4766 2285
4767 3530
4768 1190
4769 3917
4770 2992
4771 2989
4772 2117
4773 2494
4774 2715
4775 1497
4776 3363
4777 1631
4778 1340
4779 1190
4780 2987
4781 1765
4782 1631
4783 1158
4784 2539
4785 2494
4786 2494
4787 2494
4788 2936
4789 3530
4790 2992
4791 2989
4792 2494
4793 1765
4794 1759
4795 3529
4796 2709
4797 2535
4798 2144
4799 2535
4800 2715
4801 2989
4802 2989
4803 2535
4804 2495
4805 2711
4806 2711
4807 1185
4808 1192
4809 1625
4810 1765
4811 1326
4812 1328
4813 1625
4814 1329
4815 1476
4816 1192
4817 1185
4818 2936
4819 2989
4820 1473
4821 1340
4822 2535
4823 1631
4824 1327
4825 2989
4826 3529
4827 2775
4828 3529
4829 3167
4830 3363
4831 1812
4832 2989
4833 2495
4834 2709
4835 2495
4836 2495
4837 1470
4838 1190
4839 1185
4840 2711
4841 2709
4842 1472
4843 1603
4844 3529
4845 1644
4846 2495
4847 2711
4848 1188
4849 1328
4850 1190
4851 2144
4852 1644
4853 3530
4854 2989
4855 2989
4856 2775
4857 1497
4858 2987
4859 2709
4860 2711
4861 1476
4862 1476
4863 1603
4864 939
4865 1337
4866 1473
4867 1473
4868 2495
4869 2992
4870 2989
4871 1625
4872 1185
4873 2989
4874 2989
4875 3529
4876 1603
4877 1337
4878 1337
4879 2117
4880 1468
4881 1319
4882 1328
4883 3167
4884 1765
4885 1340
4886 2989
4887 2989
4888 2775
4889 2989
4890 2989
4891 2711
4892 2495
4893 2495
4894 1340
4895 1631
4896 1340
4897 3529
4898 2990
4899 939
4900 1603
4901 1337
4902 1644
4903 3363
4904 3529
4905 2775
4906 3529
4907 2775
4908 1468
4909 1329
4910 3530
4911 3131
4912 2987
4913 1631
4914 1340
4915 1185
4916 2535
4917 2144
4918 1759
4919 1192
4920 1759
4921 1190
4922 2087
4923 1603
4924 939
4925 779
4926 171
4927 1987
4928 235
4929 310
4930 171
4931 235
4932 162
4933 171
4934 171
4935 779
4936 4156
4937 387
4938 387
4939 167
4940 387
4941 231
4942 231
4943 3751
4944 423
4945 2811
4946 255
4947 90
4948 76
4949 13
4950 508
4951 1542
4952 1545
4953 3749
4954 78
4955 9
4956 2811
4957 420
4958 247
4959 3212
4960 1117
4961 2579
4962 27
4963 1390
4964 186
4965 3749
4966 3212
4967 3953
4968 9
4969 9
4970 599
4971 2382
4972 2811
4973 91
4974 3397
4975 2011
4976 1698
4977 1004
4978 1391
4979 2811
4980 2381
4981 27
4982 2813
4983 2381
4984 3212
4985 2198
4986 2198
4987 2378
4988 593
4989 77
4990 77
4991 2382
4992 1542
4993 90
4994 2381
4995 3751
4996 55
4997 596
4998 1697
4999 1117
5000 2580
5001 2198
5002 3211
5003 2580
5004 3212
5005 600
5006 90
5007 598
5008 259
5009 3212
5010 14
5011 598
5012 255
5013 1111
5014 76
5015 3212
5016 27
5017 1637
5018 1949
5019 659
5020 1498
5021 1949
5022 1210
5023 1498
5024 1209
5025 1637
5026 5171
5027 4838
5028 5180
5029 1210
5030 960
5031 4886
5032 1998
5033 2802
5034 1998
5035 2372
5036 2372
5037 584
5038 2002
5039 684
5040 2369
5041 3095
5042 719
5043 1290
5044 3460
5045 2886
5046 529
5047 1287
5048 529
5049 1905
5050 2256
5051 2266
5052 1425
5053 881
5054 3287
5055 659
5056 242
5057 701
5058 339
5059 1543
5060 32
5061 1396
5062 902
5063 1009
5064 424
5065 517
5066 262
5067 242
5068 185
5069 3750
5070 3750
5071 800
5072 1692
5073 3216
5074 3574
5075 2009
5076 2805
5077 2578
5078 2194
5079 2378
5080 3397
5081 424
5082 3574
5083 422
5084 607
5085 426
5086 2580
5087 3750
5088 407
5089 242
5090 242
5091 242
5092 242
5093 3752
5094 2193
5095 2580
5096 2580
5097 2193
5098 264
5099 613
5100 87
5101 87
5102 2193
5103 613
5104 260
5105 1543
5106 952
5107 4579
5108 1474
5109 1797
5110 2979
5111 1474
5112 4579
5113 1797
5114 1474
5115 1334
5116 1334
5117 4579
5118 469
5119 1334
5120 1195
5121 469
5122 5152
5123 952
5124 5152
5125 4808
5126 407
5127 2494
5128 2494
5129 2494
5130 3529
5131 2494
5132 2494
5133 939
5134 2535
5135 2144
5136 1625
5137 2494
5138 2715
5139 2709
5140 2989
5141 1543
5142 1699
5143 425
5144 3212
5145 901
5146 608
5147 1119
5148 1699
5149 899
5150 3401
5151 1579
5152 1572
5153 1026
5154 2264
5155 1426
5156 1428
5157 1429
5158 1428
5159 1903
5160 1276
5161 1282
5162 619
5163 2446
5164 1429
5165 1282
5166 2264
5167 1429
5168 712
5169 1429
5170 1425
5171 1739
5172 1030
5173 1277
5174 1277
5175 1282
5176 1903
5177 1426
5178 1425
5179 1277
5180 1422
5181 1429
5182 1579
5183 1903
5184 2256
5185 1425
5186 1903
5187 1429
5188 1429
5189 1282
5190 1277
5191 2063
5192 608
5193 901
5194 608
5195 1119
5196 605
5197 703
5198 3671
