0 3786
1 3872
2 1094
3 1181
4 1167
5 1167
6 1167
7 1166
8 4428
9 1167
10 1166
11 1167
12 3786
13 890
14 3786
15 3871
16 3872
17 3679
18 764
19 1048
20 890
21 3679
22 744
23 3998
24 3872
25 3872
26 3679
27 3872
28 3641
29 3616
30 1225
31 819
32 3998
33 1029
34 3871
35 890
36 4271
37 3616
38 3616
39 1028
40 3787
41 3787
42 3786
43 3679
44 1297
45 3679
46 744
47 3998
48 3774
49 4312
50 1028
51 3616
52 819
53 3998
54 3616
55 3998
56 3998
57 3998
58 3616
59 3616
60 819
61 744
62 3871
63 744
64 3998
65 3616
66 1048
67 890
68 3616
69 3616
70 1028
71 925
72 925
73 4428
74 4271
75 1028
76 924
77 3616
78 3616
79 4271
80 890
81 1029
82 3616
83 1048
84 924
85 1094
86 3787
87 1163
88 1094
89 924
90 926
91 764
92 3998
93 890
94 3872
95 3679
96 3822
97 3822
98 3662
99 3662
100 3662
101 890
102 3872
103 3774
104 3662
105 3872
106 3872
107 3872
108 4218
109 3662
110 3663
111 744
112 3822
113 3822
114 3822
115 3822
116 3662
117 3662
118 3662
119 3662
120 3662
121 3662
122 3679
123 3872
124 3871
125 3662
126 3663
127 3787
128 3616
129 3616
130 4271
131 3925
132 3679
133 1167
134 3998
135 890
136 3616
137 3872
138 821
139 3663
140 3774
141 3871
142 3786
143 3679
144 3679
145 3679
146 3822
147 3872
148 3679
149 3663
150 3774
151 3787
152 3998
153 3871
154 3616
155 3773
156 3616
157 3616
158 821
159 3998
160 3871
161 890
162 3774
163 3998
164 744
165 3787
166 3871
167 3998
168 3786
169 3872
170 3872
171 3822
172 3872
173 3662
174 3822
175 3679
176 3774
177 3774
178 3679
179 4271
180 4271
181 3787
182 1048
183 3773
184 3787
185 890
186 925
187 1241
188 4271
189 3616
190 881
191 4271
192 3787
193 3871
194 3871
195 3786
196 4271
197 890
198 3871
199 3871
200 3786
201 3787
202 3616
203 3998
204 3616
205 3998
206 3786
207 4271
208 762
209 3787
210 3616
211 3998
212 3871
213 3786
214 3786
215 4271
216 4271
217 4271
218 3786
219 925
220 4428
221 3787
222 924
223 3679
224 3872
225 890
226 3871
227 3871
228 3871
229 1048
230 938
231 1241
232 925
233 924
234 1055
235 1048
236 764
237 925
238 3787
239 3616
240 3787
241 3787
242 1048
243 1048
244 819
245 762
246 1297
247 925
248 1028
249 4271
250 661
251 4271
252 881
253 4271
254 4271
255 4024
256 3924
257 3649
258 5077
259 5077
260 4133
261 1359
262 3624
263 4133
264 4353
265 3619
266 3615
267 4133
268 3667
269 3776
270 3649
271 3725
272 4024
273 4024
274 3663
275 3662
276 3633
277 4024
278 3821
279 4218
280 3667
281 4024
282 3649
283 3649
284 3667
285 3774
286 3924
287 3924
288 3871
289 3663
290 3881
291 3821
292 3821
293 3633
294 3822
295 3633
296 3633
297 3822
298 4133
299 3667
300 3924
301 3667
302 3649
303 3975
304 3974
305 4024
306 4133
307 4218
308 3633
309 3822
310 3633
311 4202
312 4202
313 3924
314 3633
315 3822
316 3649
317 4364
318 4202
319 3822
320 3663
321 3618
322 3649
323 3618
324 3975
325 3633
326 3998
327 3774
328 4133
329 3821
330 3774
331 3633
332 3822
333 3822
334 3663
335 3663
336 3624
337 3616
338 3975
339 3881
340 3619
341 4218
342 3663
343 3619
344 4133
345 4218
346 3881
347 3667
348 4125
349 3649
350 4024
351 3648
352 4024
353 3648
354 4363
355 4363
356 3633
357 3667
358 3667
359 3649
360 3648
361 3648
362 3648
363 3648
364 4131
365 3648
366 3667
367 3649
368 4363
369 4131
370 3869
371 3869
372 4363
373 3869
374 4131
375 3869
376 4131
377 3648
378 3648
379 4024
380 4024
381 3649
382 3873
383 4125
384 3821
385 4024
386 3974
387 3869
388 3878
389 3823
390 3649
391 4024
392 3869
393 3869
394 4024
395 4131
396 3873
397 4363
398 4024
399 4363
400 3869
401 3869
402 3869
403 3869
404 4132
405 3648
406 4131
407 3821
408 4132
409 4024
410 4202
411 3649
412 4364
413 3618
414 4132
415 4024
416 4131
417 4132
418 4024
419 4024
420 3618
421 4024
422 3649
423 3618
424 4024
425 3869
426 3869
427 3869
428 3869
429 662
430 3869
431 3648
432 3648
433 4363
434 3869
435 4202
436 4364
437 3821
438 3649
439 4364
440 3649
441 3617
442 3822
443 3618
444 3821
445 4364
446 4364
447 4202
448 3618
449 4024
450 4024
451 3649
452 3618
453 3649
454 4024
455 4024
456 3618
457 4024
458 4202
459 4364
460 4202
461 3667
462 3821
463 4364
464 3878
465 3878
466 4364
467 3649
468 3649
469 3649
470 4364
471 4364
472 4364
473 3618
474 4024
475 4426
476 4133
477 3617
478 3822
479 3869
480 3869
481 3869
482 4024
483 4024
484 4024
485 4024
486 3881
487 3617
488 3617
489 3881
490 4125
491 3975
492 3822
493 3774
494 4364
495 3975
496 3821
497 4125
498 3821
499 3822
500 3821
501 3821
502 4364
503 4133
504 3821
505 3877
506 4364
507 3821
508 4364
509 3633
510 4364
511 3667
512 1969
513 982
514 982
515 1727
516 982
517 1296
518 1712
519 1712
520 1712
521 1712
522 1521
523 1712
524 1918
525 1133
526 1940
527 1794
528 979
529 1900
530 1900
531 1940
532 1840
533 1340
534 1798
535 1296
536 1840
537 1794
538 1940
539 1795
540 1918
541 1167
542 1780
543 1604
544 1893
545 1900
546 1604
547 1605
548 1777
549 1496
550 1324
551 1219
552 1601
553 4428
554 1712
555 1712
556 1576
557 1712
558 1779
559 1496
560 1308
561 1678
562 1628
563 1308
564 1032
565 1604
566 1605
567 1605
568 1605
569 1712
570 1545
571 1599
572 1893
573 1712
574 1779
575 1712
576 1893
577 1712
578 1496
579 1918
580 1697
581 904
582 1308
583 1604
584 1533
585 1545
586 1678
587 1596
588 1599
589 1482
590 1794
591 1794
592 1628
593 1066
594 1066
595 1545
596 1601
597 1545
598 1712
599 1754
600 987
601 1203
602 1596
603 1712
604 1754
605 1576
606 1777
607 1576
608 987
609 1327
610 1481
611 1219
612 1506
613 1777
614 1327
615 1777
616 1545
617 1545
618 1777
619 1576
620 1777
621 1712
622 1779
623 904
624 1777
625 1496
626 1576
627 1777
628 1777
629 1777
630 1576
631 1576
632 1650
633 1576
634 1576
635 1576
636 1777
637 1777
638 1496
639 1777
640 3615
641 1008
642 1008
643 1008
644 1008
645 1777
646 4428
647 4080
648 3615
649 3648
650 4363
651 3615
652 3615
653 1482
654 1066
655 4344
656 3975
657 3924
658 1482
659 1008
660 3924
661 1008
662 3615
663 3880
664 4080
665 1008
666 1601
667 1777
668 1482
669 1135
670 3664
671 1482
672 1777
673 592
674 4451
675 592
676 3726
677 1650
678 4344
679 592
680 1601
681 1482
682 1008
683 592
684 4344
685 4080
686 3974
687 592
688 1601
689 3975
690 4448
691 1601
692 4028
693 3624
694 4028
695 764
696 3615
697 4080
698 3975
699 1601
700 4080
701 1008
702 1482
703 1482
704 1482
705 3975
706 4428
707 4428
708 3878
709 4135
710 3615
711 4363
712 3615
713 4080
714 3615
715 4428
716 4428
717 3975
718 4080
719 4080
720 4080
721 3924
722 4028
723 4080
724 1482
725 1601
726 2634
727 2493
728 2265
729 2171
730 2633
731 2493
732 3293
733 2861
734 2498
735 2981
736 2930
737 2268
738 2300
739 2493
740 2355
741 2999
742 2606
743 2273
744 2268
745 2498
746 2808
747 2493
748 2808
749 2498
750 2273
751 2273
752 2171
753 2498
754 3293
755 2172
756 2171
757 2268
758 2268
759 3293
760 2170
761 2606
762 2723
763 2930
764 2387
765 2808
766 2124
767 2124
768 2265
769 2936
770 2167
771 2791
772 2954
773 2175
774 2808
775 2633
776 2955
777 2274
778 2808
779 2315
780 2551
781 2723
782 2301
783 2387
784 2791
785 2490
786 2634
787 2634
788 2634
789 2301
790 2634
791 2325
792 2168
793 2861
794 2634
795 2634
796 2171
797 2328
798 2227
799 2478
800 2338
801 2282
802 2387
803 2282
804 2387
805 2546
806 2551
807 2315
808 2723
809 2282
810 2318
811 3939
812 4230
813 4233
814 3934
815 4191
816 390
817 3603
818 4196
819 3934
820 3954
821 395
822 2681
823 4230
824 4228
825 3602
826 1411
827 4231
828 3931
829 3931
830 2681
831 4228
832 4196
833 4191
834 3939
835 3226
836 3005
837 3954
838 3704
839 4228
840 4401
841 4419
842 4228
843 4224
844 2686
845 4228
846 4401
847 5005
848 4391
849 4228
850 2684
851 1441
852 1511
853 1493
854 1431
855 1405
856 496
857 1405
858 1511
859 1405
860 1409
861 1409
862 1317
863 5005
864 4047
865 1314
866 5088
867 493
868 5095
869 1409
870 1315
871 5095
872 5005
873 1003
874 2716
875 3603
876 1411
877 3603
878 3931
879 2686
880 4418
881 2684
882 4391
883 1409
884 4438
885 1334
886 1441
887 3902
888 1411
889 4391
890 4419
891 4391
892 4391
893 1441
894 1411
895 1411
896 1474
897 4367
898 1319
899 4417
900 1319
901 4438
902 4389
903 5005
904 4389
905 2686
906 1409
907 1409
908 4046
909 4046
910 4047
911 5095
912 1315
913 4417
914 4359
915 4359
916 1317
917 5005
918 496
919 4999
920 5095
921 5095
922 4047
923 3939
924 3983
925 3916
926 4438
927 4047
928 3942
929 1431
930 395
931 4189
932 3939
933 3939
934 4321
935 4468
936 4555
937 3959
938 3969
939 3966
940 2681
941 2684
942 4389
943 3934
944 2681
945 2681
946 4144
947 3933
948 4145
949 3605
950 4392
951 4394
952 3605
953 4129
954 1333
955 3934
956 1333
957 4470
958 1333
959 3006
960 4321
961 395
962 395
963 4439
964 4145
965 4479
966 3934
967 3226
968 3934
969 3934
970 393
971 3375
972 4396
973 3099
974 3585
975 1406
976 1541
977 496
978 1432
979 1432
980 1406
981 1541
982 1431
983 4046
984 1431
985 738
986 3585
987 3094
988 3094
989 1534
990 3916
991 1406
992 1507
993 3916
994 496
995 4046
996 4046
997 1432
998 1404
999 1474
1000 1474
1001 4052
1002 1411
1003 1474
1004 1474
1005 1456
1006 4835
1007 1283
1008 4393
1009 4434
1010 4527
1011 3757
1012 3585
1013 4145
1014 390
1015 2720
1016 507
1017 3426
1018 3195
1019 3921
1020 4145
1021 2247
1022 2675
1023 2247
1024 4055
1025 4145
1026 4145
1027 3266
1028 3266
1029 386
1030 3426
1031 4038
1032 3921
1033 3916
1034 3916
1035 3901
1036 3901
1037 3900
1038 3918
1039 3955
1040 3784
1041 4387
1042 4036
1043 2919
1044 4169
1045 3901
1046 2675
1047 3901
1048 3900
1049 3900
1050 3999
1051 4037
1052 3918
1053 3918
1054 4036
1055 3918
1056 3900
1057 3900
1058 4036
1059 3900
1060 3900
1061 4055
1062 3916
1063 3920
1064 3418
1065 3953
1066 4387
1067 3900
1068 3920
1069 3918
1070 3918
1071 4055
1072 4055
1073 4037
1074 4169
1075 3918
1076 4129
1077 3953
1078 3572
1079 3630
1080 3953
1081 3900
1082 3900
1083 3918
1084 3955
1085 3920
1086 3900
1087 3918
1088 3900
1089 3953
1090 3918
1091 3900
1092 3900
1093 3920
1094 3900
1095 3918
1096 3953
1097 3918
1098 3918
1099 3917
1100 3683
1101 3585
1102 3585
1103 3426
1104 3757
1105 993
1106 3426
1107 3585
1108 3585
1109 3943
1110 393
1111 3931
1112 2247
1113 2247
1114 393
1115 3501
1116 3195
1117 3195
1118 2247
1119 393
1120 3099
1121 393
1122 3195
1123 3513
1124 393
1125 3513
1126 3195
1127 507
1128 3005
1129 3005
1130 3266
1131 3005
1132 3467
1133 3005
1134 386
1135 507
1136 3266
1137 2247
1138 3006
1139 3375
1140 3931
1141 3999
1142 4355
1143 4037
1144 4190
1145 3939
1146 3918
1147 3934
1148 4230
1149 2947
1150 3105
1151 3602
1152 408
1153 2716
1154 3602
1155 3513
1156 1677
1157 3006
1158 388
1159 3006
1160 2311
1161 3513
1162 2311
1163 1474
1164 1474
1165 1474
1166 1411
1167 1494
1168 3603
1169 1441
1170 3603
1171 2686
1172 2684
1173 2686
1174 4224
1175 4389
1176 2684
1177 3931
1178 2684
1179 1281
1180 3603
1181 2716
1182 1278
1183 1474
1184 2716
1185 3603
1186 3602
1187 2311
1188 2599
1189 1677
1190 500
1191 3601
1192 1493
1193 1511
1194 1511
1195 1474
1196 1522
1197 1474
1198 4046
1199 1409
1200 705
1201 4438
1202 1441
1203 1405
1204 1522
1205 4196
1206 4438
1207 1411
1208 3603
1209 1410
1210 1493
1211 4438
1212 1484
1213 1474
1214 1474
1215 5005
1216 4417
1217 5005
1218 5005
1219 1484
1220 1474
1221 1484
1222 1441
1223 496
1224 493
1225 2947
1226 4622
1227 4906
1228 3820
1229 817
1230 2053
1231 3418
1232 3021
1233 1457
1234 1522
1235 4822
1236 4906
1237 1033
1238 1484
1239 3021
1240 1579
1241 1406
1242 3952
1243 1434
1244 3827
1245 1865
1246 3092
1247 2114
1248 4641
1249 1516
1250 1484
1251 1865
1252 817
1253 3784
1254 1430
1255 1474
1256 1511
1257 1406
1258 1474
1259 1484
1260 2923
1261 1516
1262 2241
1263 2922
1264 3683
1265 3630
1266 3630
1267 3569
1268 3569
1269 2673
1270 3266
1271 388
1272 507
1273 2439
1274 3630
1275 3795
1276 4037
1277 4036
1278 4036
1279 4036
1280 4037
1281 4036
1282 3630
1283 507
1284 3038
1285 3630
1286 3569
1287 2713
1288 3820
1289 3820
1290 3820
1291 3820
1292 3820
1293 1880
1294 3794
1295 3757
1296 3946
1297 3757
1298 2794
1299 3794
1300 390
1301 3794
1302 3569
1303 3569
1304 2361
1305 3045
1306 3757
1307 3045
1308 2794
1309 3699
1310 2713
1311 2672
1312 4037
1313 3946
1314 2713
1315 2975
1316 1865
1317 1624
1318 4037
1319 3699
1320 3699
1321 4037
1322 3757
1323 2673
1324 2673
1325 3904
1326 3572
1327 2713
1328 3569
1329 2713
1330 3904
1331 3493
1332 2167
1333 3630
1334 2178
1335 1475
1336 1456
1337 1755
1338 218
1339 1442
1340 3813
1341 1755
1342 1033
1343 1033
1344 4912
1345 1694
1346 1442
1347 1694
1348 4844
1349 1516
1350 1694
1351 1516
1352 3630
1353 3581
1354 3066
1355 3572
1356 3569
1357 3580
1358 3794
1359 3946
1360 3580
1361 3569
1362 3580
1363 3580
1364 3813
1365 3813
1366 3580
1367 3820
1368 3757
1369 3595
1370 3595
1371 3045
1372 3595
1373 3820
1374 3820
1375 3045
1376 4793
1377 5107
1378 3723
1379 1865
1380 4844
1381 3105
1382 3105
1383 3105
1384 1865
1385 1865
1386 3827
1387 2431
1388 3746
1389 4056
1390 3569
1391 2789
1392 510
1393 3841
1394 2790
1395 2790
1396 3569
1397 2789
1398 2790
1399 3907
1400 2790
1401 2790
1402 3028
1403 3028
1404 3270
1405 3028
1406 2858
1407 2858
1408 2858
1409 3926
1410 511
1411 3745
1412 3610
1413 3610
1414 3905
1415 2816
1416 3905
1417 3532
1418 3532
1419 1863
1420 3578
1421 2858
1422 2859
1423 3028
1424 3594
1425 3594
1426 3594
1427 3186
1428 3028
1429 3270
1430 511
1431 3410
1432 3507
1433 3831
1434 2842
1435 2786
1436 1863
1437 2599
1438 1926
1439 2581
1440 1926
1441 1926
1442 2558
1443 1852
1444 1698
1445 2537
1446 1852
1447 1852
1448 3028
1449 507
1450 510
1451 3723
1452 510
1453 3611
1454 3841
1455 3812
1456 3723
1457 3570
1458 510
1459 3570
1460 3812
1461 3570
1462 3570
1463 507
1464 2860
1465 3611
1466 3611
1467 544
1468 5105
1469 3580
1470 3611
1471 3723
1472 544
1473 2430
1474 3610
1475 3610
1476 3610
1477 3610
1478 3708
1479 3905
1480 3905
1481 3905
1482 3831
1483 3831
1484 2860
1485 507
1486 510
1487 3500
1488 2599
1489 2097
1490 2429
1491 2429
1492 3758
1493 3280
1494 2581
1495 2599
1496 504
1497 3758
1498 3578
1499 3500
1500 3599
1501 3281
1502 3595
1503 504
1504 3757
1505 2869
1506 3757
1507 504
1508 2431
1509 3832
1510 3758
1511 507
1512 3507
1513 3580
1514 2097
1515 3519
1516 3459
1517 3610
1518 3610
1519 2097
1520 2860
1521 3519
1522 3832
1523 3459
1524 3519
1525 2975
1526 3796
1527 3905
1528 3723
1529 3611
1530 3723
1531 3905
1532 3796
1533 3723
1534 3723
1535 3723
1536 3611
1537 3280
1538 2097
1539 3459
1540 3757
1541 2920
1542 3520
1543 3520
1544 388
1545 2311
1546 3520
1547 3005
1548 2310
1549 388
1550 2145
1551 390
1552 2663
1553 2595
1554 3520
1555 388
1556 3005
1557 2425
1558 2507
1559 3005
1560 2087
1561 3467
1562 3993
1563 3757
1564 1880
1565 1764
1566 2216
1567 3105
1568 3467
1569 2237
1570 2444
1571 2435
1572 2959
1573 2586
1574 2391
1575 3005
1576 2505
1577 2152
1578 2506
1579 1764
1580 2490
1581 1564
1582 2936
1583 2391
1584 2206
1585 3044
1586 2959
1587 2965
1588 3493
1589 4166
1590 3493
1591 2808
1592 389
1593 3954
1594 3044
1595 2444
1596 2791
1597 2585
1598 2342
1599 2342
1600 2391
1601 4333
1602 4743
1603 4743
1604 4333
1605 4556
1606 4556
1607 4835
1608 1442
1609 4333
1610 4556
1611 4385
1612 4556
1613 1283
1614 4743
1615 4470
1616 1411
1617 4902
1618 1474
1619 4389
1620 4835
1621 4333
1622 4835
1623 4333
1624 4902
1625 4876
1626 4876
1627 4333
1628 4470
1629 4902
1630 4912
1631 4876
1632 4902
1633 4902
1634 4902
1635 4789
1636 4588
1637 4876
1638 4876
1639 4912
1640 4912
1641 4902
1642 4876
1643 4912
1644 4912
1645 4876
1646 4902
1647 4902
1648 4895
1649 4556
1650 4535
1651 4902
1652 4902
1653 4554
1654 4743
1655 4835
1656 4398
1657 4404
1658 4743
1659 4333
1660 4743
1661 4333
1662 4789
1663 4333
1664 4858
1665 4333
1666 4554
1667 4788
1668 4788
1669 4902
1670 4788
1671 4743
1672 4788
1673 4788
1674 4788
1675 4603
1676 4603
1677 4331
1678 4902
1679 4603
1680 4906
1681 4912
1682 4788
1683 4912
1684 4912
1685 4875
1686 4876
1687 4895
1688 4876
1689 4789
1690 4876
1691 4902
1692 4902
1693 4902
1694 4391
1695 4902
1696 4876
1697 4789
1698 4906
1699 4906
1700 4331
1701 4876
1702 4789
1703 4902
1704 4603
1705 4902
1706 4788
1707 4331
1708 4902
1709 4331
1710 4333
1711 551
1712 551
1713 710
1714 568
1715 634
1716 643
1717 643
1718 408
1719 539
1720 551
1721 476
1722 476
1723 568
1724 151
1725 721
1726 568
1727 929
1728 4443
1729 647
1730 567
1731 4359
1732 4005
1733 4359
1734 3900
1735 4321
1736 3900
1737 993
1738 1021
1739 4472
1740 2682
1741 784
1742 742
1743 656
1744 1033
1745 568
1746 409
1747 567
1748 742
1749 550
1750 5092
1751 1020
1752 473
1753 647
1754 473
1755 814
1756 742
1757 742
1758 771
1759 771
1760 742
1761 767
1762 823
1763 569
1764 790
1765 473
1766 721
1767 235
1768 489
1769 317
1770 339
1771 54
1772 55
1773 332
1774 332
1775 202
1776 285
1777 285
1778 233
1779 285
1780 285
1781 332
1782 238
1783 154
1784 332
1785 101
1786 238
1787 408
1788 411
1789 643
1790 539
1791 555
1792 154
1793 339
1794 332
1795 339
1796 224
1797 154
1798 235
1799 236
1800 406
1801 238
1802 339
1803 561
1804 375
1805 351
1806 551
1807 482
1808 482
1809 748
1810 551
1811 557
1812 449
1813 482
1814 557
1815 476
1816 557
1817 486
1818 551
1819 54
1820 486
1821 539
1822 352
1823 482
1824 546
1825 557
1826 151
1827 101
1828 233
1829 143
1830 4911
1831 4906
1832 4901
1833 4896
1834 4896
1835 4917
1836 4834
1837 4896
1838 4496
1839 4896
1840 4896
1841 4834
1842 4834
1843 4834
1844 4834
1845 4834
1846 4901
1847 4896
1848 4896
1849 4834
1850 4912
1851 4876
1852 4912
1853 4875
1854 4912
1855 4896
1856 4912
1857 4912
1858 4896
1859 4912
1860 4602
1861 4834
1862 4910
1863 4834
1864 4602
1865 4602
1866 4875
1867 4912
1868 4901
1869 4602
1870 4738
1871 4914
1872 4876
1873 4902
1874 4738
1875 4902
1876 4603
1877 4788
1878 4901
1879 4875
1880 4902
1881 4788
1882 4876
1883 4875
1884 4876
1885 4902
1886 4906
1887 4778
1888 4709
1889 4875
1890 4901
1891 4875
1892 4875
1893 4875
1894 4902
1895 4333
1896 4902
1897 4834
1898 4832
1899 4832
1900 982
1901 2474
1902 1341
1903 2474
1904 1860
1905 1860
1906 2243
1907 2389
1908 1242
1909 1827
1910 1627
1911 1972
1912 1627
1913 1355
1914 1196
1915 1914
1916 1929
1917 1812
1918 1381
1919 2474
1920 2244
1921 1143
1922 1934
1923 5034
1924 1934
1925 1930
1926 1934
1927 1930
1928 1934
1929 1934
1930 1930
1931 1930
1932 1930
1933 1380
1934 1930
1935 1930
1936 1930
1937 1930
1938 1930
1939 2039
1940 1930
1941 1776
1942 1381
1943 1930
1944 1930
1945 1930
1946 2039
1947 1813
1948 2039
1949 5127
1950 1819
1951 2474
1952 2257
1953 2223
1954 2039
1955 1827
1956 1830
1957 2223
1958 2037
1959 5034
1960 2194
1961 5034
1962 2211
1963 5034
1964 1944
1965 5142
1966 5142
1967 5034
1968 5165
1969 5034
1970 5034
1971 2463
1972 2463
1973 5034
1974 2463
1975 2192
1976 1934
1977 1942
1978 1942
1979 2474
1980 2474
1981 5157
1982 5127
1983 2245
1984 2039
1985 2039
1986 2039
1987 2352
1988 2037
1989 1725
1990 1971
1991 2474
1992 1725
1993 1143
1994 1832
1995 918
1996 1524
1997 1191
1998 1811
1999 1930
2000 1381
2001 2192
2002 1107
2003 5157
2004 1936
2005 2305
2006 2759
2007 1943
2008 1943
2009 2211
2010 2213
2011 1936
2012 2213
2013 2305
2014 5165
2015 5165
2016 5165
2017 5165
2018 1945
2019 2211
2020 1943
2021 1383
2022 5165
2023 1764
2024 1735
2025 1844
2026 1832
2027 1860
2028 1971
2029 1782
2030 1143
2031 1196
2032 5165
2033 5152
2034 5165
2035 1766
2036 1766
2037 5165
2038 1945
2039 5165
2040 5142
2041 538
2042 5034
2043 1930
2044 1934
2045 1767
2046 1930
2047 1812
2048 5159
2049 1930
2050 1934
2051 1934
2052 1934
2053 1930
2054 1930
2055 1934
2056 1369
2057 2474
2058 914
2059 2245
2060 1914
2061 1817
2062 1827
2063 1782
2064 1972
2065 1196
2066 1627
2067 1196
2068 982
2069 2068
2070 982
2071 1782
2072 1340
2073 5142
2074 1381
2075 1381
2076 1381
2077 2463
2078 2463
2079 2463
2080 2463
2081 5142
2082 5034
2083 2463
2084 1930
2085 1381
2086 1930
2087 1930
2088 1381
2089 1381
2090 1381
2091 2223
2092 2463
2093 5142
2094 2463
2095 2194
2096 2463
2097 2463
2098 2463
2099 2463
2100 2463
2101 1381
2102 1815
2103 1381
2104 5142
2105 538
2106 5142
2107 538
2108 1816
2109 1381
2110 1815
2111 2037
2112 918
2113 2262
2114 2262
2115 1830
2116 2037
2117 2068
2118 1242
2119 1888
2120 1972
2121 1769
2122 1941
2123 1383
2124 1857
2125 1857
2126 1870
2127 5130
2128 1934
2129 2211
2130 982
2131 1725
2132 1749
2133 1143
2134 917
2135 2474
2136 5157
2137 1832
2138 1735
2139 1776
2140 1862
2141 1547
2142 1666
2143 528
2144 1735
2145 1934
2146 2352
2147 1380
2148 1920
2149 1685
2150 1666
2151 528
2152 1764
2153 1666
2154 1832
2155 3120
2156 1735
2157 1547
2158 1764
2159 1666
2160 1380
2161 1381
2162 1764
2163 1857
2164 1735
2165 1934
2166 1862
2167 1747
2168 1547
2169 3474
2170 1934
2171 5034
2172 1766
2173 2463
2174 2463
2175 2463
2176 2211
2177 2213
2178 5034
2179 2211
2180 1936
2181 5034
2182 2463
2183 5142
2184 2463
2185 5143
2186 2463
2187 2463
2188 5142
2189 5142
2190 2305
2191 1835
2192 2211
2193 5165
2194 5165
2195 5147
2196 2305
2197 1943
2198 1945
2199 1945
2200 1667
2201 1943
2202 2305
2203 1921
2204 1871
2205 1835
2206 2759
2207 1870
2208 5142
2209 1381
2210 2463
2211 2463
2212 2463
2213 2463
2214 5034
2215 1735
2216 1666
2217 5142
2218 5142
2219 5165
2220 5165
2221 5152
2222 5152
2223 1766
2224 5165
2225 1770
2226 1930
2227 1934
2228 1934
2229 1930
2230 1930
2231 1930
2232 5159
2233 1770
2234 1764
2235 1934
2236 2439
2237 5159
2238 5034
2239 1934
2240 1934
2241 1934
2242 1934
2243 1934
2244 1930
2245 1930
2246 5159
2247 1930
2248 1930
2249 1930
2250 1381
2251 5036
2252 2453
2253 1934
2254 1764
2255 1357
2256 2312
2257 1934
2258 1934
2259 1934
2260 1930
2261 2527
2262 1764
2263 1764
2264 1747
2265 1764
2266 538
2267 5159
2268 1930
2269 1930
2270 5159
2271 5159
2272 1930
2273 1930
2274 1930
2275 1930
2276 5159
2277 538
2278 1770
2279 538
2280 1930
2281 1930
2282 1930
2283 1930
2284 1930
2285 2463
2286 2463
2287 1381
2288 2463
2289 2463
2290 1930
2291 1930
2292 1381
2293 1934
2294 2213
2295 1381
2296 1381
2297 1930
2298 1381
2299 1380
2300 1764
2301 1871
2302 2531
2303 1845
2304 1872
2305 2098
2306 3299
2307 2098
2308 1872
2309 1872
2310 1872
2311 1862
2312 1716
2313 3518
2314 3379
2315 3299
2316 3429
2317 1385
2318 1357
2319 529
2320 529
2321 1666
2322 529
2323 3429
2324 3345
2325 3379
2326 1385
2327 3607
2328 1872
2329 3518
2330 3429
2331 527
2332 1912
2333 1806
2334 1912
2335 526
2336 527
2337 1806
2338 527
2339 1668
2340 3379
2341 1685
2342 527
2343 1862
2344 3379
2345 1716
2346 527
2347 1806
2348 529
2349 529
2350 3379
2351 529
2352 1716
2353 1384
2354 529
2355 1137
2356 964
2357 1820
2358 1890
2359 1795
2360 1247
2361 1893
2362 1727
2363 1185
2364 1098
2365 1022
2366 1910
2367 1032
2368 1678
2369 914
2370 1820
2371 1727
2372 1184
2373 1782
2374 2068
2375 1972
2376 1340
2377 1340
2378 1727
2379 1247
2380 1900
2381 1900
2382 1794
2383 1972
2384 982
2385 982
2386 1727
2387 1940
2388 1296
2389 1940
2390 1918
2391 1296
2392 979
2393 1794
2394 1496
2395 1795
2396 2068
2397 1215
2398 1778
2399 1154
2400 1782
2401 1888
2402 1972
2403 2068
2404 2244
2405 1972
2406 1782
2407 2309
2408 1972
2409 1373
2410 1789
2411 1918
2412 1817
2413 1888
2414 1914
2415 1782
2416 914
2417 1605
2418 1910
2419 1697
2420 1893
2421 1032
2422 1697
2423 1794
2424 1098
2425 1597
2426 1779
2427 1780
2428 1098
2429 1082
2430 1032
2431 1779
2432 1082
2433 1032
2434 1242
2435 1972
2436 1972
2437 1296
2438 982
2439 1782
2440 914
2441 1918
2442 1910
2443 1900
2444 1712
2445 1779
2446 1082
2447 1022
2448 914
2449 2309
2450 1340
2451 1782
2452 964
2453 1272
2454 1184
2455 1032
2456 982
2457 2068
2458 1972
2459 1972
2460 1817
2461 1782
2462 1860
2463 1355
2464 1782
2465 1104
2466 2207
2467 2243
2468 1860
2469 1860
2470 1888
2471 2243
2472 2243
2473 1706
2474 2309
2475 2245
2476 5136
2477 2309
2478 1819
2479 2207
2480 2245
2481 5127
2482 916
2483 916
2484 5127
2485 5127
2486 917
2487 916
2488 2244
2489 2244
2490 916
2491 2244
2492 1832
2493 917
2494 917
2495 917
2496 917
2497 2245
2498 2309
2499 918
2500 917
2501 917
2502 5163
2503 1814
2504 916
2505 916
2506 5127
2507 2245
2508 5127
2509 5127
2510 5157
2511 5127
2512 2245
2513 2245
2514 918
2515 917
2516 918
2517 918
2518 1832
2519 917
2520 1832
2521 1770
2522 919
2523 918
2524 1175
2525 5165
2526 918
2527 917
2528 5157
2529 917
2530 5163
2531 918
2532 5157
2533 5127
2534 919
2535 5157
2536 918
2537 5143
2538 5163
2539 918
2540 5140
2541 2463
2542 5163
2543 1832
2544 1941
2545 917
2546 1770
2547 917
2548 1860
2549 3570
2550 3336
2551 3594
2552 4168
2553 2728
2554 3461
2555 3705
2556 3461
2557 3185
2558 2788
2559 3583
2560 2785
2561 3907
2562 3629
2563 3583
2564 3479
2565 3479
2566 3479
2567 3479
2568 3479
2569 2255
2570 3270
2571 3594
2572 3270
2573 511
2574 3270
2575 3270
2576 3479
2577 3028
2578 3479
2579 3479
2580 3479
2581 3479
2582 3028
2583 2408
2584 1912
2585 3479
2586 3027
2587 3479
2588 3479
2589 3479
2590 3479
2591 3479
2592 3479
2593 3479
2594 3479
2595 3027
2596 3479
2597 3594
2598 3594
2599 3027
2600 3594
2601 3336
2602 3336
2603 3336
2604 3594
2605 3027
2606 2985
2607 3027
2608 3479
2609 3479
2610 3479
2611 3594
2612 2974
2613 3594
2614 3594
2615 3336
2616 3290
2617 1477
2618 1478
2619 1864
2620 2785
2621 5137
2622 1383
2623 1381
2624 1811
2625 1917
2626 2407
2627 1764
2628 1930
2629 2463
2630 1811
2631 1606
2632 2453
2633 1572
2634 2376
2635 1126
2636 2343
2637 2213
2638 2343
2639 1357
2640 1714
2641 1562
2642 1191
2643 1600
2644 2195
2645 1381
2646 1380
2647 1845
2648 1871
2649 1357
2650 1752
2651 5133
2652 5133
2653 2517
2654 2848
2655 1111
2656 5158
2657 5131
2658 2195
2659 2577
2660 5131
2661 2377
2662 2728
2663 1959
2664 1959
2665 3290
2666 3945
2667 3586
2668 3290
2669 3945
2670 3027
2671 2985
2672 3027
2673 2481
2674 3027
2675 3336
2676 3586
2677 3586
2678 3336
2679 3405
2680 3103
2681 3404
2682 2728
2683 514
2684 3480
2685 2957
2686 3029
2687 2728
2688 2957
2689 2398
2690 1623
2691 2957
2692 3026
2693 3270
2694 3270
2695 3336
2696 3027
2697 3336
2698 3594
2699 3479
2700 3479
2701 3270
2702 3594
2703 2728
2704 2728
2705 1623
2706 3027
2707 1623
2708 2814
2709 1623
2710 3405
2711 2974
2712 3479
2713 3479
2714 3479
2715 2807
2716 2807
2717 530
2718 1385
2719 1385
2720 3479
2721 3027
2722 3930
2723 529
2724 526
2725 2584
2726 1872
2727 2411
2728 2846
2729 2699
2730 2932
2731 2636
2732 2343
2733 2334
2734 3945
2735 3945
2736 514
2737 3405
2738 2727
2739 516
2740 516
2741 3383
2742 3405
2743 3430
2744 3287
2745 3029
2746 1959
2747 2604
2748 1960
2749 2503
2750 526
2751 3753
2752 1871
2753 2304
2754 3036
2755 2650
2756 2880
2757 1958
2758 2609
2759 2502
2760 2604
2761 2604
2762 1959
2763 3029
2764 2604
2765 2933
2766 3039
2767 2502
2768 3039
2769 2650
2770 2932
2771 1111
2772 2659
2773 2304
2774 2668
2775 2411
2776 2668
2777 2937
2778 2937
2779 1123
2780 2659
2781 2964
2782 1111
2783 2818
2784 2028
2785 1122
2786 3036
2787 2752
2788 3034
2789 2818
2790 3164
2791 3379
2792 3329
2793 2082
2794 1687
2795 3329
2796 3027
2797 3479
2798 3479
2799 3479
2800 3479
2801 3479
2802 3479
2803 3479
2804 3479
2805 3479
2806 3479
2807 3479
2808 3479
2809 3479
2810 3479
2811 1623
2812 3479
2813 3479
2814 3479
2815 1623
2816 2603
2817 3479
2818 2603
2819 2732
2820 2732
2821 3008
2822 1957
2823 1957
2824 1623
2825 1679
2826 1767
2827 5034
2828 2806
2829 2698
2830 2806
2831 537
2832 2695
2833 537
2834 5034
2835 2439
2836 1928
2837 1928
2838 5030
2839 5030
2840 2439
2841 2439
2842 2407
2843 2084
2844 1722
2845 2294
2846 2807
2847 3164
2848 1843
2849 1764
2850 1572
2851 1844
2852 2453
2853 2051
2854 1844
2855 1752
2856 2084
2857 2453
2858 1844
2859 1844
2860 1844
2861 5158
2862 5145
2863 5131
2864 5133
2865 1111
2866 2375
2867 2521
2868 2521
2869 5134
2870 1766
2871 5137
2872 5158
2873 5158
2874 5158
2875 5165
2876 5131
2877 5158
2878 5158
2879 5137
2880 5158
2881 5131
2882 5135
2883 5165
2884 5131
2885 5135
2886 5135
2887 5135
2888 2855
2889 2576
2890 2576
2891 2576
2892 2576
2893 5134
2894 5131
2895 5158
2896 2576
2897 5135
2898 2576
2899 5035
2900 2882
2901 5132
2902 5035
2903 2576
2904 5131
2905 5131
2906 5140
2907 5131
2908 5161
2909 1816
2910 5163
2911 3711
2912 5034
2913 5159
2914 918
2915 537
2916 3080
2917 1816
2918 5162
2919 5166
2920 2695
2921 2695
2922 1815
2923 918
2924 918
2925 5038
2926 5037
2927 5154
2928 1770
2929 5162
2930 5154
2931 1770
2932 2567
2933 5154
2934 521
2935 2846
2936 1965
2937 2912
2938 2879
2939 521
2940 2659
2941 2517
2942 1123
2943 521
2944 1965
2945 1960
2946 521
2947 3404
2948 2848
2949 5032
2950 2504
2951 5032
2952 2608
2953 3430
2954 3404
2955 2593
2956 3930
2957 1965
2958 3404
2959 2728
2960 3103
2961 2504
2962 3550
2963 2566
2964 3911
2965 2702
2966 1965
2967 1956
2968 5034
2969 5137
2970 5163
2971 2759
2972 2522
2973 1770
2974 5137
2975 2567
2976 2848
2977 2566
2978 2636
2979 3207
2980 2566
2981 2848
2982 2848
2983 1111
2984 1770
2985 5163
2986 5155
2987 1111
2988 2565
2989 1837
2990 2566
2991 2567
2992 2567
2993 5134
2994 5140
2995 5035
2996 2872
2997 5035
2998 5035
2999 2522
3000 5145
3001 5151
3002 2867
3003 2867
3004 1121
3005 2759
3006 2571
3007 3041
3008 2872
3009 2567
3010 5140
3011 5142
3012 2567
3013 2759
3014 919
3015 5165
3016 2982
3017 2565
3018 2855
3019 2806
3020 2855
3021 5164
3022 2698
3023 2806
3024 2698
3025 538
3026 2806
3027 2696
3028 3377
3029 3080
3030 2982
3031 2806
3032 538
3033 1933
3034 2696
3035 2971
3036 3163
3037 537
3038 2709
3039 2694
3040 3163
3041 2703
3042 2696
3043 5154
3044 5161
3045 5134
3046 5034
3047 5165
3048 5153
3049 5154
3050 5165
3051 5164
3052 5151
3053 5151
3054 5165
3055 5135
3056 2576
3057 5145
3058 5164
3059 2855
3060 5035
3061 5035
3062 5164
3063 2576
3064 2576
3065 5134
3066 2576
3067 5035
3068 5035
3069 5035
3070 5035
3071 2576
3072 5035
3073 5134
3074 2576
3075 5140
3076 5035
3077 5145
3078 516
3079 2593
3080 3287
3081 3480
3082 3288
3083 2728
3084 516
3085 3029
3086 2933
3087 1960
3088 514
3089 3945
3090 2728
3091 514
3092 3256
3093 1625
3094 1964
3095 1964
3096 2818
3097 3039
3098 522
3099 3039
3100 2819
3101 1964
3102 2565
3103 2565
3104 5132
3105 5132
3106 2985
3107 514
3108 2814
3109 2957
3110 3009
3111 3025
3112 1960
3113 3029
3114 3404
3115 3029
3116 3026
3117 1623
3118 3027
3119 3409
3120 2957
3121 3945
3122 2957
3123 2957
3124 3906
3125 1623
3126 2957
3127 3026
3128 3430
3129 3287
3130 3405
3131 2957
3132 1107
3133 3945
3134 3945
3135 514
3136 3404
3137 1107
3138 3027
3139 3027
3140 2502
3141 2880
3142 3036
3143 2818
3144 2879
3145 2846
3146 2604
3147 2502
3148 3404
3149 1959
3150 1959
3151 1123
3152 1837
3153 2752
3154 2658
3155 2932
3156 1116
3157 2658
3158 2650
3159 2658
3160 2502
3161 1960
3162 1625
3163 2604
3164 3404
3165 3404
3166 3458
3167 1123
3168 2565
3169 5032
3170 2937
3171 2304
3172 2848
3173 2375
3174 1111
3175 2964
3176 3036
3177 2502
3178 2882
3179 2945
3180 2937
3181 2964
3182 2932
3183 2937
3184 5032
3185 2964
3186 3008
3187 3204
3188 2732
3189 526
3190 3027
3191 1623
3192 3409
3193 3479
3194 3479
3195 3479
3196 3027
3197 3479
3198 3479
3199 3479
3200 1623
3201 3008
3202 3008
3203 2461
3204 2603
3205 1623
3206 2287
3207 3479
3208 3027
3209 2957
3210 2728
3211 3505
3212 3576
3213 3505
3214 3755
3215 513
3216 2617
3217 3562
3218 3510
3219 3945
3220 3509
3221 2957
3222 3290
3223 3755
3224 3290
3225 3705
3226 3755
3227 2818
3228 3208
3229 5132
3230 5035
3231 3511
3232 3404
3233 3103
3234 3753
3235 2708
3236 2924
3237 2738
3238 3732
3239 4168
3240 2924
3241 3941
3242 2617
3243 3480
3244 3290
3245 3505
3246 2738
3247 2728
3248 3103
3249 5185
3250 3509
3251 3509
3252 3511
3253 5185
3254 2735
3255 514
3256 2957
3257 3406
3258 2728
3259 3430
3260 2957
3261 2728
3262 2738
3263 3511
3264 4142
3265 2609
3266 2534
3267 521
3268 1958
3269 1959
3270 3103
3271 2848
3272 522
3273 2636
3274 2872
3275 2912
3276 1965
3277 2879
3278 2609
3279 2659
3280 1965
3281 521
3282 1958
3283 2503
3284 3103
3285 2517
3286 2848
3287 2848
3288 2565
3289 5134
3290 5035
3291 2517
3292 5035
3293 2848
3294 2565
3295 1111
3296 2343
3297 2343
3298 2937
3299 4170
3300 2992
3301 2617
3302 2737
3303 2737
3304 4142
3305 3033
3306 4263
3307 2741
3308 1965
3309 5132
3310 1946
3311 3549
3312 2694
3313 3163
3314 2710
3315 2710
3316 2891
3317 2527
3318 534
3319 3025
3320 2497
3321 2407
3322 2918
3323 2918
3324 3025
3325 533
3326 3025
3327 2918
3328 3164
3329 1818
3330 3607
3331 1838
3332 3607
3333 532
3334 2785
3335 2917
3336 3007
3337 1954
3338 3345
3339 1446
3340 3008
3341 3008
3342 2051
3343 3164
3344 3164
3345 534
3346 534
3347 532
3348 1954
3349 2973
3350 1682
3351 3010
3352 3607
3353 2366
3354 5035
3355 5131
3356 2519
3357 5035
3358 5132
3359 2576
3360 5035
3361 2576
3362 5035
3363 5035
3364 5035
3365 5035
3366 5131
3367 5035
3368 1682
3369 2081
3370 525
3371 3549
3372 1875
3373 2085
3374 1874
3375 1879
3376 2028
3377 3163
3378 2709
3379 2891
3380 2028
3381 2891
3382 2971
3383 1923
3384 1837
3385 2343
3386 2971
3387 2565
3388 2806
3389 2519
3390 2304
3391 2982
3392 2375
3393 5035
3394 2565
3395 2565
3396 5132
3397 2519
3398 2519
3399 5132
3400 2567
3401 2462
3402 2567
3403 2462
3404 5035
3405 2519
3406 5132
3407 5035
3408 2462
3409 5132
3410 2567
3411 2519
3412 2567
3413 2567
3414 5132
3415 5132
3416 2731
3417 2846
3418 525
3419 2707
3420 2971
3421 522
3422 2971
3423 2971
3424 3477
3425 4001
3426 2973
3427 2973
3428 2165
3429 4252
3430 3937
3431 3079
3432 3268
3433 2708
3434 3527
3435 3268
3436 3825
3437 2733
3438 3008
3439 3825
3440 3950
3441 2733
3442 1954
3443 3580
3444 2733
3445 3013
3446 3012
3447 2733
3448 4056
3449 2735
3450 3010
3451 3568
3452 3583
3453 3937
3454 3850
3455 3079
3456 3163
3457 3079
3458 2973
3459 1954
3460 3011
3461 2785
3462 2334
3463 2733
3464 3010
3465 5035
3466 5035
3467 2576
3468 5132
3469 5134
3470 5035
3471 5035
3472 5035
3473 525
3474 524
3475 1879
3476 2708
3477 2412
3478 522
3479 3849
3480 522
3481 2412
3482 1922
3483 2368
3484 1967
3485 2028
3486 2028
3487 2971
3488 2971
3489 2462
3490 2871
3491 2971
3492 2565
3493 5132
3494 5132
3495 2462
3496 2971
3497 2462
3498 2565
3499 2375
3500 2855
3501 5132
3502 2375
3503 1124
3504 2567
3505 5132
3506 2567
3507 5132
3508 2519
3509 2567
3510 2519
3511 5132
3512 5132
3513 2519
3514 2519
3515 2567
3516 3851
3517 2567
3518 5132
3519 5132
3520 2567
3521 2519
3522 2519
3523 5132
3524 2957
3525 2957
3526 2957
3527 1623
3528 1623
3529 1623
3530 3409
3531 3027
3532 3027
3533 2957
3534 2957
3535 2957
3536 3480
3537 3027
3538 3027
3539 3906
3540 3479
3541 3479
3542 3027
3543 3027
3544 1623
3545 1623
3546 1623
3547 2957
3548 2957
3549 3290
3550 3290
3551 3290
3552 3027
3553 1623
3554 3290
3555 3336
3556 1623
3557 3026
3558 3027
3559 3586
3560 3586
3561 2974
3562 1623
3563 1623
3564 1623
3565 2287
3566 2461
3567 2603
3568 2287
3569 1623
3570 1623
3571 1623
3572 3027
3573 3027
3574 2985
3575 1623
3576 2957
3577 2985
3578 2985
3579 3027
3580 3027
3581 3376
3582 2917
3583 2166
3584 2287
3585 3026
3586 3461
3587 3336
3588 2393
3589 2393
3590 1853
3591 1858
3592 1853
3593 1122
3594 5026
3595 2818
3596 5032
3597 2964
3598 5032
3599 1124
3600 2375
3601 1125
3602 2566
3603 5132
3604 5132
3605 5132
3606 2202
3607 2425
3608 874
3609 2202
3610 2202
3611 2092
3612 2092
3613 3137
3614 2351
3615 2048
3616 2984
3617 2044
3618 2580
3619 2337
3620 2219
3621 2580
3622 2392
3623 872
3624 2693
3625 2580
3626 872
3627 2092
3628 2351
3629 2351
3630 2423
3631 2392
3632 2371
3633 2351
3634 2127
3635 2083
3636 874
3637 2240
3638 2981
3639 2219
3640 1988
3641 868
3642 1988
3643 2045
3644 2253
3645 3350
3646 3144
3647 2127
3648 2092
3649 2073
3650 1987
3651 1987
3652 2083
3653 1978
3654 2044
3655 2044
3656 2092
3657 2092
3658 2003
3659 2202
3660 1988
3661 2949
3662 3350
3663 2033
3664 3337
3665 1990
3666 2048
3667 2092
3668 1988
3669 1978
3670 2046
3671 2220
3672 1987
3673 2202
3674 2202
3675 3138
3676 2092
3677 2202
3678 1988
3679 2048
3680 2092
3681 3090
3682 2048
3683 1990
3684 2016
3685 2044
3686 3337
3687 1988
3688 2092
3689 2202
3690 2045
3691 2202
3692 2202
3693 1979
3694 2064
3695 2222
3696 2045
3697 2004
3698 2073
3699 1996
3700 2048
3701 1979
3702 1987
3703 2044
3704 2044
3705 2046
3706 2127
3707 2197
3708 3049
3709 2382
3710 3349
3711 3352
3712 2155
3713 3339
3714 3047
3715 2158
3716 2984
3717 2161
3718 3272
3719 2048
3720 2952
3721 2380
3722 3353
3723 2156
3724 2067
3725 2127
3726 2380
3727 3258
3728 2219
3729 2155
3730 2380
3731 3337
3732 3337
3733 3259
3734 3137
3735 2092
3736 2092
3737 2127
3738 3305
3739 2952
3740 2382
3741 2382
3742 3049
3743 2157
3744 2156
3745 3275
3746 2161
3747 3193
3748 3144
3749 3272
3750 2380
3751 2984
3752 3144
3753 3137
3754 2954
3755 2092
3756 2127
3757 3338
3758 2380
3759 2155
3760 1999
3761 2219
3762 2380
3763 2984
3764 2202
3765 2202
3766 1988
3767 2202
3768 2153
3769 3145
3770 2196
3771 2202
3772 2003
3773 2153
3774 3192
3775 874
3776 2004
3777 2004
3778 2229
3779 2196
3780 2153
3781 2153
3782 2046
3783 2004
3784 2046
3785 2250
3786 2112
3787 2112
3788 3192
3789 1988
3790 3337
3791 2163
3792 3219
3793 2984
3794 2153
3795 3337
3796 2380
3797 2984
3798 3260
3799 3350
3800 3142
3801 2984
3802 3350
3803 3350
3804 3260
3805 2380
3806 2380
3807 2984
3808 3193
3809 3137
3810 3259
3811 2092
3812 2044
3813 2380
3814 3203
3815 2380
3816 3191
3817 2380
3818 2048
3819 3350
3820 2058
3821 866
3822 2204
3823 2259
3824 2425
3825 2363
3826 2004
3827 2853
3828 2202
3829 2202
3830 2203
3831 2233
3832 870
3833 3191
3834 3089
3835 866
3836 2202
3837 3089
3838 2163
3839 2984
3840 2936
3841 2965
3842 2448
3843 870
3844 3145
3845 2391
3846 2261
3847 3954
3848 2425
3849 2425
3850 2046
3851 2853
3852 2163
3853 2984
3854 188
3855 99
3856 165
3857 52
3858 4954
3859 4954
3860 129
3861 4954
3862 89
3863 4
3864 52
3865 200
3866 5
3867 200
3868 200
3869 143
3870 412
3871 119
3872 89
3873 159
3874 165
3875 412
3876 165
3877 348
3878 348
3879 159
3880 165
3881 348
3882 0
3883 89
3884 143
3885 156
3886 4954
3887 232
3888 4954
3889 4954
3890 5
3891 4954
3892 0
3893 165
3894 240
3895 14
3896 119
3897 14
3898 13
3899 348
3900 156
3901 66
3902 231
3903 165
3904 349
3905 14
3906 157
3907 28
3908 26
3909 80
3910 156
3911 26
3912 15
3913 102
3914 102
3915 28
3916 157
3917 44
3918 156
3919 231
3920 77
3921 29
3922 349
3923 101
3924 200
3925 4921
3926 4921
3927 4900
3928 4852
3929 4900
3930 4869
3931 4610
3932 4758
3933 4900
3934 4852
3935 4852
3936 5103
3937 4716
3938 4575
3939 4575
3940 4758
3941 5118
3942 4725
3943 4782
3944 4692
3945 4692
3946 4869
3947 4933
3948 4869
3949 4892
3950 4513
3951 4921
3952 4563
3953 4583
3954 4936
3955 4892
3956 4562
3957 4911
3958 4749
3959 4921
3960 4910
3961 4911
3962 4750
3963 4910
3964 4911
3965 4563
3966 4897
3967 4938
3968 4675
3969 4897
3970 4675
3971 4911
3972 4732
3973 4583
3974 4631
3975 4716
3976 4725
3977 4782
3978 4515
3979 4626
3980 4774
3981 4909
3982 4869
3983 4922
3984 4716
3985 4759
3986 4865
3987 4821
3988 4725
3989 4725
3990 4918
3991 4563
3992 4925
3993 4683
3994 4563
3995 4777
3996 4897
3997 4892
3998 4910
3999 5103
4000 5103
4001 4725
4002 4865
4003 4782
4004 4921
4005 4641
4006 4572
4007 5107
4008 4924
4009 5105
4010 4782
4011 4575
4012 5105
4013 4765
4014 4758
4015 5107
4016 4631
4017 4732
4018 4781
4019 4627
4020 4583
4021 4936
4022 5111
4023 4821
4024 4627
4025 4774
4026 4774
4027 4892
4028 4627
4029 4617
4030 4696
4031 4865
4032 4617
4033 4716
4034 4774
4035 4696
4036 4645
4037 4633
4038 4617
4039 4869
4040 4774
4041 4627
4042 4692
4043 4512
4044 4505
4045 4716
4046 4812
4047 4627
4048 4637
4049 4918
4050 4900
4051 4869
4052 4932
4053 4765
4054 4841
4055 4716
4056 5103
4057 4659
4058 4750
4059 4911
4060 412
4061 199
4062 283
4063 159
4064 159
4065 412
4066 100
4067 99
4068 17
4069 159
4070 283
4071 159
4072 159
4073 4954
4074 4954
4075 159
4076 346
4077 346
4078 346
4079 159
4080 159
4081 346
4082 348
4083 17
4084 156
4085 102
4086 29
4087 156
4088 26
4089 28
4090 156
4091 348
4092 29
4093 29
4094 62
4095 26
4096 240
4097 29
4098 228
4099 157
4100 157
4101 102
4102 102
4103 157
4104 228
4105 140
4106 170
4107 170
4108 170
4109 170
4110 138
4111 139
4112 170
4113 104
4114 170
4115 228
4116 170
4117 193
4118 157
4119 102
4120 228
4121 169
4122 162
4123 157
4124 228
4125 228
4126 162
4127 139
4128 193
4129 102
4130 102
4131 157
4132 102
4133 102
4134 228
4135 103
4136 139
4137 228
4138 103
4139 139
4140 139
4141 170
4142 139
4143 140
4144 157
4145 113
4146 132
4147 28
4148 132
4149 169
4150 113
4151 193
4152 157
4153 102
4154 157
4155 26
4156 102
4157 29
4158 156
4159 102
4160 29
4161 26
4162 163
4163 193
4164 157
4165 169
4166 193
4167 132
4168 156
4169 157
4170 165
4171 17
4172 443
4173 17
4174 17
4175 16
4176 17
4177 17
4178 443
4179 348
4180 443
4181 4911
4182 5103
4183 5103
4184 4513
4185 4734
4186 4892
4187 4921
4188 4892
4189 4501
4190 4911
4191 4897
4192 4575
4193 4666
4194 4829
4195 4791
4196 4897
4197 4693
4198 4633
4199 4611
4200 4578
4201 4734
4202 4623
4203 4918
4204 4775
4205 4633
4206 4776
4207 4829
4208 4565
4209 4675
4210 4645
4211 4608
4212 4572
4213 4692
4214 4675
4215 5117
4216 5118
4217 4725
4218 4576
4219 5107
4220 4572
4221 4852
4222 4725
4223 4774
4224 4793
4225 4641
4226 4639
4227 4622
4228 4652
4229 4512
4230 4754
4231 4781
4232 4576
4233 4759
4234 5110
4235 4659
4236 5107
4237 4641
4238 4513
4239 5103
4240 4759
4241 5107
4242 4692
4243 5103
4244 5103
4245 4641
4246 4631
4247 4652
4248 4641
4249 4641
4250 4641
4251 4754
4252 4575
4253 5116
4254 4641
4255 4641
4256 4641
4257 5116
4258 5103
4259 4650
4260 4609
4261 4513
4262 4572
4263 5117
4264 4753
4265 4758
4266 4754
4267 4631
4268 4576
4269 5107
4270 4576
4271 4661
4272 4765
4273 4765
4274 4641
4275 5103
4276 4641
4277 4652
4278 4610
4279 4716
4280 4611
4281 4576
4282 4611
4283 4641
4284 4641
4285 4641
4286 5107
4287 4641
4288 4725
4289 4725
4290 4513
4291 4575
4292 4915
4293 4754
4294 5118
4295 4716
4296 5103
4297 4852
4298 4852
4299 4754
4300 4641
4301 5103
4302 4852
4303 4505
4304 4631
4305 4576
4306 4852
4307 4650
4308 4758
4309 4852
4310 4865
4311 4852
4312 4915
4313 4716
4314 4852
4315 5118
4316 4725
4317 4622
4318 4641
4319 4793
4320 4915
4321 4765
4322 5103
4323 4716
4324 5118
4325 4575
4326 4576
4327 4852
4328 4716
4329 4716
4330 4782
4331 4631
4332 4631
4333 4782
4334 4716
4335 4716
4336 4852
4337 5118
4338 4725
4339 4918
4340 5103
4341 4631
4342 4759
4343 4754
4344 4915
4345 4716
4346 4754
4347 4575
4348 4852
4349 4915
4350 5107
4351 4725
4352 4781
4353 5103
4354 4614
4355 4613
4356 4781
4357 4781
4358 4781
4359 4781
4360 4765
4361 4781
4362 4781
4363 4781
4364 4781
4365 4512
4366 4781
4367 4781
4368 4505
4369 4793
4370 4650
4371 4611
4372 5103
4373 5110
4374 4631
4375 4576
4376 4650
4377 4611
4378 4650
4379 4575
4380 4781
4381 4781
4382 4781
4383 5110
4384 4782
4385 4781
4386 4781
4387 4781
4388 4781
4389 4781
4390 4781
4391 4781
4392 5107
4393 4614
4394 4918
4395 4765
4396 4672
4397 4512
4398 4781
4399 4754
4400 4631
4401 4759
4402 4576
4403 4652
4404 4765
4405 4650
4406 4759
4407 4865
4408 4637
4409 4696
4410 4696
4411 4758
4412 4852
4413 4852
4414 4865
4415 4852
4416 5103
4417 5118
4418 4884
4419 4781
4420 4661
4421 4758
4422 4841
4423 4661
4424 4641
4425 4781
4426 4641
4427 4884
4428 4781
4429 4781
4430 4505
4431 4641
4432 4781
4433 4781
4434 4610
4435 4839
4436 4839
4437 4852
4438 4576
4439 4614
4440 5103
4441 4924
4442 5105
4443 4696
4444 4765
4445 5103
4446 4844
4447 4762
4448 4810
4449 5102
4450 4900
4451 4810
4452 4933
4453 4915
4454 4900
4455 4916
4456 4696
4457 4844
4458 4887
4459 4933
4460 4838
4461 4852
4462 4610
4463 4916
4464 5107
4465 4660
4466 4505
4467 4505
4468 4505
4469 5103
4470 4852
4471 4765
4472 5107
4473 4793
4474 4793
4475 4716
4476 5105
4477 4852
4478 5107
4479 4884
4480 5103
4481 4918
4482 4759
4483 5107
4484 4641
4485 4631
4486 4900
4487 4810
4488 4900
4489 5107
4490 4765
4491 4505
4492 5103
4493 4884
4494 4661
4495 5107
4496 5107
4497 4576
4498 4505
4499 4505
4500 4505
4501 4918
4502 4845
4503 4841
4504 4765
4505 4575
4506 4614
4507 5103
4508 4852
4509 5107
4510 4639
4511 4639
4512 4850
4513 4641
4514 4505
4515 4613
4516 4610
4517 4641
4518 4641
4519 4725
4520 4611
4521 4841
4522 4852
4523 4810
4524 4725
4525 4633
4526 4611
4527 5107
4528 4650
4529 4840
4530 4652
4531 4652
4532 4884
4533 4576
4534 4505
4535 446
4536 446
4537 103
4538 103
4539 170
4540 170
4541 104
4542 141
4543 103
4544 103
4545 139
4546 169
4547 169
4548 162
4549 157
4550 157
4551 162
4552 28
4553 169
4554 193
4555 228
4556 169
4557 169
4558 162
4559 193
4560 228
4561 28
4562 28
4563 169
4564 157
4565 157
4566 113
4567 170
4568 139
4569 139
4570 169
4571 103
4572 113
4573 139
4574 139
4575 4754
4576 4622
4577 4611
4578 5103
4579 4576
4580 4759
4581 4758
4582 4841
4583 4850
4584 4765
4585 4631
4586 4850
4587 4918
4588 4810
4589 4765
4590 4614
4591 5103
4592 5103
4593 4915
4594 4887
4595 4900
4596 4782
4597 4631
4598 4900
4599 4887
4600 4850
4601 4754
4602 4725
4603 4915
4604 5103
4605 4725
4606 4884
4607 4576
4608 4765
4609 4631
4610 5103
4611 4641
4612 5103
4613 4915
4614 4781
4615 4781
4616 4781
4617 4781
4618 4781
4619 4661
4620 4505
4621 4505
4622 4505
4623 4622
4624 4781
4625 4781
4626 4672
4627 4841
4628 4781
4629 4781
4630 4781
4631 5107
4632 4845
4633 4661
4634 4781
4635 5107
4636 4793
4637 4505
4638 4781
4639 4781
4640 4781
4641 4781
4642 4781
4643 4781
4644 4505
4645 4622
4646 4841
4647 4641
4648 4505
4649 5105
4650 5105
4651 4781
4652 4793
4653 4850
4654 4900
4655 4900
4656 5112
4657 4865
4658 4672
4659 4661
4660 4716
4661 4650
4662 4781
4663 4754
4664 4505
4665 4641
4666 4765
4667 5110
4668 4781
4669 4765
4670 4765
4671 4508
4672 5107
4673 4613
4674 4793
4675 4505
4676 4765
4677 4508
4678 4505
4679 4505
4680 4641
4681 4661
4682 4505
4683 4505
4684 4622
4685 4505
4686 4505
4687 4622
4688 4622
4689 4781
4690 4622
4691 4661
4692 228
4693 132
4694 193
4695 193
4696 112
4697 112
4698 102
4699 109
4700 169
4701 139
4702 5103
4703 4692
4704 5118
4705 5104
4706 4578
4707 4865
4708 4865
4709 4575
4710 5118
4711 4758
4712 4652
4713 4575
4714 5118
4715 4716
4716 4575
4717 5103
4718 4716
4719 4696
4720 4754
4721 5103
4722 4782
4723 4852
4724 4657
4725 5103
4726 4753
4727 4852
4728 4515
4729 4657
4730 4693
4731 4865
4732 4696
4733 4782
4734 5118
4735 4716
4736 4716
4737 4915
4738 2606
4739 2606
4740 2277
4741 2277
4742 2606
4743 2277
4744 2606
4745 2277
4746 2606
4747 2634
4748 2550
4749 2549
4750 2634
4751 2395
4752 2546
4753 2723
4754 2723
4755 2634
4756 2634
4757 2280
4758 2634
4759 2723
4760 2723
4761 2634
4762 2280
4763 2551
4764 2315
4765 2725
4766 2268
4767 2268
4768 2318
4769 2478
4770 2551
4771 2546
4772 2550
4773 2280
4774 2546
4775 2280
4776 2280
4777 2395
4778 2723
4779 2395
4780 2395
4781 2551
4782 2318
4783 2301
4784 2318
4785 2315
4786 2268
4787 2301
4788 2199
4789 2276
4790 2808
4791 2172
4792 2808
4793 2494
4794 2172
4795 2476
4796 2171
4797 2500
4798 2173
4799 2500
4800 2476
4801 2173
4802 2500
4803 2171
4804 2500
4805 2199
4806 2149
4807 1992
4808 2173
4809 2102
4810 2061
4811 1985
4812 2981
4813 3091
4814 2173
4815 2276
4816 1986
4817 2500
4818 2128
4819 2173
4820 2666
4821 2199
4822 2981
4823 2382
4824 2124
4825 2172
4826 2124
4827 2981
4828 2104
4829 2494
4830 2173
4831 2276
4832 2500
4833 2476
4834 2199
4835 2137
4836 2062
4837 2476
4838 2274
4839 3090
4840 2999
4841 2172
4842 2930
4843 2750
4844 2266
4845 2266
4846 2272
4847 2725
4848 2172
4849 2274
4850 2171
4851 3091
4852 2501
4853 2171
4854 2173
4855 2199
4856 2606
4857 2277
4858 871
4859 2121
4860 2323
4861 2606
4862 2277
4863 2048
4864 2278
4865 2494
4866 2091
4867 2173
4868 1986
4869 2124
4870 2137
4871 2954
4872 2045
4873 2241
4874 2218
4875 2949
4876 2218
4877 2175
4878 2999
4879 2199
4880 3069
4881 2689
4882 2117
4883 2176
4884 2103
4885 2323
4886 2384
4887 2240
4888 2273
4889 2953
4890 2016
4891 2275
4892 2279
4893 2378
4894 2121
4895 2277
4896 2606
4897 2142
4898 2382
4899 2173
4900 3262
4901 2011
4902 2146
4903 3262
4904 2981
4905 2422
4906 2954
4907 2983
4908 2513
4909 2119
4910 2137
4911 2379
4912 2273
4913 2494
4914 3298
4915 2693
4916 2273
4917 3014
4918 3003
4919 2513
4920 2102
4921 2137
4922 2273
4923 2459
4924 2219
4925 2355
4926 2721
4927 2339
4928 2227
4929 2295
4930 2447
4931 2505
4932 2353
4933 2505
4934 2861
4935 2922
4936 2340
4937 2861
4938 2505
4939 2339
4940 2282
4941 2564
4942 2325
4943 2490
4944 2340
4945 2564
4946 2490
4947 2101
4948 2284
4949 2595
4950 2606
4951 2278
4952 2721
4953 2634
4954 2551
4955 2282
4956 2282
4957 2385
4958 2318
4959 2315
4960 2606
4961 2546
4962 2606
4963 2634
4964 2396
4965 2549
4966 2498
4967 2861
4968 2112
4969 2353
4970 2101
4971 873
4972 2276
4973 2101
4974 2272
4975 2265
4976 2253
4977 2101
4978 2999
4979 1988
4980 2253
4981 2954
4982 2564
4983 2338
4984 2861
4985 2564
4986 2339
4987 2435
4988 2721
4989 2910
4990 2505
4991 2564
4992 2585
4993 2861
4994 2791
4995 2564
4996 2936
4997 2340
4998 2355
4999 2227
5000 2282
5001 2532
5002 2340
5003 2112
5004 2492
5005 2936
5006 3015
5007 2277
5008 2276
5009 2396
5010 2634
5011 2171
5012 2171
5013 2723
5014 2606
5015 2172
5016 2301
5017 2498
5018 2606
5019 2606
5020 2634
5021 2634
5022 2457
5023 2277
5024 2277
5025 2112
5026 2984
5027 2808
5028 2808
5029 3203
5030 2999
5031 2325
5032 2265
5033 3090
5034 2266
5035 2983
5036 2999
5037 2323
5038 2101
5039 3193
5040 2983
5041 3193
5042 2883
5043 2490
5044 2395
5045 2634
5046 2498
5047 2315
5048 2171
5049 2606
5050 2498
5051 2498
5052 2457
5053 2478
5054 2315
5055 2268
5056 2355
5057 2791
5058 5039
5059 2385
5060 2282
5061 2282
5062 2282
5063 2270
5064 2478
5065 2387
5066 2564
5067 3038
5068 2936
5069 2490
5070 2328
5071 2791
5072 2595
5073 2987
5074 2922
5075 2585
5076 2936
5077 2791
5078 2459
5079 2808
5080 2808
5081 3038
5082 140
5083 109
5084 443
5085 348
5086 4865
5087 4915
5088 4513
5089 4852
5090 4869
5091 4812
5092 4841
5093 4612
5094 141
5095 4812
5096 4646
5097 49
5098 193
5099 5118
5100 4641
5101 890
5102 3786
5103 1225
5104 3679
5105 3679
5106 3662
5107 890
5108 3822
5109 3924
5110 3678
5111 3822
5112 4364
5113 4363
5114 3869
5115 3649
5116 4364
5117 3774
5118 2101
5119 2805
5120 2493
5121 1764
5122 2728
5123 3193
5124 5103
5125 2501
5126 2396
5127 2172
5128 2173
5129 2171
5130 1986
5131 2119
5132 2173
5133 2500
5134 2476
5135 2172
5136 2936
5137 1764
5138 4900
5139 2500
5140 2808
5141 3090
5142 2276
5143 2666
5144 2173
5145 2199
5146 2981
5147 2276
5148 2173
5149 2173
5150 3103
5151 2846
5152 2658
5153 4743
5154 5035
5155 4505
5156 3616
5157 4788
5158 4788
5159 3036
5160 2650
5161 5132
5162 2957
5163 4759
5164 4793
5165 2492
5166 2167
5167 2854
5168 4918
5169 2500
5170 2750
5171 2500
5172 2172
5173 2396
5174 2750
5175 2091
5176 2199
5177 2199
5178 2500
5179 2173
5180 2128
5181 2124
5182 2199
5183 2808
5184 4284
5185 4228
5186 4228
5187 2567
5188 2565
5189 29
5190 157
5191 2101
5192 2595
5193 2278
5194 2666
5195 2498
5196 2170
5197 4359
5198 2681
5199 2681
5200 2681
5201 102
5202 157
5203 2173
5204 2273
