0 5122
1 5122
2 5122
3 137
4 14
5 55
6 90
7 55
8 732
9 40
10 55
11 5
12 40
13 794
14 733
15 5122
16 5122
17 5122
18 5122
19 5122
20 5122
21 5122
22 5122
23 5122
24 138
25 5122
26 5122
27 5122
28 5122
29 5122
30 5122
31 5122
32 5122
33 5122
34 5122
35 5122
36 5122
37 5122
38 138
39 5122
40 138
41 138
42 138
43 5122
44 138
45 138
46 5122
47 5122
48 5122
49 5122
50 5122
51 5122
52 138
53 5122
54 138
55 138
56 5122
57 5122
58 138
59 5122
60 5122
61 5122
62 5122
63 5122
64 5122
65 5122
66 5122
67 138
68 5122
69 5122
70 5122
71 5122
72 5122
73 5122
74 138
75 5122
76 5122
77 5122
78 5122
79 5122
80 5122
81 5122
82 5122
83 5122
84 5122
85 5122
86 138
87 5122
88 138
89 138
90 58
91 138
92 5122
93 138
94 56
95 5122
96 138
97 5122
98 56
99 138
100 42
101 138
102 139
103 56
104 56
105 138
106 138
107 55
108 38
109 5124
110 5124
111 138
112 105
113 5122
114 5122
115 5122
116 5122
117 5122
118 5122
119 5122
120 5122
121 5122
122 5122
123 5122
124 5122
125 5122
126 5122
127 5122
128 5122
129 5122
130 5122
131 5122
132 5122
133 5122
134 5122
135 5122
136 5122
137 5122
138 5122
139 5122
140 5122
141 5122
142 5122
143 5122
144 5122
145 5122
146 5122
147 5122
148 5122
149 5122
150 5122
151 5122
152 5122
153 5122
154 5122
155 5122
156 5122
157 5122
158 5122
159 5122
160 5122
161 5122
162 5122
163 5122
164 5122
165 139
166 5122
167 5122
168 5122
169 5122
170 139
171 5124
172 5122
173 5122
174 139
175 137
176 5122
177 5122
178 5122
179 5122
180 5122
181 5122
182 5122
183 5122
184 5122
185 5122
186 5122
187 5122
188 5122
189 5122
190 5122
191 5122
192 5122
193 5122
194 5122
195 5122
196 5122
197 5122
198 5122
199 5122
200 5122
201 139
202 139
203 139
204 5122
205 5122
206 5124
207 5122
208 5122
209 5122
210 5122
211 5122
212 5122
213 5122
214 5122
215 5122
216 5122
217 5122
218 5122
219 139
220 5122
221 5122
222 5122
223 5122
224 5122
225 5122
226 5122
227 5122
228 5122
229 5122
230 5122
231 5122
232 5122
233 5122
234 5122
235 5122
236 137
237 139
238 139
239 137
240 139
241 137
242 139
243 139
244 5122
245 139
246 5127
247 139
248 139
249 228
250 228
251 228
252 139
253 169
254 137
255 5122
256 5122
257 5122
258 5122
259 139
260 139
261 5122
262 5122
263 5122
264 5122
265 5122
266 139
267 137
268 137
269 139
270 5122
271 5122
272 139
273 137
274 169
275 137
276 5125
277 2
278 2
279 137
280 5122
281 5122
282 137
283 139
284 137
285 137
286 139
287 139
288 139
289 41
290 298
291 327
292 5127
293 5127
294 5127
295 5122
296 5122
297 5122
298 139
299 5122
300 5122
301 5122
302 5122
303 288
304 334
305 330
306 5125
307 5127
308 169
309 137
310 139
311 5125
312 288
313 298
314 137
315 137
316 137
317 2
318 137
319 5127
320 169
321 232
322 137
323 232
324 244
325 327
326 232
327 169
328 139
329 139
330 139
331 139
332 139
333 139
334 139
335 137
336 473
337 473
338 473
339 473
340 346
341 865
342 360
343 622
344 444
345 622
346 439
347 347
348 349
349 350
350 943
351 943
352 473
353 473
354 473
355 473
356 473
357 473
358 473
359 473
360 473
361 473
362 473
363 473
364 473
365 473
366 473
367 473
368 473
369 473
370 473
371 473
372 473
373 473
374 473
375 473
376 473
377 473
378 473
379 473
380 473
381 473
382 473
383 473
384 473
385 473
386 473
387 473
388 473
389 473
390 473
391 360
392 473
393 473
394 392
395 485
396 485
397 473
398 473
399 473
400 485
401 473
402 392
403 473
404 473
405 473
406 473
407 473
408 473
409 473
410 473
411 485
412 485
413 485
414 473
415 339
416 473
417 473
418 339
419 589
420 339
421 339
422 473
423 473
424 392
425 473
426 437
427 554
428 554
429 554
430 554
431 473
432 473
433 473
434 473
435 473
436 579
437 664
438 664
439 442
440 381
441 473
442 392
443 473
444 442
445 443
446 392
447 494
448 443
449 473
450 473
451 473
452 473
453 473
454 473
455 473
456 473
457 473
458 473
459 473
460 473
461 473
462 473
463 473
464 473
465 473
466 473
467 473
468 473
469 473
470 485
471 485
472 473
473 473
474 473
475 473
476 473
477 473
478 473
479 473
480 485
481 485
482 485
483 485
484 473
485 473
486 473
487 473
488 473
489 473
490 485
491 473
492 485
493 485
494 473
495 473
496 485
497 485
498 485
499 554
500 485
501 485
502 339
503 582
504 473
505 339
506 554
507 485
508 554
509 554
510 339
511 485
512 473
513 485
514 473
515 473
516 485
517 589
518 589
519 554
520 554
521 589
522 589
523 589
524 562
525 473
526 473
527 485
528 485
529 485
530 485
531 473
532 473
533 339
534 473
535 485
536 485
537 485
538 339
539 339
540 485
541 485
542 485
543 473
544 485
545 473
546 554
547 473
548 485
549 589
550 485
551 554
552 554
553 582
554 554
555 485
556 485
557 485
558 473
559 485
560 485
561 485
562 589
563 485
564 589
565 589
566 589
567 589
568 485
569 582
570 485
571 554
572 554
573 554
574 485
575 485
576 485
577 664
578 582
579 394
580 417
581 582
582 582
583 442
584 378
585 442
586 563
587 554
588 582
589 589
590 554
591 589
592 485
593 554
594 554
595 589
596 582
597 582
598 582
599 554
600 600
601 339
602 485
603 485
604 485
605 554
606 554
607 392
608 378
609 381
610 378
611 339
612 589
613 554
614 554
615 554
616 485
617 485
618 554
619 485
620 485
621 554
622 351
623 444
624 343
625 394
626 391
627 394
628 473
629 485
630 473
631 554
632 589
633 589
634 589
635 635
636 445
637 439
638 445
639 391
640 442
641 339
642 664
643 442
644 635
645 439
646 349
647 485
648 378
649 378
650 485
651 442
652 391
653 339
654 442
655 394
656 440
657 635
658 444
659 387
660 554
661 554
662 554
663 554
664 554
665 339
666 554
667 485
668 2238
669 2346
670 2298
671 2298
672 2346
673 2346
674 2298
675 2352
676 2374
677 2346
678 2374
679 2298
680 2751
681 2754
682 2754
683 2751
684 2751
685 687
686 2754
687 2615
688 2751
689 2751
690 2615
691 716
692 671
693 716
694 2353
695 694
696 671
697 694
698 716
699 669
700 716
701 716
702 669
703 669
704 671
705 2353
706 678
707 678
708 678
709 673
710 678
711 678
712 673
713 678
714 671
715 706
716 678
717 2353
718 671
719 694
720 813
721 693
722 700
723 700
724 789
725 674
726 694
727 699
728 699
729 751
730 800
731 723
732 796
733 796
734 796
735 831
736 834
737 801
738 790
739 757
740 769
741 723
742 757
743 719
744 695
745 757
746 800
747 800
748 757
749 757
750 801
751 835
752 802
753 695
754 700
755 790
756 710
757 699
758 790
759 700
760 800
761 751
762 695
763 790
764 700
765 710
766 790
767 790
768 784
769 700
770 716
771 757
772 784
773 710
774 790
775 790
776 700
777 770
778 790
779 700
780 757
781 769
782 802
783 784
784 699
785 695
786 718
787 724
788 724
789 710
790 710
791 710
792 798
793 831
794 796
795 801
796 801
797 801
798 799
799 835
800 694
801 751
802 800
803 812
804 693
805 718
806 695
807 753
808 751
809 783
810 807
811 834
812 802
813 814
814 751
815 825
816 834
817 802
818 781
819 825
820 758
821 783
822 781
823 802
824 723
825 804
826 774
827 806
828 786
829 835
830 802
831 802
832 835
833 800
834 835
835 695
836 853
837 856
838 852
839 685
840 848
841 849
842 852
843 852
844 852
845 852
846 852
847 688
848 683
849 689
850 689
851 860
852 689
853 688
854 853
855 689
856 689
857 853
858 849
859 856
860 688
861 689
862 681
863 837
864 856
865 938
866 910
867 914
868 914
869 842
870 842
871 854
872 915
873 842
874 896
875 906
876 912
877 879
878 877
879 947
880 947
881 976
882 947
883 938
884 909
885 909
886 909
887 922
888 922
889 923
890 922
891 910
892 912
893 922
894 914
895 922
896 948
897 908
898 858
899 914
900 914
901 910
902 922
903 914
904 910
905 842
906 946
907 906
908 840
909 914
910 842
911 922
912 910
913 922
914 842
915 852
916 842
917 922
918 852
919 842
920 909
921 922
922 914
923 910
924 909
925 922
926 922
927 912
928 978
929 916
930 852
931 910
932 918
933 912
934 921
935 852
936 852
937 842
938 907
939 970
940 943
941 906
942 943
943 907
944 907
945 948
946 840
947 945
948 863
949 854
950 915
951 837
952 863
953 946
954 866
955 892
956 907
957 948
958 906
959 956
960 947
961 957
962 928
963 975
964 976
965 978
966 974
967 917
968 917
969 927
970 978
971 921
972 912
973 911
974 921
975 913
976 917
977 867
978 912
979 978
980 948
981 902
982 858
983 986
984 4725
985 4700
986 4700
987 4725
988 4700
989 4916
990 4725
991 4700
992 986
993 4725
994 986
995 986
996 4725
997 4916
998 4618
999 987
1000 986
1001 4725
1002 4700
1003 4700
1004 4725
1005 4700
1006 4725
1007 4700
1008 4700
1009 4700
1010 4916
1011 986
1012 4725
1013 4725
1014 4725
1015 4725
1016 4725
1017 4725
1018 986
1019 4700
1020 4700
1021 4725
1022 4700
1023 4728
1024 4725
1025 4700
1026 4725
1027 1019
1028 986
1029 4700
1030 986
1031 4624
1032 4618
1033 1019
1034 4700
1035 4700
1036 4700
1037 4700
1038 4700
1039 4700
1040 4725
1041 4700
1042 4700
1043 1019
1044 4916
1045 4798
1046 4725
1047 4725
1048 4725
1049 4725
1050 4725
1051 986
1052 4618
1053 4624
1054 4578
1055 986
1056 5042
1057 5042
1058 4618
1059 4618
1060 986
1061 986
1062 4618
1063 5022
1064 4624
1065 5022
1066 1055
1067 1055
1068 5042
1069 4578
1070 1077
1071 986
1072 4578
1073 4618
1074 5042
1075 5042
1076 1077
1077 5041
1078 5041
1079 5041
1080 5041
1081 5035
1082 4615
1083 1077
1084 4618
1085 1077
1086 4578
1087 986
1088 986
1089 5022
1090 4578
1091 4615
1092 4618
1093 1077
1094 1094
1095 1145
1096 1364
1097 1219
1098 1098
1099 1171
1100 1164
1101 1147
1102 1159
1103 1157
1104 1182
1105 1145
1106 1106
1107 1107
1108 1169
1109 1144
1110 1164
1111 1155
1112 1112
1113 1156
1114 1151
1115 1150
1116 1114
1117 1117
1118 1119
1119 1404
1120 1136
1121 1122
1122 1111
1123 1157
1124 1223
1125 1125
1126 1179
1127 1127
1128 1121
1129 1129
1130 1131
1131 1138
1132 1127
1133 1135
1134 1136
1135 1135
1136 1114
1137 1136
1138 1138
1139 1171
1140 1184
1141 1182
1142 1142
1143 1127
1144 1184
1145 1145
1146 1219
1147 1147
1148 1145
1149 1151
1150 1150
1151 1151
1152 1165
1153 1220
1154 1178
1155 1160
1156 1100
1157 1161
1158 1146
1159 1181
1160 1160
1161 1113
1162 1145
1163 1216
1164 1155
1165 1165
1166 1376
1167 1167
1168 1177
1169 1170
1170 1170
1171 1175
1172 1172
1173 1174
1174 1174
1175 1175
1176 1180
1177 1177
1178 1178
1179 1180
1180 1180
1181 1175
1182 1790
1183 1406
1184 1184
1185 1131
1186 1446
1187 1444
1188 1186
1189 1188
1190 1209
1191 1122
1192 1448
1193 1412
1194 1194
1195 1197
1196 1211
1197 1632
1198 1210
1199 1206
1200 1187
1201 1190
1202 1209
1203 1190
1204 1199
1205 1207
1206 1187
1207 1207
1208 1190
1209 1188
1210 1435
1211 1211
1212 1212
1213 1128
1214 1915
1215 1919
1216 1216
1217 1949
1218 1949
1219 1219
1220 1220
1221 1221
1222 1949
1223 1221
1224 1224
1225 1915
1226 1146
1227 1332
1228 1277
1229 1310
1230 1346
1231 1332
1232 1332
1233 1233
1234 1332
1235 1336
1236 1336
1237 1237
1238 1271
1239 1324
1240 1295
1241 1332
1242 1347
1243 1310
1244 1344
1245 1310
1246 1336
1247 1268
1248 1344
1249 1330
1250 1250
1251 1251
1252 1252
1253 1329
1254 1318
1255 1268
1256 1256
1257 1275
1258 1258
1259 1322
1260 1237
1261 1251
1262 1237
1263 1252
1264 1271
1265 1261
1266 1251
1267 1289
1268 1332
1269 1292
1270 1290
1271 1271
1272 1360
1273 1273
1274 1329
1275 1324
1276 1287
1277 1277
1278 1273
1279 1259
1280 1294
1281 1262
1282 1294
1283 1287
1284 1264
1285 1250
1286 1252
1287 1260
1288 1289
1289 1240
1290 1292
1291 1285
1292 1292
1293 1278
1294 1252
1295 1238
1296 1347
1297 1297
1298 1298
1299 1230
1300 1324
1301 1301
1302 1301
1303 1324
1304 1295
1305 1337
1306 1348
1307 1268
1308 1255
1309 1347
1310 1310
1311 1349
1312 1360
1313 1318
1314 1348
1315 1329
1316 1318
1317 1318
1318 1318
1319 1318
1320 1327
1321 1321
1322 1322
1323 1323
1324 1324
1325 1324
1326 1237
1327 1342
1328 1318
1329 1329
1330 1330
1331 1341
1332 1332
1333 1333
1334 1344
1335 1347
1336 1336
1337 1337
1338 1332
1339 1348
1340 1327
1341 1323
1342 1238
1343 1349
1344 1332
1345 1347
1346 1289
1347 1344
1348 1347
1349 1348
1350 1360
1351 1360
1352 1360
1353 1355
1354 1360
1355 1360
1356 1355
1357 1360
1358 1360
1359 1360
1360 1360
1361 1360
1362 1360
1363 1790
1364 1841
1365 1182
1366 1790
1367 1391
1368 1368
1369 1380
1370 1370
1371 1371
1372 1372
1373 1373
1374 1375
1375 1766
1376 1382
1377 1782
1378 1378
1379 1569
1380 1380
1381 1381
1382 1380
1383 1383
1384 1386
1385 1385
1386 1387
1387 1387
1388 1388
1389 1380
1390 1790
1391 1391
1392 1392
1393 1393
1394 1394
1395 1395
1396 1396
1397 1397
1398 1398
1399 1399
1400 1400
1401 1401
1402 1402
1403 1398
1404 1401
1405 1418
1406 1591
1407 1632
1408 1418
1409 1408
1410 1410
1411 1442
1412 1591
1413 1457
1414 1457
1415 1415
1416 1416
1417 1417
1418 1418
1419 1419
1420 1420
1421 1421
1422 1422
1423 1436
1424 1434
1425 1419
1426 1427
1427 1433
1428 1432
1429 1427
1430 1433
1431 1431
1432 1431
1433 1433
1434 1625
1435 1434
1436 1434
1437 1418
1438 1425
1439 1425
1440 1440
1441 1441
1442 1442
1443 1434
1444 1451
1445 1431
1446 1445
1447 1453
1448 1444
1449 1428
1450 1431
1451 1432
1452 1452
1453 1453
1454 1630
1455 1630
1456 1434
1457 1457
1458 1487
1459 1277
1460 1340
1461 1269
1462 1269
1463 1269
1464 1340
1465 1465
1466 1466
1467 1467
1468 1468
1469 1496
1470 1506
1471 1471
1472 1472
1473 1511
1474 1508
1475 1327
1476 1331
1477 1332
1478 1340
1479 1340
1480 1340
1481 1331
1482 1327
1483 1331
1484 1500
1485 1501
1486 1468
1487 1487
1488 1465
1489 1488
1490 1593
1491 1491
1492 1492
1493 1508
1494 1497
1495 1496
1496 1496
1497 1497
1498 1322
1499 1467
1500 1331
1501 1331
1502 1292
1503 1269
1504 1775
1505 1505
1506 1506
1507 1507
1508 1508
1509 1593
1510 1510
1511 1511
1512 1512
1513 1514
1514 1514
1515 1515
1516 1293
1517 1277
1518 1293
1519 1519
1520 1520
1521 1521
1522 1513
1523 1523
1524 1524
1525 1525
1526 1526
1527 1527
1528 1528
1529 1529
1530 1530
1531 1553
1532 1258
1533 1533
1534 1534
1535 1613
1536 1536
1537 1511
1538 1593
1539 1508
1540 1492
1541 1541
1542 1542
1543 1543
1544 1544
1545 1545
1546 1546
1547 1441
1548 1511
1549 1508
1550 1469
1551 1276
1552 1553
1553 1553
1554 1555
1555 1555
1556 1258
1557 1258
1558 1558
1559 1559
1560 1560
1561 1561
1562 1493
1563 1563
1564 1821
1565 1565
1566 1566
1567 1567
1568 1636
1569 1569
1570 1570
1571 1571
1572 1572
1573 1573
1574 1574
1575 1575
1576 1576
1577 1577
1578 1578
1579 1579
1580 1580
1581 1581
1582 1638
1583 1693
1584 1582
1585 1693
1586 1586
1587 1601
1588 1381
1589 1589
1590 1590
1591 1457
1592 1596
1593 1593
1594 1594
1595 1595
1596 1596
1597 1597
1598 1598
1599 1599
1600 1599
1601 1601
1602 1602
1603 1603
1604 1605
1605 1605
1606 1728
1607 1598
1608 1608
1609 1599
1610 1595
1611 1626
1612 1408
1613 1613
1614 1614
1615 1757
1616 1625
1617 1615
1618 1512
1619 1623
1620 1408
1621 1621
1622 1761
1623 1623
1624 1626
1625 1625
1626 1638
1627 1630
1628 1628
1629 1629
1630 1630
1631 1630
1632 1630
1633 1633
1634 1587
1635 1600
1636 1636
1637 1728
1638 1638
1639 1671
1640 1640
1641 1675
1642 1642
1643 1643
1644 1647
1645 1648
1646 1662
1647 3006
1648 1648
1649 3006
1650 1643
1651 1651
1652 3013
1653 1655
1654 1654
1655 1655
1656 1656
1657 1657
1658 1658
1659 3000
1660 1660
1661 1662
1662 1662
1663 1662
1664 1664
1665 1665
1666 1666
1667 1667
1668 1656
1669 3016
1670 1670
1671 1671
1672 1672
1673 1667
1674 1674
1675 1675
1676 1676
1677 1683
1678 1686
1679 1679
1680 1706
1681 1643
1682 1686
1683 1683
1684 1684
1685 1696
1686 1686
1687 1687
1688 1756
1689 1689
1690 1690
1691 1696
1692 1699
1693 1638
1694 1694
1695 1713
1696 1696
1697 1697
1698 1698
1699 1758
1700 1700
1701 1701
1702 1701
1703 1653
1704 1704
1705 1705
1706 1758
1707 1707
1708 1715
1709 1709
1710 1710
1711 1710
1712 1712
1713 1729
1714 1714
1715 1715
1716 1716
1717 1717
1718 1710
1719 1720
1720 1666
1721 1721
1722 1722
1723 1724
1724 1724
1725 1725
1726 1726
1727 1727
1728 1728
1729 1729
1730 1728
1731 1710
1732 1723
1733 1733
1734 1709
1735 1715
1736 1736
1737 1729
1738 1705
1739 1701
1740 1753
1741 1741
1742 1705
1743 1741
1744 1701
1745 1741
1746 1757
1747 1757
1748 1742
1749 1741
1750 1759
1751 1755
1752 1758
1753 1753
1754 1754
1755 1755
1756 1753
1757 1759
1758 1758
1759 1759
1760 1758
1761 1638
1762 1762
1763 1749
1764 1764
1765 1790
1766 1782
1767 1591
1768 1632
1769 1340
1770 1476
1771 1277
1772 1340
1773 1340
1774 1775
1775 1775
1776 1487
1777 1458
1778 1184
1779 1790
1780 1840
1781 1840
1782 1782
1783 1838
1784 1590
1785 1487
1786 1841
1787 1841
1788 1839
1789 1184
1790 1841
1791 1184
1792 1853
1793 1184
1794 1144
1795 1841
1796 1790
1797 1340
1798 1500
1799 1340
1800 1277
1801 1801
1802 1803
1803 1867
1804 1838
1805 1277
1806 1340
1807 1774
1808 1269
1809 1320
1810 1340
1811 1475
1812 1340
1813 1327
1814 1269
1815 1292
1816 1269
1817 1327
1818 1807
1819 1277
1820 1820
1821 1589
1822 1887
1823 1887
1824 1823
1825 1868
1826 1277
1827 1269
1828 1814
1829 1269
1830 1332
1831 1332
1832 1340
1833 1340
1834 1340
1835 1327
1836 1327
1837 1457
1838 1838
1839 1184
1840 1838
1841 1838
1842 1838
1843 1184
1844 1895
1845 1845
1846 1846
1847 1894
1848 1862
1849 1864
1850 1894
1851 1862
1852 1852
1853 1853
1854 1888
1855 1864
1856 1854
1857 1888
1858 1857
1859 1854
1860 1889
1861 1894
1862 1894
1863 1893
1864 1893
1865 1800
1866 1852
1867 1867
1868 1894
1869 1889
1870 1894
1871 1241
1872 1241
1873 1880
1874 1857
1875 1873
1876 1897
1877 1871
1878 1897
1879 1241
1880 1870
1881 1824
1882 1895
1883 1828
1884 1332
1885 1797
1886 1241
1887 1887
1888 1894
1889 1894
1890 1844
1891 1890
1892 1893
1893 1890
1894 1894
1895 1887
1896 1844
1897 1871
1898 1957
1899 1981
1900 1953
1901 1979
1902 1902
1903 1948
1904 1960
1905 1950
1906 1954
1907 1953
1908 1951
1909 1952
1910 1951
1911 1902
1912 1918
1913 1921
1914 1914
1915 1914
1916 1950
1917 1952
1918 1918
1919 1919
1920 1914
1921 1968
1922 1905
1923 1914
1924 1925
1925 1925
1926 1922
1927 1921
1928 1979
1929 1963
1930 2214
1931 1980
1932 1947
1933 1958
1934 1965
1935 1983
1936 2214
1937 2214
1938 1935
1939 1958
1940 1958
1941 1954
1942 1953
1943 1958
1944 1947
1945 1899
1946 1946
1947 1947
1948 1960
1949 1919
1950 1950
1951 1951
1952 1950
1953 1953
1954 1954
1955 1982
1956 1960
1957 1957
1958 1958
1959 1961
1960 1960
1961 1961
1962 1961
1963 1963
1964 2231
1965 1965
1966 1966
1967 1967
1968 1968
1969 1969
1970 1966
1971 1966
1972 1925
1973 1968
1974 1968
1975 1977
1976 1950
1977 1979
1978 1970
1979 1979
1980 1961
1981 1981
1982 1982
1983 1983
1984 1997
1985 2055
1986 2132
1987 2055
1988 2054
1989 2054
1990 2054
1991 1997
1992 1997
1993 1997
1994 1997
1995 2054
1996 1997
1997 1997
1998 2055
1999 2058
2000 2132
2001 1999
2002 1999
2003 1999
2004 2007
2005 2061
2006 2025
2007 2061
2008 2007
2009 2016
2010 2017
2011 2016
2012 1355
2013 2023
2014 2022
2015 2016
2016 2016
2017 2022
2018 1355
2019 2016
2020 2017
2021 1355
2022 1355
2023 2023
2024 2025
2025 2025
2026 2023
2027 1999
2028 2023
2029 2025
2030 1999
2031 2055
2032 2054
2033 2067
2034 2055
2035 1997
2036 2053
2037 2067
2038 2052
2039 2055
2040 2061
2041 2016
2042 2016
2043 2017
2044 2058
2045 2058
2046 2007
2047 2055
2048 2054
2049 1997
2050 2054
2051 1999
2052 1997
2053 2054
2054 2052
2055 2055
2056 2025
2057 2061
2058 2055
2059 2061
2060 2061
2061 2061
2062 2061
2063 2061
2064 1355
2065 2055
2066 2054
2067 2055
2068 1997
2069 2052
2070 2090
2071 2134
2072 2135
2073 2135
2074 2134
2075 2140
2076 2071
2077 2138
2078 2138
2079 2071
2080 2138
2081 2138
2082 2138
2083 2134
2084 2080
2085 2080
2086 2080
2087 2080
2088 2079
2089 2080
2090 2083
2091 2135
2092 2083
2093 2075
2094 2092
2095 2132
2096 2146
2097 2132
2098 1997
2099 2147
2100 2138
2101 2140
2102 2129
2103 2133
2104 2107
2105 2135
2106 2135
2107 2073
2108 2083
2109 2100
2110 2092
2111 2128
2112 2134
2113 2083
2114 2136
2115 2146
2116 2146
2117 2125
2118 2135
2119 2128
2120 2128
2121 2125
2122 2136
2123 2132
2124 2147
2125 2136
2126 2133
2127 2132
2128 2139
2129 2128
2130 2133
2131 2133
2132 2132
2133 2146
2134 2140
2135 2128
2136 2146
2137 2133
2138 2072
2139 2139
2140 2135
2141 2132
2142 2134
2143 2128
2144 2146
2145 2139
2146 2146
2147 2147
2148 2132
2149 2132
2150 2079
2151 2078
2152 2090
2153 2110
2154 2163
2155 2224
2156 2219
2157 2218
2158 2218
2159 2156
2160 2222
2161 2226
2162 2222
2163 2164
2164 2157
2165 2222
2166 2157
2167 2222
2168 2164
2169 2163
2170 2161
2171 2161
2172 2165
2173 2165
2174 2165
2175 2218
2176 2164
2177 2226
2178 2161
2179 2230
2180 2217
2181 2232
2182 2215
2183 2215
2184 2222
2185 2156
2186 2219
2187 2220
2188 2157
2189 2219
2190 2156
2191 2156
2192 2212
2193 2161
2194 2165
2195 2157
2196 2165
2197 2219
2198 2223
2199 2212
2200 2212
2201 2157
2202 2219
2203 2219
2204 2212
2205 2205
2206 2220
2207 2211
2208 2208
2209 2208
2210 2232
2211 2211
2212 2212
2213 2205
2214 2214
2215 2215
2216 2216
2217 2232
2218 2156
2219 2219
2220 2220
2221 2217
2222 2157
2223 2212
2224 2156
2225 2216
2226 2157
2227 2219
2228 2212
2229 2229
2230 2230
2231 2231
2232 2232
2233 2233
2234 2163
2235 2173
2236 2173
2237 2172
2238 2381
2239 2355
2240 2270
2241 2352
2242 2242
2243 2274
2244 2272
2245 2372
2246 2302
2247 2279
2248 2350
2249 2245
2250 2280
2251 2324
2252 2349
2253 2344
2254 2266
2255 2299
2256 2266
2257 2266
2258 2351
2259 2354
2260 2364
2261 2399
2262 2301
2263 2263
2264 2395
2265 2266
2266 2300
2267 2267
2268 2364
2269 2271
2270 2270
2271 2270
2272 2275
2273 2270
2274 2275
2275 2275
2276 2280
2277 2277
2278 2278
2279 2279
2280 2279
2281 2281
2282 2267
2283 2283
2284 2365
2285 2369
2286 2301
2287 2399
2288 2303
2289 2287
2290 2286
2291 2296
2292 2288
2293 2275
2294 2278
2295 2372
2296 2372
2297 2280
2298 2355
2299 2299
2300 2299
2301 2301
2302 2399
2303 2303
2304 2266
2305 2354
2306 2351
2307 2307
2308 2308
2309 2331
2310 2267
2311 2267
2312 2385
2313 2405
2314 2314
2315 2364
2316 2329
2317 2330
2318 2410
2319 2261
2320 2321
2321 2299
2322 2303
2323 2326
2324 2265
2325 2325
2326 2354
2327 2455
2328 2368
2329 2330
2330 2330
2331 2331
2332 2305
2333 2354
2334 2299
2335 2378
2336 2351
2337 2334
2338 2248
2339 2349
2340 2373
2341 2347
2342 2347
2343 2350
2344 2248
2345 2349
2346 2347
2347 2378
2348 2349
2349 2344
2350 2373
2351 2305
2352 2360
2353 2355
2354 2304
2355 2306
2356 2360
2357 2361
2358 2359
2359 2326
2360 2351
2361 2351
2362 2432
2363 2364
2364 2364
2365 2270
2366 2267
2367 2274
2368 2330
2369 2275
2370 2373
2371 2275
2372 2372
2373 2280
2374 2378
2375 2349
2376 2378
2377 2348
2378 2348
2379 2248
2380 2248
2381 2345
2382 2252
2383 2432
2384 2405
2385 2412
2386 2395
2387 2413
2388 2306
2389 2303
2390 2263
2391 2266
2392 2305
2393 2304
2394 2351
2395 2301
2396 2411
2397 2410
2398 2410
2399 2399
2400 2406
2401 2401
2402 2402
2403 2402
2404 2437
2405 2408
2406 2405
2407 2405
2408 2510
2409 2435
2410 2410
2411 2411
2412 2412
2413 2411
2414 2455
2415 2405
2416 2400
2417 2435
2418 2408
2419 2510
2420 2402
2421 2435
2422 2406
2423 2436
2424 2406
2425 2419
2426 2434
2427 2400
2428 2409
2429 2405
2430 2400
2431 2409
2432 2400
2433 2406
2434 2435
2435 2400
2436 2409
2437 2436
2438 2473
2439 2462
2440 2466
2441 2458
2442 2442
2443 2443
2444 2486
2445 2485
2446 2446
2447 2503
2448 2459
2449 2454
2450 2464
2451 2454
2452 2452
2453 2453
2454 2454
2455 2455
2456 2456
2457 2457
2458 2452
2459 2473
2460 2460
2461 2454
2462 2452
2463 2463
2464 2456
2465 2465
2466 2460
2467 3044
2468 3044
2469 2473
2470 2470
2471 2501
2472 2472
2473 2473
2474 2479
2475 2496
2476 2482
2477 2501
2478 2507
2479 2508
2480 2480
2481 2512
2482 2482
2483 2479
2484 2484
2485 2495
2486 2481
2487 2452
2488 2459
2489 2456
2490 2456
2491 2453
2492 2458
2493 2493
2494 2457
2495 2495
2496 2496
2497 2497
2498 2472
2499 2499
2500 2472
2501 2514
2502 2504
2503 2484
2504 2504
2505 3075
2506 2514
2507 2507
2508 2508
2509 2509
2510 2479
2511 2511
2512 2512
2513 2513
2514 2514
2515 2515
2516 2516
2517 2511
2518 2510
2519 2519
2520 2520
2521 2514
2522 2515
2523 2519
2524 2516
2525 2508
2526 2481
2527 2527
2528 2522
2529 2516
2530 2517
2531 2523
2532 2526
2533 2751
2534 2755
2535 2789
2536 2752
2537 2618
2538 2647
2539 2560
2540 2644
2541 2750
2542 2560
2543 2556
2544 2757
2545 2768
2546 2649
2547 2683
2548 2756
2549 2685
2550 2698
2551 2621
2552 2621
2553 2687
2554 2756
2555 2817
2556 2561
2557 2617
2558 2560
2559 2556
2560 2556
2561 2769
2562 2912
2563 2711
2564 2711
2565 2905
2566 2738
2567 2900
2568 2900
2569 2628
2570 2575
2571 2711
2572 2535
2573 2740
2574 2730
2575 2744
2576 2579
2577 2584
2578 2538
2579 2749
2580 2740
2581 2750
2582 2581
2583 2613
2584 2613
2585 2746
2586 2738
2587 2738
2588 2596
2589 2745
2590 2592
2591 2601
2592 2738
2593 2711
2594 2711
2595 2711
2596 2744
2597 2740
2598 2605
2599 2610
2600 2730
2601 2583
2602 2561
2603 2617
2604 2768
2605 2612
2606 2614
2607 2746
2608 2686
2609 2740
2610 2749
2611 2613
2612 2750
2613 2750
2614 2544
2615 2702
2616 2561
2617 2768
2618 2558
2619 2560
2620 2616
2621 2622
2622 2698
2623 2623
2624 2706
2625 2801
2626 2820
2627 2817
2628 2819
2629 2777
2630 2790
2631 2558
2632 2817
2633 2761
2634 2635
2635 2760
2636 2812
2637 2738
2638 2590
2639 2708
2640 2776
2641 2799
2642 2985
2643 2618
2644 2617
2645 2560
2646 2769
2647 2768
2648 2623
2649 2621
2650 2789
2651 2738
2652 2738
2653 2594
2654 2596
2655 2592
2656 2638
2657 2590
2658 2592
2659 2588
2660 2596
2661 2596
2662 2588
2663 2639
2664 2586
2665 2738
2666 2709
2667 2709
2668 2893
2669 2731
2670 2808
2671 2555
2672 2627
2673 2641
2674 2873
2675 2642
2676 2627
2677 2669
2678 2755
2679 2684
2680 2681
2681 2757
2682 2756
2683 2757
2684 2758
2685 2758
2686 2757
2687 2687
2688 2752
2689 2697
2690 2757
2691 2694
2692 2753
2693 2752
2694 2694
2695 2758
2696 2756
2697 2757
2698 2700
2699 2702
2700 2700
2701 2772
2702 2772
2703 2755
2704 2687
2705 2679
2706 2706
2707 2624
2708 2786
2709 2744
2710 2900
2711 2740
2712 2745
2713 2745
2714 2744
2715 2744
2716 2744
2717 2744
2718 2745
2719 2745
2720 2738
2721 2745
2722 2745
2723 2711
2724 2745
2725 2744
2726 2900
2727 2900
2728 2744
2729 2740
2730 2740
2731 2745
2732 2900
2733 2744
2734 2744
2735 2745
2736 2745
2737 2740
2738 2744
2739 2744
2740 2740
2741 2745
2742 2738
2743 2709
2744 2740
2745 2740
2746 2746
2747 2613
2748 2613
2749 2613
2750 2746
2751 2753
2752 2752
2753 2755
2754 2753
2755 2752
2756 2756
2757 2758
2758 2758
2759 2682
2760 2817
2761 2778
2762 2985
2763 2618
2764 2780
2765 2791
2766 2688
2767 2768
2768 2769
2769 2621
2770 2622
2771 2771
2772 2624
2773 2560
2774 2780
2775 2558
2776 2780
2777 2618
2778 2801
2779 2780
2780 2791
2781 2799
2782 2820
2783 2780
2784 2817
2785 2817
2786 2801
2787 2801
2788 2800
2789 2820
2790 2558
2791 2786
2792 2819
2793 2819
2794 2985
2795 2799
2796 2817
2797 2817
2798 2801
2799 2817
2800 2799
2801 2801
2802 2786
2803 2799
2804 2817
2805 2817
2806 2801
2807 2800
2808 2801
2809 2801
2810 2786
2811 2801
2812 2799
2813 2801
2814 2801
2815 2786
2816 2799
2817 2817
2818 2801
2819 2801
2820 2801
2821 2820
2822 2786
2823 2823
2824 2921
2825 2921
2826 2844
2827 2844
2828 2844
2829 2828
2830 2827
2831 2829
2832 2828
2833 2856
2834 2903
2835 2832
2836 2944
2837 2837
2838 2922
2839 2839
2840 2827
2841 2827
2842 2829
2843 2843
2844 2922
2845 2997
2846 2950
2847 2902
2848 2738
2849 2745
2850 2902
2851 2840
2852 2738
2853 2738
2854 2596
2855 2827
2856 2840
2857 2594
2858 2732
2859 2594
2860 2912
2861 2877
2862 2828
2863 2844
2864 2827
2865 2902
2866 2709
2867 2715
2868 2988
2869 2983
2870 2846
2871 2878
2872 2869
2873 2875
2874 2909
2875 2868
2876 2842
2877 2902
2878 2642
2879 2642
2880 2931
2881 2881
2882 2882
2883 2942
2884 2828
2885 2923
2886 2886
2887 2920
2888 2843
2889 2745
2890 2745
2891 2745
2892 2745
2893 2711
2894 2900
2895 2900
2896 2744
2897 2900
2898 2901
2899 2844
2900 2828
2901 2844
2902 2901
2903 2923
2904 2745
2905 2738
2906 2902
2907 2711
2908 2829
2909 2827
2910 2829
2911 2738
2912 2744
2913 2900
2914 2829
2915 2829
2916 2711
2917 2711
2918 2745
2919 2745
2920 2843
2921 2921
2922 2921
2923 2921
2924 3190
2925 2927
2926 2926
2927 2927
2928 2928
2929 3190
2930 2984
2931 2931
2932 2997
2933 2983
2934 2976
2935 2975
2936 2951
2937 2937
2938 2994
2939 2990
2940 2997
2941 2975
2942 2979
2943 2987
2944 2988
2945 2986
2946 2978
2947 2986
2948 2966
2949 2995
2950 2991
2951 2997
2952 2988
2953 2991
2954 2989
2955 2966
2956 2973
2957 2986
2958 2966
2959 2960
2960 2980
2961 2984
2962 2984
2963 2963
2964 2964
2965 2979
2966 2966
2967 2984
2968 2968
2969 2991
2970 2997
2971 2987
2972 2989
2973 2992
2974 3262
2975 2991
2976 2988
2977 2985
2978 2975
2979 2979
2980 2980
2981 2996
2982 2987
2983 2988
2984 2984
2985 2987
2986 2986
2987 2988
2988 2997
2989 2989
2990 2997
2991 2991
2992 2992
2993 2993
2994 2978
2995 2995
2996 2996
2997 2975
2998 2994
2999 2990
3000 3000
3001 3385
3002 3002
3003 3447
3004 3003
3005 3000
3006 3006
3007 3007
3008 3008
3009 3552
3010 3010
3011 3633
3012 3012
3013 3013
3014 3014
3015 3014
3016 3016
3017 3035
3018 3018
3019 3021
3020 3020
3021 3037
3022 3028
3023 3023
3024 3033
3025 3020
3026 3026
3027 3027
3028 3143
3029 3029
3030 3030
3031 3031
3032 3049
3033 3033
3034 3033
3035 3035
3036 3033
3037 3037
3038 3040
3039 3037
3040 3040
3041 3042
3042 3075
3043 3043
3044 3044
3045 3135
3046 3046
3047 3047
3048 3334
3049 3049
3050 3050
3051 3071
3052 3099
3053 3100
3054 3071
3055 3071
3056 3099
3057 3057
3058 3022
3059 3099
3060 3098
3061 3071
3062 3343
3063 3100
3064 3134
3065 3065
3066 3066
3067 3067
3068 3033
3069 3069
3070 3027
3071 3071
3072 3043
3073 3073
3074 3074
3075 3075
3076 3049
3077 3050
3078 3050
3079 3050
3080 3099
3081 3071
3082 3060
3083 3083
3084 3083
3085 3085
3086 3081
3087 3060
3088 3056
3089 3047
3090 3146
3091 3087
3092 3092
3093 3093
3094 3094
3095 3095
3096 3098
3097 3098
3098 3099
3099 3099
3100 3100
3101 3101
3102 3102
3103 3103
3104 3100
3105 3110
3106 3106
3107 3107
3108 3102
3109 3109
3110 3110
3111 3111
3112 3106
3113 3143
3114 3137
3115 3125
3116 3117
3117 3118
3118 3425
3119 3119
3120 3125
3121 3121
3122 3126
3123 3118
3124 3135
3125 3125
3126 3126
3127 3144
3128 3137
3129 3142
3130 3130
3131 3131
3132 3132
3133 3136
3134 3136
3135 3130
3136 3130
3137 3140
3138 3439
3139 3020
3140 3130
3141 3132
3142 3142
3143 3143
3144 3144
3145 3135
3146 3045
3147 3146
3148 3140
3149 3114
3150 3124
3151 3126
3152 3128
3153 3150
3154 3152
3155 3114
3156 3149
3157 3126
3158 3119
3159 3119
3160 3160
3161 3160
3162 3122
3163 3163
3164 3122
3165 3165
3166 3152
3167 3147
3168 3148
3169 3290
3170 3170
3171 3171
3172 3180
3173 3173
3174 3218
3175 3175
3176 3176
3177 3176
3178 3178
3179 3179
3180 3249
3181 3181
3182 3176
3183 3183
3184 3171
3185 3174
3186 3186
3187 3179
3188 3188
3189 3189
3190 3190
3191 3191
3192 3264
3193 3193
3194 3194
3195 3175
3196 3196
3197 3182
3198 3241
3199 3182
3200 3206
3201 3259
3202 3254
3203 3206
3204 3215
3205 3207
3206 3213
3207 3214
3208 3259
3209 3256
3210 3218
3211 3249
3212 3247
3213 3222
3214 3418
3215 3252
3216 3216
3217 3217
3218 3246
3219 3244
3220 3217
3221 3217
3222 3247
3223 2974
3224 3224
3225 3225
3226 3225
3227 3225
3228 3183
3229 3229
3230 3209
3231 3204
3232 3206
3233 3232
3234 3232
3235 3235
3236 3236
3237 3257
3238 3234
3239 3240
3240 3240
3241 3241
3242 3196
3243 3239
3244 3245
3245 3245
3246 3246
3247 3247
3248 3248
3249 3249
3250 3249
3251 3248
3252 3252
3253 3253
3254 3246
3255 3255
3256 3256
3257 3263
3258 3247
3259 3259
3260 3259
3261 3255
3262 3262
3263 3263
3264 3264
3265 3265
3266 3301
3267 3267
3268 3118
3269 3526
3270 3117
3271 3125
3272 3120
3273 3160
3274 3119
3275 3506
3276 3123
3277 3277
3278 3496
3279 3120
3280 3278
3281 3281
3282 3292
3283 3561
3284 3284
3285 3285
3286 3291
3287 3381
3288 3216
3289 3298
3290 3188
3291 3219
3292 3292
3293 3293
3294 3297
3295 3295
3296 3285
3297 3297
3298 3294
3299 3286
3300 3293
3301 3196
3302 3196
3303 3290
3304 3305
3305 3571
3306 3301
3307 3517
3308 3308
3309 3518
3310 3518
3311 3157
3312 3120
3313 3160
3314 3119
3315 3159
3316 3122
3317 3165
3318 3122
3319 3163
3320 3122
3321 3165
3322 3517
3323 3152
3324 3242
3325 3325
3326 3367
3327 3341
3328 3328
3329 3365
3330 3339
3331 3341
3332 3147
3333 3149
3334 3334
3335 3368
3336 3368
3337 3337
3338 3338
3339 3368
3340 3367
3341 3341
3342 3366
3343 3343
3344 3343
3345 3062
3346 3365
3347 3048
3348 3343
3349 3343
3350 3334
3351 3334
3352 3081
3353 3081
3354 3081
3355 3081
3356 3092
3357 3147
3358 3092
3359 3048
3360 3081
3361 3334
3362 3362
3363 3363
3364 3367
3365 3368
3366 3366
3367 3367
3368 3368
3369 3373
3370 3370
3371 3415
3372 3392
3373 3394
3374 3387
3375 3385
3376 3380
3377 3205
3378 3376
3379 3153
3380 3421
3381 3419
3382 3382
3383 3382
3384 3417
3385 3385
3386 3386
3387 3393
3388 3382
3389 3420
3390 3390
3391 3388
3392 3392
3393 3420
3394 3420
3395 3206
3396 3380
3397 3207
3398 3380
3399 3200
3400 3206
3401 3205
3402 3203
3403 3205
3404 3205
3405 3234
3406 3410
3407 3233
3408 3301
3409 3238
3410 3407
3411 3196
3412 3200
3413 3234
3414 3234
3415 3415
3416 3382
3417 3417
3418 3418
3419 3419
3420 3420
3421 3419
3422 3149
3423 3429
3424 3444
3425 3431
3426 3425
3427 3431
3428 3429
3429 3459
3430 3431
3431 3429
3432 3444
3433 3433
3434 3433
3435 3435
3436 3436
3437 3435
3438 3438
3439 3439
3440 3440
3441 3441
3442 3442
3443 3448
3444 3444
3445 3445
3446 3446
3447 3447
3448 3448
3449 3449
3450 3450
3451 3451
3452 3452
3453 3453
3454 3454
3455 3434
3456 3456
3457 3457
3458 3458
3459 3444
3460 3149
3461 3518
3462 3149
3463 3518
3464 3465
3465 3465
3466 3147
3467 3150
3468 3150
3469 3459
3470 3459
3471 3459
3472 3429
3473 3431
3474 3429
3475 3425
3476 3425
3477 3425
3478 3474
3479 3431
3480 3429
3481 3118
3482 3526
3483 3118
3484 3123
3485 3118
3486 3117
3487 3116
3488 3116
3489 3117
3490 3117
3491 3117
3492 3120
3493 3120
3494 3120
3495 3487
3496 3160
3497 3160
3498 3160
3499 3120
3500 3125
3501 3501
3502 3159
3503 3119
3504 3119
3505 3506
3506 3506
3507 3163
3508 3501
3509 3119
3510 3163
3511 3122
3512 3122
3513 3122
3514 3514
3515 3165
3516 3517
3517 3517
3518 3517
3519 3518
3520 3517
3521 3521
3522 3429
3523 3444
3524 3429
3525 3431
3526 3425
3527 3425
3528 3444
3529 3429
3530 3431
3531 3444
3532 3443
3533 3533
3534 3534
3535 3535
3536 3536
3537 3537
3538 3538
3539 3539
3540 3540
3541 3541
3542 3618
3543 3543
3544 3448
3545 3448
3546 3546
3547 3555
3548 3548
3549 3549
3550 3550
3551 3551
3552 3552
3553 3553
3554 3390
3555 3555
3556 3556
3557 3557
3558 3558
3559 3562
3560 3560
3561 3430
3562 3562
3563 3563
3564 3564
3565 3565
3566 3149
3567 3518
3568 3517
3569 3649
3570 3301
3571 3156
3572 3444
3573 3459
3574 3429
3575 3459
3576 3429
3577 3429
3578 3431
3579 3429
3580 3431
3581 3474
3582 3425
3583 3474
3584 3425
3585 3526
3586 3123
3587 3117
3588 3116
3589 3117
3590 3120
3591 3117
3592 3123
3593 3118
3594 3118
3595 3120
3596 3120
3597 3120
3598 3120
3599 3125
3600 3120
3601 3160
3602 3160
3603 3119
3604 3158
3605 3159
3606 3159
3607 3159
3608 3159
3609 3163
3610 3163
3611 3163
3612 3506
3613 3514
3614 3122
3615 3165
3616 3506
3617 3122
3618 3618
3619 3417
3620 3518
3621 3463
3622 3518
3623 3517
3624 3518
3625 3517
3626 3518
3627 3517
3628 3517
3629 3629
3630 3630
3631 3631
3632 3632
3633 3633
3634 3634
3635 3635
3636 3636
3637 3637
3638 3638
3639 3639
3640 3640
3641 3641
3642 3636
3643 3062
3644 3330
3645 3348
3646 3086
3647 3238
3648 3167
3649 3167
3650 4873
3651 4959
3652 5095
3653 3684
3654 3673
3655 4907
3656 5069
3657 3684
3658 3920
3659 4992
3660 3994
3661 3666
3662 3667
3663 3666
3664 3667
3665 3666
3666 3666
3667 3666
3668 3666
3669 3666
3670 3666
3671 3683
3672 3666
3673 3685
3674 3685
3675 3998
3676 3683
3677 3683
3678 3685
3679 3666
3680 3667
3681 3667
3682 3683
3683 3683
3684 3685
3685 3998
3686 3682
3687 3684
3688 3684
3689 3666
3690 3666
3691 3666
3692 3666
3693 3666
3694 3683
3695 3682
3696 3682
3697 3666
3698 3683
3699 3685
3700 3998
3701 3683
3702 3682
3703 3666
3704 3684
3705 3998
3706 3684
3707 3682
3708 3682
3709 3655
3710 3682
3711 3666
3712 3667
3713 4796
3714 4796
3715 3667
3716 3667
3717 3667
3718 3667
3719 3667
3720 3666
3721 3667
3722 3666
3723 3682
3724 3683
3725 3654
3726 3682
3727 3682
3728 3666
3729 3667
3730 3667
3731 3667
3732 3667
3733 3666
3734 3667
3735 3667
3736 3667
3737 3667
3738 3682
3739 3682
3740 3667
3741 3683
3742 3683
3743 3666
3744 3666
3745 3682
3746 3682
3747 3682
3748 3682
3749 3912
3750 3655
3751 4796
3752 3683
3753 3682
3754 3654
3755 4796
3756 4796
3757 3682
3758 4796
3759 4796
3760 4796
3761 3667
3762 3667
3763 3667
3764 3667
3765 3666
3766 3666
3767 3666
3768 3666
3769 3666
3770 3655
3771 3911
3772 3655
3773 3682
3774 3655
3775 3654
3776 4796
3777 3667
3778 3682
3779 3682
3780 3666
3781 3682
3782 3666
3783 3666
3784 3667
3785 3667
3786 3667
3787 3667
3788 3667
3789 3666
3790 3666
3791 3667
3792 3667
3793 3682
3794 3939
3795 3666
3796 3682
3797 3666
3798 3667
3799 3666
3800 3666
3801 3666
3802 3666
3803 3666
3804 3666
3805 3666
3806 3666
3807 3682
3808 3682
3809 3982
3810 4003
3811 3682
3812 3684
3813 3682
3814 3682
3815 3682
3816 3666
3817 3667
3818 3666
3819 3666
3820 3666
3821 3666
3822 3667
3823 3682
3824 3682
3825 3666
3826 3684
3827 3684
3828 3666
3829 3666
3830 3940
3831 3834
3832 3940
3833 3940
3834 5016
3835 3939
3836 3666
3837 3920
3838 3924
3839 3920
3840 3667
3841 3667
3842 3684
3843 3684
3844 3667
3845 4820
3846 3667
3847 3666
3848 3666
3849 3666
3850 3666
3851 3666
3852 3666
3853 3682
3854 3682
3855 3684
3856 3920
3857 3684
3858 3682
3859 3682
3860 3939
3861 3667
3862 3666
3863 3924
3864 3834
3865 3834
3866 3940
3867 3834
3868 3834
3869 3666
3870 3666
3871 3666
3872 3666
3873 3666
3874 3666
3875 3666
3876 3667
3877 3667
3878 3666
3879 3684
3880 4907
3881 5069
3882 3778
3883 4796
3884 5069
3885 4907
3886 3655
3887 3709
3888 3976
3889 3667
3890 3682
3891 3666
3892 3666
3893 3682
3894 3682
3895 3682
3896 3650
3897 3682
3898 3683
3899 4906
3900 5069
3901 3667
3902 3655
3903 3886
3904 3709
3905 3666
3906 3912
3907 3654
3908 3684
3909 3655
3910 5069
3911 5069
3912 5069
3913 4872
3914 4872
3915 3754
3916 4872
3917 3666
3918 4796
3919 3924
3920 3652
3921 3666
3922 4820
3923 4959
3924 4992
3925 3682
3926 4960
3927 3952
3928 3920
3929 3684
3930 3682
3931 3684
3932 3652
3933 3666
3934 3682
3935 3982
3936 3684
3937 3682
3938 3684
3939 4950
3940 3952
3941 3682
3942 3834
3943 3940
3944 3924
3945 3940
3946 3684
3947 3682
3948 3920
3949 3658
3950 4959
3951 3652
3952 4959
3953 4959
3954 3924
3955 3940
3956 3682
3957 3682
3958 3682
3959 3683
3960 3684
3961 3682
3962 3978
3963 3989
3964 3965
3965 3994
3966 3962
3967 3989
3968 3964
3969 3998
3970 3964
3971 3974
3972 3675
3973 3994
3974 3973
3975 3973
3976 3996
3977 3991
3978 3989
3979 3978
3980 3963
3981 3705
3982 3980
3983 3991
3984 3992
3985 3989
3986 3987
3987 1862
3988 1862
3989 1852
3990 1852
3991 5095
3992 3986
3993 3990
3994 1871
3995 3994
3996 1245
3997 1897
3998 3963
3999 3962
4000 3675
4001 3673
4002 3998
4003 3705
4004 3685
4005 3684
4006 4299
4007 4051
4008 4294
4009 4284
4010 4467
4011 4294
4012 5098
4013 4041
4014 4052
4015 4244
4016 4243
4017 4282
4018 4303
4019 4092
4020 4092
4021 4025
4022 2153
4023 4092
4024 2089
4025 2151
4026 2151
4027 2110
4028 2089
4029 5099
4030 4282
4031 5102
4032 4217
4033 4199
4034 4025
4035 5102
4036 4208
4037 5098
4038 4544
4039 4217
4040 5099
4041 4544
4042 4282
4043 4284
4044 4282
4045 4243
4046 4243
4047 4243
4048 4043
4049 4052
4050 2110
4051 4299
4052 4052
4053 4093
4054 4220
4055 5101
4056 4282
4057 4243
4058 4250
4059 4243
4060 4243
4061 4250
4062 4243
4063 4243
4064 4243
4065 4243
4066 4243
4067 5098
4068 4245
4069 4243
4070 4243
4071 4243
4072 4243
4073 4243
4074 4243
4075 4243
4076 4243
4077 4243
4078 4243
4079 4243
4080 4243
4081 4243
4082 4243
4083 4243
4084 4243
4085 4243
4086 4282
4087 4467
4088 4282
4089 4243
4090 4243
4091 4243
4092 2153
4093 2110
4094 2110
4095 4110
4096 4110
4097 4101
4098 4125
4099 4348
4100 4123
4101 4329
4102 4108
4103 4123
4104 4121
4105 4364
4106 4098
4107 4136
4108 4123
4109 2170
4110 4108
4111 4138
4112 4123
4113 2234
4114 2173
4115 2170
4116 2173
4117 2170
4118 4352
4119 4516
4120 4344
4121 5108
4122 4322
4123 2170
4124 4339
4125 4449
4126 4379
4127 4352
4128 4352
4129 4129
4130 4098
4131 4103
4132 4143
4133 4133
4134 4551
4135 4357
4136 4332
4137 4142
4138 2235
4139 4108
4140 4326
4141 2170
4142 4117
4143 4348
4144 4118
4145 4098
4146 4441
4147 4180
4148 4377
4149 4129
4150 4357
4151 4414
4152 4558
4153 4170
4154 4375
4155 4551
4156 4357
4157 4551
4158 4379
4159 4558
4160 4167
4161 4379
4162 4415
4163 4379
4164 4379
4165 4551
4166 4379
4167 4521
4168 4558
4169 4415
4170 4379
4171 4446
4172 4422
4173 4446
4174 4443
4175 4446
4176 4431
4177 4379
4178 4446
4179 4422
4180 4379
4181 2237
4182 4117
4183 2170
4184 4026
4185 4318
4186 4092
4187 4024
4188 4201
4189 4191
4190 4026
4191 4024
4192 4208
4193 4199
4194 4191
4195 4208
4196 4189
4197 4198
4198 4199
4199 4199
4200 4208
4201 4208
4202 4208
4203 5102
4204 4208
4205 4208
4206 4314
4207 5102
4208 5102
4209 5102
4210 5102
4211 5102
4212 5098
4213 4243
4214 5098
4215 5098
4216 5098
4217 5098
4218 5098
4219 5098
4220 5098
4221 5098
4222 5098
4223 5098
4224 4245
4225 5098
4226 5098
4227 5098
4228 5098
4229 5098
4230 5098
4231 5098
4232 4243
4233 5098
4234 4243
4235 5098
4236 5098
4237 4243
4238 4243
4239 4243
4240 4243
4241 4243
4242 4243
4243 4243
4244 4243
4245 4243
4246 4243
4247 4243
4248 4243
4249 4243
4250 4243
4251 4243
4252 4243
4253 4243
4254 4243
4255 4243
4256 4243
4257 4243
4258 4243
4259 4243
4260 4243
4261 4243
4262 4243
4263 4243
4264 4243
4265 4243
4266 4243
4267 4243
4268 4243
4269 4243
4270 4243
4271 4243
4272 4243
4273 4243
4274 4243
4275 4243
4276 4243
4277 4243
4278 4243
4279 4243
4280 4243
4281 4243
4282 4243
4283 4243
4284 4243
4285 4243
4286 4243
4287 4243
4288 4243
4289 4243
4290 4243
4291 4243
4292 4243
4293 4243
4294 4243
4295 4243
4296 4243
4297 4243
4298 4243
4299 4250
4300 4243
4301 4243
4302 4243
4303 4243
4304 4243
4305 4243
4306 4243
4307 5102
4308 5102
4309 5102
4310 5102
4311 5102
4312 5102
4313 5102
4314 5102
4315 5102
4316 5102
4317 5102
4318 5102
4319 5102
4320 5102
4321 5102
4322 2235
4323 4344
4324 4113
4325 4329
4326 4141
4327 4330
4328 4114
4329 4114
4330 4114
4331 4329
4332 4322
4333 4113
4334 4333
4335 4330
4336 4330
4337 4330
4338 4330
4339 4113
4340 4330
4341 4330
4342 4330
4343 4330
4344 4330
4345 4329
4346 4329
4347 4329
4348 4329
4349 4333
4350 4333
4351 4330
4352 4378
4353 4378
4354 4378
4355 4378
4356 4385
4357 4385
4358 4385
4359 4385
4360 4385
4361 4378
4362 4378
4363 4378
4364 4549
4365 4551
4366 4379
4367 4379
4368 4378
4369 4378
4370 4378
4371 4378
4372 4378
4373 4378
4374 4378
4375 4378
4376 4378
4377 4378
4378 4378
4379 4378
4380 4378
4381 4378
4382 4378
4383 4378
4384 4378
4385 4378
4386 4378
4387 4378
4388 4378
4389 4378
4390 4378
4391 4378
4392 4378
4393 4378
4394 4378
4395 4378
4396 4378
4397 4378
4398 4378
4399 4378
4400 4378
4401 4378
4402 4378
4403 4415
4404 4378
4405 4378
4406 4378
4407 4379
4408 4385
4409 4385
4410 4378
4411 4378
4412 4378
4413 4378
4414 4378
4415 4378
4416 4378
4417 4378
4418 4378
4419 4378
4420 4378
4421 4378
4422 4378
4423 4378
4424 4378
4425 4378
4426 4378
4427 4378
4428 4378
4429 4378
4430 4378
4431 4383
4432 4532
4433 4422
4434 4507
4435 4507
4436 4383
4437 4446
4438 4446
4439 4422
4440 4432
4441 5107
4442 4378
4443 4378
4444 4383
4445 4378
4446 4378
4447 4378
4448 4378
4449 4344
4450 4344
4451 4344
4452 4344
4453 4344
4454 4344
4455 4344
4456 4333
4457 4333
4458 4333
4459 4333
4460 4344
4461 4344
4462 4344
4463 4344
4464 4243
4465 4243
4466 4243
4467 4243
4468 4243
4469 4243
4470 4243
4471 4243
4472 4243
4473 4243
4474 4243
4475 4243
4476 4243
4477 4243
4478 4243
4479 4243
4480 4243
4481 4243
4482 4243
4483 4243
4484 4243
4485 4243
4486 4243
4487 4243
4488 4243
4489 4243
4490 4243
4491 4243
4492 4243
4493 4243
4494 4243
4495 4243
4496 4243
4497 4243
4498 4243
4499 4243
4500 4378
4501 4378
4502 4378
4503 4378
4504 4378
4505 4378
4506 4378
4507 4378
4508 4378
4509 4378
4510 4378
4511 4378
4512 4378
4513 4378
4514 4378
4515 4378
4516 4378
4517 4378
4518 4378
4519 4378
4520 4378
4521 4378
4522 4378
4523 4535
4524 4379
4525 4388
4526 4378
4527 4507
4528 4378
4529 4378
4530 4378
4531 4378
4532 4378
4533 4378
4534 4378
4535 4378
4536 5098
4537 5098
4538 5098
4539 4243
4540 4243
4541 5098
4542 5098
4543 5098
4544 5098
4545 4243
4546 5098
4547 5098
4548 4243
4549 4378
4550 4378
4551 4378
4552 4378
4553 4378
4554 4378
4555 4378
4556 4378
4557 4378
4558 4378
4559 4378
4560 4378
4561 4378
4562 4378
4563 4725
4564 4725
4565 4725
4566 4725
4567 4725
4568 4725
4569 4725
4570 4725
4571 4725
4572 4725
4573 4725
4574 4725
4575 4725
4576 986
4577 986
4578 986
4579 986
4580 5022
4581 4578
4582 4578
4583 986
4584 4578
4585 4615
4586 986
4587 986
4588 986
4589 986
4590 986
4591 986
4592 986
4593 986
4594 4578
4595 4578
4596 5022
4597 986
4598 4578
4599 4578
4600 986
4601 4578
4602 986
4603 986
4604 4618
4605 4615
4606 4618
4607 4618
4608 4618
4609 4618
4610 4618
4611 5042
4612 1077
4613 4624
4614 1077
4615 986
4616 986
4617 986
4618 5022
4619 986
4620 986
4621 4578
4622 986
4623 986
4624 4624
4625 986
4626 4578
4627 5022
4628 986
4629 986
4630 5022
4631 4578
4632 986
4633 986
4634 4618
4635 4578
4636 4578
4637 1077
4638 4618
4639 1077
4640 4618
4641 4578
4642 4618
4643 4578
4644 4624
4645 4624
4646 5147
4647 5147
4648 5147
4649 5147
4650 5147
4651 5147
4652 5147
4653 5147
4654 5147
4655 5147
4656 5147
4657 5147
4658 5147
4659 5147
4660 5147
4661 5147
4662 5147
4663 5147
4664 5147
4665 5147
4666 5147
4667 5147
4668 5147
4669 5147
4670 5147
4671 5147
4672 5147
4673 5147
4674 5147
4675 5147
4676 5147
4677 5147
4678 5147
4679 5147
4680 5147
4681 5147
4682 5147
4683 5147
4684 5147
4685 5147
4686 5147
4687 5147
4688 5147
4689 5147
4690 5147
4691 5147
4692 5147
4693 5147
4694 5147
4695 5147
4696 5147
4697 5147
4698 5147
4699 5147
4700 5147
4701 5147
4702 5147
4703 5147
4704 5147
4705 5147
4706 5147
4707 5147
4708 5147
4709 5147
4710 5147
4711 5147
4712 5147
4713 5147
4714 5147
4715 5147
4716 5147
4717 5147
4718 5147
4719 5147
4720 5147
4721 5147
4722 5147
4723 5147
4724 5147
4725 5147
4726 5147
4727 5147
4728 5147
4729 4666
4730 5147
4731 5147
4732 5147
4733 5147
4734 5147
4735 5147
4736 5147
4737 5147
4738 5147
4739 5147
4740 5147
4741 5147
4742 4700
4743 4700
4744 4700
4745 3666
4746 3667
4747 4796
4748 4725
4749 4725
4750 4725
4751 4725
4752 3667
4753 5147
4754 5147
4755 5147
4756 5147
4757 5147
4758 5147
4759 5147
4760 5147
4761 5147
4762 5147
4763 4831
4764 4829
4765 3667
4766 3667
4767 4795
4768 3667
4769 3667
4770 3667
4771 5147
4772 5147
4773 5147
4774 5147
4775 5147
4776 5147
4777 5147
4778 5177
4779 5177
4780 4812
4781 4812
4782 4667
4783 4659
4784 4663
4785 5147
4786 5147
4787 5147
4788 4831
4789 4796
4790 3667
4791 4700
4792 4700
4793 4700
4794 4795
4795 3667
4796 3667
4797 4725
4798 4725
4799 4725
4800 4725
4801 4725
4802 3666
4803 4666
4804 5147
4805 5147
4806 5147
4807 5147
4808 5147
4809 5147
4810 5147
4811 5147
4812 5147
4813 4834
4814 4820
4815 4687
4816 3666
4817 3667
4818 3666
4819 3666
4820 3666
4821 5177
4822 5147
4823 5147
4824 5147
4825 5147
4826 5147
4827 5147
4828 4663
4829 5177
4830 5147
4831 4828
4832 4831
4833 3666
4834 4812
4835 5147
4836 5147
4837 5147
4838 5177
4839 3667
4840 3666
4841 5147
4842 5067
4843 4844
4844 5095
4845 5095
4846 5054
4847 4856
4848 5095
4849 4856
4850 5095
4851 4856
4852 5095
4853 5095
4854 4858
4855 4858
4856 5095
4857 5095
4858 5095
4859 5080
4860 4858
4861 4857
4862 4857
4863 4857
4864 3660
4865 4856
4866 1055
4867 4860
4868 5042
4869 4860
4870 4863
4871 5041
4872 4846
4873 4846
4874 3964
4875 4857
4876 4848
4877 4845
4878 4843
4879 3970
4880 5017
4881 4872
4882 4666
4883 4700
4884 4725
4885 4578
4886 4916
4887 4666
4888 986
4889 4725
4890 4725
4891 4659
4892 4666
4893 986
4894 4725
4895 4916
4896 4725
4897 4725
4898 4725
4899 4725
4900 4725
4901 4725
4902 4916
4903 4725
4904 4725
4905 4795
4906 3973
4907 3660
4908 4879
4909 4916
4910 4916
4911 4912
4912 5041
4913 5147
4914 4666
4915 4700
4916 5147
4917 4666
4918 4776
4919 4795
4920 4659
4921 4666
4922 4700
4923 4795
4924 4795
4925 4796
4926 4752
4927 4958
4928 1862
4929 5095
4930 5095
4931 5095
4932 5095
4933 4937
4934 4940
4935 5095
4936 5095
4937 5095
4938 5084
4939 5095
4940 5095
4941 5095
4942 5095
4943 5095
4944 5096
4945 5095
4946 4855
4947 4937
4948 4937
4949 4857
4950 4927
4951 5095
4952 4937
4953 5019
4954 5041
4955 4863
4956 4855
4957 5041
4958 1862
4959 5085
4960 4927
4961 4959
4962 4950
4963 5016
4964 4959
4965 4959
4966 3939
4967 4940
4968 4725
4969 5147
4970 4700
4971 4725
4972 3920
4973 986
4974 4798
4975 986
4976 4618
4977 4798
4978 4725
4979 4725
4980 4666
4981 4666
4982 4725
4983 4916
4984 986
4985 4725
4986 4725
4987 4725
4988 4725
4989 4916
4990 4916
4991 4725
4992 4927
4993 3940
4994 3667
4995 5147
4996 5147
4997 5147
4998 3940
4999 5005
5000 4952
5001 5041
5002 5147
5003 4969
5004 4666
5005 4666
5006 4687
5007 3667
5008 4820
5009 5147
5010 4682
5011 3666
5012 3666
5013 4820
5014 3667
5015 4959
5016 4959
5017 4857
5018 4860
5019 4856
5020 5022
5021 4916
5022 986
5023 986
5024 986
5025 4578
5026 986
5027 986
5028 986
5029 4618
5030 5042
5031 4618
5032 5041
5033 4624
5034 4863
5035 4860
5036 4860
5037 4855
5038 4940
5039 4855
5040 4860
5041 4863
5042 4863
5043 4863
5044 4860
5045 5041
5046 4863
5047 4863
5048 1857
5049 1873
5050 1897
5051 1873
5052 1873
5053 1897
5054 1862
5055 1861
5056 1861
5057 5088
5058 1860
5059 5095
5060 1860
5061 1860
5062 1861
5063 1861
5064 1857
5065 1857
5066 1857
5067 1860
5068 1854
5069 4846
5070 3994
5071 1893
5072 1893
5073 1893
5074 1893
5075 1893
5076 1891
5077 1861
5078 1862
5079 1862
5080 1862
5081 1862
5082 1862
5083 1862
5084 1862
5085 1862
5086 1893
5087 1893
5088 1889
5089 1862
5090 5087
5091 1854
5092 1854
5093 1857
5094 1889
5095 5095
5096 1889
5097 1893
5098 4243
5099 4243
5100 4243
5101 5102
5102 5102
5103 5102
5104 4378
5105 4378
5106 4378
5107 4378
5108 4344
5109 4344
5110 4344
5111 4243
5112 4378
5113 4378
5114 5098
5115 4378
5116 4378
5117 5122
5118 5122
5119 5122
5120 5122
5121 139
5122 5122
5123 5122
5124 5122
5125 5122
5126 5122
5127 5122
5128 473
5129 473
5130 473
5131 473
5132 473
5133 473
5134 473
5135 473
5136 473
5137 589
5138 485
5139 4700
5140 4700
5141 5147
5142 5147
5143 5147
5144 5147
5145 5147
5146 5147
5147 5147
5148 5147
5149 5147
5150 5147
5151 5147
5152 5147
5153 5147
5154 5147
5155 4700
5156 4700
5157 5147
5158 5147
5159 5147
5160 5147
5161 5147
5162 5147
5163 5147
5164 5147
5165 5147
5166 5147
5167 5147
5168 5147
5169 5147
5170 5147
5171 554
5172 473
5173 4700
5174 4700
5175 5147
5176 5147
5177 5147
5178 5147
5179 5147
5180 5147
5181 5147
5182 5147
5183 5147
5184 5147
5185 5147
5186 5147
5187 5147
5188 5147
5189 5147
5190 5147
5191 5147
5192 5147
5193 5147
5194 5147
5195 5147
5196 5147
5197 4344
5198 5147
