0 1687
1 823
2 941
3 887
4 4346
5 3057
6 3847
7 4363
8 4159
9 4310
10 2109
11 4299
12 4271
13 3887
14 3057
15 2281
16 3238
17 2238
18 2280
19 992
20 748
21 1584
22 1705
23 1689
24 910
25 1599
26 943
27 4480
28 4624
29 4726
30 4719
31 4542
32 4453
33 3244
34 1935
35 2077
36 1931
37 2048
38 4219
39 2178
40 2038
41 1923
42 1981
43 1517
44 3730
45 364
46 3766
47 3730
48 1518
49 172
50 4146
51 2107
52 1923
53 4146
54 810
55 1717
56 1593
57 3822
58 1682
59 2997
60 943
61 1716
62 818
63 309
64 1137
65 1354
66 1327
67 167
68 1497
69 443
70 3795
71 1584
72 887
73 795
74 1582
75 987
76 984
77 2301
78 1522
79 366
80 1522
81 2670
82 3762
83 1548
84 3737
85 3736
86 2675
87 2612
88 298
89 1396
90 300
91 2113
92 2162
93 1978
94 2074
95 2068
96 2161
97 2157
98 2538
99 2529
100 1872
101 1461
102 277
103 330
104 2519
105 2731
106 2732
107 2872
108 2779
109 2780
110 4204
111 4131
112 4254
113 4396
114 2180
115 1910
116 2169
117 2824
118 2804
119 3390
120 3425
121 3434
122 3431
123 1167
124 3342
125 1323
126 2848
127 3461
128 3468
129 3937
130 3470
131 2795
132 3608
133 3631
134 3495
135 3601
136 3693
137 3118
138 2524
139 1488
140 1847
141 1849
142 2302
143 2321
144 115
145 87
146 56
147 3976
148 1156
149 3346
150 3234
151 2228
152 2304
153 3254
154 3942
155 2282
156 388
157 3759
158 4768
159 4725
160 4696
161 4475
162 4620
163 4731
164 4780
165 4465
166 4463
167 4512
168 1917
169 2004
170 2004
171 1
172 2008
173 2013
174 2022
175 2024
176 2030
177 2013
178 2175
179 1998
180 2000
181 2000
182 364
183 2578
184 363
185 3767
186 1555
187 3767
188 3771
189 507
190 3772
191 2597
192 1564
193 506
194 2382
195 3712
196 276
197 276
198 3730
199 2019
200 2022
201 1965
202 2069
203 1476
204 3178
205 497
206 373
207 1542
208 1493
209 1505
210 1440
211 366
212 3168
213 3171
214 1345
215 1863
216 316
217 2612
218 1691
219 413
220 1695
221 1624
222 1582
223 770
224 2902
225 2706
226 278
227 1456
228 1379
229 353
230 199
231 1334
232 3372
233 1345
234 1820
235 788
236 1693
237 1624
238 935
239 1580
240 769
241 790
242 947
243 1582
244 1742
245 1015
246 2280
247 1755
248 1015
249 3342
250 228
251 3181
252 1569
253 715
254 2927
255 493
256 2704
257 227
258 3169
259 3179
260 970
261 3174
262 2589
263 228
264 896
265 3404
266 2832
267 2366
268 2751
269 3519
270 3674
271 2551
272 812
273 4208
274 4233
275 4220
276 4109
277 4109
278 1905
279 1910
280 4217
281 3348
282 1494
283 366
284 1845
285 380
286 3759
287 360
288 812
289 1681
290 1682
291 2229
292 1847
293 3636
294 3674
295 3631
296 3657
297 2852
298 3392
299 2789
300 1705
301 1329
302 3569
303 4
304 4302
305 4305
306 4310
307 4324
308 4364
309 4370
310 4374
311 4292
312 4287
313 4240
314 2590
315 3191
316 4090
317 977
318 962
319 3178
320 3179
321 3173
322 2933
323 3190
324 3695
325 1877
326 1541
327 1875
328 981
329 2700
330 493
331 2698
332 710
333 2688
334 230
335 474
336 405
337 4405
338 2717
339 2598
340 4405
341 4416
342 4538
343 4432
344 4494
345 1893
346 2181
347 1893
348 1990
349 1987
350 1918
351 1365
352 1332
353 220
354 2552
355 1795
356 1340
357 4127
358 4130
359 4134
360 4222
361 4126
362 4213
363 4385
364 2174
365 1989
366 2179
367 3251
368 1894
369 308
370 1343
371 3614
372 993
373 1755
374 1756
375 4443
376 4585
377 4460
378 4689
379 4507
380 4681
381 2065
382 2062
383 2156
384 1938
385 1937
386 1156
387 342
388 103
389 4183
390 2205
391 4221
392 2205
393 2715
394 514
395 3177
396 239
397 2194
398 509
399 508
400 4416
401 1559
402 2380
403 2677
404 395
405 2174
406 2168
407 1893
408 1897
409 4268
410 3959
411 2328
412 2302
413 2261
414 2217
415 2270
416 68
417 1171
418 1880
419 3567
420 359
421 983
422 5172
423 5027
424 1185
425 1243
426 1259
427 1181
428 1187
429 5027
430 5130
431 4975
432 593
433 1268
434 597
435 3135
436 2944
437 3059
438 3058
439 2874
440 2943
441 1795
442 2217
443 1868
444 440
445 794
446 1576
447 2683
448 399
449 2683
450 3213
451 982
452 1478
453 388
454 501
455 381
456 3192
457 3195
458 3179
459 3180
460 388
461 2443
462 956
463 436
464 949
465 1506
466 2217
467 1133
468 34
469 2307
470 2282
471 591
472 1199
473 1279
474 591
475 610
476 2967
477 3830
478 3832
479 3133
480 3606
481 3577
482 3577
483 3112
484 2988
485 3006
486 3012
487 3012
488 1532
489 2647
490 2647
491 3833
492 3133
493 299
494 221
495 3384
496 1883
497 1362
498 4286
499 4196
500 4258
501 1925
502 2109
503 4339
504 1033
505 3958
506 3907
507 3099
508 3158
509 3837
510 2969
511 4738
512 4753
513 4539
514 1805
515 1806
516 337
517 4102
518 1469
519 4012
520 4094
521 3564
522 3608
523 1850
524 2966
525 3133
526 3032
527 2646
528 2986
529 3948
530 1000
531 1000
532 1192
533 636
534 1210
535 587
536 1201
537 1893
538 770
539 4510
540 494
541 1325
542 153
543 202
544 1370
545 522
546 3211
547 1112
548 240
549 2722
550 1536
551 475
552 956
553 3164
554 490
555 2226
556 2893
557 3126
558 4513
559 1873
560 3657
561 4033
562 1576
563 932
564 1492
565 1576
566 2482
567 1477
568 229
569 505
570 176
571 3513
572 2981
573 2950
574 2877
575 1737
576 3949
577 3143
578 3782
579 1572
580 3001
581 3933
582 3932
583 3143
584 436
585 4171
586 4170
587 4339
588 4310
589 4335
590 4350
591 4161
592 2981
593 2968
594 2991
595 4122
596 4122
597 4204
598 546
599 523
600 702
601 2931
602 2458
603 5037
604 4877
605 5007
606 5035
607 5060
608 2887
609 3133
610 2969
611 2992
612 3120
613 2617
614 2650
615 1210
616 3932
617 3003
618 3324
619 1843
620 2458
621 3565
622 1772
623 261
624 1330
625 279
626 1130
627 1864
628 1809
629 1777
630 3564
631 181
632 1789
633 1399
634 780
635 1034
636 3806
637 2874
638 3855
639 2684
640 1000
641 2255
642 2245
643 3968
644 2325
645 4103
646 2219
647 1843
648 3797
649 3798
650 2889
651 4230
652 4258
653 4170
654 4256
655 4254
656 4208
657 1188
658 1018
659 2992
660 2619
661 1573
662 491
663 1533
664 2233
665 4096
666 1362
667 643
668 1237
669 1242
670 1211
671 1213
672 1253
673 5185
674 1493
675 3183
676 3178
677 3177
678 4193
679 4490
680 5186
681 5173
682 4975
683 5017
684 2963
685 2963
686 2233
687 994
688 1378
689 308
690 1378
691 1430
692 194
693 153
694 353
695 1458
696 2968
697 3027
698 3931
699 3930
700 3918
701 3868
702 3053
703 4759
704 4533
705 4758
706 2350
707 4789
708 4523
709 4761
710 4430
711 4627
712 4619
713 4699
714 46
715 2280
716 2219
717 3209
718 702
719 4227
720 3111
721 3907
722 3931
723 2670
724 2670
725 480
726 5064
727 3177
728 4989
729 4986
730 3600
731 4012
732 1760
733 41
734 2381
735 916
736 1530
737 1520
738 4861
739 4860
740 5165
741 4997
742 4867
743 4995
744 5031
745 5031
746 3599
747 1822
748 2296
749 4499
750 4650
751 4262
752 4248
753 4227
754 4358
755 4357
756 3881
757 1537
758 338
759 296
760 532
761 1188
762 204
763 1310
764 1310
765 530
766 1430
767 1418
768 318
769 318
770 2755
771 1434
772 4191
773 4169
774 4143
775 4254
776 280
777 1349
778 1883
779 4405
780 4622
781 4434
782 4606
783 2509
784 1457
785 3100
786 1887
787 4517
788 4767
789 2860
790 2849
791 3470
792 4645
793 4752
794 4791
795 4724
796 4753
797 4750
798 2862
799 3244
800 3417
801 3895
802 1705
803 3305
804 4413
805 2305
806 4402
807 83
808 2382
809 3744
810 3948
811 1112
812 5164
813 5014
814 5178
815 5003
816 4979
817 5109
818 2699
819 483
820 2929
821 1115
822 1496
823 2226
824 1001
825 2923
826 5033
827 1233
828 1179
829 5148
830 5131
831 1340
832 298
833 4656
834 4605
835 4498
836 4234
837 161
838 3942
839 1176
840 610
841 609
842 44
843 456
844 3109
845 3002
846 2646
847 2639
848 1577
849 3837
850 3793
851 2646
852 1379
853 277
854 583
855 583
856 1685
857 1717
858 4854
859 4903
860 5101
861 5109
862 3122
863 572
864 1178
865 4612
866 4622
867 4490
868 4648
869 4656
870 4428
871 3446
872 534
873 4859
874 4997
875 5096
876 5154
877 4582
878 3780
879 688
880 1571
881 770
882 2293
883 1676
884 2156
885 2204
886 1644
887 1636
888 859
889 1648
890 868
891 1663
892 1947
893 2114
894 2092
895 3213
896 5024
897 5071
898 654
899 1638
900 1262
901 1635
902 861
903 867
904 867
905 2158
906 2062
907 1946
908 2133
909 3174
910 1079
911 3891
912 2647
913 3144
914 3110
915 1486
916 1849
917 3600
918 3384
919 994
920 308
921 3429
922 1415
923 1371
924 255
925 337
926 3158
927 1456
928 277
929 1851
930 779
931 2628
932 1440
933 3919
934 1326
935 1327
936 706
937 804
938 3930
939 3930
940 1185
941 1202
942 1194
943 5027
944 513
945 2735
946 3603
947 2412
948 2389
949 2647
950 2411
951 2422
952 1012
953 3394
954 3406
955 3470
956 5071
957 729
958 890
959 1686
960 751
961 5068
962 5044
963 4844
964 1398
965 1449
966 1771
967 1772
968 1486
969 1853
970 2151
971 878
972 834
973 1654
974 1656
975 1618
976 922
977 672
978 1665
979 752
980 1611
981 5024
982 4860
983 5113
984 5117
985 5172
986 4817
987 2219
988 1850
989 914
990 1654
991 877
992 1854
993 1488
994 4997
995 1260
996 859
997 1827
998 3057
999 3883
1000 4357
1001 612
1002 1629
1003 662
1004 868
1005 2588
1006 4780
1007 4599
1008 4762
1009 4790
1010 4753
1011 4618
1012 1628
1013 523
1014 1079
1015 4826
1016 4891
1017 1773
1018 2143
1019 2146
1020 2496
1021 3602
1022 672
1023 742
1024 873
1025 878
1026 585
1027 1274
1028 3057
1029 3058
1030 3062
1031 3080
1032 3080
1033 3881
1034 3472
1035 337
1036 535
1037 668
1038 4835
1039 1276
1040 570
1041 519
1042 521
1043 312
1044 2749
1045 2752
1046 2123
1047 2057
1048 2120
1049 2109
1050 3058
1051 3080
1052 2733
1053 2522
1054 2403
1055 2461
1056 2533
1057 2521
1058 5035
1059 5035
1060 3863
1061 3481
1062 4080
1063 1335
1064 1850
1065 4886
1066 4986
1067 5005
1068 5024
1069 5178
1070 5024
1071 1949
1072 1751
1073 1285
1074 1425
1075 1390
1076 4837
1077 3879
1078 3476
1079 3871
1080 1352
1081 860
1082 1035
1083 4502
1084 4906
1085 1989
1086 4868
1087 4152
1088 4360
1089 2056
1090 56
1091 3212
1092 1023
1093 2250
1094 1020
1095 2403
1096 4498
1097 4502
1098 2049
1099 1853
1100 2759
1101 323
1102 525
1103 1316
1104 321
1105 1911
1106 2167
1107 1903
1108 1275
1109 2754
1110 2055
1111 1958
1112 300
1113 1033
1114 3705
1115 3392
1116 3455
1117 3936
1118 2843
1119 2801
1120 2842
1121 2803
1122 2826
1123 311
1124 503
1125 3324
1126 1320
1127 3509
1128 307
1129 586
1130 1866
1131 522
1132 555
1133 1799
1134 4428
1135 4653
1136 4498
1137 4891
1138 5074
1139 3459
1140 4657
1141 4129
1142 1916
1143 1895
1144 1919
1145 2012
1146 109
1147 1585
1148 734
1149 1591
1150 748
1151 2750
1152 4825
1153 1586
1154 733
1155 754
1156 1591
1157 1189
1158 160
1159 624
1160 2523
1161 2365
1162 2069
1163 1958
1164 2085
1165 4269
1166 1931
1167 2015
1168 1968
1169 2053
1170 3850
1171 3844
1172 1342
1173 736
1174 158
1175 1190
1176 210
1177 1287
1178 1029
1179 3244
1180 921
1181 922
1182 660
1183 733
1184 4482
1185 4498
1186 1596
1187 1597
1188 5019
1189 4681
1190 733
1191 729
1192 746
1193 4569
1194 4742
1195 4751
1196 3476
1197 3866
1198 3140
1199 3874
1200 2206
1201 1966
1202 1968
1203 2036
1204 4183
1205 1596
1206 1606
1207 2122
1208 1413
1209 746
1210 4998
1211 4982
1212 5147
1213 220
1214 5031
1215 5031
1216 2422
1217 4896
1218 2364
1219 3501
1220 2226
1221 196
1222 2893
1223 3073
1224 3081
1225 347
1226 3865
1227 1364
1228 296
1229 328
1230 237
1231 1468
1232 1496
1233 1440
1234 1204
1235 1317
1236 194
1237 347
1238 1355
1239 1391
1240 2805
1241 2162
1242 1028
1243 5200
1244 2021
1245 3210
1246 1476
1247 2819
1248 1027
1249 1936
1250 5200
1251 2828
1252 211
1253 388
1254 2644
1255 2937
1256 2612
1257 2111
1258 1930
1259 1954
1260 1929
1261 2109
1262 3656
1263 1684
1264 3695
1265 3723
1266 3763
1267 3249
1268 825
1269 1715
1270 1584
1271 884
1272 748
1273 812
1274 1682
1275 2631
1276 1717
1277 1717
1278 1715
1279 2632
1280 941
1281 1678
1282 1717
1283 1715
1284 4372
1285 2137
1286 3876
1287 3084
1288 4359
1289 4359
1290 3056
1291 3846
1292 3095
1293 3053
1294 3858
1295 3847
1296 3844
1297 3888
1298 4352
1299 4314
1300 4367
1301 4371
1302 4324
1303 4363
1304 4276
1305 4285
1306 4159
1307 4276
1308 4306
1309 4294
1310 4331
1311 2109
1312 4286
1313 4326
1314 4285
1315 4285
1316 4326
1317 4310
1318 4360
1319 4357
1320 3887
1321 4324
1322 4315
1323 4161
1324 3858
1325 3859
1326 3860
1327 3888
1328 3057
1329 997
1330 2226
1331 2226
1332 3323
1333 994
1334 37
1335 2302
1336 2201
1337 13
1338 13
1339 2329
1340 2219
1341 97
1342 2321
1343 3250
1344 2247
1345 1584
1346 1682
1347 750
1348 1594
1349 752
1350 910
1351 812
1352 1697
1353 803
1354 1702
1355 1607
1356 778
1357 942
1358 942
1359 752
1360 1589
1361 1594
1362 1594
1363 1713
1364 1685
1365 1716
1366 1607
1367 936
1368 944
1369 781
1370 783
1371 4770
1372 4439
1373 4522
1374 4624
1375 4756
1376 4725
1377 4520
1378 4780
1379 4615
1380 4703
1381 4522
1382 4439
1383 4641
1384 4458
1385 4459
1386 4793
1387 4490
1388 4577
1389 4613
1390 4467
1391 4486
1392 1034
1393 1000
1394 1738
1395 3244
1396 1954
1397 2049
1398 1926
1399 1970
1400 4279
1401 1980
1402 2109
1403 4284
1404 1927
1405 1977
1406 2076
1407 2069
1408 1936
1409 1966
1410 4218
1411 2035
1412 4183
1413 2029
1414 2174
1415 2013
1416 2002
1417 1920
1418 2044
1419 2020
1420 1931
1421 2016
1422 1931
1423 2044
1424 2038
1425 2034
1426 1985
1427 2060
1428 1932
1429 3722
1430 3680
1431 3721
1432 1498
1433 1498
1434 1509
1435 366
1436 1522
1437 3712
1438 364
1439 364
1440 1554
1441 1561
1442 1554
1443 1554
1444 364
1445 364
1446 363
1447 1557
1448 3730
1449 1517
1450 1517
1451 3722
1452 1501
1453 1501
1454 172
1455 2077
1456 4284
1457 2077
1458 1979
1459 2059
1460 2065
1461 2078
1462 2044
1463 1923
1464 2044
1465 2034
1466 1926
1467 1977
1468 4147
1469 810
1470 884
1471 810
1472 812
1473 766
1474 1685
1475 1717
1476 1678
1477 808
1478 886
1479 1584
1480 750
1481 752
1482 1682
1483 797
1484 1689
1485 750
1486 1682
1487 941
1488 3920
1489 1703
1490 776
1491 1706
1492 1608
1493 801
1494 2998
1495 800
1496 1707
1497 3822
1498 810
1499 1712
1500 817
1501 1711
1502 1739
1503 220
1504 1371
1505 1323
1506 3346
1507 1796
1508 3957
1509 1137
1510 3952
1511 1739
1512 1355
1513 279
1514 279
1515 1365
1516 1795
1517 1322
1518 1322
1519 232
1520 232
1521 232
1522 1498
1523 1501
1524 274
1525 792
1526 944
1527 1684
1528 1696
1529 1692
1530 1700
1531 778
1532 776
1533 1717
1534 1697
1535 2203
1536 1697
1537 1583
1538 1700
1539 792
1540 1719
1541 792
1542 1624
1543 795
1544 919
1545 1580
1546 1692
1547 920
1548 2338
1549 3348
1550 1133
1551 3349
1552 3232
1553 68
1554 2239
1555 3346
1556 1739
1557 3757
1558 1548
1559 2482
1560 3711
1561 1477
1562 1476
1563 1469
1564 1474
1565 3759
1566 2576
1567 892
1568 3689
1569 3734
1570 2441
1571 1549
1572 3734
1573 1548
1574 2671
1575 3736
1576 2585
1577 3736
1578 2585
1579 3693
1580 2671
1581 3105
1582 3687
1583 2612
1584 3107
1585 2612
1586 2941
1587 2674
1588 298
1589 292
1590 1353
1591 280
1592 280
1593 300
1594 1396
1595 292
1596 300
1597 1332
1598 1353
1599 1870
1600 2117
1601 4195
1602 2161
1603 2057
1604 2057
1605 2118
1606 1971
1607 2111
1608 1954
1609 2033
1610 2084
1611 1978
1612 4267
1613 2068
1614 1971
1615 1971
1616 2166
1617 2113
1618 2165
1619 2092
1620 2141
1621 2123
1622 1944
1623 2093
1624 2117
1625 4030
1626 2570
1627 4030
1628 2571
1629 2543
1630 3672
1631 1846
1632 1871
1633 1440
1634 267
1635 1493
1636 1502
1637 4031
1638 1846
1639 2468
1640 2570
1641 1461
1642 1821
1643 1816
1644 2486
1645 357
1646 1860
1647 1375
1648 3587
1649 1459
1650 354
1651 1791
1652 3546
1653 2384
1654 4074
1655 4004
1656 4005
1657 2570
1658 4075
1659 4075
1660 2564
1661 4073
1662 3587
1663 2538
1664 2538
1665 2489
1666 2528
1667 3586
1668 3593
1669 4030
1670 4129
1671 4126
1672 1920
1673 4208
1674 4129
1675 4223
1676 4128
1677 2023
1678 4233
1679 4232
1680 4236
1681 4234
1682 4254
1683 4236
1684 4136
1685 4104
1686 4109
1687 4109
1688 1892
1689 4129
1690 1915
1691 1895
1692 4116
1693 4108
1694 1899
1695 1921
1696 1910
1697 1992
1698 3424
1699 3421
1700 3424
1701 2844
1702 2804
1703 2824
1704 2844
1705 2842
1706 3421
1707 2793
1708 2793
1709 2796
1710 2800
1711 3436
1712 3435
1713 3390
1714 2819
1715 3433
1716 2812
1717 3422
1718 2811
1719 220
1720 1162
1721 3337
1722 279
1723 1739
1724 1162
1725 1323
1726 2800
1727 3407
1728 3454
1729 3470
1730 2849
1731 3454
1732 2859
1733 4742
1734 3470
1735 2858
1736 3427
1737 3463
1738 3453
1739 4744
1740 3392
1741 3437
1742 2799
1743 3455
1744 2849
1745 3397
1746 3608
1747 3565
1748 4002
1749 2778
1750 3608
1751 3495
1752 3631
1753 2739
1754 4002
1755 3519
1756 2744
1757 2778
1758 2492
1759 4011
1760 4016
1761 2505
1762 3606
1763 2499
1764 2671
1765 2937
1766 2941
1767 3188
1768 3107
1769 3786
1770 3420
1771 2557
1772 3420
1773 2846
1774 2807
1775 2356
1776 4432
1777 4451
1778 4444
1779 4604
1780 4433
1781 4605
1782 4623
1783 4609
1784 4507
1785 1493
1786 327
1787 1849
1788 4013
1789 1853
1790 4013
1791 1453
1792 2247
1793 2219
1794 2250
1795 19
1796 2231
1797 2301
1798 26
1799 45
1800 2247
1801 59
1802 2232
1803 2234
1804 3244
1805 1736
1806 1034
1807 2211
1808 2211
1809 3969
1810 1736
1811 2301
1812 3958
1813 1167
1814 1159
1815 3240
1816 1015
1817 1133
1818 2301
1819 2346
1820 2328
1821 2281
1822 94
1823 1020
1824 2282
1825 2346
1826 2217
1827 2307
1828 1764
1829 3959
1830 3958
1831 3260
1832 1020
1833 3324
1834 1020
1835 1013
1836 1123
1837 2307
1838 3254
1839 44
1840 1477
1841 1469
1842 1875
1843 458
1844 3689
1845 3689
1846 2576
1847 4443
1848 4604
1849 4443
1850 4610
1851 4475
1852 4464
1853 4641
1854 4619
1855 4771
1856 4775
1857 4589
1858 4713
1859 4480
1860 4452
1861 4452
1862 4471
1863 4471
1864 4626
1865 4702
1866 4597
1867 4756
1868 4725
1869 4779
1870 4734
1871 4753
1872 4759
1873 4526
1874 4630
1875 4633
1876 4791
1877 4524
1878 4590
1879 4539
1880 4770
1881 4616
1882 4434
1883 0
1884 2043
1885 4129
1886 1905
1887 1901
1888 2002
1889 2023
1890 2004
1891 2004
1892 4204
1893 2023
1894 1905
1895 2044
1896 2032
1897 1921
1898 2008
1899 2174
1900 2000
1901 1998
1902 2005
1903 2005
1904 2012
1905 2010
1906 4266
1907 2003
1908 2011
1909 2024
1910 2001
1911 2022
1912 2005
1913 1
1914 1998
1915 2005
1916 1898
1917 2004
1918 1996
1919 1991
1920 1993
1921 2168
1922 2000
1923 1921
1924 1908
1925 2000
1926 2009
1927 2009
1928 1519
1929 363
1930 1519
1931 1561
1932 1555
1933 3772
1934 3721
1935 3730
1936 3772
1937 175
1938 3772
1939 507
1940 2598
1941 3771
1942 1559
1943 506
1944 3771
1945 175
1946 3772
1947 1562
1948 1562
1949 507
1950 2720
1951 3778
1952 1561
1953 3772
1954 3772
1955 3729
1956 1519
1957 176
1958 1554
1959 364
1960 363
1961 2483
1962 366
1963 1519
1964 276
1965 2482
1966 3680
1967 2044
1968 1983
1969 2015
1970 2019
1971 1913
1972 4235
1973 1930
1974 1929
1975 4396
1976 2052
1977 1951
1978 4169
1979 1928
1980 2120
1981 1932
1982 2076
1983 2064
1984 360
1985 388
1986 498
1987 1476
1988 497
1989 897
1990 964
1991 456
1992 3175
1993 3175
1994 958
1995 388
1996 276
1997 380
1998 1502
1999 1493
2000 1502
2001 1440
2002 168
2003 963
2004 3179
2005 248
2006 1488
2007 1440
2008 1491
2009 1500
2010 1440
2011 895
2012 512
2013 2188
2014 4409
2015 240
2016 954
2017 1577
2018 401
2019 954
2020 3166
2021 1342
2022 1158
2023 1167
2024 1158
2025 1167
2026 2564
2027 316
2028 1334
2029 2613
2030 3117
2031 2674
2032 3118
2033 3737
2034 3760
2035 515
2036 441
2037 794
2038 448
2039 939
2040 449
2041 448
2042 798
2043 2656
2044 780
2045 1624
2046 788
2047 1580
2048 1580
2049 771
2050 439
2051 2684
2052 1579
2053 2616
2054 2684
2055 468
2056 442
2057 3785
2058 2689
2059 442
2060 2912
2061 355
2062 2432
2063 222
2064 1860
2065 3537
2066 1791
2067 331
2068 354
2069 1793
2070 1793
2071 350
2072 156
2073 156
2074 333
2075 353
2076 1339
2077 1794
2078 1358
2079 1357
2080 1341
2081 1358
2082 156
2083 1346
2084 1335
2085 3537
2086 1329
2087 1334
2088 330
2089 1817
2090 1382
2091 343
2092 277
2093 932
2094 1691
2095 1582
2096 1691
2097 793
2098 1693
2099 1720
2100 947
2101 1580
2102 1579
2103 1582
2104 1576
2105 932
2106 713
2107 1576
2108 1624
2109 770
2110 1578
2111 772
2112 791
2113 1720
2114 792
2115 1694
2116 447
2117 1693
2118 939
2119 947
2120 1578
2121 807
2122 932
2123 788
2124 1720
2125 2282
2126 2338
2127 3342
2128 3958
2129 1015
2130 2217
2131 124
2132 101
2133 2329
2134 2329
2135 1023
2136 2229
2137 27
2138 27
2139 2321
2140 2328
2141 3958
2142 3958
2143 3337
2144 1741
2145 1323
2146 1158
2147 3956
2148 2447
2149 2447
2150 3179
2151 965
2152 3165
2153 974
2154 241
2155 490
2156 1577
2157 3166
2158 935
2159 1578
2160 3168
2161 1578
2162 1573
2163 2629
2164 436
2165 477
2166 492
2167 2706
2168 2925
2169 712
2170 2704
2171 3168
2172 241
2173 495
2174 230
2175 493
2176 4422
2177 227
2178 227
2179 227
2180 2681
2181 227
2182 3177
2183 3179
2184 3184
2185 3177
2186 966
2187 971
2188 959
2189 383
2190 375
2191 382
2192 977
2193 970
2194 2587
2195 970
2196 383
2197 977
2198 382
2199 498
2200 2588
2201 497
2202 962
2203 228
2204 1577
2205 2366
2206 2838
2207 2803
2208 2818
2209 2822
2210 2819
2211 2795
2212 2826
2213 3404
2214 2517
2215 2366
2216 3400
2217 2759
2218 3400
2219 3410
2220 2837
2221 2865
2222 2818
2223 3569
2224 4002
2225 3674
2226 1689
2227 748
2228 812
2229 4128
2230 2044
2231 4123
2232 4130
2233 4126
2234 1966
2235 4231
2236 4137
2237 2206
2238 2016
2239 4110
2240 4110
2241 4390
2242 2018
2243 4130
2244 1905
2245 1910
2246 1916
2247 2179
2248 2004
2249 1919
2250 2004
2251 1905
2252 2044
2253 4134
2254 177
2255 1498
2256 267
2257 1477
2258 1477
2259 368
2260 1846
2261 269
2262 248
2263 235
2264 1875
2265 3689
2266 358
2267 892
2268 2671
2269 1499
2270 1499
2271 1875
2272 1684
2273 1583
2274 752
2275 758
2276 754
2277 731
2278 750
2279 752
2280 3207
2281 1751
2282 97
2283 3609
2284 1493
2285 3631
2286 2457
2287 1846
2288 1872
2289 1846
2290 4022
2291 3674
2292 2744
2293 3657
2294 3610
2295 2828
2296 3433
2297 3405
2298 3391
2299 2852
2300 2801
2301 3391
2302 2800
2303 3392
2304 2801
2305 3390
2306 2819
2307 1336
2308 222
2309 3537
2310 3559
2311 1328
2312 351
2313 3535
2314 3570
2315 3557
2316 2730
2317 4008
2318 2411
2319 3305
2320 1734
2321 1112
2322 112
2323 4288
2324 4192
2325 4149
2326 4292
2327 4177
2328 4291
2329 4259
2330 4291
2331 4302
2332 4288
2333 4304
2334 4286
2335 4274
2336 2118
2337 2109
2338 4363
2339 4359
2340 3867
2341 4331
2342 4310
2343 3867
2344 3887
2345 4340
2346 4310
2347 4350
2348 4377
2349 3867
2350 4310
2351 4375
2352 4309
2353 4310
2354 4152
2355 4310
2356 4338
2357 2084
2358 4274
2359 2084
2360 4302
2361 4196
2362 4291
2363 4288
2364 4182
2365 4182
2366 4261
2367 4291
2368 4259
2369 2009
2370 4458
2371 4443
2372 386
2373 234
2374 980
2375 2589
2376 968
2377 976
2378 976
2379 4090
2380 3182
2381 976
2382 1878
2383 385
2384 2594
2385 968
2386 3176
2387 374
2388 229
2389 718
2390 3183
2391 2447
2392 3184
2393 718
2394 3176
2395 3191
2396 2709
2397 2588
2398 972
2399 3164
2400 975
2401 976
2402 3187
2403 3185
2404 3187
2405 718
2406 3188
2407 499
2408 2710
2409 980
2410 3192
2411 3191
2412 2598
2413 4089
2414 3195
2415 982
2416 359
2417 2574
2418 1541
2419 1875
2420 359
2421 3195
2422 359
2423 358
2424 247
2425 982
2426 501
2427 977
2428 373
2429 4422
2430 4422
2431 2684
2432 2702
2433 2436
2434 2447
2435 490
2436 492
2437 715
2438 477
2439 702
2440 480
2441 414
2442 2706
2443 480
2444 690
2445 2907
2446 2913
2447 693
2448 691
2449 689
2450 691
2451 492
2452 228
2453 2700
2454 468
2455 2609
2456 398
2457 4404
2458 2199
2459 229
2460 229
2461 240
2462 227
2463 3779
2464 4414
2465 2724
2466 396
2467 245
2468 510
2469 503
2470 2193
2471 2183
2472 2609
2473 2718
2474 4412
2475 1563
2476 509
2477 1563
2478 2720
2479 4771
2480 4582
2481 4690
2482 4622
2483 4551
2484 4574
2485 4433
2486 1921
2487 1910
2488 1893
2489 2171
2490 1893
2491 1909
2492 1893
2493 1910
2494 1893
2495 1893
2496 2181
2497 1893
2498 1893
2499 2181
2500 2171
2501 2181
2502 1893
2503 1910
2504 2000
2505 1988
2506 2181
2507 1893
2508 1988
2509 2169
2510 1146
2511 220
2512 315
2513 299
2514 220
2515 220
2516 2384
2517 1327
2518 220
2519 1323
2520 1342
2521 299
2522 1318
2523 347
2524 299
2525 309
2526 1135
2527 2011
2528 4206
2529 4388
2530 4208
2531 4114
2532 4217
2533 4104
2534 4385
2535 4236
2536 4233
2537 4233
2538 4134
2539 4402
2540 2034
2541 2036
2542 4137
2543 4248
2544 1974
2545 1970
2546 4136
2547 4230
2548 4217
2549 4220
2550 4135
2551 4114
2552 4393
2553 4246
2554 4394
2555 4217
2556 4208
2557 2022
2558 2018
2559 2010
2560 4398
2561 1987
2562 1917
2563 2174
2564 1998
2565 1992
2566 4132
2567 1999
2568 2175
2569 1893
2570 4387
2571 1919
2572 1917
2573 2004
2574 2255
2575 3949
2576 3212
2577 1735
2578 3223
2579 1032
2580 1894
2581 1892
2582 3514
2583 1341
2584 308
2585 308
2586 1339
2587 3581
2588 1755
2589 2285
2590 3215
2591 1003
2592 2336
2593 1023
2594 1755
2595 44
2596 2345
2597 3948
2598 110
2599 4558
2600 4604
2601 4660
2602 4573
2603 4451
2604 4600
2605 2157
2606 1982
2607 2059
2608 1982
2609 2156
2610 1939
2611 2143
2612 2094
2613 2058
2614 1947
2615 2094
2616 1942
2617 2064
2618 1156
2619 1365
2620 341
2621 297
2622 3839
2623 342
2624 300
2625 994
2626 71
2627 4181
2628 4183
2629 4208
2630 4209
2631 2206
2632 4238
2633 2206
2634 4396
2635 4215
2636 1924
2637 4389
2638 4204
2639 4202
2640 4388
2641 4108
2642 1921
2643 4387
2644 2715
2645 2724
2646 513
2647 503
2648 2448
2649 3183
2650 229
2651 3177
2652 2187
2653 4409
2654 502
2655 2714
2656 2183
2657 2715
2658 2724
2659 173
2660 1563
2661 3771
2662 2382
2663 2380
2664 2382
2665 503
2666 2381
2667 2715
2668 2723
2669 3178
2670 229
2671 1990
2672 1993
2673 2180
2674 1910
2675 1910
2676 2000
2677 1893
2678 2181
2679 2181
2680 1893
2681 2181
2682 1893
2683 1988
2684 1910
2685 3952
2686 2338
2687 3345
2688 2282
2689 2228
2690 2218
2691 2302
2692 2246
2693 2219
2694 2250
2695 2331
2696 2247
2697 2247
2698 2213
2699 2247
2700 2217
2701 2301
2702 3957
2703 3346
2704 3570
2705 1171
2706 179
2707 3570
2708 4056
2709 1806
2710 2507
2711 4011
2712 1441
2713 2509
2714 1875
2715 1875
2716 2372
2717 5133
2718 5192
2719 5181
2720 5132
2721 1185
2722 5027
2723 5134
2724 5189
2725 5133
2726 5161
2727 5114
2728 4911
2729 1236
2730 1185
2731 1259
2732 1236
2733 1253
2734 1721
2735 637
2736 2200
2737 5150
2738 1236
2739 1185
2740 1194
2741 1236
2742 1233
2743 1195
2744 1249
2745 5131
2746 5172
2747 5131
2748 5186
2749 5186
2750 4971
2751 5166
2752 5130
2753 5160
2754 4812
2755 5159
2756 4812
2757 5130
2758 5148
2759 5119
2760 1272
2761 587
2762 622
2763 1204
2764 1204
2765 310
2766 543
2767 1275
2768 542
2769 593
2770 3212
2771 3242
2772 2886
2773 3799
2774 3133
2775 3894
2776 2875
2777 3808
2778 3135
2779 3836
2780 3855
2781 3857
2782 3857
2783 3863
2784 3136
2785 3059
2786 2874
2787 2875
2788 3134
2789 3809
2790 3808
2791 310
2792 195
2793 279
2794 1797
2795 1796
2796 1325
2797 1330
2798 534
2799 158
2800 534
2801 1029
2802 1289
2803 1626
2804 348
2805 1796
2806 902
2807 439
2808 403
2809 1580
2810 769
2811 770
2812 2702
2813 436
2814 2607
2815 3184
2816 683
2817 3776
2818 1520
2819 904
2820 2605
2821 515
2822 475
2823 440
2824 1003
2825 993
2826 1002
2827 120
2828 2314
2829 1032
2830 358
2831 359
2832 382
2833 1875
2834 388
2835 388
2836 1502
2837 1540
2838 1478
2839 1540
2840 1875
2841 380
2842 358
2843 1878
2844 382
2845 383
2846 3174
2847 2600
2848 1877
2849 3174
2850 968
2851 977
2852 234
2853 981
2854 386
2855 1876
2856 1540
2857 981
2858 360
2859 2594
2860 3183
2861 968
2862 3174
2863 3174
2864 388
2865 3715
2866 380
2867 432
2868 3169
2869 512
2870 770
2871 428
2872 3171
2873 273
2874 895
2875 3985
2876 1130
2877 3959
2878 2346
2879 3939
2880 3349
2881 3
2882 2225
2883 79
2884 140
2885 2346
2886 1763
2887 2329
2888 47
2889 2321
2890 2282
2891 3977
2892 3555
2893 3201
2894 591
2895 1305
2896 1189
2897 585
2898 1278
2899 585
2900 540
2901 620
2902 258
2903 258
2904 312
2905 621
2906 160
2907 588
2908 1189
2909 1177
2910 3829
2911 2955
2912 2980
2913 2975
2914 3823
2915 2960
2916 3894
2917 2892
2918 3869
2919 2956
2920 3869
2921 3133
2922 2876
2923 3829
2924 2967
2925 3813
2926 2963
2927 3606
2928 3577
2929 2742
2930 3577
2931 4014
2932 3565
2933 4017
2934 2552
2935 2552
2936 3498
2937 3114
2938 2649
2939 2988
2940 3907
2941 2647
2942 2988
2943 3006
2944 3119
2945 792
2946 3916
2947 3911
2948 920
2949 920
2950 1692
2951 3914
2952 3011
2953 2992
2954 3120
2955 2987
2956 2726
2957 2649
2958 3115
2959 3747
2960 3109
2961 2612
2962 3110
2963 3114
2964 2291
2965 3799
2966 2951
2967 3818
2968 3892
2969 2943
2970 2980
2971 2969
2972 1625
2973 315
2974 1167
2975 1625
2976 3839
2977 1883
2978 1887
2979 2508
2980 1362
2981 1825
2982 1883
2983 2508
2984 1362
2985 3384
2986 3384
2987 4384
2988 4300
2989 4176
2990 4335
2991 4287
2992 4304
2993 4302
2994 4177
2995 4302
2996 4185
2997 4236
2998 4304
2999 4175
3000 4196
3001 4284
3002 4299
3003 2067
3004 4299
3005 4337
3006 4339
3007 4338
3008 4363
3009 2295
3010 3539
3011 2295
3012 1325
3013 2305
3014 2279
3015 3555
3016 1719
3017 3907
3018 3025
3019 3159
3020 3802
3021 3915
3022 3805
3023 3911
3024 3794
3025 920
3026 3158
3027 3838
3028 3143
3029 3144
3030 3158
3031 3097
3032 3807
3033 3895
3034 2980
3035 4522
3036 4465
3037 4527
3038 4591
3039 4763
3040 4526
3041 4479
3042 4772
3043 4715
3044 4438
3045 4540
3046 1891
3047 4011
3048 1883
3049 2388
3050 4096
3051 1806
3052 1806
3053 1800
3054 1396
3055 1361
3056 1363
3057 1800
3058 1400
3059 338
3060 1394
3061 339
3062 4097
3063 513
3064 1012
3065 3207
3066 994
3067 3606
3068 4012
3069 4016
3070 1362
3071 2388
3072 4012
3073 3564
3074 4012
3075 3565
3076 2779
3077 4013
3078 3498
3079 1850
3080 2968
3081 3133
3082 3797
3083 3142
3084 2951
3085 2947
3086 2891
3087 2949
3088 2955
3089 2952
3090 3917
3091 3122
3092 2643
3093 2646
3094 3115
3095 3132
3096 3384
3097 1363
3098 3253
3099 18
3100 3244
3101 2327
3102 2271
3103 996
3104 996
3105 3323
3106 87
3107 2211
3108 617
3109 1226
3110 582
3111 1183
3112 577
3113 1183
3114 577
3115 605
3116 1224
3117 616
3118 595
3119 150
3120 617
3121 624
3122 1224
3123 606
3124 618
3125 582
3126 637
3127 1577
3128 431
3129 456
3130 4487
3131 4553
3132 4455
3133 3164
3134 3171
3135 1440
3136 160
3137 2362
3138 139
3139 1324
3140 197
3141 196
3142 347
3143 1794
3144 1368
3145 2290
3146 2290
3147 3226
3148 3225
3149 1028
3150 2268
3151 2607
3152 2447
3153 2611
3154 970
3155 683
3156 2447
3157 227
3158 1534
3159 3164
3160 3169
3161 3164
3162 2705
3163 3164
3164 495
3165 487
3166 495
3167 495
3168 3184
3169 3173
3170 717
3171 717
3172 2932
3173 240
3174 2448
3175 3177
3176 2448
3177 1003
3178 1090
3179 3215
3180 3067
3181 2887
3182 3868
3183 3046
3184 2951
3185 4610
3186 4577
3187 1493
3188 235
3189 1845
3190 1505
3191 1839
3192 4013
3193 1576
3194 1576
3195 1578
3196 456
3197 1576
3198 1582
3199 1327
3200 1353
3201 1476
3202 1505
3203 1476
3204 1504
3205 1518
3206 2484
3207 3033
3208 3811
3209 3914
3210 235
3211 388
3212 396
3213 3771
3214 3771
3215 3503
3216 3533
3217 2564
3218 3384
3219 3335
3220 3807
3221 2973
3222 3808
3223 2949
3224 3809
3225 3067
3226 2887
3227 3137
3228 134
3229 2227
3230 2291
3231 2227
3232 1115
3233 2293
3234 2291
3235 3794
3236 409
3237 2988
3238 429
3239 2985
3240 3131
3241 409
3242 3784
3243 1532
3244 3785
3245 451
3246 777
3247 3119
3248 409
3249 427
3250 3916
3251 441
3252 1684
3253 3930
3254 3158
3255 3144
3256 3143
3257 3003
3258 3788
3259 3022
3260 3788
3261 1577
3262 2318
3263 1028
3264 4255
3265 4143
3266 4145
3267 4284
3268 4141
3269 4285
3270 4334
3271 4310
3272 4374
3273 4337
3274 4310
3275 4358
3276 4162
3277 4161
3278 3876
3279 3881
3280 4315
3281 4379
3282 4311
3283 4357
3284 3812
3285 3030
3286 2963
3287 3812
3288 2963
3289 3898
3290 3898
3291 3019
3292 3918
3293 1992
3294 2174
3295 4116
3296 4237
3297 2004
3298 2025
3299 605
3300 599
3301 1280
3302 541
3303 525
3304 1291
3305 3793
3306 806
3307 3785
3308 452
3309 2931
3310 702
3311 3587
3312 2506
3313 4950
3314 5074
3315 5041
3316 5024
3317 5176
3318 4891
3319 5069
3320 4886
3321 4886
3322 5061
3323 5042
3324 2284
3325 7
3326 2242
3327 2220
3328 3843
3329 3799
3330 3135
3331 2948
3332 2943
3333 2966
3334 2964
3335 2973
3336 3020
3337 906
3338 2652
3339 1696
3340 517
3341 446
3342 3119
3343 919
3344 2727
3345 3746
3346 2618
3347 917
3348 3732
3349 1210
3350 1220
3351 1210
3352 3932
3353 3158
3354 3021
3355 3002
3356 3791
3357 3788
3358 3788
3359 1577
3360 1119
3361 3213
3362 390
3363 4012
3364 3564
3365 390
3366 1772
3367 1824
3368 262
3369 2506
3370 1850
3371 3564
3372 776
3373 1288
3374 180
3375 220
3376 279
3377 1326
3378 1864
3379 1325
3380 1325
3381 2300
3382 1320
3383 1321
3384 1869
3385 1332
3386 181
3387 354
3388 1379
3389 1808
3390 1773
3391 1777
3392 1772
3393 1816
3394 4094
3395 2458
3396 3940
3397 1801
3398 1441
3399 1882
3400 338
3401 2388
3402 339
3403 1804
3404 1397
3405 1350
3406 145
3407 1805
3408 353
3409 418
3410 445
3411 444
3412 1034
3413 1034
3414 3244
3415 3900
3416 2944
3417 2886
3418 2875
3419 3808
3420 3059
3421 3857
3422 3855
3423 473
3424 53
3425 994
3426 2290
3427 3968
3428 3972
3429 1027
3430 3973
3431 2260
3432 94
3433 2273
3434 2219
3435 2260
3436 28
3437 2251
3438 8
3439 279
3440 4424
3441 2290
3442 3576
3443 4094
3444 3576
3445 1805
3446 2946
3447 2946
3448 3836
3449 3833
3450 2876
3451 3075
3452 3855
3453 3842
3454 4291
3455 4184
3456 4240
3457 4263
3458 4256
3459 4189
3460 4172
3461 4256
3462 4255
3463 4144
3464 4256
3465 4237
3466 4259
3467 4237
3468 4237
3469 2206
3470 4402
3471 312
3472 546
3473 1190
3474 44
3475 137
3476 2347
3477 2999
3478 3020
3479 2990
3480 2619
3481 2617
3482 713
3483 491
3484 439
3485 685
3486 2897
3487 3748
3488 1751
3489 2314
3490 2236
3491 2317
3492 3211
3493 3030
3494 4012
3495 1185
3496 1195
3497 1722
3498 1256
3499 1242
3500 572
3501 5183
3502 5124
3503 1185
3504 1250
3505 1241
3506 1243
3507 572
3508 1193
3509 1209
3510 1193
3511 575
3512 1211
3513 578
3514 1253
3515 5144
3516 5133
3517 5124
3518 5131
3519 5124
3520 1853
3521 3142
3522 3137
3523 3183
3524 3178
3525 3177
3526 718
3527 2587
3528 4252
3529 4254
3530 4254
3531 4465
3532 4517
3533 141
3534 1186
3535 5144
3536 5112
3537 5186
3538 5173
3539 4812
3540 5157
3541 5180
3542 4908
3543 5142
3544 3815
3545 3900
3546 2963
3547 3895
3548 3802
3549 2967
3550 3814
3551 2329
3552 3231
3553 2229
3554 994
3555 994
3556 2229
3557 1012
3558 297
3559 280
3560 333
3561 1430
3562 317
3563 156
3564 202
3565 309
3566 182
3567 182
3568 1318
3569 1404
3570 195
3571 186
3572 352
3573 352
3574 331
3575 2981
3576 3815
3577 3813
3578 3811
3579 3807
3580 3917
3581 3910
3582 3912
3583 3895
3584 3004
3585 3096
3586 3918
3587 3910
3588 3031
3589 3912
3590 2991
3591 3799
3592 3865
3593 3051
3594 3835
3595 3075
3596 3057
3597 4624
3598 4753
3599 4775
3600 4737
3601 4632
3602 4752
3603 4759
3604 4727
3605 4729
3606 4732
3607 4752
3608 4751
3609 4758
3610 4752
3611 4778
3612 4753
3613 4731
3614 4787
3615 4529
3616 4730
3617 4778
3618 4729
3619 4525
3620 4797
3621 4526
3622 4753
3623 4791
3624 4588
3625 4626
3626 4616
3627 4769
3628 4715
3629 4713
3630 4711
3631 4617
3632 4465
3633 4635
3634 4611
3635 4630
3636 4775
3637 4761
3638 4693
3639 4638
3640 2321
3641 3332
3642 2240
3643 2320
3644 2302
3645 3324
3646 4425
3647 2923
3648 702
3649 4266
3650 4181
3651 4227
3652 3002
3653 2988
3654 3006
3655 796
3656 1341
3657 3100
3658 3159
3659 3004
3660 3106
3661 1525
3662 2935
3663 3105
3664 2626
3665 417
3666 5031
3667 5035
3668 5035
3669 227
3670 229
3671 229
3672 2611
3673 2611
3674 4946
3675 5071
3676 4877
3677 4866
3678 4867
3679 4869
3680 4901
3681 5066
3682 5067
3683 4851
3684 4941
3685 5032
3686 5060
3687 4891
3688 4886
3689 4886
3690 2511
3691 1880
3692 3599
3693 4096
3694 3566
3695 4012
3696 4010
3697 2229
3698 3207
3699 2260
3700 2722
3701 727
3702 3738
3703 727
3704 1531
3705 3739
3706 3739
3707 3740
3708 3741
3709 2895
3710 3736
3711 4862
3712 4994
3713 5154
3714 4859
3715 5163
3716 5108
3717 5155
3718 4848
3719 4856
3720 4987
3721 4994
3722 4829
3723 5068
3724 4810
3725 5177
3726 4822
3727 5035
3728 3600
3729 2742
3730 3604
3731 4011
3732 3839
3733 1741
3734 1865
3735 1325
3736 4261
3737 4262
3738 4289
3739 3881
3740 3866
3741 4324
3742 2137
3743 4363
3744 4414
3745 2608
3746 395
3747 2679
3748 317
3749 339
3750 1429
3751 1398
3752 219
3753 219
3754 1417
3755 1364
3756 532
3757 534
3758 307
3759 307
3760 1325
3761 205
3762 1318
3763 1308
3764 1373
3765 3557
3766 1379
3767 318
3768 333
3769 1433
3770 353
3771 353
3772 1811
3773 1398
3774 1420
3775 1398
3776 1399
3777 1433
3778 4191
3779 4200
3780 4200
3781 4255
3782 4140
3783 4294
3784 2072
3785 4171
3786 4235
3787 1891
3788 340
3789 2509
3790 342
3791 1171
3792 1397
3793 1889
3794 1806
3795 965
3796 4405
3797 4413
3798 4606
3799 4540
3800 4435
3801 4450
3802 4577
3803 4610
3804 4654
3805 4606
3806 4520
3807 4772
3808 4477
3809 4011
3810 4011
3811 3504
3812 2513
3813 277
3814 317
3815 317
3816 317
3817 1379
3818 1760
3819 1760
3820 1755
3821 2224
3822 3920
3823 3839
3824 300
3825 4540
3826 4689
3827 4594
3828 4577
3829 4788
3830 4787
3831 3444
3832 4799
3833 4744
3834 4777
3835 4748
3836 3449
3837 3406
3838 3456
3839 3455
3840 3437
3841 3405
3842 3464
3843 3454
3844 2859
3845 2862
3846 3447
3847 4766
3848 4786
3849 4767
3850 4752
3851 4529
3852 4731
3853 4789
3854 4786
3855 4731
3856 4787
3857 4757
3858 3447
3859 4777
3860 4767
3861 3468
3862 1760
3863 4432
3864 4453
3865 4494
3866 1158
3867 3513
3868 1168
3869 2521
3870 3619
3871 3920
3872 3802
3873 2991
3874 3801
3875 3031
3876 3295
3877 398
3878 2719
3879 4413
3880 2296
3881 3807
3882 87
3883 3948
3884 3908
3885 3763
3886 3736
3887 3736
3888 3948
3889 2339
3890 1112
3891 5036
3892 4891
3893 4891
3894 5066
3895 4985
3896 4848
3897 5160
3898 5002
3899 5108
3900 5101
3901 4921
3902 5002
3903 4816
3904 4980
3905 5154
3906 5163
3907 4827
3908 4848
3909 4922
3910 5165
3911 4921
3912 4902
3913 5008
3914 4816
3915 5099
3916 2689
3917 480
3918 939
3919 447
3920 2923
3921 2908
3922 2626
3923 2626
3924 1091
3925 1874
3926 3947
3927 3213
3928 1003
3929 2273
3930 2317
3931 71
3932 4603
3933 4582
3934 1342
3935 2626
3936 5035
3937 5035
3938 1237
3939 1250
3940 572
3941 1194
3942 1178
3943 5124
3944 5181
3945 1723
3946 1185
3947 1259
3948 641
3949 3384
3950 3384
3951 1345
3952 4487
3953 4657
3954 4503
3955 4685
3956 4453
3957 4512
3958 4492
3959 4689
3960 4432
3961 4191
3962 4191
3963 1280
3964 571
3965 543
3966 1429
3967 2307
3968 1795
3969 103
3970 607
3971 1178
3972 610
3973 584
3974 1176
3975 1178
3976 610
3977 10
3978 2248
3979 2642
3980 2933
3981 3109
3982 2983
3983 3781
3984 3167
3985 3110
3986 2983
3987 3109
3988 3786
3989 2646
3990 2934
3991 3759
3992 3762
3993 2648
3994 2983
3995 2985
3996 2642
3997 2642
3998 3187
3999 3751
4000 3021
4001 3788
4002 3007
4003 2642
4004 2646
4005 3109
4006 2644
4007 1886
4008 331
4009 2755
4010 1380
4011 1379
4012 262
4013 572
4014 1193
4015 1256
4016 1222
4017 1178
4018 1200
4019 1583
4020 796
4021 1583
4022 4866
4023 5019
4024 5177
4025 4825
4026 5154
4027 4979
4028 5155
4029 4981
4030 4845
4031 4975
4032 5173
4033 5140
4034 5164
4035 5102
4036 5010
4037 5002
4038 4980
4039 4993
4040 4821
4041 4851
4042 4987
4043 3912
4044 3029
4045 607
4046 607
4047 576
4048 616
4049 625
4050 4509
4051 4577
4052 4582
4053 4486
4054 4573
4055 4578
4056 4682
4057 4503
4058 4657
4059 4487
4060 4766
4061 4744
4062 564
4063 556
4064 312
4065 4850
4066 4896
4067 4979
4068 5003
4069 4993
4070 5004
4071 5089
4072 5037
4073 2705
4074 3162
4075 3162
4076 2654
4077 713
4078 484
4079 2146
4080 2058
4081 1663
4082 2133
4083 1946
4084 1670
4085 870
4086 2123
4087 1948
4088 1948
4089 2156
4090 2156
4091 2104
4092 1638
4093 1663
4094 876
4095 2128
4096 880
4097 1642
4098 1656
4099 879
4100 851
4101 662
4102 1644
4103 1665
4104 828
4105 879
4106 865
4107 1647
4108 2128
4109 872
4110 872
4111 1667
4112 2154
4113 2149
4114 1266
4115 2149
4116 1648
4117 2155
4118 2155
4119 2093
4120 2156
4121 1944
4122 2162
4123 2097
4124 2161
4125 2057
4126 2107
4127 2092
4128 1948
4129 2162
4130 1751
4131 2339
4132 4851
4133 4940
4134 5005
4135 4820
4136 5072
4137 5069
4138 4941
4139 5036
4140 4964
4141 520
4142 539
4143 1266
4144 2139
4145 1664
4146 864
4147 2129
4148 865
4149 831
4150 865
4151 841
4152 839
4153 1656
4154 839
4155 1631
4156 839
4157 862
4158 1644
4159 840
4160 880
4161 1672
4162 1644
4163 1664
4164 1665
4165 1638
4166 1260
4167 2128
4168 1662
4169 2152
4170 2144
4171 1263
4172 2094
4173 1982
4174 2146
4175 2155
4176 2155
4177 2058
4178 2127
4179 1664
4180 1264
4181 1265
4182 1260
4183 880
4184 1657
4185 2588
4186 959
4187 2313
4188 3305
4189 4426
4190 3891
4191 3096
4192 2642
4193 3117
4194 3130
4195 2651
4196 2643
4197 1563
4198 1115
4199 1847
4200 1493
4201 1853
4202 1491
4203 1853
4204 2766
4205 2422
4206 298
4207 3579
4208 3619
4209 1863
4210 3482
4211 2367
4212 3483
4213 3482
4214 2728
4215 2754
4216 2405
4217 3417
4218 2365
4219 309
4220 309
4221 1371
4222 1863
4223 1341
4224 2517
4225 1285
4226 1284
4227 1286
4228 301
4229 3158
4230 3839
4231 355
4232 277
4233 277
4234 1773
4235 1772
4236 1772
4237 331
4238 331
4239 1813
4240 943
4241 419
4242 1715
4243 1504
4244 1488
4245 1502
4246 1386
4247 1340
4248 1365
4249 279
4250 1387
4251 1626
4252 179
4253 342
4254 564
4255 444
4256 3907
4257 3098
4258 805
4259 3898
4260 805
4261 3000
4262 3907
4263 143
4264 1237
4265 1194
4266 641
4267 1721
4268 5185
4269 3244
4270 396
4271 1558
4272 506
4273 3624
4274 3524
4275 2412
4276 2535
4277 3508
4278 2774
4279 2493
4280 3504
4281 4082
4282 2563
4283 2392
4284 3524
4285 3524
4286 2562
4287 315
4288 2501
4289 1028
4290 1021
4291 3226
4292 3457
4293 3392
4294 5074
4295 754
4296 730
4297 766
4298 890
4299 890
4300 666
4301 730
4302 754
4303 749
4304 1686
4305 823
4306 752
4307 1585
4308 730
4309 1681
4310 1587
4311 5063
4312 4864
4313 4924
4314 5003
4315 4981
4316 596
4317 1853
4318 1772
4319 1850
4320 1449
4321 1456
4322 2202
4323 1466
4324 1854
4325 1488
4326 1488
4327 1488
4328 1440
4329 1459
4330 1853
4331 1851
4332 1851
4333 2100
4334 1673
4335 867
4336 1647
4337 877
4338 860
4339 1636
4340 1654
4341 1655
4342 1658
4343 840
4344 730
4345 927
4346 1644
4347 860
4348 1596
4349 671
4350 1596
4351 662
4352 671
4353 671
4354 672
4355 671
4356 661
4357 848
4358 858
4359 844
4360 924
4361 844
4362 763
4363 1712
4364 884
4365 1682
4366 1713
4367 5177
4368 4899
4369 5155
4370 5004
4371 5163
4372 4922
4373 4903
4374 5019
4375 4994
4376 5117
4377 4990
4378 4908
4379 5146
4380 4908
4381 4975
4382 4973
4383 5130
4384 4971
4385 5113
4386 4982
4387 4906
4388 5111
4389 4997
4390 1489
4391 1851
4392 1851
4393 672
4394 676
4395 676
4396 857
4397 672
4398 1657
4399 1643
4400 853
4401 832
4402 873
4403 1648
4404 2133
4405 2153
4406 1502
4407 1491
4408 1440
4409 4987
4410 4871
4411 5000
4412 4995
4413 4844
4414 4997
4415 4823
4416 5005
4417 5003
4418 5099
4419 4903
4420 3236
4421 1652
4422 870
4423 833
4424 1656
4425 834
4426 1655
4427 1619
4428 4998
4429 5173
4430 1773
4431 1850
4432 1851
4433 3472
4434 3874
4435 3091
4436 3476
4437 4312
4438 4315
4439 4358
4440 2137
4441 1628
4442 1656
4443 1631
4444 845
4445 662
4446 924
4447 1643
4448 1643
4449 1262
4450 1686
4451 4640
4452 4527
4453 4722
4454 4723
4455 1606
4456 3098
4457 1873
4458 1503
4459 4896
4460 5066
4461 4986
4462 4891
4463 4891
4464 2155
4465 1945
4466 2093
4467 2128
4468 1653
4469 1672
4470 931
4471 1594
4472 2562
4473 2493
4474 2760
4475 2461
4476 2411
4477 2764
4478 3501
4479 913
4480 857
4481 856
4482 1618
4483 858
4484 836
4485 853
4486 831
4487 864
4488 1207
4489 629
4490 538
4491 620
4492 159
4493 3057
4494 3079
4495 3856
4496 3062
4497 3856
4498 3850
4499 3856
4500 3136
4501 3859
4502 3476
4503 3084
4504 3887
4505 3057
4506 3040
4507 3880
4508 3862
4509 3083
4510 3866
4511 3084
4512 3878
4513 1393
4514 1409
4515 288
4516 564
4517 209
4518 534
4519 279
4520 736
4521 1619
4522 1618
4523 744
4524 4884
4525 4953
4526 4878
4527 4856
4528 4877
4529 4837
4530 4882
4531 1275
4532 1269
4533 653
4534 1196
4535 1280
4536 197
4537 520
4538 1204
4539 1277
4540 522
4541 549
4542 1330
4543 194
4544 253
4545 258
4546 1275
4547 3418
4548 2525
4549 2784
4550 3419
4551 2756
4552 3487
4553 2523
4554 2103
4555 2057
4556 2123
4557 2103
4558 2056
4559 1925
4560 2078
4561 2106
4562 2057
4563 2072
4564 1985
4565 1978
4566 3857
4567 3056
4568 3859
4569 3476
4570 3859
4571 3861
4572 3852
4573 2403
4574 2409
4575 2460
4576 2403
4577 2733
4578 2413
4579 2411
4580 3491
4581 2747
4582 3620
4583 2765
4584 3524
4585 2754
4586 2754
4587 5060
4588 4885
4589 3100
4590 3850
4591 3852
4592 4348
4593 2747
4594 2513
4595 2728
4596 3534
4597 3533
4598 3513
4599 3614
4600 4941
4601 1440
4602 4886
4603 5060
4604 4885
4605 2007
4606 1988
4607 2004
4608 1993
4609 2004
4610 4989
4611 4988
4612 4891
4613 4837
4614 5019
4615 4982
4616 3767
4617 1513
4618 2098
4619 3486
4620 566
4621 530
4622 337
4623 530
4624 1426
4625 1426
4626 282
4627 550
4628 562
4629 550
4630 4877
4631 4833
4632 4884
4633 3138
4634 3078
4635 3083
4636 3889
4637 3087
4638 3086
4639 3857
4640 297
4641 259
4642 253
4643 860
4644 1751
4645 1011
4646 4506
4647 4886
4648 4946
4649 4946
4650 4885
4651 2057
4652 1949
4653 1991
4654 1896
4655 4358
4656 4194
4657 4382
4658 4375
4659 2056
4660 2166
4661 1003
4662 2255
4663 84
4664 18
4665 1756
4666 2315
4667 127
4668 1012
4669 1010
4670 1011
4671 2220
4672 2760
4673 3487
4674 2461
4675 996
4676 4657
4677 4503
4678 3518
4679 3429
4680 2049
4681 4256
4682 1462
4683 1327
4684 2518
4685 2753
4686 194
4687 152
4688 194
4689 194
4690 310
4691 347
4692 1315
4693 1316
4694 526
4695 322
4696 656
4697 323
4698 2168
4699 1999
4700 1910
4701 1896
4702 1910
4703 1868
4704 1325
4705 3486
4706 2082
4707 4341
4708 2125
4709 2081
4710 2124
4711 2072
4712 2069
4713 297
4714 1341
4715 300
4716 221
4717 2322
4718 341
4719 2850
4720 2858
4721 3461
4722 2850
4723 2800
4724 3454
4725 2859
4726 3461
4727 2862
4728 3446
4729 2860
4730 4777
4731 4767
4732 3936
4733 4749
4734 3446
4735 4750
4736 2822
4737 2791
4738 2801
4739 2800
4740 3389
4741 3423
4742 3423
4743 2802
4744 3420
4745 2838
4746 1868
4747 258
4748 621
4749 3701
4750 174
4751 510
4752 1342
4753 2251
4754 303
4755 1321
4756 303
4757 1003
4758 2461
4759 2869
4760 1188
4761 586
4762 586
4763 621
4764 589
4765 197
4766 1024
4767 1865
4768 153
4769 1330
4770 195
4771 310
4772 1330
4773 4886
4774 301
4775 558
4776 553
4777 549
4778 1188
4779 4510
4780 4681
4781 4660
4782 4512
4783 4491
4784 4988
4785 4573
4786 4653
4787 4494
4788 2178
4789 1899
4790 1919
4791 2180
4792 4129
4793 2011
4794 1914
4795 2001
4796 2024
4797 1275
4798 4451
4799 1591
4800 741
4801 759
4802 734
4803 736
4804 930
4805 1591
4806 758
4807 758
4808 921
4809 817
4810 754
4811 756
4812 890
4813 3486
4814 4898
4815 931
4816 922
4817 672
4818 764
4819 753
4820 755
4821 753
4822 758
4823 754
4824 758
4825 760
4826 733
4827 763
4828 158
4829 586
4830 197
4831 307
4832 2456
4833 2322
4834 3410
4835 2750
4836 3518
4837 2366
4838 2110
4839 2069
4840 2074
4841 4304
4842 4191
4843 2086
4844 1985
4845 2085
4846 1955
4847 2074
4848 1955
4849 1959
4850 1973
4851 4304
4852 2111
4853 1925
4854 4183
4855 3074
4856 3053
4857 3846
4858 3867
4859 3866
4860 4376
4861 814
4862 602
4863 2217
4864 588
4865 1190
4866 1354
4867 1188
4868 1188
4869 1325
4870 1388
4871 3539
4872 2347
4873 585
4874 2329
4875 732
4876 730
4877 1586
4878 1596
4879 671
4880 671
4881 923
4882 659
4883 1596
4884 730
4885 890
4886 1681
4887 733
4888 4567
4889 922
4890 922
4891 729
4892 4503
4893 1619
4894 1606
4895 665
4896 1711
4897 1655
4898 746
4899 3087
4900 3088
4901 3080
4902 3873
4903 3050
4904 3868
4905 3040
4906 3864
4907 3126
4908 3846
4909 3244
4910 1738
4911 4229
4912 2043
4913 1968
4914 2043
4915 2046
4916 4261
4917 2018
4918 2049
4919 112
4920 1606
4921 658
4922 1620
4923 658
4924 1620
4925 4338
4926 562
4927 996
4928 2749
4929 3401
4930 5166
4931 1711
4932 2787
4933 2729
4934 2784
4935 3481
4936 2745
4937 2513
4938 5036
4939 2754
4940 2759
4941 2364
4942 3482
4943 3480
4944 994
4945 3400
4946 3058
4947 3091
4948 3865
4949 3088
4950 1405
4951 196
4952 1352
4953 1349
4954 1400
4955 1421
4956 280
4957 1798
4958 1498
4959 1509
4960 1517
4961 1498
4962 274
4963 1872
4964 2482
4965 1519
4966 1474
4967 1517
4968 1496
4969 1509
4970 1197
4971 1321
4972 194
4973 322
4974 193
4975 1355
4976 315
4977 3428
4978 1983
4979 1489
4980 1465
4981 1948
4982 1950
4983 1028
4984 1961
4985 2086
4986 112
4987 1914
4988 2049
4989 4903
4990 5022
4991 4860
4992 52
4993 3951
4994 18
4995 2208
4996 5
4997 2863
4998 1934
4999 1038
5000 3212
5001 1706
5002 2843
5003 3430
5004 3751
5005 2675
5006 2935
5007 2644
5008 4089
5009 2854
5010 2057
5011 2057
5012 2068
5013 2049
5014 2035
5015 2033
5016 630
5017 804
5018 3692
5019 1552
5020 1551
5021 3763
5022 174
5023 3209
5024 1398
5025 1286
5026 533
5027 1319
5028 1869
5029 1869
5030 1355
5031 1868
5032 1325
5033 1868
5034 1319
5035 289
5036 1287
5037 1386
5038 298
5039 290
5040 1429
5041 333
5042 1427
5043 1357
5044 1428
5045 202
5046 333
5047 182
5048 1309
5049 205
5050 189
5051 189
5052 1418
5053 1394
5054 1397
5055 561
5056 1331
5057 1869
5058 197
5059 1293
5060 556
5061 1389
5062 301
5063 553
5064 1392
5065 1319
5066 1387
5067 217
5068 558
5069 1415
5070 559
5071 1869
5072 1427
5073 1396
5074 209
5075 208
5076 1309
5077 532
5078 1869
5079 535
5080 1319
5081 1392
5082 289
5083 294
5084 1292
5085 1390
5086 1390
5087 213
5088 1391
5089 1390
5090 550
5091 210
5092 212
5093 1389
5094 2545
5095 1167
5096 3643
5097 2737
5098 1365
5099 1167
5100 259
5101 3500
5102 3569
5103 179
5104 3839
5105 3500
5106 3839
5107 3500
5108 2514
5109 3615
5110 3619
5111 3621
5112 2491
5113 2737
5114 2492
5115 2565
5116 3526
5117 2410
5118 2563
5119 3572
5120 2490
5121 2565
5122 2411
5123 3640
5124 3536
5125 2565
5126 2410
5127 2866
5128 2402
5129 2731
5130 2561
5131 2416
5132 3616
5133 3503
5134 2390
5135 2522
5136 2563
5137 3512
5138 2394
5139 2415
5140 3524
5141 2410
5142 2359
5143 2416
5144 3528
5145 3523
5146 3524
5147 2410
5148 2493
5149 2400
5150 2396
5151 3598
5152 3579
5153 4082
5154 4010
5155 3504
5156 2422
5157 3629
5158 3622
5159 3607
5160 1842
5161 3625
5162 2776
5163 2502
5164 2499
5165 3578
5166 2770
5167 3630
5168 2772
5169 3606
5170 3625
5171 3523
5172 3498
5173 2763
5174 3621
5175 2490
5176 2502
5177 3509
5178 2401
5179 2502
5180 2496
5181 3523
5182 2490
5183 2763
5184 2550
5185 2779
5186 3626
5187 1425
5188 1417
5189 1310
5190 1419
5191 1419
5192 192
5193 4649
5194 3945
5195 4510
5196 7
