0 1354
1 3955
2 2242
3 1077
4 1823
5 3235
6 2773
7 2242
8 1821
9 280
10 277
11 283
12 755
13 757
14 1063
15 1063
16 1063
17 1063
18 2251
19 2257
20 1261
21 1357
22 1371
23 1251
24 3920
25 1257
26 2174
27 2256
28 1243
29 1253
30 3920
31 1257
32 268
33 1329
34 3955
35 3920
36 286
37 1076
38 1268
39 1069
40 2239
41 2249
42 2797
43 2803
44 1261
45 2236
46 1269
47 2771
48 1262
49 2797
50 2243
51 1261
52 3920
53 1241
54 1281
55 1261
56 1254
57 3920
58 3920
59 1250
60 2175
61 2773
62 1073
63 2798
64 1257
65 1371
66 1384
67 1377
68 1278
69 1250
70 1252
71 1252
72 277
73 3492
74 3483
75 1069
76 1264
77 1263
78 3897
79 3920
80 1378
81 2798
82 1086
83 1286
84 1282
85 3817
86 1077
87 1063
88 3920
89 1254
90 3896
91 1369
92 1379
93 1076
94 1088
95 1251
96 1257
97 3860
98 3860
99 1280
100 1077
101 3817
102 1074
103 1059
104 280
105 508
106 508
107 524
108 279
109 1086
110 1355
111 3490
112 3503
113 1357
114 1358
115 1358
116 1381
117 1381
118 1377
119 1381
120 1381
121 1377
122 1369
123 1371
124 1360
125 1360
126 1368
127 1367
128 1799
129 3505
130 2407
131 1817
132 1823
133 267
134 1329
135 2176
136 2407
137 1271
138 1251
139 1376
140 1382
141 1377
142 3232
143 1274
144 3253
145 1284
146 1264
147 1243
148 1251
149 1250
150 2798
151 2769
152 287
153 2798
154 1250
155 1250
156 2250
157 2242
158 2773
159 3944
160 1269
161 1271
162 1279
163 3229
164 3228
165 1269
166 2771
167 2249
168 2797
169 1279
170 2258
171 3235
172 1271
173 2243
174 3229
175 3229
176 3920
177 3920
178 3231
179 2407
180 2769
181 2168
182 2798
183 1255
184 1384
185 1376
186 1377
187 1377
188 3920
189 2794
190 1251
191 1252
192 268
193 3483
194 1354
195 1327
196 2235
197 4467
198 3229
199 3235
200 3266
201 2794
202 2236
203 2174
204 2175
205 2176
206 2176
207 1250
208 3235
209 1371
210 1371
211 3955
212 2172
213 3229
214 3231
215 3241
216 3854
217 2251
218 4467
219 2175
220 2248
221 2173
222 3505
223 1796
224 1803
225 1781
226 1781
227 1823
228 1355
229 3490
230 1358
231 1358
232 1358
233 1358
234 1381
235 1382
236 1367
237 1367
238 1367
239 1368
240 1371
241 1371
242 2407
243 3503
244 1377
245 1368
246 268
247 756
248 1330
249 1811
250 307
251 303
252 2424
253 312
254 1225
255 777
256 306
257 3511
258 296
259 2432
260 2430
261 2430
262 2430
263 1238
264 1222
265 1222
266 271
267 1079
268 1081
269 1238
270 1240
271 1240
272 1079
273 278
274 275
275 1079
276 267
277 1071
278 1071
279 1071
280 1071
281 1071
282 764
283 763
284 1071
285 522
286 756
287 1071
288 771
289 294
290 301
291 312
292 313
293 315
294 274
295 273
296 2426
297 2432
298 2429
299 273
300 1071
301 1238
302 276
303 783
304 756
305 1088
306 760
307 759
308 762
309 762
310 757
311 3792
312 1088
313 2426
314 519
315 771
316 293
317 768
318 274
319 272
320 748
321 771
322 299
323 297
324 310
325 2421
326 2420
327 308
328 272
329 4062
330 309
331 2904
332 1577
333 2890
334 2890
335 4062
336 1589
337 2417
338 2027
339 2227
340 269
341 271
342 267
343 2428
344 2417
345 2428
346 2428
347 2883
348 2417
349 267
350 267
351 1330
352 1320
353 268
354 267
355 267
356 1580
357 2428
358 2159
359 3505
360 1825
361 2229
362 1591
363 1578
364 2419
365 308
366 2421
367 2426
368 269
369 2417
370 2425
371 2890
372 1575
373 271
374 267
375 2417
376 2407
377 1588
378 2027
379 1818
380 1808
381 1818
382 1811
383 1826
384 1819
385 275
386 272
387 2422
388 1799
389 1590
390 2422
391 1808
392 271
393 272
394 1825
395 4300
396 1580
397 1580
398 3514
399 765
400 2727
401 3519
402 2898
403 762
404 4628
405 2903
406 3534
407 3535
408 2903
409 3134
410 2615
411 714
412 714
413 842
414 1083
415 1082
416 3850
417 4579
418 2898
419 2727
420 3535
421 3531
422 2903
423 4580
424 3516
425 2727
426 714
427 2717
428 2728
429 2731
430 119
431 852
432 855
433 3393
434 2644
435 2618
436 844
437 2617
438 706
439 1238
440 1224
441 1238
442 1222
443 1229
444 1225
445 1229
446 2431
447 3347
448 3347
449 3347
450 778
451 1229
452 1229
453 2746
454 1082
455 781
456 774
457 779
458 781
459 1224
460 780
461 2576
462 3793
463 3220
464 1231
465 15
466 15
467 3531
468 3369
469 3371
470 2644
471 3346
472 2639
473 2644
474 3779
475 706
476 1430
477 1430
478 2615
479 2615
480 3779
481 4579
482 3393
483 119
484 4579
485 4579
486 3531
487 3533
488 3533
489 3516
490 3539
491 3529
492 3513
493 3
494 3518
495 3371
496 3535
497 3354
498 16
499 1210
500 1186
501 3850
502 777
503 774
504 777
505 782
506 782
507 782
508 1223
509 772
510 761
511 760
512 2719
513 2721
514 2719
515 3518
516 1082
517 1224
518 1236
519 1230
520 3779
521 2617
522 1996
523 3143
524 2610
525 1430
526 2025
527 2027
528 3850
529 3400
530 311
531 3225
532 3532
533 3531
534 2902
535 4579
536 3220
537 3225
538 4343
539 2839
540 2743
541 3139
542 229
543 861
544 2620
545 1996
546 1996
547 1996
548 1996
549 1993
550 3089
551 2027
552 1810
553 2027
554 2025
555 2227
556 2227
557 2427
558 2890
559 2907
560 2891
561 1469
562 1586
563 2225
564 2224
565 2228
566 3029
567 2023
568 2023
569 3134
570 2024
571 2025
572 2026
573 4400
574 2226
575 3220
576 2226
577 1469
578 1469
579 3532
580 1441
581 2906
582 1993
583 2890
584 1996
585 1996
586 4343
587 1993
588 2612
589 1430
590 2610
591 2610
592 4343
593 1430
594 4047
595 1430
596 4053
597 4579
598 4579
599 3529
600 3396
601 3522
602 3539
603 4047
604 4623
605 4053
606 3527
607 1474
608 3534
609 3525
610 1439
611 1923
612 4393
613 1923
614 4063
615 2023
616 2019
617 1806
618 1810
619 1810
620 2025
621 1814
622 2025
623 1812
624 2719
625 3135
626 2719
627 3521
628 2025
629 3134
630 3220
631 2226
632 4628
633 4628
634 1224
635 1083
636 2027
637 2025
638 1083
639 1492
640 2717
641 1200
642 714
643 3847
644 714
645 2615
646 2728
647 2615
648 714
649 843
650 2728
651 2615
652 3781
653 2615
654 2615
655 1185
656 2615
657 1186
658 3781
659 1193
660 2728
661 3141
662 2717
663 2734
664 1193
665 2734
666 89
667 2274
668 2744
669 2610
670 1923
671 1923
672 2610
673 3139
674 2610
675 4341
676 2612
677 2835
678 2610
679 2839
680 2610
681 4343
682 2743
683 1430
684 2272
685 2839
686 2742
687 2719
688 2742
689 3137
690 2743
691 2839
692 2743
693 2839
694 1185
695 3779
696 2612
697 94
698 850
699 2722
700 3850
701 2835
702 1493
703 1479
704 2839
705 1430
706 3135
707 3850
708 2615
709 3779
710 706
711 1337
712 3789
713 2615
714 661
715 913
716 657
717 668
718 668
719 911
720 706
721 2651
722 911
723 913
724 976
725 1929
726 913
727 913
728 911
729 653
730 911
731 911
732 1929
733 843
734 2615
735 718
736 666
737 979
738 2761
739 666
740 666
741 717
742 717
743 725
744 725
745 725
746 725
747 843
748 666
749 718
750 717
751 717
752 652
753 665
754 3809
755 2565
756 703
757 665
758 2766
759 3309
760 952
761 703
762 951
763 855
764 3809
765 652
766 979
767 3144
768 665
769 666
770 951
771 3309
772 2565
773 665
774 652
775 665
776 3084
777 1337
778 669
779 1338
780 1338
781 657
782 657
783 657
784 542
785 661
786 565
787 551
788 1333
789 3750
790 657
791 3750
792 913
793 94
794 1193
795 1185
796 1193
797 1191
798 2567
799 533
800 3755
801 2765
802 3757
803 3754
804 89
805 3437
806 3750
807 653
808 1337
809 561
810 657
811 661
812 551
813 661
814 669
815 653
816 657
817 669
818 669
819 661
820 661
821 2722
822 563
823 551
824 550
825 661
826 661
827 525
828 657
829 533
830 657
831 657
832 2764
833 661
834 661
835 3801
836 661
837 661
838 668
839 668
840 668
841 911
842 668
843 668
844 668
845 661
846 661
847 661
848 911
849 668
850 668
851 657
852 661
853 661
854 668
855 668
856 661
857 661
858 661
859 661
860 668
861 668
862 668
863 668
864 979
865 2615
866 843
867 2617
868 2615
869 714
870 2617
871 842
872 2617
873 979
874 979
875 979
876 2615
877 2615
878 714
879 979
880 706
881 2617
882 2617
883 706
884 2617
885 714
886 979
887 718
888 718
889 714
890 3779
891 979
892 979
893 714
894 2615
895 843
896 843
897 2615
898 2615
899 2615
900 2615
901 2615
902 2615
903 2615
904 2615
905 706
906 2615
907 2615
908 714
909 714
910 714
911 714
912 714
913 714
914 714
915 706
916 714
917 2617
918 979
919 979
920 979
921 979
922 979
923 979
924 979
925 979
926 979
927 979
928 979
929 979
930 979
931 721
932 979
933 979
934 721
935 666
936 666
937 721
938 721
939 721
940 718
941 721
942 721
943 721
944 718
945 979
946 721
947 721
948 717
949 2617
950 2617
951 2617
952 2617
953 721
954 979
955 979
956 2617
957 2617
958 979
959 979
960 979
961 979
962 979
963 979
964 979
965 979
966 714
967 3779
968 3779
969 2615
970 706
971 714
972 979
973 979
974 979
975 721
976 979
977 979
978 3779
979 714
980 979
981 714
982 706
983 3779
984 714
985 714
986 706
987 714
988 721
989 721
990 2617
991 979
992 668
993 3750
994 657
995 657
996 661
997 661
998 661
999 657
1000 661
1001 911
1002 911
1003 913
1004 913
1005 911
1006 913
1007 913
1008 913
1009 913
1010 913
1011 913
1012 913
1013 661
1014 661
1015 661
1016 661
1017 661
1018 661
1019 661
1020 657
1021 3750
1022 3750
1023 657
1024 657
1025 657
1026 657
1027 3749
1028 668
1029 668
1030 668
1031 668
1032 668
1033 661
1034 661
1035 661
1036 657
1037 668
1038 661
1039 911
1040 661
1041 911
1042 4614
1043 4614
1044 661
1045 661
1046 953
1047 661
1048 3801
1049 661
1050 661
1051 911
1052 4614
1053 661
1054 4614
1055 913
1056 913
1057 661
1058 661
1059 2764
1060 3789
1061 1191
1062 657
1063 3437
1064 1185
1065 89
1066 657
1067 657
1068 662
1069 657
1070 843
1071 3750
1072 714
1073 714
1074 911
1075 3785
1076 913
1077 911
1078 661
1079 661
1080 661
1081 661
1082 657
1083 661
1084 657
1085 3785
1086 3785
1087 661
1088 661
1089 661
1090 913
1091 913
1092 911
1093 911
1094 661
1095 661
1096 913
1097 921
1098 657
1099 661
1100 661
1101 661
1102 663
1103 551
1104 661
1105 661
1106 911
1107 551
1108 661
1109 563
1110 564
1111 3052
1112 563
1113 3754
1114 661
1115 661
1116 921
1117 911
1118 921
1119 551
1120 559
1121 911
1122 668
1123 668
1124 658
1125 563
1126 3755
1127 3756
1128 3755
1129 3757
1130 3755
1131 3756
1132 3755
1133 3756
1134 3056
1135 2840
1136 913
1137 563
1138 89
1139 706
1140 706
1141 706
1142 706
1143 883
1144 1430
1145 878
1146 983
1147 976
1148 3309
1149 970
1150 873
1151 878
1152 878
1153 2565
1154 2565
1155 2636
1156 4331
1157 1430
1158 878
1159 878
1160 878
1161 3790
1162 958
1163 4334
1164 3082
1165 2636
1166 970
1167 4356
1168 3309
1169 728
1170 3082
1171 3307
1172 3144
1173 2565
1174 3309
1175 3309
1176 970
1177 3144
1178 970
1179 983
1180 873
1181 3309
1182 3790
1183 2651
1184 3084
1185 873
1186 873
1187 1337
1188 938
1189 669
1190 1338
1191 911
1192 911
1193 1838
1194 3086
1195 911
1196 3054
1197 2304
1198 4679
1199 4119
1200 4679
1201 3307
1202 1929
1203 2839
1204 2016
1205 2839
1206 2743
1207 2009
1208 2030
1209 1835
1210 3052
1211 3309
1212 3054
1213 2016
1214 1492
1215 4328
1216 4373
1217 661
1218 3049
1219 2303
1220 911
1221 911
1222 911
1223 911
1224 2628
1225 669
1226 2627
1227 2627
1228 911
1229 911
1230 3220
1231 3139
1232 3052
1233 2304
1234 2306
1235 911
1236 3046
1237 1837
1238 3053
1239 1838
1240 4679
1241 661
1242 3307
1243 911
1244 3225
1245 913
1246 913
1247 911
1248 2628
1249 911
1250 911
1251 911
1252 911
1253 911
1254 911
1255 911
1256 911
1257 911
1258 911
1259 2628
1260 911
1261 911
1262 911
1263 911
1264 911
1265 2628
1266 911
1267 911
1268 911
1269 911
1270 911
1271 911
1272 911
1273 911
1274 976
1275 2610
1276 883
1277 1928
1278 2610
1279 1493
1280 976
1281 976
1282 976
1283 976
1284 976
1285 976
1286 2610
1287 2610
1288 1493
1289 976
1290 4343
1291 976
1292 2610
1293 4343
1294 976
1295 4343
1296 976
1297 983
1298 983
1299 976
1300 1493
1301 970
1302 976
1303 2610
1304 2610
1305 883
1306 2610
1307 2610
1308 2610
1309 1928
1310 2610
1311 2610
1312 2610
1313 2610
1314 1928
1315 1928
1316 1928
1317 1928
1318 1479
1319 4343
1320 4343
1321 1493
1322 1493
1323 4343
1324 4349
1325 4343
1326 4349
1327 976
1328 976
1329 976
1330 976
1331 970
1332 970
1333 970
1334 970
1335 970
1336 970
1337 970
1338 983
1339 970
1340 983
1341 983
1342 976
1343 983
1344 983
1345 983
1346 983
1347 983
1348 983
1349 983
1350 983
1351 983
1352 983
1353 983
1354 983
1355 976
1356 983
1357 983
1358 878
1359 2610
1360 976
1361 983
1362 983
1363 983
1364 976
1365 976
1366 976
1367 976
1368 976
1369 970
1370 976
1371 970
1372 983
1373 976
1374 976
1375 976
1376 4349
1377 1929
1378 4343
1379 976
1380 2610
1381 1493
1382 976
1383 976
1384 976
1385 983
1386 983
1387 983
1388 976
1389 4343
1390 4343
1391 1924
1392 976
1393 1492
1394 1493
1395 1493
1396 4343
1397 4349
1398 983
1399 983
1400 983
1401 970
1402 911
1403 913
1404 911
1405 3086
1406 911
1407 911
1408 911
1409 661
1410 661
1411 661
1412 661
1413 911
1414 911
1415 913
1416 913
1417 913
1418 911
1419 913
1420 913
1421 913
1422 913
1423 913
1424 913
1425 913
1426 913
1427 913
1428 913
1429 911
1430 911
1431 911
1432 3307
1433 911
1434 911
1435 911
1436 911
1437 657
1438 911
1439 2628
1440 911
1441 911
1442 911
1443 911
1444 911
1445 911
1446 911
1447 911
1448 911
1449 911
1450 911
1451 911
1452 830
1453 830
1454 661
1455 913
1456 913
1457 911
1458 4614
1459 913
1460 661
1461 913
1462 830
1463 913
1464 913
1465 913
1466 913
1467 913
1468 3801
1469 4330
1470 1835
1471 1835
1472 913
1473 2009
1474 2016
1475 2839
1476 4330
1477 2627
1478 3307
1479 4343
1480 970
1481 3307
1482 1927
1483 1493
1484 661
1485 911
1486 661
1487 913
1488 913
1489 661
1490 661
1491 911
1492 911
1493 911
1494 911
1495 913
1496 913
1497 911
1498 661
1499 665
1500 911
1501 911
1502 911
1503 911
1504 2537
1505 911
1506 911
1507 911
1508 911
1509 3057
1510 911
1511 555
1512 3052
1513 3052
1514 2720
1515 3052
1516 921
1517 911
1518 921
1519 921
1520 921
1521 551
1522 552
1523 563
1524 911
1525 911
1526 911
1527 3052
1528 3758
1529 3053
1530 3053
1531 3056
1532 3056
1533 4351
1534 3056
1535 3056
1536 2840
1537 2840
1538 911
1539 3053
1540 2839
1541 4343
1542 4343
1543 4343
1544 4343
1545 661
1546 911
1547 911
1548 661
1549 911
1550 913
1551 913
1552 913
1553 911
1554 911
1555 3
1556 36
1557 35
1558 2573
1559 22
1560 193
1561 1193
1562 2730
1563 2728
1564 1191
1565 106
1566 233
1567 106
1568 774
1569 1186
1570 2730
1571 1231
1572 1191
1573 2733
1574 1191
1575 6
1576 3791
1577 3394
1578 6
1579 0
1580 3401
1581 27
1582 3346
1583 26
1584 3345
1585 704
1586 3838
1587 3430
1588 1191
1589 3438
1590 40
1591 22
1592 98
1593 94
1594 93
1595 98
1596 775
1597 2576
1598 2569
1599 2567
1600 97
1601 2569
1602 4588
1603 694
1604 2573
1605 2568
1606 1189
1607 1184
1608 37
1609 75
1610 40
1611 28
1612 2366
1613 59
1614 2369
1615 2366
1616 40
1617 2642
1618 2642
1619 2378
1620 106
1621 2386
1622 2376
1623 2644
1624 106
1625 106
1626 106
1627 106
1628 106
1629 2369
1630 106
1631 102
1632 0
1633 106
1634 2366
1635 47
1636 41
1637 40
1638 17
1639 37
1640 18
1641 40
1642 18
1643 21
1644 23
1645 3345
1646 22
1647 75
1648 35
1649 40
1650 22
1651 37
1652 75
1653 28
1654 75
1655 22
1656 98
1657 22
1658 3426
1659 2380
1660 3
1661 3347
1662 36
1663 34
1664 3
1665 2569
1666 2373
1667 10
1668 2365
1669 21
1670 3344
1671 103
1672 106
1673 2642
1674 106
1675 702
1676 2642
1677 2642
1678 2599
1679 3779
1680 714
1681 2728
1682 774
1683 1193
1684 94
1685 2573
1686 2573
1687 89
1688 89
1689 2573
1690 22
1691 3846
1692 691
1693 26
1694 3791
1695 2728
1696 704
1697 1191
1698 779
1699 782
1700 3838
1701 40
1702 76
1703 2378
1704 75
1705 3423
1706 177
1707 75
1708 2386
1709 35
1710 3443
1711 2386
1712 3427
1713 33
1714 2386
1715 2386
1716 2367
1717 695
1718 2385
1719 35
1720 3427
1721 3423
1722 192
1723 192
1724 3422
1725 36
1726 106
1727 48
1728 75
1729 695
1730 2379
1731 2385
1732 2402
1733 2402
1734 2402
1735 2598
1736 2602
1737 2602
1738 3456
1739 3442
1740 47
1741 175
1742 697
1743 2597
1744 2403
1745 2403
1746 3443
1747 175
1748 75
1749 75
1750 51
1751 33
1752 166
1753 2365
1754 10
1755 3456
1756 676
1757 175
1758 2365
1759 3456
1760 2365
1761 3452
1762 255
1763 699
1764 160
1765 160
1766 1461
1767 3411
1768 163
1769 3459
1770 2403
1771 3459
1772 1461
1773 3456
1774 35
1775 3427
1776 174
1777 3455
1778 3409
1779 62
1780 174
1781 2602
1782 2398
1783 62
1784 3409
1785 1463
1786 102
1787 104
1788 3451
1789 3409
1790 4581
1791 3455
1792 2398
1793 2385
1794 2396
1795 2398
1796 3452
1797 3409
1798 2374
1799 102
1800 2401
1801 2398
1802 2602
1803 3457
1804 174
1805 2374
1806 3451
1807 102
1808 2386
1809 2385
1810 2385
1811 3455
1812 255
1813 255
1814 2597
1815 3455
1816 2597
1817 2385
1818 175
1819 3423
1820 9
1821 3427
1822 3452
1823 2602
1824 2385
1825 699
1826 2606
1827 2843
1828 158
1829 1937
1830 2385
1831 255
1832 2848
1833 4067
1834 255
1835 356
1836 252
1837 2843
1838 255
1839 4072
1840 255
1841 4072
1842 3080
1843 255
1844 255
1845 256
1846 2606
1847 2402
1848 255
1849 256
1850 4072
1851 4067
1852 255
1853 255
1854 255
1855 255
1856 255
1857 255
1858 255
1859 255
1860 2849
1861 1989
1862 2849
1863 255
1864 2848
1865 2849
1866 2606
1867 255
1868 163
1869 1461
1870 4068
1871 2843
1872 2843
1873 710
1874 356
1875 358
1876 4331
1877 3080
1878 3080
1879 3080
1880 358
1881 791
1882 802
1883 791
1884 791
1885 791
1886 791
1887 791
1888 791
1889 791
1890 791
1891 356
1892 356
1893 2402
1894 356
1895 255
1896 255
1897 812
1898 358
1899 255
1900 2476
1901 358
1902 409
1903 791
1904 791
1905 409
1906 409
1907 356
1908 409
1909 356
1910 356
1911 356
1912 356
1913 256
1914 255
1915 256
1916 155
1917 2606
1918 256
1919 409
1920 356
1921 356
1922 356
1923 409
1924 255
1925 2606
1926 255
1927 255
1928 2402
1929 255
1930 2402
1931 3144
1932 255
1933 3080
1934 4072
1935 255
1936 255
1937 3080
1938 356
1939 409
1940 356
1941 409
1942 409
1943 255
1944 255
1945 255
1946 791
1947 784
1948 784
1949 335
1950 335
1951 374
1952 335
1953 784
1954 335
1955 374
1956 375
1957 335
1958 335
1959 375
1960 784
1961 784
1962 835
1963 375
1964 335
1965 835
1966 374
1967 835
1968 335
1969 335
1970 335
1971 335
1972 335
1973 335
1974 335
1975 335
1976 335
1977 335
1978 335
1979 335
1980 374
1981 335
1982 335
1983 335
1984 335
1985 335
1986 335
1987 335
1988 335
1989 835
1990 335
1991 335
1992 335
1993 335
1994 335
1995 335
1996 335
1997 335
1998 335
1999 335
2000 335
2001 335
2002 335
2003 405
2004 405
2005 335
2006 356
2007 335
2008 335
2009 335
2010 335
2011 335
2012 335
2013 335
2014 835
2015 335
2016 335
2017 835
2018 335
2019 356
2020 335
2021 335
2022 335
2023 335
2024 335
2025 335
2026 335
2027 335
2028 335
2029 335
2030 335
2031 335
2032 835
2033 335
2034 409
2035 335
2036 335
2037 335
2038 405
2039 335
2040 335
2041 835
2042 835
2043 374
2044 335
2045 335
2046 335
2047 335
2048 405
2049 335
2050 835
2051 335
2052 335
2053 335
2054 335
2055 335
2056 335
2057 335
2058 835
2059 335
2060 405
2061 335
2062 335
2063 335
2064 335
2065 335
2066 335
2067 335
2068 335
2069 335
2070 335
2071 335
2072 335
2073 335
2074 335
2075 335
2076 335
2077 335
2078 335
2079 335
2080 335
2081 335
2082 335
2083 335
2084 335
2085 335
2086 335
2087 335
2088 335
2089 335
2090 335
2091 335
2092 335
2093 335
2094 335
2095 335
2096 335
2097 335
2098 335
2099 335
2100 335
2101 335
2102 335
2103 335
2104 335
2105 335
2106 335
2107 335
2108 335
2109 335
2110 335
2111 335
2112 335
2113 335
2114 335
2115 335
2116 335
2117 374
2118 335
2119 335
2120 374
2121 374
2122 335
2123 335
2124 335
2125 335
2126 335
2127 335
2128 335
2129 335
2130 374
2131 335
2132 335
2133 374
2134 335
2135 335
2136 331
2137 3566
2138 331
2139 335
2140 335
2141 335
2142 335
2143 2455
2144 335
2145 3566
2146 3566
2147 3566
2148 3566
2149 3566
2150 3566
2151 3566
2152 3566
2153 3566
2154 3566
2155 3566
2156 331
2157 3566
2158 3566
2159 3566
2160 3566
2161 3566
2162 3566
2163 3566
2164 3566
2165 335
2166 335
2167 374
2168 335
2169 335
2170 335
2171 335
2172 335
2173 335
2174 335
2175 335
2176 374
2177 335
2178 374
2179 335
2180 335
2181 335
2182 335
2183 335
2184 335
2185 335
2186 335
2187 335
2188 335
2189 3566
2190 331
2191 335
2192 331
2193 3566
2194 3566
2195 3566
2196 331
2197 374
2198 331
2199 3566
2200 3566
2201 331
2202 331
2203 3566
2204 3566
2205 3566
2206 3566
2207 3566
2208 3566
2209 3566
2210 3566
2211 3566
2212 3566
2213 3566
2214 3566
2215 3566
2216 3566
2217 3566
2218 3566
2219 3566
2220 3566
2221 3566
2222 3566
2223 3566
2224 3566
2225 3566
2226 3566
2227 3566
2228 3566
2229 3566
2230 335
2231 335
2232 335
2233 335
2234 335
2235 331
2236 335
2237 335
2238 335
2239 331
2240 335
2241 335
2242 335
2243 335
2244 335
2245 335
2246 335
2247 335
2248 335
2249 335
2250 335
2251 335
2252 335
2253 335
2254 335
2255 335
2256 331
2257 3566
2258 331
2259 331
2260 3566
2261 331
2262 331
2263 331
2264 331
2265 3566
2266 335
2267 331
2268 335
2269 3566
2270 3566
2271 3566
2272 3566
2273 3566
2274 3566
2275 3566
2276 3566
2277 3566
2278 3566
2279 3566
2280 3566
2281 3566
2282 3566
2283 3566
2284 3566
2285 3566
2286 3566
2287 3566
2288 3566
2289 3566
2290 3566
2291 3566
2292 3566
2293 3566
2294 3566
2295 335
2296 335
2297 335
2298 335
2299 335
2300 335
2301 335
2302 335
2303 335
2304 335
2305 335
2306 335
2307 335
2308 335
2309 331
2310 331
2311 331
2312 335
2313 335
2314 335
2315 335
2316 331
2317 331
2318 335
2319 331
2320 331
2321 331
2322 331
2323 331
2324 331
2325 331
2326 3566
2327 3566
2328 331
2329 331
2330 331
2331 331
2332 331
2333 331
2334 331
2335 331
2336 331
2337 331
2338 1531
2339 2013
2340 1460
2341 1481
2342 1482
2343 1566
2344 3135
2345 3139
2346 2743
2347 2009
2348 2841
2349 4047
2350 229
2351 2017
2352 3140
2353 2010
2354 2013
2355 2009
2356 2029
2357 2009
2358 1531
2359 2020
2360 4047
2361 4053
2362 4047
2363 1472
2364 1524
2365 1525
2366 4065
2367 4343
2368 2009
2369 4340
2370 1923
2371 3096
2372 1482
2373 1482
2374 1482
2375 1483
2376 1481
2377 1482
2378 1482
2379 4399
2380 2030
2381 1529
2382 2021
2383 1483
2384 2835
2385 2022
2386 4340
2387 4393
2388 4393
2389 2269
2390 4394
2391 1451
2392 1446
2393 1522
2394 1508
2395 1508
2396 1521
2397 1510
2398 1446
2399 1988
2400 1992
2401 3091
2402 2843
2403 2843
2404 256
2405 256
2406 2850
2407 2843
2408 2850
2409 2843
2410 2843
2411 1510
2412 1510
2413 1515
2414 1516
2415 1463
2416 1438
2417 1447
2418 1439
2419 1522
2420 1531
2421 1523
2422 1523
2423 1530
2424 1483
2425 1526
2426 1446
2427 1476
2428 1456
2429 1446
2430 1482
2431 1523
2432 1475
2433 1522
2434 4096
2435 1446
2436 1523
2437 1482
2438 2837
2439 1482
2440 2850
2441 4053
2442 1439
2443 1508
2444 1449
2445 2835
2446 1461
2447 1438
2448 1445
2449 1531
2450 1524
2451 4053
2452 229
2453 255
2454 254
2455 1993
2456 1988
2457 1989
2458 1945
2459 1936
2460 2016
2461 2021
2462 2008
2463 2030
2464 1483
2465 2840
2466 2835
2467 1482
2468 1483
2469 1483
2470 1482
2471 4341
2472 4349
2473 2019
2474 2020
2475 4342
2476 2030
2477 2017
2478 4400
2479 3135
2480 1521
2481 1521
2482 4096
2483 4073
2484 1523
2485 4069
2486 4086
2487 1561
2488 2843
2489 1463
2490 1482
2491 2843
2492 4090
2493 1463
2494 1455
2495 1521
2496 4080
2497 4071
2498 1458
2499 4477
2500 4096
2501 4093
2502 1531
2503 1522
2504 1451
2505 254
2506 2847
2507 1482
2508 3095
2509 3093
2510 255
2511 4076
2512 3095
2513 3095
2514 4084
2515 3095
2516 4081
2517 4089
2518 4350
2519 2843
2520 4086
2521 4081
2522 4084
2523 4348
2524 1543
2525 1447
2526 1452
2527 2862
2528 1532
2529 1451
2530 2860
2531 1438
2532 1543
2533 1463
2534 4477
2535 4081
2536 2862
2537 4474
2538 4475
2539 4103
2540 4110
2541 4321
2542 4474
2543 4483
2544 4103
2545 2857
2546 3048
2547 4474
2548 3048
2549 4475
2550 4483
2551 2855
2552 4477
2553 4090
2554 1461
2555 3048
2556 4475
2557 4103
2558 4111
2559 4074
2560 4081
2561 2855
2562 4475
2563 4103
2564 2860
2565 1570
2566 1566
2567 1463
2568 2860
2569 4110
2570 4120
2571 4123
2572 4074
2573 2857
2574 4082
2575 4112
2576 2860
2577 1463
2578 1570
2579 4074
2580 4081
2581 4082
2582 4478
2583 4112
2584 2842
2585 1463
2586 1572
2587 2857
2588 2857
2589 1570
2590 4122
2591 4321
2592 2853
2593 4122
2594 4479
2595 4625
2596 1570
2597 1566
2598 2860
2599 4089
2600 4103
2601 1570
2602 4090
2603 4082
2604 1566
2605 3049
2606 1837
2607 2299
2608 3049
2609 2296
2610 4321
2611 4120
2612 4120
2613 2855
2614 4215
2615 4214
2616 2862
2617 4107
2618 4106
2619 2286
2620 4322
2621 4484
2622 2290
2623 4324
2624 4313
2625 2301
2626 1829
2627 4309
2628 1842
2629 2303
2630 2296
2631 2288
2632 4323
2633 2288
2634 2288
2635 2292
2636 2302
2637 2288
2638 2292
2639 2303
2640 4482
2641 4481
2642 2296
2643 2855
2644 4113
2645 2857
2646 3049
2647 4122
2648 2294
2649 4482
2650 4104
2651 4482
2652 2298
2653 2304
2654 4230
2655 2283
2656 2284
2657 4316
2658 2282
2659 2282
2660 4311
2661 2979
2662 2983
2663 2975
2664 2979
2665 4313
2666 2977
2667 4313
2668 4313
2669 4231
2670 4215
2671 4677
2672 4215
2673 4304
2674 2278
2675 2279
2676 3310
2677 2280
2678 2279
2679 3311
2680 3313
2681 4471
2682 2979
2683 2979
2684 4219
2685 2975
2686 4216
2687 4219
2688 4213
2689 5198
2690 4214
2691 4217
2692 2301
2693 2304
2694 2301
2695 2304
2696 2308
2697 2303
2698 1722
2699 4214
2700 4215
2701 4213
2702 4211
2703 1843
2704 4324
2705 1842
2706 1841
2707 3045
2708 4309
2709 2303
2710 2301
2711 4310
2712 4309
2713 2286
2714 2288
2715 2293
2716 4316
2717 4311
2718 3315
2719 4218
2720 2508
2721 1721
2722 4116
2723 4481
2724 2302
2725 4324
2726 1729
2727 1729
2728 1737
2729 1722
2730 2968
2731 2926
2732 1735
2733 4677
2734 1722
2735 4213
2736 4677
2737 2929
2738 4149
2739 4677
2740 1623
2741 2968
2742 1722
2743 1737
2744 1737
2745 2968
2746 1738
2747 1737
2748 1603
2749 1603
2750 1631
2751 1614
2752 1632
2753 1603
2754 1632
2755 1603
2756 1618
2757 1632
2758 1614
2759 1737
2760 1737
2761 4213
2762 1618
2763 2926
2764 1615
2765 1632
2766 2437
2767 1603
2768 2928
2769 1632
2770 2926
2771 2926
2772 1614
2773 2926
2774 2926
2775 1614
2776 1632
2777 1632
2778 1632
2779 1737
2780 1737
2781 1632
2782 4149
2783 1737
2784 1722
2785 1722
2786 1603
2787 1632
2788 1603
2789 1737
2790 1737
2791 1632
2792 1737
2793 1737
2794 1722
2795 1615
2796 1737
2797 1613
2798 4677
2799 1603
2800 1614
2801 1614
2802 1603
2803 2926
2804 2926
2805 1632
2806 1632
2807 1618
2808 1614
2809 1614
2810 1623
2811 1614
2812 1634
2813 4214
2814 1614
2815 2926
2816 1632
2817 1737
2818 1614
2819 2923
2820 1749
2821 405
2822 1616
2823 1613
2824 1619
2825 1614
2826 1614
2827 1632
2828 1631
2829 1631
2830 1631
2831 1614
2832 1614
2833 1614
2834 2922
2835 1614
2836 404
2837 1614
2838 1614
2839 1614
2840 1619
2841 1614
2842 2926
2843 2926
2844 2926
2845 2926
2846 2927
2847 2927
2848 1614
2849 1614
2850 1603
2851 2927
2852 2926
2853 2926
2854 2927
2855 1614
2856 2926
2857 2926
2858 2926
2859 2926
2860 2926
2861 2926
2862 2926
2863 2926
2864 1602
2865 2927
2866 2926
2867 1603
2868 1603
2869 2927
2870 2926
2871 2927
2872 2926
2873 2926
2874 2926
2875 2926
2876 2926
2877 2926
2878 2926
2879 2926
2880 2926
2881 2926
2882 2926
2883 1603
2884 2926
2885 1594
2886 1599
2887 2926
2888 1598
2889 1599
2890 1602
2891 1602
2892 2927
2893 2927
2894 1602
2895 2926
2896 2926
2897 1602
2898 2926
2899 1602
2900 2927
2901 1602
2902 1602
2903 4141
2904 1602
2905 1602
2906 1602
2907 1602
2908 1602
2909 1602
2910 1602
2911 1602
2912 1602
2913 4129
2914 1602
2915 1602
2916 1602
2917 4141
2918 1602
2919 1602
2920 1602
2921 4129
2922 4141
2923 1602
2924 1602
2925 4129
2926 1602
2927 1602
2928 4129
2929 1603
2930 1603
2931 1634
2932 1603
2933 1603
2934 1603
2935 1599
2936 1599
2937 1604
2938 1599
2939 1599
2940 1634
2941 1603
2942 1602
2943 1603
2944 2927
2945 1602
2946 1603
2947 1603
2948 1602
2949 1602
2950 1602
2951 1602
2952 1599
2953 1602
2954 1602
2955 4135
2956 4135
2957 4135
2958 1602
2959 1602
2960 1602
2961 1602
2962 1602
2963 4141
2964 4129
2965 4129
2966 4129
2967 4129
2968 4129
2969 1602
2970 4129
2971 4129
2972 4129
2973 1602
2974 1602
2975 4129
2976 4129
2977 4129
2978 4135
2979 1602
2980 4129
2981 4129
2982 1602
2983 4129
2984 4129
2985 4129
2986 1602
2987 1634
2988 2926
2989 1634
2990 1603
2991 1634
2992 1634
2993 1604
2994 1604
2995 1634
2996 1603
2997 1603
2998 1634
2999 1634
3000 1604
3001 1603
3002 1634
3003 1604
3004 1603
3005 1604
3006 1634
3007 1634
3008 1603
3009 1603
3010 1634
3011 1602
3012 2926
3013 1603
3014 2926
3015 2926
3016 1602
3017 1634
3018 2928
3019 1604
3020 1602
3021 1602
3022 1604
3023 1602
3024 1604
3025 1602
3026 1602
3027 1602
3028 1602
3029 1602
3030 1602
3031 1603
3032 1602
3033 4135
3034 1602
3035 1602
3036 1602
3037 1602
3038 1604
3039 1602
3040 4135
3041 1602
3042 4135
3043 4135
3044 4135
3045 1602
3046 1602
3047 1602
3048 1602
3049 1602
3050 4135
3051 1602
3052 1602
3053 4135
3054 1602
3055 1602
3056 1602
3057 1602
3058 1602
3059 4135
3060 1602
3061 4135
3062 1602
3063 1602
3064 1632
3065 1632
3066 1632
3067 1632
3068 1632
3069 1632
3070 1737
3071 1634
3072 1634
3073 1634
3074 1634
3075 1634
3076 1634
3077 1632
3078 1634
3079 1634
3080 1632
3081 1632
3082 1604
3083 1634
3084 1634
3085 1603
3086 1634
3087 1603
3088 1603
3089 1634
3090 1603
3091 1634
3092 1634
3093 1604
3094 1604
3095 1604
3096 1604
3097 1634
3098 1634
3099 1604
3100 1604
3101 1604
3102 1604
3103 1602
3104 1604
3105 1602
3106 1604
3107 1602
3108 1604
3109 1604
3110 1604
3111 1604
3112 1602
3113 1604
3114 1602
3115 1604
3116 1604
3117 1604
3118 1604
3119 1604
3120 1604
3121 3938
3122 1257
3123 1257
3124 1363
3125 1060
3126 4831
3127 3492
3128 3871
3129 3920
3130 3498
3131 3863
3132 288
3133 4921
3134 4017
3135 4870
3136 5075
3137 3928
3138 4818
3139 4888
3140 4020
3141 4921
3142 4877
3143 4908
3144 4879
3145 4877
3146 4879
3147 3904
3148 3928
3149 3905
3150 4775
3151 5121
3152 5101
3153 5075
3154 4797
3155 3897
3156 4016
3157 4871
3158 3685
3159 3682
3160 4798
3161 3691
3162 3683
3163 3939
3164 3939
3165 4808
3166 4792
3167 4874
3168 3905
3169 3905
3170 1254
3171 4453
3172 1254
3173 5075
3174 5075
3175 4458
3176 1262
3177 1283
3178 3936
3179 4781
3180 4779
3181 4892
3182 4453
3183 3903
3184 3903
3185 4458
3186 4879
3187 1262
3188 1261
3189 3906
3190 1251
3191 3903
3192 1251
3193 1251
3194 4886
3195 4886
3196 3677
3197 3851
3198 1257
3199 1278
3200 1278
3201 1257
3202 1274
3203 3851
3204 1243
3205 1252
3206 3897
3207 1261
3208 2796
3209 2797
3210 2797
3211 1271
3212 3895
3213 1280
3214 1282
3215 1264
3216 1058
3217 1257
3218 1274
3219 3862
3220 1257
3221 1247
3222 3865
3223 3494
3224 1351
3225 1360
3226 3869
3227 3869
3228 3696
3229 1362
3230 3693
3231 1350
3232 1360
3233 3874
3234 1381
3235 1349
3236 3872
3237 3873
3238 3869
3239 1369
3240 1367
3241 1368
3242 288
3243 1355
3244 3675
3245 4799
3246 4852
3247 4856
3248 1284
3249 1281
3250 1066
3251 1074
3252 1062
3253 1060
3254 1060
3255 1061
3256 1286
3257 1059
3258 1286
3259 1059
3260 1065
3261 1066
3262 4851
3263 4785
3264 4884
3265 506
3266 512
3267 505
3268 3692
3269 1062
3270 1058
3271 1064
3272 1058
3273 1066
3274 1065
3275 1067
3276 1272
3277 1252
3278 1256
3279 1252
3280 2803
3281 1279
3282 2252
3283 1241
3284 2258
3285 1256
3286 1271
3287 1256
3288 1256
3289 1271
3290 1270
3291 3228
3292 1279
3293 1268
3294 1269
3295 1279
3296 2804
3297 3672
3298 4844
3299 4848
3300 3867
3301 3865
3302 4784
3303 4841
3304 3869
3305 3878
3306 4833
3307 4841
3308 3890
3309 3879
3310 3887
3311 3875
3312 3920
3313 4831
3314 3920
3315 3920
3316 1250
3317 3920
3318 3932
3319 1250
3320 1262
3321 1261
3322 1243
3323 1243
3324 4827
3325 509
3326 500
3327 3688
3328 1286
3329 507
3330 1252
3331 1250
3332 4785
3333 1274
3334 1256
3335 1271
3336 1272
3337 1271
3338 1256
3339 1256
3340 4786
3341 4775
3342 4921
3343 4818
3344 4788
3345 4881
3346 4879
3347 3906
3348 1254
3349 3931
3350 5075
3351 5075
3352 4453
3353 5076
3354 4879
3355 5099
3356 1262
3357 3935
3358 4816
3359 3896
3360 4798
3361 4021
3362 1241
3363 1264
3364 3943
3365 1284
3366 3689
3367 3689
3368 3689
3369 3920
3370 1251
3371 3932
3372 4788
3373 4809
3374 4855
3375 1274
3376 3920
3377 1256
3378 1274
3379 4835
3380 4892
3381 1252
3382 1275
3383 1256
3384 1252
3385 4782
3386 3920
3387 3937
3388 4811
3389 4826
3390 3915
3391 498
3392 4890
3393 4836
3394 3677
3395 4851
3396 4889
3397 4832
3398 3683
3399 3671
3400 502
3401 497
3402 3693
3403 1351
3404 3503
3405 514
3406 516
3407 514
3408 514
3409 1354
3410 3492
3411 510
3412 3684
3413 505
3414 497
3415 4808
3416 3679
3417 4814
3418 4813
3419 4894
3420 3676
3421 4800
3422 291
3423 3693
3424 1369
3425 3499
3426 279
3427 1369
3428 3889
3429 3875
3430 279
3431 3865
3432 3693
3433 3693
3434 1356
3435 3890
3436 3876
3437 1404
3438 4868
3439 1403
3440 4914
3441 4902
3442 4865
3443 1410
3444 1407
3445 2805
3446 2805
3447 2807
3448 1405
3449 1406
3450 2827
3451 4040
3452 4033
3453 4040
3454 4026
3455 4941
3456 4939
3457 1407
3458 4032
3459 4003
3460 4822
3461 4819
3462 4790
3463 4790
3464 2819
3465 4933
3466 4776
3467 4908
3468 4910
3469 4915
3470 4915
3471 4879
3472 4877
3473 4919
3474 4823
3475 4870
3476 3925
3477 4796
3478 4896
3479 4796
3480 4823
3481 4870
3482 4864
3483 1399
3484 4933
3485 4917
3486 4929
3487 4868
3488 4023
3489 1410
3490 2805
3491 2806
3492 2807
3493 2812
3494 2817
3495 4029
3496 4027
3497 4028
3498 4027
3499 3994
3500 2813
3501 4029
3502 1398
3503 1402
3504 1402
3505 2808
3506 2806
3507 3997
3508 3997
3509 2809
3510 2812
3511 2818
3512 2815
3513 1401
3514 4042
3515 3993
3516 3982
3517 4035
3518 3982
3519 3993
3520 4034
3521 4925
3522 4901
3523 4896
3524 1400
3525 4933
3526 4897
3527 4902
3528 4933
3529 4707
3530 4917
3531 4936
3532 4918
3533 3982
3534 4895
3535 3982
3536 4933
3537 4933
3538 4020
3539 2813
3540 4044
3541 2818
3542 1400
3543 4000
3544 2827
3545 4025
3546 2813
3547 3999
3548 4025
3549 4024
3550 4896
3551 4869
3552 3925
3553 3933
3554 4912
3555 4919
3556 4868
3557 3932
3558 4866
3559 4903
3560 4919
3561 4918
3562 4015
3563 2819
3564 2820
3565 4018
3566 1401
3567 4041
3568 4044
3569 4008
3570 4914
3571 4000
3572 3978
3573 4035
3574 4931
3575 4938
3576 4902
3577 3994
3578 4044
3579 4870
3580 5121
3581 4929
3582 5101
3583 5076
3584 4919
3585 4865
3586 4935
3587 4917
3588 4870
3589 4929
3590 4919
3591 2517
3592 3995
3593 3629
3594 3989
3595 458
3596 2516
3597 3615
3598 3614
3599 2519
3600 2517
3601 3619
3602 457
3603 457
3604 439
3605 456
3606 3594
3607 3607
3608 3594
3609 3647
3610 3605
3611 3605
3612 3620
3613 3654
3614 3645
3615 2522
3616 3623
3617 463
3618 456
3619 3645
3620 2517
3621 3616
3622 439
3623 4958
3624 4960
3625 4982
3626 2828
3627 2829
3628 4771
3629 4998
3630 4769
3631 4004
3632 2810
3633 4529
3634 3985
3635 4956
3636 5004
3637 4941
3638 4957
3639 4945
3640 4944
3641 2345
3642 3977
3643 2346
3644 3977
3645 4528
3646 5009
3647 4956
3648 5008
3649 4970
3650 5006
3651 4031
3652 2345
3653 3981
3654 4958
3655 3652
3656 3648
3657 3648
3658 3642
3659 3603
3660 4662
3661 3622
3662 4751
3663 3605
3664 4752
3665 4990
3666 4971
3667 4984
3668 4981
3669 4984
3670 5016
3671 3638
3672 5016
3673 5015
3674 3641
3675 4767
3676 4769
3677 4659
3678 5009
3679 4656
3680 5009
3681 5010
3682 4656
3683 5010
3684 4752
3685 4756
3686 4952
3687 4752
3688 4974
3689 4975
3690 3604
3691 3604
3692 4758
3693 4766
3694 3625
3695 3629
3696 4760
3697 4977
3698 4977
3699 5016
3700 4769
3701 5013
3702 4761
3703 4759
3704 4980
3705 4772
3706 4771
3707 4005
3708 4995
3709 5012
3710 5012
3711 4994
3712 4979
3713 3988
3714 3992
3715 3982
3716 4527
3717 3993
3718 3990
3719 4899
3720 2522
3721 2517
3722 3594
3723 456
3724 5020
3725 4990
3726 4964
3727 3975
3728 3651
3729 3618
3730 3618
3731 3621
3732 3620
3733 3605
3734 3601
3735 3644
3736 3643
3737 3648
3738 5015
3739 4990
3740 4983
3741 4972
3742 4953
3743 4975
3744 5009
3745 4961
3746 4953
3747 4952
3748 5010
3749 4960
3750 4958
3751 3977
3752 4947
3753 5003
3754 5001
3755 4762
3756 2825
3757 3980
3758 3977
3759 4956
3760 4967
3761 3979
3762 2823
3763 2828
3764 4980
3765 4768
3766 4767
3767 4765
3768 4995
3769 4769
3770 4773
3771 3594
3772 4040
3773 3975
3774 4956
3775 455
3776 456
3777 3626
3778 3605
3779 3605
3780 464
3781 3598
3782 2513
3783 1040
3784 1312
3785 1313
3786 1146
3787 453
3788 1295
3789 1025
3790 2676
3791 485
3792 2524
3793 3608
3794 2521
3795 2524
3796 3609
3797 3608
3798 2535
3799 438
3800 462
3801 460
3802 458
3803 462
3804 459
3805 3611
3806 1030
3807 1307
3808 3199
3809 1045
3810 1030
3811 1132
3812 3657
3813 1131
3814 1018
3815 1037
3816 1290
3817 1318
3818 1312
3819 1290
3820 1312
3821 1304
3822 1018
3823 1146
3824 1318
3825 1146
3826 1138
3827 2655
3828 2655
3829 446
3830 2676
3831 451
3832 2488
3833 1131
3834 1032
3835 2487
3836 2680
3837 2680
3838 3953
3839 2680
3840 452
3841 452
3842 446
3843 1139
3844 1131
3845 1131
3846 1131
3847 1131
3848 2527
3849 1291
3850 1295
3851 1131
3852 1291
3853 1032
3854 2488
3855 2488
3856 2485
3857 2488
3858 2655
3859 1010
3860 1018
3861 1019
3862 2655
3863 2655
3864 478
3865 468
3866 468
3867 2526
3868 2534
3869 3662
3870 475
3871 469
3872 485
3873 468
3874 475
3875 470
3876 449
3877 1030
3878 1031
3879 489
3880 489
3881 485
3882 2525
3883 2528
3884 3657
3885 2526
3886 2526
3887 452
3888 452
3889 449
3890 2527
3891 461
3892 2497
3893 2488
3894 2494
3895 1100
3896 1131
3897 2660
3898 2481
3899 2487
3900 2494
3901 2497
3902 2676
3903 1131
3904 3658
3905 2676
3906 2676
3907 2492
3908 473
3909 2497
3910 2497
3911 446
3912 2485
3913 473
3914 2485
3915 467
3916 1018
3917 475
3918 2525
3919 453
3920 2500
3921 2497
3922 446
3923 2677
3924 446
3925 446
3926 2525
3927 1131
3928 1131
3929 2521
3930 459
3931 459
3932 1018
3933 1032
3934 459
3935 2497
3936 2514
3937 2485
3938 469
3939 485
3940 460
3941 2494
3942 2751
3943 1302
3944 1313
3945 1307
3946 2749
3947 3833
3948 1304
3949 1301
3950 3823
3951 1304
3952 1304
3953 4621
3954 4621
3955 4621
3956 4407
3957 4407
3958 4407
3959 4621
3960 4621
3961 4621
3962 4621
3963 2751
3964 1302
3965 1169
3966 1038
3967 1304
3968 1297
3969 1012
3970 1301
3971 1301
3972 1302
3973 4621
3974 1304
3975 3833
3976 2754
3977 1297
3978 1304
3979 1127
3980 1304
3981 1304
3982 3831
3983 3826
3984 3831
3985 2695
3986 1169
3987 4621
3988 3831
3989 2695
3990 1304
3991 3823
3992 3833
3993 1159
3994 4621
3995 3833
3996 4621
3997 4621
3998 2758
3999 1304
4000 4621
4001 1157
4002 3833
4003 1127
4004 3833
4005 2756
4006 3829
4007 2749
4008 1159
4009 2749
4010 3824
4011 3200
4012 1131
4013 1297
4014 3826
4015 3333
4016 3200
4017 3199
4018 3331
4019 3205
4020 3205
4021 1304
4022 4621
4023 1304
4024 4621
4025 3826
4026 3823
4027 1297
4028 3821
4029 3824
4030 3826
4031 1124
4032 3826
4033 3826
4034 3199
4035 3836
4036 1169
4037 3833
4038 3836
4039 1160
4040 3828
4041 1159
4042 1010
4043 1009
4044 1169
4045 1317
4046 1146
4047 3836
4048 1304
4049 3200
4050 2749
4051 1159
4052 2749
4053 2749
4054 1301
4055 3831
4056 3836
4057 3836
4058 1312
4059 1312
4060 1169
4061 1313
4062 1018
4063 3204
4064 2749
4065 3200
4066 4621
4067 4621
4068 4621
4069 3831
4070 4621
4071 4621
4072 3833
4073 4621
4074 3833
4075 1305
4076 4621
4077 1304
4078 4621
4079 1305
4080 3833
4081 4621
4082 1304
4083 4621
4084 4621
4085 4621
4086 3832
4087 4621
4088 4621
4089 2749
4090 1302
4091 2751
4092 1302
4093 1301
4094 2749
4095 1169
4096 2749
4097 1038
4098 1038
4099 1301
4100 1302
4101 2692
4102 1040
4103 1297
4104 1297
4105 2673
4106 3199
4107 3836
4108 3821
4109 1314
4110 3829
4111 3200
4112 3200
4113 3205
4114 3200
4115 3205
4116 3333
4117 4621
4118 3205
4119 4407
4120 3331
4121 3826
4122 1161
4123 3331
4124 3823
4125 3331
4126 1314
4127 1305
4128 1127
4129 1124
4130 4621
4131 1304
4132 3826
4133 1304
4134 1304
4135 3826
4136 1304
4137 1038
4138 2753
4139 1304
4140 4621
4141 2749
4142 1169
4143 4621
4144 3826
4145 4621
4146 4621
4147 4621
4148 4621
4149 1301
4150 2262
4151 3862
4152 1274
4153 1358
4154 3483
4155 1252
4156 1251
4157 3860
4158 4405
4159 1354
4160 3974
4161 2416
4162 4740
4163 4576
4164 5075
4165 5075
4166 5037
4167 5053
4168 4746
4169 4742
4170 4728
4171 4740
4172 5100
4173 5100
4174 5100
4175 4453
4176 4453
4177 5042
4178 4445
4179 4576
4180 5099
4181 5099
4182 5100
4183 5112
4184 5046
4185 4741
4186 4452
4187 4288
4188 4288
4189 2239
4190 2257
4191 3010
4192 3012
4193 4275
4194 4280
4195 5057
4196 5098
4197 4739
4198 3237
4199 3236
4200 3235
4201 4458
4202 4453
4203 5099
4204 4458
4205 2262
4206 4286
4207 4272
4208 4743
4209 5127
4210 4736
4211 4740
4212 5098
4213 3920
4214 4453
4215 4461
4216 3237
4217 3228
4218 3229
4219 4453
4220 3235
4221 3235
4222 3232
4223 2257
4224 4739
4225 2255
4226 5050
4227 3241
4228 3241
4229 3252
4230 3254
4231 3228
4232 3231
4233 2260
4234 1271
4235 2803
4236 1271
4237 3228
4238 2260
4239 2240
4240 2173
4241 2172
4242 1245
4243 3862
4244 3871
4245 2325
4246 2336
4247 1390
4248 3489
4249 3869
4250 3869
4251 1349
4252 1358
4253 1349
4254 3503
4255 1360
4256 3860
4257 3871
4258 1367
4259 3882
4260 3873
4261 3860
4262 3869
4263 1367
4264 1368
4265 3492
4266 1355
4267 3023
4268 4493
4269 4492
4270 5030
4271 2251
4272 2242
4273 2172
4274 2174
4275 2241
4276 2171
4277 2171
4278 2240
4279 2241
4280 2248
4281 2248
4282 2241
4283 4265
4284 2172
4285 5085
4286 4744
4287 5066
4288 1793
4289 1787
4290 1801
4291 1784
4292 2172
4293 2171
4294 2176
4295 2172
4296 1801
4297 3016
4298 2170
4299 1274
4300 1256
4301 1256
4302 2797
4303 2235
4304 1271
4305 2252
4306 2257
4307 1256
4308 1270
4309 1271
4310 1271
4311 1271
4312 1272
4313 1256
4314 2243
4315 2242
4316 2803
4317 2235
4318 2235
4319 4293
4320 5085
4321 5062
4322 4486
4323 3026
4324 5070
4325 5059
4326 4490
4327 5106
4328 4427
4329 3879
4330 3879
4331 3879
4332 3875
4333 5065
4334 3881
4335 3887
4336 1251
4337 3920
4338 1250
4339 4458
4340 4458
4341 1262
4342 3228
4343 3229
4344 1252
4345 3252
4346 5066
4347 3492
4348 1782
4349 1787
4350 2240
4351 2240
4352 1256
4353 1252
4354 5066
4355 1274
4356 1275
4357 3228
4358 1256
4359 1243
4360 1271
4361 3252
4362 4572
4363 5127
4364 4280
4365 5112
4366 5108
4367 4739
4368 4453
4369 3236
4370 4453
4371 4453
4372 5099
4373 5075
4374 5075
4375 5100
4376 5100
4377 5099
4378 4287
4379 5039
4380 5050
4381 2262
4382 4278
4383 4743
4384 3236
4385 2257
4386 2237
4387 2237
4388 3011
4389 2241
4390 4265
4391 5095
4392 4432
4393 5084
4394 4281
4395 5035
4396 1256
4397 1272
4398 1252
4399 1256
4400 1256
4401 5068
4402 4743
4403 1274
4404 1274
4405 1274
4406 1250
4407 5123
4408 4432
4409 4269
4410 4297
4411 5068
4412 5083
4413 4296
4414 5065
4415 4296
4416 3025
4417 5085
4418 4841
4419 4294
4420 3022
4421 1790
4422 2333
4423 2335
4424 1360
4425 3506
4426 2339
4427 3506
4428 3487
4429 3501
4430 3483
4431 2413
4432 1784
4433 3019
4434 3017
4435 4289
4436 4296
4437 5086
4438 3023
4439 4294
4440 5030
4441 3022
4442 3026
4443 2415
4444 1368
4445 3869
4446 3486
4447 3869
4448 1368
4449 3875
4450 2413
4451 2324
4452 2321
4453 2331
4454 2338
4455 4490
4456 4490
4457 2337
4458 2359
4459 3328
4460 4705
4461 5133
4462 5152
4463 3319
4464 3318
4465 2359
4466 2343
4467 2343
4468 4521
4469 2359
4470 2359
4471 2356
4472 5141
4473 5152
4474 4536
4475 4721
4476 3320
4477 3322
4478 4543
4479 3321
4480 3322
4481 5055
4482 5054
4483 4749
4484 4545
4485 4561
4486 4560
4487 4726
4488 4562
4489 4729
4490 4727
4491 5129
4492 5129
4493 5041
4494 5081
4495 5027
4496 5027
4497 5091
4498 5054
4499 4556
4500 5094
4501 5119
4502 5087
4503 4550
4504 4560
4505 4729
4506 5120
4507 5029
4508 4724
4509 2356
4510 4533
4511 4524
4512 4524
4513 2355
4514 4537
4515 4724
4516 4724
4517 4723
4518 5138
4519 4693
4520 3324
4521 3324
4522 2357
4523 2358
4524 4533
4525 4532
4526 4530
4527 4692
4528 4699
4529 2355
4530 2355
4531 2355
4532 2355
4533 4715
4534 5116
4535 3325
4536 4708
4537 3326
4538 4705
4539 2364
4540 4716
4541 4701
4542 5088
4543 4552
4544 4565
4545 5131
4546 5119
4547 5118
4548 4730
4549 4706
4550 4716
4551 4730
4552 4708
4553 5025
4554 4689
4555 5118
4556 4560
4557 4559
4558 4557
4559 4550
4560 4544
4561 2358
4562 4688
4563 2346
4564 4531
4565 4553
4566 4558
4567 4554
4568 4558
4569 5090
4570 5088
4571 5081
4572 5043
4573 4562
4574 4729
4575 5094
4576 5080
4577 5093
4578 5101
4579 5118
4580 4730
4581 4565
4582 4547
4583 4549
4584 4556
4585 2363
4586 4546
4587 3325
4588 3319
4589 4729
4590 4566
4591 4720
4592 3325
4593 4707
4594 4718
4595 5133
4596 4708
4597 4715
4598 5076
4599 4706
4600 5129
4601 5099
4602 4731
4603 4729
4604 5101
4605 4564
4606 4717
4607 5077
4608 5118
4609 5076
4610 4240
4611 2345
4612 5175
4613 4659
4614 4208
4615 3594
4616 3594
4617 2996
4618 4240
4619 2996
4620 458
4621 459
4622 459
4623 458
4624 3611
4625 4240
4626 2996
4627 4243
4628 3605
4629 3645
4630 457
4631 457
4632 4244
4633 4240
4634 4244
4635 457
4636 456
4637 3594
4638 3594
4639 4240
4640 4241
4641 455
4642 458
4643 4529
4644 4514
4645 2349
4646 4504
4647 4658
4648 3322
4649 5175
4650 3322
4651 5167
4652 5167
4653 4528
4654 2345
4655 4524
4656 5148
4657 5156
4658 5163
4659 5136
4660 5155
4661 5136
4662 5157
4663 5146
4664 5137
4665 4515
4666 5137
4667 4648
4668 4767
4669 4649
4670 4542
4671 5011
4672 5136
4673 5147
4674 4714
4675 4516
4676 5197
4677 4673
4678 4197
4679 4196
4680 5197
4681 4632
4682 5197
4683 5197
4684 4203
4685 4659
4686 4656
4687 5159
4688 4659
4689 4662
4690 4657
4691 4657
4692 4663
4693 4670
4694 4663
4695 4671
4696 4665
4697 4210
4698 4640
4699 4640
4700 4209
4701 4640
4702 4659
4703 5191
4704 5162
4705 5197
4706 5189
4707 4656
4708 5189
4709 5160
4710 5161
4711 4650
4712 4209
4713 4207
4714 4210
4715 5152
4716 5167
4717 5194
4718 5175
4719 4502
4720 5175
4721 4646
4722 4649
4723 5172
4724 5196
4725 5175
4726 5177
4727 3322
4728 4496
4729 5174
4730 4649
4731 5169
4732 4494
4733 4502
4734 4527
4735 5135
4736 4713
4737 4710
4738 4525
4739 4690
4740 4245
4741 4240
4742 4199
4743 3607
4744 4660
4745 4656
4746 5160
4747 4516
4748 4245
4749 4243
4750 5197
4751 4245
4752 3605
4753 3605
4754 3643
4755 4247
4756 4246
4757 4243
4758 4673
4759 4658
4760 4657
4761 5176
4762 5160
4763 5189
4764 4640
4765 5176
4766 4511
4767 5161
4768 5162
4769 4504
4770 4510
4771 4513
4772 4519
4773 5153
4774 5151
4775 4649
4776 2349
4777 5144
4778 5154
4779 5156
4780 5152
4781 4503
4782 2349
4783 2354
4784 4502
4785 5166
4786 4495
4787 4650
4788 5167
4789 4666
4790 4665
4791 3594
4792 459
4793 2345
4794 5148
4795 456
4796 4209
4797 3605
4798 4210
4799 4203
4800 3601
4801 458
4802 2152
4803 2046
4804 2680
4805 448
4806 2990
4807 2484
4808 1119
4809 461
4810 458
4811 2995
4812 2995
4813 1769
4814 4664
4815 460
4816 462
4817 461
4818 461
4819 2497
4820 460
4821 460
4822 2497
4823 2497
4824 2143
4825 2677
4826 1131
4827 2046
4828 2149
4829 2144
4830 2152
4831 2680
4832 1146
4833 2091
4834 2661
4835 2664
4836 2655
4837 2664
4838 1119
4839 1131
4840 1146
4841 2680
4842 4169
4843 2481
4844 2500
4845 2497
4846 2497
4847 2488
4848 2485
4849 2487
4850 2680
4851 1119
4852 2676
4853 2680
4854 2482
4855 2676
4856 2664
4857 1768
4858 2678
4859 2664
4860 4169
4861 477
4862 2485
4863 477
4864 2489
4865 2091
4866 4169
4867 4169
4868 4169
4869 4169
4870 4169
4871 4237
4872 2484
4873 1768
4874 2997
4875 1763
4876 1775
4877 1773
4878 1765
4879 1773
4880 2494
4881 1772
4882 448
4883 448
4884 2680
4885 2150
4886 1767
4887 1765
4888 1765
4889 1765
4890 2990
4891 2152
4892 2680
4893 2680
4894 2990
4895 1772
4896 2500
4897 2500
4898 2680
4899 2680
4900 2680
4901 452
4902 2500
4903 2497
4904 473
4905 2678
4906 2488
4907 477
4908 2484
4909 475
4910 2481
4911 473
4912 3609
4913 2677
4914 2677
4915 2484
4916 2484
4917 4237
4918 2486
4919 4169
4920 477
4921 1773
4922 1768
4923 2494
4924 2678
4925 2680
4926 448
4927 2676
4928 1768
4929 1119
4930 1131
4931 1769
4932 3611
4933 4664
4934 2147
4935 4238
4936 1775
4937 1775
4938 4169
4939 1772
4940 473
4941 4237
4942 3333
4943 3333
4944 3333
4945 3333
4946 3213
4947 3332
4948 3332
4949 3209
4950 1314
4951 3205
4952 3333
4953 3208
4954 4406
4955 1127
4956 1127
4957 4417
4958 3208
4959 4409
4960 4409
4961 4409
4962 2205
4963 3333
4964 2054
4965 2205
4966 3213
4967 3205
4968 3333
4969 3333
4970 3333
4971 2204
4972 3333
4973 4417
4974 3333
4975 3205
4976 3333
4977 3333
4978 3218
4979 4410
4980 3205
4981 3333
4982 3333
4983 3333
4984 3333
4985 3333
4986 3333
4987 3333
4988 3333
4989 1131
4990 3208
4991 3333
4992 3333
4993 3333
4994 3333
4995 3333
4996 3333
4997 3333
4998 3205
4999 4406
5000 3333
5001 3333
5002 3333
5003 3333
5004 3209
5005 3333
5006 2695
5007 1157
5008 1152
5009 3333
5010 1314
5011 1313
5012 3829
5013 3829
5014 1152
5015 2664
5016 1119
5017 1313
5018 1314
5019 1157
5020 1152
5021 1010
5022 3205
5023 3205
5024 4417
5025 3333
5026 3333
5027 1318
5028 3213
5029 1131
5030 3829
5031 1157
5032 1109
5033 1318
5034 4406
5035 4406
5036 1313
5037 2662
5038 3332
5039 3333
5040 3333
5041 1152
5042 1157
5043 1152
5044 1140
5045 2661
5046 2064
5047 1140
5048 2684
5049 1009
5050 1117
5051 3208
5052 3213
5053 2204
5054 3331
5055 3332
5056 2664
5057 1314
5058 1145
5059 2054
5060 1316
5061 1318
5062 1117
5063 1119
5064 3333
5065 3333
5066 3333
5067 2198
5068 1117
5069 2204
5070 2205
5071 3205
5072 3208
5073 3205
5074 3205
5075 3338
5076 3205
5077 3333
5078 3333
5079 3333
5080 3333
5081 2204
5082 4409
5083 3331
5084 3333
5085 3208
5086 3333
5087 3208
5088 2205
5089 2079
5090 3333
5091 3333
5092 3333
5093 3205
5094 2079
5095 2204
5096 3213
5097 2125
5098 2205
5099 3333
5100 3333
5101 2143
5102 3155
5103 1146
5104 2054
5105 1290
5106 1152
5107 1119
5108 1313
5109 1117
5110 1317
5111 3333
5112 1152
5113 1318
5114 3333
5115 1313
5116 1313
5117 2695
5118 1152
5119 1314
5120 1314
5121 3333
5122 3333
5123 1152
5124 3829
5125 3829
5126 1314
5127 1314
5128 3333
5129 3829
5130 1162
5131 1313
5132 3205
5133 3205
5134 1117
5135 3333
5136 3205
5137 3205
5138 3205
5139 3333
5140 3205
5141 3333
5142 3213
5143 3205
5144 3218
5145 3333
5146 2204
5147 3333
5148 3205
5149 2204
5150 3333
5151 4406
5152 3333
5153 4409
5154 3333
5155 2069
5156 661
5157 661
5158 335
5159 1603
5160 1603
5161 1603
5162 1603
5163 1632
5164 1632
5165 1632
5166 1275
5167 1278
5168 1257
5169 3943
5170 1284
5171 1304
5172 2749
5173 1301
5174 2749
5175 1304
5176 2254
5177 2256
5178 2256
5179 2204
5180 2204
5181 3205
5182 911
5183 661
5184 335
5185 335
5186 335
5187 1632
5188 1632
5189 1632
5190 2926
5191 1603
5192 1634
5193 1632
5194 1257
5195 1250
5196 1257
5197 1284
5198 1250
5199 1284
5200 1256
5201 1257
5202 1304
5203 3831
5204 1274
5205 2803
5206 2254
5207 3862
5208 3205
5209 2204
