0 598
1 598
2 350
3 332
4 3211
5 332
6 3211
7 3211
8 458
9 2710
10 462
11 276
12 208
13 598
14 1376
15 598
16 598
17 2524
18 350
19 3698
20 3835
21 490
22 2524
23 3529
24 3542
25 3578
26 2826
27 3578
28 4934
29 2006
30 2255
31 598
32 598
33 3542
34 997
35 1012
36 2483
37 65
38 564
39 642
40 4130
41 3310
42 2423
43 418
44 140
45 598
46 454
47 1056
48 4626
49 3529
50 1056
51 1326
52 229
53 368
54 3529
55 4669
56 598
57 3687
58 440
59 2613
60 4626
61 3529
62 2524
63 4570
64 3529
65 4331
66 4732
67 2613
68 3529
69 248
70 3228
71 295
72 239
73 418
74 2506
75 527
76 309
77 316
78 3211
79 3211
80 1382
81 368
82 368
83 3687
84 136
85 598
86 598
87 3143
88 368
89 368
90 195
91 215
92 2846
93 4574
94 4574
95 2060
96 4574
97 561
98 1105
99 2060
100 456
101 3757
102 3596
103 4630
104 4630
105 2328
106 2699
107 3483
108 2846
109 2849
110 3149
111 307
112 2849
113 3149
114 3421
115 685
116 2585
117 2116
118 248
119 2506
120 2796
121 3428
122 163
123 182
124 368
125 4626
126 4579
127 4660
128 248
129 3211
130 217
131 3211
132 368
133 368
134 2810
135 498
136 4331
137 3529
138 332
139 3211
140 4626
141 368
142 3428
143 140
144 408
145 1876
146 217
147 140
148 574
149 1731
150 1666
151 248
152 685
153 2239
154 283
155 732
156 4709
157 3757
158 4445
159 4574
160 4604
161 395
162 422
163 917
164 2796
165 2116
166 598
167 669
168 1147
169 1704
170 2826
171 2483
172 1964
173 617
174 1610
175 140
176 332
177 316
178 332
179 1174
180 2849
181 479
182 3594
183 598
184 530
185 4574
186 2060
187 4574
188 4574
189 4574
190 4574
191 4574
192 4574
193 4574
194 2060
195 4574
196 2060
197 4574
198 1573
199 4574
200 4574
201 4574
202 4574
203 4574
204 4574
205 2060
206 1060
207 590
208 3344
209 590
210 2060
211 490
212 1964
213 2783
214 456
215 4574
216 1964
217 4574
218 2060
219 4574
220 2060
221 2060
222 2849
223 4934
224 4445
225 590
226 2060
227 1573
228 2060
229 2060
230 4445
231 2849
232 2060
233 2060
234 2060
235 4574
236 4574
237 4574
238 4574
239 4574
240 4574
241 4574
242 4574
243 4574
244 2060
245 4574
246 4935
247 4574
248 2116
249 3491
250 3491
251 4519
252 376
253 2617
254 2123
255 2120
256 520
257 2874
258 3814
259 959
260 3868
261 4666
262 1887
263 3225
264 2885
265 180
266 4137
267 4918
268 271
269 694
270 599
271 3782
272 143
273 377
274 482
275 4913
276 4850
277 2155
278 1218
279 175
280 2954
281 3146
282 1080
283 4889
284 762
285 2135
286 3784
287 2581
288 2856
289 2492
290 1461
291 478
292 2874
293 2952
294 4398
295 4604
296 4104
297 4889
298 1630
299 2580
300 2725
301 2161
302 1682
303 1575
304 3168
305 766
306 1373
307 1032
308 4343
309 4449
310 4516
311 4986
312 1453
313 4334
314 3139
315 3706
316 4255
317 4022
318 2197
319 1453
320 2289
321 3526
322 1335
323 3429
324 2766
325 4039
326 4334
327 943
328 4179
329 4179
330 3572
331 1954
332 1768
333 1954
334 4998
335 5076
336 353
337 759
338 2905
339 3168
340 5002
341 5002
342 4995
343 4995
344 4995
345 2503
346 4334
347 4020
348 3526
349 1299
350 655
351 1884
352 4995
353 3828
354 994
355 1866
356 1099
357 1805
358 3144
359 1950
360 1950
361 2459
362 1449
363 810
364 2114
365 2479
366 2833
367 2150
368 2220
369 1758
370 2017
371 1607
372 707
373 2310
374 3198
375 1607
376 707
377 2768
378 1836
379 707
380 2383
381 2177
382 2278
383 2202
384 981
385 2481
386 2512
387 2983
388 4360
389 2202
390 3630
391 3630
392 1193
393 2595
394 2539
395 2539
396 3955
397 634
398 1506
399 3592
400 1914
401 3271
402 1414
403 2007
404 2993
405 1664
406 2993
407 2902
408 1854
409 3912
410 4146
411 3366
412 3846
413 2633
414 3734
415 3734
416 2510
417 3627
418 2554
419 1279
420 4581
421 3150
422 2700
423 3378
424 3378
425 4159
426 1564
427 2753
428 3649
429 3063
430 3505
431 3063
432 3292
433 3632
434 3292
435 2115
436 3292
437 3292
438 3505
439 5013
440 4995
441 4995
442 655
443 5003
444 1758
445 1097
446 3198
447 888
448 2829
449 1672
450 1925
451 2661
452 4581
453 2799
454 3063
455 2777
456 2777
457 1268
458 2512
459 1587
460 3129
461 2202
462 3587
463 2202
464 948
465 2654
466 2709
467 2383
468 1672
469 2829
470 3592
471 2521
472 3203
473 4190
474 2993
475 3592
476 1925
477 1684
478 1887
479 2207
480 418
481 1777
482 711
483 2789
484 2450
485 3429
486 3764
487 3697
488 1573
489 3144
490 3764
491 2110
492 3580
493 4617
494 4288
495 2904
496 33
497 3668
498 2161
499 2587
500 4918
501 3526
502 3205
503 1415
504 4438
505 2142
506 1437
507 3280
508 1830
509 4218
510 4900
511 3764
512 3367
513 3367
514 2017
515 2601
516 4984
517 2184
518 4995
519 4998
520 4542
521 4423
522 2580
523 67
524 1224
525 2989
526 1101
527 4101
528 2580
529 4889
530 2483
531 1642
532 1479
533 887
534 4582
535 4047
536 669
537 4519
538 4519
539 3731
540 4266
541 2724
542 4266
543 4899
544 278
545 4331
546 4771
547 2736
548 2512
549 3945
550 562
551 4334
552 3768
553 465
554 1490
555 448
556 4856
557 4542
558 4995
559 5003
560 5003
561 5011
562 4984
563 2184
564 4998
565 4984
566 4317
567 4503
568 4995
569 4998
570 2226
571 4743
572 3961
573 2186
574 1400
575 842
576 3444
577 3198
578 2889
579 2477
580 2983
581 2383
582 2829
583 2521
584 4142
585 3734
586 3912
587 3380
588 3649
589 1864
590 1996
591 3029
592 3283
593 1426
594 2821
595 3338
596 2084
597 143
598 1815
599 4604
600 4586
601 3148
602 3081
603 2487
604 3146
605 4283
606 1168
607 445
608 3975
609 3492
610 884
611 2580
612 4850
613 153
614 4619
615 289
616 1503
617 3145
618 3588
619 4022
620 4998
621 3090
622 2450
623 3090
624 4219
625 4995
626 4995
627 5003
628 4371
629 1282
630 2195
631 2459
632 2150
633 5005
634 819
635 1768
636 1097
637 1684
638 1730
639 2726
640 1324
641 1288
642 1085
643 4053
644 2045
645 2512
646 2983
647 3955
648 1414
649 751
650 3734
651 1256
652 1087
653 3734
654 3627
655 3734
656 3624
657 4159
658 3150
659 2812
660 3150
661 2633
662 2749
663 3956
664 2115
665 2196
666 3292
667 5011
668 4984
669 2766
670 4545
671 4179
672 2777
673 3367
674 3429
675 3367
676 3367
677 4386
678 2512
679 752
680 3129
681 5001
682 1969
683 2956
684 2026
685 2399
686 4015
687 4771
688 4015
689 2740
690 3247
691 2766
692 1016
693 4897
694 4896
695 22
696 3038
697 154
698 4405
699 2212
700 1717
701 1815
702 3283
703 5195
704 4896
705 2223
706 4743
707 3429
708 3429
709 2288
710 2017
711 3129
712 3277
713 2202
714 2983
715 1024
716 1836
717 2279
718 3592
719 3639
720 2753
721 1947
722 4996
723 4995
724 4995
725 4995
726 5011
727 4296
728 1974
729 4998
730 2184
731 2724
732 599
733 3868
734 563
735 5081
736 2288
737 1453
738 1453
739 5072
740 1335
741 4984
742 3943
743 1116
744 1728
745 3287
746 1116
747 1116
748 1375
749 1536
750 1375
751 1437
752 1043
753 826
754 2859
755 1375
756 3463
757 826
758 4133
759 993
760 1375
761 2883
762 2859
763 3856
764 2573
765 4002
766 3943
767 1766
768 993
769 808
770 1213
771 1482
772 1426
773 2297
774 1426
775 3820
776 4872
777 2491
778 3482
779 4625
780 3759
781 3837
782 2286
783 4266
784 4133
785 1171
786 993
787 3741
788 2573
789 826
790 2084
791 3021
792 1894
793 4951
794 1889
795 3283
796 2969
797 808
798 261
799 4133
800 201
801 4607
802 826
803 4133
804 4915
805 826
806 2872
807 3021
808 1171
809 993
810 1375
811 5081
812 3691
813 4666
814 2808
815 1311
816 3210
817 2297
818 808
819 1426
820 1203
821 4133
822 3463
823 4625
824 4540
825 1648
826 4266
827 129
828 3087
829 826
830 3579
831 2577
832 3868
833 4266
834 2256
835 4586
836 4351
837 1493
838 1859
839 1311
840 4872
841 2112
842 2116
843 4574
844 41
845 3491
846 490
847 1016
848 211
849 3698
850 465
851 4574
852 4574
853 2060
854 4574
855 2060
856 4574
857 562
858 4013
859 4235
860 946
861 4986
862 4989
863 4354
864 2060
865 4574
866 1573
867 2116
868 3483
869 3930
870 4574
871 4574
872 3930
873 105
874 4137
875 1550
876 889
877 3588
878 5184
879 562
880 2699
881 3125
882 3312
883 289
884 1012
885 1376
886 316
887 1802
888 2514
889 1172
890 2713
891 4047
892 3652
893 211
894 1575
895 427
896 1287
897 3691
898 104
899 1291
900 4870
901 3835
902 3038
903 4896
904 4901
905 448
906 3287
907 244
908 871
909 1973
910 177
911 4847
912 342
913 2056
914 1621
915 3641
916 3106
917 2800
918 3081
919 303
920 2269
921 1621
922 358
923 1293
924 2856
925 3691
926 2492
927 599
928 1111
929 366
930 1718
931 2492
932 3155
933 3691
934 2377
935 3346
936 2874
937 877
938 3691
939 1116
940 4889
941 2487
942 4879
943 385
944 1823
945 1718
946 2987
947 41
948 76
949 4900
950 4869
951 4454
952 2631
953 2284
954 3346
955 1946
956 1944
957 1946
958 59
959 4900
960 45
961 4910
962 4887
963 68
964 4910
965 27
966 1224
967 56
968 536
969 344
970 961
971 4879
972 148
973 154
974 201
975 3021
976 3341
977 163
978 4666
979 4666
980 2573
981 2859
982 826
983 2954
984 2573
985 2859
986 4117
987 826
988 826
989 2859
990 4540
991 4494
992 1273
993 1273
994 1273
995 1273
996 1273
997 3463
998 4564
999 1171
1000 4494
1001 1536
1002 1171
1003 1171
1004 4672
1005 4672
1006 1273
1007 1171
1008 4672
1009 4672
1010 4672
1011 4494
1012 1171
1013 1171
1014 3589
1015 1677
1016 1729
1017 1677
1018 1401
1019 4619
1020 4672
1021 4672
1022 1273
1023 3589
1024 1677
1025 1677
1026 3909
1027 4279
1028 3589
1029 3589
1030 1677
1031 3589
1032 1677
1033 3361
1034 3909
1035 3589
1036 4672
1037 1273
1038 4494
1039 4672
1040 1729
1041 1677
1042 3257
1043 1677
1044 1677
1045 1677
1046 1677
1047 3257
1048 1677
1049 1677
1050 1677
1051 1677
1052 1677
1053 1677
1054 1677
1055 1677
1056 1677
1057 1677
1058 3257
1059 1401
1060 1677
1061 3361
1062 1677
1063 1677
1064 1677
1065 3589
1066 1273
1067 1273
1068 3589
1069 1677
1070 3257
1071 3257
1072 1677
1073 1677
1074 3589
1075 3589
1076 3589
1077 3589
1078 3257
1079 3589
1080 3589
1081 1273
1082 1273
1083 4494
1084 3909
1085 4672
1086 4672
1087 4672
1088 1677
1089 3589
1090 1273
1091 3589
1092 1677
1093 1677
1094 3257
1095 3589
1096 3589
1097 1677
1098 1677
1099 1677
1100 1677
1101 4672
1102 3257
1103 1677
1104 1677
1105 1729
1106 1677
1107 1677
1108 4619
1109 3257
1110 1677
1111 3257
1112 1677
1113 1677
1114 3257
1115 1677
1116 3589
1117 1273
1118 1273
1119 1273
1120 1677
1121 4494
1122 4494
1123 3589
1124 1677
1125 1677
1126 1677
1127 1677
1128 1677
1129 3257
1130 3909
1131 1273
1132 3589
1133 3257
1134 1677
1135 1677
1136 1171
1137 1273
1138 1677
1139 1677
1140 3257
1141 3257
1142 3257
1143 3257
1144 3257
1145 3257
1146 3257
1147 3257
1148 3257
1149 1401
1150 3257
1151 3257
1152 3257
1153 3257
1154 3257
1155 3257
1156 3257
1157 3257
1158 3257
1159 3257
1160 3257
1161 3257
1162 3257
1163 3257
1164 3257
1165 3257
1166 1677
1167 1677
1168 3257
1169 1677
1170 1677
1171 1677
1172 1677
1173 1677
1174 1677
1175 1677
1176 3257
1177 1677
1178 1677
1179 1677
1180 1677
1181 1677
1182 1677
1183 1677
1184 1677
1185 1677
1186 1677
1187 1677
1188 3257
1189 3257
1190 1677
1191 1677
1192 3257
1193 1677
1194 1677
1195 1677
1196 1677
1197 1677
1198 1677
1199 3257
1200 3257
1201 1677
1202 3257
1203 3257
1204 1677
1205 1677
1206 1677
1207 3257
1208 3257
1209 1677
1210 1677
1211 3257
1212 1677
1213 1677
1214 1677
1215 3257
1216 3257
1217 3257
1218 3257
1219 3257
1220 3257
1221 3257
1222 3257
1223 3257
1224 3257
1225 3257
1226 3257
1227 3257
1228 3257
1229 3257
1230 3257
1231 3257
1232 3257
1233 3257
1234 3257
1235 3257
1236 3257
1237 3257
1238 3257
1239 3257
1240 3257
1241 3257
1242 3257
1243 3257
1244 3257
1245 3257
1246 1677
1247 1677
1248 1677
1249 1677
1250 1677
1251 1677
1252 1677
1253 1677
1254 1677
1255 1677
1256 1677
1257 1677
1258 1677
1259 1677
1260 1401
1261 1677
1262 1677
1263 1677
1264 3361
1265 1677
1266 1677
1267 1677
1268 1677
1269 1677
1270 1677
1271 1677
1272 1677
1273 1677
1274 1677
1275 1677
1276 1677
1277 1401
1278 1677
1279 1677
1280 1677
1281 1677
1282 1677
1283 1677
1284 1677
1285 1677
1286 3257
1287 1677
1288 1677
1289 1401
1290 1677
1291 1677
1292 1677
1293 1677
1294 1677
1295 1677
1296 3257
1297 1677
1298 3257
1299 3257
1300 3257
1301 3257
1302 3257
1303 3257
1304 3257
1305 3257
1306 3257
1307 1677
1308 3257
1309 3257
1310 1677
1311 1401
1312 3257
1313 1677
1314 3257
1315 3257
1316 3257
1317 3257
1318 3257
1319 1677
1320 1677
1321 1677
1322 1677
1323 1677
1324 1677
1325 1677
1326 1677
1327 1677
1328 1677
1329 1677
1330 1677
1331 1677
1332 1677
1333 1677
1334 1677
1335 1677
1336 1677
1337 1677
1338 1677
1339 1677
1340 1677
1341 1677
1342 1677
1343 1677
1344 1677
1345 1677
1346 1677
1347 1677
1348 1677
1349 1677
1350 1677
1351 1677
1352 1677
1353 1677
1354 1677
1355 1677
1356 1677
1357 1677
1358 1677
1359 1677
1360 1677
1361 1677
1362 4140
1363 1677
1364 1677
1365 1677
1366 1677
1367 1677
1368 1677
1369 1677
1370 1677
1371 1677
1372 1677
1373 3257
1374 1677
1375 1677
1376 1677
1377 1677
1378 1677
1379 1677
1380 1677
1381 1677
1382 1401
1383 1677
1384 1842
1385 1729
1386 1729
1387 4619
1388 3589
1389 1677
1390 1729
1391 1729
1392 1729
1393 1729
1394 1729
1395 1729
1396 1729
1397 1729
1398 1729
1399 1729
1400 1729
1401 1729
1402 1729
1403 1729
1404 1729
1405 1677
1406 1401
1407 1401
1408 1729
1409 1729
1410 1729
1411 1729
1412 1729
1413 1677
1414 1729
1415 1729
1416 1273
1417 1677
1418 1677
1419 1677
1420 1677
1421 1401
1422 4619
1423 1677
1424 1677
1425 1677
1426 1677
1427 3589
1428 1677
1429 1677
1430 1677
1431 1677
1432 3589
1433 3589
1434 4619
1435 1677
1436 1401
1437 1401
1438 3361
1439 3589
1440 3589
1441 3589
1442 1677
1443 3589
1444 3589
1445 4672
1446 3909
1447 3909
1448 3909
1449 3361
1450 1273
1451 4672
1452 3589
1453 1273
1454 3589
1455 4494
1456 3589
1457 3589
1458 140
1459 598
1460 332
1461 445
1462 1964
1463 1140
1464 3710
1465 328
1466 2874
1467 3814
1468 4778
1469 240
1470 3814
1471 3769
1472 1461
1473 1426
1474 2952
1475 5081
1476 4916
1477 4865
1478 1996
1479 5085
1480 1613
1481 4901
1482 4881
1483 4748
1484 4910
1485 3216
1486 1749
1487 2825
1488 3696
1489 1139
1490 3106
1491 2874
1492 2588
1493 2588
1494 3696
1495 4899
1496 4748
1497 3496
1498 5081
1499 3338
1500 3739
1501 2617
1502 2626
1503 3457
1504 2837
1505 1397
1506 4748
1507 3321
1508 2022
1509 3106
1510 2026
1511 4438
1512 4682
1513 3899
1514 2026
1515 3432
1516 2581
1517 3819
1518 2142
1519 3899
1520 252
1521 147
1522 3235
1523 2492
1524 3361
1525 861
1526 366
1527 4102
1528 2392
1529 4590
1530 1213
1531 4117
1532 4134
1533 2573
1534 4666
1535 2859
1536 2954
1537 826
1538 1311
1539 4134
1540 3856
1541 2063
1542 3856
1543 4133
1544 1536
1545 4133
1546 2859
1547 993
1548 4133
1549 1375
1550 4117
1551 1375
1552 2859
1553 993
1554 993
1555 993
1556 4133
1557 1375
1558 3463
1559 1536
1560 1375
1561 4133
1562 1375
1563 4133
1564 1375
1565 4133
1566 1375
1567 1375
1568 1375
1569 1171
1570 4672
1571 1171
1572 4672
1573 1273
1574 4133
1575 3463
1576 1171
1577 1171
1578 4672
1579 4672
1580 4672
1581 1273
1582 3927
1583 1171
1584 3927
1585 4494
1586 1273
1587 4494
1588 4672
1589 1273
1590 4672
1591 1273
1592 4672
1593 4672
1594 2001
1595 714
1596 1479
1597 517
1598 4519
1599 3425
1600 3492
1601 2207
1602 4220
1603 3579
1604 4856
1605 2142
1606 1364
1607 93
1608 633
1609 508
1610 1326
1611 4219
1612 3997
1613 3820
1614 1746
1615 894
1616 4870
1617 4870
1618 196
1619 1746
1620 4910
1621 4899
1622 42
1623 3333
1624 3652
1625 2063
1626 4739
1627 4467
1628 4485
1629 4334
1630 2561
1631 4038
1632 2309
1633 4255
1634 1777
1635 627
1636 826
1637 4672
1638 3735
1639 2966
1640 1172
1641 2026
1642 4869
1643 4422
1644 993
1645 2492
1646 2157
1647 1210
1648 2956
1649 4906
1650 4183
1651 2988
1652 193
1653 669
1654 2161
1655 4488
1656 4739
1657 4117
1658 4666
1659 3784
1660 1223
1661 357
1662 445
1663 1433
1664 445
1665 2514
1666 2888
1667 4951
1668 670
1669 4850
1670 212
1671 3370
1672 670
1673 418
1674 4231
1675 4047
1676 63
1677 728
1678 4879
1679 45
1680 94
1681 2725
1682 357
1683 258
1684 4407
1685 3370
1686 3235
1687 4667
1688 4393
1689 2650
1690 1946
1691 2987
1692 4333
1693 4575
1694 3733
1695 41
1696 1575
1697 2039
1698 2227
1699 3425
1700 4411
1701 439
1702 1889
1703 2875
1704 3370
1705 4216
1706 603
1707 1482
1708 1092
1709 2084
1710 1799
1711 3370
1712 1622
1713 1213
1714 1311
1715 1092
1716 2084
1717 56
1718 2725
1719 1610
1720 1756
1721 3225
1722 2676
1723 3973
1724 1178
1725 448
1726 2587
1727 2161
1728 3691
1729 1224
1730 3691
1731 3287
1732 4908
1733 3457
1734 4897
1735 3691
1736 116
1737 1181
1738 2613
1739 3532
1740 484
1741 4454
1742 4351
1743 3355
1744 887
1745 3334
1746 2773
1747 2617
1748 4735
1749 2566
1750 1451
1751 1781
1752 1912
1753 2223
1754 2662
1755 1294
1756 2382
1757 1198
1758 3668
1759 4039
1760 4039
1761 4986
1762 717
1763 1453
1764 1294
1765 1503
1766 4001
1767 1453
1768 3367
1769 645
1770 1377
1771 2315
1772 4376
1773 4876
1774 4875
1775 882
1776 960
1777 4371
1778 3828
1779 3016
1780 3961
1781 2795
1782 697
1783 3880
1784 1935
1785 3880
1786 2017
1787 3828
1788 3572
1789 1430
1790 3572
1791 2187
1792 842
1793 1185
1794 2220
1795 1866
1796 1866
1797 4053
1798 2017
1799 3131
1800 5003
1801 533
1802 5010
1803 4997
1804 785
1805 2150
1806 3961
1807 3045
1808 4995
1809 4993
1810 2499
1811 4557
1812 3972
1813 3411
1814 2532
1815 920
1816 3601
1817 2431
1818 3900
1819 4142
1820 3734
1821 1087
1822 2431
1823 3900
1824 2602
1825 1925
1826 3900
1827 3411
1828 3037
1829 2470
1830 3037
1831 1925
1832 751
1833 751
1834 3846
1835 4164
1836 3987
1837 3987
1838 3271
1839 3987
1840 1925
1841 4071
1842 2521
1843 3364
1844 751
1845 1925
1846 2343
1847 4159
1848 1087
1849 1547
1850 2753
1851 4581
1852 3246
1853 4159
1854 3601
1855 3734
1856 4581
1857 3063
1858 3912
1859 2753
1860 2700
1861 885
1862 3292
1863 4581
1864 3900
1865 885
1866 2450
1867 3367
1868 4984
1869 1732
1870 1732
1871 4991
1872 2288
1873 2288
1874 3764
1875 1790
1876 5077
1877 3429
1878 2777
1879 4542
1880 2288
1881 2288
1882 3090
1883 1198
1884 3145
1885 3668
1886 1377
1887 3511
1888 4189
1889 2264
1890 2399
1891 4726
1892 3367
1893 2766
1894 4317
1895 5072
1896 4726
1897 2489
1898 4137
1899 2309
1900 2158
1901 4547
1902 3725
1903 959
1904 3225
1905 465
1906 3225
1907 3899
1908 3899
1909 1503
1910 1294
1911 2309
1912 1550
1913 3588
1914 3668
1915 4137
1916 356
1917 4626
1918 3211
1919 140
1920 2849
1921 440
1922 4579
1923 4277
1924 4626
1925 368
1926 239
1927 2524
1928 1267
1929 4296
1930 4454
1931 3468
1932 2342
1933 3695
1934 3786
1935 2606
1936 2474
1937 2342
1938 2342
1939 2342
1940 2474
1941 3196
1942 3695
1943 2606
1944 2342
1945 3170
1946 3250
1947 2342
1948 2409
1949 3743
1950 2068
1951 2342
1952 2528
1953 3105
1954 3250
1955 3170
1956 2438
1957 3634
1958 5086
1959 4093
1960 4093
1961 4093
1962 4093
1963 4093
1964 5144
1965 4093
1966 4093
1967 4093
1968 4093
1969 4093
1970 4093
1971 4093
1972 4093
1973 4093
1974 4093
1975 4093
1976 5086
1977 4093
1978 4093
1979 5086
1980 5086
1981 5086
1982 4093
1983 4093
1984 4093
1985 4093
1986 4093
1987 4093
1988 4093
1989 5144
1990 4432
1991 4093
1992 4093
1993 4093
1994 4093
1995 5144
1996 4093
1997 4093
1998 4975
1999 4093
2000 4093
2001 4093
2002 4093
2003 4093
2004 4093
2005 5086
2006 4093
2007 4093
2008 4093
2009 5144
2010 4093
2011 4093
2012 4093
2013 4093
2014 4093
2015 4093
2016 4093
2017 4093
2018 5144
2019 4093
2020 5086
2021 4093
2022 4093
2023 5086
2024 5086
2025 4093
2026 5086
2027 4093
2028 4093
2029 4093
2030 4093
2031 5144
2032 4093
2033 5144
2034 4093
2035 4093
2036 4093
2037 5086
2038 4093
2039 4093
2040 4093
2041 4432
2042 4677
2043 4093
2044 4093
2045 4093
2046 4093
2047 5086
2048 4093
2049 4093
2050 4093
2051 4093
2052 4093
2053 4093
2054 4093
2055 5086
2056 4093
2057 4093
2058 4093
2059 5086
2060 5086
2061 4093
2062 4093
2063 4093
2064 4093
2065 4093
2066 4093
2067 5144
2068 4093
2069 4093
2070 4093
2071 4093
2072 4093
2073 4093
2074 4093
2075 4093
2076 4093
2077 5144
2078 5086
2079 4093
2080 5086
2081 4093
2082 4093
2083 4093
2084 5144
2085 4093
2086 5144
2087 4093
2088 4677
2089 4093
2090 2342
2091 2606
2092 3649
2093 3384
2094 3649
2095 2364
2096 2607
2097 2606
2098 3980
2099 3786
2100 3980
2101 2464
2102 2474
2103 2831
2104 2831
2105 4175
2106 2342
2107 2474
2108 4175
2109 3890
2110 3171
2111 2438
2112 3250
2113 3506
2114 2980
2115 2729
2116 4687
2117 3455
2118 3455
2119 1818
2120 2342
2121 3171
2122 2342
2123 4796
2124 5122
2125 5122
2126 4367
2127 5096
2128 4473
2129 5137
2130 5122
2131 4774
2132 3419
2133 5122
2134 5095
2135 4774
2136 4367
2137 5121
2138 5095
2139 5118
2140 5124
2141 5137
2142 5137
2143 5088
2144 5117
2145 4413
2146 2089
2147 4677
2148 4798
2149 3419
2150 4103
2151 3156
2152 4446
2153 3419
2154 4834
2155 2716
2156 4103
2157 4613
2158 1855
2159 4824
2160 1138
2161 4836
2162 3419
2163 1632
2164 5161
2165 1125
2166 2398
2167 768
2168 3427
2169 3079
2170 3797
2171 1297
2172 3719
2173 2252
2174 4799
2175 1031
2176 4807
2177 3454
2178 1855
2179 2252
2180 1632
2181 1138
2182 1031
2183 4799
2184 1738
2185 3742
2186 3419
2187 3419
2188 4834
2189 3797
2190 3156
2191 1297
2192 3427
2193 4157
2194 4110
2195 3797
2196 4717
2197 4110
2198 3156
2199 4790
2200 4796
2201 4833
2202 3797
2203 4491
2204 3709
2205 3958
2206 3797
2207 3427
2208 4264
2209 2716
2210 5137
2211 4777
2212 3523
2213 1897
2214 1738
2215 4791
2216 4798
2217 3523
2218 1965
2219 1738
2220 4285
2221 4103
2222 5170
2223 4807
2224 3709
2225 4781
2226 3561
2227 2980
2228 3079
2229 2980
2230 3079
2231 3561
2232 2200
2233 1773
2234 2456
2235 3797
2236 4157
2237 3812
2238 1368
2239 4563
2240 4790
2241 5115
2242 5143
2243 5143
2244 5118
2245 4768
2246 5137
2247 5118
2248 4367
2249 5095
2250 4760
2251 4103
2252 5113
2253 4813
2254 5113
2255 5113
2256 4473
2257 4555
2258 4613
2259 3523
2260 5121
2261 4796
2262 5121
2263 4961
2264 4285
2265 4834
2266 5125
2267 5110
2268 5121
2269 4828
2270 5112
2271 4813
2272 5107
2273 5106
2274 4523
2275 4704
2276 4799
2277 4962
2278 4285
2279 2408
2280 5129
2281 5126
2282 4181
2283 4744
2284 4677
2285 4620
2286 5105
2287 4093
2288 4093
2289 4093
2290 4736
2291 4093
2292 5131
2293 5144
2294 4093
2295 5134
2296 4736
2297 4093
2298 5144
2299 4736
2300 4093
2301 4688
2302 4093
2303 2391
2304 4677
2305 4677
2306 5117
2307 4093
2308 5136
2309 5095
2310 4736
2311 4677
2312 4736
2313 4736
2314 4677
2315 4736
2316 4736
2317 4181
2318 4413
2319 4432
2320 3267
2321 3567
2322 2068
2323 3917
2324 2729
2325 3917
2326 4313
2327 3797
2328 4237
2329 1773
2330 4313
2331 3897
2332 4313
2333 3217
2334 3868
2335 3287
2336 3081
2337 1782
2338 3518
2339 3271
2340 2829
2341 2360
2342 3706
2343 3706
2344 1768
2345 2223
2346 1866
2347 3099
2348 3955
2349 3444
2350 2479
2351 697
2352 1456
2353 3444
2354 4386
2355 1451
2356 4334
2357 1129
2358 4761
2359 1099
2360 1768
2361 1308
2362 4516
2363 4114
2364 5184
2365 4761
2366 2504
2367 994
2368 1335
2369 1099
2370 1684
2371 1417
2372 3444
2373 852
2374 2654
2375 2512
2376 3099
2377 1587
2378 2481
2379 2264
2380 4771
2381 2223
2382 4761
2383 4547
2384 1768
2385 697
2386 1918
2387 4038
2388 2309
2389 3978
2390 1664
2391 4505
2392 2410
2393 2777
2394 2478
2395 1017
2396 1017
2397 3144
2398 2055
2399 1258
2400 4692
2401 4995
2402 2807
2403 4743
2404 3764
2405 5011
2406 1473
2407 2740
2408 4381
2409 4080
2410 3090
2411 3764
2412 4381
2413 3764
2414 711
2415 4039
2416 737
2417 4039
2418 2777
2419 2777
2420 4910
2421 581
2422 1249
2423 4771
2424 2142
2425 692
2426 2177
2427 1054
2428 1301
2429 3955
2430 3543
2431 1744
2432 4991
2433 3846
2434 1391
2435 4998
2436 1610
2437 2740
2438 3856
2439 4080
2440 4692
2441 4542
2442 3999
2443 4995
2444 5002
2445 4557
2446 5000
2447 785
2448 3444
2449 1087
2450 3956
2451 4993
2452 4996
2453 4995
2454 3764
2455 3691
2456 3333
2457 2459
2458 3630
2459 2202
2460 2202
2461 3390
2462 2709
2463 2829
2464 2406
2465 4146
2466 2731
2467 2945
2468 1536
2469 894
2470 4407
2471 2888
2472 294
2473 4325
2474 2142
2475 2142
2476 3060
2477 2859
2478 262
2479 3441
2480 4951
2481 4407
2482 4067
2483 2055
2484 4137
2485 4371
2486 2459
2487 4371
2488 4557
2489 1127
2490 675
2491 3803
2492 1634
2493 3734
2494 1700
2495 2182
2496 3150
2497 2683
2498 4998
2499 4998
2500 851
2501 1052
2502 3980
2503 3170
2504 2068
2505 2342
2506 4127
2507 4151
2508 4406
2509 3797
2510 3797
2511 4962
2512 5170
2513 4791
2514 4425
2515 5107
2516 4473
2517 3662
2518 5011
2519 5011
2520 3764
2521 211
2522 366
2523 465
2524 4438
2525 1055
2526 445
2527 4735
2528 2399
2529 5076
2530 278
2531 782
2532 2956
2533 849
2534 1817
2535 2073
2536 1804
2537 2845
2538 3367
2539 3367
2540 2450
2541 2309
2542 4039
2543 3002
2544 4039
2545 741
2546 454
2547 454
2548 3925
2549 2060
2550 4574
2551 4574
2552 2060
2553 2060
2554 4574
2555 4574
2556 4574
2557 4574
2558 4574
2559 2060
2560 4574
2561 2060
2562 4574
2563 544
2564 490
2565 815
2566 490
2567 2060
2568 3007
2569 1478
2570 4619
2571 366
2572 2626
2573 2617
2574 4104
2575 2377
2576 1461
2577 1490
2578 3084
2579 3968
2580 2377
2581 4519
2582 3190
2583 2956
2584 4843
2585 513
2586 2022
2587 1621
2588 792
2589 56
2590 56
2591 237
2592 3731
2593 3235
2594 3557
2595 2566
2596 481
2597 311
2598 4666
2599 3235
2600 849
2601 4735
2602 1490
2603 762
2604 1575
2605 43
2606 4117
2607 1842
2608 3361
2609 3999
2610 351
2611 262
2612 2878
2613 513
2614 56
2615 4231
2616 1635
2617 2905
2618 3235
2619 532
2620 505
2621 42
2622 3038
2623 4183
2624 2905
2625 3007
2626 490
2627 445
2628 4399
2629 4856
2630 4334
2631 4255
2632 257
2633 532
2634 509
2635 4255
2636 2832
2637 1506
2638 2551
2639 393
2640 2835
2641 3429
2642 2736
2643 373
2644 2055
2645 2120
2646 3594
2647 598
2648 2796
2649 215
2650 413
2651 332
2652 3211
2653 332
2654 217
2655 3211
2656 1170
2657 966
2658 604
2659 1676
2660 215
2661 598
2662 598
2663 1579
2664 495
2665 2506
2666 3977
2667 2776
2668 2060
2669 3529
2670 3578
2671 3529
2672 2826
2673 167
2674 3529
2675 3344
2676 946
2677 580
2678 3594
2679 669
2680 3930
2681 1196
2682 104
2683 1468
2684 2613
2685 4931
2686 4957
2687 3977
2688 11
2689 152
2690 1579
2691 598
2692 454
2693 4931
2694 2524
2695 3529
2696 2006
2697 2849
2698 4931
2699 4731
2700 598
2701 1060
2702 2849
2703 870
2704 405
2705 2613
2706 2613
2707 3529
2708 2613
2709 3596
2710 4630
2711 3310
2712 3529
2713 4709
2714 524
2715 3835
2716 811
2717 500
2718 952
2719 2613
2720 104
2721 1293
2722 217
2723 217
2724 742
2725 604
2726 1876
2727 598
2728 368
2729 3594
2730 2849
2731 295
2732 3594
2733 490
2734 598
2735 530
2736 1376
2737 3421
2738 4158
2739 4574
2740 4574
2741 4574
2742 590
2743 3149
2744 642
2745 3149
2746 1060
2747 669
2748 2006
2749 3596
2750 184
2751 4630
2752 4502
2753 2849
2754 3483
2755 775
2756 2849
2757 2006
2758 323
2759 1410
2760 350
2761 2506
2762 3113
2763 2519
2764 917
2765 811
2766 140
2767 316
2768 239
2769 530
2770 2849
2771 598
2772 3529
2773 4277
2774 4559
2775 413
2776 698
2777 604
2778 3211
2779 332
2780 3211
2781 598
2782 2006
2783 527
2784 4575
2785 316
2786 1876
2787 316
2788 598
2789 598
2790 3211
2791 1174
2792 2796
2793 3594
2794 217
2795 3211
2796 2049
2797 3565
2798 3542
2799 3372
2800 4626
2801 498
2802 283
2803 1419
2804 3113
2805 4277
2806 3757
2807 2060
2808 527
2809 335
2810 3925
2811 1939
2812 1964
2813 1676
2814 530
2815 2514
2816 2974
2817 1374
2818 1012
2819 332
2820 2471
2821 3344
2822 527
2823 332
2824 3211
2825 3211
2826 413
2827 3211
2828 332
2829 2849
2830 479
2831 248
2832 332
2833 763
2834 4574
2835 4574
2836 4574
2837 4574
2838 4574
2839 4574
2840 4574
2841 4574
2842 590
2843 4574
2844 4574
2845 1060
2846 590
2847 4574
2848 4574
2849 4574
2850 4574
2851 4574
2852 3491
2853 2060
2854 3491
2855 4935
2856 3491
2857 4934
2858 2116
2859 3344
2860 1573
2861 3258
2862 917
2863 456
2864 456
2865 4574
2866 364
2867 4574
2868 4574
2869 4574
2870 4574
2871 917
2872 3344
2873 917
2874 590
2875 2116
2876 4934
2877 3491
2878 1155
2879 1759
2880 3491
2881 4935
2882 1060
2883 815
2884 456
2885 2116
2886 3491
2887 2116
2888 3491
2889 4574
2890 4574
2891 4574
2892 4574
2893 3714
2894 4574
2895 4574
2896 4574
2897 4574
2898 3491
2899 2116
2900 3491
2901 4935
2902 2060
2903 3714
2904 1479
2905 2255
2906 532
2907 2966
2908 4351
2909 2120
2910 1887
2911 486
2912 2736
2913 3095
2914 3970
2915 357
2916 1610
2917 2112
2918 2433
2919 1642
2920 915
2921 2492
2922 3235
2923 2073
2924 1479
2925 3782
2926 282
2927 4742
2928 599
2929 3731
2930 3782
2931 3480
2932 1683
2933 3480
2934 4037
2935 4672
2936 3731
2937 2161
2938 1756
2939 4861
2940 2989
2941 418
2942 2255
2943 3970
2944 614
2945 3868
2946 3480
2947 3480
2948 4233
2949 4183
2950 2547
2951 1575
2952 1690
2953 1453
2954 540
2955 946
2956 4986
2957 2865
2958 2736
2959 2458
2960 3205
2961 4255
2962 1378
2963 2766
2964 4179
2965 2458
2966 2851
2967 5011
2968 2288
2969 4986
2970 4038
2971 1924
2972 994
2973 4317
2974 1227
2975 2861
2976 2375
2977 4988
2978 5000
2979 1585
2980 2264
2981 534
2982 3945
2983 3126
2984 2841
2985 4080
2986 5011
2987 4984
2988 1792
2989 836
2990 4662
2991 994
2992 1191
2993 1470
2994 3349
2995 4053
2996 4053
2997 4053
2998 3828
2999 4513
3000 1844
3001 1844
3002 567
3003 4296
3004 3570
3005 3016
3006 2417
3007 533
3008 3016
3009 1585
3010 2499
3011 2111
3012 3586
3013 1585
3014 2792
3015 4094
3016 800
3017 2148
3018 3122
3019 4053
3020 2202
3021 1270
3022 2907
3023 800
3024 4552
3025 4371
3026 2362
3027 3586
3028 2669
3029 2499
3030 800
3031 2669
3032 1585
3033 1935
3034 1585
3035 3828
3036 2669
3037 3122
3038 3518
3039 3955
3040 1054
3041 635
3042 2983
3043 4552
3044 4577
3045 4327
3046 3813
3047 4327
3048 4552
3049 3955
3050 1414
3051 1414
3052 3543
3053 2010
3054 2215
3055 2271
3056 4146
3057 2558
3058 2558
3059 2761
3060 3660
3061 953
3062 3734
3063 3841
3064 4071
3065 3908
3066 4192
3067 2536
3068 2700
3069 2171
3070 3665
3071 4192
3072 3438
3073 3111
3074 3685
3075 1295
3076 1441
3077 1927
3078 3852
3079 3936
3080 1331
3081 4153
3082 3665
3083 1441
3084 3111
3085 1331
3086 4692
3087 4993
3088 4995
3089 4988
3090 1935
3091 4053
3092 2202
3093 2202
3094 2202
3095 800
3096 3277
3097 2983
3098 3955
3099 2558
3100 3660
3101 3841
3102 4153
3103 4074
3104 3024
3105 3090
3106 4984
3107 3129
3108 3160
3109 2499
3110 2111
3111 2669
3112 2202
3113 3630
3114 4552
3115 3133
3116 2907
3117 2881
3118 3182
3119 2983
3120 2558
3121 3618
3122 3846
3123 3271
3124 3846
3125 4146
3126 4053
3127 2956
3128 1756
3129 3492
3130 4906
3131 4662
3132 4726
3133 3367
3134 2288
3135 2789
3136 4998
3137 3090
3138 418
3139 1159
3140 4542
3141 5013
3142 1227
3143 2546
3144 133
3145 4091
3146 4558
3147 418
3148 3899
3149 2142
3150 861
3151 1461
3152 1470
3153 3078
3154 2055
3155 3480
3156 317
3157 1889
3158 4381
3159 4423
3160 3429
3161 2450
3162 4503
3163 4503
3164 4992
3165 3144
3166 4998
3167 1461
3168 4427
3169 4133
3170 182
3171 1397
3172 4454
3173 4427
3174 3782
3175 2392
3176 3557
3177 347
3178 223
3179 1683
3180 1274
3181 714
3182 3913
3183 4575
3184 339
3185 2137
3186 2926
3187 1225
3188 1757
3189 4360
3190 4220
3191 637
3192 4255
3193 3868
3194 1842
3195 418
3196 1490
3197 2193
3198 4542
3199 4993
3200 5002
3201 4995
3202 5003
3203 4995
3204 4995
3205 4296
3206 4503
3207 5011
3208 1333
3209 4984
3210 4317
3211 4991
3212 5009
3213 2601
3214 3570
3215 2669
3216 4371
3217 2202
3218 2202
3219 800
3220 2202
3221 3160
3222 3198
3223 4035
3224 2829
3225 3366
3226 3271
3227 3694
3228 4071
3229 2536
3230 3369
3231 3024
3232 1638
3233 4169
3234 486
3235 4404
3236 4379
3237 1446
3238 441
3239 486
3240 143
3241 3968
3242 3641
3243 2074
3244 1477
3245 2620
3246 2176
3247 1479
3248 664
3249 2955
3250 2483
3251 4662
3252 3312
3253 4628
3254 3868
3255 3235
3256 3868
3257 2547
3258 850
3259 2264
3260 3367
3261 2282
3262 4998
3263 4743
3264 2288
3265 4296
3266 5003
3267 3880
3268 4995
3269 2547
3270 4334
3271 4383
3272 2499
3273 3016
3274 3449
3275 3016
3276 1726
3277 3129
3278 2202
3279 3160
3280 4360
3281 2669
3282 3443
3283 2111
3284 2111
3285 1950
3286 820
3287 2829
3288 1349
3289 4051
3290 4142
3291 1256
3292 2470
3293 2470
3294 970
3295 2470
3296 2536
3297 3438
3298 4192
3299 4192
3300 4192
3301 2536
3302 4192
3303 3438
3304 3024
3305 3665
3306 2785
3307 3144
3308 4296
3309 4993
3310 4317
3311 4179
3312 2226
3313 1225
3314 3429
3315 3367
3316 3429
3317 3129
3318 4141
3319 2111
3320 2202
3321 2202
3322 1806
3323 4438
3324 3899
3325 3432
3326 5011
3327 4998
3328 4423
3329 4998
3330 3078
3331 994
3332 4998
3333 581
3334 3868
3335 1461
3336 1718
3337 1293
3338 4256
3339 4169
3340 198
3341 2405
3342 2288
3343 2478
3344 3443
3345 2499
3346 3880
3347 3277
3348 800
3349 2829
3350 3182
3351 970
3352 3841
3353 4074
3354 1927
3355 4993
3356 4542
3357 5011
3358 4080
3359 4199
3360 4503
3361 4317
3362 4995
3363 4222
3364 3712
3365 448
3366 2766
3367 1453
3368 4317
3369 2226
3370 4984
3371 673
3372 714
3373 4427
3374 1115
3375 4133
3376 1406
3377 1375
3378 4607
3379 2389
3380 2954
3381 4607
3382 2802
3383 1608
3384 2691
3385 4564
3386 4052
3387 4540
3388 2859
3389 4607
3390 4133
3391 4540
3392 4607
3393 1443
3394 2170
3395 1334
3396 394
3397 2802
3398 394
3399 1443
3400 394
3401 2041
3402 240
3403 2041
3404 494
3405 912
3406 410
3407 227
3408 275
3409 2042
3410 3412
3411 275
3412 1375
3413 1014
3414 4607
3415 1171
3416 96
3417 826
3418 4008
3419 2739
3420 563
3421 2041
3422 494
3423 1241
3424 4062
3425 478
3426 19
3427 4133
3428 1443
3429 4133
3430 1375
3431 1406
3432 1014
3433 778
3434 4134
3435 673
3436 3241
3437 1375
3438 4607
3439 4133
3440 1014
3441 227
3442 1241
3443 4540
3444 569
3445 263
3446 394
3447 563
3448 736
3449 2042
3450 1014
3451 2208
3452 2377
3453 263
3454 2170
3455 2041
3456 4134
3457 4540
3458 527
3459 2392
3460 599
3461 2580
3462 2580
3463 211
3464 1443
3465 1150
3466 563
3467 590
3468 4574
3469 4574
3470 3333
3471 2060
3472 1327
3473 56
3474 418
3475 2826
3476 4886
3477 3480
3478 4574
3479 3491
3480 4574
3481 4574
3482 3491
3483 4574
3484 4574
3485 1532
3486 3808
3487 4679
3488 4427
3489 3970
3490 4354
3491 4989
3492 4317
3493 4574
3494 4574
3495 2796
3496 1398
3497 4574
3498 4574
3499 590
3500 811
3501 2547
3502 126
3503 1304
3504 836
3505 3817
3506 4232
3507 3783
3508 4931
3509 418
3510 2506
3511 2506
3512 1704
3513 811
3514 3211
3515 448
3516 211
3517 599
3518 225
3519 211
3520 1403
3521 2708
3522 1876
3523 1159
3524 1920
3525 3422
3526 3835
3527 599
3528 599
3529 4288
3530 113
3531 445
3532 147
3533 4414
3534 1373
3535 366
3536 1397
3537 441
3538 3206
3539 2966
3540 2952
3541 249
3542 1610
3543 3038
3544 1589
3545 2627
3546 3401
3547 3540
3548 2989
3549 3712
3550 193
3551 2580
3552 369
3553 2155
3554 448
3555 4582
3556 4454
3557 2476
3558 464
3559 258
3560 418
3561 418
3562 2540
3563 2713
3564 3106
3565 529
3566 227
3567 394
3568 2763
3569 641
3570 1952
3571 478
3572 912
3573 1376
3574 248
3575 2170
3576 1443
3577 4540
3578 1014
3579 3655
3580 826
3581 826
3582 4540
3583 3655
3584 4540
3585 4540
3586 1443
3587 826
3588 1171
3589 1171
3590 4647
3591 1171
3592 1801
3593 955
3594 1801
3595 4647
3596 1578
3597 4647
3598 4647
3599 1171
3600 1801
3601 1801
3602 4647
3603 4647
3604 1273
3605 4564
3606 3463
3607 4647
3608 2911
3609 1171
3610 3463
3611 4564
3612 4564
3613 3984
3614 4981
3615 1883
3616 1729
3617 1821
3618 2542
3619 1729
3620 4981
3621 4981
3622 3984
3623 3257
3624 3257
3625 1883
3626 3123
3627 1431
3628 4981
3629 1462
3630 1942
3631 2273
3632 1883
3633 2394
3634 2542
3635 2283
3636 2394
3637 4981
3638 4981
3639 2283
3640 4981
3641 2570
3642 1821
3643 4981
3644 1883
3645 4405
3646 1883
3647 1401
3648 2273
3649 3984
3650 1729
3651 1133
3652 1883
3653 3257
3654 3257
3655 3257
3656 2273
3657 4322
3658 1883
3659 3257
3660 2570
3661 1883
3662 2273
3663 1821
3664 4322
3665 1883
3666 1883
3667 3984
3668 1393
3669 3257
3670 4981
3671 2570
3672 1729
3673 3257
3674 3257
3675 4973
3676 4981
3677 1942
3678 4322
3679 2767
3680 2542
3681 3257
3682 4981
3683 3984
3684 3984
3685 1273
3686 2767
3687 2767
3688 1273
3689 2767
3690 4981
3691 2767
3692 3257
3693 3123
3694 4981
3695 4481
3696 3257
3697 3257
3698 1883
3699 2570
3700 4981
3701 3257
3702 3257
3703 1883
3704 3257
3705 3257
3706 1883
3707 1883
3708 1883
3709 1133
3710 1883
3711 1729
3712 3257
3713 3257
3714 3257
3715 1883
3716 2570
3717 3257
3718 3589
3719 4981
3720 3257
3721 1801
3722 3984
3723 2767
3724 2767
3725 2283
3726 3984
3727 1883
3728 1883
3729 1883
3730 3257
3731 4405
3732 3257
3733 2570
3734 4981
3735 1729
3736 1729
3737 3257
3738 3257
3739 4569
3740 3257
3741 1883
3742 3257
3743 1883
3744 3257
3745 3257
3746 3257
3747 3257
3748 3257
3749 3257
3750 3257
3751 3257
3752 3257
3753 4600
3754 3257
3755 3257
3756 3257
3757 3257
3758 3257
3759 3257
3760 3257
3761 3257
3762 3257
3763 3257
3764 3257
3765 3257
3766 3257
3767 3257
3768 1883
3769 4481
3770 1883
3771 1883
3772 1883
3773 3257
3774 5079
3775 3257
3776 3257
3777 3257
3778 3257
3779 3257
3780 3257
3781 3257
3782 1883
3783 3257
3784 3257
3785 3257
3786 3257
3787 3257
3788 3257
3789 3257
3790 3257
3791 3257
3792 3257
3793 1883
3794 3257
3795 3257
3796 3257
3797 3257
3798 3257
3799 3257
3800 3257
3801 3257
3802 3257
3803 3257
3804 3257
3805 3257
3806 3257
3807 3257
3808 3257
3809 3257
3810 3257
3811 3257
3812 3257
3813 3257
3814 3257
3815 1883
3816 3257
3817 3257
3818 3257
3819 3257
3820 3257
3821 3257
3822 3257
3823 3257
3824 1883
3825 3257
3826 3257
3827 3257
3828 3257
3829 3257
3830 3257
3831 3257
3832 3257
3833 1883
3834 3257
3835 3257
3836 1883
3837 1883
3838 5035
3839 2394
3840 3257
3841 3257
3842 4405
3843 3257
3844 3257
3845 3257
3846 3257
3847 3257
3848 3257
3849 3257
3850 3257
3851 3257
3852 3257
3853 1883
3854 3257
3855 3257
3856 3257
3857 3257
3858 3257
3859 1883
3860 4405
3861 3257
3862 3257
3863 3257
3864 3257
3865 3257
3866 3257
3867 3257
3868 3257
3869 3257
3870 3257
3871 3257
3872 3257
3873 3257
3874 3257
3875 3257
3876 3257
3877 3257
3878 3257
3879 3257
3880 3257
3881 3257
3882 3257
3883 3257
3884 3257
3885 3257
3886 3257
3887 1883
3888 3257
3889 3257
3890 3257
3891 3257
3892 3257
3893 3257
3894 1883
3895 1883
3896 1883
3897 1883
3898 3257
3899 1883
3900 3257
3901 1883
3902 1883
3903 3257
3904 1883
3905 3257
3906 3257
3907 1883
3908 3257
3909 3257
3910 3257
3911 3257
3912 1883
3913 3257
3914 1883
3915 1883
3916 3257
3917 3257
3918 3257
3919 3257
3920 3257
3921 3257
3922 3257
3923 3257
3924 3257
3925 3257
3926 3257
3927 3257
3928 3257
3929 3257
3930 3257
3931 3257
3932 3257
3933 3257
3934 3257
3935 3257
3936 3257
3937 3257
3938 3257
3939 3257
3940 1883
3941 3257
3942 3257
3943 3257
3944 1729
3945 1883
3946 4972
3947 1133
3948 1729
3949 1729
3950 3257
3951 1883
3952 4972
3953 1883
3954 1729
3955 3257
3956 3257
3957 3257
3958 3257
3959 3257
3960 1883
3961 3257
3962 3257
3963 3257
3964 1883
3965 1883
3966 3257
3967 3257
3968 3257
3969 1883
3970 1883
3971 1883
3972 3257
3973 1883
3974 3257
3975 3257
3976 3257
3977 3257
3978 4322
3979 3257
3980 1883
3981 1883
3982 1883
3983 2273
3984 1883
3985 1821
3986 2394
3987 1883
3988 1883
3989 4973
3990 1883
3991 1883
3992 1401
3993 2394
3994 4981
3995 2863
3996 2273
3997 1401
3998 2273
3999 1133
4000 2273
4001 3984
4002 3984
4003 1729
4004 3984
4005 2542
4006 4322
4007 2570
4008 2570
4009 4981
4010 4981
4011 4981
4012 4981
4013 1942
4014 4981
4015 2863
4016 4981
4017 4981
4018 4981
4019 4322
4020 1729
4021 1133
4022 3594
4023 454
4024 3594
4025 1676
4026 2483
4027 454
4028 2826
4029 350
4030 3344
4031 1410
4032 775
4033 2651
4034 4169
4035 1981
4036 673
4037 4861
4038 1904
4039 933
4040 4849
4041 519
4042 4916
4043 1616
4044 1880
4045 4909
4046 3081
4047 4407
4048 1638
4049 1533
4050 881
4051 1533
4052 3081
4053 2878
4054 2713
4055 1224
4056 448
4057 3895
4058 1224
4059 348
4060 792
4061 3274
4062 1382
4063 627
4064 1167
4065 376
4066 4904
4067 3432
4068 2393
4069 3725
4070 959
4071 3725
4072 4875
4073 4877
4074 4865
4075 4725
4076 3945
4077 3432
4078 4867
4079 2984
4080 4399
4081 1536
4082 172
4083 1428
4084 3652
4085 877
4086 2914
4087 4102
4088 3741
4089 3560
4090 4102
4091 1486
4092 887
4093 394
4094 2590
4095 4607
4096 3655
4097 3655
4098 826
4099 1443
4100 1443
4101 1443
4102 2389
4103 1443
4104 1443
4105 1443
4106 3655
4107 2859
4108 2859
4109 2859
4110 1375
4111 1375
4112 1014
4113 2859
4114 4133
4115 1443
4116 2859
4117 3463
4118 4607
4119 4540
4120 1406
4121 4133
4122 1014
4123 1171
4124 4133
4125 1171
4126 3463
4127 4399
4128 1375
4129 4564
4130 1014
4131 1375
4132 1375
4133 1014
4134 1375
4135 1406
4136 4647
4137 1171
4138 1578
4139 4647
4140 3463
4141 1171
4142 1375
4143 1171
4144 1171
4145 1578
4146 4647
4147 1171
4148 1801
4149 1801
4150 1801
4151 4647
4152 1171
4153 1801
4154 1801
4155 4647
4156 1801
4157 1171
4158 2767
4159 4647
4160 1171
4161 4647
4162 946
4163 4886
4164 369
4165 3235
4166 1479
4167 2778
4168 599
4169 2393
4170 928
4171 2120
4172 1756
4173 3373
4174 317
4175 2483
4176 599
4177 407
4178 1827
4179 1080
4180 2275
4181 4888
4182 4219
4183 1312
4184 2651
4185 4427
4186 2377
4187 1842
4188 928
4189 2676
4190 2393
4191 4334
4192 4547
4193 2736
4194 959
4195 465
4196 2073
4197 5185
4198 1293
4199 3106
4200 936
4201 4155
4202 257
4203 599
4204 4155
4205 2587
4206 1594
4207 849
4208 2176
4209 2914
4210 223
4211 4628
4212 4628
4213 4593
4214 4122
4215 1889
4216 1161
4217 193
4218 376
4219 3977
4220 4350
4221 4897
4222 4918
4223 3873
4224 2870
4225 2878
4226 4936
4227 3787
4228 1889
4229 1876
4230 418
4231 826
4232 4514
4233 4514
4234 2255
4235 2022
4236 2097
4237 2878
4238 4936
4239 3494
4240 1183
4241 3095
4242 2878
4243 1573
4244 706
4245 4427
4246 371
4247 376
4248 394
4249 4270
4250 96
4251 96
4252 96
4253 394
4254 96
4255 2763
4256 1443
4257 2389
4258 2708
4259 2389
4260 263
4261 1594
4262 3241
4263 1334
4264 351
4265 256
4266 3282
4267 1924
4268 2736
4269 3432
4270 3899
4271 3973
4272 3787
4273 487
4274 849
4275 4351
4276 4409
4277 2551
4278 133
4279 2870
4280 193
4281 2527
4282 581
4283 3125
4284 541
4285 3344
4286 239
4287 3211
4288 4102
4289 273
4290 1641
4291 4974
4292 369
4293 481
4294 4409
4295 3492
4296 4735
4297 3221
4298 2865
4299 1296
4300 1453
4301 4986
4302 2547
4303 2405
4304 1453
4305 1654
4306 4989
4307 4986
4308 4369
4309 1625
4310 1304
4311 737
4312 3447
4313 1225
4314 2055
4315 4039
4316 3145
4317 105
4318 3480
4319 2956
4320 4513
4321 2459
4322 2017
4323 2459
4324 5000
4325 3872
4326 4053
4327 1449
4328 3477
4329 1585
4330 3016
4331 4993
4332 3131
4333 3008
4334 3779
4335 1227
4336 3477
4337 4094
4338 4371
4339 5000
4340 4371
4341 4371
4342 4996
4343 4996
4344 2202
4345 4053
4346 3443
4347 2362
4348 1935
4349 890
4350 533
4351 2417
4352 2840
4353 2417
4354 3449
4355 3586
4356 4080
4357 3443
4358 970
4359 2761
4360 2700
4361 970
4362 3841
4363 3383
4364 2271
4365 3734
4366 3870
4367 3178
4368 3803
4369 2536
4370 3841
4371 3379
4372 970
4373 3411
4374 3841
4375 3870
4376 3379
4377 3618
4378 3364
4379 4146
4380 4146
4381 3950
4382 1414
4383 2302
4384 2558
4385 4051
4386 1414
4387 1414
4388 3950
4389 3950
4390 3018
4391 3950
4392 1349
4393 3111
4394 2932
4395 1885
4396 4192
4397 4074
4398 3657
4399 3657
4400 3657
4401 2470
4402 3657
4403 2171
4404 2171
4405 2536
4406 1854
4407 1885
4408 1148
4409 4153
4410 1927
4411 2215
4412 4074
4413 3665
4414 2450
4415 4993
4416 3144
4417 2546
4418 4998
4419 2789
4420 4317
4421 2518
4422 1991
4423 2766
4424 4998
4425 4998
4426 4259
4427 2546
4428 2547
4429 737
4430 3002
4431 3002
4432 4726
4433 3367
4434 3367
4435 4545
4436 4179
4437 4179
4438 4376
4439 1258
4440 465
4441 3480
4442 3588
4443 759
4444 3725
4445 959
4446 4334
4447 3225
4448 4876
4449 2956
4450 4876
4451 4376
4452 733
4453 1304
4454 759
4455 737
4456 4022
4457 3447
4458 1294
4459 387
4460 4626
4461 3211
4462 140
4463 2006
4464 669
4465 3529
4466 598
4467 277
4468 2506
4469 4626
4470 484
4471 4381
4472 182
4473 4993
4474 4877
4475 2606
4476 3936
4477 2342
4478 3633
4479 1570
4480 2968
4481 1383
4482 3685
4483 4261
4484 4444
4485 1383
4486 2351
4487 2755
4488 3171
4489 2342
4490 1761
4491 2755
4492 2231
4493 1761
4494 3170
4495 3105
4496 4780
4497 3105
4498 3171
4499 3170
4500 2528
4501 4093
4502 5144
4503 2894
4504 4093
4505 2894
4506 4093
4507 5144
4508 5144
4509 5144
4510 4093
4511 4093
4512 4093
4513 5144
4514 4093
4515 4093
4516 4093
4517 4093
4518 4093
4519 4093
4520 5144
4521 4093
4522 4093
4523 5144
4524 4093
4525 4093
4526 4093
4527 4093
4528 5144
4529 4093
4530 5144
4531 4093
4532 5144
4533 5144
4534 847
4535 847
4536 847
4537 5144
4538 4093
4539 847
4540 4093
4541 4093
4542 847
4543 4093
4544 5144
4545 5144
4546 5144
4547 5144
4548 847
4549 4093
4550 5144
4551 5144
4552 4093
4553 2894
4554 5144
4555 847
4556 4093
4557 4093
4558 847
4559 847
4560 4093
4561 5144
4562 5144
4563 4093
4564 2894
4565 4093
4566 3541
4567 4093
4568 5144
4569 4093
4570 4093
4571 847
4572 5144
4573 4093
4574 4093
4575 5144
4576 4093
4577 847
4578 847
4579 847
4580 5144
4581 847
4582 4093
4583 4093
4584 4093
4585 847
4586 847
4587 847
4588 2864
4589 4093
4590 5139
4591 5144
4592 847
4593 847
4594 5144
4595 4093
4596 4093
4597 4093
4598 2894
4599 5144
4600 5144
4601 4093
4602 4093
4603 4093
4604 5144
4605 5144
4606 5144
4607 5144
4608 5144
4609 4093
4610 4093
4611 4093
4612 2894
4613 4093
4614 5144
4615 847
4616 5144
4617 4093
4618 4093
4619 4093
4620 5144
4621 4093
4622 4093
4623 4093
4624 4093
4625 5144
4626 4093
4627 4093
4628 5144
4629 4093
4630 4093
4631 2894
4632 5144
4633 4966
4634 4093
4635 5144
4636 4966
4637 2894
4638 5144
4639 4093
4640 2894
4641 3651
4642 3118
4643 4518
4644 2011
4645 2606
4646 2411
4647 2441
4648 5063
4649 2741
4650 1383
4651 3685
4652 3128
4653 3685
4654 3971
4655 2741
4656 5196
4657 1383
4658 3118
4659 2342
4660 2755
4661 4780
4662 3413
4663 3217
4664 3267
4665 3561
4666 3171
4667 2549
4668 2231
4669 4554
4670 4518
4671 4806
4672 5143
4673 4797
4674 2716
4675 3419
4676 2716
4677 3156
4678 4110
4679 3709
4680 1138
4681 4469
4682 4777
4683 3797
4684 4704
4685 5128
4686 4367
4687 4367
4688 4736
4689 4413
4690 5088
4691 4688
4692 4736
4693 2089
4694 5131
4695 3797
4696 3156
4697 4656
4698 3156
4699 4304
4700 3064
4701 4374
4702 4374
4703 4157
4704 4374
4705 3064
4706 3791
4707 4313
4708 4425
4709 4563
4710 2263
4711 1773
4712 1240
4713 4271
4714 3162
4715 3791
4716 4313
4717 3561
4718 2980
4719 3220
4720 1031
4721 4773
4722 5164
4723 982
4724 1773
4725 4811
4726 2990
4727 5163
4728 2990
4729 1632
4730 4079
4731 5169
4732 3220
4733 3719
4734 4157
4735 4157
4736 3791
4737 3736
4738 4563
4739 3561
4740 1818
4741 4304
4742 4563
4743 3791
4744 3879
4745 3156
4746 3472
4747 3419
4748 4359
4749 3472
4750 3064
4751 1182
4752 3958
4753 3879
4754 3064
4755 4563
4756 4563
4757 3812
4758 3419
4759 3156
4760 4374
4761 4313
4762 1773
4763 4271
4764 4820
4765 4773
4766 1209
4767 4826
4768 4773
4769 4773
4770 4822
4771 1738
4772 4374
4773 4425
4774 2350
4775 2350
4776 1818
4777 3267
4778 1818
4779 3040
4780 4549
4781 3662
4782 4079
4783 1368
4784 1089
4785 1773
4786 4313
4787 2653
4788 4798
4789 3419
4790 4110
4791 5143
4792 4796
4793 2716
4794 5115
4795 3419
4796 4703
4797 1138
4798 982
4799 1855
4800 982
4801 3797
4802 4797
4803 4717
4804 4458
4805 2252
4806 4079
4807 4264
4808 5092
4809 3709
4810 3709
4811 1773
4812 2398
4813 1855
4814 1897
4815 4811
4816 982
4817 4820
4818 982
4819 4813
4820 4152
4821 4809
4822 1738
4823 4807
4824 4285
4825 5169
4826 5122
4827 4285
4828 4677
4829 3541
4830 5144
4831 3111
4832 5144
4833 847
4834 3111
4835 3041
4836 847
4837 847
4838 3541
4839 2782
4840 4093
4841 5144
4842 5144
4843 4093
4844 5144
4845 5144
4846 4432
4847 5136
4848 4620
4849 4367
4850 4620
4851 5119
4852 5137
4853 3541
4854 3111
4855 4367
4856 4744
4857 4966
4858 4677
4859 3541
4860 847
4861 3541
4862 4620
4863 4367
4864 3567
4865 3217
4866 1368
4867 3561
4868 3217
4869 3897
4870 3267
4871 3897
4872 2350
4873 3736
4874 3455
4875 3455
4876 2549
4877 441
4878 1573
4879 2829
4880 3271
4881 2558
4882 4577
4883 2073
4884 4724
4885 3144
4886 5013
4887 3429
4888 3477
4889 3160
4890 2983
4891 4035
4892 800
4893 2459
4894 4371
4895 4602
4896 4053
4897 3160
4898 898
4899 2073
4900 4423
4901 4022
4902 1667
4903 3131
4904 4371
4905 3129
4906 2122
4907 3146
4908 1304
4909 836
4910 2579
4911 3476
4912 2375
4913 1585
4914 3349
4915 4371
4916 800
4917 3152
4918 1054
4919 1054
4920 3160
4921 2148
4922 4094
4923 3129
4924 1519
4925 994
4926 733
4927 2547
4928 959
4929 3779
4930 2375
4931 1585
4932 1625
4933 759
4934 3955
4935 3366
4936 3366
4937 2410
4938 3606
4939 4873
4940 3090
4941 1625
4942 2518
4943 4998
4944 2842
4945 4080
4946 4995
4947 4080
4948 2546
4949 4991
4950 4998
4951 1225
4952 4743
4953 3144
4954 5011
4955 4423
4956 3144
4957 5011
4958 4039
4959 717
4960 4039
4961 3090
4962 3078
4963 1842
4964 4317
4965 4547
4966 3973
4967 3476
4968 1585
4969 800
4970 922
4971 3182
4972 1888
4973 2785
4974 2499
4975 4327
4976 4743
4977 4998
4978 225
4979 567
4980 4091
4981 4993
4982 5003
4983 5003
4984 651
4985 5002
4986 3570
4987 4371
4988 2017
4989 897
4990 890
4991 3586
4992 2761
4993 2171
4994 4296
4995 4995
4996 4080
4997 3432
4998 4998
4999 3828
5000 1585
5001 4082
5002 2669
5003 3932
5004 1270
5005 3518
5006 3846
5007 1279
5008 1087
5009 3665
5010 1876
5011 1095
5012 4842
5013 4884
5014 3560
5015 141
5016 4038
5017 1403
5018 357
5019 4104
5020 4897
5021 4604
5022 1625
5023 2546
5024 1258
5025 2956
5026 2195
5027 1950
5028 2499
5029 4383
5030 3449
5031 3779
5032 2761
5033 2470
5034 4146
5035 1414
5036 4192
5037 4074
5038 4192
5039 4984
5040 1991
5041 4875
5042 3685
5043 2606
5044 2411
5045 3171
5046 2853
5047 3936
5048 4549
5049 971
5050 4079
5051 4157
5052 3719
5053 4822
5054 2168
5055 1368
5056 3791
5057 4961
5058 5169
5059 4152
5060 3267
5061 4998
5062 3144
5063 4974
5064 4590
5065 2966
5066 3975
5067 4846
5068 4022
5069 193
5070 2476
5071 2392
5072 2399
5073 5076
5074 711
5075 1373
5076 714
5077 2120
5078 581
5079 527
5080 1667
5081 3010
5082 2193
5083 3629
5084 3367
5085 373
5086 3511
5087 4439
5088 3002
5089 1654
5090 1376
5091 479
5092 456
5093 4445
5094 4574
5095 4574
5096 3491
5097 1060
5098 4574
5099 4574
5100 3491
5101 4574
5102 4574
5103 4574
5104 4574
5105 3491
5106 4574
5107 1964
5108 1964
5109 3483
5110 413
5111 4934
5112 1188
5113 1642
5114 3373
5115 376
5116 3425
5117 1479
5118 532
5119 2392
5120 4414
5121 558
5122 257
5123 2617
5124 418
5125 3095
5126 993
5127 1610
5128 3361
5129 4582
5130 1641
5131 2859
5132 599
5133 1161
5134 2137
5135 278
5136 3731
5137 1683
5138 849
5139 481
5140 505
5141 382
5142 2708
5143 938
5144 3312
5145 3235
5146 4856
5147 4842
5148 225
5149 1889
5150 1623
5151 2835
5152 3787
5153 256
5154 4672
5155 660
5156 2551
5157 2905
5158 2552
5159 2905
5160 2905
5161 455
5162 581
5163 1887
5164 714
5165 2577
5166 2492
5167 4399
5168 4201
5169 4288
5170 4454
5171 1642
5172 3753
5173 4619
5174 315
5175 4201
5176 849
5177 4867
5178 4742
5179 4334
5180 959
5181 3181
5182 4974
5183 2026
5184 4122
5185 4558
5186 2193
5187 4376
5188 1667
5189 2561
5190 4354
5191 3975
5192 3367
5193 126
5194 4093
5195 4093
5196 5144
5197 5144
5198 4093
5199 4093
