0 4373
1 3310
2 4874
3 3435
4 4848
5 4874
6 3116
7 3096
8 3576
9 3576
10 5086
11 3647
12 2072
13 2072
14 5127
15 2154
16 4548
17 4684
18 4926
19 4925
20 4908
21 4901
22 2818
23 3685
24 1782
25 3196
26 4868
27 4262
28 4924
29 4654
30 4690
31 2408
32 5041
33 4702
34 5041
35 4372
36 2818
37 4937
38 4443
39 4925
40 4925
41 4923
42 4923
43 3933
44 3232
45 4869
46 1698
47 4718
48 4634
49 4231
50 4451
51 4617
52 3116
53 1698
54 4873
55 4091
56 3685
57 3943
58 4178
59 2818
60 4515
61 1488
62 5200
63 3588
64 1108
65 4534
66 4270
67 2408
68 2818
69 5019
70 4436
71 5127
72 4491
73 4125
74 3102
75 4086
76 5124
77 4875
78 4582
79 1126
80 4899
81 4875
82 3310
83 4125
84 3130
85 3367
86 4415
87 4906
88 4270
89 4906
90 4900
91 4901
92 4707
93 2652
94 4372
95 2652
96 4908
97 4366
98 4178
99 4415
100 4515
101 3417
102 1684
103 4428
104 1108
105 4906
106 3121
107 974
108 4906
109 4913
110 3572
111 3310
112 3639
113 4929
114 4415
115 5042
116 3588
117 4608
118 4702
119 4898
120 4702
121 5124
122 3116
123 4723
124 1698
125 4857
126 2403
127 4634
128 3843
129 3647
130 2541
131 1737
132 2125
133 1549
134 1737
135 1381
136 3240
137 2283
138 1353
139 4451
140 4702
141 1126
142 2408
143 5125
144 4436
145 3102
146 5124
147 3367
148 3501
149 2652
150 3588
151 3144
152 4125
153 4720
154 5124
155 4863
156 4258
157 4702
158 1488
159 5160
160 4702
161 5041
162 4912
163 2001
164 3588
165 4510
166 4888
167 4888
168 1488
169 3121
170 1108
171 1673
172 5047
173 3310
174 3310
175 4874
176 1989
177 1325
178 5124
179 1488
180 4898
181 5041
182 4258
183 4874
184 4491
185 3367
186 4460
187 4600
188 4600
189 4634
190 4600
191 71
192 2283
193 3647
194 1353
195 1618
196 1353
197 1999
198 3637
199 3206
200 1380
201 685
202 1314
203 545
204 1
205 2533
206 2170
207 2180
208 1950
209 1611
210 1381
211 3356
212 4718
213 2247
214 2296
215 3096
216 4574
217 2283
218 1611
219 3559
220 4931
221 2652
222 4888
223 4928
224 4035
225 4889
226 4720
227 4873
228 4857
229 3121
230 3096
231 4460
232 4718
233 4873
234 4091
235 4366
236 1126
237 3685
238 5019
239 4723
240 4460
241 4255
242 4702
243 4258
244 4904
245 4889
246 3096
247 3096
248 3096
249 3576
250 4718
251 1316
252 1353
253 4413
254 1108
255 3232
256 4460
257 4718
258 4857
259 2869
260 1981
261 4460
262 2943
263 5201
264 4510
265 3840
266 3840
267 4460
268 4913
269 4718
270 2954
271 4505
272 3996
273 3194
274 4206
275 4850
276 4718
277 4258
278 5047
279 4436
280 3310
281 4877
282 4718
283 4534
284 3232
285 4898
286 3096
287 4403
288 3096
289 3096
290 4574
291 1316
292 4491
293 5070
294 4600
295 2283
296 4413
297 2847
298 1108
299 4386
300 4608
301 4534
302 4726
303 2403
304 2403
305 1989
306 3116
307 1698
308 2943
309 2868
310 4718
311 4399
312 4901
313 4873
314 1989
315 4634
316 4561
317 4413
318 974
319 4898
320 2408
321 5019
322 5019
323 4548
324 4852
325 4893
326 4086
327 1443
328 1443
329 1684
330 3996
331 4125
332 4600
333 3539
334 4617
335 4413
336 1856
337 4857
338 2403
339 4600
340 4561
341 3602
342 3367
343 4091
344 3116
345 4857
346 4857
347 2520
348 4926
349 3996
350 4930
351 3575
352 4856
353 4206
354 4662
355 4154
356 4255
357 4873
358 1353
359 4262
360 2408
361 4372
362 4270
363 4929
364 4574
365 2428
366 4258
367 4888
368 3145
369 4617
370 4231
371 4857
372 4857
373 1316
374 3121
375 5200
376 2698
377 2869
378 1994
379 1328
380 1976
381 694
382 785
383 3368
384 545
385 1314
386 324
387 1314
388 561
389 2905
390 746
391 4468
392 3661
393 4468
394 3971
395 4365
396 688
397 4248
398 4606
399 4638
400 4466
401 4315
402 2430
403 575
404 646
405 641
406 1239
407 1699
408 4515
409 3310
410 3310
411 4874
412 1353
413 4912
414 3647
415 2283
416 2283
417 1610
418 1815
419 2723
420 1160
421 1911
422 3834
423 3834
424 1401
425 2120
426 2698
427 4035
428 3096
429 4206
430 4460
431 4617
432 1443
433 3144
434 4534
435 4035
436 1981
437 3096
438 3761
439 1488
440 4904
441 1316
442 2818
443 3572
444 2868
445 2652
446 3647
447 4907
448 4741
449 4561
450 1908
451 3559
452 1353
453 4885
454 5115
455 4372
456 4937
457 2869
458 1353
459 4898
460 4913
461 5180
462 4574
463 4905
464 5200
465 4937
466 4889
467 4850
468 3044
469 2698
470 1737
471 3044
472 1549
473 2072
474 805
475 1948
476 1549
477 1353
478 1819
479 4312
480 4243
481 4741
482 3657
483 3353
484 2787
485 3418
486 2869
487 1353
488 1618
489 3240
490 1737
491 4413
492 3647
493 3394
494 3720
495 3044
496 1611
497 3900
498 3779
499 4174
500 26
501 1
502 1880
503 368
504 4239
505 4251
506 1124
507 4239
508 444
509 4009
510 747
511 1729
512 661
513 648
514 45
515 2819
516 3868
517 2054
518 3516
519 3642
520 3739
521 4272
522 1879
523 1879
524 1893
525 1701
526 4099
527 1797
528 3346
529 3346
530 2512
531 2312
532 1606
533 1429
534 4687
535 4199
536 4026
537 1597
538 3394
539 3044
540 2908
541 3044
542 1632
543 1999
544 1967
545 3206
546 1950
547 1950
548 1618
549 3900
550 2698
551 4024
552 2835
553 1361
554 1518
555 1160
556 3627
557 3047
558 2275
559 3834
560 4024
561 2853
562 2417
563 1950
564 2723
565 2835
566 2835
567 2275
568 1361
569 3482
570 1522
571 1549
572 3394
573 2275
574 2908
575 2247
576 1614
577 2787
578 1687
579 4042
580 2496
581 1996
582 1160
583 1911
584 3047
585 962
586 316
587 3834
588 962
589 226
590 1614
591 3681
592 2849
593 4717
594 3379
595 5113
596 4322
597 2987
598 2987
599 3474
600 1738
601 2839
602 3554
603 1238
604 4200
605 3022
606 3633
607 1417
608 2311
609 2726
610 2309
611 1572
612 3802
613 3756
614 3980
615 3154
616 1859
617 2462
618 2885
619 2911
620 2447
621 2375
622 2942
623 3775
624 2136
625 2513
626 3014
627 2717
628 3030
629 3014
630 3241
631 4349
632 2339
633 4101
634 4394
635 4645
636 4037
637 2219
638 2849
639 4500
640 4136
641 4101
642 3925
643 4037
644 5112
645 4279
646 4362
647 4279
648 2559
649 1382
650 2176
651 4107
652 2926
653 3216
654 2451
655 1238
656 2517
657 2878
658 2867
659 3318
660 2766
661 3398
662 3308
663 2637
664 3215
665 4414
666 1653
667 1859
668 2163
669 2298
670 1509
671 2559
672 3554
673 1238
674 4305
675 2867
676 1572
677 3233
678 2163
679 1509
680 2391
681 1203
682 3385
683 1757
684 1687
685 2031
686 2210
687 3834
688 2142
689 962
690 1401
691 2637
692 3633
693 3844
694 1664
695 3609
696 4441
697 4194
698 1825
699 1492
700 2725
701 1549
702 3617
703 4152
704 1537
705 2615
706 1845
707 2163
708 5151
709 2308
710 3385
711 2953
712 2953
713 668
714 4279
715 3985
716 3726
717 4322
718 3545
719 3878
720 3925
721 2559
722 4527
723 2867
724 3554
725 3149
726 3756
727 2625
728 3107
729 3942
730 2696
731 4230
732 5151
733 1513
734 2163
735 2163
736 2242
737 4362
738 5113
739 4717
740 3149
741 3162
742 2501
743 4394
744 4362
745 2995
746 5113
747 4247
748 2730
749 3925
750 4628
751 1210
752 330
753 3627
754 1401
755 4188
756 2033
757 4024
758 3207
759 3207
760 2142
761 1
762 1314
763 1
764 1880
765 3070
766 1880
767 56
768 2176
769 1401
770 1950
771 3834
772 962
773 2210
774 2292
775 3308
776 3308
777 3643
778 2142
779 545
780 545
781 2275
782 2559
783 2730
784 1485
785 3213
786 2163
787 3609
788 1690
789 3554
790 3726
791 3545
792 5114
793 3878
794 2995
795 4500
796 3925
797 330
798 2684
799 1267
800 1687
801 5113
802 1561
803 2730
804 1513
805 1911
806 2496
807 2533
808 2188
809 1968
810 2853
811 4322
812 1914
813 3939
814 2176
815 2242
816 4651
817 1421
818 608
819 703
820 1835
821 4362
822 1832
823 3268
824 3268
825 3478
826 2230
827 3925
828 2188
829 2242
830 2290
831 4150
832 1203
833 3209
834 2188
835 3482
836 582
837 1132
838 3275
839 1170
840 5065
841 1382
842 4659
843 1914
844 3643
845 785
846 2142
847 1687
848 3804
849 1401
850 3627
851 2637
852 2383
853 2726
854 685
855 643
856 2958
857 2994
858 3308
859 3149
860 2559
861 2437
862 2170
863 785
864 962
865 5157
866 897
867 4305
868 2163
869 2163
870 2163
871 1859
872 3643
873 2730
874 3149
875 3492
876 1251
877 3574
878 785
879 1948
880 1785
881 3164
882 2782
883 2163
884 2188
885 3696
886 1948
887 12
888 843
889 2613
890 3614
891 3311
892 2616
893 12
894 1712
895 954
896 746
897 26
898 1401
899 682
900 2188
901 1641
902 63
903 703
904 688
905 2534
906 3925
907 4659
908 2615
909 3942
910 3209
911 1333
912 3643
913 1832
914 1676
915 2797
916 3719
917 1413
918 1859
919 3308
920 2615
921 267
922 1712
923 3597
924 1314
925 1314
926 3334
927 2210
928 2210
929 668
930 2806
931 2949
932 2949
933 4251
934 3993
935 324
936 694
937 2437
938 1119
939 3727
940 1536
941 324
942 2949
943 2616
944 3856
945 1421
946 791
947 3986
948 478
949 1257
950 670
951 385
952 4949
953 3710
954 4275
955 5202
956 4447
957 4950
958 3895
959 2085
960 5040
961 1639
962 4483
963 2849
964 2695
965 3209
966 3775
967 4106
968 1333
969 3643
970 1968
971 1643
972 2730
973 4213
974 1226
975 1787
976 3114
977 2621
978 2623
979 3799
980 3241
981 2447
982 2139
983 1980
984 1226
985 2688
986 2620
987 1423
988 2136
989 1787
990 2211
991 1101
992 2495
993 969
994 2495
995 2356
996 1315
997 1923
998 3924
999 1484
1000 1276
1001 2257
1002 3884
1003 3211
1004 5001
1005 2788
1006 2642
1007 2224
1008 2016
1009 2873
1010 2224
1011 1392
1012 1218
1013 4158
1014 2713
1015 4285
1016 3813
1017 3324
1018 969
1019 2688
1020 2199
1021 4088
1022 2621
1023 2621
1024 2374
1025 2623
1026 3242
1027 2623
1028 2316
1029 3217
1030 2447
1031 3969
1032 3239
1033 2316
1034 941
1035 1787
1036 988
1037 1755
1038 3641
1039 2543
1040 3439
1041 3378
1042 2146
1043 1312
1044 3648
1045 3014
1046 2522
1047 3641
1048 1251
1049 1676
1050 26
1051 2354
1052 703
1053 2621
1054 2889
1055 3378
1056 2211
1057 2571
1058 946
1059 3312
1060 1579
1061 946
1062 1697
1063 1923
1064 970
1065 1586
1066 3355
1067 1624
1068 1474
1069 3355
1070 1368
1071 4955
1072 1337
1073 3485
1074 4962
1075 3915
1076 1484
1077 1631
1078 2053
1079 3546
1080 2272
1081 2782
1082 1832
1083 26
1084 2308
1085 1132
1086 2429
1087 1538
1088 2051
1089 2145
1090 873
1091 2151
1092 1426
1093 2356
1094 3719
1095 6
1096 52
1097 2889
1098 1572
1099 3308
1100 2163
1101 1620
1102 2268
1103 2212
1104 2672
1105 2163
1106 4152
1107 3305
1108 2534
1109 3643
1110 1859
1111 1561
1112 2867
1113 3554
1114 2269
1115 2637
1116 4145
1117 582
1118 26
1119 1489
1120 2185
1121 785
1122 358
1123 1948
1124 3275
1125 2276
1126 2136
1127 2130
1128 2620
1129 2211
1130 4018
1131 962
1132 1251
1133 2188
1134 1579
1135 2338
1136 4018
1137 4150
1138 4138
1139 2107
1140 545
1141 785
1142 1522
1143 1787
1144 956
1145 4479
1146 969
1147 1980
1148 1784
1149 3239
1150 2211
1151 3820
1152 2136
1153 3828
1154 4133
1155 2462
1156 2242
1157 2211
1158 2623
1159 1
1160 2136
1161 2898
1162 2942
1163 2859
1164 2885
1165 2163
1166 3305
1167 4414
1168 3643
1169 1968
1170 4305
1171 5063
1172 3969
1173 2571
1174 3689
1175 2211
1176 922
1177 2136
1178 2163
1179 873
1180 970
1181 1816
1182 2193
1183 939
1184 2211
1185 2620
1186 1398
1187 3582
1188 1694
1189 2058
1190 2224
1191 1248
1192 869
1193 3485
1194 1796
1195 3748
1196 1449
1197 2442
1198 2794
1199 2812
1200 2666
1201 970
1202 4046
1203 4046
1204 4624
1205 4064
1206 3693
1207 4116
1208 1134
1209 1135
1210 1130
1211 1651
1212 3074
1213 1861
1214 1609
1215 1135
1216 1135
1217 2906
1218 1135
1219 4164
1220 4099
1221 869
1222 4278
1223 1449
1224 3097
1225 3241
1226 1153
1227 2298
1228 3275
1229 2212
1230 1194
1231 1870
1232 3097
1233 1413
1234 3371
1235 2188
1236 4278
1237 3381
1238 1591
1239 4018
1240 3097
1241 4138
1242 3696
1243 2578
1244 5063
1245 1968
1246 2058
1247 1398
1248 1870
1249 946
1250 18
1251 3820
1252 2316
1253 2720
1254 3014
1255 1552
1256 3858
1257 3217
1258 1934
1259 3924
1260 3245
1261 2434
1262 1376
1263 3109
1264 1870
1265 2621
1266 2338
1267 2788
1268 2749
1269 1899
1270 1398
1271 4158
1272 2447
1273 2959
1274 2903
1275 2623
1276 2561
1277 3924
1278 2193
1279 3470
1280 703
1281 1934
1282 899
1283 2434
1284 2434
1285 3122
1286 2909
1287 2215
1288 1912
1289 4018
1290 1557
1291 2435
1292 1784
1293 4138
1294 957
1295 1558
1296 1597
1297 2338
1298 1934
1299 2917
1300 4187
1301 1489
1302 867
1303 1676
1304 1597
1305 3858
1306 4111
1307 1570
1308 2623
1309 2437
1310 3828
1311 3727
1312 2682
1313 3696
1314 1923
1315 1426
1316 2859
1317 1509
1318 2242
1319 4150
1320 1568
1321 2620
1322 2211
1323 1368
1324 3915
1325 1106
1326 2276
1327 3775
1328 2600
1329 4007
1330 1120
1331 1905
1332 4187
1333 1368
1334 2401
1335 5063
1336 1402
1337 1775
1338 1421
1339 2215
1340 4150
1341 1785
1342 3828
1343 1934
1344 3195
1345 785
1346 3927
1347 1251
1348 2409
1349 1770
1350 668
1351 2435
1352 953
1353 2806
1354 52
1355 2522
1356 1624
1357 3544
1358 2391
1359 2338
1360 217
1361 3214
1362 501
1363 4071
1364 1072
1365 834
1366 501
1367 710
1368 765
1369 565
1370 2430
1371 701
1372 234
1373 2333
1374 527
1375 2708
1376 4176
1377 2772
1378 2597
1379 2030
1380 2772
1381 1610
1382 2682
1383 2653
1384 1465
1385 4150
1386 2600
1387 1934
1388 2621
1389 1676
1390 1990
1391 3109
1392 2398
1393 1784
1394 2917
1395 1153
1396 1430
1397 3378
1398 2873
1399 1248
1400 3122
1401 2136
1402 1376
1403 2949
1404 3070
1405 711
1406 324
1407 4449
1408 2673
1409 854
1410 711
1411 3558
1412 1373
1413 1124
1414 3886
1415 2133
1416 1552
1417 1643
1418 957
1419 3169
1420 4018
1421 4239
1422 4009
1423 2673
1424 2478
1425 2175
1426 4009
1427 2409
1428 2487
1429 1560
1430 2909
1431 3074
1432 1933
1433 2161
1434 2434
1435 2909
1436 2060
1437 3504
1438 1586
1439 3094
1440 2994
1441 2569
1442 2621
1443 2398
1444 2914
1445 2241
1446 3122
1447 505
1448 2788
1449 2026
1450 3775
1451 1934
1452 3315
1453 3699
1454 4049
1455 1785
1456 1333
1457 2163
1458 1568
1459 1568
1460 1474
1461 3924
1462 3924
1463 1330
1464 1106
1465 1041
1466 2400
1467 3266
1468 1465
1469 1000
1470 1215
1471 1263
1472 4581
1473 2400
1474 2713
1475 3915
1476 2534
1477 3063
1478 1333
1479 2163
1480 1333
1481 3371
1482 1968
1483 2859
1484 2425
1485 2885
1486 2543
1487 1875
1488 2659
1489 2687
1490 1902
1491 1322
1492 3643
1493 3266
1494 4009
1495 746
1496 2845
1497 680
1498 4009
1499 3214
1500 4239
1501 205
1502 4448
1503 4381
1504 482
1505 886
1506 1060
1507 2588
1508 1748
1509 3211
1510 2191
1511 4009
1512 3696
1513 854
1514 701
1515 2346
1516 984
1517 2713
1518 1586
1519 3315
1520 2491
1521 4448
1522 4009
1523 1124
1524 635
1525 680
1526 4773
1527 945
1528 507
1529 743
1530 802
1531 3614
1532 236
1533 4538
1534 2612
1535 1201
1536 1729
1537 55
1538 2197
1539 1606
1540 4300
1541 2512
1542 3990
1543 2434
1544 2163
1545 3290
1546 2528
1547 1798
1548 2464
1549 14
1550 4009
1551 4448
1552 1373
1553 832
1554 480
1555 2372
1556 4587
1557 482
1558 238
1559 4763
1560 2163
1561 2850
1562 3756
1563 3651
1564 3802
1565 4009
1566 4239
1567 3538
1568 2673
1569 3828
1570 2447
1571 2349
1572 2889
1573 2400
1574 1490
1575 2211
1576 4587
1577 1729
1578 482
1579 717
1580 2209
1581 2882
1582 3074
1583 1051
1584 3858
1585 1480
1586 941
1587 2623
1588 3112
1589 3030
1590 680
1591 4773
1592 2107
1593 2133
1594 3766
1595 4587
1596 747
1597 2071
1598 988
1599 3658
1600 1330
1601 1330
1602 3924
1603 1476
1604 2104
1605 2899
1606 1217
1607 4014
1608 1124
1609 635
1610 311
1611 368
1612 4009
1613 3640
1614 3097
1615 1018
1616 653
1617 293
1618 886
1619 2673
1620 965
1621 1153
1622 2447
1623 1027
1624 2104
1625 1703
1626 505
1627 3214
1628 2806
1629 2806
1630 368
1631 2889
1632 746
1633 5062
1634 4772
1635 3775
1636 2620
1637 1027
1638 928
1639 1124
1640 1336
1641 2612
1642 3618
1643 3241
1644 1552
1645 2529
1646 1194
1647 1506
1648 937
1649 2909
1650 2162
1651 109
1652 4747
1653 4435
1654 1794
1655 4435
1656 4235
1657 4581
1658 3344
1659 1976
1660 2512
1661 1336
1662 2060
1663 211
1664 3192
1665 1841
1666 3266
1667 3241
1668 1376
1669 2026
1670 3538
1671 505
1672 2400
1673 1336
1674 2812
1675 4009
1676 91
1677 3538
1678 4009
1679 3965
1680 1606
1681 606
1682 2911
1683 1923
1684 946
1685 2205
1686 2084
1687 2825
1688 95
1689 1517
1690 4448
1691 1124
1692 1797
1693 1169
1694 3426
1695 3211
1696 2286
1697 1173
1698 1686
1699 54
1700 4015
1701 1173
1702 600
1703 2209
1704 2882
1705 417
1706 480
1707 1926
1708 417
1709 1041
1710 2105
1711 1398
1712 2104
1713 1923
1714 1056
1715 3030
1716 3241
1717 3276
1718 2420
1719 902
1720 3122
1721 1775
1722 957
1723 482
1724 1976
1725 2512
1726 1051
1727 2133
1728 2612
1729 293
1730 1926
1731 486
1732 611
1733 259
1734 1378
1735 1358
1736 189
1737 74
1738 799
1739 2477
1740 1319
1741 1334
1742 1297
1743 3701
1744 717
1745 2528
1746 4138
1747 464
1748 5062
1749 68
1750 407
1751 12
1752 895
1753 1267
1754 531
1755 3346
1756 2756
1757 3295
1758 1762
1759 2805
1760 1889
1761 2227
1762 4381
1763 489
1764 3084
1765 2141
1766 1976
1767 572
1768 1169
1769 1297
1770 1762
1771 1889
1772 1138
1773 1797
1774 2512
1775 717
1776 2131
1777 1173
1778 1173
1779 160
1780 1762
1781 1712
1782 1841
1783 2805
1784 941
1785 3266
1786 2286
1787 3989
1788 4014
1789 2805
1790 3294
1791 1748
1792 4099
1793 1138
1794 2512
1795 2544
1796 3266
1797 3533
1798 1153
1799 1762
1800 1762
1801 1762
1802 1436
1803 1591
1804 1725
1805 1138
1806 2805
1807 1565
1808 4099
1809 1148
1810 717
1811 4
1812 2312
1813 516
1814 417
1815 3858
1816 3673
1817 2620
1818 2015
1819 3858
1820 1452
1821 2802
1822 2512
1823 1355
1824 2227
1825 2512
1826 1153
1827 2409
1828 2620
1829 869
1830 3097
1831 4138
1832 311
1833 1132
1834 3426
1835 1173
1836 1748
1837 3245
1838 969
1839 2620
1840 978
1841 3346
1842 836
1843 1701
1844 2224
1845 2802
1846 1926
1847 1691
1848 2805
1849 1148
1850 1691
1851 2788
1852 4687
1853 2004
1854 4088
1855 1480
1856 1368
1857 586
1858 680
1859 523
1860 4587
1861 1703
1862 1926
1863 1249
1864 1018
1865 2604
1866 3266
1867 3344
1868 1797
1869 2068
1870 2588
1871 2252
1872 2914
1873 4187
1874 2981
1875 3192
1876 738
1877 743
1878 293
1879 3886
1880 1725
1881 2221
1882 2390
1883 873
1884 2107
1885 2873
1886 2071
1887 2338
1888 1490
1889 507
1890 2356
1891 2542
1892 3097
1893 886
1894 1926
1895 2588
1896 717
1897 2116
1898 1574
1899 433
1900 1708
1901 501
1902 3538
1903 4498
1904 3266
1905 1613
1906 1215
1907 282
1908 2271
1909 2107
1910 2318
1911 1560
1912 2909
1913 1410
1914 2568
1915 946
1916 2714
1917 2187
1918 2104
1919 2959
1920 4537
1921 501
1922 3965
1923 2788
1924 969
1925 2882
1926 945
1927 2401
1928 4212
1929 1797
1930 2349
1931 989
1932 931
1933 2464
1934 571
1935 2104
1936 3658
1937 2224
1938 1362
1939 3924
1940 1368
1941 1027
1942 4207
1943 854
1944 4207
1945 4308
1946 4315
1947 3087
1948 4537
1949 3511
1950 4199
1951 1490
1952 3346
1953 1334
1954 2372
1955 1923
1956 969
1957 3573
1958 3520
1959 2221
1960 2604
1961 1148
1962 4138
1963 1337
1964 1315
1965 2811
1966 2489
1967 2116
1968 1319
1969 54
1970 1410
1971 3954
1972 1952
1973 4236
1974 2512
1975 1691
1976 2398
1977 1297
1978 966
1979 2187
1980 1706
1981 2620
1982 1748
1983 2909
1984 1490
1985 1282
1986 1130
1987 1410
1988 3748
1989 2564
1990 2215
1991 4301
1992 4199
1993 2598
1994 3266
1995 2997
1996 2312
1997 433
1998 2819
1999 2364
2000 1597
2001 2110
2002 2215
2003 4199
2004 2512
2005 259
2006 2882
2007 4112
2008 1691
2009 2489
2010 1992
2011 3295
2012 1169
2013 26
2014 791
2015 4536
2016 3734
2017 1606
2018 945
2019 823
2020 1497
2021 2794
2022 1169
2023 1173
2024 1762
2025 3924
2026 3155
2027 713
2028 3097
2029 3316
2030 1054
2031 1574
2032 1652
2033 3892
2034 2398
2035 1490
2036 1568
2037 2193
2038 2312
2039 2882
2040 1595
2041 1215
2042 375
2043 785
2044 3924
2045 1624
2046 939
2047 4520
2048 725
2049 4165
2050 1829
2051 823
2052 717
2053 2802
2054 1337
2055 1138
2056 1138
2057 3924
2058 233
2059 1130
2060 3192
2061 2321
2062 1959
2063 3281
2064 1606
2065 4278
2066 1889
2067 2613
2068 749
2069 4435
2070 109
2071 1282
2072 282
2073 186
2074 1173
2075 4687
2076 4301
2077 3520
2078 1691
2079 4501
2080 3701
2081 1132
2082 1606
2083 182
2084 1917
2085 4587
2086 1263
2087 4501
2088 1169
2089 2805
2090 796
2091 1565
2092 1514
2093 3868
2094 3508
2095 417
2096 501
2097 160
2098 1490
2099 2805
2100 3701
2101 3701
2102 158
2103 4482
2104 1395
2105 1056
2106 1926
2107 2570
2108 1299
2109 957
2110 1148
2111 4575
2112 2464
2113 5182
2114 1606
2115 3325
2116 3748
2117 4260
2118 2303
2119 5039
2120 4061
2121 1548
2122 1154
2123 2968
2124 3842
2125 587
2126 4786
2127 4833
2128 971
2129 4831
2130 3807
2131 2412
2132 2971
2133 2284
2134 4938
2135 2662
2136 2122
2137 4520
2138 1577
2139 4635
2140 2117
2141 3677
2142 1565
2143 1282
2144 1410
2145 1769
2146 1624
2147 4116
2148 1574
2149 2909
2150 4138
2151 3842
2152 5107
2153 2956
2154 2641
2155 3820
2156 1231
2157 1017
2158 282
2159 1834
2160 1935
2161 4435
2162 4435
2163 2192
2164 1779
2165 3810
2166 138
2167 3311
2168 2398
2169 2956
2170 4786
2171 2303
2172 3807
2173 4307
2174 1494
2175 545
2176 2080
2177 2140
2178 1138
2179 1000
2180 1303
2181 2599
2182 415
2183 1639
2184 4938
2185 4273
2186 3978
2187 951
2188 882
2189 4099
2190 2363
2191 3230
2192 463
2193 1210
2194 3353
2195 478
2196 2941
2197 1140
2198 1602
2199 2072
2200 4307
2201 5108
2202 722
2203 3419
2204 727
2205 3000
2206 2842
2207 4099
2208 4099
2209 3383
2210 3568
2211 3481
2212 4226
2213 3229
2214 3713
2215 3997
2216 5058
2217 2580
2218 2347
2219 415
2220 1639
2221 2028
2222 2282
2223 4056
2224 4077
2225 2466
2226 3424
2227 4295
2228 4525
2229 4833
2230 3826
2231 3273
2232 2865
2233 3960
2234 4585
2235 2886
2236 4791
2237 3377
2238 3453
2239 2935
2240 4788
2241 3668
2242 3936
2243 4340
2244 3904
2245 4454
2246 3709
2247 4627
2248 4295
2249 2516
2250 722
2251 3842
2252 1712
2253 1622
2254 5103
2255 3788
2256 2041
2257 4374
2258 4833
2259 4779
2260 4825
2261 5191
2262 971
2263 3387
2264 5040
2265 2044
2266 1334
2267 704
2268 706
2269 1055
2270 781
2271 579
2272 3678
2273 2998
2274 4571
2275 3382
2276 2860
2277 524
2278 2860
2279 1897
2280 3476
2281 4585
2282 4664
2283 2577
2284 2968
2285 5058
2286 5169
2287 4056
2288 3391
2289 1761
2290 4226
2291 2518
2292 2187
2293 2380
2294 1207
2295 2604
2296 2380
2297 3875
2298 3057
2299 1931
2300 3506
2301 4994
2302 4046
2303 4993
2304 4295
2305 1303
2306 1132
2307 2972
2308 4273
2309 4835
2310 3807
2311 3444
2312 5108
2313 4475
2314 3230
2315 3724
2316 1000
2317 2191
2318 1211
2319 836
2320 2699
2321 2802
2322 3776
2323 3783
2324 1080
2325 366
2326 708
2327 4470
2328 1691
2329 1055
2330 4501
2331 1567
2332 3562
2333 2998
2334 2998
2335 12
2336 1959
2337 2678
2338 3283
2339 4307
2340 995
2341 3283
2342 670
2343 5202
2344 481
2345 524
2346 2563
2347 2604
2348 5005
2349 4986
2350 1371
2351 3972
2352 2788
2353 891
2354 1019
2355 197
2356 1565
2357 3866
2358 2281
2359 4155
2360 2971
2361 1195
2362 418
2363 4352
2364 3230
2365 1423
2366 3722
2367 1581
2368 204
2369 2909
2370 3230
2371 374
2372 3562
2373 1337
2374 3691
2375 661
2376 1168
2377 3722
2378 3383
2379 3407
2380 3142
2381 3481
2382 4217
2383 3282
2384 1389
2385 3142
2386 1503
2387 4302
2388 4302
2389 4407
2390 4383
2391 4788
2392 4407
2393 4218
2394 3282
2395 1349
2396 2998
2397 1675
2398 691
2399 626
2400 3476
2401 4226
2402 385
2403 4155
2404 397
2405 624
2406 1148
2407 3005
2408 4301
2409 4199
2410 1889
2411 3691
2412 4064
2413 2542
2414 4064
2415 2094
2416 2532
2417 2508
2418 1675
2419 704
2420 3203
2421 4137
2422 2477
2423 468
2424 1261
2425 4501
2426 4064
2427 4950
2428 3338
2429 4786
2430 3112
2431 3962
2432 4199
2433 4661
2434 203
2435 160
2436 3282
2437 3142
2438 3407
2439 3146
2440 4571
2441 4217
2442 1701
2443 1145
2444 2140
2445 3866
2446 4002
2447 4038
2448 1301
2449 1301
2450 385
2451 650
2452 910
2453 3895
2454 2971
2455 2412
2456 397
2457 3505
2458 418
2459 987
2460 1145
2461 4569
2462 690
2463 2461
2464 491
2465 544
2466 4473
2467 421
2468 1992
2469 385
2470 1591
2471 1282
2472 1173
2473 4619
2474 2025
2475 560
2476 418
2477 4064
2478 722
2479 1145
2480 397
2481 4447
2482 421
2483 1514
2484 1583
2485 3112
2486 4290
2487 1675
2488 36
2489 4165
2490 802
2491 3936
2492 3505
2493 4657
2494 1051
2495 691
2496 3230
2497 419
2498 1130
2499 1935
2500 1236
2501 4501
2502 4501
2503 4501
2504 4982
2505 2167
2506 1933
2507 4199
2508 392
2509 4625
2510 4165
2511 4501
2512 2906
2513 2563
2514 2599
2515 2412
2516 3903
2517 2852
2518 1599
2519 420
2520 2998
2521 691
2522 476
2523 3005
2524 2380
2525 3776
2526 4419
2527 4650
2528 406
2529 2044
2530 2044
2531 4571
2532 5055
2533 1829
2534 2805
2535 2187
2536 2200
2537 2266
2538 2266
2539 3728
2540 4352
2541 4134
2542 54
2543 1138
2544 1762
2545 164
2546 4046
2547 1399
2548 4465
2549 2759
2550 4412
2551 3903
2552 4530
2553 4643
2554 5202
2555 906
2556 4128
2557 2895
2558 3111
2559 4606
2560 4482
2561 4365
2562 4369
2563 4619
2564 4238
2565 4473
2566 385
2567 2209
2568 172
2569 4010
2570 4585
2571 3694
2572 4319
2573 1935
2574 4472
2575 3614
2576 1032
2577 1692
2578 3867
2579 3868
2580 2506
2581 3066
2582 1349
2583 4218
2584 3750
2585 476
2586 3903
2587 4470
2588 1138
2589 4501
2590 1135
2591 4982
2592 5000
2593 3111
2594 4525
2595 1093
2596 3408
2597 3605
2598 4165
2599 5013
2600 688
2601 2046
2602 3230
2603 1145
2604 2384
2605 1242
2606 1273
2607 4624
2608 2221
2609 1591
2610 2266
2611 2563
2612 5057
2613 3040
2614 326
2615 1055
2616 1539
2617 392
2618 476
2619 2500
2620 4498
2621 3800
2622 2548
2623 3903
2624 366
2625 834
2626 2650
2627 457
2628 690
2629 852
2630 781
2631 3066
2632 1349
2633 3066
2634 1565
2635 424
2636 590
2637 4993
2638 5005
2639 1429
2640 2896
2641 1606
2642 3177
2643 2865
2644 4791
2645 4302
2646 3040
2647 4252
2648 2049
2649 670
2650 4164
2651 2394
2652 335
2653 696
2654 111
2655 1675
2656 4585
2657 3709
2658 5058
2659 4164
2660 4026
2661 1807
2662 4099
2663 1341
2664 5000
2665 1597
2666 1341
2667 1597
2668 3520
2669 720
2670 4348
2671 3946
2672 4475
2673 3687
2674 1490
2675 3184
2676 3177
2677 579
2678 1410
2679 560
2680 1195
2681 4429
2682 1468
2683 111
2684 1696
2685 379
2686 19
2687 5
2688 1625
2689 10
2690 592
2691 149
2692 2819
2693 600
2694 2093
2695 648
2696 4392
2697 2680
2698 781
2699 3146
2700 2631
2701 1839
2702 560
2703 335
2704 3211
2705 2324
2706 3870
2707 814
2708 998
2709 1080
2710 4164
2711 1134
2712 4164
2713 3520
2714 5002
2715 1514
2716 1291
2717 1297
2718 1261
2719 1550
2720 1217
2721 4082
2722 1905
2723 4138
2724 1900
2725 1798
2726 1798
2727 1798
2728 2800
2729 4481
2730 3505
2731 729
2732 3868
2733 3750
2734 1829
2735 670
2736 385
2737 544
2738 385
2739 4348
2740 3789
2741 2080
2742 604
2743 4468
2744 1410
2745 1702
2746 1762
2747 478
2748 670
2749 590
2750 4348
2751 4447
2752 5020
2753 4419
2754 997
2755 29
2756 1358
2757 4164
2758 4226
2759 1282
2760 2581
2761 2462
2762 4099
2763 1677
2764 997
2765 3382
2766 3203
2767 2049
2768 93
2769 1150
2770 2093
2771 3184
2772 1130
2773 477
2774 2630
2775 3614
2776 3087
2777 4792
2778 2096
2779 1510
2780 1130
2781 823
2782 611
2783 486
2784 1625
2785 727
2786 601
2787 4766
2788 641
2789 5202
2790 3142
2791 2699
2792 823
2793 186
2794 272
2795 570
2796 4999
2797 4026
2798 3687
2799 1597
2800 978
2801 1371
2802 1423
2803 1861
2804 2607
2805 1812
2806 4228
2807 1624
2808 1494
2809 3485
2810 3691
2811 3687
2812 2506
2813 1892
2814 144
2815 800
2816 648
2817 124
2818 203
2819 45
2820 1696
2821 4791
2822 3407
2823 3282
2824 3282
2825 4648
2826 5060
2827 3983
2828 3230
2829 4429
2830 1893
2831 4485
2832 4485
2833 2399
2834 2400
2835 3074
2836 3202
2837 2110
2838 1503
2839 3870
2840 823
2841 1829
2842 498
2843 2266
2844 5001
2845 2128
2846 1070
2847 3338
2848 3366
2849 1317
2850 1152
2851 1337
2852 3567
2853 3686
2854 4235
2855 4047
2856 2266
2857 1701
2858 3451
2859 1425
2860 989
2861 2788
2862 5004
2863 1399
2864 1360
2865 2706
2866 4955
2867 1337
2868 1591
2869 3322
2870 3322
2871 3686
2872 1001
2873 2826
2874 2266
2875 989
2876 2187
2877 5049
2878 1241
2879 4955
2880 5049
2881 1158
2882 5049
2883 2177
2884 2104
2885 983
2886 3924
2887 1923
2888 3688
2889 2799
2890 1595
2891 1597
2892 1595
2893 3132
2894 5055
2895 910
2896 611
2897 1130
2898 560
2899 1931
2900 2906
2901 1798
2902 1176
2903 1042
2904 1429
2905 5005
2906 4307
2907 1597
2908 4687
2909 3701
2910 1138
2911 1853
2912 1853
2913 1135
2914 4233
2915 1136
2916 3596
2917 2815
2918 1528
2919 4624
2920 2035
2921 1591
2922 3097
2923 3959
2924 3724
2925 1624
2926 2368
2927 1494
2928 3858
2929 3485
2930 1624
2931 2749
2932 3635
2933 4359
2934 4955
2935 3686
2936 3904
2937 3895
2938 1803
2939 5039
2940 3868
2941 2805
2942 3508
2943 3077
2944 704
2945 3605
2946 1341
2947 3879
2948 3724
2949 2315
2950 2815
2951 3441
2952 1429
2953 4984
2954 5000
2955 2345
2956 3642
2957 835
2958 1301
2959 2805
2960 478
2961 1242
2962 1242
2963 2794
2964 1889
2965 3693
2966 457
2967 498
2968 799
2969 799
2970 1797
2971 4164
2972 1134
2973 1399
2974 4525
2975 406
2976 4647
2977 67
2978 1231
2979 144
2980 1282
2981 430
2982 1581
2983 4164
2984 334
2985 2018
2986 4420
2987 4999
2988 1510
2989 3678
2990 1138
2991 1591
2992 1501
2993 3577
2994 3458
2995 189
2996 1412
2997 2094
2998 4210
2999 1569
3000 2889
3001 3595
3002 4099
3003 2241
3004 881
3005 3042
3006 2799
3007 2976
3008 3635
3009 1172
3010 3831
3011 4026
3012 2399
3013 1789
3014 4624
3015 1337
3016 4968
3017 1337
3018 2398
3019 2895
3020 2563
3021 1206
3022 2703
3023 1236
3024 923
3025 3061
3026 3614
3027 3958
3028 3710
3029 1206
3030 5058
3031 4116
3032 4438
3033 4010
3034 4950
3035 420
3036 781
3037 498
3038 4056
3039 301
3040 1798
3041 421
3042 2046
3043 478
3044 1558
3045 1042
3046 1591
3047 3686
3048 2815
3049 2126
3050 2895
3051 282
3052 1206
3053 4501
3054 4585
3055 1602
3056 2984
3057 2023
3058 3387
3059 457
3060 890
3061 4447
3062 3867
3063 3946
3064 1933
3065 1933
3066 3977
3067 3444
3068 1011
3069 3701
3070 3867
3071 3946
3072 3946
3073 3544
3074 3200
3075 4181
3076 1578
3077 2604
3078 2788
3079 1231
3080 222
3081 4539
3082 2399
3083 1889
3084 1297
3085 144
3086 3895
3087 3895
3088 1904
3089 4395
3090 2177
3091 2938
3092 1861
3093 1093
3094 2768
3095 517
3096 4585
3097 2900
3098 3439
3099 1257
3100 2549
3101 3907
3102 1148
3103 4187
3104 1337
3105 1036
3106 648
3107 381
3108 3288
3109 579
3110 476
3111 302
3112 3635
3113 1631
3114 589
3115 3978
3116 4567
3117 646
3118 4468
3119 4485
3120 2884
3121 4485
3122 4485
3123 4485
3124 3866
3125 2288
3126 4646
3127 4447
3128 5108
3129 544
3130 4395
3131 799
3132 1933
3133 3595
3134 5202
3135 5020
3136 4134
3137 4002
3138 4099
3139 3211
3140 3701
3141 2400
3142 1135
3143 4447
3144 1241
3145 1941
3146 3915
3147 1624
3148 1789
3149 1172
3150 4938
3151 2935
3152 5189
3153 5170
3154 4480
3155 3391
3156 1240
3157 1297
3158 4002
3159 1261
3160 2338
3161 3595
3162 2400
3163 2400
3164 1651
3165 1905
3166 456
3167 4447
3168 501
3169 522
3170 2054
3171 222
3172 2302
3173 1917
3174 3505
3175 3879
3176 1185
3177 3924
3178 1923
3179 3544
3180 3567
3181 1063
3182 2071
3183 4116
3184 2054
3185 3295
3186 1138
3187 1297
3188 1399
3189 4138
3190 1351
3191 418
3192 2303
3193 524
3194 3222
3195 4392
3196 3826
3197 836
3198 570
3199 791
3200 24
3201 1121
3202 4323
3203 457
3204 1762
3205 5191
3206 4342
3207 1997
3208 3958
3209 2971
3210 4968
3211 2177
3212 1172
3213 3316
3214 2420
3215 1841
3216 1043
3217 3924
3218 3178
3219 2697
3220 2714
3221 2068
3222 2873
3223 2211
3224 2812
3225 2529
3226 3171
3227 2642
3228 3989
3229 2529
3230 3169
3231 1336
3232 881
3233 1603
3234 3544
3235 38
3236 3346
3237 2971
3238 3796
3239 1140
3240 1457
3241 4374
3242 3842
3243 4092
3244 4374
3245 560
3246 5039
3247 2282
3248 1917
3249 135
3250 2116
3251 1248
3252 2870
3253 3989
3254 2255
3255 1322
3256 2255
3257 1512
3258 3242
3259 2642
3260 2138
3261 2191
3262 1429
3263 4
3264 3701
3265 2462
3266 3346
3267 2221
3268 2435
3269 4836
3270 1510
3271 2971
3272 3391
3273 3094
3274 1595
3275 1334
3276 169
3277 179
3278 3807
3279 2956
3280 1706
3281 648
3282 3387
3283 1548
3284 4056
3285 3263
3286 2574
3287 587
3288 2546
3289 4207
3290 3958
3291 197
3292 1447
3293 1303
3294 4520
3295 3544
3296 2452
3297 1479
3298 2546
3299 2148
3300 2148
3301 2185
3302 3103
3303 946
3304 1398
3305 3924
3306 3820
3307 3454
3308 4356
3309 1743
3310 4093
3311 3326
3312 4833
3313 4260
3314 1241
3315 2412
3316 4388
3317 3453
3318 1599
3319 1503
3320 844
3321 2886
3322 928
3323 2240
3324 3087
3325 3735
3326 1462
3327 1019
3328 844
3329 3377
3330 4833
3331 2284
3332 4323
3333 4625
3334 1152
3335 1689
3336 2563
3337 3701
3338 4099
3339 2820
3340 1297
3341 1498
3342 2935
3343 2191
3344 3739
3345 1432
3346 4263
3347 3094
3348 2887
3349 4833
3350 4792
3351 3709
3352 4375
3353 2198
3354 3486
3355 2581
3356 916
3357 911
3358 2642
3359 2349
3360 1912
3361 2146
3362 1650
3363 3989
3364 3242
3365 2518
3366 2268
3367 2420
3368 928
3369 1398
3370 2571
3371 2799
3372 1595
3373 3177
3374 611
3375 1651
3376 1263
3377 1935
3378 2284
3379 3842
3380 4056
3381 2714
3382 1624
3383 3508
3384 1070
3385 1490
3386 1240
3387 1386
3388 3694
3389 5169
3390 5058
3391 1503
3392 4792
3393 2295
3394 2903
3395 4531
3396 3567
3397 4074
3398 3977
3399 3739
3400 1995
3401 3453
3402 3800
3403 2574
3404 4375
3405 2747
3406 135
3407 1593
3408 2406
3409 1661
3410 3511
3411 3661
3412 4429
3413 2495
3414 4199
3415 727
3416 1624
3417 3635
3418 4375
3419 3222
3420 2935
3421 1503
3422 2151
3423 3924
3424 1923
3425 2286
3426 2298
3427 1579
3428 1388
3429 3211
3430 998
3431 823
3432 890
3433 1332
3434 2191
3435 2506
3436 1297
3437 1538
3438 1942
3439 2962
3440 998
3441 541
3442 2377
3443 2192
3444 1121
3445 2714
3446 881
3447 1998
3448 4466
3449 1975
3450 3514
3451 3202
3452 2185
3453 1430
3454 1196
3455 2211
3456 2568
3457 3242
3458 3068
3459 2305
3460 2677
3461 3736
3462 4285
3463 2255
3464 135
3465 3719
3466 2205
3467 3188
3468 1388
3469 2348
3470 2348
3471 3989
3472 2138
3473 1162
3474 2873
3475 2211
3476 2211
3477 2873
3478 1051
3479 1806
3480 4539
3481 2361
3482 993
3483 1595
3484 1595
3485 3924
3486 2368
3487 916
3488 4955
3489 1241
3490 2620
3491 2873
3492 3406
3493 969
3494 2809
3495 3989
3496 1388
3497 1923
3498 2068
3499 978
3500 4520
3501 2400
3502 1297
3503 3230
3504 2657
3505 1388
3506 4646
3507 1934
3508 67
3509 68
3510 2117
3511 970
3512 1498
3513 2138
3514 2118
3515 2224
3516 2529
3517 1153
3518 2809
3519 2962
3520 1413
3521 1135
3522 2884
3523 3601
3524 3087
3525 3810
3526 1904
3527 1158
3528 2141
3529 4435
3530 1091
3531 983
3532 3378
3533 2016
3534 1992
3535 1336
3536 2118
3537 1041
3538 997
3539 1521
3540 4235
3541 2706
3542 1879
3543 1860
3544 3989
3545 1006
3546 2374
3547 1388
3548 2399
3549 1631
3550 3919
3551 1490
3552 1923
3553 2386
3554 2116
3555 1248
3556 2701
3557 2434
3558 4494
3559 1029
3560 1526
3561 3134
3562 2093
3563 1319
3564 2714
3565 832
3566 2475
3567 135
3568 1904
3569 2518
3570 2191
3571 890
3572 3970
3573 570
3574 832
3575 2400
3576 1912
3577 3048
3578 2812
3579 2793
3580 993
3581 2215
3582 832
3583 2799
3584 291
3585 3739
3586 2338
3587 219
3588 3399
3589 1841
3590 3093
3591 4481
3592 3970
3593 224
3594 1625
3595 1231
3596 233
3597 139
3598 861
3599 1625
3600 1319
3601 2812
3602 3030
3603 3030
3604 4285
3605 3248
3606 1640
3607 2130
3608 1541
3609 4033
3610 3149
3611 3165
3612 2637
3613 2663
3614 4659
3615 4394
3616 2339
3617 3878
3618 4659
3619 3714
3620 4441
3621 1405
3622 3681
3623 3545
3624 3161
3625 3248
3626 3248
3627 3068
3628 3567
3629 2365
3630 4150
3631 3719
3632 3791
3633 3719
3634 1536
3635 2276
3636 2276
3637 2980
3638 1509
3639 2330
3640 1754
3641 1653
3642 3181
3643 1968
3644 4150
3645 3290
3646 1333
3647 1968
3648 3719
3649 1119
3650 1541
3651 1286
3652 2137
3653 4285
3654 3161
3655 3719
3656 2276
3657 3209
3658 2803
3659 3103
3660 2406
3661 1208
3662 1754
3663 2169
3664 3110
3665 1859
3666 2169
3667 2169
3668 4337
3669 1885
3670 3757
3671 3103
3672 2425
3673 1643
3674 1885
3675 1882
3676 1440
3677 68
3678 4319
3679 1032
3680 3924
3681 916
3682 159
3683 3169
3684 2255
3685 3030
3686 1993
3687 1678
3688 1678
3689 1993
3690 1678
3691 2021
3692 2255
3693 3068
3694 2365
3695 3068
3696 2324
3697 10
3698 665
3699 3103
3700 2399
3701 3324
3702 3813
3703 3464
3704 2323
3705 1693
3706 1297
3707 3048
3708 2812
3709 3014
3710 1125
3711 946
3712 1371
3713 3719
3714 2994
3715 3389
3716 2205
3717 3094
3718 3202
3719 916
3720 835
3721 3642
3722 3103
3723 1509
3724 2994
3725 1243
3726 1750
3727 2398
3728 3035
3729 1879
3730 2399
3731 2151
3732 2677
3733 2406
3734 4047
3735 4138
3736 1829
3737 856
3738 3663
3739 977
3740 542
3741 2255
3742 2976
3743 1749
3744 1678
3745 3014
3746 1894
3747 2130
3748 3610
3749 2462
3750 2462
3751 1119
3752 3324
3753 1506
3754 580
3755 38
3756 407
3757 453
3758 2151
3759 1993
3760 1504
3761 4109
3762 2323
3763 3464
3764 2368
3765 2724
3766 1624
3767 1568
3768 916
3769 3544
3770 2749
3771 3598
3772 2276
3773 2677
3774 1541
3775 3696
3776 1609
3777 2884
3778 1286
3779 1286
3780 2462
3781 969
3782 648
3783 649
3784 486
3785 1480
3786 1585
3787 3610
3788 3324
3789 2897
3790 2897
3791 2130
3792 1538
3793 4093
3794 407
3795 1925
3796 144
3797 4099
3798 2211
3799 3739
3800 3642
3801 434
3802 3464
3803 3806
3804 2911
3805 3243
3806 1861
3807 2215
3808 4187
3809 937
3810 727
3811 3211
3812 1879
3813 573
3814 10
3815 2432
3816 2276
3817 1585
3818 2371
3819 132
3820 2425
3821 4659
3822 2242
3823 1905
3824 1864
3825 3266
3826 2635
3827 1351
3828 1644
3829 3971
3830 3707
3831 1870
3832 1041
3833 2298
3834 2200
3835 3679
3836 4472
3837 3641
3838 3641
3839 3242
3840 1479
3841 1241
3842 2135
3843 2318
3844 1917
3845 2318
3846 983
3847 2185
3848 2399
3849 3266
3850 181
3851 1968
3852 3110
3853 1859
3854 3110
3855 1859
3856 2838
3857 4337
3858 1859
3859 3181
3860 2014
3861 1367
3862 3063
3863 2804
3864 3696
3865 2276
3866 1286
3867 1541
3868 3103
3869 1968
3870 3926
3871 1653
3872 4150
3873 2406
3874 3063
3875 1119
3876 1585
3877 3529
3878 2677
3879 2250
3880 3184
3881 1541
3882 2677
3883 1487
3884 3598
3885 2425
3886 1536
3887 1367
3888 1135
3889 1828
3890 3266
3891 727
3892 219
3893 144
3894 2477
3895 4099
3896 1678
3897 1322
3898 3673
3899 3042
3900 765
3901 4470
3902 2544
3903 4018
3904 2911
3905 964
3906 1497
3907 350
3908 1912
3909 2884
3910 1585
3911 3324
3912 2135
3913 1398
3914 5
3915 293
3916 1538
3917 2434
3918 1226
3919 436
3920 414
3921 4466
3922 1734
3923 3739
3924 1925
3925 1640
3926 3806
3927 2137
3928 3564
3929 2686
3930 727
3931 4293
3932 3710
3933 1440
3934 482
3935 836
3936 24
3937 751
3938 1132
3939 4659
3940 2276
3941 1526
3942 3242
3943 4187
3944 3161
3945 1593
3946 1968
3947 2224
3948 4150
3949 1778
3950 4377
3951 3405
3952 655
3953 1203
3954 1286
3955 2452
3956 1476
3957 882
3958 4521
3959 741
3960 301
3961 1303
3962 2400
3963 1506
3964 836
3965 3169
3966 1504
3967 2546
3968 3704
3969 2191
3970 2349
3971 3332
3972 1885
3973 3341
3974 1990
3975 3094
3976 1568
3977 3567
3978 751
3979 2406
3980 743
3981 2406
3982 2298
3983 3599
3984 3165
3985 2804
3986 1968
3987 2632
3988 3336
3989 1482
3990 727
3991 741
3992 832
3993 4767
3994 390
3995 4763
3996 1524
3997 3688
3998 125
3999 2629
4000 2999
4001 2772
4002 3437
4003 798
4004 2350
4005 3087
4006 1239
4007 520
4008 1231
4009 3097
4010 1644
4011 2677
4012 1660
4013 4136
4014 4659
4015 2993
4016 4394
4017 3821
4018 1885
4019 3268
4020 2919
4021 1832
4022 3268
4023 2311
4024 4145
4025 1561
4026 1653
4027 3733
4028 3733
4029 2501
4030 2928
4031 2065
4032 2615
4033 3110
4034 3670
4035 3110
4036 2778
4037 2778
4038 2311
4039 3942
4040 4559
4041 3527
4042 3609
4043 5122
4044 1660
4045 2828
4046 2849
4047 1690
4048 3045
4049 3797
4050 2065
4051 4073
4052 2625
4053 3617
4054 2534
4055 2838
4056 4402
4057 3670
4058 3398
4059 1333
4060 4310
4061 4402
4062 3154
4063 1859
4064 1885
4065 648
4066 2255
4067 1923
4068 1625
4069 3464
4070 3287
4071 2399
4072 3785
4073 2309
4074 1690
4075 2269
4076 1268
4077 3714
4078 3527
4079 4230
4080 2838
4081 1885
4082 1236
4083 4319
4084 3378
4085 1336
4086 648
4087 4305
4088 3165
4089 3574
4090 3398
4091 2839
4092 2931
4093 3939
4094 5065
4095 2339
4096 3681
4097 2849
4098 3172
4099 3445
4100 1624
4101 1337
4102 4071
4103 3610
4104 2735
4105 807
4106 1226
4107 3696
4108 2994
4109 2406
4110 3398
4111 2878
4112 1653
4113 5109
4114 4503
4115 3305
4116 2849
4117 4659
4118 3545
4119 3714
4120 3609
4121 4284
4122 2993
4123 1653
4124 1480
4125 751
4126 3275
4127 3266
4128 5
4129 1251
4130 2688
4131 504
4132 1243
4133 2211
4134 1148
4135 2434
4136 1625
4137 1423
4138 2068
4139 3714
4140 5065
4141 2117
4142 1498
4143 3915
4144 3169
4145 969
4146 1785
4147 3094
4148 4594
4149 2434
4150 200
4151 442
4152 3378
4153 3853
4154 2368
4155 2185
4156 2255
4157 333
4158 2632
4159 1367
4160 2904
4161 2437
4162 881
4163 2374
4164 2068
4165 2211
4166 2255
4167 1624
4168 3114
4169 1678
4170 3464
4171 1678
4172 1322
4173 2962
4174 546
4175 1351
4176 3915
4177 3094
4178 1476
4179 2135
4180 4033
4181 2276
4182 3598
4183 3030
4184 1398
4185 2356
4186 601
4187 710
4188 1636
4189 3691
4190 2480
4191 3378
4192 969
4193 3765
4194 2219
4195 2993
4196 22
4197 2148
4198 1388
4199 1603
4200 3030
4201 3101
4202 898
4203 1983
4204 891
4205 3681
4206 2697
4207 3567
4208 2546
4209 765
4210 3663
4211 2323
4212 3242
4213 2568
4214 3686
4215 3114
4216 2434
4217 2651
4218 668
4219 916
4220 970
4221 3789
4222 3736
4223 4109
4224 2432
4225 1742
4226 4069
4227 1526
4228 601
4229 2452
4230 1203
4231 2406
4232 1585
4233 2889
4234 2371
4235 1512
4236 3648
4237 4764
4238 641
4239 3806
4240 2919
4241 2870
4242 1787
4243 135
4244 1506
4245 24
4246 3888
4247 3610
4248 3324
4249 1243
4250 3101
4251 3464
4252 3736
4253 3579
4254 3172
4255 3486
4256 2211
4257 3989
4258 3486
4259 3735
4260 1538
4261 3736
4262 1367
4263 2348
4264 2873
4265 2568
4266 3161
4267 2323
4268 2495
4269 1541
4270 2993
4271 2993
4272 2849
4273 4445
4274 1870
4275 3030
4276 3669
4277 2425
4278 2425
4279 2425
4280 1509
4281 4659
4282 1536
4283 3545
4284 1119
4285 2100
4286 2185
4287 3648
4288 2172
4289 1541
4290 4318
4291 3415
4292 603
4293 948
4294 4780
4295 1132
4296 3521
4297 2550
4298 291
4299 1707
4300 3900
4301 1353
4302 3843
4303 4148
4304 2991
4305 3761
4306 4474
4307 4741
4308 4413
4309 4329
4310 1153
4311 3598
4312 3598
4313 1239
4314 1367
4315 1649
4316 4606
4317 2251
4318 2349
4319 2068
4320 291
4321 2994
4322 3103
4323 5065
4324 1841
4325 1388
4326 3545
4327 3527
4328 1859
4329 3181
4330 3757
4331 4150
4332 2430
4333 2993
4334 2849
4335 3681
4336 2219
4337 2276
4338 5065
4339 2406
4340 2462
4341 1653
4342 4274
4343 2437
4344 2406
4345 1577
4346 2411
4347 827
4348 565
4349 943
4350 174
4351 943
4352 575
4353 4763
4354 3614
4355 2397
4356 24
4357 472
4358 23
4359 150
4360 2550
4361 2922
4362 2550
4363 3898
4364 143
4365 3021
4366 4389
4367 3470
4368 565
4369 3117
4370 4377
4371 4467
4372 176
4373 243
4374 575
4375 677
4376 1115
4377 2430
4378 3942
4379 4467
4380 260
4381 1032
4382 276
4383 3714
4384 1841
4385 1303
4386 3103
4387 3804
4388 2366
4389 2926
4390 1268
4391 2309
4392 2945
4393 1878
4394 1333
4395 3944
4396 22
4397 234
4398 5122
4399 264
4400 1277
4401 2333
4402 3940
4403 2919
4404 3160
4405 2963
4406 15
4407 739
4408 3018
4409 170
4410 1447
4411 1666
4412 3838
4413 3192
4414 2367
4415 15
4416 15
4417 2922
4418 914
4419 1190
4420 3786
4421 2999
4422 2558
4423 943
4424 4774
4425 143
4426 2963
4427 2100
4428 4594
4429 558
4430 2928
4431 4230
4432 2878
4433 2280
4434 4073
4435 3302
4436 2780
4437 3025
4438 3634
4439 3633
4440 2280
4441 3268
4442 135
4443 150
4444 2615
4445 3633
4446 2243
4447 1788
4448 2856
4449 485
4450 887
4451 1547
4452 4389
4453 4308
4454 1666
4455 291
4456 1253
4457 2614
4458 3087
4459 787
4460 2683
4461 2683
4462 4329
4463 574
4464 3839
4465 671
4466 558
4467 1846
4468 170
4469 3758
4470 3839
4471 1788
4472 170
4473 3385
4474 618
4475 643
4476 1216
4477 3623
4478 143
4479 715
4480 3021
4481 287
4482 1795
4483 2550
4484 3021
4485 2869
4486 2520
4487 2805
4488 4561
4489 4287
4490 3949
4491 1590
4492 4857
4493 4403
4494 4460
4495 4617
4496 3435
4497 1698
4498 1698
4499 4848
4500 4720
4501 4491
4502 4897
4503 3572
4504 4548
4505 3933
4506 1488
4507 4702
4508 4905
4509 5112
4510 3588
4511 4701
4512 1840
4513 4712
4514 3432
4515 4937
4516 4484
4517 3685
4518 3685
4519 4923
4520 4937
4521 4861
4522 574
4523 3623
4524 4119
4525 4413
4526 2403
4527 2119
4528 2869
4529 4413
4530 2922
4531 287
4532 3625
4533 1216
4534 667
4535 287
4536 887
4537 2350
4538 715
4539 667
4540 2772
4541 1384
4542 2541
4543 3625
4544 3433
4545 3772
4546 1814
4547 2325
4548 1967
4549 1960
4550 1445
4551 4558
4552 3843
4553 1940
4554 2428
4555 679
4556 2189
4557 3128
4558 1190
4559 3772
4560 2550
4561 2772
4562 2550
4563 679
4564 2805
4565 443
4566 2243
4567 3021
4568 4413
4569 2283
4570 2403
4571 3758
4572 2978
4573 2999
4574 2243
4575 3128
4576 3507
4577 3502
4578 1285
4579 3433
4580 3843
4581 1445
4582 1384
4583 3843
4584 1353
4585 2393
4586 2325
4587 2179
4588 4474
4589 2954
4590 3539
4591 2954
4592 2785
4593 4925
4594 4436
4595 3996
4596 1630
4597 2154
4598 3333
4599 4861
4600 4861
4601 2818
4602 4888
4603 4924
4604 3572
4605 3572
4606 3572
4607 3417
4608 1820
4609 3148
4610 3194
4611 3130
4612 3840
4613 2179
4614 4231
4615 3720
4616 1981
4617 2208
4618 4925
4619 3647
4620 3128
4621 4077
4622 2403
4623 3720
4624 2189
4625 1190
4626 3625
4627 620
4628 3128
4629 3141
4630 1164
4631 4833
4632 2841
4633 1353
4634 2355
4635 2991
4636 4017
4637 1190
4638 2403
4639 4558
4640 3949
4641 4409
4642 4556
4643 4474
4644 4658
4645 2772
4646 1698
4647 4354
4648 4718
4649 4718
4650 2922
4651 3258
4652 3685
4653 4258
4654 4895
4655 3585
4656 4905
4657 4701
4658 4904
4659 4929
4660 1488
4661 3432
4662 5200
4663 3968
4664 1840
4665 4105
4666 4925
4667 4086
4668 4262
4669 4399
4670 3968
4671 4923
4672 4893
4673 5127
4674 3639
4675 3008
4676 3576
4677 2550
4678 3660
4679 2652
4680 4450
4681 3494
4682 3432
4683 3145
4684 4450
4685 2154
4686 3576
4687 1384
4688 4905
4689 4399
4690 3432
4691 4718
4692 4718
4693 798
4694 2294
4695 4415
4696 3196
4697 3432
4698 1382
4699 4712
4700 1108
4701 3189
4702 2999
4703 2294
4704 2999
4705 4898
4706 4701
4707 3145
4708 4292
4709 4561
4710 4376
4711 4898
4712 2772
4713 2283
4714 2283
4715 2283
4716 4861
4717 4192
4718 4904
4719 4701
4720 4930
4721 4852
4722 3572
4723 4135
4724 4926
4725 5125
4726 4413
4727 2841
4728 3996
4729 4904
4730 2943
4731 4431
4732 3044
4733 4690
4734 5200
4735 3494
4736 4937
4737 4701
4738 4277
4739 3757
4740 4413
4741 3432
4742 4403
4743 4857
4744 3660
4745 4337
4746 4590
4747 3600
4748 3435
4749 4292
4750 1511
4751 2943
4752 4907
4753 2355
4754 3933
4755 4937
4756 4135
4757 4718
4758 4474
4759 4654
4760 4899
4761 4561
4762 4354
4763 3307
4764 3685
4765 2462
4766 3307
4767 3044
4768 3685
4769 4105
4770 4897
4771 5124
4772 4617
4773 2169
4774 3600
4775 4035
4776 1164
4777 2425
4778 4035
4779 3128
4780 3128
4781 2991
4782 1684
4783 4909
4784 3996
4785 3148
4786 3307
4787 4848
4788 4135
4789 4707
4790 1431
4791 4925
4792 4135
4793 4548
4794 2818
4795 4857
4796 2294
4797 5160
4798 3432
4799 4905
4800 5112
4801 2954
4802 3435
4803 3432
4804 3602
4805 1183
4806 5125
4807 3148
4808 5124
4809 4105
4810 4860
4811 3639
4812 3051
4813 3432
4814 4867
4815 4873
4816 4311
4817 4474
4818 2943
4819 2652
4820 4373
4821 5160
4822 2597
4823 3148
4824 3676
4825 4491
4826 4909
4827 3647
4828 4558
4829 2283
4830 3639
4831 4861
4832 5125
4833 4924
4834 3575
4835 1443
4836 3933
4837 4889
4838 4889
4839 4895
4840 4857
4841 1272
4842 3685
4843 2652
4844 4135
4845 4925
4846 4548
4847 2818
4848 4907
4849 2869
4850 3194
4851 4091
4852 4376
4853 3310
4854 4286
4855 3108
4856 1989
4857 1316
4858 3757
4859 4617
4860 4690
4861 4415
4862 4258
4863 4399
4864 4372
4865 4929
4866 4262
4867 4707
4868 4930
4869 4354
4870 2954
4871 4450
4872 4923
4873 4372
4874 4926
4875 3148
4876 3038
4877 4599
4878 3307
4879 4277
4880 2179
4881 3141
4882 5019
4883 1698
4884 4857
4885 3572
4886 4905
4887 4895
4888 1443
4889 2154
4890 4926
4891 4262
4892 4929
4893 4262
4894 2818
4895 4617
4896 4718
4897 4422
4898 5042
4899 5019
4900 2283
4901 2213
4902 4607
4903 2818
4904 3943
4905 4922
4906 5115
4907 1488
4908 3145
4909 3145
4910 4867
4911 4035
4912 4856
4913 4860
4914 3102
4915 4857
4916 3141
4917 4091
4918 4856
4919 2690
4920 4474
4921 2274
4922 4707
4923 4867
4924 4474
4925 4926
4926 2154
4927 1325
4928 4376
4929 4930
4930 3685
4931 4091
4932 4618
4933 3955
4934 3038
4935 3310
4936 1318
4937 4350
4938 4091
4939 3051
4940 3571
4941 3943
4942 4035
4943 3620
4944 4860
4945 4897
4946 4373
4947 4897
4948 5044
4949 3417
4950 4262
4951 4893
4952 1443
4953 3685
4954 4929
4955 4925
4956 1443
4957 2154
4958 4924
4959 3955
4960 4618
4961 4924
4962 4926
4963 3585
4964 2954
4965 2001
4966 4900
4967 2001
4968 2710
4969 4874
4970 4608
4971 4900
4972 4722
4973 4608
4974 5044
4975 5044
4976 4898
4977 4885
4978 4372
4979 5044
4980 4868
4981 4889
4982 2330
4983 2291
4984 2839
4985 4037
4986 5065
4987 3926
4988 3149
4989 3063
4990 5114
4991 5113
4992 3545
4993 2534
4994 1572
4995 2781
4996 2963
4997 3154
4998 5112
4999 3726
5000 5112
5001 3756
5002 2311
5003 2311
5004 3804
5005 3492
5006 3149
5007 3420
5008 3980
5009 4152
5010 3063
5011 2169
5012 3670
5013 2311
5014 5114
5015 3154
5016 1238
5017 4527
5018 2725
5019 4145
5020 3154
5021 3032
5022 2993
5023 4279
5024 4247
5025 4402
5026 3802
5027 1859
5028 4247
5029 5066
5030 4037
5031 2451
5032 2696
5033 3980
5034 4441
5035 3216
5036 4145
5037 3617
5038 5114
5039 2949
5040 2354
5041 1314
5042 2210
5043 3368
5044 4130
5045 3627
5046 2142
5047 155
5048 1880
5049 1880
5050 56
5051 2354
5052 52
5053 3439
5054 52
5055 118
5056 545
5057 2995
5058 3928
5059 3694
5060 2580
5061 4264
5062 2709
5063 3396
5064 2086
5065 4993
5066 2566
5067 1905
5068 4170
5069 4661
5070 1341
5071 1597
5072 4272
5073 5000
5074 3595
5075 2269
5076 1688
5077 3942
5078 4659
5079 1643
5080 1885
5081 4402
5082 2626
5083 2726
5084 3609
5085 3379
5086 2663
5087 2365
5088 3268
5089 1367
5090 3110
5091 3164
5092 3305
5093 3164
5094 3110
5095 1859
5096 3110
5097 3164
5098 2242
5099 3519
5100 3110
5101 1961
5102 2472
5103 4612
5104 3844
5105 2849
5106 4202
5107 1990
5108 3110
5109 3305
5110 4503
5111 2559
5112 4559
5113 3670
5114 1333
5115 3063
5116 3791
5117 176
5118 523
5119 523
5120 482
5121 832
5122 24
5123 832
5124 98
5125 945
5126 4780
5127 4162
5128 759
5129 3212
5130 4701
5131 2943
5132 1488
5133 1382
5134 4848
5135 3968
5136 4905
5137 2674
5138 4125
5139 2652
5140 3494
5141 4875
5142 1382
5143 4701
5144 2370
5145 3588
5146 3432
5147 1488
5148 3432
5149 3044
5150 1643
5151 1369
5152 1859
5153 3804
5154 4097
5155 3724
5156 3659
5157 1597
5158 1297
5159 2436
5160 3884
5161 1597
5162 5002
5163 4990
5164 1070
5165 3451
5166 1817
5167 5004
5168 2532
5169 3725
5170 4257
5171 4614
5172 2906
5173 3596
5174 2018
5175 1232
5176 2128
5177 4257
5178 5002
5179 1817
5180 2964
5181 4993
5182 3550
5183 4257
5184 2407
5185 2896
5186 2266
5187 3884
5188 2962
5189 1811
5190 3465
5191 2788
5192 4025
5193 1284
5194 1129
5195 2121
5196 1752
5197 3290
5198 4460
5199 3130
