0 561
1 755
2 4995
3 752
4 841
5 841
6 1013
7 967
8 819
9 877
10 767
11 750
12 967
13 878
14 755
15 877
16 875
17 4117
18 5019
19 753
20 4117
21 4117
22 4222
23 766
24 5019
25 852
26 1014
27 752
28 875
29 875
30 4117
31 875
32 4124
33 4958
34 767
35 4357
36 4117
37 5019
38 4407
39 4396
40 960
41 785
42 2408
43 875
44 875
45 4117
46 819
47 819
48 4117
49 3568
50 877
51 5019
52 4329
53 5019
54 4396
55 4949
56 4409
57 4965
58 3131
59 3392
60 3474
61 3402
62 3528
63 3403
64 3622
65 3623
66 3937
67 3623
68 3482
69 2553
70 2359
71 2553
72 2197
73 2197
74 2366
75 2364
76 819
77 877
78 875
79 875
80 875
81 4117
82 4280
83 967
84 819
85 4117
86 4119
87 4357
88 767
89 3562
90 5019
91 1016
92 4409
93 4402
94 4965
95 4453
96 886
97 905
98 2964
99 3359
100 5051
101 1285
102 1285
103 2911
104 3656
105 3656
106 3829
107 3124
108 3124
109 2795
110 2795
111 2718
112 495
113 495
114 3398
115 2789
116 3458
117 2978
118 492
119 494
120 2919
121 3442
122 1767
123 3100
124 3534
125 3004
126 3534
127 3274
128 3734
129 2775
130 3522
131 3004
132 3733
133 3522
134 2739
135 3439
136 3016
137 3157
138 3847
139 3157
140 3393
141 3392
142 3393
143 3516
144 3402
145 2992
146 3911
147 3622
148 2992
149 2988
150 3403
151 2989
152 2989
153 3168
154 4071
155 3403
156 3404
157 3404
158 3168
159 3908
160 3243
161 3243
162 2361
163 2408
164 3155
165 2357
166 2197
167 2363
168 2605
169 2370
170 2600
171 2852
172 2365
173 2364
174 2367
175 3090
176 2660
177 4117
178 4117
179 3990
180 3969
181 4118
182 4210
183 958
184 679
185 4086
186 742
187 4063
188 4454
189 1027
190 744
191 2815
192 2668
193 3766
194 3359
195 1285
196 2911
197 2911
198 3288
199 3250
200 3250
201 2939
202 3131
203 494
204 3100
205 3242
206 3345
207 3522
208 2799
209 2775
210 2739
211 3378
212 3158
213 3402
214 3911
215 3918
216 2988
217 3937
218 3164
219 3201
220 3862
221 3482
222 3243
223 3935
224 380
225 2990
226 3130
227 3154
228 2289
229 2618
230 2357
231 2497
232 3155
233 2660
234 2798
235 2852
236 2604
237 2221
238 2358
239 2367
240 2365
241 2432
242 4006
243 3969
244 967
245 819
246 4958
247 875
248 4994
249 752
250 3571
251 4117
252 3571
253 4207
254 715
255 714
256 3970
257 742
258 3970
259 960
260 4065
261 4452
262 4081
263 960
264 4343
265 4065
266 802
267 904
268 2815
269 2858
270 5177
271 5177
272 2816
273 3125
274 3656
275 3288
276 2795
277 2718
278 3034
279 3768
280 2645
281 3345
282 2716
283 1765
284 3534
285 2799
286 3378
287 2739
288 2739
289 3879
290 3158
291 3847
292 3877
293 3095
294 2988
295 2151
296 4071
297 4157
298 3909
299 3909
300 2990
301 2990
302 3363
303 3411
304 3130
305 3154
306 3130
307 2289
308 2553
309 3291
310 2715
311 2715
312 2365
313 2366
314 2102
315 2364
316 3090
317 2463
318 2365
319 2447
320 2447
321 2463
322 2852
323 2265
324 2367
325 2633
326 2852
327 2852
328 4117
329 4117
330 4210
331 715
332 630
333 3968
334 4996
335 630
336 4409
337 4105
338 4409
339 3569
340 632
341 803
342 747
343 2925
344 3119
345 2968
346 3119
347 2513
348 2513
349 3359
350 3125
351 2667
352 3288
353 3250
354 495
355 2978
356 3473
357 2922
358 2874
359 3005
360 1795
361 1764
362 2855
363 2799
364 3522
365 2740
366 3847
367 3918
368 3877
369 2152
370 3201
371 4157
372 3243
373 3408
374 2990
375 3408
376 379
377 3409
378 379
379 3205
380 3244
381 2550
382 3336
383 3350
384 3203
385 2264
386 3206
387 2724
388 2364
389 2660
390 2364
391 2660
392 2094
393 3341
394 2852
395 2432
396 3341
397 2366
398 5043
399 2198
400 2516
401 3090
402 2633
403 2633
404 3571
405 3571
406 4117
407 4124
408 4351
409 4209
410 1014
411 1014
412 814
413 854
414 4993
415 741
416 5099
417 4208
418 712
419 4123
420 4957
421 742
422 4123
423 4957
424 4455
425 720
426 4451
427 4028
428 4028
429 904
430 747
431 1248
432 1434
433 1413
434 4132
435 1275
436 3674
437 1277
438 3773
439 1277
440 3140
441 3119
442 2925
443 2817
444 2567
445 3481
446 2670
447 3481
448 2567
449 2288
450 3120
451 3766
452 3359
453 2816
454 3288
455 3232
456 3250
457 2718
458 3768
459 3398
460 3768
461 3513
462 494
463 2940
464 2919
465 3734
466 2472
467 3693
468 2728
469 2728
470 3439
471 2461
472 3879
473 3918
474 3402
475 3877
476 4212
477 3909
478 4307
479 4307
480 4260
481 3301
482 3301
483 3363
484 3409
485 3409
486 2241
487 3208
488 3244
489 3205
490 2213
491 3350
492 3350
493 2594
494 2140
495 2235
496 2660
497 2158
498 2516
499 5043
500 5043
501 5048
502 2198
503 2633
504 3571
505 3969
506 4117
507 4207
508 750
509 736
510 3571
511 958
512 4408
513 3968
514 5100
515 604
516 4941
517 5077
518 718
519 4991
520 859
521 3747
522 2882
523 3011
524 1518
525 1856
526 2891
527 2672
528 2882
529 4294
530 3924
531 2863
532 3300
533 3235
534 3758
535 2286
536 2925
537 2925
538 5194
539 2757
540 3758
541 2567
542 4243
543 3766
544 3121
545 3829
546 3288
547 3250
548 2718
549 3475
550 3577
551 2065
552 2501
553 2692
554 3627
555 3274
556 3833
557 3439
558 3878
559 3095
560 3877
561 4182
562 4362
563 3035
564 4239
565 3873
566 3873
567 3459
568 379
569 3409
570 3410
571 3294
572 3535
573 2423
574 2241
575 3208
576 2161
577 3130
578 3350
579 3252
580 2197
581 2206
582 2715
583 2158
584 2366
585 5043
586 2516
587 2447
588 2633
589 3571
590 4124
591 4105
592 4208
593 958
594 5019
595 1013
596 922
597 967
598 561
599 958
600 686
601 4088
602 1163
603 559
604 5012
605 1230
606 4089
607 4459
608 1248
609 3994
610 4029
611 4991
612 5107
613 4029
614 1068
615 2672
616 4137
617 4137
618 1474
619 3379
620 1412
621 2893
622 2896
623 1856
624 2985
625 1413
626 3011
627 2487
628 2880
629 2284
630 2817
631 1520
632 5182
633 5183
634 1278
635 1990
636 4250
637 2621
638 2676
639 2667
640 3124
641 3830
642 3232
643 1772
644 494
645 2502
646 2796
647 3734
648 3627
649 3049
650 1764
651 2661
652 2461
653 2461
654 2455
655 2465
656 3877
657 3164
658 1693
659 1866
660 2942
661 5064
662 3066
663 3874
664 3410
665 3409
666 3410
667 3535
668 3127
669 3294
670 3295
671 3294
672 3295
673 3056
674 3056
675 2423
676 2241
677 3208
678 3205
679 3203
680 3252
681 2292
682 2102
683 2909
684 3240
685 2861
686 2743
687 2633
688 5100
689 3571
690 4115
691 3970
692 5099
693 1017
694 755
695 4114
696 4116
697 711
698 4116
699 4446
700 3991
701 5115
702 725
703 1157
704 4347
705 651
706 912
707 798
708 3748
709 1473
710 3666
711 2672
712 3379
713 1959
714 3747
715 3747
716 1584
717 2894
718 4126
719 2985
720 1857
721 1275
722 3235
723 2813
724 5194
725 2858
726 2858
727 3236
728 4640
729 4689
730 3440
731 4803
732 4638
733 4733
734 4674
735 4638
736 4243
737 4710
738 4692
739 4250
740 5177
741 2666
742 2667
743 2931
744 3250
745 3087
746 495
747 3333
748 3458
749 2919
750 2796
751 3049
752 3733
753 1593
754 3918
755 3831
756 2043
757 5127
758 2579
759 3863
760 4419
761 4307
762 3874
763 3874
764 3537
765 3363
766 3537
767 3483
768 3127
769 3093
770 3032
771 3295
772 3056
773 2241
774 3208
775 2169
776 3252
777 2132
778 2122
779 2235
780 2377
781 3253
782 5043
783 2519
784 2633
785 3968
786 4112
787 4207
788 3569
789 4945
790 4965
791 952
792 561
793 564
794 571
795 570
796 4108
797 570
798 4053
799 5012
800 3981
801 4028
802 650
803 855
804 801
805 5080
806 2973
807 1824
808 2893
809 1125
810 3501
811 1824
812 1824
813 3493
814 4137
815 3361
816 4137
817 1518
818 2980
819 2985
820 2984
821 2882
822 2957
823 2287
824 2880
825 2813
826 2956
827 2876
828 2817
829 4648
830 4648
831 4799
832 4648
833 1520
834 4774
835 4700
836 4638
837 4764
838 4639
839 4599
840 1990
841 4771
842 5133
843 4905
844 4905
845 3121
846 3121
847 3656
848 3124
849 4139
850 3232
851 2709
852 2074
853 2978
854 2711
855 3048
856 2563
857 2498
858 3864
859 3878
860 3910
861 3877
862 934
863 3886
864 5117
865 4308
866 4419
867 4155
868 4504
869 4315
870 4358
871 935
872 3259
873 3537
874 3363
875 3460
876 3460
877 3535
878 3294
879 3056
880 2423
881 2423
882 2328
883 3245
884 2100
885 2427
886 2212
887 3090
888 2516
889 2743
890 2633
891 4144
892 3568
893 4114
894 4088
895 1015
896 558
897 4454
898 4114
899 961
900 4089
901 1155
902 3981
903 798
904 694
905 4347
906 5080
907 888
908 3802
909 911
910 913
911 3723
912 1123
913 1814
914 1642
915 1858
916 3380
917 2891
918 1859
919 3500
920 2672
921 3894
922 4294
923 3079
924 3148
925 1292
926 4259
927 1759
928 2957
929 2955
930 3011
931 2956
932 5182
933 4648
934 5137
935 4530
936 4700
937 1990
938 4332
939 4846
940 4905
941 2288
942 4603
943 4525
944 4181
945 3123
946 2857
947 3288
948 2074
949 2919
950 3048
951 1795
952 3733
953 5126
954 3883
955 2461
956 3876
957 938
958 4433
959 976
960 1353
961 4625
962 3888
963 4625
964 3888
965 4479
966 3956
967 4575
968 4579
969 3259
970 947
971 4236
972 1178
973 3459
974 3459
975 3460
976 3483
977 3368
978 3357
979 3295
980 2241
981 3208
982 3245
983 2122
984 2118
985 2130
986 2132
987 2212
988 2158
989 2481
990 2516
991 2860
992 5045
993 4116
994 4453
995 4408
996 3968
997 4389
998 4103
999 4996
1000 4965
1001 558
1002 612
1003 959
1004 606
1005 571
1006 4078
1007 659
1008 4462
1009 3999
1010 801
1011 3800
1012 3814
1013 4050
1014 3938
1015 3724
1016 1533
1017 3545
1018 1123
1019 3767
1020 4090
1021 1504
1022 1268
1023 2013
1024 3388
1025 2894
1026 3172
1027 2322
1028 3493
1029 3361
1030 2766
1031 2957
1032 2671
1033 2284
1034 2286
1035 2827
1036 2826
1037 2827
1038 2827
1039 1276
1040 4672
1041 2969
1042 4641
1043 2340
1044 4774
1045 4531
1046 4733
1047 4741
1048 3440
1049 4792
1050 4233
1051 4603
1052 1507
1053 4539
1054 4525
1055 4859
1056 4859
1057 4859
1058 4813
1059 4859
1060 4813
1061 4875
1062 4139
1063 3102
1064 3017
1065 2939
1066 3527
1067 1769
1068 3458
1069 1594
1070 2027
1071 2042
1072 938
1073 4730
1074 4568
1075 4579
1076 4677
1077 4504
1078 4566
1079 4506
1080 4416
1081 4476
1082 4575
1083 4434
1084 4314
1085 3957
1086 1135
1087 1135
1088 1453
1089 3537
1090 1178
1091 2688
1092 3364
1093 3293
1094 3294
1095 3214
1096 3214
1097 3056
1098 3208
1099 3244
1100 3350
1101 2292
1102 2212
1103 2158
1104 3090
1105 2516
1106 5042
1107 5045
1108 4329
1109 4121
1110 5003
1111 562
1112 766
1113 555
1114 3967
1115 4089
1116 1160
1117 565
1118 4109
1119 1154
1120 4101
1121 729
1122 5071
1123 1189
1124 912
1125 912
1126 4070
1127 3938
1128 1303
1129 1303
1130 1654
1131 3907
1132 1814
1133 3749
1134 3443
1135 3724
1136 3676
1137 3105
1138 3172
1139 4128
1140 3388
1141 3379
1142 2767
1143 2980
1144 4132
1145 3148
1146 2671
1147 2812
1148 2671
1149 2824
1150 2282
1151 2821
1152 2825
1153 2826
1154 5171
1155 1951
1156 1276
1157 5137
1158 4641
1159 4649
1160 4640
1161 4694
1162 4710
1163 4674
1164 4846
1165 4603
1166 4250
1167 4807
1168 5160
1169 4525
1170 4659
1171 2666
1172 4813
1173 4181
1174 4870
1175 4870
1176 2857
1177 4702
1178 4670
1179 3123
1180 4863
1181 4893
1182 4913
1183 4822
1184 2939
1185 4909
1186 4829
1187 2074
1188 4829
1189 4881
1190 4881
1191 4629
1192 4587
1193 4629
1194 3734
1195 3833
1196 5119
1197 3864
1198 2042
1199 3883
1200 4620
1201 3048
1202 4578
1203 4313
1204 4316
1205 4625
1206 976
1207 1679
1208 4579
1209 936
1210 1522
1211 3956
1212 1203
1213 4435
1214 4577
1215 4577
1216 4502
1217 4577
1218 3537
1219 1610
1220 2545
1221 378
1222 3912
1223 3093
1224 3293
1225 3873
1226 2423
1227 3278
1228 2427
1229 3152
1230 2427
1231 2107
1232 2115
1233 2108
1234 2104
1235 3351
1236 3112
1237 2516
1238 2743
1239 2519
1240 2994
1241 3967
1242 4209
1243 4329
1244 5099
1245 4113
1246 4108
1247 4996
1248 4460
1249 4104
1250 699
1251 699
1252 5114
1253 694
1254 4441
1255 3606
1256 3800
1257 3801
1258 4070
1259 3762
1260 1305
1261 1218
1262 3625
1263 1330
1264 1659
1265 3625
1266 1535
1267 2848
1268 1654
1269 1889
1270 1814
1271 1124
1272 1882
1273 1859
1274 4128
1275 3071
1276 2013
1277 3388
1278 1290
1279 2840
1280 3171
1281 3132
1282 2840
1283 2997
1284 2824
1285 2812
1286 2826
1287 2812
1288 2825
1289 5189
1290 5173
1291 5173
1292 4075
1293 4701
1294 5137
1295 4700
1296 5137
1297 4700
1298 4692
1299 4700
1300 4803
1301 4603
1302 4839
1303 4905
1304 1507
1305 4838
1306 4859
1307 4303
1308 4813
1309 4659
1310 4732
1311 4875
1312 4874
1313 4605
1314 4875
1315 4863
1316 3017
1317 4893
1318 4893
1319 4913
1320 2794
1321 4909
1322 495
1323 3087
1324 3476
1325 1982
1326 4797
1327 4881
1328 4829
1329 4762
1330 2919
1331 4676
1332 2919
1333 4611
1334 3834
1335 4633
1336 4869
1337 4888
1338 4791
1339 2027
1340 4557
1341 4617
1342 3878
1343 4718
1344 4580
1345 4499
1346 4317
1347 4579
1348 4753
1349 4417
1350 4425
1351 936
1352 4384
1353 3956
1354 4753
1355 893
1356 899
1357 899
1358 1177
1359 1421
1360 2443
1361 2625
1362 3093
1363 3134
1364 3536
1365 2423
1366 2241
1367 3208
1368 3244
1369 3237
1370 3203
1371 3237
1372 3152
1373 2188
1374 3292
1375 2102
1376 3292
1377 3206
1378 3351
1379 2183
1380 2119
1381 3290
1382 3354
1383 3253
1384 2516
1385 5045
1386 2860
1387 4410
1388 4409
1389 4942
1390 1014
1391 570
1392 610
1393 4089
1394 568
1395 4464
1396 4033
1397 4069
1398 5151
1399 912
1400 662
1401 1305
1402 3939
1403 3807
1404 910
1405 3936
1406 910
1407 1331
1408 3316
1409 1677
1410 3395
1411 3445
1412 1330
1413 1658
1414 3517
1415 2848
1416 4138
1417 3443
1418 1470
1419 3388
1420 1859
1421 3275
1422 2057
1423 3171
1424 1856
1425 2895
1426 3126
1427 2932
1428 2932
1429 2840
1430 2812
1431 2758
1432 2811
1433 2878
1434 2821
1435 2821
1436 2877
1437 2826
1438 2826
1439 5191
1440 1608
1441 4799
1442 4649
1443 4253
1444 4721
1445 4799
1446 4133
1447 4332
1448 4733
1449 4638
1450 4692
1451 4859
1452 4807
1453 4525
1454 4659
1455 4915
1456 4859
1457 4875
1458 4154
1459 2581
1460 4913
1461 2967
1462 4863
1463 4822
1464 4704
1465 4821
1466 4913
1467 4829
1468 4822
1469 4755
1470 4829
1471 4762
1472 4901
1473 4902
1474 3694
1475 4611
1476 4726
1477 3833
1478 4827
1479 4855
1480 5120
1481 4719
1482 2167
1483 4678
1484 4632
1485 4545
1486 1502
1487 3947
1488 4887
1489 4853
1490 5123
1491 4699
1492 1988
1493 4617
1494 5124
1495 4831
1496 4830
1497 3954
1498 1436
1499 4373
1500 4478
1501 457
1502 138
1503 893
1504 1322
1505 946
1506 1421
1507 1421
1508 3460
1509 1934
1510 3293
1511 3093
1512 2241
1513 2241
1514 3208
1515 3208
1516 3244
1517 3252
1518 3252
1519 3152
1520 2188
1521 2089
1522 2089
1523 2130
1524 2099
1525 3291
1526 3351
1527 3291
1528 2244
1529 3367
1530 2481
1531 3365
1532 5049
1533 2686
1534 2519
1535 4454
1536 4454
1537 4064
1538 4121
1539 4088
1540 4452
1541 4957
1542 4965
1543 4109
1544 4942
1545 641
1546 1155
1547 3590
1548 1190
1549 662
1550 1303
1551 3812
1552 1218
1553 3812
1554 4272
1555 1383
1556 1134
1557 1383
1558 1331
1559 1656
1560 3511
1561 1331
1562 1331
1563 1661
1564 3517
1565 1330
1566 1535
1567 3907
1568 1534
1569 1532
1570 1515
1571 2892
1572 3209
1573 1472
1574 1859
1575 1412
1576 1918
1577 3132
1578 2014
1579 2057
1580 2057
1581 1947
1582 2765
1583 2840
1584 1292
1585 2997
1586 2878
1587 1759
1588 2913
1589 2821
1590 1275
1591 5172
1592 5158
1593 3400
1594 4648
1595 4532
1596 4665
1597 4840
1598 4741
1599 4674
1600 4772
1601 4905
1602 4905
1603 5140
1604 4525
1605 1990
1606 4864
1607 4200
1608 4907
1609 4875
1610 4838
1611 4874
1612 4811
1613 2620
1614 4916
1615 2665
1616 4862
1617 4797
1618 4881
1619 4913
1620 4822
1621 4775
1622 4829
1623 4751
1624 4881
1625 4676
1626 3734
1627 4791
1628 2392
1629 2175
1630 4869
1631 4583
1632 4622
1633 1592
1634 4516
1635 1863
1636 2042
1637 1776
1638 4791
1639 4381
1640 4630
1641 5125
1642 4831
1643 824
1644 4378
1645 4311
1646 4433
1647 546
1648 3955
1649 4387
1650 4470
1651 4435
1652 4830
1653 548
1654 548
1655 1421
1656 946
1657 4800
1658 946
1659 4800
1660 1610
1661 2545
1662 2685
1663 3092
1664 3208
1665 3293
1666 2241
1667 3208
1668 3244
1669 1009
1670 3245
1671 2427
1672 2961
1673 3280
1674 3152
1675 2163
1676 2163
1677 2089
1678 3281
1679 2226
1680 2119
1681 3291
1682 3351
1683 3240
1684 3290
1685 3367
1686 3090
1687 2227
1688 2523
1689 2994
1690 5045
1691 4458
1692 3982
1693 4446
1694 4957
1695 4942
1696 4943
1697 604
1698 677
1699 643
1700 4458
1701 4467
1702 4146
1703 3976
1704 4442
1705 580
1706 3938
1707 4411
1708 652
1709 3812
1710 1383
1711 4360
1712 4129
1713 3811
1714 4272
1715 1187
1716 1430
1717 1186
1718 1825
1719 3503
1720 1332
1721 3657
1722 3657
1723 3316
1724 1677
1725 1660
1726 1658
1727 3445
1728 1889
1729 1531
1730 3105
1731 1882
1732 1364
1733 1880
1734 2155
1735 3275
1736 3275
1737 2895
1738 3126
1739 2766
1740 2878
1741 2878
1742 2878
1743 2811
1744 5164
1745 2805
1746 2913
1747 5192
1748 5192
1749 5189
1750 5157
1751 5173
1752 5158
1753 2826
1754 2826
1755 5173
1756 2826
1757 2757
1758 4648
1759 4641
1760 4641
1761 4840
1762 4253
1763 4733
1764 4674
1765 4600
1766 4710
1767 4332
1768 4674
1769 4905
1770 5140
1771 4525
1772 4525
1773 4539
1774 4303
1775 4838
1776 4907
1777 4813
1778 4875
1779 4813
1780 4810
1781 4815
1782 2608
1783 4863
1784 3017
1785 4909
1786 2559
1787 4897
1788 2794
1789 4897
1790 4822
1791 4829
1792 3086
1793 2585
1794 4844
1795 4515
1796 4621
1797 3048
1798 3049
1799 2063
1800 3833
1801 2167
1802 4582
1803 1862
1804 4364
1805 1694
1806 3949
1807 1455
1808 4501
1809 937
1810 4382
1811 702
1812 4471
1813 4387
1814 477
1815 547
1816 140
1817 764
1818 541
1819 136
1820 456
1821 455
1822 438
1823 1610
1824 3357
1825 387
1826 3912
1827 2535
1828 1178
1829 2241
1830 3208
1831 1009
1832 3350
1833 3203
1834 2116
1835 2107
1836 2107
1837 2102
1838 2244
1839 2163
1840 3291
1841 3279
1842 2212
1843 2236
1844 2272
1845 2272
1846 3090
1847 5048
1848 3090
1849 4058
1850 4453
1851 4103
1852 4120
1853 3999
1854 5151
1855 659
1856 4055
1857 644
1858 4442
1859 5154
1860 1549
1861 1240
1862 3619
1863 1383
1864 1186
1865 3761
1866 3811
1867 1186
1868 3890
1869 3943
1870 4129
1871 1416
1872 1302
1873 1302
1874 1302
1875 1388
1876 1560
1877 1729
1878 3369
1879 1675
1880 3412
1881 3657
1882 1106
1883 1331
1884 1655
1885 1418
1886 1330
1887 1658
1888 1535
1889 2848
1890 1889
1891 3175
1892 1472
1893 3209
1894 2155
1895 1919
1896 1874
1897 2014
1898 2083
1899 2765
1900 2083
1901 2765
1902 4132
1903 2015
1904 2015
1905 2765
1906 3924
1907 3400
1908 5192
1909 2805
1910 5172
1911 1516
1912 4640
1913 1520
1914 4799
1915 4689
1916 1279
1917 4674
1918 4709
1919 4648
1920 1950
1921 4525
1922 4905
1923 4838
1924 4841
1925 4660
1926 4838
1927 1280
1928 4659
1929 4605
1930 4811
1931 4897
1932 1287
1933 2939
1934 4829
1935 4881
1936 3131
1937 4519
1938 4687
1939 2530
1940 2680
1941 2191
1942 4626
1943 2175
1944 4587
1945 2026
1946 3833
1947 4892
1948 1706
1949 931
1950 4888
1951 937
1952 4791
1953 4557
1954 5125
1955 1363
1956 428
1957 4437
1958 702
1959 4387
1960 477
1961 702
1962 635
1963 4412
1964 4365
1965 4392
1966 4387
1967 531
1968 457
1969 4435
1970 399
1971 516
1972 636
1973 771
1974 548
1975 554
1976 344
1977 4800
1978 4830
1979 4788
1980 2241
1981 1178
1982 3180
1983 3208
1984 3244
1985 3244
1986 3244
1987 3278
1988 2427
1989 3022
1990 3152
1991 2089
1992 3280
1993 3280
1994 2158
1995 2244
1996 3353
1997 3240
1998 2104
1999 3090
2000 5049
2001 2526
2002 2232
2003 3991
2004 4458
2005 4113
2006 1231
2007 4992
2008 4943
2009 958
2010 602
2011 573
2012 3981
2013 4052
2014 4975
2015 5115
2016 4044
2017 5151
2018 662
2019 4411
2020 733
2021 3809
2022 4300
2023 4272
2024 4299
2025 654
2026 3815
2027 3899
2028 3605
2029 3852
2030 3852
2031 3852
2032 3853
2033 1388
2034 1422
2035 1422
2036 941
2037 1478
2038 1631
2039 3320
2040 1729
2041 3917
2042 1631
2043 3412
2044 1656
2045 1674
2046 2846
2047 3302
2048 2847
2049 3933
2050 4127
2051 2889
2052 1470
2053 1880
2054 1880
2055 2014
2056 3915
2057 2155
2058 2168
2059 1948
2060 2840
2061 2765
2062 2899
2063 1836
2064 2932
2065 2878
2066 2912
2067 2932
2068 2913
2069 5189
2070 5191
2071 2280
2072 2824
2073 2802
2074 2805
2075 5157
2076 5187
2077 5171
2078 5158
2079 5173
2080 1362
2081 4701
2082 4253
2083 4648
2084 4774
2085 4774
2086 4665
2087 4709
2088 4674
2089 4665
2090 4764
2091 4694
2092 4639
2093 4639
2094 4637
2095 4692
2096 4674
2097 4665
2098 4864
2099 4603
2100 4525
2101 4525
2102 3745
2103 4859
2104 4859
2105 4907
2106 4660
2107 4907
2108 4650
2109 4813
2110 4303
2111 4660
2112 4875
2113 4815
2114 4870
2115 4861
2116 4810
2117 4913
2118 2967
2119 4893
2120 2559
2121 3087
2122 4913
2123 3785
2124 2939
2125 2631
2126 4775
2127 2993
2128 2791
2129 4514
2130 3458
2131 5134
2132 2125
2133 4585
2134 4750
2135 3833
2136 3049
2137 1865
2138 3049
2139 3833
2140 4827
2141 932
2142 3947
2143 5034
2144 4543
2145 1723
2146 522
2147 4540
2148 410
2149 4412
2150 4496
2151 764
2152 4365
2153 4387
2154 4872
2155 196
2156 547
2157 4387
2158 454
2159 516
2160 546
2161 531
2162 541
2163 4788
2164 143
2165 454
2166 4788
2167 387
2168 3208
2169 2187
2170 3180
2171 2161
2172 3208
2173 3244
2174 2313
2175 2091
2176 2328
2177 3350
2178 3020
2179 3181
2180 3254
2181 2947
2182 3381
2183 2212
2184 3353
2185 3353
2186 2244
2187 3351
2188 2229
2189 2227
2190 3090
2191 3991
2192 4454
2193 4103
2194 4454
2195 661
2196 4455
2197 4461
2198 4956
2199 4981
2200 3982
2201 580
2202 4041
2203 4411
2204 1304
2205 3798
2206 5153
2207 1218
2208 4129
2209 1423
2210 1242
2211 3816
2212 4235
2213 4323
2214 3852
2215 3696
2216 3696
2217 1388
2218 3817
2219 4189
2220 920
2221 864
2222 963
2223 864
2224 989
2225 1803
2226 1663
2227 1804
2228 1056
2229 1400
2230 1264
2231 3485
2232 1437
2233 1043
2234 1137
2235 1137
2236 1478
2237 3321
2238 3320
2239 1631
2240 3369
2241 1138
2242 1138
2243 3657
2244 3504
2245 1656
2246 3625
2247 1566
2248 3317
2249 1347
2250 1535
2251 2848
2252 3443
2253 4190
2254 1364
2255 3210
2256 2165
2257 2134
2258 2145
2259 1918
2260 2083
2261 2156
2262 2083
2263 2015
2264 2015
2265 2885
2266 1836
2267 1410
2268 2507
2269 2933
2270 2802
2271 2280
2272 5157
2273 5188
2274 5186
2275 5169
2276 5174
2277 5172
2278 5173
2279 1362
2280 4700
2281 3401
2282 4665
2283 37
2284 4924
2285 4599
2286 4744
2287 4539
2288 440
2289 304
2290 3664
2291 2951
2292 4525
2293 4937
2294 170
2295 4200
2296 4810
2297 4863
2298 4815
2299 4916
2300 4863
2301 4811
2302 4861
2303 1282
2304 4797
2305 2719
2306 3087
2307 2978
2308 3086
2309 4756
2310 4751
2311 2537
2312 4687
2313 3734
2314 4844
2315 1998
2316 1893
2317 4902
2318 3734
2319 2026
2320 4826
2321 984
2322 1708
2323 4892
2324 1706
2325 479
2326 4868
2327 195
2328 410
2329 5034
2330 4690
2331 531
2332 13
2333 1100
2334 1335
2335 410
2336 5125
2337 464
2338 4417
2339 464
2340 770
2341 4437
2342 701
2343 4437
2344 1451
2345 4481
2346 541
2347 923
2348 139
2349 4321
2350 4788
2351 143
2352 4830
2353 290
2354 2685
2355 4781
2356 3208
2357 3208
2358 2424
2359 3208
2360 3056
2361 2328
2362 2949
2363 2100
2364 3205
2365 2110
2366 3022
2367 2110
2368 2959
2369 3291
2370 2230
2371 2232
2372 3240
2373 5048
2374 4102
2375 4206
2376 4104
2377 1230
2378 4942
2379 742
2380 5000
2381 570
2382 676
2383 3589
2384 5114
2385 1234
2386 5114
2387 4984
2388 696
2389 1383
2390 3827
2391 4271
2392 1383
2393 3943
2394 3816
2395 4235
2396 3853
2397 3867
2398 4135
2399 4266
2400 3823
2401 1524
2402 941
2403 989
2404 1019
2405 1181
2406 1210
2407 1323
2408 1260
2409 1209
2410 1081
2411 1381
2412 1381
2413 1381
2414 599
2415 1781
2416 1092
2417 3221
2418 3196
2419 4130
2420 3196
2421 1754
2422 3414
2423 4216
2424 1400
2425 3485
2426 3485
2427 1043
2428 3505
2429 3505
2430 1475
2431 3678
2432 3321
2433 3677
2434 1194
2435 1631
2436 1825
2437 1142
2438 1538
2439 1939
2440 4186
2441 3706
2442 1433
2443 1329
2444 4184
2445 1470
2446 1882
2447 3071
2448 2134
2449 1510
2450 1952
2451 3915
2452 2168
2453 1119
2454 2398
2455 2322
2456 2515
2457 2810
2458 2507
2459 2823
2460 2280
2461 5156
2462 2506
2463 2807
2464 5156
2465 5156
2466 5180
2467 5169
2468 5165
2469 175
2470 113
2471 258
2472 422
2473 4926
2474 3401
2475 180
2476 1399
2477 258
2478 4924
2479 411
2480 416
2481 4937
2482 2749
2483 184
2484 420
2485 171
2486 441
2487 429
2488 437
2489 60
2490 2560
2491 4863
2492 4810
2493 4862
2494 4897
2495 4910
2496 3690
2497 4897
2498 2559
2499 2559
2500 3859
2501 4176
2502 4913
2503 2631
2504 4797
2505 2792
2506 4829
2507 2302
2508 3
2509 149
2510 1799
2511 3
2512 231
2513 3100
2514 2066
2515 231
2516 2493
2517 229
2518 4726
2519 1591
2520 3693
2521 230
2522 3833
2523 4583
2524 4892
2525 337
2526 371
2527 518
2528 5126
2529 190
2530 542
2531 4791
2532 4573
2533 431
2534 431
2535 4501
2536 4501
2537 196
2538 4546
2539 4426
2540 701
2541 4365
2542 4491
2543 770
2544 4417
2545 4546
2546 4802
2547 290
2548 362
2549 362
2550 4872
2551 4633
2552 3244
2553 2309
2554 2423
2555 3208
2556 3208
2557 2241
2558 2864
2559 2468
2560 2626
2561 2241
2562 2328
2563 2328
2564 2110
2565 1005
2566 3117
2567 2959
2568 2614
2569 3057
2570 3111
2571 3290
2572 2705
2573 2691
2574 4446
2575 3991
2576 4446
2577 4454
2578 4453
2579 4975
2580 645
2581 3990
2582 3981
2583 4979
2584 700
2585 916
2586 4039
2587 1623
2588 3938
2589 3762
2590 1240
2591 1618
2592 3586
2593 3943
2594 836
2595 4235
2596 4297
2597 4205
2598 1242
2599 1422
2600 3730
2601 3552
2602 1424
2603 3818
2604 4266
2605 1390
2606 1019
2607 3700
2608 867
2609 3698
2610 1019
2611 4174
2612 1181
2613 1210
2614 1222
2615 4252
2616 4191
2617 4217
2618 1260
2619 3776
2620 1209
2621 1750
2622 600
2623 3920
2624 1093
2625 3228
2626 3417
2627 1150
2628 4293
2629 3484
2630 1072
2631 3738
2632 1803
2633 3196
2634 1056
2635 1057
2636 1754
2637 4214
2638 3266
2639 1437
2640 1137
2641 1475
2642 1265
2643 3319
2644 1825
2645 1660
2646 3504
2647 4186
2648 3395
2649 3447
2650 3706
2651 3933
2652 3510
2653 1438
2654 4224
2655 4224
2656 1435
2657 3138
2658 2165
2659 2084
2660 2084
2661 1963
2662 1963
2663 2398
2664 1963
2665 2301
2666 2544
2667 1273
2668 2544
2669 2506
2670 2507
2671 5156
2672 2807
2673 3437
2674 5196
2675 5179
2676 5196
2677 1354
2678 175
2679 258
2680 258
2681 71
2682 69
2683 113
2684 1497
2685 292
2686 112
2687 247
2688 151
2689 414
2690 4934
2691 415
2692 415
2693 2976
2694 170
2695 429
2696 445
2697 437
2698 437
2699 120
2700 60
2701 26
2702 26
2703 448
2704 24
2705 42
2706 448
2707 317
2708 2608
2709 4913
2710 145
2711 4797
2712 319
2713 147
2714 1282
2715 4913
2716 147
2717 186
2718 89
2719 2719
2720 4913
2721 178
2722 3087
2723 89
2724 3
2725 2075
2726 178
2727 90
2728 4587
2729 218
2730 4881
2731 4756
2732 149
2733 3751
2734 242
2735 2919
2736 4899
2737 2019
2738 4585
2739 3693
2740 252
2741 1591
2742 4619
2743 283
2744 243
2745 1865
2746 306
2747 256
2748 359
2749 1650
2750 4752
2751 303
2752 257
2753 2728
2754 262
2755 10
2756 301
2757 13
2758 190
2759 4364
2760 4831
2761 5034
2762 536
2763 4394
2764 200
2765 850
2766 5125
2767 289
2768 702
2769 701
2770 4382
2771 4387
2772 4546
2773 774
2774 774
2775 923
2776 1451
2777 548
2778 201
2779 4788
2780 4788
2781 4788
2782 327
2783 327
2784 207
2785 4633
2786 1670
2787 3244
2788 3244
2789 3180
2790 2424
2791 3208
2792 2241
2793 2241
2794 1012
2795 2459
2796 1002
2797 3019
2798 2110
2799 3020
2800 5063
2801 2477
2802 2690
2803 2690
2804 2209
2805 4454
2806 4454
2807 4088
2808 4053
2809 5114
2810 4966
2811 4943
2812 742
2813 958
2814 699
2815 3999
2816 695
2817 4068
2818 5114
2819 5094
2820 3797
2821 5152
2822 3591
2823 4327
2824 733
2825 3761
2826 1496
2827 1551
2828 1388
2829 3643
2830 1388
2831 4097
2832 3823
2833 1214
2834 3823
2835 3698
2836 1559
2837 4284
2838 1464
2839 3645
2840 1323
2841 1323
2842 3632
2843 4191
2844 4191
2845 1343
2846 4217
2847 3225
2848 1208
2849 3224
2850 3548
2851 4295
2852 3920
2853 600
2854 3961
2855 1325
2856 4073
2857 3196
2858 1803
2859 4274
2860 1056
2861 4173
2862 3322
2863 1721
2864 1136
2865 3485
2866 1730
2867 3505
2868 1191
2869 1675
2870 3677
2871 1331
2872 1142
2873 2846
2874 3625
2875 4186
2876 1347
2877 3922
2878 1401
2879 2022
2880 3173
2881 1310
2882 3105
2883 3150
2884 1952
2885 2156
2886 2146
2887 1946
2888 2342
2889 1963
2890 2301
2891 1835
2892 2544
2893 1961
2894 2279
2895 2506
2896 5156
2897 5185
2898 5056
2899 2335
2900 1054
2901 5179
2902 5179
2903 5169
2904 512
2905 5166
2906 5057
2907 166
2908 4926
2909 175
2910 117
2911 292
2912 447
2913 258
2914 164
2915 1630
2916 3533
2917 446
2918 222
2919 171
2920 121
2921 445
2922 450
2923 60
2924 448
2925 2194
2926 145
2927 3377
2928 448
2929 147
2930 322
2931 89
2932 2467
2933 319
2934 3509
2935 1283
2936 4821
2937 1283
2938 4821
2939 2495
2940 4829
2941 297
2942 3034
2943 2921
2944 4775
2945 391
2946 2788
2947 2978
2948 4881
2949 3027
2950 56
2951 4586
2952 325
2953 3660
2954 4881
2955 3547
2956 4819
2957 242
2958 4621
2959 149
2960 360
2961 3627
2962 1636
2963 4754
2964 243
2965 1590
2966 1708
2967 3693
2968 4826
2969 1650
2970 5120
2971 452
2972 4618
2973 4791
2974 3831
2975 3439
2976 257
2977 4578
2978 536
2979 4381
2980 4394
2981 4872
2982 1100
2983 4695
2984 4391
2985 4495
2986 702
2987 4393
2988 4546
2989 402
2990 770
2991 4377
2992 201
2993 4437
2994 290
2995 4802
2996 4788
2997 4742
2998 4547
2999 133
3000 133
3001 3460
3002 4318
3003 3208
3004 4724
3005 3170
3006 4239
3007 1670
3008 2381
3009 2241
3010 2241
3011 2241
3012 2297
3013 2297
3014 2423
3015 3022
3016 2614
3017 2614
3018 2103
3019 2705
3020 5049
3021 2690
3022 4458
3023 3990
3024 4458
3025 4448
3026 1229
3027 5018
3028 3988
3029 916
3030 915
3031 577
3032 5155
3033 644
3034 1623
3035 3579
3036 1025
3037 1315
3038 3725
3039 4335
3040 3852
3041 1461
3042 901
3043 3552
3044 3804
3045 1558
3046 990
3047 1586
3048 3869
3049 3698
3050 3645
3051 590
3052 3632
3053 3760
3054 4218
3055 4269
3056 1064
3057 3837
3058 3225
3059 3777
3060 3777
3061 1749
3062 3194
3063 3891
3064 3417
3065 4293
3066 1803
3067 3428
3068 3449
3069 1136
3070 4215
3071 3515
3072 3678
3073 3515
3074 3369
3075 3370
3076 1655
3077 3511
3078 1660
3079 2846
3080 3707
3081 4185
3082 3931
3083 3922
3084 1928
3085 1117
3086 4190
3087 4224
3088 3071
3089 3182
3090 3680
3091 2023
3092 1955
3093 3479
3094 1945
3095 1835
3096 2400
3097 3436
3098 5169
3099 3437
3100 1944
3101 2333
3102 2469
3103 5057
3104 1377
3105 69
3106 125
3107 113
3108 71
3109 2756
3110 125
3111 351
3112 98
3113 304
3114 3508
3115 441
3116 60
3117 445
3118 27
3119 317
3120 84
3121 17
3122 315
3123 1282
3124 89
3125 390
3126 17
3127 3087
3128 4797
3129 1578
3130 4797
3131 4775
3132 4829
3133 148
3134 4762
3135 2
3136 4762
3137 1603
3138 3751
3139 4726
3140 271
3141 2041
3142 4775
3143 492
3144 242
3145 4901
3146 303
3147 3
3148 4621
3149 8
3150 4690
3151 359
3152 4827
3153 330
3154 4545
3155 2728
3156 4791
3157 3947
3158 4884
3159 3864
3160 1100
3161 4618
3162 196
3163 4831
3164 188
3165 269
3166 702
3167 399
3168 3948
3169 850
3170 774
3171 4382
3172 191
3173 668
3174 668
3175 201
3176 402
3177 4382
3178 4425
3179 4753
3180 4321
3181 327
3182 4800
3183 4547
3184 269
3185 3293
3186 2114
3187 3368
3188 3357
3189 909
3190 2309
3191 2424
3192 2241
3193 2678
3194 993
3195 2678
3196 2678
3197 2241
3198 2309
3199 2309
3200 3056
3201 2945
3202 3057
3203 2244
3204 2200
3205 2561
3206 5049
3207 3990
3208 4108
3209 4055
3210 1165
3211 604
3212 566
3213 3989
3214 3988
3215 4458
3216 4446
3217 4055
3218 5152
3219 4039
3220 4039
3221 5071
3222 3611
3223 3997
3224 585
3225 4050
3226 3579
3227 3792
3228 1316
3229 3725
3230 3669
3231 1461
3232 4205
3233 4235
3234 1099
3235 4097
3236 3552
3237 1217
3238 4267
3239 1213
3240 3698
3241 3645
3242 4227
3243 1326
3244 1064
3245 4178
3246 1260
3247 3224
3248 3892
3249 1727
3250 599
3251 3484
3252 1092
3253 4172
3254 3450
3255 1890
3256 1721
3257 3322
3258 4285
3259 1477
3260 1904
3261 1729
3262 3389
3263 1106
3264 3412
3265 1140
3266 4186
3267 1658
3268 1128
3269 1531
3270 3704
3271 2888
3272 3343
3273 1336
3274 1341
3275 1306
3276 2397
3277 1945
3278 2832
3279 2085
3280 2342
3281 2300
3282 1944
3283 2335
3284 1054
3285 3437
3286 1961
3287 2505
3288 2935
3289 5054
3290 5057
3291 5166
3292 5166
3293 166
3294 71
3295 174
3296 422
3297 112
3298 126
3299 415
3300 171
3301 73
3302 74
3303 171
3304 451
3305 3285
3306 3746
3307 450
3308 3480
3309 448
3310 169
3311 1280
3312 3462
3313 2608
3314 1282
3315 3377
3316 2306
3317 3859
3318 2473
3319 2599
3320 2495
3321 2725
3322 2872
3323 2921
3324 2851
3325 2918
3326 4587
3327 2493
3328 4743
3329 2012
3330 3649
3331 4826
3332 391
3333 1813
3334 1737
3335 4722
3336 231
3337 3627
3338 231
3339 4630
3340 462
3341 984
3342 4691
3343 5023
3344 4699
3345 4630
3346 522
3347 195
3348 5034
3349 4831
3350 306
3351 4558
3352 443
3353 4500
3354 4678
3355 4220
3356 4718
3357 4394
3358 764
3359 978
3360 3949
3361 198
3362 4555
3363 787
3364 4425
3365 402
3366 4471
3367 4695
3368 4356
3369 4317
3370 4550
3371 133
3372 4547
3373 189
3374 3537
3375 3305
3376 946
3377 3305
3378 2678
3379 3097
3380 2424
3381 2424
3382 2297
3383 2678
3384 3305
3385 2309
3386 2678
3387 2678
3388 2961
3389 2614
3390 5063
3391 2200
3392 2690
3393 2705
3394 4464
3395 3990
3396 4975
3397 604
3398 574
3399 4461
3400 4448
3401 1232
3402 660
3403 5154
3404 585
3405 4411
3406 1240
3407 733
3408 4271
3409 1551
3410 3641
3411 4297
3412 3688
3413 3598
3414 1387
3415 3716
3416 4266
3417 3685
3418 3700
3419 3600
3420 1226
3421 1226
3422 3836
3423 3760
3424 4269
3425 3223
3426 3223
3427 1066
3428 1197
3429 4229
3430 1198
3431 3496
3432 3416
3433 4170
3434 4325
3435 1206
3436 1137
3437 1039
3438 3425
3439 1108
3440 3511
3441 3783
3442 1141
3443 3372
3444 3264
3445 1351
3446 1433
3447 3255
3448 3184
3449 3386
3450 2888
3451 3072
3452 3358
3453 3770
3454 3893
3455 2974
3456 2307
3457 1271
3458 2085
3459 2762
3460 2036
3461 2300
3462 2400
3463 2332
3464 2382
3465 1942
3466 2445
3467 5054
3468 2333
3469 1943
3470 5054
3471 5057
3472 2053
3473 2053
3474 113
3475 113
3476 1399
3477 112
3478 328
3479 433
3480 304
3481 442
3482 157
3483 333
3484 104
3485 445
3486 24
3487 1902
3488 147
3489 17
3490 145
3491 1283
3492 297
3493 17
3494 2473
3495 218
3496 2871
3497 3002
3498 322
3499 1578
3500 268
3501 390
3502 2041
3503 2918
3504 52
3505 3649
3506 1637
3507 2645
3508 1782
3509 1689
3510 359
3511 483
3512 241
3513 1689
3514 1487
3515 3274
3516 979
3517 300
3518 5023
3519 243
3520 4074
3521 907
3522 4557
3523 190
3524 4502
3525 4568
3526 4317
3527 764
3528 776
3529 774
3530 203
3531 4366
3532 4316
3533 191
3534 787
3535 365
3536 201
3537 201
3538 201
3539 4382
3540 4378
3541 4481
3542 4757
3543 343
3544 4386
3545 1457
3546 1457
3547 133
3548 3259
3549 3875
3550 378
3551 2309
3552 1934
3553 1934
3554 3305
3555 2625
3556 2625
3557 3208
3558 2697
3559 3208
3560 2697
3561 2625
3562 2678
3563 2697
3564 2614
3565 5063
3566 2244
3567 3081
3568 2691
3569 2490
3570 4102
3571 5114
3572 1230
3573 4461
3574 4472
3575 4461
3576 5071
3577 1232
3578 1232
3579 4039
3580 3609
3581 3795
3582 4990
3583 5104
3584 5154
3585 4326
3586 586
3587 3791
3588 3792
3589 926
3590 1579
3591 1496
3592 1395
3593 1394
3594 1098
3595 1131
3596 1397
3597 1217
3598 3904
3599 3600
3600 3823
3601 3698
3602 1427
3603 3574
3604 4268
3605 1212
3606 1464
3607 1067
3608 1716
3609 1750
3610 3777
3611 4229
3612 1033
3613 1072
3614 1890
3615 1056
3616 3506
3617 3449
3618 3485
3619 3390
3620 1475
3621 1143
3622 4142
3623 3917
3624 3412
3625 1110
3626 1331
3627 4183
3628 1252
3629 3782
3630 3778
3631 3922
3632 1329
3633 3262
3634 3703
3635 1463
3636 2059
3637 3391
3638 3457
3639 3052
3640 1527
3641 3457
3642 1972
3643 3070
3644 3479
3645 3038
3646 2036
3647 2469
3648 3040
3649 1965
3650 1499
3651 2382
3652 2333
3653 1964
3654 1943
3655 2053
3656 117
3657 180
3658 180
3659 2755
3660 261
3661 411
3662 247
3663 111
3664 261
3665 25
3666 276
3667 104
3668 449
3669 448
3670 84
3671 1280
3672 145
3673 319
3674 295
3675 3377
3676 3407
3677 2379
3678 2384
3679 297
3680 2466
3681 3230
3682 17
3683 3234
3684 2694
3685 2599
3686 2851
3687 3
3688 2694
3689 390
3690 1982
3691 3333
3692 56
3693 3513
3694 3513
3695 1849
3696 1847
3697 1743
3698 1761
3699 3513
3700 483
3701 490
3702 1486
3703 1572
3704 983
3705 452
3706 3539
3707 979
3708 526
3709 4202
3710 283
3711 196
3712 978
3713 280
3714 776
3715 262
3716 201
3717 4496
3718 1453
3719 132
3720 1452
3721 4542
3722 4491
3723 4677
3724 4728
3725 1456
3726 4263
3727 4419
3728 4625
3729 4570
3730 343
3731 269
3732 4358
3733 3259
3734 3537
3735 378
3736 3537
3737 3170
3738 2309
3739 2381
3740 2525
3741 2443
3742 2697
3743 1001
3744 1001
3745 2614
3746 5063
3747 2477
3748 3982
3749 4975
3750 4956
3751 1165
3752 4999
3753 4465
3754 4460
3755 4460
3756 641
3757 3612
3758 660
3759 585
3760 5069
3761 1025
3762 696
3763 1316
3764 663
3765 1496
3766 3586
3767 3669
3768 3642
3769 1561
3770 3711
3771 1131
3772 4286
3773 3904
3774 1313
3775 1460
3776 1396
3777 1586
3778 1213
3779 3575
3780 1225
3781 4227
3782 4268
3783 1716
3784 3226
3785 1698
3786 1727
3787 1151
3788 1325
3789 3193
3790 4171
3791 1035
3792 1136
3793 1206
3794 3927
3795 3485
3796 4278
3797 1257
3798 3389
3799 1105
3800 1105
3801 1142
3802 3185
3803 4192
3804 4183
3805 3387
3806 1128
3807 1254
3808 3255
3809 3922
3810 3781
3811 1512
3812 3072
3813 1336
3814 1113
3815 3261
3816 1379
3817 3198
3818 1272
3819 1912
3820 1051
3821 3479
3822 1371
3823 1752
3824 1309
3825 2332
3826 1941
3827 2009
3828 1940
3829 1829
3830 1831
3831 3438
3832 2382
3833 2353
3834 1941
3835 5054
3836 1965
3837 2051
3838 5054
3839 2053
3840 1355
3841 422
3842 422
3843 128
3844 220
3845 128
3846 3141
3847 95
3848 3285
3849 429
3850 120
3851 4936
3852 4936
3853 26
3854 24
3855 317
3856 448
3857 1902
3858 3462
3859 24
3860 3407
3861 2467
3862 186
3863 89
3864 2977
3865 297
3866 2977
3867 3
3868 3086
3869 3086
3870 3520
3871 1578
3872 3520
3873 3
3874 2851
3875 1936
3876 1735
3877 236
3878 2531
3879 2659
3880 1827
3881 1575
3882 1755
3883 1645
3884 1668
3885 335
3886 2531
3887 1489
3888 983
3889 490
3890 490
3891 1486
3892 979
3893 3345
3894 462
3895 782
3896 3129
3897 300
3898 479
3899 3539
3900 1100
3901 3439
3902 227
3903 473
3904 443
3905 5034
3906 534
3907 3721
3908 528
3909 399
3910 3948
3911 4502
3912 398
3913 1452
3914 4502
3915 668
3916 201
3917 201
3918 4199
3919 4379
3920 4570
3921 1453
3922 269
3923 4552
3924 4570
3925 4570
3926 4255
3927 4378
3928 343
3929 4559
3930 1452
3931 4386
3932 4485
3933 4484
3934 284
3935 4484
3936 4548
3937 132
3938 189
3939 269
3940 284
3941 131
3942 3537
3943 2162
3944 2688
3945 2625
3946 2508
3947 2545
3948 2545
3949 2341
3950 2525
3951 2625
3952 4055
3953 5001
3954 3982
3955 3984
3956 4464
3957 4002
3958 3984
3959 3795
3960 916
3961 5020
3962 3982
3963 3617
3964 660
3965 583
3966 4952
3967 1025
3968 4967
3969 1618
3970 1024
3971 1555
3972 1554
3973 1097
3974 3711
3975 1374
3976 3916
3977 1375
3978 1560
3979 3718
3980 3716
3981 4097
3982 1215
3983 3685
3984 1427
3985 3421
3986 4134
3987 1261
3988 4256
3989 1212
3990 1262
3991 3634
3992 1345
3993 1088
3994 1345
3995 4296
3996 3418
3997 3222
3998 1644
3999 3324
4000 1056
4001 1043
4002 1477
4003 1257
4004 1145
4005 1744
4006 4223
4007 3651
4008 3269
4009 4192
4010 1141
4011 3264
4012 1867
4013 3332
4014 1414
4015 3778
4016 1525
4017 3270
4018 3184
4019 1463
4020 1512
4021 2887
4022 3343
4023 1113
4024 3261
4025 3198
4026 3457
4027 3358
4028 1481
4029 1050
4030 1499
4031 1361
4032 1306
4033 1308
4034 1309
4035 1941
4036 1752
4037 1441
4038 1717
4039 1568
4040 1886
4041 1371
4042 1831
4043 1822
4044 2123
4045 2123
4046 1964
4047 1973
4048 5053
4049 1943
4050 1975
4051 1441
4052 508
4053 1691
4054 165
4055 411
4056 111
4057 1630
4058 93
4059 184
4060 111
4061 248
4062 3508
4063 157
4064 276
4065 333
4066 31
4067 27
4068 26
4069 168
4070 3480
4071 24
4072 2770
4073 318
4074 3286
4075 448
4076 3085
4077 147
4078 2379
4079 169
4080 322
4081 3199
4082 2384
4083 2632
4084 319
4085 88
4086 2384
4087 295
4088 2384
4089 89
4090 2599
4091 2495
4092 2056
4093 2850
4094 502
4095 390
4096 2791
4097 1577
4098 1734
4099 2659
4100 55
4101 2680
4102 1740
4103 3513
4104 1569
4105 271
4106 1795
4107 283
4108 2772
4109 3521
4110 188
4111 1489
4112 2772
4113 2716
4114 983
4115 1489
4116 470
4117 5026
4118 3397
4119 241
4120 5025
4121 980
4122 2937
4123 3540
4124 1100
4125 214
4126 978
4127 467
4128 791
4129 402
4130 528
4131 4074
4132 204
4133 201
4134 4262
4135 253
4136 5028
4137 4254
4138 286
4139 4484
4140 3543
4141 4552
4142 4635
4143 286
4144 3841
4145 3902
4146 4482
4147 3902
4148 4350
4149 3902
4150 4358
4151 4239
4152 4358
4153 3901
4154 3874
4155 3874
4156 2162
4157 2424
4158 2698
4159 1000
4160 2698
4161 2343
4162 2545
4163 2688
4164 2508
4165 2508
4166 658
4167 639
4168 639
4169 659
4170 4466
4171 4464
4172 3982
4173 5020
4174 3612
4175 5010
4176 5087
4177 583
4178 5083
4179 4967
4180 1133
4181 4326
4182 1025
4183 3827
4184 1133
4185 1152
4186 3604
4187 3826
4188 1395
4189 3596
4190 4249
4191 665
4192 665
4193 3711
4194 4286
4195 1460
4196 1397
4197 1396
4198 3742
4199 1467
4200 4097
4201 1217
4202 1217
4203 4135
4204 1215
4205 3421
4206 1226
4207 4227
4208 1212
4209 1261
4210 3663
4211 3682
4212 1065
4213 4241
4214 1065
4215 1583
4216 3634
4217 1066
4218 4242
4219 3325
4220 1033
4221 3193
4222 3452
4223 3499
4224 1873
4225 3429
4226 1087
4227 1807
4228 4150
4229 3197
4230 1104
4231 1885
4232 3427
4233 1143
4234 3425
4235 1044
4236 3651
4237 1249
4238 1110
4239 3185
4240 1245
4241 3454
4242 1745
4243 3264
4244 4131
4245 3778
4246 1465
4247 3778
4248 3464
4249 1111
4250 1525
4251 3262
4252 1526
4253 3262
4254 1526
4255 1112
4256 3629
4257 1463
4258 1439
4259 3271
4260 3781
4261 2887
4262 1509
4263 1050
4264 1481
4265 3358
4266 1308
4267 1829
4268 1973
4269 2135
4270 1338
4271 2123
4272 2538
4273 2403
4274 2403
4275 508
4276 1887
4277 111
4278 74
4279 4935
4280 101
4281 171
4282 261
4283 451
4284 444
4285 157
4286 1662
4287 1544
4288 3085
4289 317
4290 2379
4291 319
4292 1852
4293 295
4294 1996
4295 1996
4296 2632
4297 319
4298 89
4299 2039
4300 2039
4301 2384
4302 2632
4303 2632
4304 2384
4305 2039
4306 2056
4307 2384
4308 2384
4309 2251
4310 2251
4311 322
4312 89
4313 2599
4314 2868
4315 390
4316 2056
4317 3
4318 1726
4319 3086
4320 320
4321 1726
4322 1793
4323 90
4324 1601
4325 2585
4326 2906
4327 2851
4328 231
4329 1793
4330 1794
4331 2557
4332 2906
4333 2585
4334 2680
4335 300
4336 1848
4337 1981
4338 2547
4339 149
4340 1645
4341 1740
4342 1645
4343 1755
4344 483
4345 2547
4346 483
4347 2681
4348 489
4349 3
4350 983
4351 2908
4352 242
4353 303
4354 230
4355 3397
4356 131
4357 522
4358 2937
4359 230
4360 5025
4361 5025
4362 213
4363 4074
4364 370
4365 3722
4366 214
4367 791
4368 206
4369 269
4370 3488
4371 326
4372 401
4373 201
4374 5028
4375 284
4376 5028
4377 3787
4378 3544
4379 269
4380 3900
4381 3841
4382 269
4383 3902
4384 269
4385 4239
4386 1909
4387 2343
4388 1322
4389 3901
4390 993
4391 993
4392 2350
4393 2431
4394 2350
4395 2343
4396 2698
4397 2189
4398 2545
4399 1248
4400 643
4401 3987
4402 3984
4403 4467
4404 3999
4405 5094
4406 3795
4407 3611
4408 582
4409 4990
4410 5113
4411 3793
4412 1622
4413 3930
4414 583
4415 5083
4416 583
4417 1025
4418 3661
4419 1025
4420 1317
4421 1618
4422 1152
4423 987
4424 1395
4425 3826
4426 4249
4427 665
4428 1131
4429 3582
4430 3916
4431 3756
4432 3598
4433 4097
4434 3844
4435 1558
4436 3600
4437 1586
4438 3681
4439 1225
4440 590
4441 3635
4442 3964
4443 1634
4444 3663
4445 1262
4446 3574
4447 4241
4448 1065
4449 3683
4450 1495
4451 1088
4452 1373
4453 4242
4454 1066
4455 3191
4456 1373
4457 3192
4458 1095
4459 3720
4460 1094
4461 1719
4462 1043
4463 1885
4464 4278
4465 3732
4466 4142
4467 3531
4468 3371
4469 3471
4470 3519
4471 1296
4472 1109
4473 1047
4474 3264
4475 1391
4476 3454
4477 3854
4478 1346
4479 3218
4480 1346
4481 1128
4482 1465
4483 1111
4484 1965
4485 1339
4486 1887
4487 1690
4488 2050
4489 2404
4490 2404
4491 2755
4492 2403
4493 3141
4494 93
4495 345
4496 95
4497 2769
4498 3376
4499 3286
4500 1949
4501 1852
4502 1852
4503 1852
4504 1996
4505 1852
4506 2148
4507 2148
4508 2148
4509 2632
4510 2039
4511 2048
4512 2632
4513 2632
4514 2632
4515 2632
4516 2039
4517 2384
4518 2056
4519 2384
4520 2251
4521 2632
4522 2251
4523 2251
4524 2599
4525 2056
4526 2599
4527 88
4528 2056
4529 2384
4530 503
4531 503
4532 320
4533 2056
4534 2868
4535 178
4536 2056
4537 1802
4538 2792
4539 88
4540 1802
4541 1971
4542 2020
4543 2041
4544 2041
4545 1638
4546 1637
4547 1798
4548 1601
4549 2606
4550 1799
4551 2606
4552 297
4553 1793
4554 1802
4555 1799
4556 2038
4557 2791
4558 2791
4559 2850
4560 236
4561 1735
4562 1637
4563 129
4564 1577
4565 1792
4566 1735
4567 1602
4568 155
4569 1819
4570 1575
4571 1602
4572 1602
4573 1981
4574 2530
4575 3
4576 1672
4577 1760
4578 1782
4579 483
4580 483
4581 1981
4582 1981
4583 149
4584 489
4585 1979
4586 983
4587 2737
4588 983
4589 2908
4590 187
4591 237
4592 5027
4593 985
4594 3397
4595 262
4596 2646
4597 257
4598 2937
4599 280
4600 191
4601 2779
4602 362
4603 3721
4604 191
4605 369
4606 253
4607 2643
4608 2700
4609 326
4610 531
4611 2700
4612 347
4613 206
4614 368
4615 531
4616 372
4617 290
4618 204
4619 691
4620 290
4621 204
4622 705
4623 331
4624 133
4625 893
4626 1432
4627 284
4628 5028
4629 1223
4630 399
4631 3870
4632 207
4633 384
4634 309
4635 3840
4636 3841
4637 1199
4638 2431
4639 1176
4640 3841
4641 2624
4642 2431
4643 2443
4644 3902
4645 993
4646 2624
4647 993
4648 2545
4649 2443
4650 2698
4651 2508
4652 1877
4653 4034
4654 3984
4655 3983
4656 4034
4657 5020
4658 577
4659 581
4660 577
4661 641
4662 5083
4663 3793
4664 1622
4665 583
4666 5104
4667 3791
4668 4967
4669 585
4670 1025
4671 3928
4672 1133
4673 3942
4674 966
4675 3669
4676 3662
4677 4099
4678 3582
4679 3596
4680 3916
4681 3598
4682 3599
4683 3716
4684 3905
4685 3600
4686 3635
4687 3663
4688 4256
4689 3682
4690 3634
4691 3634
4692 3637
4693 4179
4694 4242
4695 1373
4696 1727
4697 1066
4698 1698
4699 3526
4700 1151
4701 3190
4702 1748
4703 3468
4704 1564
4705 592
4706 3499
4707 3435
4708 1136
4709 3429
4710 1172
4711 3197
4712 3485
4713 1885
4714 3896
4715 3390
4716 4149
4717 3531
4718 1145
4719 1103
4720 1843
4721 3532
4722 1046
4723 1372
4724 3269
4725 3650
4726 1391
4727 1886
4728 1887
4729 1441
4730 1339
4731 2538
4732 2404
4733 2403
4734 1853
4735 1718
4736 1662
4737 3508
4738 3286
4739 1523
4740 1852
4741 1852
4742 1852
4743 1852
4744 1852
4745 1852
4746 2148
4747 2305
4748 1852
4749 2305
4750 2056
4751 2056
4752 2056
4753 2056
4754 2056
4755 2056
4756 2056
4757 2056
4758 2315
4759 503
4760 2056
4761 1801
4762 503
4763 2792
4764 1802
4765 1936
4766 2020
4767 1936
4768 2619
4769 1798
4770 1798
4771 1603
4772 2791
4773 2792
4774 1971
4775 1802
4776 2020
4777 2061
4778 2041
4779 2606
4780 2693
4781 1577
4782 1812
4783 1739
4784 178
4785 1805
4786 1805
4787 1782
4788 1848
4789 1818
4790 1742
4791 1819
4792 2038
4793 2038
4794 2038
4795 3
4796 1840
4797 1735
4798 2080
4799 283
4800 1840
4801 1782
4802 1574
4803 1848
4804 1893
4805 3
4806 1616
4807 2147
4808 1676
4809 1600
4810 2067
4811 271
4812 483
4813 1707
4814 2067
4815 983
4816 1651
4817 985
4818 2650
4819 1443
4820 2737
4821 1650
4822 2650
4823 1581
4824 2639
4825 1650
4826 985
4827 1502
4828 5026
4829 2642
4830 1776
4831 2779
4832 2713
4833 1328
4834 2713
4835 369
4836 1408
4837 373
4838 370
4839 374
4840 372
4841 531
4842 397
4843 705
4844 1447
4845 204
4846 671
4847 2712
4848 347
4849 796
4850 207
4851 1432
4852 2338
4853 3787
4854 207
4855 136
4856 404
4857 675
4858 327
4859 945
4860 1797
4861 2338
4862 327
4863 396
4864 204
4865 832
4866 2337
4867 396
4868 945
4869 1876
4870 1935
4871 1177
4872 1297
4873 467
4874 2166
4875 1876
4876 1935
4877 1876
4878 2443
4879 2166
4880 2401
4881 1200
4882 2166
4883 2166
4884 2431
4885 1176
4886 2189
4887 1877
4888 2299
4889 1756
4890 3988
4891 3983
4892 5113
4893 3985
4894 3795
4895 5085
4896 5020
4897 583
4898 583
4899 3929
4900 5104
4901 3617
4902 3792
4903 3661
4904 3792
4905 3661
4906 3604
4907 3604
4908 3719
4909 3634
4910 4242
4911 3325
4912 4242
4913 1748
4914 1220
4915 3190
4916 1220
4917 3895
4918 3189
4919 1749
4920 1041
4921 1719
4922 1087
4923 1074
4924 1074
4925 3431
4926 1653
4927 3187
4928 3655
4929 1091
4930 3427
4931 3926
4932 3427
4933 3732
4934 3732
4935 3531
4936 2123
4937 1887
4938 1887
4939 1984
4940 2404
4941 2404
4942 1887
4943 1630
4944 1853
4945 1853
4946 2354
4947 1906
4948 1523
4949 3044
4950 1523
4951 2179
4952 1949
4953 2179
4954 2016
4955 2016
4956 2549
4957 2056
4958 2056
4959 2020
4960 2056
4961 2315
4962 1801
4963 1936
4964 2056
4965 1801
4966 1801
4967 2056
4968 2020
4969 2315
4970 2315
4971 1639
4972 503
4973 2004
4974 1801
4975 2020
4976 2619
4977 2606
4978 2606
4979 1578
4980 2619
4981 1798
4982 1639
4983 1782
4984 1735
4985 1577
4986 1848
4987 1735
4988 1819
4989 1739
4990 1819
4991 1774
4992 1849
4993 2038
4994 1637
4995 2012
4996 1978
4997 1616
4998 1738
4999 1817
5000 2012
5001 1760
5002 1600
5003 1599
5004 1676
5005 1572
5006 1689
5007 1572
5008 1599
5009 1599
5010 1892
5011 2024
5012 1707
5013 1896
5014 1896
5015 2067
5016 983
5017 1689
5018 1892
5019 2405
5020 983
5021 983
5022 1443
5023 1980
5024 985
5025 1896
5026 1896
5027 2650
5028 985
5029 982
5030 2028
5031 488
5032 1581
5033 2025
5034 371
5035 1442
5036 1442
5037 1898
5038 1328
5039 1898
5040 1417
5041 2713
5042 1328
5043 2415
5044 2025
5045 791
5046 705
5047 991
5048 372
5049 1786
5050 2124
5051 704
5052 347
5053 908
5054 2338
5055 374
5056 134
5057 527
5058 787
5059 143
5060 344
5061 1921
5062 2338
5063 327
5064 143
5065 140
5066 1432
5067 528
5068 1432
5069 2238
5070 363
5071 1199
5072 1223
5073 527
5074 1797
5075 1935
5076 1177
5077 945
5078 1200
5079 1610
5080 947
5081 1931
5082 1177
5083 1426
5084 1610
5085 947
5086 1179
5087 1199
5088 1177
5089 947
5090 872
5091 1610
5092 1179
5093 1872
5094 3795
5095 3794
5096 4039
5097 3988
5098 3999
5099 4034
5100 5082
5101 3793
5102 3617
5103 3617
5104 3930
5105 3791
5106 3526
5107 3895
5108 3665
5109 1095
5110 1749
5111 1873
5112 3665
5113 3720
5114 1077
5115 1130
5116 1130
5117 3472
5118 1042
5119 3435
5120 4136
5121 1038
5122 4270
5123 3431
5124 3187
5125 1887
5126 2404
5127 1905
5128 507
5129 1888
5130 1977
5131 1605
5132 1906
5133 2907
5134 1697
5135 1697
5136 2470
5137 1808
5138 2907
5139 1957
5140 1957
5141 1854
5142 3044
5143 1855
5144 1574
5145 1760
5146 1978
5147 1819
5148 2012
5149 1978
5150 2012
5151 1978
5152 1676
5153 1689
5154 1689
5155 1689
5156 1689
5157 1917
5158 1893
5159 2460
5160 2509
5161 1442
5162 1897
5163 2509
5164 1417
5165 2509
5166 1417
5167 2415
5168 1776
5169 1328
5170 2415
5171 1328
5172 2046
5173 705
5174 2046
5175 374
5176 2338
5177 705
5178 908
5179 675
5180 705
5181 2338
5182 675
5183 1432
5184 675
5185 1223
5186 872
5187 945
5188 5085
5189 5085
5190 3793
5191 3665
5192 3665
5193 3646
5194 3435
5195 1888
5196 1404
5197 1977
5198 1808
5199 1854
