0 2057
1 2066
2 2064
3 5185
4 2067
5 2064
6 2075
7 2081
8 2050
9 2050
10 1956
11 1886
12 1845
13 1871
14 2132
15 2065
16 2942
17 2079
18 2132
19 2098
20 2950
21 2971
22 2915
23 2909
24 2956
25 2920
26 3105
27 2928
28 2995
29 3104
30 2958
31 2954
32 2979
33 3040
34 2979
35 3039
36 2915
37 2972
38 3106
39 2079
40 2098
41 2909
42 3104
43 3112
44 2113
45 2055
46 1973
47 2037
48 1967
49 1947
50 2058
51 2046
52 2075
53 1973
54 2075
55 1973
56 2909
57 2956
58 2914
59 2915
60 2951
61 2966
62 2969
63 2965
64 2966
65 2228
66 3047
67 2954
68 2986
69 2928
70 3082
71 2028
72 2018
73 2076
74 2057
75 2914
76 2107
77 2033
78 2939
79 2957
80 2913
81 2052
82 2066
83 2097
84 2883
85 2075
86 2960
87 2966
88 2228
89 2966
90 3053
91 3040
92 2979
93 3117
94 3023
95 3117
96 3099
97 2927
98 2919
99 3029
100 2956
101 2071
102 2065
103 2971
104 2966
105 2966
106 2966
107 2848
108 2966
109 2966
110 2133
111 2066
112 2070
113 3118
114 3029
115 2914
116 2985
117 2979
118 2975
119 2975
120 3040
121 2107
122 2075
123 2095
124 2244
125 2047
126 2003
127 1983
128 1883
129 1886
130 1878
131 1877
132 1943
133 1945
134 1877
135 1878
136 1881
137 1956
138 1948
139 1963
140 3040
141 2957
142 3110
143 2913
144 3073
145 2057
146 2066
147 5193
148 2054
149 2963
150 3052
151 2979
152 2097
153 1984
154 2066
155 2979
156 3108
157 2976
158 2970
159 2979
160 3040
161 2924
162 2837
163 2980
164 3052
165 3104
166 2978
167 2978
168 3063
169 2966
170 2966
171 2975
172 2848
173 2056
174 2066
175 2064
176 2062
177 2029
178 2064
179 2966
180 2979
181 2924
182 2962
183 1984
184 2068
185 2059
186 2054
187 2048
188 2011
189 1967
190 2036
191 2003
192 1883
193 1886
194 1905
195 1903
196 1942
197 1875
198 1859
199 1896
200 1777
201 1803
202 1720
203 1705
204 1721
205 1777
206 1828
207 1783
208 1827
209 1933
210 1941
211 1959
212 1976
213 1872
214 2051
215 2081
216 1953
217 1956
218 1896
219 1930
220 3100
221 3107
222 2978
223 2921
224 2030
225 2958
226 1984
227 2075
228 2011
229 2966
230 2054
231 1998
232 1976
233 2075
234 2030
235 2956
236 2914
237 2909
238 3099
239 2075
240 2054
241 2068
242 2962
243 2962
244 2974
245 2958
246 2054
247 2054
248 1976
249 1958
250 1976
251 2034
252 1948
253 1959
254 2966
255 2113
256 1976
257 1976
258 2049
259 1874
260 1887
261 1998
262 2011
263 2228
264 2958
265 2073
266 2073
267 2053
268 2966
269 2011
270 2069
271 2944
272 2071
273 2033
274 2095
275 2956
276 2013
277 2962
278 2848
279 3082
280 2055
281 2228
282 2073
283 2277
284 3073
285 2975
286 1976
287 2031
288 1976
289 2054
290 2001
291 1892
292 2068
293 1956
294 1953
295 1956
296 1959
297 2966
298 2966
299 2848
300 2975
301 2966
302 3015
303 2004
304 2004
305 2062
306 2075
307 2244
308 2851
309 2050
310 2037
311 2971
312 3108
313 2075
314 2062
315 1960
316 1835
317 1959
318 2848
319 2979
320 2952
321 3031
322 2939
323 2915
324 2939
325 2909
326 2909
327 2925
328 2098
329 2065
330 2098
331 2113
332 1953
333 2059
334 1980
335 1959
336 1835
337 2060
338 2014
339 1953
340 1947
341 1985
342 2010
343 2054
344 2029
345 2049
346 2060
347 1948
348 2129
349 2098
350 2129
351 2314
352 1997
353 2095
354 1892
355 1835
356 2068
357 2010
358 1948
359 2928
360 2954
361 3023
362 3047
363 2954
364 2050
365 1946
366 2962
367 3100
368 2985
369 2047
370 1922
371 2049
372 2060
373 1892
374 2966
375 3058
376 1890
377 1942
378 1844
379 1771
380 1822
381 1803
382 1742
383 1678
384 1602
385 1623
386 1687
387 1720
388 1748
389 1685
390 1700
391 2361
392 488
393 2401
394 585
395 477
396 2649
397 588
398 585
399 2404
400 2550
401 2550
402 2510
403 2500
404 2525
405 2524
406 2595
407 2596
408 2951
409 2097
410 2066
411 2064
412 1891
413 2837
414 1886
415 1956
416 1956
417 1888
418 1915
419 1924
420 1845
421 1766
422 1791
423 1792
424 1869
425 1878
426 1890
427 2021
428 2081
429 2095
430 2053
431 2047
432 2925
433 2979
434 2228
435 1973
436 1887
437 2081
438 1889
439 2966
440 2973
441 1948
442 3023
443 3015
444 2050
445 2971
446 1886
447 3118
448 1989
449 1922
450 1938
451 1839
452 1948
453 2970
454 2071
455 2960
456 3105
457 1878
458 1874
459 3100
460 2966
461 3107
462 2001
463 3041
464 2969
465 3102
466 2958
467 2956
468 1880
469 1890
470 1931
471 1884
472 1844
473 1872
474 1792
475 1823
476 1945
477 1948
478 1894
479 1910
480 1892
481 2034
482 1894
483 1859
484 1897
485 1896
486 1887
487 1948
488 1903
489 1884
490 1900
491 2019
492 1886
493 1878
494 1889
495 1884
496 1896
497 1894
498 1858
499 1767
500 1738
501 1602
502 1696
503 1701
504 1679
505 1748
506 1637
507 1595
508 1558
509 1600
510 1606
511 1645
512 1578
513 449
514 259
515 316
516 329
517 2477
518 614
519 2474
520 362
521 395
522 347
523 620
524 4
525 227
526 382
527 360
528 3326
529 3326
530 109
531 3329
532 4289
533 205
534 37
535 5199
536 4325
537 5205
538 1879
539 1884
540 1844
541 1884
542 1888
543 1875
544 1931
545 1890
546 1925
547 1925
548 1903
549 1898
550 1890
551 1945
552 1928
553 1839
554 1914
555 1916
556 1777
557 1822
558 1914
559 1766
560 1945
561 1853
562 1916
563 1853
564 1924
565 1896
566 1896
567 1914
568 1839
569 1926
570 1802
571 1945
572 1893
573 1933
574 1844
575 1868
576 1872
577 1841
578 1762
579 1935
580 1763
581 1869
582 1845
583 1869
584 1755
585 1737
586 1749
587 1792
588 1705
589 1603
590 1872
591 4140
592 3950
593 3958
594 4022
595 4076
596 3986
597 5064
598 5064
599 4022
600 4142
601 3963
602 4053
603 4011
604 4036
605 5039
606 4090
607 3974
608 5171
609 5175
610 4104
611 3980
612 4137
613 3965
614 3980
615 4108
616 4105
617 4861
618 4622
619 3613
620 3729
621 3668
622 3597
623 3620
624 3720
625 3662
626 3725
627 4704
628 3670
629 3685
630 3661
631 3963
632 4070
633 3986
634 3973
635 4011
636 5128
637 4138
638 4068
639 4073
640 3990
641 3986
642 4010
643 5124
644 3961
645 4078
646 4029
647 4041
648 4127
649 4051
650 1771
651 1840
652 3988
653 3963
654 4141
655 5126
656 5057
657 3971
658 4957
659 4094
660 3949
661 3966
662 4027
663 4089
664 3971
665 5202
666 4100
667 3968
668 3834
669 3855
670 3890
671 4139
672 3978
673 4011
674 4090
675 5145
676 4044
677 4043
678 3834
679 3937
680 3900
681 3782
682 1869
683 1933
684 1834
685 1782
686 470
687 1792
688 1837
689 1737
690 1869
691 4079
692 4036
693 5064
694 1766
695 5084
696 3953
697 5174
698 1849
699 1872
700 4096
701 1945
702 4137
703 5143
704 4843
705 4099
706 5023
707 3853
708 4092
709 1757
710 1869
711 1736
712 1756
713 1603
714 4041
715 4041
716 4041
717 3953
718 4086
719 3995
720 4078
721 4127
722 4077
723 4957
724 3971
725 3951
726 3969
727 5067
728 1827
729 5100
730 3977
731 4090
732 4092
733 4042
734 4833
735 3853
736 3862
737 4072
738 4076
739 3950
740 5094
741 4136
742 3951
743 4018
744 4000
745 4145
746 4078
747 5058
748 5096
749 4026
750 4010
751 1872
752 1802
753 1796
754 1766
755 1783
756 1796
757 1945
758 1560
759 1819
760 1814
761 1760
762 1720
763 1705
764 1704
765 1675
766 1704
767 1650
768 1771
769 1784
770 1826
771 1792
772 1737
773 1746
774 1869
775 4027
776 5104
777 4855
778 1784
779 1705
780 1705
781 1926
782 4139
783 4947
784 1926
785 1866
786 3853
787 4957
788 4096
789 3978
790 4037
791 4002
792 3961
793 4067
794 4120
795 4073
796 4078
797 1792
798 1678
799 1675
800 1763
801 3992
802 4965
803 3966
804 4105
805 1766
806 1825
807 1777
808 3811
809 3832
810 1827
811 3953
812 3970
813 4145
814 1771
815 4847
816 4080
817 1802
818 1804
819 1743
820 4041
821 4067
822 5044
823 5155
824 4098
825 1793
826 1792
827 4026
828 3806
829 4847
830 3880
831 3893
832 3600
833 3873
834 3832
835 1926
836 1816
837 472
838 1675
839 1804
840 4086
841 4008
842 4130
843 4127
844 3895
845 1736
846 1767
847 1869
848 3826
849 1763
850 1796
851 3971
852 4145
853 5175
854 1778
855 1733
856 4861
857 4863
858 5104
859 4943
860 4139
861 3863
862 1771
863 1703
864 1743
865 1587
866 1802
867 3807
868 3853
869 3853
870 3834
871 4105
872 3895
873 4027
874 3951
875 5146
876 3882
877 3967
878 1735
879 1785
880 4863
881 4034
882 4827
883 3853
884 3925
885 3862
886 1792
887 436
888 1592
889 1670
890 1679
891 1696
892 1676
893 436
894 1696
895 1679
896 1700
897 1736
898 1766
899 1792
900 3832
901 1793
902 1774
903 1743
904 436
905 4012
906 4026
907 3987
908 4099
909 3969
910 3885
911 4843
912 4804
913 5044
914 4906
915 1792
916 4847
917 4938
918 4105
919 5104
920 4099
921 472
922 1696
923 3867
924 1753
925 1753
926 1746
927 1652
928 1603
929 1603
930 1687
931 1707
932 1611
933 1609
934 1589
935 1589
936 1778
937 3910
938 3866
939 4623
940 4862
941 1692
942 1565
943 1676
944 1774
945 1802
946 1288
947 1509
948 734
949 799
950 799
951 1470
952 790
953 1287
954 885
955 1063
956 984
957 911
958 1185
959 1311
960 1308
961 1360
962 892
963 3988
964 5085
965 3900
966 4640
967 3912
968 4843
969 4855
970 4848
971 4062
972 5096
973 3952
974 3782
975 3625
976 3741
977 3686
978 3740
979 4683
980 4748
981 3737
982 3742
983 3628
984 3782
985 3698
986 3626
987 3756
988 3720
989 3745
990 3749
991 3437
992 3459
993 3763
994 3544
995 3450
996 3713
997 3493
998 3506
999 3526
1000 3563
1001 4209
1002 3281
1003 3282
1004 53
1005 3337
1006 3686
1007 3624
1008 3756
1009 4782
1010 3750
1011 3620
1012 3720
1013 3613
1014 3720
1015 3687
1016 3613
1017 3620
1018 3750
1019 3698
1020 3740
1021 4706
1022 3686
1023 3625
1024 3624
1025 3739
1026 3740
1027 3672
1028 3655
1029 3597
1030 3729
1031 3667
1032 3728
1033 3656
1034 3687
1035 3745
1036 3698
1037 3697
1038 3746
1039 3875
1040 1677
1041 3626
1042 4733
1043 3746
1044 3763
1045 3725
1046 3669
1047 3668
1048 3937
1049 4860
1050 1776
1051 1752
1052 1743
1053 3625
1054 3627
1055 3459
1056 3654
1057 4465
1058 3448
1059 3572
1060 3727
1061 3448
1062 3448
1063 3493
1064 3512
1065 3540
1066 4541
1067 3500
1068 3566
1069 3542
1070 3511
1071 4546
1072 4545
1073 4570
1074 4528
1075 4558
1076 3526
1077 3547
1078 3541
1079 4702
1080 3742
1081 4827
1082 4106
1083 1735
1084 1776
1085 1618
1086 3654
1087 3437
1088 4563
1089 3446
1090 3449
1091 3592
1092 3510
1093 3449
1094 3437
1095 1752
1096 1707
1097 3459
1098 3980
1099 5104
1100 3853
1101 3665
1102 3668
1103 3665
1104 3741
1105 4843
1106 3966
1107 4097
1108 4045
1109 3895
1110 3808
1111 3964
1112 5145
1113 3978
1114 3942
1115 4021
1116 5024
1117 1823
1118 1736
1119 3446
1120 3444
1121 1736
1122 1754
1123 1823
1124 470
1125 3939
1126 3620
1127 3618
1128 3627
1129 3749
1130 3750
1131 1737
1132 3937
1133 3933
1134 3459
1135 3544
1136 3750
1137 3912
1138 3665
1139 3725
1140 1705
1141 1703
1142 1802
1143 3745
1144 3698
1145 3749
1146 4726
1147 3628
1148 3657
1149 3655
1150 3654
1151 3732
1152 3620
1153 3868
1154 4816
1155 3912
1156 4860
1157 3756
1158 3739
1159 1677
1160 3720
1161 1676
1162 3597
1163 3893
1164 3875
1165 5104
1166 4103
1167 4100
1168 4855
1169 3822
1170 3807
1171 3894
1172 3664
1173 3634
1174 4532
1175 3749
1176 3670
1177 3620
1178 3853
1179 3713
1180 3512
1181 3535
1182 3491
1183 3543
1184 3654
1185 3459
1186 3446
1187 1724
1188 3620
1189 4027
1190 3763
1191 3631
1192 4502
1193 3551
1194 3479
1195 3523
1196 4482
1197 4482
1198 3138
1199 3148
1200 3462
1201 4166
1202 4205
1203 170
1204 3390
1205 51
1206 3210
1207 4318
1208 159
1209 220
1210 211
1211 5169
1212 3296
1213 3282
1214 165
1215 166
1216 180
1217 203
1218 220
1219 156
1220 4315
1221 3488
1222 3562
1223 3474
1224 3562
1225 4750
1226 3569
1227 3544
1228 1675
1229 3665
1230 3748
1231 3439
1232 3461
1233 3926
1234 3933
1235 3806
1236 3562
1237 3488
1238 3460
1239 3358
1240 3461
1241 3481
1242 4906
1243 3866
1244 4861
1245 4848
1246 4855
1247 3446
1248 3439
1249 3448
1250 1792
1251 3732
1252 3656
1253 3738
1254 3685
1255 3671
1256 3731
1257 3614
1258 3505
1259 3506
1260 3446
1261 3460
1262 3474
1263 3539
1264 3716
1265 4482
1266 3121
1267 4288
1268 3550
1269 3549
1270 3446
1271 3613
1272 3655
1273 3662
1274 4471
1275 3739
1276 3509
1277 3506
1278 3491
1279 472
1280 472
1281 3505
1282 3415
1283 4436
1284 3159
1285 4288
1286 4409
1287 4433
1288 3177
1289 3461
1290 3139
1291 3154
1292 3557
1293 4569
1294 3138
1295 3139
1296 4393
1297 3178
1298 3505
1299 3725
1300 4498
1301 3448
1302 3656
1303 4860
1304 4207
1305 3548
1306 4553
1307 3668
1308 3739
1309 3878
1310 3604
1311 3909
1312 3912
1313 4860
1314 3493
1315 3510
1316 3893
1317 3937
1318 3894
1319 3912
1320 4541
1321 4435
1322 3760
1323 3543
1324 3543
1325 3388
1326 4878
1327 3620
1328 3797
1329 1702
1330 3655
1331 3550
1332 3553
1333 4541
1334 4528
1335 4861
1336 3490
1337 3137
1338 1802
1339 3121
1340 3912
1341 4863
1342 3803
1343 3505
1344 3803
1345 1734
1346 3672
1347 3937
1348 3412
1349 3358
1350 1603
1351 3503
1352 3489
1353 1729
1354 1692
1355 3669
1356 3547
1357 3541
1358 3513
1359 3165
1360 1641
1361 1687
1362 1698
1363 2363
1364 297
1365 2451
1366 2427
1367 2500
1368 2560
1369 2568
1370 2552
1371 2569
1372 2548
1373 2645
1374 2656
1375 2665
1376 2682
1377 2738
1378 2740
1379 2743
1380 2738
1381 2790
1382 4861
1383 3894
1384 3394
1385 3912
1386 3616
1387 3505
1388 4482
1389 4906
1390 4042
1391 3539
1392 3550
1393 4545
1394 3478
1395 3727
1396 3645
1397 3631
1398 3757
1399 3631
1400 3412
1401 3620
1402 3478
1403 1647
1404 1650
1405 1610
1406 1589
1407 1558
1408 1701
1409 1592
1410 1610
1411 1605
1412 1563
1413 1684
1414 520
1415 3670
1416 3669
1417 4803
1418 4166
1419 3628
1420 3461
1421 1680
1422 1586
1423 1610
1424 600
1425 1601
1426 1586
1427 1664
1428 3797
1429 4394
1430 3160
1431 4318
1432 3283
1433 4306
1434 4436
1435 3158
1436 3523
1437 3549
1438 3540
1439 3546
1440 4863
1441 4195
1442 3148
1443 3550
1444 3157
1445 3155
1446 3387
1447 1696
1448 4288
1449 3158
1450 4640
1451 3505
1452 4525
1453 3563
1454 3662
1455 4863
1456 4843
1457 4843
1458 3522
1459 3559
1460 3719
1461 3519
1462 4739
1463 3439
1464 4207
1465 3544
1466 4288
1467 4421
1468 61
1469 4282
1470 4282
1471 4350
1472 4290
1473 4267
1474 3720
1475 3546
1476 4063
1477 3948
1478 4843
1479 4843
1480 4843
1481 4863
1482 4844
1483 3893
1484 3881
1485 3875
1486 3875
1487 3937
1488 3894
1489 3912
1490 4704
1491 3739
1492 4855
1493 4421
1494 1586
1495 1686
1496 1686
1497 1599
1498 1601
1499 1589
1500 1680
1501 1670
1502 1601
1503 1698
1504 1571
1505 455
1506 446
1507 441
1508 320
1509 356
1510 380
1511 1601
1512 3862
1513 1558
1514 1664
1515 3782
1516 3609
1517 3720
1518 3616
1519 4525
1520 3600
1521 1665
1522 1601
1523 1680
1524 1595
1525 1599
1526 1682
1527 1571
1528 1573
1529 625
1530 626
1531 1700
1532 499
1533 1587
1534 1693
1535 1640
1536 465
1537 450
1538 282
1539 578
1540 356
1541 222
1542 205
1543 3418
1544 4833
1545 4848
1546 3664
1547 4169
1548 3657
1549 1736
1550 1586
1551 1574
1552 1645
1553 429
1554 528
1555 262
1556 1574
1557 1697
1558 1682
1559 1563
1560 3853
1561 4105
1562 3965
1563 5089
1564 4137
1565 1586
1566 1685
1567 1574
1568 1748
1569 3803
1570 3729
1571 4783
1572 3458
1573 4288
1574 4415
1575 3415
1576 1574
1577 1645
1578 1571
1579 1699
1580 282
1581 282
1582 395
1583 388
1584 3731
1585 4585
1586 4685
1587 3770
1588 3672
1589 3670
1590 1583
1591 1682
1592 3716
1593 3446
1594 1601
1595 1574
1596 1598
1597 3749
1598 3745
1599 4524
1600 3491
1601 3573
1602 3509
1603 3520
1604 3508
1605 3625
1606 3742
1607 3740
1608 1680
1609 1680
1610 1586
1611 1558
1612 1601
1613 3513
1614 3461
1615 465
1616 457
1617 1568
1618 415
1619 1610
1620 3681
1621 3727
1622 3737
1623 3645
1624 3508
1625 1616
1626 1696
1627 1589
1628 1687
1629 1687
1630 1701
1631 3627
1632 1700
1633 1606
1634 1698
1635 3620
1636 4395
1637 4727
1638 3446
1639 1684
1640 3749
1641 1693
1642 1570
1643 3661
1644 3667
1645 3698
1646 3686
1647 3138
1648 3178
1649 4382
1650 3418
1651 1586
1652 1670
1653 1683
1654 427
1655 1683
1656 4288
1657 4290
1658 3275
1659 312
1660 3329
1661 3726
1662 1576
1663 1741
1664 1618
1665 1678
1666 4415
1667 4748
1668 4482
1669 3158
1670 1645
1671 1587
1672 3398
1673 3726
1674 3625
1675 1586
1676 1691
1677 1642
1678 1601
1679 4348
1680 87
1681 1698
1682 3613
1683 3713
1684 3448
1685 3452
1686 4782
1687 3629
1688 472
1689 109
1690 1606
1691 1685
1692 109
1693 4289
1694 305
1695 356
1696 306
1697 510
1698 303
1699 308
1700 282
1701 507
1702 317
1703 510
1704 329
1705 509
1706 541
1707 261
1708 509
1709 4563
1710 3452
1711 3446
1712 3508
1713 3493
1714 4379
1715 3670
1716 3687
1717 4290
1718 3592
1719 3477
1720 3387
1721 4378
1722 3763
1723 1571
1724 1822
1725 3329
1726 223
1727 3670
1728 1693
1729 1571
1730 255
1731 634
1732 519
1733 2345
1734 2355
1735 2347
1736 2438
1737 2448
1738 292
1739 326
1740 334
1741 372
1742 562
1743 383
1744 1568
1745 3738
1746 3481
1747 1686
1748 1605
1749 1622
1750 1618
1751 436
1752 1473
1753 1675
1754 798
1755 3326
1756 4704
1757 309
1758 13
1759 286
1760 320
1761 3505
1762 1682
1763 1696
1764 548
1765 4729
1766 1822
1767 1792
1768 4289
1769 628
1770 13
1771 264
1772 339
1773 128
1774 394
1775 440
1776 564
1777 334
1778 334
1779 2354
1780 13
1781 1696
1782 1678
1783 133
1784 3687
1785 4434
1786 87
1787 3698
1788 3740
1789 272
1790 3698
1791 309
1792 617
1793 265
1794 106
1795 3751
1796 4419
1797 3159
1798 4653
1799 389
1800 389
1801 382
1802 305
1803 4497
1804 4433
1805 552
1806 628
1807 307
1808 617
1809 460
1810 1699
1811 1699
1812 303
1813 262
1814 509
1815 3548
1816 580
1817 4188
1818 1604
1819 4585
1820 4471
1821 303
1822 315
1823 635
1824 3594
1825 94
1826 3727
1827 4195
1828 3177
1829 4496
1830 3562
1831 3135
1832 1643
1833 1618
1834 827
1835 510
1836 320
1837 106
1838 3749
1839 3645
1840 3707
1841 3326
1842 1697
1843 87
1844 3624
1845 399
1846 399
1847 283
1848 314
1849 471
1850 3265
1851 3399
1852 37
1853 3460
1854 3474
1855 4585
1856 4561
1857 1607
1858 1695
1859 1564
1860 1574
1861 1692
1862 505
1863 3630
1864 465
1865 3476
1866 3398
1867 3271
1868 360
1869 3773
1870 507
1871 4768
1872 3745
1873 3466
1874 1689
1875 1676
1876 1475
1877 878
1878 1571
1879 1585
1880 4207
1881 3527
1882 3271
1883 3449
1884 3716
1885 3707
1886 3642
1887 3165
1888 4419
1889 1573
1890 3452
1891 3745
1892 3562
1893 260
1894 261
1895 507
1896 1699
1897 3762
1898 1571
1899 261
1900 1583
1901 448
1902 494
1903 513
1904 4158
1905 4281
1906 3258
1907 1698
1908 4729
1909 3716
1910 3394
1911 3363
1912 4382
1913 82
1914 4788
1915 3448
1916 3450
1917 3634
1918 3713
1919 3565
1920 2405
1921 1596
1922 3401
1923 4288
1924 3726
1925 104
1926 416
1927 3524
1928 4545
1929 224
1930 3631
1931 315
1932 4570
1933 3557
1934 1802
1935 3494
1936 3510
1937 3750
1938 4554
1939 3506
1940 3543
1941 4785
1942 2348
1943 2348
1944 542
1945 585
1946 426
1947 1644
1948 2405
1949 2400
1950 3418
1951 4382
1952 3326
1953 264
1954 317
1955 3493
1956 4365
1957 4208
1958 4317
1959 147
1960 4368
1961 4485
1962 3135
1963 4598
1964 3420
1965 4207
1966 4362
1967 4583
1968 254
1969 308
1970 315
1971 3437
1972 3539
1973 4585
1974 107
1975 3271
1976 3488
1977 272
1978 4167
1979 4571
1980 3151
1981 3177
1982 320
1983 3161
1984 3365
1985 158
1986 195
1987 381
1988 3487
1989 3346
1990 3196
1991 3417
1992 167
1993 3365
1994 4416
1995 450
1996 298
1997 255
1998 315
1999 372
2000 133
2001 359
2002 3196
2003 3418
2004 3266
2005 537
2006 314
2007 1604
2008 4290
2009 3138
2010 3283
2011 254
2012 511
2013 1736
2014 1288
2015 708
2016 3421
2017 4420
2018 2344
2019 625
2020 528
2021 8
2022 39
2023 8
2024 247
2025 3506
2026 413
2027 1754
2028 4169
2029 3588
2030 4179
2031 3588
2032 288
2033 288
2034 4507
2035 4389
2036 3542
2037 3491
2038 317
2039 104
2040 391
2041 4350
2042 262
2043 1703
2044 3506
2045 4539
2046 3505
2047 449
2048 1695
2049 1695
2050 448
2051 461
2052 261
2053 463
2054 3556
2055 339
2056 282
2057 3506
2058 448
2059 1
2060 1676
2061 4570
2062 4495
2063 4394
2064 4289
2065 3562
2066 372
2067 1572
2068 1563
2069 1683
2070 1586
2071 4294
2072 519
2073 400
2074 507
2075 3418
2076 196
2077 4317
2078 3406
2079 61
2080 360
2081 1618
2082 4289
2083 643
2084 3505
2085 1574
2086 4350
2087 3251
2088 87
2089 310
2090 528
2091 554
2092 1
2093 282
2094 288
2095 2442
2096 448
2097 262
2098 4281
2099 310
2100 16
2101 128
2102 520
2103 1589
2104 4558
2105 4362
2106 2355
2107 441
2108 4384
2109 4194
2110 4500
2111 3524
2112 4545
2113 1322
2114 4289
2115 510
2116 3524
2117 1330
2118 1312
2119 1327
2120 1304
2121 1389
2122 1301
2123 1331
2124 1351
2125 1285
2126 882
2127 1158
2128 1294
2129 1276
2130 906
2131 1541
2132 1320
2133 950
2134 867
2135 1301
2136 3295
2137 402
2138 493
2139 427
2140 1569
2141 520
2142 622
2143 158
2144 3329
2145 1356
2146 4520
2147 4225
2148 492
2149 4189
2150 3135
2151 1351
2152 1304
2153 1293
2154 801
2155 3482
2156 303
2157 4389
2158 519
2159 2390
2160 626
2161 667
2162 427
2163 549
2164 520
2165 499
2166 643
2167 585
2168 4568
2169 1293
2170 882
2171 877
2172 901
2173 827
2174 4577
2175 1065
2176 1590
2177 493
2178 265
2179 3475
2180 1623
2181 1180
2182 1359
2183 1360
2184 1158
2185 907
2186 603
2187 519
2188 1571
2189 394
2190 3420
2191 1187
2192 1515
2193 1319
2194 893
2195 1065
2196 1354
2197 1276
2198 906
2199 1316
2200 912
2201 1144
2202 752
2203 576
2204 638
2205 573
2206 3363
2207 3296
2208 217
2209 1241
2210 1506
2211 1498
2212 1410
2213 1282
2214 1242
2215 1554
2216 977
2217 872
2218 1380
2219 1359
2220 1373
2221 1357
2222 1292
2223 902
2224 1285
2225 1276
2226 892
2227 1369
2228 1351
2229 1297
2230 1375
2231 1222
2232 1079
2233 1068
2234 1414
2235 1299
2236 937
2237 1364
2238 1425
2239 721
2240 938
2241 1147
2242 1346
2243 1166
2244 1158
2245 990
2246 1166
2247 1282
2248 954
2249 1323
2250 612
2251 735
2252 1696
2253 793
2254 1155
2255 984
2256 1316
2257 953
2258 951
2259 1343
2260 1274
2261 1350
2262 1294
2263 1325
2264 1308
2265 4427
2266 264
2267 801
2268 1389
2269 914
2270 1109
2271 785
2272 1118
2273 1499
2274 863
2275 1268
2276 1095
2277 948
2278 716
2279 1298
2280 1364
2281 760
2282 991
2283 1485
2284 1334
2285 977
2286 1496
2287 723
2288 1414
2289 1149
2290 737
2291 4370
2292 4373
2293 4408
2294 3171
2295 4343
2296 4408
2297 4338
2298 3330
2299 5166
2300 3220
2301 3288
2302 4309
2303 4234
2304 954
2305 1623
2306 434
2307 1354
2308 901
2309 1287
2310 761
2311 1324
2312 968
2313 1144
2314 1623
2315 3475
2316 3588
2317 380
2318 3399
2319 625
2320 925
2321 3252
2322 4572
2323 1386
2324 404
2325 1309
2326 1180
2327 529
2328 3414
2329 914
2330 211
2331 906
2332 1499
2333 710
2334 710
2335 1218
2336 4571
2337 1312
2338 779
2339 1072
2340 905
2341 809
2342 799
2343 1063
2344 1544
2345 867
2346 1180
2347 4178
2348 4307
2349 3282
2350 4218
2351 4309
2352 3337
2353 448
2354 2413
2355 2516
2356 377
2357 1285
2358 3149
2359 1287
2360 878
2361 1389
2362 1319
2363 1322
2364 709
2365 4380
2366 463
2367 444
2368 1198
2369 3362
2370 812
2371 789
2372 1380
2373 4609
2374 3363
2375 422
2376 4281
2377 251
2378 1500
2379 1492
2380 1253
2381 737
2382 996
2383 1252
2384 1111
2385 1220
2386 1040
2387 726
2388 1503
2389 861
2390 1005
2391 1054
2392 1050
2393 722
2394 1252
2395 1441
2396 801
2397 1402
2398 1116
2399 1223
2400 1364
2401 922
2402 1470
2403 1287
2404 1193
2405 1544
2406 4607
2407 4384
2408 3365
2409 3418
2410 403
2411 4190
2412 164
2413 3338
2414 164
2415 3277
2416 4312
2417 1161
2418 1402
2419 1262
2420 834
2421 334
2422 574
2423 1440
2424 4295
2425 204
2426 4198
2427 1321
2428 3588
2429 771
2430 3135
2431 477
2432 3294
2433 159
2434 559
2435 464
2436 1249
2437 1264
2438 859
2439 1003
2440 1228
2441 996
2442 131
2443 1200
2444 493
2445 1062
2446 954
2447 789
2448 827
2449 827
2450 808
2451 1529
2452 1393
2453 908
2454 1275
2455 970
2456 1193
2457 1193
2458 1319
2459 745
2460 1200
2461 1239
2462 1470
2463 1237
2464 1511
2465 1471
2466 1237
2467 1213
2468 3282
2469 1470
2470 4175
2471 158
2472 8
2473 668
2474 4318
2475 437
2476 1278
2477 4341
2478 2479
2479 789
2480 1193
2481 1238
2482 1527
2483 212
2484 1186
2485 3351
2486 648
2487 1402
2488 541
2489 1561
2490 626
2491 1341
2492 751
2493 948
2494 388
2495 1116
2496 1187
2497 1288
2498 34
2499 1683
2500 611
2501 4240
2502 204
2503 4277
2504 180
2505 4369
2506 5206
2507 3436
2508 831
2509 1561
2510 626
2511 221
2512 4274
2513 1180
2514 1180
2515 970
2516 1383
2517 391
2518 1082
2519 1067
2520 801
2521 1446
2522 780
2523 3189
2524 3192
2525 3377
2526 1300
2527 1321
2528 1389
2529 4427
2530 4427
2531 1124
2532 859
2533 461
2534 628
2535 4373
2536 4371
2537 3189
2538 4222
2539 3199
2540 1322
2541 4425
2542 561
2543 555
2544 249
2545 335
2546 19
2547 4373
2548 1373
2549 1333
2550 1299
2551 1186
2552 932
2553 871
2554 1319
2555 1293
2556 322
2557 616
2558 2359
2559 798
2560 657
2561 477
2562 796
2563 668
2564 478
2565 779
2566 1300
2567 282
2568 2442
2569 936
2570 1424
2571 1552
2572 1569
2573 626
2574 682
2575 500
2576 1569
2577 4370
2578 890
2579 282
2580 583
2581 729
2582 1441
2583 1553
2584 1450
2585 1193
2586 1343
2587 2362
2588 339
2589 4276
2590 4278
2591 151
2592 5178
2593 77
2594 735
2595 1357
2596 1242
2597 1340
2598 1695
2599 4241
2600 798
2601 1232
2602 1187
2603 1187
2604 1233
2605 794
2606 821
2607 20
2608 4401
2609 4338
2610 4152
2611 1180
2612 1094
2613 1466
2614 1067
2615 830
2616 1121
2617 1318
2618 1193
2619 619
2620 514
2621 792
2622 165
2623 736
2624 1309
2625 402
2626 1510
2627 1239
2628 1514
2629 805
2630 1319
2631 801
2632 1441
2633 729
2634 622
2635 1509
2636 1209
2637 4234
2638 4307
2639 3321
2640 4151
2641 4291
2642 3297
2643 1489
2644 1054
2645 1503
2646 1056
2647 1002
2648 360
2649 1475
2650 202
2651 696
2652 910
2653 970
2654 560
2655 1402
2656 1424
2657 1091
2658 977
2659 4239
2660 4272
2661 160
2662 4315
2663 4271
2664 50
2665 4235
2666 4271
2667 160
2668 3208
2669 703
2670 1391
2671 827
2672 784
2673 4351
2674 4269
2675 4420
2676 4268
2677 785
2678 381
2679 476
2680 1162
2681 376
2682 250
2683 2338
2684 2422
2685 2465
2686 365
2687 2449
2688 2450
2689 2365
2690 327
2691 258
2692 313
2693 292
2694 75
2695 422
2696 1084
2697 1024
2698 1071
2699 1003
2700 699
2701 1534
2702 1218
2703 1172
2704 2474
2705 2474
2706 1431
2707 2458
2708 1562
2709 1562
2710 4239
2711 156
2712 167
2713 84
2714 4234
2715 4234
2716 19
2717 5205
2718 3289
2719 3291
2720 3147
2721 4176
2722 3346
2723 3153
2724 4497
2725 23
2726 23
2727 137
2728 1154
2729 1157
2730 1377
2731 1542
2732 329
2733 1105
2734 448
2735 1196
2736 1300
2737 1232
2738 1279
2739 1622
2740 474
2741 798
2742 1359
2743 2361
2744 443
2745 409
2746 249
2747 1237
2748 1532
2749 1513
2750 978
2751 1323
2752 1391
2753 1279
2754 404
2755 257
2756 2347
2757 4272
2758 1410
2759 158
2760 205
2761 223
2762 385
2763 2456
2764 422
2765 1268
2766 995
2767 331
2768 531
2769 100
2770 4291
2771 206
2772 211
2773 1473
2774 499
2775 662
2776 2404
2777 1548
2778 1463
2779 1226
2780 34
2781 2390
2782 2354
2783 2398
2784 2384
2785 2423
2786 2439
2787 2499
2788 2524
2789 1381
2790 1501
2791 925
2792 2475
2793 2398
2794 2377
2795 2479
2796 160
2797 99
2798 46
2799 4316
2800 4150
2801 4177
2802 4380
2803 3283
2804 4218
2805 3153
2806 3151
2807 3582
2808 3146
2809 4575
2810 3187
2811 157
2812 583
2813 2381
2814 2380
2815 2448
2816 2342
2817 367
2818 2449
2819 2377
2820 2422
2821 1548
2822 1037
2823 1526
2824 1472
2825 1124
2826 1056
2827 305
2828 741
2829 395
2830 4427
2831 3422
2832 4291
2833 4291
2834 4432
2835 376
2836 134
2837 4450
2838 1548
2839 853
2840 461
2841 404
2842 1514
2843 3189
2844 3210
2845 3276
2846 3312
2847 3378
2848 3184
2849 59
2850 3585
2851 3355
2852 4173
2853 3191
2854 4360
2855 4312
2856 64
2857 3220
2858 3291
2859 4398
2860 163
2861 3289
2862 170
2863 188
2864 3146
2865 3175
2866 4492
2867 3355
2868 4392
2869 3378
2870 3378
2871 3383
2872 3277
2873 3351
2874 4370
2875 3189
2876 3174
2877 4506
2878 3561
2879 4182
2880 4182
2881 3579
2882 4506
2883 4551
2884 4548
2885 4596
2886 3575
2887 4548
2888 2453
2889 129
2890 354
2891 133
2892 388
2893 11
2894 857
2895 829
2896 464
2897 212
2898 1218
2899 4300
2900 3122
2901 44
2902 3316
2903 5201
2904 20
2905 164
2906 912
2907 160
2908 37
2909 224
2910 329
2911 2474
2912 2474
2913 4278
2914 4343
2915 4201
2916 191
2917 4374
2918 3198
2919 4216
2920 3170
2921 4165
2922 3170
2923 4499
2924 4499
2925 3500
2926 4539
2927 4604
2928 4487
2929 4575
2930 3500
2931 4583
2932 3482
2933 3581
2934 4492
2935 69
2936 881
2937 971
2938 4343
2939 894
2940 562
2941 133
2942 330
2943 1437
2944 729
2945 1178
2946 4271
2947 4180
2948 58
2949 3173
2950 4374
2951 3153
2952 4341
2953 4307
2954 40
2955 276
2956 562
2957 2474
2958 827
2959 346
2960 809
2961 680
2962 1231
2963 48
2964 161
2965 3211
2966 1226
2967 1514
2968 573
2969 573
2970 331
2971 156
2972 4351
2973 3182
2974 951
2975 914
2976 4234
2977 292
2978 2376
2979 331
2980 205
2981 323
2982 569
2983 167
2984 660
2985 3589
2986 1366
2987 46
2988 1227
2989 785
2990 371
2991 3316
2992 3135
2993 648
2994 387
2995 2438
2996 335
2997 3170
2998 137
2999 3283
3000 4223
3001 4409
3002 376
3003 3149
3004 3169
3005 4482
3006 4495
3007 3468
3008 3482
3009 4579
3010 4173
3011 99
3012 4442
3013 1064
3014 147
3015 3355
3016 3472
3017 3355
3018 4204
3019 319
3020 224
3021 625
3022 2413
3023 582
3024 659
3025 652
3026 662
3027 624
3028 1562
3029 611
3030 964
3031 169
3032 1055
3033 832
3034 911
3035 1248
3036 1109
3037 1212
3038 1306
3039 2389
3040 4425
3041 809
3042 1232
3043 1065
3044 4384
3045 3579
3046 3192
3047 3349
3048 4181
3049 4384
3050 302
3051 2390
3052 550
3053 221
3054 1424
3055 710
3056 1095
3057 1075
3058 1060
3059 1212
3060 287
3061 1323
3062 1322
3063 805
3064 169
3065 3283
3066 51
3067 1324
3068 625
3069 379
3070 1322
3071 983
3072 912
3073 3145
3074 3136
3075 4498
3076 4369
3077 4368
3078 3335
3079 2445
3080 2461
3081 4425
3082 4442
3083 615
3084 369
3085 2380
3086 889
3087 1288
3088 4602
3089 4603
3090 4593
3091 914
3092 3209
3093 1302
3094 949
3095 1212
3096 940
3097 1173
3098 1622
3099 799
3100 4575
3101 4502
3102 4176
3103 3466
3104 4609
3105 550
3106 2472
3107 2429
3108 1516
3109 785
3110 780
3111 1208
3112 4491
3113 4600
3114 885
3115 549
3116 2453
3117 2525
3118 2401
3119 4450
3120 4450
3121 4291
3122 132
3123 4291
3124 994
3125 614
3126 657
3127 713
3128 784
3129 1471
3130 4603
3131 573
3132 4318
3133 3362
3134 1160
3135 978
3136 4425
3137 964
3138 349
3139 618
3140 128
3141 1
3142 4279
3143 1395
3144 4599
3145 4603
3146 4506
3147 3582
3148 779
3149 4579
3150 1356
3151 721
3152 1332
3153 1424
3154 1480
3155 969
3156 1421
3157 562
3158 954
3159 3289
3160 4187
3161 3362
3162 4431
3163 3125
3164 4187
3165 3346
3166 412
3167 984
3168 2415
3169 2457
3170 2477
3171 332
3172 3580
3173 4551
3174 1377
3175 4180
3176 4505
3177 3587
3178 4548
3179 4491
3180 4181
3181 3380
3182 3179
3183 4286
3184 332
3185 567
3186 329
3187 562
3188 3151
3189 4500
3190 4595
3191 1278
3192 1312
3193 1358
3194 1183
3195 1084
3196 1171
3197 2370
3198 2471
3199 2421
3200 2524
3201 2533
3202 2490
3203 1226
3204 620
3205 1186
3206 1283
3207 1695
3208 624
3209 1320
3210 3482
3211 4551
3212 4547
3213 4549
3214 4594
3215 812
3216 1331
3217 4608
3218 4535
3219 4540
3220 4474
3221 3645
3222 3757
3223 4716
3224 3625
3225 3764
3226 4694
3227 4746
3228 4646
3229 4718
3230 4647
3231 3629
3232 3757
3233 3643
3234 3473
3235 2461
3236 4349
3237 1278
3238 1293
3239 1276
3240 1358
3241 1287
3242 1351
3243 4548
3244 1310
3245 476
3246 1327
3247 1362
3248 4522
3249 4563
3250 3762
3251 4782
3252 3629
3253 3623
3254 4695
3255 3739
3256 4693
3257 3770
3258 4764
3259 3748
3260 3623
3261 359
3262 3406
3263 635
3264 4450
3265 14
3266 4349
3267 3347
3268 4368
3269 1541
3270 1167
3271 1320
3272 1431
3273 4579
3274 391
3275 2359
3276 328
3277 687
3278 907
3279 1293
3280 4596
3281 2472
3282 1478
3283 1389
3284 902
3285 1292
3286 766
3287 919
3288 3498
3289 640
3290 2404
3291 2504
3292 2585
3293 1673
3294 4569
3295 4488
3296 4602
3297 3561
3298 3587
3299 4738
3300 4596
3301 3762
3302 4673
3303 4458
3304 4468
3305 4512
3306 4541
3307 2411
3308 893
3309 2351
3310 569
3311 4302
3312 867
3313 1330
3314 4599
3315 1541
3316 894
3317 1351
3318 1350
3319 721
3320 951
3321 1399
3322 3499
3323 1673
3324 2404
3325 3332
3326 4384
3327 2371
3328 951
3329 1274
3330 950
3331 1361
3332 1622
3333 1736
3334 4487
3335 562
3336 225
3337 222
3338 385
3339 1541
3340 562
3341 4540
3342 721
3343 4285
3344 362
3345 1363
3346 1347
3347 4579
3348 1387
3349 1401
3350 937
3351 1055
3352 1166
3353 4465
3354 4476
3355 4549
3356 3561
3357 4469
3358 3450
3359 4783
3360 4728
3361 4785
3362 4769
3363 4725
3364 4759
3365 4694
3366 4709
3367 4459
3368 4552
3369 4736
3370 4476
3371 129
3372 388
3373 3251
3374 257
3375 196
3376 159
3377 626
3378 917
3379 1351
3380 728
3381 3449
3382 4539
3383 331
3384 3245
3385 3293
3386 1413
3387 1296
3388 1552
3389 1496
3390 977
3391 721
3392 959
3393 1336
3394 4469
3395 1677
3396 4173
3397 2366
3398 51
3399 362
3400 904
3401 766
3402 1421
3403 739
3404 1055
3405 798
3406 4563
3407 4480
3408 4465
3409 4476
3410 2453
3411 2604
3412 376
3413 4225
3414 3418
3415 2357
3416 4600
3417 3482
3418 792
3419 934
3420 721
3421 937
3422 4536
3423 3587
3424 3493
3425 583
3426 4478
3427 4653
3428 4783
3429 397
3430 2443
3431 2390
3432 388
3433 4569
3434 359
3435 2379
3436 562
3437 4793
3438 4498
3439 4393
3440 404
3441 2457
3442 2517
3443 582
3444 2533
3445 4474
3446 3711
3447 3556
3448 437
3449 545
3450 546
3451 4471
3452 4654
3453 3645
3454 4747
3455 4732
3456 4765
3457 3740
3458 3670
3459 3734
3460 3721
3461 4619
3462 3687
3463 4692
3464 4563
3465 4465
3466 4648
3467 4588
3468 4653
3469 4776
3470 4776
3471 3623
3472 3765
3473 3626
3474 4777
3475 4733
3476 4769
3477 4776
3478 3149
3479 4495
3480 4425
3481 3176
3482 225
3483 391
3484 391
3485 4595
3486 4539
3487 4524
3488 4174
3489 3561
3490 4479
3491 4665
3492 3629
3493 3629
3494 3629
3495 3623
3496 4462
3497 4513
3498 3761
3499 4728
3500 4568
3501 4420
3502 562
3503 1213
3504 525
3505 4462
3506 657
3507 3520
3508 2448
3509 2381
3510 2568
3511 4603
3512 4540
3513 3704
3514 4759
3515 3623
3516 3701
3517 4653
3518 4732
3519 329
3520 4431
3521 4175
3522 4450
3523 549
3524 2404
3525 2586
3526 4602
3527 4493
3528 3760
3529 2533
3530 4593
3531 4470
3532 4479
3533 4776
3534 4479
3535 3749
3536 4759
3537 3762
3538 2523
3539 4402
3540 4195
3541 4377
3542 619
3543 562
3544 4774
3545 4469
3546 3704
3547 4479
3548 4291
3549 3442
3550 4601
3551 3293
3552 4509
3553 4593
3554 3762
3555 3643
3556 4549
3557 4386
3558 640
3559 4540
3560 4612
3561 397
3562 33
3563 2473
3564 3450
3565 2340
3566 332
3567 4735
3568 3472
3569 4694
3570 380
3571 354
3572 2379
3573 2471
3574 2403
3575 4267
3576 4728
3577 4722
3578 3625
3579 3700
3580 248
3581 4285
3582 2430
3583 388
3584 4648
3585 362
3586 4223
3587 2438
3588 616
3589 473
3590 1232
3591 1471
3592 616
3593 2461
3594 2449
3595 2376
3596 2443
3597 2465
3598 2382
3599 2461
3600 2473
3601 4746
3602 4796
3603 4707
3604 3735
3605 4792
3606 4876
3607 4933
3608 4879
3609 4862
3610 3783
3611 4804
3612 4079
3613 4960
3614 3987
3615 4135
3616 4070
3617 3953
3618 4117
3619 3984
3620 3953
3621 4015
3622 4070
3623 4146
3624 4740
3625 4616
3626 4616
3627 4796
3628 3152
3629 4866
3630 4919
3631 4863
3632 5059
3633 4847
3634 3914
3635 4879
3636 4879
3637 3791
3638 4863
3639 3933
3640 4833
3641 3812
3642 4062
3643 4824
3644 4871
3645 4833
3646 4843
3647 4848
3648 4934
3649 3921
3650 4879
3651 4881
3652 4639
3653 4638
3654 4740
3655 3994
3656 4879
3657 4916
3658 5101
3659 4863
3660 4863
3661 3914
3662 4833
3663 4012
3664 4103
3665 4105
3666 5112
3667 5112
3668 5059
3669 4829
3670 5059
3671 4863
3672 3918
3673 4803
3674 4866
3675 4848
3676 2507
3677 2445
3678 2554
3679 2399
3680 4511
3681 4525
3682 616
3683 3628
3684 3769
3685 4758
3686 3736
3687 4678
3688 4678
3689 4800
3690 4678
3691 3671
3692 3769
3693 4758
3694 4866
3695 4693
3696 2473
3697 2365
3698 2364
3699 4863
3700 4938
3701 4822
3702 4741
3703 4740
3704 4800
3705 2376
3706 562
3707 4722
3708 4699
3709 3684
3710 4674
3711 4467
3712 4177
3713 4847
3714 4863
3715 4861
3716 3452
3717 4579
3718 4549
3719 4526
3720 396
3721 266
3722 4863
3723 4863
3724 4863
3725 4629
3726 3380
3727 3151
3728 4674
3729 300
3730 4923
3731 4938
3732 4792
3733 4869
3734 3380
3735 3135
3736 2391
3737 4476
3738 4514
3739 4653
3740 567
3741 4693
3742 3346
3743 4682
3744 3738
3745 3673
3746 3738
3747 4610
3748 3917
3749 4861
3750 4861
3751 3921
3752 3591
3753 4198
3754 2341
3755 2450
3756 2351
3757 2359
3758 4938
3759 4800
3760 3596
3761 4629
3762 4639
3763 4740
3764 4539
3765 4565
3766 4539
3767 4527
3768 3532
3769 4488
3770 4583
3771 4822
3772 4879
3773 4876
3774 4939
3775 4866
3776 349
3777 4450
3778 4881
3779 4881
3780 3912
3781 4726
3782 2342
3783 2436
3784 2398
3785 4525
3786 4931
3787 3917
3788 4933
3789 4741
3790 3599
3791 4610
3792 4793
3793 569
3794 2351
3795 2365
3796 2364
3797 376
3798 4732
3799 362
3800 2474
3801 2425
3802 3671
3803 3724
3804 3599
3805 3294
3806 3412
3807 4187
3808 3553
3809 4372
3810 2387
3811 356
3812 336
3813 616
3814 2365
3815 4692
3816 3867
3817 3869
3818 4435
3819 614
3820 3918
3821 4894
3822 4935
3823 4583
3824 4291
3825 4267
3826 3730
3827 4595
3828 2466
3829 1231
3830 4638
3831 3174
3832 4654
3833 4866
3834 3579
3835 4608
3836 2552
3837 4614
3838 4614
3839 3740
3840 4524
3841 3532
3842 4466
3843 3713
3844 4529
3845 3713
3846 4470
3847 4563
3848 4291
3849 4431
3850 2502
3851 4848
3852 4103
3853 4105
3854 4103
3855 4105
3856 4843
3857 5059
3858 5102
3859 5059
3860 3809
3861 4866
3862 4948
3863 4827
3864 3811
3865 4939
3866 4811
3867 4879
3868 4935
3869 3806
3870 3783
3871 3809
3872 4916
3873 4862
3874 3933
3875 4922
3876 4931
3877 4912
3878 3721
3879 4811
3880 4939
3881 3939
3882 4932
3883 4933
3884 4812
3885 3918
3886 4870
3887 4866
3888 5170
3889 4225
3890 4267
3891 2387
3892 2424
3893 2381
3894 2365
3895 380
3896 3684
3897 3676
3898 4498
3899 4482
3900 2512
3901 2597
3902 4746
3903 4646
3904 3599
3905 4463
3906 2378
3907 2422
3908 4728
3909 226
3910 4811
3911 4822
3912 4466
3913 4468
3914 2449
3915 2378
3916 4514
3917 3418
3918 4918
3919 2457
3920 2557
3921 2542
3922 2376
3923 354
3924 2365
3925 4626
3926 4680
3927 4639
3928 2457
3929 3894
3930 2387
3931 2545
3932 2502
3933 2507
3934 2378
3935 2417
3936 2491
3937 2583
3938 2696
3939 4862
3940 4879
3941 3698
3942 4760
3943 4162
3944 3669
3945 4793
3946 4827
3947 3623
3948 4916
3949 2493
3950 2569
3951 2570
3952 2398
3953 3782
3954 3591
3955 3796
3956 4513
3957 2373
3958 545
3959 2373
3960 2448
3961 1617
3962 4432
3963 3320
3964 2417
3965 4762
3966 3596
3967 4510
3968 4168
3969 4285
3970 4783
3971 4783
3972 4645
3973 4833
3974 4042
3975 4539
3976 4530
3977 4172
3978 640
3979 4862
3980 2340
3981 3878
3982 4934
3983 4978
3984 5059
3985 4827
3986 4848
3987 4843
3988 3869
3989 2376
3990 2423
3991 2373
3992 2430
3993 2502
3994 2517
3995 2553
3996 2554
3997 2501
3998 2545
3999 2631
4000 2701
4001 2820
4002 2661
4003 2669
4004 2555
4005 2579
4006 2595
4007 2387
4008 2381
4009 3562
4010 2424
4011 3721
4012 4079
4013 3990
4014 3987
4015 4130
4016 4144
4017 4102
4018 3811
4019 5155
4020 4097
4021 5044
4022 4098
4023 5145
4024 4095
4025 3965
4026 4100
4027 3969
4028 3969
4029 3951
4030 4036
4031 5071
4032 4099
4033 4103
4034 4963
4035 4966
4036 3980
4037 5175
4038 5145
4039 4098
4040 5073
4041 4094
4042 4118
4043 4107
4044 4079
4045 5072
4046 3988
4047 5139
4048 4956
4049 3990
4050 5126
4051 3963
4052 4092
4053 4137
4054 5021
4055 4978
4056 4063
4057 4963
4058 4097
4059 4978
4060 4102
4061 4048
4062 4965
4063 4105
4064 4906
4065 2342
4066 4693
4067 3493
4068 2449
4069 3671
4070 4639
4071 4923
4072 5089
4073 5148
4074 5139
4075 3988
4076 4053
4077 3953
4078 5078
4079 4090
4080 4978
4081 3811
4082 2499
4083 2490
4084 4479
4085 3629
4086 2342
4087 3813
4088 4804
4089 3967
4090 5155
4091 3963
4092 4022
4093 4025
4094 4083
4095 3975
4096 5174
4097 3988
4098 3942
4099 4136
4100 3500
4101 4598
4102 3151
4103 4624
4104 3665
4105 2428
4106 3782
4107 4860
4108 3998
4109 4863
4110 4097
4111 4114
4112 4017
4113 4023
4114 4090
4115 4097
4116 4076
4117 4083
4118 4117
4119 3956
4120 5084
4121 4986
4122 4132
4123 5052
4124 4585
4125 2583
4126 1675
4127 4267
4128 2449
4129 3262
4130 4195
4131 2371
4132 4639
4133 4733
4134 4500
4135 4386
4136 2449
4137 4380
4138 3761
4139 3953
4140 3956
4141 2585
4142 4674
4143 4565
4144 4762
4145 4726
4146 4868
4147 4539
4148 548
4149 3245
4150 544
4151 2377
4152 3282
4153 2556
4154 4539
4155 3762
4156 4693
4157 2417
4158 4843
4159 4866
4160 4167
4161 4862
4162 4644
4163 4719
4164 4785
4165 3760
4166 4704
4167 3500
4168 4373
4169 3684
4170 3671
4171 3684
4172 3672
4173 4393
4174 2585
4175 4595
4176 3471
4177 3545
4178 4522
4179 4466
4180 4862
4181 4857
4182 4876
4183 4688
4184 4674
4185 3450
4186 2439
4187 2521
4188 376
4189 3412
4190 2373
4191 4395
4192 3749
4193 3970
4194 3973
4195 3957
4196 2557
4197 4470
4198 4479
4199 4728
4200 3670
4201 4756
4202 2422
4203 4611
4204 2443
4205 4070
4206 4674
4207 4173
4208 3491
4209 2560
4210 4514
4211 4639
4212 3740
4213 4765
4214 3349
4215 4576
4216 3294
4217 3450
4218 2608
4219 3532
4220 4529
4221 2581
4222 3731
4223 4634
4224 3668
4225 3725
4226 4209
4227 3745
4228 2439
4229 3874
4230 3893
4231 4869
4232 4879
4233 4223
4234 4402
4235 4677
4236 4166
4237 2502
4238 2524
4239 3687
4240 5104
4241 4369
4242 3147
4243 4471
4244 4380
4245 2532
4246 4938
4247 4814
4248 4822
4249 4749
4250 3736
4251 4740
4252 4610
4253 4868
4254 4053
4255 4514
4256 4733
4257 4725
4258 4514
4259 4395
4260 4514
4261 3731
4262 4866
4263 4217
4264 4782
4265 4746
4266 3665
4267 3660
4268 4793
4269 4879
4270 4132
4271 3957
4272 3988
4273 4129
4274 4502
4275 4745
4276 3666
4277 4888
4278 4941
4279 3868
4280 4863
4281 4938
4282 4862
4283 4938
4284 3921
4285 2694
4286 4654
4287 3629
4288 4691
4289 3939
4290 2555
4291 2681
4292 2677
4293 2604
4294 2552
4295 2696
4296 2681
4297 2666
4298 2611
4299 2740
4300 1022
4301 2795
4302 2801
4303 2814
4304 2820
4305 2826
4306 1976
4307 2834
4308 2800
4309 2589
4310 4653
4311 4921
4312 4921
4313 2597
4314 4866
4315 4099
4316 2548
4317 2631
4318 4783
4319 3761
4320 3762
4321 4863
4322 4863
4323 4083
4324 2650
4325 4783
4326 4117
4327 4094
4328 3808
4329 4062
4330 4836
4331 4916
4332 2552
4333 3957
4334 4076
4335 5174
4336 3973
4337 3795
4338 4083
4339 4938
4340 4861
4341 3814
4342 4863
4343 3878
4344 4885
4345 2517
4346 2490
4347 2584
4348 2583
4349 2576
4350 2607
4351 2576
4352 2489
4353 2434
4354 2600
4355 2523
4356 2532
4357 2617
4358 2608
4359 2633
4360 2719
4361 2715
4362 2691
4363 2691
4364 2724
4365 2697
4366 2542
4367 1618
4368 2583
4369 2548
4370 2569
4371 2544
4372 2556
4373 2535
4374 2489
4375 2599
4376 2649
4377 2482
4378 3980
4379 2544
4380 2642
4381 2599
4382 2597
4383 3953
4384 2695
4385 2694
4386 4935
4387 3809
4388 4129
4389 3988
4390 4053
4391 3989
4392 4023
4393 4141
4394 3834
4395 2583
4396 2556
4397 2556
4398 5126
4399 2648
4400 2589
4401 2650
4402 2579
4403 4097
4404 4027
4405 4136
4406 2616
4407 2617
4408 2652
4409 2638
4410 2583
4411 2653
4412 2693
4413 1676
4414 2583
4415 2642
4416 2616
4417 2633
4418 2671
4419 2784
4420 2795
4421 2698
4422 2608
4423 2576
4424 2569
4425 2724
4426 5052
4427 2695
4428 2543
4429 2586
4430 4036
4431 4090
4432 4094
4433 4090
4434 4107
4435 4093
4436 4050
4437 5074
4438 5084
4439 4973
4440 4090
4441 4098
4442 2542
4443 2694
4444 4099
4445 4973
4446 2718
4447 2740
4448 2849
4449 2668
4450 2646
4451 2706
4452 2542
4453 2586
4454 2613
4455 2695
4456 2555
4457 2635
4458 2515
4459 2589
4460 2537
4461 2547
4462 2544
4463 2682
4464 2692
4465 2635
4466 2548
4467 2750
4468 2668
4469 2687
4470 2694
4471 2740
4472 2668
4473 2690
4474 2642
4475 2634
4476 2699
4477 2745
4478 2625
4479 2653
4480 2625
4481 2668
4482 2670
4483 2691
4484 2710
4485 2814
4486 2849
4487 2797
4488 2846
4489 2769
4490 2778
4491 2835
4492 2755
4493 2031
4494 2879
4495 2866
4496 2870
4497 2873
4498 1973
4499 2067
4500 2039
4501 2018
4502 1985
4503 2070
4504 2131
4505 2118
4506 2194
4507 2159
4508 2287
4509 2151
4510 2151
4511 2146
4512 2287
4513 2275
4514 2152
4515 2194
4516 2241
4517 2172
4518 2144
4519 2139
4520 2319
4521 2123
4522 2678
4523 2794
4524 2743
4525 2800
4526 2756
4527 3002
4528 2814
4529 2800
4530 2697
4531 2659
4532 1859
4533 2734
4534 2671
4535 2659
4536 2645
4537 2555
4538 2653
4539 2672
4540 2820
4541 2801
4542 2819
4543 1859
4544 2796
4545 2721
4546 1886
4547 2827
4548 2823
4549 2790
4550 2827
4551 2841
4552 2801
4553 2826
4554 2826
4555 2692
4556 2849
4557 2795
4558 2784
4559 2721
4560 2686
4561 2820
4562 2670
4563 2697
4564 1956
4565 2683
4566 2669
4567 2627
4568 2800
4569 1956
4570 2642
4571 2688
4572 2672
4573 2701
4574 2657
4575 2795
4576 2034
4577 1892
4578 2796
4579 2733
4580 1886
4581 2757
4582 2801
4583 1883
4584 2807
4585 2728
4586 2827
4587 2852
4588 5164
4589 2069
4590 2069
4591 2884
4592 2107
4593 2079
4594 2236
4595 2071
4596 2070
4597 2115
4598 2236
4599 2123
4600 2911
4601 2124
4602 2322
4603 1996
4604 2070
4605 2070
4606 2070
4607 2084
4608 2133
4609 2068
4610 2062
4611 2059
4612 2866
4613 5188
4614 2801
4615 2827
4616 2807
4617 2764
4618 2079
4619 2801
4620 2795
4621 1956
4622 2940
4623 2812
4624 2807
4625 2784
4626 1859
4627 1859
4628 2831
4629 2866
4630 2747
4631 3065
4632 2837
4633 2795
4634 2829
4635 2740
4636 2733
4637 2738
4638 2818
4639 2841
4640 2778
4641 2756
4642 5188
4643 2853
4644 2055
4645 2738
4646 2879
4647 2753
4648 2850
4649 2844
4650 2693
4651 2668
4652 2144
4653 2331
4654 2335
4655 2194
4656 2150
4657 2159
4658 2198
4659 2241
4660 2152
4661 2154
4662 2149
4663 2161
4664 2151
4665 2065
4666 2079
4667 2144
4668 2118
4669 2188
4670 2146
4671 2139
4672 2312
4673 2302
4674 2070
4675 2801
4676 2652
4677 2690
4678 2246
4679 2262
4680 2192
4681 2193
4682 2274
4683 2204
4684 2239
4685 2091
4686 2756
4687 2801
4688 2150
4689 2191
4690 2156
4691 2850
4692 2850
4693 2670
4694 2816
4695 2142
4696 2144
4697 2194
4698 2151
4699 2205
4700 2286
4701 2680
4702 2614
4703 2816
4704 2614
4705 2163
4706 2146
4707 2204
4708 2769
4709 3064
4710 2853
4711 2200
4712 2820
4713 2837
4714 2800
4715 2800
4716 2123
4717 2768
4718 2196
4719 2213
4720 2132
4721 2007
4722 2070
4723 2091
4724 2129
4725 2176
4726 2835
4727 2800
4728 2098
4729 2196
4730 2804
4731 2811
4732 2824
4733 2186
4734 2156
4735 2158
4736 2319
4737 2213
4738 2832
4739 2799
4740 2800
4741 2194
4742 2031
4743 2755
4744 2238
4745 2731
4746 2044
4747 2095
4748 2051
4749 2769
4750 2780
4751 2804
4752 2135
4753 2740
4754 2118
4755 2202
4756 2098
4757 2850
4758 1976
4759 2139
4760 2123
4761 2816
4762 2931
4763 1995
4764 2172
4765 2801
4766 1973
4767 1884
4768 2144
4769 2065
4770 2092
4771 2094
4772 2866
4773 2880
4774 2308
4775 2030
4776 2790
4777 2831
4778 2067
4779 2795
4780 2795
4781 2820
4782 2065
4783 2113
4784 2071
4785 2057
4786 2030
4787 2016
4788 2098
4789 2330
4790 2727
4791 2079
4792 2098
4793 2131
4794 2124
4795 2755
4796 2840
4797 2260
4798 2154
4799 2287
4800 2151
4801 2884
4802 5185
4803 2154
4804 2079
4805 2071
4806 2176
4807 2057
4808 2039
4809 2065
4810 2092
4811 2070
4812 2095
4813 2152
4814 2197
4815 2075
4816 2030
4817 1976
4818 2851
4819 2257
4820 2033
4821 2260
4822 2820
4823 2057
4824 2107
4825 2018
4826 2113
4827 1881
4828 2801
4829 2800
4830 2070
4831 2123
4832 2176
4833 1996
4834 2314
4835 2165
4836 2182
4837 2319
4838 2118
4839 2326
4840 2755
4841 1859
4842 2144
4843 2337
4844 2936
4845 2236
4846 2129
4847 2124
4848 2135
4849 2814
4850 2754
4851 2788
4852 2854
4853 2056
4854 2899
4855 2094
4856 2062
4857 2849
4858 2852
4859 2771
4860 2319
4861 2324
4862 2336
4863 2323
4864 2334
4865 2311
4866 1996
4867 2261
4868 2129
4869 2931
4870 2018
4871 2239
4872 2139
4873 2183
4874 2028
4875 2057
4876 2097
4877 2107
4878 1995
4879 2777
4880 2706
4881 2850
4882 2007
4883 1995
4884 2852
4885 2232
4886 2193
4887 2153
4888 2165
4889 2065
4890 2132
4891 2168
4892 2175
4893 2138
4894 2143
4895 2771
4896 2850
4897 2850
4898 2128
4899 2023
4900 2800
4901 2808
4902 2059
4903 2181
4904 2131
4905 2311
4906 1985
4907 2259
4908 2284
4909 2199
4910 2185
4911 2021
4912 2030
4913 2057
4914 2057
4915 5165
4916 2851
4917 2054
4918 2030
4919 2930
4920 1976
4921 2799
4922 2330
4923 2187
4924 5164
4925 2132
4926 1993
4927 2883
4928 2081
4929 2132
4930 2144
4931 2788
4932 2236
4933 2165
4934 2097
4935 2056
4936 1984
4937 2066
4938 2788
4939 2040
4940 2883
4941 2143
4942 2030
4943 2061
4944 2057
4945 2071
4946 1985
4947 2071
4948 2332
4949 2057
4950 2118
4951 2312
4952 2121
4953 2144
4954 1996
4955 2236
4956 2121
4957 2091
4958 1996
4959 2165
4960 2314
4961 1996
4962 2129
4963 2970
4964 2069
4965 2980
4966 2968
4967 2980
4968 2980
4969 2055
4970 2975
4971 3053
4972 2938
4973 2975
4974 2963
4975 2963
4976 2979
4977 3025
4978 3023
4979 2963
4980 3036
4981 2958
4982 3948
4983 5202
4984 4022
4985 5124
4986 3953
4987 4104
4988 4095
4989 3948
4990 3961
4991 3992
4992 4002
4993 5021
4994 4137
4995 4134
4996 4136
4997 4965
4998 3998
4999 4041
5000 3998
5001 3965
5002 3951
5003 5146
5004 4062
5005 5171
5006 4095
5007 4104
5008 3980
5009 5143
5010 3948
5011 3977
5012 4137
5013 3951
5014 4080
5015 4108
5016 4107
5017 4005
5018 4096
5019 5111
5020 4108
5021 4096
5022 4073
5023 4078
5024 4111
5025 4063
5026 4137
5027 4105
5028 4098
5029 4022
5030 5128
5031 5072
5032 3964
5033 3969
5034 3982
5035 4134
5036 4957
5037 3972
5038 4080
5039 1647
5040 1702
5041 1720
5042 1724
5043 1752
5044 1603
5045 1761
5046 1767
5047 1707
5048 1704
5049 1704
5050 1587
5051 1752
5052 1692
5053 1743
5054 1658
5055 1752
5056 1677
5057 4145
5058 723
5059 5156
5060 872
5061 1456
5062 928
5063 1335
5064 4345
5065 4234
5066 4351
5067 3375
5068 3353
5069 4456
5070 196
5071 5205
5072 5176
5073 76
5074 3302
5075 3988
5076 4063
5077 5180
5078 3987
5079 4062
5080 3811
5081 4948
5082 4968
5083 5208
5084 4096
5085 4960
5086 4959
5087 4866
5088 5155
5089 4866
5090 5038
5091 5038
5092 4043
5093 5038
5094 5038
5095 4105
5096 4103
5097 5038
5098 4847
5099 4978
5100 4103
5101 3948
5102 5089
5103 3942
5104 5064
5105 3950
5106 4022
5107 4105
5108 5038
5109 4097
5110 4090
5111 4139
5112 5073
5113 3980
5114 4978
5115 4948
5116 3968
5117 2557
5118 2486
5119 2486
5120 2378
5121 2430
5122 2524
5123 2529
5124 2540
5125 2492
5126 2533
5127 2517
5128 2397
5129 3981
5130 2159
5131 2851
5132 2152
5133 2151
5134 2067
5135 2161
5136 2193
5137 2751
5138 2113
5139 2337
5140 2158
5141 2033
5142 2275
5143 2146
5144 2834
5145 2148
5146 2194
5147 2152
5148 2194
5149 1884
5150 5059
5151 5059
5152 3968
5153 3809
5154 44
5155 4337
5156 176
5157 4316
5158 4236
5159 4309
5160 43
5161 5205
5162 3286
5163 3210
5164 4230
5165 4313
5166 4360
5167 170
5168 4313
5169 79
5170 3129
5171 3210
5172 4403
5173 191
5174 4360
5175 3336
5176 3198
5177 3375
5178 4309
5179 31
5180 3381
5181 55
5182 4242
5183 79
5184 3203
5185 5194
5186 70
5187 43
5188 168
5189 28
5190 3290
5191 4310
5192 5194
5193 23
5194 23
5195 4408
5196 5204
5197 4833
5198 2000
5199 2059
