0 3427
1 3337
2 1147
3 3410
4 1151
5 3410
6 1151
7 1151
8 1161
9 1151
10 3424
11 3429
12 1163
13 1146
14 3420
15 1162
16 4132
17 3422
18 1173
19 1164
20 3436
21 3417
22 3426
23 3429
24 3404
25 3404
26 1140
27 1151
28 4131
29 3341
30 3417
31 1161
32 1151
33 3430
34 1161
35 3407
36 3324
37 110
38 3449
39 1154
40 1149
41 3413
42 1157
43 3418
44 1155
45 2382
46 3413
47 58
48 3407
49 4105
50 3407
51 3413
52 3410
53 1161
54 3436
55 1150
56 3436
57 1161
58 3414
59 1151
60 3420
61 1146
62 3405
63 1151
64 1164
65 1156
66 3407
67 1113
68 1152
69 3327
70 3374
71 3424
72 3422
73 3424
74 1116
75 1116
76 3416
77 3407
78 4130
79 2335
80 1869
81 3381
82 1117
83 1156
84 4132
85 1156
86 3411
87 3337
88 3404
89 1130
90 1860
91 3337
92 3405
93 1158
94 3424
95 3411
96 3400
97 1161
98 1162
99 3441
100 1150
101 3380
102 1162
103 3338
104 3417
105 1156
106 21
107 3429
108 4111
109 1152
110 4132
111 2311
112 4534
113 2313
114 4115
115 3351
116 4114
117 1854
118 107
119 1853
120 29
121 80
122 3351
123 87
124 2383
125 2345
126 2341
127 2335
128 3324
129 1152
130 3380
131 3374
132 3377
133 3435
134 2335
135 3374
136 3398
137 3384
138 1111
139 3389
140 3390
141 3398
142 3398
143 3375
144 1187
145 3324
146 3381
147 1119
148 3381
149 1173
150 3431
151 4107
152 1062
153 123
154 2364
155 38
156 2290
157 75
158 1174
159 3443
160 4115
161 3443
162 1182
163 103
164 43
165 110
166 122
167 1088
168 107
169 1851
170 3398
171 1847
172 1850
173 116
174 1845
175 1850
176 3454
177 4108
178 3435
179 1170
180 3430
181 4127
182 1150
183 1170
184 1161
185 1170
186 3332
187 3428
188 3424
189 1161
190 1066
191 3432
192 3414
193 3402
194 3429
195 1168
196 1158
197 1083
198 1066
199 1072
200 3338
201 1147
202 1147
203 3337
204 1163
205 1161
206 1137
207 3403
208 1860
209 3439
210 1843
211 2356
212 3403
213 1070
214 1073
215 3432
216 3413
217 3329
218 3432
219 3429
220 31
221 53
222 53
223 27
224 93
225 1095
226 3336
227 1155
228 1083
229 1103
230 1100
231 3359
232 1099
233 3364
234 17
235 3362
236 3362
237 1074
238 1083
239 3359
240 1090
241 1074
242 1081
243 1073
244 1095
245 3359
246 1145
247 98
248 3344
249 3363
250 1145
251 1081
252 102
253 2311
254 23
255 56
256 8
257 56
258 26
259 26
260 16
261 1855
262 2318
263 2309
264 1838
265 102
266 2371
267 1863
268 114
269 72
270 57
271 53
272 73
273 37
274 2393
275 2317
276 38
277 102
278 120
279 35
280 1861
281 14
282 1082
283 96
284 117
285 35
286 1841
287 70
288 2308
289 1082
290 1857
291 76
292 1074
293 37
294 94
295 74
296 93
297 121
298 2342
299 2278
300 2342
301 67
302 60
303 1851
304 3371
305 9
306 122
307 1088
308 3371
309 1188
310 1087
311 2342
312 3364
313 3440
314 3339
315 22
316 3363
317 56
318 92
319 68
320 113
321 113
322 102
323 101
324 4194
325 1905
326 4097
327 4201
328 4097
329 4097
330 1888
331 1942
332 3850
333 1942
334 1888
335 3850
336 4201
337 4202
338 1906
339 4098
340 1934
341 3895
342 1888
343 1586
344 4097
345 4201
346 4202
347 4203
348 4207
349 4201
350 4196
351 4203
352 1905
353 4097
354 1587
355 4097
356 4201
357 4203
358 4097
359 1586
360 1905
361 4196
362 4166
363 4239
364 406
365 4204
366 4239
367 4240
368 4240
369 4149
370 1931
371 4167
372 4202
373 1495
374 1435
375 2679
376 4173
377 1340
378 1988
379 2679
380 3761
381 1449
382 1435
383 4167
384 1983
385 2532
386 1988
387 3710
388 3710
389 4202
390 1540
391 1892
392 405
393 1892
394 4149
395 1932
396 140
397 1892
398 1892
399 1338
400 1334
401 1538
402 1892
403 1533
404 346
405 214
406 4009
407 1412
408 216
409 1412
410 3711
411 3709
412 1748
413 3698
414 3709
415 3799
416 328
417 3798
418 329
419 4181
420 3798
421 1408
422 3761
423 1529
424 3849
425 3698
426 1586
427 144
428 1921
429 680
430 374
431 366
432 1924
433 1434
434 136
435 1911
436 1881
437 1602
438 1378
439 1315
440 144
441 1378
442 619
443 1538
444 1569
445 1334
446 1328
447 1329
448 1889
449 1884
450 1885
451 1883
452 1921
453 1943
454 1921
455 1920
456 675
457 324
458 1499
459 401
460 1891
461 1538
462 1540
463 1334
464 140
465 1537
466 140
467 1334
468 671
469 1321
470 1474
471 1325
472 622
473 393
474 399
475 667
476 1328
477 143
478 1888
479 1934
480 128
481 128
482 1888
483 1934
484 1912
485 1888
486 1889
487 1588
488 1588
489 1911
490 452
491 1936
492 1588
493 1912
494 144
495 1537
496 1539
497 1537
498 1334
499 1932
500 1888
501 1888
502 144
503 1537
504 1536
505 1499
506 404
507 1334
508 1328
509 1538
510 1934
511 1912
512 1945
513 1945
514 1589
515 279
516 1938
517 1634
518 1947
519 1634
520 1946
521 1634
522 1634
523 234
524 1589
525 279
526 279
527 278
528 2559
529 3897
530 1945
531 1945
532 163
533 1589
534 1939
535 2557
536 283
537 3935
538 1973
539 280
540 450
541 2435
542 437
543 2435
544 282
545 1648
546 283
547 3935
548 1647
549 2557
550 3935
551 3935
552 283
553 2557
554 1971
555 280
556 255
557 529
558 3323
559 1676
560 1676
561 1676
562 3322
563 437
564 218
565 1058
566 3883
567 2722
568 2802
569 1676
570 1676
571 3936
572 2435
573 3322
574 1977
575 236
576 4236
577 2530
578 1059
579 218
580 2841
581 2716
582 435
583 568
584 1043
585 1042
586 3304
587 3091
588 1671
589 3318
590 825
591 569
592 2841
593 3309
594 1033
595 1033
596 3282
597 3301
598 2501
599 3281
600 3084
601 2747
602 3283
603 814
604 814
605 2498
606 3084
607 2496
608 219
609 2515
610 3082
611 3302
612 3309
613 1029
614 3291
615 1039
616 1030
617 1025
618 3309
619 435
620 4238
621 2715
622 447
623 1977
624 4237
625 443
626 441
627 568
628 447
629 1976
630 214
631 327
632 1750
633 346
634 1969
635 1438
636 3709
637 3711
638 1412
639 1412
640 1451
641 1412
642 2446
643 1202
644 3488
645 3474
646 3702
647 3676
648 3676
649 1202
650 1216
651 2617
652 1749
653 3702
654 1749
655 1417
656 1417
657 202
658 1414
659 1967
660 1452
661 1428
662 191
663 1452
664 307
665 641
666 211
667 309
668 665
669 1311
670 335
671 1406
672 1406
673 210
674 2491
675 302
676 1967
677 333
678 1968
679 336
680 660
681 1451
682 1487
683 661
684 333
685 322
686 1484
687 661
688 1349
689 1477
690 336
691 582
692 1336
693 620
694 1349
695 1493
696 1893
697 1498
698 1339
699 1338
700 1338
701 401
702 1895
703 613
704 323
705 402
706 1895
707 323
708 622
709 1531
710 1489
711 1893
712 319
713 343
714 1494
715 1324
716 1894
717 399
718 1894
719 393
720 1336
721 388
722 1891
723 393
724 607
725 620
726 1476
727 1492
728 1484
729 1475
730 1893
731 5120
732 5138
733 5136
734 5135
735 5186
736 5181
737 4945
738 5122
739 5007
740 5018
741 4905
742 5141
743 5114
744 5114
745 5118
746 5144
747 5173
748 4958
749 4941
750 5030
751 4941
752 5113
753 5165
754 5114
755 5013
756 5031
757 5025
758 5035
759 5141
760 5141
761 5158
762 5030
763 5112
764 5028
765 5020
766 5137
767 5157
768 5137
769 5123
770 4892
771 5163
772 4992
773 4972
774 5027
775 4990
776 4898
777 4963
778 5028
779 5038
780 5016
781 4902
782 4898
783 5152
784 5114
785 4944
786 5121
787 5181
788 1273
789 1284
790 744
791 1287
792 1282
793 1279
794 1227
795 125
796 1293
797 5151
798 1281
799 1272
800 749
801 5178
802 1276
803 5184
804 5119
805 5150
806 1276
807 5135
808 5118
809 5131
810 5137
811 5118
812 5135
813 4953
814 5160
815 5187
816 5176
817 5120
818 5166
819 5123
820 5172
821 5121
822 4895
823 4894
824 4892
825 4895
826 5149
827 5105
828 5177
829 5167
830 5126
831 5134
832 5185
833 5147
834 5184
835 5139
836 5188
837 5179
838 1275
839 1274
840 1279
841 1267
842 1288
843 5126
844 4955
845 1281
846 5177
847 4994
848 4967
849 5009
850 4972
851 4989
852 4895
853 5010
854 4932
855 4972
856 5079
857 4917
858 5019
859 4963
860 4901
861 5042
862 5057
863 5070
864 5049
865 4606
866 5063
867 4915
868 5058
869 4979
870 5070
871 5063
872 5068
873 5059
874 5079
875 5056
876 4917
877 4819
878 4966
879 5016
880 4905
881 5013
882 4901
883 4900
884 4881
885 4921
886 5077
887 5052
888 5063
889 5060
890 5084
891 5052
892 5053
893 4926
894 5025
895 5028
896 5079
897 4990
898 5038
899 4934
900 5011
901 5115
902 5130
903 5114
904 4943
905 5144
906 5033
907 5114
908 5079
909 5080
910 5056
911 4994
912 5070
913 5071
914 4862
915 5071
916 4919
917 4968
918 4967
919 4921
920 4908
921 4930
922 5084
923 4861
924 4969
925 4932
926 5079
927 5012
928 5141
929 5114
930 4942
931 5122
932 5030
933 5010
934 4989
935 4881
936 4898
937 5004
938 4894
939 5018
940 4876
941 4990
942 4861
943 4912
944 5003
945 4892
946 4947
947 4872
948 4958
949 4863
950 5117
951 5149
952 5175
953 5007
954 5030
955 5084
956 4976
957 4982
958 4917
959 4967
960 5079
961 4928
962 4930
963 4976
964 4901
965 4901
966 4910
967 5019
968 4898
969 5173
970 5043
971 5143
972 4895
973 5013
974 5144
975 5160
976 4863
977 4940
978 5010
979 5043
980 5124
981 5143
982 5144
983 4945
984 5187
985 5145
986 5175
987 5146
988 5078
989 4901
990 5073
991 5077
992 5073
993 5077
994 5076
995 5061
996 5073
997 4967
998 5019
999 4979
1000 4994
1001 5080
1002 4982
1003 5067
1004 5076
1005 4982
1006 4994
1007 5025
1008 2313
1009 2387
1010 2366
1011 41
1012 2313
1013 2296
1014 2344
1015 100
1016 2394
1017 36
1018 75
1019 19
1020 4116
1021 4099
1022 4099
1023 38
1024 2285
1025 2375
1026 38
1027 2388
1028 2305
1029 4101
1030 17
1031 1167
1032 2367
1033 3443
1034 84
1035 4114
1036 2378
1037 113
1038 2378
1039 1854
1040 3443
1041 2361
1042 1087
1043 45
1044 96
1045 2338
1046 1083
1047 1082
1048 1095
1049 1075
1050 3346
1051 1075
1052 1090
1053 3347
1054 115
1055 3346
1056 2358
1057 66
1058 2311
1059 2280
1060 4120
1061 93
1062 2274
1063 4099
1064 3346
1065 4099
1066 94
1067 3337
1068 1083
1069 3345
1070 2324
1071 36
1072 4102
1073 1867
1074 3443
1075 2279
1076 2280
1077 4126
1078 3356
1079 1096
1080 1096
1081 3363
1082 1101
1083 3364
1084 1099
1085 1099
1086 17
1087 1096
1088 3371
1089 1062
1090 1176
1091 123
1092 2342
1093 3371
1094 4108
1095 3358
1096 1190
1097 3358
1098 1206
1099 3373
1100 1108
1101 3442
1102 3358
1103 1184
1104 116
1105 4109
1106 3454
1107 3456
1108 1184
1109 3456
1110 1065
1111 1847
1112 116
1113 1064
1114 1065
1115 1206
1116 1188
1117 3398
1118 4107
1119 3389
1120 3379
1121 4107
1122 116
1123 1851
1124 1851
1125 2511
1126 2511
1127 3881
1128 3937
1129 2436
1130 3937
1131 2511
1132 3881
1133 3898
1134 3905
1135 3898
1136 3937
1137 3937
1138 3937
1139 2695
1140 2559
1141 3940
1142 282
1143 3937
1144 3940
1145 3936
1146 1674
1147 2434
1148 2511
1149 1649
1150 1945
1151 2558
1152 282
1153 1649
1154 2558
1155 3897
1156 3898
1157 2724
1158 1636
1159 2553
1160 3898
1161 4231
1162 4173
1163 4141
1164 4193
1165 2725
1166 4149
1167 4203
1168 4098
1169 4148
1170 2554
1171 452
1172 4148
1173 4098
1174 2553
1175 4198
1176 4196
1177 4146
1178 3858
1179 3855
1180 3850
1181 4196
1182 4195
1183 3761
1184 4174
1185 4171
1186 3761
1187 4239
1188 4196
1189 3841
1190 4169
1191 4142
1192 4141
1193 4170
1194 3761
1195 4145
1196 4176
1197 3698
1198 3700
1199 4176
1200 4145
1201 4181
1202 2420
1203 2402
1204 4171
1205 4195
1206 4171
1207 2532
1208 4145
1209 4167
1210 4193
1211 4204
1212 4145
1213 4174
1214 4141
1215 2420
1216 2594
1217 2597
1218 2420
1219 3582
1220 3761
1221 3848
1222 3319
1223 1621
1224 1057
1225 1058
1226 4236
1227 236
1228 1059
1229 1057
1230 3319
1231 4236
1232 421
1233 3321
1234 3234
1235 2722
1236 1675
1237 3877
1238 1621
1239 1675
1240 1672
1241 825
1242 966
1243 3094
1244 3964
1245 3237
1246 3237
1247 828
1248 827
1249 2734
1250 3933
1251 3096
1252 825
1253 3094
1254 824
1255 3964
1256 3287
1257 821
1258 2732
1259 1054
1260 2840
1261 2838
1262 1039
1263 1054
1264 3306
1265 2840
1266 434
1267 568
1268 2720
1269 448
1270 2720
1271 2720
1272 447
1273 442
1274 4238
1275 2714
1276 1028
1277 443
1278 1044
1279 1034
1280 1027
1281 3305
1282 2529
1283 439
1284 1044
1285 3306
1286 4238
1287 236
1288 2721
1289 2717
1290 2706
1291 2504
1292 2515
1293 2516
1294 547
1295 3062
1296 2823
1297 3062
1298 3062
1299 2745
1300 466
1301 2820
1302 466
1303 2745
1304 3059
1305 2824
1306 512
1307 2820
1308 2820
1309 790
1310 1047
1311 246
1312 2526
1313 791
1314 2515
1315 798
1316 815
1317 245
1318 225
1319 225
1320 2515
1321 2498
1322 1047
1323 818
1324 3302
1325 811
1326 2835
1327 3064
1328 3282
1329 1016
1330 1032
1331 3284
1332 3281
1333 3089
1334 2502
1335 813
1336 2835
1337 814
1338 3089
1339 2770
1340 2517
1341 3080
1342 2517
1343 498
1344 497
1345 2747
1346 471
1347 3071
1348 2765
1349 496
1350 3067
1351 249
1352 3313
1353 3285
1354 1047
1355 1015
1356 240
1357 2522
1358 2523
1359 249
1360 3313
1361 2497
1362 2516
1363 1048
1364 254
1365 254
1366 248
1367 1047
1368 2526
1369 1051
1370 240
1371 247
1372 542
1373 785
1374 2260
1375 2261
1376 2731
1377 4529
1378 2260
1379 558
1380 1034
1381 1049
1382 439
1383 3295
1384 1027
1385 1027
1386 3283
1387 247
1388 2816
1389 246
1390 3063
1391 784
1392 3930
1393 2528
1394 2812
1395 783
1396 2817
1397 4530
1398 2851
1399 457
1400 1670
1401 3924
1402 454
1403 2726
1404 2729
1405 2727
1406 2728
1407 1670
1408 2812
1409 1670
1410 2812
1411 2728
1412 456
1413 2812
1414 541
1415 3053
1416 2810
1417 3053
1418 543
1419 3364
1420 3362
1421 1072
1422 72
1423 1068
1424 1100
1425 3362
1426 1075
1427 3346
1428 72
1429 1073
1430 2617
1431 215
1432 2594
1433 2417
1434 3712
1435 1220
1436 1428
1437 4010
1438 2598
1439 1202
1440 1749
1441 2448
1442 1221
1443 3474
1444 2448
1445 2448
1446 4010
1447 2565
1448 2565
1449 3702
1450 3713
1451 2448
1452 2599
1453 3794
1454 2448
1455 3486
1456 215
1457 3753
1458 3802
1459 2678
1460 4181
1461 4181
1462 2419
1463 2403
1464 3798
1465 2416
1466 4181
1467 2897
1468 3712
1469 2897
1470 3758
1471 2594
1472 4154
1473 2677
1474 4155
1475 2894
1476 2673
1477 3609
1478 2897
1479 2676
1480 4155
1481 2673
1482 2669
1483 2667
1484 2673
1485 4154
1486 2673
1487 2607
1488 2934
1489 2934
1490 2600
1491 2673
1492 2673
1493 2487
1494 2607
1495 3756
1496 4230
1497 3673
1498 3800
1499 3756
1500 3593
1501 2487
1502 5202
1503 2488
1504 2937
1505 2488
1506 3748
1507 3742
1508 2952
1509 2488
1510 3746
1511 3748
1512 3740
1513 2675
1514 2952
1515 4225
1516 2606
1517 2952
1518 4224
1519 3024
1520 2854
1521 2534
1522 3716
1523 3716
1524 3716
1525 2423
1526 2613
1527 4162
1528 4225
1529 4162
1530 4225
1531 4230
1532 2488
1533 2565
1534 3676
1535 3676
1536 2600
1537 4230
1538 2952
1539 4156
1540 3713
1541 2602
1542 5202
1543 2598
1544 2600
1545 2673
1546 3733
1547 4787
1548 4821
1549 4785
1550 4819
1551 4782
1552 4685
1553 4713
1554 4713
1555 4695
1556 4539
1557 4782
1558 4582
1559 4551
1560 4540
1561 4551
1562 4570
1563 4672
1564 4845
1565 4621
1566 4785
1567 4810
1568 4798
1569 4841
1570 4616
1571 4833
1572 4797
1573 4799
1574 4786
1575 4581
1576 4681
1577 4621
1578 3543
1579 4824
1580 4859
1581 4854
1582 3540
1583 3545
1584 3543
1585 4806
1586 4093
1587 4092
1588 3013
1589 2962
1590 3531
1591 3506
1592 3506
1593 3563
1594 3543
1595 3563
1596 3541
1597 4820
1598 4849
1599 4810
1600 4797
1601 4794
1602 4768
1603 4787
1604 4627
1605 4785
1606 4801
1607 4809
1608 4854
1609 4640
1610 4755
1611 4734
1612 4739
1613 4739
1614 4742
1615 4740
1616 4727
1617 4727
1618 4751
1619 4653
1620 4651
1621 4748
1622 4637
1623 4750
1624 4739
1625 4747
1626 4732
1627 4751
1628 4733
1629 4588
1630 4662
1631 4641
1632 4666
1633 4665
1634 4826
1635 4580
1636 4547
1637 4757
1638 4545
1639 4540
1640 4751
1641 4736
1642 4657
1643 4753
1644 4689
1645 4712
1646 4542
1647 4689
1648 4576
1649 4782
1650 4783
1651 4580
1652 4543
1653 4685
1654 4666
1655 4759
1656 4693
1657 4579
1658 4548
1659 4790
1660 4697
1661 4795
1662 4684
1663 4681
1664 4677
1665 4706
1666 4695
1667 4695
1668 4697
1669 4694
1670 4801
1671 4673
1672 4615
1673 4712
1674 4555
1675 4680
1676 4569
1677 4713
1678 4787
1679 4630
1680 4788
1681 4713
1682 4673
1683 4616
1684 4785
1685 4784
1686 4782
1687 4786
1688 4805
1689 4795
1690 4854
1691 4619
1692 4808
1693 4806
1694 4815
1695 3543
1696 3543
1697 2399
1698 2399
1699 4800
1700 4860
1701 4686
1702 4642
1703 4730
1704 4637
1705 4643
1706 4647
1707 4682
1708 4664
1709 4611
1710 4541
1711 4730
1712 4730
1713 4750
1714 4730
1715 4599
1716 4730
1717 4730
1718 4541
1719 4735
1720 4644
1721 4575
1722 4571
1723 4561
1724 4595
1725 4592
1726 4550
1727 4825
1728 4576
1729 4548
1730 4559
1731 4837
1732 4811
1733 4795
1734 4697
1735 4799
1736 4845
1737 4698
1738 4682
1739 4542
1740 4708
1741 4782
1742 4616
1743 4805
1744 4625
1745 4806
1746 4706
1747 4806
1748 3539
1749 4852
1750 4808
1751 3563
1752 3545
1753 4786
1754 4855
1755 4808
1756 3543
1757 4805
1758 4684
1759 4795
1760 4796
1761 4718
1762 4257
1763 4378
1764 4360
1765 4358
1766 4387
1767 4331
1768 4388
1769 4383
1770 4325
1771 4321
1772 4378
1773 4261
1774 4363
1775 4388
1776 2022
1777 4290
1778 4371
1779 2131
1780 2113
1781 4358
1782 4392
1783 4361
1784 4392
1785 4395
1786 4321
1787 4389
1788 4387
1789 4373
1790 4511
1791 4348
1792 4345
1793 4355
1794 4355
1795 4378
1796 4273
1797 4378
1798 4380
1799 4273
1800 4257
1801 4377
1802 4510
1803 4380
1804 4378
1805 4357
1806 4362
1807 4362
1808 4321
1809 4369
1810 4358
1811 4364
1812 4376
1813 4272
1814 4393
1815 4393
1816 4374
1817 4398
1818 4365
1819 4387
1820 4325
1821 4317
1822 4393
1823 4358
1824 2131
1825 4395
1826 4321
1827 2072
1828 4363
1829 4362
1830 4373
1831 4500
1832 4337
1833 4410
1834 4426
1835 4458
1836 4317
1837 2053
1838 4326
1839 4313
1840 4387
1841 4387
1842 4369
1843 2150
1844 4323
1845 4389
1846 4517
1847 4389
1848 4393
1849 2131
1850 4390
1851 4312
1852 4395
1853 4380
1854 2019
1855 4379
1856 2009
1857 4505
1858 2021
1859 4364
1860 2268
1861 4284
1862 4359
1863 4280
1864 4371
1865 4382
1866 4362
1867 4371
1868 4361
1869 4392
1870 4360
1871 2268
1872 4272
1873 4355
1874 4360
1875 4381
1876 4321
1877 4517
1878 2076
1879 4284
1880 4283
1881 4397
1882 2132
1883 2063
1884 4358
1885 4399
1886 2102
1887 2053
1888 2118
1889 2032
1890 2003
1891 2244
1892 2082
1893 2088
1894 4348
1895 4284
1896 2078
1897 2001
1898 4378
1899 2245
1900 2003
1901 4274
1902 2236
1903 4514
1904 4513
1905 4253
1906 2079
1907 2007
1908 2247
1909 2249
1910 4350
1911 4278
1912 4344
1913 2006
1914 4274
1915 1999
1916 2003
1917 2245
1918 2019
1919 2086
1920 2244
1921 2246
1922 4257
1923 4360
1924 1993
1925 1993
1926 2244
1927 4356
1928 2132
1929 2017
1930 2109
1931 2050
1932 4376
1933 2112
1934 4356
1935 4391
1936 2133
1937 2049
1938 2049
1939 2123
1940 2133
1941 2061
1942 2131
1943 2064
1944 2132
1945 4284
1946 4273
1947 2098
1948 2091
1949 2015
1950 4340
1951 4271
1952 2236
1953 2001
1954 1993
1955 2082
1956 2012
1957 4280
1958 2246
1959 4280
1960 4381
1961 2125
1962 2241
1963 2011
1964 2120
1965 2121
1966 4280
1967 1991
1968 2239
1969 2010
1970 4348
1971 2131
1972 2027
1973 2098
1974 2019
1975 2004
1976 2085
1977 4257
1978 2246
1979 2001
1980 1993
1981 4278
1982 4516
1983 4342
1984 4344
1985 4509
1986 2088
1987 2007
1988 4265
1989 4339
1990 4516
1991 4269
1992 4262
1993 4353
1994 2238
1995 2240
1996 4506
1997 2102
1998 4363
1999 2025
2000 2029
2001 2022
2002 2117
2003 2098
2004 4675
2005 4664
2006 4594
2007 4602
2008 4653
2009 4602
2010 4748
2011 4741
2012 4654
2013 4641
2014 4696
2015 4828
2016 4597
2017 4734
2018 4731
2019 4551
2020 4693
2021 4712
2022 4685
2023 4596
2024 4641
2025 4754
2026 4735
2027 4637
2028 4677
2029 363
2030 361
2031 1396
2032 753
2033 1416
2034 182
2035 375
2036 1551
2037 1400
2038 187
2039 1406
2040 1406
2041 1391
2042 184
2043 1399
2044 1547
2045 1426
2046 1552
2047 197
2048 1966
2049 1387
2050 1403
2051 1558
2052 601
2053 1548
2054 1548
2055 1555
2056 378
2057 352
2058 361
2059 378
2060 364
2061 1550
2062 753
2063 1564
2064 1564
2065 349
2066 360
2067 361
2068 1416
2069 184
2070 1416
2071 1423
2072 292
2073 601
2074 1461
2075 1398
2076 1456
2077 1559
2078 600
2079 378
2080 185
2081 351
2082 1548
2083 1565
2084 1571
2085 1601
2086 1959
2087 1383
2088 386
2089 133
2090 389
2091 619
2092 760
2093 129
2094 3869
2095 284
2096 3918
2097 284
2098 2700
2099 430
2100 430
2101 2561
2102 3916
2103 3918
2104 1657
2105 1686
2106 3951
2107 430
2108 3947
2109 1688
2110 1654
2111 3953
2112 426
2113 1686
2114 1657
2115 2700
2116 2700
2117 2700
2118 3916
2119 3918
2120 2703
2121 3911
2122 1651
2123 2703
2124 2440
2125 3918
2126 3918
2127 3918
2128 3918
2129 2441
2130 1606
2131 3847
2132 2547
2133 4192
2134 3860
2135 3860
2136 3860
2137 3856
2138 3858
2139 4134
2140 4133
2141 4216
2142 3871
2143 4215
2144 2702
2145 3887
2146 4217
2147 4215
2148 1957
2149 2702
2150 3888
2151 3860
2152 3890
2153 2702
2154 3869
2155 2702
2156 1624
2157 1624
2158 2439
2159 2441
2160 1625
2161 1624
2162 1605
2163 1598
2164 1606
2165 165
2166 1607
2167 166
2168 165
2169 2446
2170 3690
2171 177
2172 2446
2173 178
2174 299
2175 177
2176 3685
2177 297
2178 299
2179 3688
2180 3684
2181 3685
2182 177
2183 197
2184 2632
2185 2652
2186 1195
2187 2637
2188 2652
2189 2876
2190 3343
2191 3473
2192 2470
2193 3457
2194 3691
2195 3458
2196 3828
2197 3673
2198 3825
2199 1199
2200 3672
2201 3702
2202 4163
2203 3789
2204 3690
2205 3672
2206 3703
2207 2878
2208 3473
2209 2486
2210 3703
2211 3703
2212 1195
2213 1195
2214 1210
2215 3677
2216 3833
2217 2537
2218 2867
2219 3031
2220 3836
2221 2618
2222 2690
2223 2622
2224 1424
2225 2413
2226 3684
2227 3724
2228 2618
2229 2657
2230 4221
2231 3719
2232 2869
2233 3864
2234 3829
2235 2634
2236 2685
2237 2861
2238 2652
2239 3825
2240 2624
2241 2689
2242 3704
2243 3023
2244 2637
2245 2656
2246 2656
2247 2863
2248 2857
2249 2861
2250 2629
2251 2471
2252 2635
2253 2629
2254 2471
2255 3021
2256 2861
2257 2872
2258 2860
2259 2654
2260 2626
2261 2636
2262 2653
2263 2626
2264 3668
2265 2857
2266 3022
2267 2471
2268 2471
2269 2471
2270 2471
2271 3668
2272 2861
2273 2857
2274 2866
2275 3795
2276 2645
2277 4142
2278 3630
2279 4178
2280 2908
2281 3586
2282 4141
2283 3630
2284 3027
2285 4139
2286 4186
2287 4186
2288 3727
2289 2682
2290 2562
2291 2908
2292 3726
2293 3026
2294 3725
2295 2657
2296 3832
2297 3803
2298 3797
2299 3754
2300 3797
2301 3751
2302 3593
2303 2880
2304 3786
2305 2866
2306 2544
2307 3029
2308 2622
2309 2884
2310 3829
2311 2537
2312 2860
2313 3786
2314 3031
2315 2866
2316 3665
2317 3826
2318 3665
2319 2617
2320 4159
2321 2491
2322 3673
2323 2470
2324 3816
2325 3658
2326 2634
2327 3818
2328 2875
2329 178
2330 3690
2331 3704
2332 1504
2333 1504
2334 2491
2335 3818
2336 2637
2337 2637
2338 3656
2339 3703
2340 3741
2341 5199
2342 5199
2343 2882
2344 5193
2345 2602
2346 3703
2347 3661
2348 1610
2349 3946
2350 3947
2351 3945
2352 1654
2353 3947
2354 1617
2355 425
2356 1617
2357 1617
2358 3946
2359 1685
2360 1612
2361 1616
2362 218
2363 1610
2364 160
2365 218
2366 235
2367 432
2368 235
2369 1653
2370 1654
2371 571
2372 4522
2373 4519
2374 4519
2375 537
2376 2851
2377 577
2378 252
2379 1670
2380 2729
2381 2850
2382 454
2383 2256
2384 4523
2385 4525
2386 252
2387 455
2388 454
2389 4522
2390 542
2391 2816
2392 3052
2393 2808
2394 1692
2395 576
2396 3955
2397 1689
2398 3955
2399 2846
2400 1654
2401 576
2402 2808
2403 573
2404 4522
2405 3953
2406 3950
2407 3956
2408 3925
2409 3923
2410 1671
2411 1671
2412 459
2413 3245
2414 459
2415 2736
2416 459
2417 2809
2418 536
2419 454
2420 2707
2421 2719
2422 4479
2423 4470
2424 4483
2425 4297
2426 4336
2427 4294
2428 4409
2429 2074
2430 4297
2431 4479
2432 3564
2433 4042
2434 4467
2435 4484
2436 4405
2437 4489
2438 4490
2439 4486
2440 4336
2441 4436
2442 4305
2443 4407
2444 4475
2445 4473
2446 4480
2447 4470
2448 3565
2449 3564
2450 4467
2451 4042
2452 4486
2453 4478
2454 4422
2455 4293
2456 4297
2457 4410
2458 4299
2459 4304
2460 4486
2461 4297
2462 4307
2463 4420
2464 4420
2465 4412
2466 4424
2467 4300
2468 4448
2469 4332
2470 4423
2471 4295
2472 4330
2473 4326
2474 4312
2475 4338
2476 4324
2477 2152
2478 4335
2479 4387
2480 4285
2481 4469
2482 4028
2483 3214
2484 4051
2485 4042
2486 3221
2487 4487
2488 4473
2489 3226
2490 4054
2491 4469
2492 4473
2493 4466
2494 3214
2495 3194
2496 4029
2497 3214
2498 3566
2499 4054
2500 4030
2501 4022
2502 3190
2503 4030
2504 4040
2505 4487
2506 4443
2507 4028
2508 3564
2509 4478
2510 4300
2511 4351
2512 4444
2513 4450
2514 4450
2515 4453
2516 4439
2517 4403
2518 4430
2519 4450
2520 4450
2521 4464
2522 4455
2523 4450
2524 4492
2525 4461
2526 4440
2527 4444
2528 4307
2529 4461
2530 4461
2531 4482
2532 1660
2533 3921
2534 3925
2535 3914
2536 3925
2537 168
2538 456
2539 3926
2540 1683
2541 533
2542 3883
2543 3234
2544 3944
2545 3926
2546 533
2547 3931
2548 542
2549 2812
2550 3931
2551 3244
2552 3245
2553 966
2554 3919
2555 828
2556 3098
2557 2734
2558 3244
2559 785
2560 539
2561 3063
2562 3063
2563 550
2564 511
2565 2737
2566 783
2567 539
2568 3063
2569 783
2570 790
2571 3063
2572 558
2573 550
2574 791
2575 2145
2576 2022
2577 4383
2578 2026
2579 2118
2580 2145
2581 2154
2582 2158
2583 2143
2584 2154
2585 4411
2586 2197
2587 2171
2588 2042
2589 2203
2590 2203
2591 2178
2592 2039
2593 2159
2594 2028
2595 2196
2596 2028
2597 2143
2598 2140
2599 2067
2600 2071
2601 4318
2602 2024
2603 2050
2604 2031
2605 2233
2606 2067
2607 2183
2608 2044
2609 2188
2610 2031
2611 2025
2612 2166
2613 2024
2614 2067
2615 2046
2616 4331
2617 2058
2618 2004
2619 2124
2620 2018
2621 2060
2622 2162
2623 2137
2624 2145
2625 2134
2626 4315
2627 2031
2628 2166
2629 2166
2630 2068
2631 4316
2632 2141
2633 2073
2634 2141
2635 2040
2636 2226
2637 2140
2638 2022
2639 2173
2640 2039
2641 2210
2642 2073
2643 2174
2644 2143
2645 2183
2646 2231
2647 2194
2648 2136
2649 2160
2650 2186
2651 2145
2652 2071
2653 2179
2654 2171
2655 2209
2656 1781
2657 2215
2658 2206
2659 2215
2660 2171
2661 2039
2662 2039
2663 2170
2664 2173
2665 2138
2666 1138
2667 1154
2668 17
2669 3383
2670 3375
2671 3398
2672 3398
2673 3398
2674 3384
2675 1114
2676 3389
2677 3377
2678 1134
2679 3374
2680 3374
2681 3374
2682 1151
2683 3439
2684 3413
2685 3439
2686 3407
2687 2329
2688 3407
2689 3413
2690 3337
2691 2352
2692 3332
2693 1151
2694 1153
2695 3413
2696 1149
2697 1073
2698 3358
2699 1848
2700 1200
2701 3456
2702 1065
2703 1204
2704 3358
2705 3358
2706 1093
2707 3371
2708 3372
2709 3358
2710 1187
2711 3355
2712 20
2713 3336
2714 4169
2715 4169
2716 4243
2717 4174
2718 4145
2719 1435
2720 2532
2721 1908
2722 1435
2723 2532
2724 3849
2725 3761
2726 3700
2727 3581
2728 3582
2729 2679
2730 3698
2731 2416
2732 2679
2733 3849
2734 2597
2735 4169
2736 4194
2737 3849
2738 1983
2739 1903
2740 1748
2741 2597
2742 1634
2743 2806
2744 3095
2745 530
2746 532
2747 1671
2748 1671
2749 3923
2750 432
2751 2842
2752 963
2753 3097
2754 1671
2755 3933
2756 2842
2757 3351
2758 84
2759 3363
2760 1096
2761 3348
2762 1090
2763 3363
2764 1096
2765 1096
2766 1099
2767 3364
2768 1097
2769 3349
2770 1104
2771 3363
2772 1100
2773 1103
2774 1092
2775 2448
2776 3470
2777 3477
2778 1204
2779 3456
2780 3456
2781 1200
2782 1198
2783 2488
2784 1428
2785 1967
2786 1477
2787 3690
2788 2491
2789 3807
2790 2617
2791 3690
2792 2617
2793 1414
2794 300
2795 2491
2796 1452
2797 1429
2798 1407
2799 197
2800 626
2801 1489
2802 5046
2803 5170
2804 4995
2805 4904
2806 5012
2807 5009
2808 5012
2809 4990
2810 4990
2811 4900
2812 4937
2813 4937
2814 5041
2815 4870
2816 5002
2817 5108
2818 5158
2819 4912
2820 5073
2821 5048
2822 4980
2823 5084
2824 5061
2825 5076
2826 5048
2827 5061
2828 4916
2829 4989
2830 4912
2831 4967
2832 4119
2833 3348
2834 3340
2835 1083
2836 1083
2837 1860
2838 2338
2839 1062
2840 4112
2841 4200
2842 2438
2843 2724
2844 4206
2845 3842
2846 3893
2847 2437
2848 3854
2849 4206
2850 4206
2851 3898
2852 4146
2853 3852
2854 3893
2855 4146
2856 3855
2857 3697
2858 3841
2859 2682
2860 3712
2861 2415
2862 2416
2863 2414
2864 2694
2865 3322
2866 1674
2867 3233
2868 3233
2869 3937
2870 283
2871 2558
2872 2694
2873 2711
2874 3323
2875 3322
2876 3295
2877 4531
2878 1028
2879 1028
2880 1028
2881 2721
2882 2530
2883 2530
2884 2530
2885 1097
2886 1109
2887 1090
2888 1099
2889 2594
2890 2405
2891 216
2892 4152
2893 2678
2894 215
2895 1428
2896 3712
2897 1221
2898 2617
2899 4163
2900 2602
2901 1210
2902 3473
2903 1190
2904 1190
2905 3741
2906 1204
2907 1848
2908 1204
2909 2448
2910 3703
2911 4162
2912 3717
2913 2687
2914 4161
2915 3672
2916 2637
2917 3654
2918 3716
2919 2423
2920 3024
2921 4161
2922 3717
2923 3714
2924 3703
2925 3733
2926 3714
2927 4162
2928 5193
2929 3713
2930 2667
2931 4154
2932 3791
2933 2623
2934 2544
2935 2688
2936 2855
2937 3509
2938 2911
2939 2432
2940 3628
2941 3829
2942 3597
2943 2684
2944 3609
2945 2894
2946 2662
2947 2899
2948 3731
2949 3745
2950 2887
2951 2623
2952 3827
2953 2866
2954 2684
2955 2635
2956 2907
2957 2431
2958 3629
2959 3641
2960 3670
2961 2659
2962 2876
2963 2623
2964 2623
2965 3646
2966 3610
2967 3610
2968 3786
2969 3713
2970 2949
2971 2952
2972 2949
2973 2855
2974 2854
2975 2937
2976 2430
2977 2949
2978 2602
2979 3713
2980 2423
2981 2926
2982 2855
2983 2602
2984 4797
2985 4835
2986 4632
2987 4678
2988 4784
2989 4782
2990 4696
2991 4826
2992 4719
2993 4761
2994 4678
2995 4710
2996 4570
2997 4768
2998 4847
2999 4784
3000 4786
3001 4785
3002 4673
3003 4720
3004 4789
3005 4846
3006 4633
3007 4559
3008 4741
3009 4596
3010 4592
3011 4756
3012 4663
3013 4586
3014 4641
3015 4602
3016 4654
3017 4654
3018 4638
3019 4733
3020 4542
3021 4831
3022 4806
3023 4855
3024 4792
3025 4695
3026 4673
3027 4783
3028 4771
3029 4695
3030 4538
3031 4805
3032 3017
3033 3563
3034 3549
3035 3558
3036 3559
3037 3531
3038 3531
3039 3560
3040 3538
3041 3538
3042 3563
3043 3555
3044 3531
3045 3011
3046 3530
3047 3558
3048 3539
3049 3506
3050 3558
3051 3008
3052 3556
3053 2961
3054 2961
3055 3513
3056 3008
3057 3561
3058 3539
3059 4550
3060 4566
3061 4827
3062 4731
3063 4668
3064 4576
3065 4685
3066 4754
3067 4664
3068 4557
3069 4710
3070 4663
3071 4560
3072 4557
3073 4755
3074 4557
3075 4549
3076 4573
3077 4712
3078 4544
3079 4615
3080 4544
3081 4548
3082 4827
3083 4345
3084 4362
3085 4391
3086 4373
3087 2064
3088 2070
3089 4294
3090 4410
3091 4333
3092 4330
3093 4287
3094 4406
3095 4389
3096 4432
3097 4311
3098 4385
3099 4397
3100 4908
3101 4862
3102 5063
3103 4541
3104 5063
3105 4588
3106 5063
3107 5065
3108 4659
3109 4754
3110 4862
3111 5063
3112 5070
3113 4862
3114 4964
3115 5048
3116 4597
3117 4606
3118 5076
3119 4862
3120 4862
3121 5063
3122 5055
3123 5056
3124 4966
3125 4930
3126 4862
3127 5080
3128 4882
3129 4265
3130 4253
3131 4503
3132 4512
3133 1992
3134 2238
3135 4345
3136 4345
3137 4350
3138 4344
3139 4253
3140 4344
3141 2133
3142 4373
3143 4796
3144 4789
3145 4730
3146 4621
3147 4799
3148 4679
3149 671
3150 1527
3151 386
3152 394
3153 1256
3154 411
3155 1549
3156 258
3157 589
3158 589
3159 268
3160 392
3161 387
3162 392
3163 390
3164 761
3165 380
3166 385
3167 351
3168 386
3169 1532
3170 336
3171 661
3172 1305
3173 1490
3174 672
3175 1321
3176 1303
3177 1325
3178 583
3179 148
3180 1305
3181 148
3182 1498
3183 620
3184 320
3185 620
3186 1474
3187 620
3188 399
3189 610
3190 610
3191 390
3192 392
3193 1371
3194 1340
3195 1326
3196 1326
3197 607
3198 1555
3199 290
3200 610
3201 1573
3202 370
3203 3728
3204 4189
3205 4157
3206 2692
3207 3726
3208 2563
3209 2692
3210 2690
3211 3872
3212 3723
3213 2693
3214 4157
3215 370
3216 2642
3217 3858
3218 4190
3219 2682
3220 2692
3221 3729
3222 1872
3223 2547
3224 4133
3225 1930
3226 370
3227 1466
3228 372
3229 3707
3230 3865
3231 2644
3232 3864
3233 2643
3234 3839
3235 2619
3236 3726
3237 2643
3238 3688
3239 2690
3240 3862
3241 3865
3242 3687
3243 2643
3244 3686
3245 1420
3246 2644
3247 193
3248 3683
3249 3688
3250 1400
3251 2404
3252 1429
3253 3694
3254 2643
3255 1431
3256 1516
3257 1400
3258 1423
3259 3688
3260 1423
3261 3683
3262 1415
3263 353
3264 1387
3265 1392
3266 1468
3267 582
3268 333
3269 317
3270 156
3271 1232
3272 1233
3273 1482
3274 641
3275 658
3276 658
3277 1473
3278 1406
3279 1406
3280 1386
3281 1306
3282 1306
3283 1306
3284 1560
3285 1399
3286 152
3287 296
3288 369
3289 1561
3290 182
3291 298
3292 1391
3293 368
3294 184
3295 358
3296 368
3297 1561
3298 601
3299 1564
3300 2702
3301 2508
3302 3899
3303 2701
3304 3869
3305 3905
3306 3847
3307 2508
3308 2724
3309 2437
3310 3890
3311 3890
3312 3892
3313 3893
3314 4213
3315 3890
3316 3842
3317 2440
3318 3685
3319 3684
3320 3688
3321 1429
3322 1901
3323 3470
3324 3024
3325 2580
3326 3515
3327 2903
3328 2904
3329 3516
3330 2422
3331 3500
3332 2421
3333 2615
3334 2421
3335 4225
3336 3651
3337 2428
3338 3815
3339 2422
3340 2905
3341 2996
3342 3515
3343 2905
3344 3629
3345 2629
3346 3577
3347 3573
3348 2422
3349 3524
3350 2683
3351 2976
3352 3575
3353 3574
3354 3571
3355 2430
3356 3515
3357 3574
3358 2629
3359 3646
3360 3829
3361 2657
3362 2408
3363 3724
3364 3836
3365 3832
3366 2411
3367 197
3368 1429
3369 3832
3370 3836
3371 2407
3372 2643
3373 2618
3374 3836
3375 3685
3376 542
3377 1670
3378 785
3379 2529
3380 1047
3381 244
3382 783
3383 541
3384 3057
3385 2743
3386 802
3387 2519
3388 2740
3389 2743
3390 785
3391 785
3392 2819
3393 2815
3394 4528
3395 2525
3396 546
3397 2819
3398 250
3399 3302
3400 2526
3401 247
3402 250
3403 783
3404 4527
3405 785
3406 3930
3407 254
3408 2812
3409 2844
3410 2844
3411 2847
3412 3950
3413 1688
3414 1688
3415 2254
3416 575
3417 1693
3418 2443
3419 576
3420 3949
3421 2256
3422 2727
3423 4532
3424 4525
3425 2251
3426 4520
3427 570
3428 4520
3429 4525
3430 2731
3431 2261
3432 2514
3433 2261
3434 2850
3435 2731
3436 454
3437 571
3438 4520
3439 4520
3440 2731
3441 2731
3442 2527
3443 4530
3444 2250
3445 2250
3446 2262
3447 4519
3448 536
3449 2808
3450 3915
3451 167
3452 2444
3453 455
3454 2250
3455 575
3456 2844
3457 458
3458 4521
3459 455
3460 2253
3461 1661
3462 4461
3463 2172
3464 2174
3465 4440
3466 4434
3467 4497
3468 4435
3469 4436
3470 4445
3471 4403
3472 4296
3473 4477
3474 4471
3475 3566
3476 3214
3477 4478
3478 4445
3479 4496
3480 4466
3481 4400
3482 4400
3483 4413
3484 4497
3485 4497
3486 4291
3487 4435
3488 4307
3489 4296
3490 2143
3491 4302
3492 4333
3493 4434
3494 2074
3495 2136
3496 2136
3497 2231
3498 2231
3499 2196
3500 2233
3501 4501
3502 2071
3503 2068
3504 2134
3505 2134
3506 2068
3507 2161
3508 4500
3509 1149
3510 1188
3511 1190
3512 1195
3513 1195
3514 1188
3515 1338
3516 1326
3517 1338
3518 1531
3519 1474
3520 213
3521 1439
3522 213
3523 1336
3524 1895
3525 1435
3526 1498
3527 1474
3528 1542
3529 404
3530 1891
3531 1895
3532 1892
3533 1341
3534 1895
3535 1338
3536 404
3537 279
3538 1582
3539 1589
3540 1585
3541 1925
3542 1629
3543 1925
3544 1643
3545 1590
3546 2441
3547 279
3548 1884
3549 286
3550 1602
3551 1578
3552 1885
3553 1604
3554 1585
3555 1929
3556 1927
3557 1884
3558 2680
3559 4204
3560 4167
3561 2711
3562 4010
3563 2599
3564 319
3565 4863
3566 5011
3567 5010
3568 5038
3569 4937
3570 4869
3571 5016
3572 4905
3573 5041
3574 5042
3575 1275
3576 5126
3577 1277
3578 1274
3579 1289
3580 747
3581 1292
3582 1278
3583 1279
3584 5151
3585 5150
3586 5151
3587 5135
3588 1276
3589 5134
3590 126
3591 1275
3592 2264
3593 1296
3594 1831
3595 1293
3596 1831
3597 5128
3598 1288
3599 741
3600 1225
3601 1264
3602 723
3603 693
3604 718
3605 725
3606 1260
3607 693
3608 723
3609 1264
3610 1262
3611 692
3612 744
3613 1254
3614 744
3615 1293
3616 742
3617 1279
3618 5138
3619 2310
3620 50
3621 2710
3622 4164
3623 3798
3624 3799
3625 3760
3626 2416
3627 2416
3628 4181
3629 641
3630 3798
3631 2944
3632 2420
3633 3709
3634 2677
3635 2905
3636 2432
3637 2996
3638 2640
3639 2433
3640 3518
3641 3518
3642 2683
3643 3524
3644 3004
3645 3020
3646 2971
3647 3526
3648 2978
3649 3002
3650 3573
3651 3578
3652 2977
3653 3627
3654 2640
3655 3572
3656 2422
3657 3674
3658 4751
3659 4727
3660 4727
3661 4750
3662 4739
3663 4723
3664 4739
3665 4739
3666 4750
3667 4737
3668 4763
3669 4678
3670 4789
3671 4814
3672 4672
3673 4719
3674 4703
3675 4324
3676 2269
3677 4354
3678 4364
3679 5147
3680 4280
3681 4259
3682 2001
3683 0
3684 4272
3685 4508
3686 4252
3687 2247
3688 2067
3689 4283
3690 4513
3691 4733
3692 4750
3693 4750
3694 4651
3695 309
3696 2885
3697 2690
3698 2562
3699 4187
3700 3722
3701 4187
3702 4186
3703 3727
3704 4187
3705 4187
3706 2690
3707 2690
3708 1424
3709 2690
3710 3720
3711 2644
3712 4221
3713 3718
3714 4160
3715 3718
3716 3704
3717 2423
3718 2634
3719 197
3720 2727
3721 577
3722 2445
3723 3945
3724 3913
3725 430
3726 427
3727 1656
3728 431
3729 1687
3730 2848
3731 2445
3732 1654
3733 1693
3734 4519
3735 539
3736 4051
3737 3215
3738 3226
3739 4037
3740 3194
3741 3221
3742 3221
3743 3225
3744 4020
3745 3224
3746 4054
3747 3190
3748 4037
3749 4037
3750 3190
3751 3183
3752 4038
3753 4038
3754 4047
3755 3194
3756 3220
3757 3184
3758 3223
3759 4051
3760 4477
3761 3566
3762 4435
3763 4432
3764 4286
3765 4430
3766 4432
3767 4499
3768 4499
3769 4450
3770 4450
3771 4444
3772 4516
3773 4467
3774 4042
3775 4467
3776 4033
3777 4050
3778 3224
3779 3226
3780 4022
3781 4484
3782 1682
3783 1614
3784 3234
3785 2803
3786 3235
3787 963
3788 1614
3789 2705
3790 2806
3791 3944
3792 3873
3793 2703
3794 428
3795 2510
3796 3233
3797 1676
3798 3940
3799 3236
3800 1703
3801 1705
3802 864
3803 972
3804 3135
3805 967
3806 1705
3807 1705
3808 3243
3809 3243
3810 1705
3811 3236
3812 983
3813 1705
3814 2174
3815 2039
3816 2206
3817 1792
3818 1781
3819 1773
3820 1301
3821 2178
3822 2039
3823 2039
3824 1792
3825 2209
3826 2203
3827 2042
3828 1773
3829 2208
3830 1780
3831 1791
3832 1791
3833 2174
3834 2170
3835 1895
3836 1983
3837 2679
3838 1474
3839 1907
3840 1413
3841 4249
3842 1904
3843 1588
3844 452
3845 3896
3846 237
3847 1651
3848 3916
3849 1638
3850 3935
3851 234
3852 1617
3853 3946
3854 237
3855 234
3856 1634
3857 1634
3858 2435
3859 177
3860 749
3861 1227
3862 1296
3863 1246
3864 686
3865 1252
3866 1225
3867 716
3868 1228
3869 1279
3870 744
3871 2777
3872 1705
3873 996
3874 528
3875 3265
3876 503
3877 1705
3878 967
3879 864
3880 3133
3881 1707
3882 2777
3883 4834
3884 4328
3885 4323
3886 4315
3887 4463
3888 4450
3889 4678
3890 4751
3891 1563
3892 1549
3893 410
3894 368
3895 1399
3896 1547
3897 729
3898 1249
3899 1560
3900 1306
3901 156
3902 345
3903 713
3904 683
3905 320
3906 156
3907 1306
3908 1479
3909 728
3910 333
3911 663
3912 713
3913 713
3914 699
3915 730
3916 731
3917 713
3918 713
3919 1232
3920 1232
3921 1233
3922 339
3923 1311
3924 410
3925 1609
3926 3916
3927 3916
3928 3916
3929 3918
3930 1657
3931 3918
3932 166
3933 3916
3934 1657
3935 3916
3936 2441
3937 255
3938 1956
3939 2441
3940 234
3941 234
3942 234
3943 282
3944 234
3945 2656
3946 1695
3947 785
3948 2736
3949 3056
3950 1667
3951 2738
3952 2786
3953 517
3954 2852
3955 580
3956 2740
3957 785
3958 3930
3959 2502
3960 2818
3961 812
3962 3070
3963 3069
3964 3067
3965 3088
3966 812
3967 3078
3968 1016
3969 3963
3970 812
3971 2746
3972 497
3973 3069
3974 3077
3975 475
3976 2746
3977 2748
3978 2746
3979 474
3980 2746
3981 499
3982 498
3983 474
3984 2758
3985 3069
3986 799
3987 1012
3988 814
3989 3958
3990 3085
3991 3064
3992 3071
3993 3073
3994 3281
3995 3282
3996 820
3997 2776
3998 3093
3999 826
4000 1671
4001 823
4002 501
4003 1671
4004 2774
4005 573
4006 2808
4007 2728
4008 3922
4009 3944
4010 1685
4011 1685
4012 3946
4013 3915
4014 1659
4015 3944
4016 3873
4017 3944
4018 3916
4019 4522
4020 3955
4021 2846
4022 2255
4023 2846
4024 4525
4025 2845
4026 426
4027 1686
4028 2561
4029 430
4030 3945
4031 3913
4032 2700
4033 2845
4034 3950
4035 1694
4036 1686
4037 1691
4038 2844
4039 457
4040 2164
4041 2049
4042 2134
4043 2134
4044 2153
4045 2165
4046 2049
4047 2164
4048 2151
4049 2060
4050 2049
4051 2134
4052 2124
4053 2203
4054 2223
4055 954
4056 912
4057 954
4058 944
4059 952
4060 1790
4061 1790
4062 1300
4063 1781
4064 2208
4065 1790
4066 2212
4067 942
4068 2042
4069 2203
4070 2207
4071 2212
4072 2213
4073 2210
4074 1791
4075 1791
4076 1790
4077 953
4078 1298
4079 2223
4080 2206
4081 2150
4082 2185
4083 2186
4084 4452
4085 2136
4086 2185
4087 2071
4088 2188
4089 2184
4090 2189
4091 2165
4092 4862
4093 1190
4094 2776
4095 996
4096 1701
4097 3088
4098 2772
4099 3083
4100 3086
4101 2792
4102 2756
4103 482
4104 805
4105 3080
4106 475
4107 517
4108 2793
4109 819
4110 2792
4111 472
4112 3164
4113 2793
4114 518
4115 520
4116 2792
4117 1700
4118 526
4119 2799
4120 2799
4121 996
4122 818
4123 2770
4124 1013
4125 1697
4126 249
4127 3300
4128 3311
4129 1038
4130 3712
4131 3005
4132 3012
4133 3556
4134 2953
4135 3504
4136 2962
4137 3537
4138 2992
4139 3504
4140 3550
4141 3552
4142 3549
4143 3539
4144 3553
4145 3530
4146 3531
4147 3531
4148 3557
4149 3556
4150 2962
4151 2962
4152 3013
4153 3015
4154 3540
4155 3538
4156 1539
4157 1617
4158 3941
4159 4455
4160 1848
4161 4176
4162 2435
4163 3936
4164 3847
4165 4233
4166 3869
4167 2511
4168 2511
4169 2703
4170 3940
4171 3940
4172 1646
4173 2511
4174 3890
4175 4215
4176 3890
4177 3937
4178 151
4179 3798
4180 3721
4181 5070
4182 5065
4183 5076
4184 4983
4185 2171
4186 3917
4187 1688
4188 2700
4189 3726
4190 2564
4191 2646
4192 2646
4193 3723
4194 4188
4195 2692
4196 3872
4197 3852
4198 3872
4199 3935
4200 3916
4201 284
4202 423
4203 4022
4204 4303
4205 4475
4206 4446
4207 4416
4208 2203
4209 1300
4210 1792
4211 1773
4212 2203
4213 2206
4214 1790
4215 955
4216 1779
4217 942
4218 1766
4219 1791
4220 4873
4221 2613
4222 402
4223 4183
4224 1947
4225 3096
4226 1671
4227 459
4228 826
4229 965
4230 1672
4231 964
4232 507
4233 2734
4234 3098
4235 507
4236 2783
4237 3968
4238 2780
4239 996
4240 4008
4241 3967
4242 504
4243 3970
4244 3133
4245 2799
4246 502
4247 2783
4248 823
4249 526
4250 3958
4251 3150
4252 3266
4253 522
4254 4089
4255 3280
4256 819
4257 3146
4258 3277
4259 3277
4260 496
4261 3069
4262 3162
4263 2772
4264 2794
4265 3266
4266 819
4267 3266
4268 2834
4269 1011
4270 474
4271 3084
4272 788
4273 472
4274 803
4275 473
4276 819
4277 2758
4278 3070
4279 2742
4280 3064
4281 4008
4282 3316
4283 665
4284 345
4285 1250
4286 701
4287 1251
4288 700
4289 345
4290 702
4291 730
4292 5195
4293 345
4294 1233
4295 156
4296 1480
4297 713
4298 730
4299 1306
4300 1228
4301 1292
4302 1293
4303 1228
4304 721
4305 695
4306 716
4307 719
4308 719
4309 686
4310 695
4311 743
4312 1228
4313 738
4314 688
4315 1225
4316 741
4317 691
4318 696
4319 1229
4320 714
4321 1263
4322 691
4323 1266
4324 1261
4325 719
4326 1258
4327 733
4328 1252
4329 720
4330 1260
4331 720
4332 704
4333 744
4334 1262
4335 1292
4336 1296
4337 5070
4338 4754
4339 1223
4340 1258
4341 750
4342 703
4343 704
4344 699
4345 1243
4346 699
4347 700
4348 156
4349 156
4350 699
4351 345
4352 700
4353 710
4354 1253
4355 751
4356 1234
4357 1268
4358 159
4359 3890
4360 3903
4361 3858
4362 3940
4363 2745
4364 2853
4365 2853
4366 3140
4367 2791
4368 3143
4369 516
4370 2786
4371 797
4372 3254
4373 865
4374 971
4375 984
4376 866
4377 867
4378 883
4379 511
4380 2853
4381 513
4382 869
4383 895
4384 975
4385 1813
4386 868
4387 3255
4388 468
4389 994
4390 2798
4391 2794
4392 1700
4393 2796
4394 2758
4395 2796
4396 2795
4397 3277
4398 515
4399 3161
4400 890
4401 3146
4402 1004
4403 479
4404 3271
4405 802
4406 1699
4407 521
4408 523
4409 1827
4410 479
4411 3163
4412 1734
4413 3987
4414 997
4415 1735
4416 3995
4417 3276
4418 2792
4419 876
4420 1826
4421 1826
4422 881
4423 1711
4424 523
4425 4090
4426 1828
4427 3133
4428 994
4429 3149
4430 1707
4431 995
4432 1707
4433 880
4434 1806
4435 1828
4436 1805
4437 879
4438 867
4439 896
4440 3133
4441 1800
4442 525
4443 461
4444 3541
4445 4654
4446 2962
4447 3010
4448 3529
4449 3519
4450 2960
4451 2988
4452 3528
4453 2959
4454 3529
4455 2960
4456 2959
4457 3527
4458 2956
4459 2960
4460 3527
4461 2961
4462 3011
4463 2961
4464 3512
4465 2990
4466 2960
4467 2992
4468 2992
4469 3020
4470 2960
4471 3535
4472 3512
4473 3537
4474 2960
4475 3527
4476 2960
4477 2971
4478 3020
4479 3002
4480 2988
4481 3002
4482 3532
4483 2975
4484 3535
4485 2958
4486 2963
4487 3521
4488 2960
4489 3511
4490 3489
4491 2999
4492 2990
4493 2960
4494 2960
4495 3519
4496 2988
4497 3511
4498 2999
4499 2969
4500 3002
4501 3004
4502 3499
4503 3499
4504 2616
4505 2968
4506 3510
4507 3003
4508 3510
4509 2993
4510 4862
4511 4862
4512 1306
4513 729
4514 1463
4515 2547
4516 2546
4517 1929
4518 409
4519 1957
4520 1929
4521 4190
4522 4189
4523 1930
4524 1874
4525 700
4526 156
4527 700
4528 345
4529 728
4530 702
4531 731
4532 717
4533 1250
4534 704
4535 699
4536 156
4537 4215
4538 3890
4539 3856
4540 3869
4541 3847
4542 2443
4543 2444
4544 2445
4545 3689
4546 2656
4547 1666
4548 3243
4549 580
4550 2782
4551 2782
4552 3239
4553 966
4554 966
4555 4074
4556 868
4557 516
4558 2781
4559 3137
4560 462
4561 970
4562 966
4563 459
4564 468
4565 968
4566 966
4567 461
4568 508
4569 3135
4570 3968
4571 1709
4572 3241
4573 3255
4574 2778
4575 463
4576 2791
4577 3140
4578 3159
4579 2758
4580 520
4581 3161
4582 479
4583 875
4584 3278
4585 480
4586 4084
4587 480
4588 2767
4589 520
4590 3159
4591 3171
4592 2793
4593 4079
4594 3171
4595 518
4596 870
4597 3139
4598 474
4599 4469
4600 4019
4601 3207
4602 4011
4603 3206
4604 4011
4605 3209
4606 4011
4607 3198
4608 3198
4609 4025
4610 4013
4611 3192
4612 4016
4613 3225
4614 4018
4615 3207
4616 3208
4617 4036
4618 3986
4619 3986
4620 4036
4621 3208
4622 4004
4623 3203
4624 3047
4625 3204
4626 3203
4627 3207
4628 3197
4629 4011
4630 3209
4631 4012
4632 4023
4633 3259
4634 4037
4635 4025
4636 4031
4637 3223
4638 3183
4639 3197
4640 4025
4641 3043
4642 3197
4643 4043
4644 3184
4645 3184
4646 4044
4647 4031
4648 4019
4649 2805
4650 1677
4651 2852
4652 971
4653 3137
4654 511
4655 982
4656 511
4657 1684
4658 2232
4659 4498
4660 2069
4661 2169
4662 2069
4663 2042
4664 2203
4665 2203
4666 2073
4667 2197
4668 1790
4669 953
4670 919
4671 1754
4672 1776
4673 1776
4674 1776
4675 949
4676 952
4677 936
4678 919
4679 953
4680 1788
4681 1790
4682 949
4683 1781
4684 925
4685 1756
4686 932
4687 914
4688 1763
4689 911
4690 1774
4691 942
4692 1790
4693 3021
4694 2913
4695 3573
4696 2640
4697 2683
4698 2604
4699 3508
4700 2978
4701 3500
4702 3516
4703 3500
4704 2422
4705 3500
4706 3501
4707 2433
4708 2996
4709 3500
4710 3511
4711 2422
4712 2616
4713 2978
4714 2967
4715 3004
4716 3002
4717 3002
4718 3004
4719 2683
4720 2977
4721 2970
4722 3003
4723 3004
4724 3500
4725 3516
4726 2616
4727 4023
4728 3105
4729 3034
4730 3251
4731 3984
4732 4058
4733 3984
4734 3032
4735 3032
4736 3209
4737 3034
4738 3041
4739 3041
4740 3974
4741 4056
4742 3975
4743 3032
4744 3033
4745 3199
4746 3251
4747 4007
4748 3032
4749 4013
4750 4011
4751 3197
4752 4023
4753 3199
4754 4023
4755 3033
4756 3986
4757 4004
4758 4013
4759 4031
4760 4032
4761 3252
4762 3040
4763 3258
4764 3036
4765 4032
4766 4032
4767 3260
4768 3986
4769 3044
4770 3251
4771 3984
4772 3119
4773 3104
4774 3041
4775 3256
4776 866
4777 3153
4778 1811
4779 1009
4780 4069
4781 3241
4782 886
4783 885
4784 1815
4785 868
4786 869
4787 890
4788 1007
4789 875
4790 998
4791 874
4792 889
4793 888
4794 4082
4795 3998
4796 3179
4797 1819
4798 874
4799 1819
4800 906
4801 907
4802 1823
4803 1819
4804 3996
4805 1810
4806 1812
4807 902
4808 857
4809 977
4810 1738
4811 900
4812 850
4813 904
4814 993
4815 891
4816 888
4817 1818
4818 1818
4819 888
4820 1300
4821 2966
4822 3020
4823 2960
4824 3002
4825 3003
4826 2988
4827 2999
4828 3254
4829 4074
4830 3982
4831 4080
4832 3171
4833 3159
4834 4073
4835 4074
4836 971
4837 3155
4838 3154
4839 4069
4840 4073
4841 4076
4842 3247
4843 4008
4844 4073
4845 4073
4846 3165
4847 3154
4848 4069
4849 4075
4850 3165
4851 3279
4852 3171
4853 3154
4854 3241
4855 3154
4856 4073
4857 4073
4858 3133
4859 4068
4860 1806
4861 3982
4862 3165
4863 3972
4864 3982
4865 3166
4866 3982
4867 3972
4868 3231
4869 3103
4870 3117
4871 3973
4872 3973
4873 3973
4874 3118
4875 4059
4876 3167
4877 3972
4878 3982
4879 3972
4880 4078
4881 3171
4882 4076
4883 4082
4884 4082
4885 3988
4886 3249
4887 3171
4888 3117
4889 919
4890 1778
4891 1770
4892 1783
4893 924
4894 911
4895 911
4896 1754
4897 930
4898 920
4899 1778
4900 911
4901 1775
4902 1777
4903 1753
4904 990
4905 937
4906 769
4907 764
4908 769
4909 1715
4910 1751
4911 1752
4912 1753
4913 949
4914 952
4915 920
4916 991
4917 916
4918 1778
4919 1778
4920 1774
4921 1776
4922 1780
4923 916
4924 918
4925 936
4926 1752
4927 1774
4928 926
4929 777
4930 773
4931 937
4932 773
4933 937
4934 778
4935 843
4936 1776
4937 3527
4938 699
4939 1253
4940 1253
4941 730
4942 709
4943 479
4944 3172
4945 3248
4946 3068
4947 3248
4948 993
4949 3249
4950 3175
4951 3178
4952 3103
4953 3126
4954 3264
4955 3264
4956 3180
4957 3267
4958 4087
4959 4086
4960 4086
4961 1819
4962 3142
4963 3178
4964 3177
4965 3274
4966 4080
4967 4087
4968 875
4969 3163
4970 3068
4971 3181
4972 4061
4973 3279
4974 3152
4975 3181
4976 3279
4977 4089
4978 4062
4979 875
4980 3229
4981 3121
4982 3229
4983 4088
4984 3971
4985 3181
4986 3972
4987 3988
4988 3229
4989 3180
4990 3995
4991 3998
4992 3978
4993 3174
4994 3104
4995 3105
4996 3980
4997 3118
4998 3105
4999 3110
5000 3120
5001 3106
5002 3984
5003 3129
5004 3128
5005 4001
5006 3126
5007 3107
5008 3973
5009 3266
5010 1785
5011 945
5012 945
5013 1774
5014 780
5015 779
5016 835
5017 1725
5018 1725
5019 1740
5020 778
5021 1742
5022 780
5023 781
5024 934
5025 778
5026 981
5027 911
5028 1766
5029 929
5030 930
5031 989
5032 961
5033 769
5034 940
5035 3210
5036 769
5037 932
5038 932
5039 774
5040 1744
5041 774
5042 774
5043 1715
5044 834
5045 835
5046 855
5047 1803
5048 834
5049 835
5050 835
5051 1724
5052 774
5053 779
5054 3968
5055 3041
5056 3048
5057 3047
5058 3250
5059 3033
5060 3984
5061 3116
5062 3100
5063 3100
5064 3103
5065 4057
5066 3989
5067 3997
5068 3114
5069 4000
5070 3232
5071 3109
5072 3110
5073 3112
5074 4065
5075 3103
5076 3103
5077 3264
5078 3118
5079 3973
5080 3118
5081 3118
5082 4057
5083 3227
5084 3973
5085 3264
5086 3151
5087 3972
5088 3151
5089 4057
5090 3121
5091 3121
5092 3106
5093 1829
5094 1801
5095 877
5096 1826
5097 4087
5098 1797
5099 957
5100 1826
5101 881
5102 960
5103 957
5104 1824
5105 1816
5106 893
5107 1828
5108 959
5109 1829
5110 2788
5111 3274
5112 1826
5113 893
5114 1797
5115 962
5116 1802
5117 1728
5118 1798
5119 1738
5120 1730
5121 860
5122 1803
5123 962
5124 1727
5125 979
5126 1728
5127 906
5128 1824
5129 1727
5130 1795
5131 4064
5132 958
5133 958
5134 875
5135 4086
5136 875
5137 993
5138 856
5139 856
5140 854
5141 854
5142 854
5143 771
5144 1743
5145 844
5146 4001
5147 3999
5148 908
5149 858
5150 993
5151 1825
5152 1824
5153 881
5154 902
5155 900
5156 851
5157 903
5158 1727
5159 850
5160 1727
5161 851
5162 891
5163 894
5164 3169
5165 895
5166 845
5167 1743
5168 766
5169 841
5170 845
5171 845
5172 777
5173 1744
5174 845
5175 861
5176 856
5177 837
5178 853
5179 840
5180 986
5181 836
5182 991
5183 933
5184 838
5185 842
5186 841
5187 1719
5188 862
5189 862
5190 1741
5191 830
5192 846
5193 777
5194 846
5195 830
5196 830
5197 1730
