0 585
1 5150
2 5150
3 5150
4 5150
5 4164
6 5150
7 5150
8 5150
9 5150
10 5150
11 4163
12 4163
13 4163
14 5150
15 4968
16 585
17 585
18 5150
19 5150
20 5150
21 5150
22 5150
23 4163
24 5150
25 4163
26 585
27 5150
28 5150
29 5150
30 5150
31 5150
32 5150
33 5150
34 5150
35 5150
36 4968
37 5150
38 585
39 4163
40 5150
41 5150
42 4163
43 5150
44 5150
45 5150
46 5150
47 5150
48 5150
49 5150
50 5150
51 4163
52 4968
53 4968
54 5150
55 5150
56 5150
57 5150
58 5150
59 5150
60 5150
61 5150
62 5150
63 5150
64 5150
65 5150
66 5150
67 5150
68 5150
69 5150
70 5150
71 5150
72 5150
73 5150
74 5150
75 5150
76 5150
77 5150
78 5150
79 5150
80 5150
81 5150
82 4164
83 5150
84 5150
85 5150
86 5150
87 5150
88 5150
89 5150
90 4164
91 4164
92 5150
93 4163
94 5150
95 5150
96 4163
97 4163
98 4163
99 5150
100 5150
101 5150
102 5150
103 5150
104 5150
105 5150
106 5150
107 5150
108 5150
109 5150
110 585
111 5150
112 5150
113 585
114 5150
115 5150
116 5150
117 5150
118 5150
119 5150
120 5150
121 5150
122 5150
123 5150
124 585
125 585
126 5150
127 5150
128 5150
129 5150
130 5150
131 5150
132 5150
133 5150
134 5150
135 5150
136 585
137 5150
138 585
139 585
140 5150
141 5150
142 5150
143 5150
144 5150
145 5150
146 5150
147 5150
148 5150
149 5150
150 5150
151 5150
152 585
153 5150
154 5150
155 5150
156 5150
157 5150
158 5150
159 5150
160 5150
161 5150
162 5150
163 5150
164 5150
165 5150
166 5150
167 585
168 5150
169 5150
170 585
171 585
172 585
173 5150
174 5150
175 5150
176 5150
177 585
178 5150
179 5150
180 5150
181 5150
182 5150
183 5150
184 5150
185 5150
186 5150
187 5150
188 5150
189 5150
190 5150
191 5150
192 5150
193 5150
194 5150
195 5150
196 5150
197 5150
198 5150
199 5150
200 5150
201 5150
202 5150
203 5150
204 5150
205 585
206 5150
207 585
208 5150
209 585
210 5150
211 585
212 5150
213 5150
214 5150
215 5150
216 5150
217 5150
218 585
219 5150
220 5150
221 585
222 5150
223 5150
224 585
225 5150
226 5150
227 585
228 5150
229 585
230 5150
231 585
232 5150
233 5150
234 5150
235 5150
236 5150
237 5150
238 5150
239 5150
240 5150
241 5150
242 5150
243 5150
244 5150
245 5150
246 5150
247 5150
248 5150
249 5150
250 5150
251 5150
252 5150
253 5150
254 5150
255 5150
256 5150
257 5150
258 5150
259 585
260 5150
261 5150
262 5150
263 5150
264 5150
265 5150
266 585
267 5150
268 5150
269 585
270 5150
271 5150
272 5150
273 5150
274 5150
275 5150
276 5150
277 5150
278 5150
279 585
280 585
281 585
282 5150
283 5150
284 5150
285 585
286 5150
287 5150
288 5150
289 5150
290 5150
291 5150
292 585
293 585
294 585
295 585
296 585
297 585
298 585
299 5150
300 5150
301 585
302 5150
303 5150
304 754
305 754
306 4258
307 4121
308 5095
309 5099
310 3568
311 4151
312 5099
313 5099
314 4151
315 4151
316 5099
317 754
318 754
319 754
320 754
321 755
322 877
323 755
324 755
325 875
326 875
327 754
328 754
329 755
330 755
331 4121
332 754
333 754
334 754
335 754
336 754
337 754
338 956
339 755
340 877
341 755
342 755
343 4121
344 818
345 755
346 877
347 819
348 4121
349 754
350 755
351 4290
352 3966
353 875
354 754
355 754
356 842
357 4086
358 755
359 4121
360 4086
361 4290
362 755
363 4121
364 4121
365 4081
366 4081
367 819
368 4121
369 4121
370 4121
371 883
372 4290
373 4290
374 4121
375 4121
376 4121
377 4121
378 4121
379 4121
380 4121
381 4121
382 4121
383 3966
384 3966
385 3966
386 5109
387 5099
388 4121
389 4151
390 4121
391 4121
392 4121
393 4121
394 4121
395 5099
396 5099
397 5099
398 842
399 953
400 756
401 953
402 956
403 956
404 4121
405 4121
406 4121
407 755
408 755
409 755
410 755
411 755
412 877
413 755
414 755
415 755
416 754
417 754
418 754
419 956
420 755
421 755
422 875
423 877
424 754
425 754
426 754
427 755
428 755
429 755
430 754
431 754
432 755
433 4086
434 755
435 755
436 755
437 755
438 755
439 819
440 819
441 755
442 819
443 877
444 877
445 877
446 877
447 877
448 819
449 877
450 755
451 877
452 819
453 755
454 4121
455 4121
456 4121
457 4121
458 877
459 4081
460 4121
461 4290
462 4121
463 4086
464 4121
465 755
466 755
467 755
468 755
469 4085
470 4085
471 4210
472 4085
473 4210
474 4210
475 755
476 3971
477 877
478 754
479 4210
480 755
481 755
482 755
483 819
484 4121
485 4290
486 4121
487 4121
488 4121
489 4290
490 4121
491 4121
492 4121
493 4290
494 4086
495 4086
496 4086
497 4290
498 4086
499 4086
500 4121
501 4290
502 4210
503 4082
504 4081
505 4210
506 3974
507 819
508 819
509 819
510 819
511 819
512 3969
513 819
514 4210
515 4210
516 3971
517 3971
518 3969
519 3974
520 4121
521 4121
522 4121
523 4086
524 4121
525 4121
526 4081
527 3971
528 5099
529 4121
530 4210
531 4121
532 5099
533 4121
534 4081
535 3972
536 3972
537 4085
538 4085
539 3969
540 4121
541 4121
542 3972
543 4085
544 4085
545 4121
546 3972
547 4121
548 4121
549 4121
550 4210
551 4210
552 4210
553 4290
554 4121
555 4121
556 4085
557 4085
558 4082
559 4085
560 4290
561 4085
562 4085
563 4085
564 4290
565 4210
566 3974
567 3969
568 4121
569 5103
570 4121
571 4121
572 4121
573 4222
574 755
575 819
576 3971
577 3971
578 4210
579 3971
580 5099
581 4121
582 4121
583 4121
584 4085
585 5103
586 4085
587 4121
588 5099
589 4085
590 4085
591 4085
592 4121
593 4085
594 4121
595 4121
596 4081
597 4085
598 5099
599 4082
600 5103
601 3969
602 3972
603 4085
604 3974
605 5067
606 4210
607 5067
608 4210
609 4085
610 1215
611 1226
612 1427
613 1018
614 1480
615 1396
616 1215
617 1213
618 1406
619 1582
620 3869
621 3700
622 3823
623 3698
624 3684
625 3921
626 3699
627 4246
628 3421
629 4277
630 3602
631 1099
632 1467
633 963
634 3742
635 1396
636 1393
637 4135
638 4097
639 1422
640 4267
641 1466
642 864
643 1384
644 1216
645 1582
646 3421
647 3905
648 1586
649 589
650 1560
651 1099
652 1384
653 1422
654 1384
655 1468
656 5150
657 4247
658 1416
659 3916
660 1462
661 4097
662 1416
663 3904
664 4231
665 4249
666 4100
667 4164
668 4164
669 4164
670 4231
671 4231
672 4165
673 4164
674 4205
675 4100
676 4166
677 4100
678 4165
679 4166
680 4165
681 4165
682 4249
683 3825
684 1461
685 5150
686 1316
687 5150
688 1393
689 4266
690 4286
691 4165
692 4205
693 4205
694 1461
695 1530
696 1375
697 4165
698 3819
699 4165
700 3819
701 4231
702 3824
703 4135
704 4165
705 3906
706 4165
707 4266
708 3819
709 4266
710 4286
711 4100
712 4231
713 4165
714 4231
715 3916
716 1551
717 1422
718 4098
719 5150
720 4135
721 1312
722 5150
723 4164
724 4163
725 4165
726 4164
727 1316
728 4163
729 1606
730 1606
731 1389
732 4231
733 4164
734 1462
735 1395
736 1461
737 1461
738 1024
739 5150
740 1468
741 5150
742 1024
743 5150
744 5150
745 5150
746 5150
747 4167
748 4231
749 5150
750 5150
751 4100
752 5150
753 4167
754 5150
755 4166
756 4167
757 5150
758 4231
759 4231
760 4165
761 4231
762 4231
763 1618
764 1606
765 1389
766 1422
767 3553
768 4266
769 3921
770 3921
771 4046
772 3904
773 3819
774 4334
775 3821
776 3822
777 3818
778 3717
779 3599
780 4046
781 4135
782 3905
783 4097
784 3685
785 3844
786 3823
787 3739
788 3818
789 4267
790 971
791 3728
792 4169
793 4151
794 3581
795 4323
796 3853
797 3756
798 4334
799 3688
800 3654
801 4070
802 3816
803 4477
804 4054
805 5095
806 4054
807 4076
808 4054
809 5097
810 3616
811 3989
812 4466
813 4031
814 3792
815 4461
816 4033
817 3938
818 3641
819 4188
820 4188
821 3899
822 3556
823 3730
824 3673
825 3897
826 3597
827 3928
828 3796
829 4247
830 3817
831 3853
832 3817
833 4286
834 4249
835 3616
836 3616
837 3612
838 4205
839 3819
840 3793
841 3789
842 4205
843 3788
844 3616
845 4098
846 3616
847 3616
848 3612
849 5079
850 5079
851 3554
852 3899
853 3716
854 3556
855 4258
856 4121
857 3819
858 3598
859 3820
860 4054
861 4151
862 4151
863 4054
864 4077
865 4169
866 3899
867 3867
868 4169
869 3853
870 4265
871 4189
872 4187
873 4187
874 3556
875 3556
876 4328
877 3556
878 3556
879 4352
880 4060
881 5099
882 3589
883 4440
884 4063
885 4440
886 4457
887 4000
888 4000
889 4000
890 4000
891 3589
892 5079
893 3591
894 3976
895 4044
896 4070
897 3899
898 3592
899 3853
900 2331
901 2553
902 2553
903 2553
904 2553
905 2310
906 3244
907 2331
908 2310
909 2724
910 3254
911 3254
912 2724
913 2724
914 2364
915 3003
916 3003
917 1001
918 3056
919 3056
920 3003
921 3181
922 3240
923 2364
924 2724
925 2724
926 2724
927 2724
928 2724
929 2724
930 2289
931 3336
932 2786
933 2786
934 2289
935 3205
936 3239
937 2786
938 3336
939 2592
940 2364
941 3351
942 2724
943 2724
944 2724
945 3336
946 3336
947 3336
948 2592
949 3205
950 3205
951 3336
952 3056
953 3336
954 2724
955 2724
956 2261
957 2724
958 2724
959 2724
960 2724
961 2364
962 2724
963 2724
964 2618
965 3205
966 3244
967 2724
968 2331
969 2618
970 2618
971 2724
972 2724
973 2364
974 2724
975 3205
976 3205
977 2724
978 2592
979 2618
980 2618
981 2357
982 2553
983 2724
984 2553
985 2553
986 2724
987 3205
988 2553
989 2553
990 2310
991 2553
992 2553
993 2357
994 2357
995 2357
996 2357
997 2553
998 2289
999 3259
1000 3543
1001 3543
1002 3543
1003 4254
1004 3543
1005 4254
1006 3543
1007 3543
1008 3874
1009 3543
1010 4263
1011 4236
1012 4340
1013 4307
1014 3543
1015 4262
1016 4254
1017 4254
1018 4262
1019 4262
1020 4254
1021 4262
1022 4262
1023 3543
1024 3874
1025 4340
1026 3874
1027 4260
1028 3259
1029 4152
1030 4236
1031 3887
1032 4182
1033 3887
1034 4182
1035 3887
1036 3543
1037 4307
1038 5127
1039 5127
1040 5127
1041 5127
1042 5127
1043 5127
1044 5127
1045 5127
1046 5127
1047 3918
1048 5127
1049 5127
1050 5127
1051 4182
1052 4182
1053 4182
1054 3164
1055 3164
1056 4182
1057 4182
1058 4182
1059 4182
1060 4182
1061 4182
1062 4182
1063 4182
1064 4262
1065 4262
1066 4262
1067 4262
1068 4254
1069 4182
1070 5127
1071 4182
1072 4262
1073 4262
1074 4182
1075 4182
1076 3888
1077 4182
1078 3543
1079 4262
1080 4262
1081 4262
1082 4262
1083 5127
1084 4262
1085 5127
1086 5127
1087 5127
1088 5127
1089 5127
1090 5127
1091 5127
1092 5127
1093 4182
1094 5127
1095 4182
1096 4182
1097 4182
1098 4182
1099 4182
1100 5127
1101 4152
1102 4182
1103 4212
1104 4182
1105 4182
1106 4158
1107 4158
1108 5127
1109 5127
1110 3937
1111 3937
1112 3516
1113 5127
1114 4182
1115 4182
1116 4182
1117 3516
1118 4182
1119 4182
1120 4182
1121 4182
1122 4182
1123 4182
1124 3888
1125 4182
1126 4182
1127 4182
1128 4340
1129 3863
1130 3912
1131 4152
1132 4152
1133 3863
1134 4419
1135 3888
1136 3863
1137 4302
1138 4158
1139 5117
1140 3888
1141 3887
1142 5127
1143 3937
1144 5127
1145 5127
1146 3516
1147 3158
1148 5117
1149 3516
1150 3887
1151 3529
1152 4398
1153 3543
1154 388
1155 3543
1156 4263
1157 3543
1158 3543
1159 3543
1160 4307
1161 4307
1162 3543
1163 3543
1164 3543
1165 3543
1166 388
1167 3543
1168 3543
1169 3543
1170 4307
1171 4307
1172 3543
1173 3902
1174 3874
1175 4307
1176 3902
1177 3902
1178 3902
1179 3902
1180 388
1181 388
1182 3902
1183 3874
1184 3902
1185 3874
1186 3902
1187 3902
1188 4331
1189 4331
1190 4430
1191 4260
1192 4236
1193 4340
1194 3863
1195 4260
1196 3874
1197 4236
1198 3874
1199 4430
1200 4398
1201 3259
1202 4260
1203 3874
1204 3902
1205 3902
1206 3902
1207 3902
1208 3902
1209 3902
1210 3874
1211 3902
1212 3874
1213 4340
1214 388
1215 4431
1216 3902
1217 3873
1218 4152
1219 3523
1220 4071
1221 4071
1222 4182
1223 4071
1224 3164
1225 3164
1226 3523
1227 4071
1228 4071
1229 4182
1230 4182
1231 4182
1232 4182
1233 4071
1234 4071
1235 4152
1236 4152
1237 3912
1238 3935
1239 3909
1240 3523
1241 380
1242 380
1243 3523
1244 4212
1245 3523
1246 3909
1247 4182
1248 4182
1249 4182
1250 5127
1251 4182
1252 4182
1253 4182
1254 4182
1255 4263
1256 4263
1257 4385
1258 4262
1259 4263
1260 388
1261 3158
1262 3158
1263 3872
1264 3846
1265 5122
1266 5127
1267 5127
1268 5130
1269 5131
1270 5131
1271 5127
1272 5127
1273 5127
1274 5130
1275 3883
1276 5122
1277 4262
1278 4198
1279 4198
1280 5127
1281 4196
1282 4262
1283 4263
1284 4308
1285 4416
1286 5117
1287 3158
1288 3158
1289 3872
1290 3872
1291 5117
1292 5117
1293 4485
1294 382
1295 388
1296 2337
1297 1877
1298 1651
1299 1651
1300 1651
1301 3787
1302 486
1303 3722
1304 2337
1305 909
1306 3722
1307 3722
1308 3722
1309 3722
1310 1599
1311 1651
1312 1651
1313 1650
1314 1650
1315 1651
1316 1650
1317 1650
1318 1626
1319 909
1320 2337
1321 2337
1322 1493
1323 1875
1324 3272
1325 1650
1326 1650
1327 1650
1328 3722
1329 1581
1330 3722
1331 3722
1332 4074
1333 4074
1334 4074
1335 4074
1336 1581
1337 3722
1338 3722
1339 480
1340 5027
1341 1176
1342 1713
1343 5036
1344 930
1345 369
1346 981
1347 3722
1348 1684
1349 1684
1350 937
1351 1684
1352 1684
1353 937
1354 937
1355 1581
1356 937
1357 930
1358 930
1359 1436
1360 930
1361 930
1362 930
1363 4074
1364 4074
1365 1599
1366 1651
1367 1650
1368 1581
1369 1650
1370 1650
1371 1176
1372 1180
1373 1581
1374 1626
1375 1651
1376 1598
1377 1581
1378 3722
1379 1581
1380 1650
1381 1581
1382 5027
1383 1598
1384 1651
1385 981
1386 981
1387 1651
1388 1650
1389 1200
1390 1175
1391 935
1392 947
1393 1175
1394 1684
1395 930
1396 930
1397 369
1398 371
1399 1581
1400 1581
1401 981
1402 930
1403 1175
1404 1581
1405 1581
1406 1581
1407 930
1408 1581
1409 1581
1410 930
1411 1200
1412 1200
1413 1200
1414 1200
1415 480
1416 930
1417 403
1418 403
1419 930
1420 909
1421 909
1422 992
1423 1176
1424 1201
1425 1985
1426 1502
1427 552
1428 551
1429 551
1430 929
1431 670
1432 1985
1433 1651
1434 1626
1435 1650
1436 3722
1437 3722
1438 3722
1439 3722
1440 3722
1441 3722
1442 3722
1443 3722
1444 3722
1445 2937
1446 1626
1447 486
1448 3722
1449 3722
1450 3722
1451 487
1452 2780
1453 3842
1454 2337
1455 1985
1456 3272
1457 2337
1458 1502
1459 1899
1460 3272
1461 2780
1462 1985
1463 3272
1464 1502
1465 3272
1466 2780
1467 1626
1468 3722
1469 1502
1470 1443
1471 1502
1472 487
1473 3541
1474 487
1475 981
1476 1598
1477 1502
1478 552
1479 403
1480 929
1481 893
1482 3539
1483 2937
1484 3874
1485 3914
1486 3901
1487 386
1488 3900
1489 386
1490 4262
1491 4307
1492 3900
1493 4254
1494 4254
1495 4254
1496 4262
1497 3543
1498 4254
1499 4262
1500 4262
1501 3887
1502 3875
1503 4236
1504 3374
1505 3875
1506 3258
1507 386
1508 384
1509 3901
1510 3842
1511 3887
1512 3887
1513 4182
1514 3887
1515 4182
1516 4254
1517 4254
1518 3543
1519 4254
1520 4254
1521 3543
1522 3543
1523 4254
1524 4162
1525 3543
1526 3543
1527 3543
1528 3543
1529 4162
1530 4162
1531 3902
1532 3258
1533 3258
1534 384
1535 3787
1536 3543
1537 3543
1538 3887
1539 4262
1540 4162
1541 3516
1542 5127
1543 5127
1544 3937
1545 4182
1546 3937
1547 3516
1548 3516
1549 3516
1550 3516
1551 5127
1552 3516
1553 4182
1554 4182
1555 5127
1556 4182
1557 4182
1558 4182
1559 3516
1560 5127
1561 3158
1562 3158
1563 5127
1564 5127
1565 5127
1566 5127
1567 5127
1568 4182
1569 5127
1570 4182
1571 3523
1572 3516
1573 5127
1574 3158
1575 3516
1576 4071
1577 5127
1578 3164
1579 5127
1580 5127
1581 3157
1582 3873
1583 1594
1584 1594
1585 2042
1586 3873
1587 3873
1588 2069
1589 2069
1590 2498
1591 1594
1592 2069
1593 3157
1594 3873
1595 3157
1596 2988
1597 2988
1598 2043
1599 933
1600 2043
1601 933
1602 2988
1603 2533
1604 3095
1605 3095
1606 2043
1607 933
1608 1594
1609 2988
1610 3523
1611 3528
1612 3164
1613 3523
1614 2988
1615 2988
1616 3873
1617 379
1618 3411
1619 3842
1620 3257
1621 2688
1622 384
1623 3787
1624 384
1625 3465
1626 384
1627 2937
1628 3539
1629 3082
1630 3257
1631 3842
1632 3373
1633 3373
1634 384
1635 3842
1636 3842
1637 3539
1638 4201
1639 4201
1640 3540
1641 3540
1642 3540
1643 4074
1644 3540
1645 3540
1646 3465
1647 3722
1648 384
1649 3257
1650 2688
1651 1925
1652 3787
1653 3539
1654 3465
1655 1708
1656 1706
1657 1862
1658 1877
1659 1171
1660 2137
1661 1707
1662 1707
1663 932
1664 1694
1665 1839
1666 1925
1667 1839
1668 935
1669 938
1670 1839
1671 1597
1672 1597
1673 2137
1674 826
1675 981
1676 1668
1677 1664
1678 983
1679 983
1680 981
1681 1590
1682 1687
1683 1686
1684 1708
1685 2006
1686 3541
1687 4201
1688 4201
1689 3541
1690 4201
1691 984
1692 3856
1693 1862
1694 1421
1695 1684
1696 931
1697 1684
1698 1421
1699 1686
1700 930
1701 1682
1702 1683
1703 1686
1704 1925
1705 1925
1706 2006
1707 1668
1708 3842
1709 5127
1710 5127
1711 5127
1712 4262
1713 4262
1714 4262
1715 4262
1716 4262
1717 4262
1718 4262
1719 4262
1720 4262
1721 3787
1722 4262
1723 4262
1724 3543
1725 4262
1726 3948
1727 4262
1728 4074
1729 3540
1730 3951
1731 3950
1732 4047
1733 4162
1734 3787
1735 3721
1736 3831
1737 3831
1738 3864
1739 3864
1740 3883
1741 5130
1742 5131
1743 5127
1744 5127
1745 5130
1746 5127
1747 3887
1748 4262
1749 3948
1750 3883
1751 3883
1752 5127
1753 3883
1754 3950
1755 3883
1756 3950
1757 3831
1758 3157
1759 3846
1760 3831
1761 3846
1762 3831
1763 3846
1764 3158
1765 3158
1766 3846
1767 3831
1768 3831
1769 3847
1770 3846
1771 384
1772 384
1773 995
1774 3092
1775 3465
1776 384
1777 2647
1778 3344
1779 3344
1780 3465
1781 3344
1782 3465
1783 2644
1784 3344
1785 2643
1786 3539
1787 2042
1788 1591
1789 2078
1790 1809
1791 1741
1792 933
1793 2069
1794 2498
1795 2154
1796 933
1797 2204
1798 2438
1799 2326
1800 1994
1801 2153
1802 3368
1803 3212
1804 2534
1805 1809
1806 1668
1807 1569
1808 1645
1809 2405
1810 2498
1811 3775
1812 3398
1813 3751
1814 3679
1815 2930
1816 3679
1817 2993
1818 3099
1819 3396
1820 2789
1821 2919
1822 2694
1823 494
1824 3458
1825 3546
1826 3441
1827 2055
1828 499
1829 1614
1830 1815
1831 1815
1832 2070
1833 2649
1834 2064
1835 498
1836 498
1837 2634
1838 3375
1839 1738
1840 2066
1841 3513
1842 1819
1843 3473
1844 1738
1845 2038
1846 2659
1847 1981
1848 2530
1849 1953
1850 3045
1851 3834
1852 3734
1853 3866
1854 3534
1855 2987
1856 1795
1857 2919
1858 2919
1859 3639
1860 3442
1861 3734
1862 3274
1863 3660
1864 3048
1865 3753
1866 3005
1867 2940
1868 1795
1869 2776
1870 2776
1871 3838
1872 2774
1873 2775
1874 3156
1875 3156
1876 2644
1877 3541
1878 2728
1879 3539
1880 3833
1881 2774
1882 3049
1883 3692
1884 2774
1885 3944
1886 3831
1887 2728
1888 2741
1889 1953
1890 1992
1891 1740
1892 1740
1893 2125
1894 2191
1895 1795
1896 1795
1897 2772
1898 2531
1899 3639
1900 1978
1901 1761
1902 3639
1903 2919
1904 2147
1905 2067
1906 2681
1907 1574
1908 1740
1909 2772
1910 2772
1911 1672
1912 1733
1913 3129
1914 3344
1915 3129
1916 2067
1917 2772
1918 3639
1919 3639
1920 2919
1921 3344
1922 1741
1923 1998
1924 1762
1925 1894
1926 1741
1927 1998
1928 1706
1929 1998
1930 1809
1931 2180
1932 2191
1933 2191
1934 1762
1935 2125
1936 1794
1937 1795
1938 2154
1939 2175
1940 2180
1941 2191
1942 2498
1943 1755
1944 1760
1945 1708
1946 4236
1947 3873
1948 2688
1949 2790
1950 1877
1951 3083
1952 3083
1953 3535
1954 3535
1955 377
1956 377
1957 3083
1958 3282
1959 3912
1960 3535
1961 1934
1962 3305
1963 3535
1964 3032
1965 3373
1966 3282
1967 3083
1968 3282
1969 3282
1970 3256
1971 2688
1972 2790
1973 1001
1974 2181
1975 1925
1976 2790
1977 2790
1978 2790
1979 1001
1980 1001
1981 3032
1982 2688
1983 379
1984 3873
1985 3357
1986 3295
1987 3065
1988 3205
1989 2480
1990 377
1991 3351
1992 3244
1993 3253
1994 3351
1995 3351
1996 1001
1997 1001
1998 1001
1999 1001
2000 3030
2001 3030
2002 3208
2003 3170
2004 3205
2005 2480
2006 3282
2007 3092
2008 3091
2009 2790
2010 3181
2011 1001
2012 3056
2013 3056
2014 3056
2015 3181
2016 3056
2017 3056
2018 1001
2019 1001
2020 3092
2021 1001
2022 3056
2023 3056
2024 3092
2025 3092
2026 3295
2027 3204
2028 3208
2029 3251
2030 3205
2031 2535
2032 3295
2033 3205
2034 3181
2035 4502
2036 4553
2037 4498
2038 4488
2039 4384
2040 4384
2041 4488
2042 1454
2043 1450
2044 4482
2045 3954
2046 4310
2047 5122
2048 4311
2049 4310
2050 4384
2051 4384
2052 3952
2053 4559
2054 4559
2055 5125
2056 4416
2057 4312
2058 4311
2059 3951
2060 4311
2061 4434
2062 4434
2063 4434
2064 4312
2065 4309
2066 4576
2067 4551
2068 4479
2069 3958
2070 388
2071 4635
2072 4685
2073 1456
2074 4574
2075 4565
2076 4574
2077 1453
2078 4570
2079 4753
2080 4508
2081 4547
2082 1453
2083 4547
2084 4365
2085 4574
2086 4364
2087 1452
2088 4492
2089 4387
2090 4491
2091 4496
2092 4384
2093 2727
2094 4372
2095 4372
2096 4433
2097 4471
2098 4470
2099 4387
2100 4427
2101 4373
2102 3956
2103 4575
2104 4492
2105 4614
2106 4508
2107 4372
2108 4551
2109 4493
2110 4624
2111 4753
2112 4554
2113 4576
2114 4493
2115 4505
2116 4485
2117 4505
2118 4688
2119 4506
2120 4494
2121 4560
2122 4427
2123 526
2124 217
2125 524
2126 1456
2127 1456
2128 4757
2129 469
2130 434
2131 467
2132 207
2133 471
2134 514
2135 467
2136 469
2137 526
2138 196
2139 467
2140 1456
2141 215
2142 467
2143 4542
2144 4412
2145 4574
2146 4498
2147 4381
2148 1450
2149 4383
2150 4498
2151 1363
2152 482
2153 482
2154 4201
2155 2735
2156 4382
2157 4363
2158 487
2159 1598
2160 4381
2161 704
2162 796
2163 487
2164 402
2165 1891
2166 1891
2167 1891
2168 4482
2169 4382
2170 4574
2171 4574
2172 1456
2173 4412
2174 4379
2175 1454
2176 4492
2177 4481
2178 4495
2179 201
2180 929
2181 1144
2182 138
2183 138
2184 4491
2185 550
2186 366
2187 202
2188 703
2189 366
2190 550
2191 365
2192 399
2193 521
2194 521
2195 366
2196 365
2197 4482
2198 1450
2199 366
2200 366
2201 4382
2202 365
2203 366
2204 366
2205 255
2206 8
2207 191
2208 428
2209 460
2210 462
2211 460
2212 208
2213 432
2214 326
2215 4830
2216 342
2217 54
2218 245
2219 471
2220 245
2221 471
2222 212
2223 189
2224 309
2225 190
2226 245
2227 8
2228 245
2229 285
2230 336
2231 8
2232 326
2233 395
2234 471
2235 471
2236 331
2237 207
2238 326
2239 245
2240 471
2241 212
2242 395
2243 208
2244 285
2245 285
2246 212
2247 212
2248 9
2249 212
2250 473
2251 326
2252 208
2253 395
2254 208
2255 522
2256 475
2257 474
2258 194
2259 522
2260 524
2261 517
2262 536
2263 255
2264 143
2265 517
2266 635
2267 202
2268 254
2269 135
2270 538
2271 538
2272 525
2273 326
2274 134
2275 134
2276 326
2277 253
2278 134
2279 290
2280 254
2281 290
2282 425
2283 472
2284 245
2285 8
2286 257
2287 285
2288 212
2289 4628
2290 4718
2291 4582
2292 4582
2293 4616
2294 4511
2295 4545
2296 4622
2297 4690
2298 4563
2299 4563
2300 4511
2301 4511
2302 4628
2303 4622
2304 4622
2305 4662
2306 4630
2307 4632
2308 4622
2309 4628
2310 4831
2311 4699
2312 4512
2313 4630
2314 4788
2315 4620
2316 4830
2317 4613
2318 4695
2319 4718
2320 4691
2321 4718
2322 1456
2323 4887
2324 4713
2325 4546
2326 4888
2327 4696
2328 4633
2329 4320
2330 4884
2331 4855
2332 4620
2333 4720
2334 4770
2335 4690
2336 4557
2337 4558
2338 4558
2339 4558
2340 4557
2341 4620
2342 4500
2343 4500
2344 4503
2345 4627
2346 4580
2347 1455
2348 4555
2349 4567
2350 4564
2351 4544
2352 4543
2353 4561
2354 4509
2355 4509
2356 4617
2357 4695
2358 4617
2359 4509
2360 4509
2361 4567
2362 4695
2363 4569
2364 4374
2365 4754
2366 4630
2367 4696
2368 4789
2369 4633
2370 1262
2371 866
2372 590
2373 1086
2374 1298
2375 1298
2376 1095
2377 1056
2378 1719
2379 1325
2380 592
2381 592
2382 1503
2383 591
2384 1373
2385 1220
2386 1748
2387 1748
2388 1727
2389 1343
2390 1609
2391 1321
2392 1041
2393 1035
2394 1033
2395 1033
2396 1033
2397 1842
2398 1842
2399 1842
2400 1494
2401 1842
2402 1087
2403 1087
2404 1087
2405 1207
2406 1564
2407 1087
2408 1207
2409 1749
2410 1143
2411 1475
2412 1730
2413 1475
2414 1476
2415 1730
2416 1873
2417 1749
2418 1807
2419 1873
2420 1722
2421 1477
2422 1722
2423 1644
2424 1644
2425 1325
2426 1722
2427 1722
2428 1722
2429 1644
2430 1325
2431 1030
2432 1076
2433 1093
2434 1030
2435 1075
2436 1093
2437 1208
2438 1064
2439 1181
2440 1211
2441 1492
2442 1842
2443 1494
2444 1043
2445 1478
2446 1331
2447 1140
2448 1044
2449 1143
2450 1475
2451 1492
2452 1130
2453 1130
2454 1077
2455 1033
2456 1095
2457 1409
2458 1220
2459 1066
2460 1143
2461 1143
2462 1910
2463 1744
2464 1321
2465 1390
2466 1609
2467 1325
2468 1643
2469 866
2470 1643
2471 1643
2472 1324
2473 1325
2474 1323
2475 1628
2476 1503
2477 1607
2478 1495
2479 1634
2480 1640
2481 1748
2482 1629
2483 1066
2484 595
2485 989
2486 1066
2487 1063
2488 1261
2489 1212
2490 1373
2491 1067
2492 1409
2493 1211
2494 1885
2495 1843
2496 1843
2497 1207
2498 1143
2499 1044
2500 1751
2501 1807
2502 1749
2503 1873
2504 1873
2505 1699
2506 1716
2507 1406
2508 1716
2509 1727
2510 1325
2511 1727
2512 1261
2513 1825
2514 1143
2515 1142
2516 1656
2517 1538
2518 3220
2519 1807
2520 1675
2521 1475
2522 1019
2523 3450
2524 1198
2525 1197
2526 1260
2527 1343
2528 1029
2529 1478
2530 1136
2531 1478
2532 1074
2533 1191
2534 1136
2535 1351
2536 1104
2537 1069
2538 1105
2539 1299
2540 1221
2541 1042
2542 1039
2543 1478
2544 1138
2545 1372
2546 1103
2547 1103
2548 1173
2549 1238
2550 1211
2551 1372
2552 1091
2553 1244
2554 1295
2555 1108
2556 1478
2557 1194
2558 1478
2559 1331
2560 1478
2561 1091
2562 1191
2563 1191
2564 1090
2565 2079
2566 2022
2567 1939
2568 1656
2569 2022
2570 1140
2571 1140
2572 1746
2573 1746
2574 1745
2575 2040
2576 1926
2577 2040
2578 1926
2579 1929
2580 1929
2581 2058
2582 1049
2583 2022
2584 1320
2585 1745
2586 1745
2587 1784
2588 1649
2589 1649
2590 1669
2591 1647
2592 1585
2593 1548
2594 1380
2595 1050
2596 1745
2597 1928
2598 1928
2599 1939
2600 1972
2601 1512
2602 2010
2603 2084
2604 1912
2605 1874
2606 2079
2607 1955
2608 1310
2609 2165
2610 1510
2611 1874
2612 1881
2613 1745
2614 1660
2615 1655
2616 1331
2617 1660
2618 2013
2619 1535
2620 1745
2621 1649
2622 1881
2623 2088
2624 1120
2625 1351
2626 1351
2627 1351
2628 1376
2629 1351
2630 1531
2631 1331
2632 1376
2633 1331
2634 1515
2635 1531
2636 1347
2637 1649
2638 1585
2639 1509
2640 1320
2641 1048
2642 1047
2643 1425
2644 1415
2645 1433
2646 1515
2647 1411
2648 1411
2649 1481
2650 1527
2651 1411
2652 1398
2653 1881
2654 1882
2655 1924
2656 1692
2657 1515
2658 1889
2659 1268
2660 1336
2661 1410
2662 1266
2663 1252
2664 1251
2665 1435
2666 1433
2667 1329
2668 1249
2669 1263
2670 1269
2671 1341
2672 1110
2673 1271
2674 1271
2675 1173
2676 1401
2677 1173
2678 1111
2679 1415
2680 1401
2681 1341
2682 1250
2683 1391
2684 4174
2685 3422
2686 4214
2687 3681
2688 4216
2689 4173
2690 4172
2691 3195
2692 3468
2693 4180
2694 3196
2695 4244
2696 3424
2697 3194
2698 3837
2699 3920
2700 3603
2701 3468
2702 3525
2703 3682
2704 3634
2705 1149
2706 1092
2707 599
2708 3415
2709 1196
2710 3227
2711 4285
2712 4322
2713 4281
2714 4285
2715 4274
2716 4170
2717 4172
2718 4341
2719 4293
2720 3417
2721 4275
2722 3193
2723 3505
2724 1804
2725 3220
2726 3485
2727 1804
2728 3429
2729 1804
2730 1429
2731 1804
2732 3452
2733 3429
2734 3429
2735 3470
2736 3470
2737 3452
2738 3452
2739 1804
2740 4275
2741 3452
2742 1429
2743 3193
2744 4228
2745 3325
2746 3698
2747 3961
2748 1198
2749 1031
2750 3495
2751 3628
2752 3469
2753 3226
2754 1028
2755 3784
2756 4153
2757 4273
2758 4215
2759 3188
2760 3426
2761 3371
2762 1044
2763 3505
2764 3461
2765 1059
2766 4147
2767 4130
2768 4148
2769 3851
2770 3891
2771 3738
2772 4160
2773 3892
2774 3919
2775 4257
2776 4142
2777 4257
2778 4276
2779 3783
2780 3267
2781 3663
2782 3327
2783 3468
2784 3635
2785 3636
2786 3326
2787 3754
2788 3419
2789 4048
2790 3741
2791 4305
2792 4295
2793 3224
2794 4277
2795 4283
2796 4227
2797 3223
2798 4229
2799 3760
2800 3632
2801 3226
2802 3632
2803 3645
2804 3868
2805 4218
2806 3776
2807 3769
2808 3836
2809 4223
2810 4285
2811 4278
2812 4325
2813 4278
2814 3323
2815 4341
2816 3268
2817 4171
2818 4242
2819 4204
2820 4171
2821 4228
2822 4204
2823 4256
2824 3420
2825 4134
2826 4256
2827 4242
2828 4178
2829 4191
2830 1729
2831 1825
2832 1059
2833 3426
2834 1478
2835 3470
2836 3187
2837 3575
2838 3496
2839 3451
2840 3451
2841 3631
2842 3538
2843 3631
2844 1075
2845 3450
2846 3188
2847 3414
2848 3506
2849 3449
2850 3315
2851 3919
2852 3463
2853 1194
2854 1299
2855 3390
2856 3495
2857 3485
2858 3197
2859 3369
2860 3504
2861 3503
2862 1349
2863 1194
2864 3321
2865 3677
2866 3413
2867 3657
2868 3504
2869 3678
2870 3187
2871 3425
2872 3461
2873 3390
2874 3463
2875 3413
2876 1194
2877 3413
2878 3922
2879 4131
2880 4131
2881 3371
2882 4131
2883 4192
2884 3264
2885 1908
2886 3269
2887 1538
2888 3264
2889 1908
2890 3055
2891 1908
2892 1536
2893 1881
2894 3922
2895 1880
2896 1881
2897 4140
2898 4147
2899 4192
2900 4192
2901 3706
2902 3707
2903 4213
2904 3659
2905 3931
2906 4138
2907 4186
2908 4138
2909 3933
2910 4183
2911 4238
2912 4213
2913 4225
2914 4192
2915 3705
2916 3703
2917 3704
2918 4190
2919 3934
2920 3262
2921 3386
2922 1880
2923 4092
2924 4091
2925 1660
2926 1656
2927 1825
2928 1656
2929 1655
2930 1859
2931 1881
2932 1660
2933 1332
2934 1908
2935 1881
2936 1859
2937 2014
2938 3356
2939 3395
2940 3315
2941 1351
2942 1252
2943 1253
2944 1656
2945 3356
2946 1656
2947 1889
2948 3174
2949 3174
2950 1660
2951 3767
2952 3767
2953 4127
2954 3907
2955 3317
2956 3445
2957 3749
2958 3174
2959 3173
2960 1251
2961 3209
2962 3676
2963 2973
2964 1470
2965 1470
2966 1535
2967 1889
2968 1918
2969 1859
2970 1882
2971 1889
2972 3174
2973 1924
2974 1412
2975 1125
2976 1376
2977 1299
2978 1349
2979 1411
2980 1641
2981 1349
2982 1125
2983 3380
2984 1124
2985 3504
2986 2893
2987 3500
2988 2973
2989 1349
2990 3316
2991 3749
2992 3444
2993 3444
2994 3444
2995 1330
2996 3774
2997 2077
2998 2649
2999 3751
3000 3775
3001 3396
3002 3398
3003 2921
3004 3524
3005 1816
3006 1736
3007 2061
3008 2003
3009 1922
3010 1637
3011 2906
3012 2086
3013 1964
3014 3042
3015 3013
3016 1940
3017 1823
3018 1830
3019 3652
3020 2086
3021 2086
3022 1830
3023 2086
3024 1887
3025 1758
3026 3139
3027 1830
3028 2353
3029 1830
3030 1830
3031 2830
3032 3038
3033 2830
3034 2830
3035 2382
3036 1831
3037 1886
3038 1308
3039 1887
3040 1830
3041 1830
3042 2332
3043 3070
3044 1960
3045 3068
3046 2300
3047 2400
3048 2342
3049 2397
3050 2301
3051 1717
3052 1717
3053 2123
3054 2123
3055 1965
3056 1965
3057 1973
3058 2086
3059 2060
3060 1419
3061 1273
3062 1967
3063 1701
3064 2060
3065 2060
3066 1273
3067 1950
3068 1419
3069 2379
3070 1521
3071 1359
3072 1937
3073 1542
3074 1358
3075 1758
3076 1361
3077 1355
3078 1382
3079 1490
3080 1441
3081 1822
3082 1542
3083 1334
3084 1568
3085 1499
3086 1334
3087 1291
3088 1608
3089 2340
3090 1419
3091 1291
3092 1869
3093 2340
3094 2353
3095 2353
3096 1831
3097 1419
3098 1950
3099 1967
3100 2193
3101 1608
3102 1960
3103 1961
3104 1857
3105 2277
3106 1519
3107 1519
3108 1836
3109 1267
3110 2621
3111 1967
3112 1507
3113 1950
3114 1989
3115 1990
3116 1942
3117 2442
3118 1507
3119 1718
3120 1367
3121 1382
3122 1479
3123 1367
3124 1367
3125 1368
3126 1356
3127 1368
3128 1354
3129 1521
3130 1360
3131 1365
3132 1289
3133 1508
3134 1337
3135 1301
3136 1362
3137 1272
3138 1365
3139 2770
3140 504
3141 504
3142 504
3143 504
3144 504
3145 3199
3146 504
3147 504
3148 504
3149 504
3150 3044
3151 504
3152 504
3153 2629
3154 505
3155 2770
3156 3044
3157 2977
3158 3044
3159 1852
3160 1957
3161 1957
3162 2123
3163 1974
3164 1888
3165 3044
3166 2977
3167 2494
3168 2494
3169 504
3170 2629
3171 505
3172 2123
3173 1974
3174 2051
3175 2951
3176 2951
3177 1975
3178 3085
3179 3044
3180 2402
3181 3044
3182 3044
3183 5055
3184 2629
3185 2355
3186 2355
3187 2355
3188 2355
3189 2355
3190 504
3191 1855
3192 1855
3193 2355
3194 1855
3195 1855
3196 2627
3197 1855
3198 1975
3199 2402
3200 1975
3201 4141
3202 3436
3203 3839
3204 3070
3205 3915
3206 4233
3207 3440
3208 4234
3209 4141
3210 3839
3211 4261
3212 4132
3213 2970
3214 2884
3215 3041
3216 3041
3217 3436
3218 2277
3219 2307
3220 2997
3221 2813
3222 2997
3223 2980
3224 2997
3225 2307
3226 1833
3227 2138
3228 2984
3229 3010
3230 4294
3231 3924
3232 3894
3233 4190
3234 3071
3235 3361
3236 3703
3237 3132
3238 1952
3239 2014
3240 2673
3241 4091
3242 2817
3243 2879
3244 2813
3245 3140
3246 2755
3247 2396
3248 2567
3249 2813
3250 2621
3251 2387
3252 1292
3253 5177
3254 2581
3255 2513
3256 2581
3257 1291
3258 1274
3259 1516
3260 1539
3261 1539
3262 2621
3263 2608
3264 1539
3265 3758
3266 3758
3267 3009
3268 3236
3269 3758
3270 2674
3271 3773
3272 4075
3273 2581
3274 1471
3275 3748
3276 3747
3277 1435
3278 1869
3279 2277
3280 1520
3281 2395
3282 1923
3283 1121
3284 2277
3285 2277
3286 2395
3287 2387
3288 1520
3289 1274
3290 1507
3291 2621
3292 1277
3293 2307
3294 1857
3295 1519
3296 1519
3297 1121
3298 1120
3299 1952
3300 1869
3301 2816
3302 1507
3303 2513
3304 2513
3305 2567
3306 2816
3307 5182
3308 5181
3309 2968
3310 3235
3311 2623
3312 3481
3313 3481
3314 2621
3315 1700
3316 1539
3317 3007
3318 1759
3319 1274
3320 1759
3321 1413
3322 3481
3323 3300
3324 1434
3325 1274
3326 2890
3327 3675
3328 3072
3329 4141
3330 2754
3331 504
3332 504
3333 504
3334 504
3335 504
3336 3377
3337 3199
3338 3199
3339 3199
3340 3285
3341 3490
3342 3407
3343 3690
3344 3462
3345 3533
3346 2756
3347 3533
3348 3690
3349 4200
3350 4253
3351 4332
3352 4251
3353 4251
3354 2756
3355 4253
3356 3491
3357 3746
3358 2757
3359 4253
3360 3745
3361 3746
3362 3923
3363 2755
3364 2925
3365 2925
3366 2925
3367 2754
3368 3094
3369 2879
3370 3143
3371 2769
3372 2753
3373 2771
3374 3143
3375 2745
3376 3085
3377 3199
3378 3199
3379 3199
3380 3085
3381 506
3382 3044
3383 506
3384 2355
3385 1855
3386 506
3387 1855
3388 2627
3389 5050
3390 2816
3391 2924
3392 1969
3393 1986
3394 2379
3395 1902
3396 2581
3397 2581
3398 5055
3399 5055
3400 1542
3401 1906
3402 1785
3403 501
3404 1726
3405 1883
3406 1883
3407 1883
3408 1542
3409 1544
3410 2394
3411 2394
3412 1544
3413 2060
3414 2379
3415 2060
3416 2087
3417 1937
3418 2194
3419 2194
3420 2194
3421 2194
3422 2621
3423 2581
3424 2581
3425 2581
3426 2193
3427 1544
3428 2194
3429 1793
3430 1726
3431 1777
3432 1695
3433 1747
3434 1567
3435 1726
3436 2386
3437 2473
3438 2466
3439 1969
3440 1970
3441 1288
3442 2386
3443 2623
3444 2555
3445 3766
3446 2911
3447 2911
3448 3766
3449 4250
3450 2683
3451 1283
3452 2559
3453 2558
3454 2910
3455 2558
3456 1283
3457 2555
3458 1902
3459 2474
3460 2475
3461 2560
3462 1288
3463 2581
3464 2666
3465 2581
3466 2623
3467 2581
3468 2666
3469 2666
3470 2581
3471 2581
3472 2581
3473 1286
3474 2931
3475 2558
3476 2620
3477 2857
3478 2558
3479 2665
3480 2623
3481 2627
3482 1604
3483 1604
3484 2868
3485 2977
3486 2977
3487 2868
3488 1604
3489 2495
3490 3230
3491 1604
3492 1604
3493 2056
3494 1639
3495 1879
3496 1793
3497 2020
3498 2056
3499 2599
3500 1996
3501 1852
3502 1868
3503 2851
3504 2850
3505 2850
3506 2851
3507 1603
3508 1793
3509 2851
3510 2850
3511 3333
3512 2906
3513 1604
3514 2302
3515 2495
3516 2302
3517 1799
3518 2791
3519 3476
3520 5055
3521 2402
3522 1855
3523 2627
3524 2627
3525 2627
3526 2627
3527 2581
3528 2402
3529 5055
3530 3476
3531 1604
3532 1604
3533 1604
3534 503
3535 503
3536 2868
3537 2868
3538 503
3539 2868
3540 2868
3541 1604
3542 2251
3543 504
3544 2251
3545 504
3546 504
3547 504
3548 504
3549 504
3550 504
3551 2355
3552 504
3553 2355
3554 1855
3555 1855
3556 1855
3557 1855
3558 1800
3559 3234
3560 3234
3561 2631
3562 2868
3563 504
3564 3234
3565 2631
3566 3690
3567 2794
3568 3123
3569 4154
3570 4139
3571 3124
3572 3124
3573 3829
3574 4303
3575 2966
3576 3120
3577 4332
3578 2966
3579 3476
3580 3775
3581 3835
3582 3233
3583 2718
3584 2794
3585 2718
3586 3502
3587 3835
3588 4093
3589 3200
3590 3200
3591 3520
3592 3396
3593 3744
3594 2794
3595 3690
3596 4176
3597 4093
3598 4093
3599 3520
3600 2623
3601 5055
3602 2623
3603 2666
3604 1604
3605 1604
3606 3234
3607 3476
3608 2868
3609 2868
3610 2868
3611 2868
3612 2868
3613 2868
3614 2868
3615 504
3616 504
3617 504
3618 504
3619 504
3620 2251
3621 504
3622 504
3623 504
3624 504
3625 504
3626 504
3627 504
3628 2355
3629 2355
3630 2355
3631 2355
3632 2355
3633 2355
3634 1855
3635 2355
3636 1286
3637 2795
3638 1855
3639 1855
3640 5055
3641 2627
3642 1855
3643 1855
3644 1903
3645 2004
3646 2004
3647 1971
3648 1802
3649 1802
3650 1810
3651 1969
3652 2003
3653 2493
3654 1638
3655 1828
3656 2041
3657 1827
3658 1288
3659 2193
3660 1281
3661 2581
3662 2581
3663 2581
3664 2581
3665 3254
3666 3254
3667 2481
3668 3240
3669 3254
3670 3254
3671 3254
3672 2481
3673 2481
3674 2481
3675 2481
3676 2476
3677 3240
3678 2861
3679 2861
3680 2861
3681 5042
3682 2481
3683 2996
3684 3240
3685 2481
3686 2975
3687 2526
3688 2526
3689 3036
3690 2523
3691 2975
3692 2975
3693 2743
3694 3254
3695 2934
3696 5042
3697 5044
3698 3036
3699 5042
3700 2995
3701 2995
3702 2481
3703 2481
3704 2975
3705 2975
3706 2860
3707 2995
3708 3240
3709 2996
3710 2996
3711 3254
3712 2934
3713 3254
3714 3254
3715 3254
3716 3240
3717 2517
3718 3240
3719 3240
3720 2481
3721 3254
3722 3254
3723 3254
3724 2331
3725 2523
3726 2523
3727 2523
3728 2903
3729 2523
3730 2903
3731 3254
3732 3254
3733 3254
3734 3254
3735 3254
3736 3254
3737 3254
3738 3254
3739 3254
3740 3254
3741 2523
3742 3254
3743 2523
3744 3254
3745 3254
3746 3254
3747 3254
3748 2523
3749 3254
3750 3254
3751 3254
3752 3254
3753 3254
3754 3254
3755 3254
3756 3254
3757 2331
3758 3254
3759 3254
3760 3254
3761 3254
3762 2331
3763 2331
3764 3254
3765 2490
3766 2331
3767 2861
3768 2234
3769 2523
3770 2523
3771 3254
3772 3254
3773 3254
3774 3254
3775 3254
3776 3254
3777 3254
3778 3254
3779 3254
3780 3254
3781 3254
3782 2331
3783 3254
3784 3254
3785 3254
3786 3254
3787 3254
3788 3254
3789 2523
3790 2523
3791 3254
3792 3254
3793 2523
3794 3254
3795 2331
3796 3240
3797 2523
3798 2481
3799 2481
3800 2481
3801 2481
3802 2481
3803 2481
3804 2481
3805 2481
3806 2481
3807 2481
3808 2481
3809 2481
3810 2481
3811 2481
3812 2481
3813 2481
3814 2481
3815 2481
3816 2481
3817 2481
3818 2481
3819 2481
3820 2481
3821 2481
3822 2481
3823 2481
3824 2481
3825 2481
3826 2481
3827 2481
3828 2481
3829 2481
3830 2481
3831 2481
3832 2481
3833 2481
3834 2218
3835 2481
3836 2481
3837 2481
3838 2481
3839 2481
3840 2481
3841 2481
3842 2481
3843 2481
3844 2481
3845 2481
3846 2481
3847 2481
3848 2481
3849 2481
3850 2481
3851 2481
3852 2481
3853 2481
3854 2481
3855 2481
3856 2481
3857 2481
3858 2481
3859 2481
3860 2481
3861 2481
3862 2481
3863 2481
3864 2481
3865 2481
3866 2481
3867 2481
3868 2481
3869 2481
3870 2481
3871 2481
3872 2481
3873 2481
3874 2481
3875 2481
3876 3254
3877 3254
3878 2331
3879 2331
3880 3254
3881 3254
3882 2330
3883 2331
3884 3254
3885 3254
3886 3254
3887 2331
3888 3254
3889 3254
3890 3254
3891 3254
3892 3254
3893 3254
3894 3254
3895 2331
3896 2330
3897 2331
3898 2331
3899 2331
3900 3254
3901 3254
3902 3254
3903 2331
3904 3254
3905 2330
3906 2330
3907 2331
3908 2331
3909 3254
3910 3254
3911 2218
3912 2481
3913 2218
3914 2481
3915 2481
3916 2481
3917 2481
3918 2218
3919 2481
3920 2481
3921 2481
3922 2481
3923 2481
3924 2481
3925 2481
3926 2481
3927 2481
3928 2481
3929 2218
3930 2481
3931 2481
3932 2481
3933 2481
3934 2481
3935 2481
3936 2481
3937 2481
3938 2481
3939 2218
3940 2481
3941 2218
3942 2218
3943 2481
3944 2481
3945 2481
3946 2481
3947 3254
3948 2481
3949 2481
3950 2481
3951 3181
3952 3253
3953 3254
3954 3181
3955 3240
3956 3254
3957 3181
3958 3181
3959 3254
3960 3254
3961 3254
3962 3254
3963 3254
3964 3253
3965 2480
3966 3240
3967 3240
3968 3240
3969 3240
3970 2481
3971 2481
3972 3351
3973 3240
3974 2481
3975 3240
3976 3240
3977 3240
3978 3181
3979 3181
3980 3181
3981 3254
3982 3254
3983 2517
3984 3240
3985 3240
3986 3240
3987 3240
3988 3240
3989 3240
3990 252
3991 252
3992 282
3993 6
3994 6
3995 119
3996 252
3997 263
3998 58
3999 119
4000 58
4001 263
4002 252
4003 8
4004 212
4005 243
4006 252
4007 354
4008 8
4009 296
4010 188
4011 427
4012 285
4013 262
4014 251
4015 119
4016 58
4017 8
4018 8
4019 212
4020 323
4021 8
4022 336
4023 119
4024 282
4025 119
4026 119
4027 58
4028 57
4029 119
4030 119
4031 119
4032 7
4033 6
4034 8
4035 58
4036 7
4037 360
4038 8
4039 6
4040 119
4041 282
4042 119
4043 119
4044 6
4045 119
4046 119
4047 119
4048 119
4049 119
4050 119
4051 119
4052 119
4053 119
4054 119
4055 119
4056 119
4057 119
4058 119
4059 119
4060 119
4061 119
4062 119
4063 119
4064 119
4065 119
4066 119
4067 119
4068 119
4069 119
4070 119
4071 119
4072 119
4073 119
4074 119
4075 8
4076 360
4077 212
4078 4740
4079 4740
4080 4588
4081 4819
4082 4750
4083 4752
4084 4769
4085 4750
4086 4588
4087 4588
4088 4755
4089 4522
4090 4743
4091 4769
4092 4743
4093 4886
4094 4743
4095 4626
4096 4754
4097 4515
4098 4621
4099 4722
4100 4626
4101 4515
4102 4755
4103 4588
4104 4743
4105 4588
4106 4736
4107 4515
4108 4736
4109 4589
4110 4589
4111 4587
4112 4588
4113 4588
4114 4629
4115 4523
4116 4589
4117 4589
4118 4795
4119 4752
4120 4750
4121 4752
4122 4752
4123 4722
4124 4588
4125 4589
4126 4589
4127 4819
4128 4588
4129 4589
4130 4755
4131 4794
4132 5143
4133 5143
4134 4777
4135 5143
4136 5143
4137 5143
4138 5143
4139 5143
4140 5143
4141 5143
4142 5143
4143 5143
4144 5143
4145 5143
4146 4794
4147 5143
4148 5143
4149 5143
4150 5143
4151 5143
4152 4794
4153 4794
4154 5143
4155 5143
4156 4883
4157 4883
4158 4794
4159 4849
4160 4794
4161 4789
4162 4743
4163 4676
4164 8
4165 8
4166 8
4167 245
4168 336
4169 323
4170 4699
4171 4831
4172 7
4173 8
4174 4699
4175 360
4176 8
4177 360
4178 4699
4179 360
4180 285
4181 8
4182 8
4183 360
4184 8
4185 8
4186 360
4187 8
4188 8
4189 394
4190 6
4191 6
4192 119
4193 119
4194 119
4195 119
4196 119
4197 119
4198 119
4199 119
4200 119
4201 119
4202 119
4203 119
4204 119
4205 119
4206 119
4207 119
4208 42
4209 119
4210 119
4211 145
4212 42
4213 145
4214 42
4215 42
4216 168
4217 433
4218 312
4219 168
4220 312
4221 312
4222 424
4223 433
4224 312
4225 85
4226 249
4227 424
4228 145
4229 145
4230 42
4231 145
4232 145
4233 145
4234 44
4235 145
4236 145
4237 145
4238 145
4239 145
4240 119
4241 119
4242 119
4243 119
4244 119
4245 119
4246 42
4247 42
4248 42
4249 42
4250 42
4251 420
4252 42
4253 42
4254 145
4255 42
4256 42
4257 145
4258 145
4259 42
4260 145
4261 42
4262 145
4263 145
4264 42
4265 44
4266 145
4267 119
4268 119
4269 119
4270 119
4271 119
4272 119
4273 119
4274 119
4275 119
4276 119
4277 145
4278 145
4279 145
4280 145
4281 145
4282 44
4283 145
4284 361
4285 119
4286 361
4287 433
4288 394
4289 433
4290 119
4291 119
4292 119
4293 361
4294 433
4295 433
4296 361
4297 4722
4298 4795
4299 4769
4300 4722
4301 4722
4302 4586
4303 4687
4304 4621
4305 4587
4306 4769
4307 4722
4308 4795
4309 4752
4310 4752
4311 4795
4312 4711
4313 4749
4314 4795
4315 4518
4316 4514
4317 5134
4318 4752
4319 4513
4320 4513
4321 4752
4322 4819
4323 4795
4324 5143
4325 317
4326 4747
4327 4794
4328 5143
4329 5143
4330 5143
4331 5143
4332 319
4333 4794
4334 4794
4335 4755
4336 5143
4337 5143
4338 317
4339 317
4340 317
4341 317
4342 317
4343 317
4344 317
4345 317
4346 317
4347 4706
4348 4706
4349 4706
4350 4706
4351 4706
4352 4706
4353 4706
4354 4706
4355 4706
4356 4706
4357 4706
4358 4706
4359 4706
4360 4706
4361 4706
4362 4706
4363 4706
4364 4706
4365 4706
4366 4706
4367 4706
4368 4706
4369 4706
4370 4706
4371 4706
4372 4706
4373 4706
4374 4706
4375 4706
4376 4706
4377 4706
4378 4706
4379 4706
4380 317
4381 4607
4382 4607
4383 4607
4384 317
4385 317
4386 5138
4387 5138
4388 5143
4389 4747
4390 4747
4391 5143
4392 5143
4393 317
4394 317
4395 4607
4396 4607
4397 4607
4398 4607
4399 4607
4400 4607
4401 317
4402 5143
4403 5143
4404 5143
4405 5143
4406 5143
4407 5143
4408 4794
4409 448
4410 4606
4411 317
4412 448
4413 4607
4414 4606
4415 4706
4416 4606
4417 4706
4418 4606
4419 4606
4420 4706
4421 4706
4422 4606
4423 4607
4424 4607
4425 4706
4426 4606
4427 4607
4428 4606
4429 4607
4430 4607
4431 4607
4432 4606
4433 4606
4434 4607
4435 4607
4436 4607
4437 4607
4438 4607
4439 4607
4440 4607
4441 4607
4442 4607
4443 4747
4444 4592
4445 4747
4446 5143
4447 4783
4448 4607
4449 4747
4450 4747
4451 4849
4452 4883
4453 4883
4454 4607
4455 4747
4456 4607
4457 4607
4458 4607
4459 4747
4460 4607
4461 4750
4462 4589
4463 4523
4464 4589
4465 4522
4466 4589
4467 4819
4468 4522
4469 4589
4470 4513
4471 4886
4472 4523
4473 4589
4474 42
4475 394
4476 394
4477 42
4478 26
4479 26
4480 394
4481 394
4482 394
4483 394
4484 42
4485 361
4486 145
4487 145
4488 145
4489 44
4490 145
4491 145
4492 119
4493 119
4494 84
4495 145
4496 145
4497 145
4498 145
4499 119
4500 119
4501 119
4502 119
4503 119
4504 119
4505 145
4506 84
4507 249
4508 42
4509 42
4510 145
4511 145
4512 145
4513 42
4514 4606
4515 4606
4516 4706
4517 4706
4518 4706
4519 4706
4520 4706
4521 4706
4522 4706
4523 4706
4524 4706
4525 4706
4526 4607
4527 4706
4528 4706
4529 4706
4530 4706
4531 4706
4532 4706
4533 4706
4534 4706
4535 4706
4536 4706
4537 4706
4538 4606
4539 4706
4540 4706
4541 4706
4542 4706
4543 4607
4544 4607
4545 4607
4546 4607
4547 4607
4548 4607
4549 4747
4550 4607
4551 5138
4552 4747
4553 5143
4554 4747
4555 5143
4556 4747
4557 5138
4558 4747
4559 4607
4560 4747
4561 4747
4562 4607
4563 4747
4564 4607
4565 4747
4566 5143
4567 5143
4568 5143
4569 5143
4570 5143
4571 4794
4572 5143
4573 4607
4574 4607
4575 4607
4576 4606
4577 4706
4578 4606
4579 4606
4580 4607
4581 4606
4582 4606
4583 4606
4584 4606
4585 4607
4586 4607
4587 4607
4588 4607
4589 4607
4590 4607
4591 4607
4592 4607
4593 4706
4594 249
4595 22
4596 42
4597 42
4598 22
4599 22
4600 22
4601 22
4602 42
4603 42
4604 22
4605 22
4606 317
4607 317
4608 449
4609 448
4610 449
4611 449
4612 317
4613 449
4614 448
4615 317
4616 317
4617 448
4618 2364
4619 2364
4620 2364
4621 2364
4622 2364
4623 2364
4624 2364
4625 2364
4626 2364
4627 2364
4628 2364
4629 2364
4630 2618
4631 2618
4632 2618
4633 2618
4634 2618
4635 2618
4636 2618
4637 2618
4638 2553
4639 2618
4640 2618
4641 2618
4642 2618
4643 2618
4644 2357
4645 2618
4646 2357
4647 2618
4648 2357
4649 2357
4650 2357
4651 2357
4652 2357
4653 2618
4654 2618
4655 2618
4656 2310
4657 2618
4658 2357
4659 2724
4660 2357
4661 2310
4662 2357
4663 2357
4664 2618
4665 2553
4666 2553
4667 2618
4668 2618
4669 2618
4670 2618
4671 2553
4672 2618
4673 2618
4674 2213
4675 2357
4676 2357
4677 2357
4678 2618
4679 2618
4680 2357
4681 2357
4682 2618
4683 2618
4684 2618
4685 2618
4686 2618
4687 2553
4688 2357
4689 2357
4690 2357
4691 2357
4692 2357
4693 2553
4694 2909
4695 5043
4696 5043
4697 2909
4698 2909
4699 2331
4700 5043
4701 5043
4702 5043
4703 2909
4704 2909
4705 2331
4706 2909
4707 2909
4708 2909
4709 2909
4710 2909
4711 2909
4712 2909
4713 2909
4714 2909
4715 2909
4716 2909
4717 2909
4718 2909
4719 2909
4720 2909
4721 2909
4722 2909
4723 2909
4724 2909
4725 2909
4726 2909
4727 2909
4728 2909
4729 2909
4730 2909
4731 2909
4732 5043
4733 2909
4734 2909
4735 2909
4736 2909
4737 2909
4738 2909
4739 2909
4740 2909
4741 2909
4742 2909
4743 2331
4744 2909
4745 2909
4746 2909
4747 2909
4748 2909
4749 2909
4750 5043
4751 2909
4752 5043
4753 2909
4754 2909
4755 2909
4756 2909
4757 2909
4758 2909
4759 2909
4760 2909
4761 2331
4762 2331
4763 2909
4764 2364
4765 2490
4766 2909
4767 2909
4768 2909
4769 2909
4770 2909
4771 2289
4772 2289
4773 2909
4774 2909
4775 2909
4776 2909
4777 2909
4778 2909
4779 2909
4780 2909
4781 2909
4782 5049
4783 2364
4784 2364
4785 5043
4786 5049
4787 5049
4788 2364
4789 2364
4790 2364
4791 2364
4792 3240
4793 2909
4794 2437
4795 5043
4796 2437
4797 5043
4798 5043
4799 2490
4800 2490
4801 5043
4802 5043
4803 2490
4804 2490
4805 2490
4806 2861
4807 2861
4808 2861
4809 2861
4810 2490
4811 5043
4812 5043
4813 5043
4814 2909
4815 5043
4816 5043
4817 5043
4818 5043
4819 2490
4820 5043
4821 2861
4822 5043
4823 5043
4824 5043
4825 5043
4826 2490
4827 2364
4828 5043
4829 2364
4830 2909
4831 5043
4832 5046
4833 2521
4834 2364
4835 2364
4836 2364
4837 2481
4838 2481
4839 2364
4840 5043
4841 5043
4842 2437
4843 5043
4844 2437
4845 2738
4846 5043
4847 5043
4848 5043
4849 5043
4850 5043
4851 5043
4852 5043
4853 2996
4854 2481
4855 5043
4856 5043
4857 2265
4858 2909
4859 2909
4860 5043
4861 5043
4862 5043
4863 5043
4864 5043
4865 5043
4866 5043
4867 5046
4868 5043
4869 5043
4870 5043
4871 2199
4872 2481
4873 5043
4874 2331
4875 2435
4876 2351
4877 2312
4878 2331
4879 2331
4880 2902
4881 2351
4882 2351
4883 2312
4884 998
4885 998
4886 2195
4887 2351
4888 998
4889 2351
4890 2253
4891 2312
4892 2310
4893 3056
4894 2330
4895 2331
4896 2331
4897 2331
4898 2331
4899 2331
4900 2331
4901 2331
4902 2330
4903 2330
4904 2331
4905 2331
4906 2331
4907 2330
4908 2331
4909 2331
4910 3254
4911 2364
4912 2364
4913 2331
4914 2852
4915 2364
4916 2364
4917 2364
4918 2364
4919 2364
4920 2364
4921 2364
4922 2364
4923 2364
4924 2364
4925 2364
4926 2364
4927 2364
4928 2364
4929 2364
4930 2364
4931 2331
4932 2330
4933 2331
4934 2331
4935 2331
4936 2331
4937 2331
4938 2364
4939 2331
4940 2331
4941 2289
4942 5043
4943 2490
4944 2598
4945 2331
4946 2331
4947 2490
4948 2331
4949 2490
4950 3240
4951 3239
4952 3299
4953 3145
4954 3155
4955 3145
4956 2909
4957 2592
4958 2447
4959 3145
4960 3033
4961 2421
4962 2253
4963 2347
4964 2391
4965 2435
4966 2435
4967 2390
4968 3239
4969 2724
4970 3170
4971 3240
4972 3145
4973 2592
4974 2909
4975 2724
4976 2724
4977 2724
4978 2261
4979 3351
4980 3351
4981 2272
4982 2218
4983 2909
4984 3336
4985 2218
4986 2218
4987 2909
4988 2364
4989 2573
4990 2364
4991 2364
4992 2364
4993 2364
4994 2364
4995 2724
4996 2364
4997 2214
4998 2364
4999 2214
5000 2364
5001 2364
5002 2364
5003 2364
5004 2364
5005 2364
5006 2364
5007 2364
5008 2364
5009 2364
5010 2481
5011 2481
5012 2218
5013 2909
5014 2909
5015 2909
5016 3059
5017 2909
5018 2909
5019 2909
5020 2909
5021 2364
5022 2909
5023 3090
5024 2481
5025 3090
5026 2909
5027 2909
5028 2481
5029 2481
5030 2481
5031 2481
5032 1009
5033 2390
5034 2213
5035 2100
5036 2618
5037 2618
5038 2618
5039 2618
5040 2357
5041 2364
5042 2618
5043 2289
5044 2618
5045 2618
5046 2289
5047 2364
5048 2310
5049 2390
5050 2213
5051 2213
5052 2339
5053 2618
5054 2553
5055 2553
5056 2213
5057 2553
5058 2310
5059 2310
5060 2289
5061 3056
5062 1001
5063 3056
5064 1001
5065 3056
5066 3056
5067 2902
5068 2902
5069 2351
5070 2351
5071 2351
5072 1001
5073 2902
5074 3056
5075 1001
5076 1001
5077 3254
5078 3208
5079 3208
5080 3204
5081 3208
5082 3208
5083 3205
5084 3030
5085 3205
5086 3239
5087 2421
5088 3145
5089 3030
5090 3030
5091 3205
5092 3239
5093 3030
5094 1001
5095 1001
5096 1001
5097 3030
5098 3205
5099 3208
5100 168
5101 433
5102 424
5103 42
5104 433
5105 433
5106 361
5107 4706
5108 4706
5109 4607
5110 4795
5111 4522
5112 4523
5113 394
5114 394
5115 4706
5116 4706
5117 4706
5118 4706
5119 4706
5120 22
5121 448
5122 5150
5123 585
5124 5150
5125 585
5126 5150
5127 585
5128 585
5129 5150
5130 585
5131 585
5132 875
5133 754
5134 878
5135 875
5136 819
5137 875
5138 754
5139 819
5140 3971
5141 3244
5142 3205
5143 1581
5144 5043
5145 5043
5146 5043
5147 2909
5148 2909
5149 2909
5150 2909
5151 2909
5152 2909
5153 2909
5154 2909
5155 3205
5156 3205
5157 5043
5158 2909
5159 2909
5160 5043
5161 5043
5162 2909
5163 2909
5164 2909
5165 2909
5166 2909
5167 2909
5168 2909
5169 2909
5170 2909
5171 3874
5172 754
5173 3244
5174 2909
5175 2909
5176 2909
5177 2909
5178 2909
5179 2909
5180 2909
5181 2909
5182 2331
5183 5043
5184 5043
5185 2909
5186 2909
5187 2909
5188 2909
5189 2909
5190 2909
5191 2909
5192 2909
5193 2909
5194 2909
5195 2909
5196 4182
5197 4182
5198 4182
5199 2909
5200 2909
