0 4788
1 4788
2 4788
3 4788
4 4788
5 4788
6 4788
7 4788
8 4788
9 4788
10 267
11 267
12 4788
13 4788
14 4788
15 4788
16 4788
17 4788
18 4788
19 4788
20 4788
21 4788
22 4788
23 4788
24 4788
25 4788
26 4788
27 4788
28 4788
29 4788
30 4788
31 4788
32 4788
33 4788
34 4788
35 4788
36 4788
37 4788
38 4788
39 4788
40 4788
41 4788
42 4788
43 4788
44 4788
45 4788
46 4788
47 4788
48 4788
49 4788
50 4788
51 4788
52 4788
53 4788
54 4788
55 4788
56 4788
57 4788
58 4788
59 4788
60 4788
61 4788
62 4788
63 4788
64 4788
65 4788
66 4788
67 4788
68 4788
69 4788
70 4788
71 4788
72 4788
73 4788
74 4788
75 4788
76 4788
77 4788
78 4788
79 4788
80 4788
81 4788
82 4788
83 4788
84 4788
85 4788
86 4788
87 4788
88 4788
89 4788
90 4788
91 4788
92 4788
93 4788
94 4788
95 4788
96 4788
97 4788
98 4788
99 4788
100 4788
101 4788
102 4788
103 4788
104 4788
105 4788
106 4788
107 4788
108 4788
109 4788
110 4788
111 4788
112 4788
113 4788
114 4788
115 4788
116 4788
117 4788
118 4788
119 4788
120 4788
121 4788
122 4788
123 4788
124 4788
125 4788
126 4788
127 4788
128 4788
129 4788
130 4788
131 4788
132 4788
133 4788
134 4788
135 4788
136 4788
137 4788
138 267
139 267
140 267
141 87
142 211
143 102
144 267
145 4788
146 4788
147 4788
148 4788
149 4788
150 4788
151 4788
152 4788
153 4788
154 4788
155 4788
156 4788
157 4788
158 4788
159 4788
160 4788
161 4788
162 4788
163 4788
164 4788
165 4788
166 4788
167 4788
168 4788
169 4788
170 4788
171 4788
172 4788
173 4788
174 4788
175 4788
176 4788
177 4788
178 4788
179 4788
180 4788
181 4788
182 4788
183 4788
184 4788
185 4788
186 4788
187 4788
188 4788
189 4788
190 4788
191 4788
192 4788
193 4788
194 4788
195 4788
196 4788
197 4788
198 4788
199 4788
200 267
201 4788
202 4788
203 267
204 267
205 267
206 253
207 154
208 59
209 138
210 280
211 58
212 124
213 267
214 267
215 4788
216 4788
217 267
218 4788
219 4788
220 4788
221 4788
222 267
223 267
224 4788
225 4788
226 4788
227 4788
228 4788
229 4788
230 4788
231 4788
232 4788
233 4788
234 4788
235 4788
236 4788
237 4788
238 4788
239 4788
240 4788
241 4788
242 4788
243 4788
244 4788
245 4788
246 4788
247 4788
248 4788
249 4788
250 4788
251 4788
252 4788
253 4788
254 4788
255 4788
256 267
257 267
258 4788
259 4788
260 4788
261 4788
262 4788
263 4788
264 4788
265 4788
266 4788
267 4788
268 4788
269 4788
270 4788
271 4788
272 4788
273 4788
274 4788
275 4788
276 4788
277 4788
278 4788
279 4788
280 4788
281 4788
282 4788
283 4788
284 4788
285 4788
286 4788
287 4788
288 4788
289 4788
290 4788
291 4788
292 4788
293 4788
294 4788
295 4788
296 4788
297 4788
298 4788
299 4788
300 4788
301 4788
302 4788
303 4788
304 4788
305 4788
306 4788
307 4788
308 4788
309 4788
310 4788
311 4788
312 4788
313 4788
314 4788
315 4788
316 4788
317 4788
318 4788
319 4788
320 4788
321 4788
322 4788
323 4788
324 4788
325 4788
326 4788
327 4788
328 4788
329 4788
330 4788
331 4788
332 4788
333 4788
334 4788
335 4788
336 4788
337 4788
338 4788
339 4788
340 4788
341 4788
342 4788
343 4788
344 4788
345 4788
346 4788
347 4788
348 4788
349 4788
350 4788
351 4788
352 4788
353 4788
354 4788
355 4788
356 4788
357 4788
358 4788
359 4788
360 267
361 4788
362 267
363 267
364 26
365 140
366 612
367 1656
368 4336
369 4349
370 4349
371 4349
372 4349
373 4358
374 4336
375 2368
376 2368
377 374
378 4312
379 4265
380 2906
381 4788
382 4788
383 4788
384 4788
385 267
386 4788
387 4788
388 4788
389 267
390 267
391 267
392 154
393 138
394 138
395 2077
396 267
397 4788
398 4788
399 4788
400 4788
401 4788
402 4788
403 4788
404 4788
405 4788
406 267
407 4788
408 4788
409 4788
410 4788
411 4788
412 4788
413 4788
414 4788
415 4788
416 4788
417 267
418 4788
419 4788
420 4788
421 4788
422 4788
423 267
424 4788
425 4788
426 4788
427 4788
428 4788
429 4788
430 4788
431 4788
432 4788
433 4788
434 4788
435 4788
436 4788
437 4788
438 267
439 4788
440 267
441 101
442 245
443 2156
444 4788
445 4788
446 4788
447 4788
448 267
449 267
450 267
451 267
452 4788
453 4788
454 4788
455 4788
456 4788
457 4788
458 4788
459 267
460 267
461 267
462 58
463 237
464 605
465 696
466 612
467 602
468 2641
469 1842
470 1842
471 1403
472 1403
473 1403
474 1436
475 1404
476 2834
477 506
478 2828
479 2828
480 2828
481 2828
482 2828
483 506
484 506
485 506
486 506
487 506
488 506
489 506
490 506
491 506
492 2828
493 506
494 506
495 2828
496 2828
497 3248
498 3248
499 3248
500 3248
501 3282
502 87
503 267
504 4788
505 4788
506 267
507 4788
508 101
509 4788
510 267
511 59
512 267
513 267
514 267
515 26
516 245
517 121
518 101
519 267
520 267
521 267
522 267
523 267
524 101
525 280
526 274
527 253
528 267
529 267
530 124
531 253
532 180
533 101
534 26
535 58
536 1
537 250
538 612
539 255
540 1656
541 267
542 4816
543 4816
544 4816
545 4816
546 4816
547 4816
548 4816
549 4816
550 4816
551 4816
552 4816
553 4816
554 4816
555 4816
556 4816
557 4816
558 707
559 1176
560 554
561 4816
562 4816
563 4816
564 554
565 1025
566 967
567 707
568 4816
569 4816
570 4816
571 4816
572 4816
573 4816
574 4816
575 4816
576 4816
577 4816
578 4816
579 4816
580 267
581 267
582 4816
583 4816
584 4816
585 4816
586 4816
587 4816
588 4816
589 4816
590 4816
591 4816
592 4816
593 4816
594 4816
595 4816
596 4816
597 4816
598 4816
599 4816
600 4816
601 267
602 253
603 211
604 248
605 4394
606 335
607 59
608 4816
609 4816
610 4816
611 4816
612 181
613 4816
614 87
615 4816
616 4816
617 4816
618 4816
619 4816
620 4816
621 4816
622 4816
623 4816
624 121
625 101
626 140
627 530
628 4816
629 4816
630 4816
631 4816
632 4816
633 4816
634 4816
635 4816
636 267
637 4816
638 4816
639 4816
640 4816
641 4816
642 4816
643 4816
644 4816
645 4816
646 4816
647 4816
648 4816
649 4816
650 4816
651 4816
652 4816
653 124
654 4816
655 4816
656 274
657 181
658 180
659 58
660 253
661 59
662 211
663 105
664 140
665 140
666 530
667 4816
668 4816
669 140
670 335
671 248
672 4816
673 4816
674 181
675 4816
676 2077
677 237
678 4816
679 4816
680 4816
681 4816
682 4816
683 4816
684 4816
685 4816
686 4816
687 4816
688 280
689 530
690 696
691 696
692 211
693 4816
694 4816
695 219
696 219
697 4816
698 4816
699 4816
700 4816
701 58
702 4816
703 4816
704 4816
705 4816
706 139
707 248
708 4816
709 4816
710 4816
711 4816
712 4816
713 280
714 4816
715 4816
716 4816
717 4816
718 4816
719 4816
720 4816
721 2156
722 4676
723 4676
724 140
725 4816
726 4816
727 4816
728 4816
729 4816
730 4816
731 4816
732 4816
733 237
734 124
735 2060
736 4816
737 4816
738 180
739 154
740 59
741 1950
742 1950
743 4816
744 4816
745 4816
746 4816
747 140
748 602
749 4816
750 4816
751 4816
752 4816
753 4816
754 4816
755 4816
756 4816
757 4816
758 4816
759 211
760 180
761 4816
762 4816
763 4816
764 250
765 696
766 1815
767 4358
768 4576
769 4394
770 4576
771 248
772 530
773 602
774 4345
775 140
776 4816
777 2295
778 4816
779 2295
780 4676
781 4676
782 4676
783 4816
784 4816
785 4816
786 4816
787 4816
788 4816
789 4816
790 4816
791 4816
792 4816
793 4816
794 140
795 4816
796 4816
797 4816
798 4816
799 4816
800 530
801 4349
802 138
803 530
804 696
805 4816
806 4816
807 4816
808 4816
809 4816
810 249
811 605
812 4394
813 4687
814 4457
815 4362
816 4362
817 4362
818 4372
819 4483
820 4483
821 4483
822 4483
823 4483
824 4483
825 4483
826 4483
827 4483
828 4483
829 4483
830 4483
831 4483
832 4816
833 4816
834 4816
835 4816
836 4816
837 4816
838 4816
839 4816
840 4816
841 4816
842 4816
843 4816
844 1282
845 1132
846 967
847 563
848 707
849 1282
850 1282
851 1169
852 2334
853 4958
854 4816
855 4816
856 2334
857 2334
858 4958
859 4958
860 4958
861 4958
862 4973
863 4958
864 4973
865 4973
866 4957
867 4957
868 4957
869 510
870 510
871 4957
872 4957
873 4957
874 4957
875 4957
876 510
877 2826
878 2460
879 3046
880 3046
881 3046
882 3046
883 3248
884 3046
885 874
886 2334
887 2334
888 2334
889 4816
890 4816
891 4816
892 4816
893 707
894 4816
895 4816
896 1282
897 1106
898 856
899 1169
900 1106
901 1132
902 1099
903 967
904 4816
905 4816
906 707
907 914
908 707
909 554
910 874
911 2334
912 2334
913 1022
914 4816
915 2334
916 874
917 1282
918 1198
919 904
920 530
921 4816
922 4816
923 255
924 427
925 4958
926 2334
927 4973
928 4957
929 510
930 4958
931 4973
932 4973
933 4957
934 510
935 510
936 510
937 510
938 510
939 510
940 510
941 4957
942 510
943 510
944 4957
945 510
946 510
947 510
948 510
949 2826
950 2460
951 507
952 2826
953 2826
954 2826
955 2826
956 510
957 554
958 1099
959 4816
960 4816
961 140
962 2334
963 4958
964 4957
965 4957
966 4957
967 4957
968 4957
969 4957
970 4957
971 4958
972 4958
973 140
974 4958
975 4816
976 4816
977 1015
978 885
979 1282
980 4816
981 4816
982 4816
983 4816
984 4816
985 4816
986 4816
987 4816
988 140
989 4973
990 4973
991 4676
992 4394
993 4676
994 4676
995 4676
996 4816
997 4816
998 4816
999 4958
1000 4958
1001 874
1002 4816
1003 4816
1004 4816
1005 4973
1006 4958
1007 4973
1008 4816
1009 1046
1010 1025
1011 249
1012 1248
1013 4676
1014 1169
1015 1106
1016 1093
1017 1282
1018 707
1019 707
1020 4816
1021 914
1022 4816
1023 4816
1024 4816
1025 4816
1026 4816
1027 4816
1028 4816
1029 1022
1030 248
1031 4816
1032 4958
1033 4816
1034 4816
1035 4816
1036 4816
1037 4816
1038 4816
1039 4958
1040 4816
1041 4816
1042 4816
1043 4973
1044 4973
1045 4957
1046 598
1047 4816
1048 4816
1049 4957
1050 2826
1051 4957
1052 510
1053 4973
1054 2334
1055 1106
1056 4973
1057 1169
1058 4816
1059 4816
1060 4958
1061 3046
1062 2460
1063 507
1064 2826
1065 3248
1066 3248
1067 3248
1068 507
1069 507
1070 507
1071 507
1072 3046
1073 3046
1074 3046
1075 3046
1076 3046
1077 3046
1078 3046
1079 3046
1080 507
1081 507
1082 507
1083 2428
1084 3248
1085 507
1086 2428
1087 507
1088 507
1089 507
1090 507
1091 3248
1092 3248
1093 3046
1094 3046
1095 2460
1096 2460
1097 3046
1098 3046
1099 3046
1100 3046
1101 3046
1102 3046
1103 507
1104 507
1105 507
1106 507
1107 507
1108 3046
1109 3046
1110 507
1111 507
1112 4816
1113 4973
1114 4973
1115 4957
1116 4957
1117 4973
1118 4958
1119 2334
1120 1169
1121 1093
1122 4957
1123 507
1124 4816
1125 4816
1126 4816
1127 3046
1128 2460
1129 3046
1130 3248
1131 3046
1132 3046
1133 4816
1134 4816
1135 4816
1136 4816
1137 4957
1138 510
1139 4957
1140 4957
1141 4957
1142 510
1143 4957
1144 4957
1145 4957
1146 4973
1147 4973
1148 707
1149 4816
1150 554
1151 1022
1152 707
1153 647
1154 510
1155 510
1156 510
1157 510
1158 4957
1159 507
1160 3046
1161 2460
1162 3248
1163 3248
1164 3248
1165 2828
1166 2826
1167 2460
1168 4816
1169 4816
1170 707
1171 4973
1172 510
1173 510
1174 510
1175 510
1176 510
1177 140
1178 4576
1179 3248
1180 2828
1181 506
1182 506
1183 2428
1184 506
1185 3248
1186 3248
1187 696
1188 2460
1189 3248
1190 3248
1191 2828
1192 510
1193 4816
1194 2460
1195 4973
1196 4957
1197 510
1198 510
1199 4973
1200 4957
1201 1167
1202 510
1203 4957
1204 2460
1205 2826
1206 2460
1207 2826
1208 510
1209 510
1210 2460
1211 904
1212 4816
1213 4816
1214 4816
1215 4816
1216 4816
1217 4973
1218 3248
1219 4816
1220 4816
1221 4957
1222 2334
1223 510
1224 510
1225 510
1226 2826
1227 2828
1228 4816
1229 4816
1230 3046
1231 707
1232 4816
1233 3046
1234 3046
1235 510
1236 510
1237 2826
1238 2828
1239 510
1240 510
1241 2428
1242 4676
1243 4816
1244 4816
1245 4973
1246 4957
1247 4676
1248 4816
1249 248
1250 4816
1251 2460
1252 3248
1253 4816
1254 3248
1255 605
1256 530
1257 554
1258 510
1259 510
1260 510
1261 510
1262 510
1263 510
1264 510
1265 510
1266 4957
1267 530
1268 1242
1269 2641
1270 2245
1271 2419
1272 3110
1273 2368
1274 2909
1275 2715
1276 2715
1277 2347
1278 2715
1279 2715
1280 2347
1281 4816
1282 4816
1283 510
1284 4816
1285 4816
1286 3248
1287 4816
1288 4816
1289 2460
1290 2460
1291 507
1292 4958
1293 4958
1294 4958
1295 2334
1296 4816
1297 3248
1298 4816
1299 3248
1300 602
1301 535
1302 1294
1303 4958
1304 910
1305 4347
1306 4973
1307 1046
1308 1282
1309 510
1310 1099
1311 541
1312 1294
1313 910
1314 563
1315 3248
1316 2428
1317 507
1318 507
1319 507
1320 507
1321 507
1322 3046
1323 2826
1324 510
1325 510
1326 510
1327 2826
1328 2460
1329 2826
1330 2460
1331 4957
1332 510
1333 510
1334 4957
1335 4957
1336 510
1337 510
1338 510
1339 4957
1340 510
1341 510
1342 4816
1343 3248
1344 3248
1345 3046
1346 507
1347 507
1348 2428
1349 2828
1350 2828
1351 4816
1352 510
1353 510
1354 510
1355 4957
1356 510
1357 510
1358 4957
1359 510
1360 4957
1361 2460
1362 3046
1363 856
1364 4816
1365 510
1366 2826
1367 510
1368 510
1369 510
1370 3248
1371 4957
1372 506
1373 506
1374 506
1375 506
1376 506
1377 2428
1378 2428
1379 3248
1380 507
1381 507
1382 507
1383 506
1384 506
1385 4816
1386 510
1387 2828
1388 4816
1389 4816
1390 4816
1391 4816
1392 4816
1393 4816
1394 4816
1395 4816
1396 4816
1397 4816
1398 1147
1399 1046
1400 510
1401 2828
1402 1294
1403 1656
1404 1294
1405 1842
1406 1435
1407 1404
1408 1404
1409 2834
1410 4816
1411 4816
1412 4816
1413 507
1414 510
1415 4957
1416 4957
1417 4957
1418 4957
1419 4957
1420 1293
1421 602
1422 1656
1423 1242
1424 1842
1425 2641
1426 4349
1427 4646
1428 4676
1429 4394
1430 4394
1431 2245
1432 1435
1433 2700
1434 1436
1435 2834
1436 506
1437 3248
1438 554
1439 4816
1440 554
1441 4676
1442 510
1443 510
1444 510
1445 4957
1446 4957
1447 4957
1448 4957
1449 1242
1450 1842
1451 1403
1452 2245
1453 2419
1454 4816
1455 4816
1456 4816
1457 1242
1458 910
1459 707
1460 4973
1461 4957
1462 4958
1463 506
1464 2828
1465 3248
1466 2419
1467 1435
1468 2700
1469 1404
1470 506
1471 946
1472 2826
1473 1046
1474 1022
1475 2245
1476 4816
1477 510
1478 4957
1479 4957
1480 4957
1481 4957
1482 4957
1483 510
1484 4957
1485 4957
1486 4957
1487 4957
1488 4957
1489 4957
1490 4957
1491 3248
1492 2245
1493 2334
1494 1169
1495 510
1496 510
1497 510
1498 510
1499 510
1500 510
1501 506
1502 1282
1503 602
1504 602
1505 910
1506 1294
1507 510
1508 510
1509 3248
1510 1842
1511 1842
1512 1132
1513 510
1514 2419
1515 4957
1516 4957
1517 4957
1518 510
1519 605
1520 4349
1521 910
1522 602
1523 696
1524 602
1525 602
1526 4958
1527 1656
1528 1294
1529 1905
1530 3248
1531 4958
1532 4958
1533 4958
1534 4957
1535 602
1536 910
1537 506
1538 910
1539 1242
1540 2828
1541 874
1542 874
1543 1282
1544 3248
1545 2428
1546 2828
1547 506
1548 1656
1549 2419
1550 2668
1551 2668
1552 1242
1553 506
1554 506
1555 506
1556 506
1557 506
1558 506
1559 2245
1560 4676
1561 4676
1562 4676
1563 4576
1564 2828
1565 3248
1566 3248
1567 2419
1568 602
1569 506
1570 1167
1571 1282
1572 696
1573 602
1574 1294
1575 1656
1576 506
1577 506
1578 4816
1579 510
1580 4957
1581 1106
1582 4676
1583 4676
1584 506
1585 2641
1586 506
1587 506
1588 1404
1589 2700
1590 1404
1591 2700
1592 2700
1593 1403
1594 1842
1595 1403
1596 4957
1597 4957
1598 4957
1599 4957
1600 4957
1601 4957
1602 4958
1603 4958
1604 4957
1605 4957
1606 4957
1607 4957
1608 510
1609 3248
1610 1025
1611 4958
1612 506
1613 4958
1614 4957
1615 4957
1616 4957
1617 4957
1618 4958
1619 4957
1620 3248
1621 3248
1622 510
1623 1842
1624 4676
1625 2834
1626 2641
1627 2419
1628 510
1629 1242
1630 1681
1631 1435
1632 1435
1633 2641
1634 1842
1635 1808
1636 1436
1637 1404
1638 1404
1639 1404
1640 2834
1641 506
1642 506
1643 1435
1644 2460
1645 790
1646 2460
1647 1248
1648 4676
1649 4687
1650 4687
1651 4676
1652 4676
1653 4687
1654 506
1655 1282
1656 1404
1657 1404
1658 1046
1659 4957
1660 4957
1661 4957
1662 1905
1663 4349
1664 3248
1665 4676
1666 4676
1667 4687
1668 506
1669 1242
1670 2834
1671 2834
1672 1404
1673 2890
1674 1404
1675 1435
1676 2700
1677 1842
1678 2834
1679 4957
1680 4957
1681 4394
1682 2834
1683 1404
1684 2828
1685 506
1686 506
1687 506
1688 1169
1689 2890
1690 1282
1691 1404
1692 1404
1693 1099
1694 2828
1695 506
1696 1242
1697 1404
1698 2834
1699 506
1700 506
1701 506
1702 2834
1703 3046
1704 2428
1705 1404
1706 1404
1707 2834
1708 506
1709 1403
1710 1403
1711 2700
1712 904
1713 2826
1714 2334
1715 3248
1716 3248
1717 1815
1718 4957
1719 1404
1720 4957
1721 4957
1722 4957
1723 4958
1724 4958
1725 4958
1726 4958
1727 1681
1728 3248
1729 3046
1730 507
1731 3046
1732 910
1733 4676
1734 4676
1735 1404
1736 2834
1737 874
1738 2334
1739 1106
1740 506
1741 2641
1742 506
1743 874
1744 2700
1745 1404
1746 2834
1747 2828
1748 3248
1749 507
1750 507
1751 507
1752 2460
1753 364
1754 2916
1755 2419
1756 2245
1757 4576
1758 2890
1759 4957
1760 506
1761 507
1762 506
1763 506
1764 1404
1765 1404
1766 4957
1767 4957
1768 856
1769 3248
1770 4349
1771 4394
1772 4206
1773 4464
1774 1842
1775 506
1776 2826
1777 2826
1778 506
1779 4676
1780 4957
1781 2460
1782 1167
1783 3248
1784 3248
1785 506
1786 506
1787 1282
1788 1842
1789 1681
1790 1403
1791 2834
1792 2334
1793 1842
1794 2668
1795 2245
1796 4345
1797 1242
1798 506
1799 2428
1800 2428
1801 2428
1802 2428
1803 2428
1804 2428
1805 2428
1806 507
1807 3248
1808 2428
1809 2428
1810 2428
1811 2428
1812 506
1813 4676
1814 4957
1815 3248
1816 3248
1817 3248
1818 2460
1819 1169
1820 4957
1821 4957
1822 4958
1823 4958
1824 510
1825 2460
1826 2460
1827 2460
1828 4349
1829 506
1830 506
1831 2428
1832 1403
1833 2641
1834 2460
1835 506
1836 4958
1837 1248
1838 1404
1839 507
1840 4957
1841 4957
1842 4957
1843 510
1844 2826
1845 510
1846 510
1847 510
1848 510
1849 510
1850 510
1851 4349
1852 4576
1853 4676
1854 4676
1855 4349
1856 4676
1857 4347
1858 2828
1859 2641
1860 1404
1861 4957
1862 4957
1863 4957
1864 3248
1865 3248
1866 3248
1867 3248
1868 3248
1869 3248
1870 3046
1871 3046
1872 2834
1873 2428
1874 507
1875 3046
1876 1404
1877 1404
1878 1403
1879 4957
1880 2834
1881 2828
1882 2428
1883 3046
1884 1404
1885 3046
1886 3046
1887 3046
1888 3248
1889 2641
1890 2428
1891 2428
1892 507
1893 507
1894 506
1895 506
1896 2428
1897 2428
1898 2428
1899 2428
1900 2428
1901 506
1902 506
1903 506
1904 2460
1905 2460
1906 3248
1907 3248
1908 3248
1909 3248
1910 1435
1911 1403
1912 1435
1913 1842
1914 1403
1915 1436
1916 1404
1917 2834
1918 2700
1919 3248
1920 2419
1921 506
1922 1404
1923 1815
1924 506
1925 507
1926 507
1927 506
1928 2700
1929 2700
1930 4457
1931 4206
1932 4687
1933 4206
1934 506
1935 2828
1936 2245
1937 506
1938 506
1939 506
1940 506
1941 506
1942 506
1943 506
1944 506
1945 506
1946 506
1947 506
1948 506
1949 4394
1950 510
1951 4676
1952 4676
1953 4676
1954 4687
1955 3046
1956 3046
1957 3046
1958 1403
1959 2460
1960 3046
1961 4349
1962 4394
1963 4957
1964 2700
1965 2834
1966 507
1967 507
1968 4676
1969 4676
1970 510
1971 510
1972 510
1973 510
1974 1842
1975 2419
1976 2641
1977 2245
1978 1403
1979 1404
1980 1404
1981 1404
1982 510
1983 1842
1984 506
1985 4394
1986 4676
1987 3046
1988 3046
1989 1790
1990 2828
1991 510
1992 1404
1993 2428
1994 506
1995 2428
1996 2428
1997 2428
1998 2428
1999 2428
2000 2428
2001 4336
2002 1808
2003 506
2004 2641
2005 3248
2006 3248
2007 3248
2008 3282
2009 506
2010 2428
2011 2428
2012 506
2013 506
2014 4676
2015 506
2016 1250
2017 4349
2018 2668
2019 2428
2020 2428
2021 2428
2022 2428
2023 2428
2024 507
2025 507
2026 507
2027 506
2028 2834
2029 506
2030 2641
2031 1404
2032 1404
2033 506
2034 2826
2035 1790
2036 1435
2037 506
2038 2428
2039 2428
2040 2834
2041 506
2042 506
2043 506
2044 2828
2045 2828
2046 2834
2047 4676
2048 3248
2049 1435
2050 507
2051 3046
2052 2460
2053 4457
2054 2700
2055 3046
2056 4483
2057 4483
2058 4483
2059 4483
2060 4483
2061 4483
2062 4483
2063 4483
2064 4483
2065 4483
2066 4483
2067 4483
2068 4483
2069 4483
2070 4483
2071 4483
2072 4483
2073 4483
2074 4483
2075 4483
2076 4483
2077 4483
2078 4483
2079 4483
2080 4483
2081 4483
2082 4483
2083 4483
2084 4483
2085 4483
2086 4483
2087 2460
2088 3248
2089 2245
2090 4336
2091 4336
2092 1404
2093 506
2094 2428
2095 2428
2096 2428
2097 2428
2098 2428
2099 4483
2100 4483
2101 4483
2102 4483
2103 2460
2104 3248
2105 3248
2106 3248
2107 3248
2108 507
2109 507
2110 4483
2111 4483
2112 4483
2113 4483
2114 4483
2115 4483
2116 3046
2117 1403
2118 2828
2119 2641
2120 4268
2121 4358
2122 4347
2123 4394
2124 1842
2125 3046
2126 4483
2127 4483
2128 4483
2129 2460
2130 4483
2131 4483
2132 4483
2133 4362
2134 2460
2135 4457
2136 2641
2137 1404
2138 4362
2139 4687
2140 4483
2141 4483
2142 4483
2143 4483
2144 4483
2145 1842
2146 2641
2147 506
2148 506
2149 2428
2150 2428
2151 2828
2152 506
2153 4483
2154 4726
2155 4372
2156 4457
2157 4483
2158 4483
2159 4483
2160 4483
2161 4483
2162 4732
2163 4732
2164 4483
2165 1435
2166 506
2167 507
2168 507
2169 2428
2170 507
2171 507
2172 507
2173 507
2174 4483
2175 4483
2176 4483
2177 4483
2178 4483
2179 4483
2180 4483
2181 4483
2182 4483
2183 4483
2184 4483
2185 4483
2186 4483
2187 4483
2188 4483
2189 4483
2190 4483
2191 4483
2192 4483
2193 4483
2194 4483
2195 4483
2196 4483
2197 4483
2198 4483
2199 4483
2200 4483
2201 4483
2202 4483
2203 4483
2204 4483
2205 4483
2206 4483
2207 4483
2208 4483
2209 4483
2210 4483
2211 4483
2212 4483
2213 4483
2214 4483
2215 4206
2216 4363
2217 4483
2218 4483
2219 4676
2220 4732
2221 4483
2222 4483
2223 4483
2224 4483
2225 4483
2226 4483
2227 4483
2228 4483
2229 4483
2230 4483
2231 4483
2232 2828
2233 1404
2234 2834
2235 4483
2236 4483
2237 4483
2238 4483
2239 4483
2240 4483
2241 4483
2242 4483
2243 4483
2244 4483
2245 4483
2246 4483
2247 4483
2248 4483
2249 4483
2250 4483
2251 4483
2252 4483
2253 4483
2254 4483
2255 4483
2256 3046
2257 3046
2258 3046
2259 3046
2260 3046
2261 2460
2262 3046
2263 3046
2264 2460
2265 4483
2266 4483
2267 4687
2268 4483
2269 4483
2270 4483
2271 4483
2272 4483
2273 4483
2274 4732
2275 4732
2276 3046
2277 506
2278 2641
2279 4483
2280 2428
2281 2428
2282 2428
2283 2428
2284 507
2285 4483
2286 4483
2287 4483
2288 4483
2289 4483
2290 4483
2291 4483
2292 3248
2293 2828
2294 506
2295 4483
2296 507
2297 4483
2298 4483
2299 4483
2300 4483
2301 4687
2302 4677
2303 3046
2304 4483
2305 4206
2306 4363
2307 4483
2308 4624
2309 4206
2310 4483
2311 4483
2312 4483
2313 4483
2314 4483
2315 3046
2316 3046
2317 3046
2318 3046
2319 3046
2320 1404
2321 4336
2322 4336
2323 2419
2324 4483
2325 4483
2326 4428
2327 4483
2328 4428
2329 3046
2330 4349
2331 2700
2332 1404
2333 4483
2334 507
2335 4483
2336 4483
2337 4483
2338 4483
2339 4349
2340 2828
2341 1403
2342 4483
2343 4483
2344 4483
2345 4483
2346 4483
2347 4483
2348 4483
2349 4483
2350 4483
2351 4483
2352 4483
2353 4483
2354 4483
2355 4483
2356 4483
2357 4483
2358 4483
2359 4483
2360 4483
2361 1404
2362 506
2363 4624
2364 4483
2365 4483
2366 4483
2367 4483
2368 3046
2369 3248
2370 3248
2371 2828
2372 4483
2373 2428
2374 2428
2375 2428
2376 507
2377 4676
2378 3046
2379 3046
2380 4483
2381 4483
2382 4483
2383 1403
2384 1403
2385 506
2386 2828
2387 2428
2388 2428
2389 2428
2390 507
2391 507
2392 2428
2393 4372
2394 4483
2395 4483
2396 3046
2397 4676
2398 3248
2399 3248
2400 1790
2401 2641
2402 4483
2403 4483
2404 4483
2405 4483
2406 4483
2407 4483
2408 2428
2409 506
2410 506
2411 4483
2412 507
2413 4483
2414 4483
2415 3110
2416 4483
2417 4483
2418 4483
2419 4483
2420 4483
2421 4483
2422 4483
2423 4483
2424 4483
2425 506
2426 4428
2427 4624
2428 4483
2429 4483
2430 4483
2431 4483
2432 4428
2433 4374
2434 4483
2435 2428
2436 507
2437 4457
2438 4483
2439 506
2440 2428
2441 2828
2442 506
2443 2828
2444 506
2445 506
2446 4576
2447 507
2448 507
2449 507
2450 507
2451 4483
2452 4483
2453 3248
2454 3046
2455 4483
2456 4483
2457 4483
2458 2428
2459 2428
2460 4483
2461 507
2462 4483
2463 3046
2464 4483
2465 4268
2466 1404
2467 1404
2468 4483
2469 4483
2470 506
2471 4483
2472 506
2473 4483
2474 2419
2475 1404
2476 2428
2477 3248
2478 2428
2479 3248
2480 507
2481 507
2482 507
2483 507
2484 4483
2485 3248
2486 2755
2487 507
2488 507
2489 507
2490 507
2491 507
2492 507
2493 507
2494 507
2495 507
2496 507
2497 507
2498 4483
2499 4483
2500 4483
2501 4483
2502 4483
2503 4483
2504 1404
2505 4483
2506 4483
2507 4483
2508 4483
2509 2428
2510 2428
2511 2428
2512 3046
2513 3046
2514 3046
2515 4483
2516 4483
2517 4483
2518 2828
2519 2828
2520 4483
2521 4483
2522 4483
2523 1404
2524 1404
2525 1404
2526 1404
2527 1404
2528 1404
2529 1404
2530 507
2531 507
2532 507
2533 507
2534 3046
2535 3046
2536 3046
2537 4483
2538 2828
2539 1404
2540 2428
2541 506
2542 2700
2543 506
2544 506
2545 3046
2546 3046
2547 3046
2548 4483
2549 4483
2550 4483
2551 4483
2552 4483
2553 4483
2554 4483
2555 4483
2556 4483
2557 4483
2558 4483
2559 4483
2560 4483
2561 4483
2562 4483
2563 4483
2564 2700
2565 1436
2566 1403
2567 2428
2568 4576
2569 4646
2570 4516
2571 4516
2572 4676
2573 4676
2574 4483
2575 4676
2576 1436
2577 1842
2578 4483
2579 4483
2580 4358
2581 4349
2582 4349
2583 4349
2584 3046
2585 4483
2586 1403
2587 2700
2588 2700
2589 1403
2590 2828
2591 4483
2592 4483
2593 4483
2594 1404
2595 4483
2596 3046
2597 4206
2598 1404
2599 507
2600 507
2601 507
2602 507
2603 507
2604 3046
2605 3046
2606 3046
2607 3046
2608 3046
2609 3046
2610 3046
2611 3046
2612 3046
2613 3046
2614 4483
2615 4483
2616 4483
2617 2828
2618 2428
2619 4336
2620 507
2621 4483
2622 4676
2623 4646
2624 3046
2625 3046
2626 3046
2627 3046
2628 3046
2629 4483
2630 4483
2631 4483
2632 4483
2633 4483
2634 4483
2635 4483
2636 1404
2637 4483
2638 3046
2639 3046
2640 3046
2641 4483
2642 4483
2643 1404
2644 1842
2645 4483
2646 4483
2647 4483
2648 4483
2649 4483
2650 4483
2651 4483
2652 4483
2653 3046
2654 2460
2655 3046
2656 506
2657 4483
2658 4483
2659 4483
2660 4483
2661 4483
2662 4483
2663 506
2664 4206
2665 3046
2666 3046
2667 3046
2668 4457
2669 4483
2670 4483
2671 4483
2672 1435
2673 4483
2674 4483
2675 4483
2676 2428
2677 3046
2678 3046
2679 3046
2680 3046
2681 3046
2682 3046
2683 3046
2684 3046
2685 3046
2686 3046
2687 3046
2688 3046
2689 2460
2690 2460
2691 3046
2692 3046
2693 3046
2694 3046
2695 3046
2696 3046
2697 3046
2698 4363
2699 4464
2700 4363
2701 3248
2702 3248
2703 2828
2704 2828
2705 2828
2706 4483
2707 4483
2708 4676
2709 4483
2710 1404
2711 1842
2712 2641
2713 2641
2714 2641
2715 2641
2716 2641
2717 1435
2718 2641
2719 4483
2720 2828
2721 1404
2722 4483
2723 4483
2724 4483
2725 4362
2726 4676
2727 4206
2728 4483
2729 1404
2730 1436
2731 2641
2732 1404
2733 1404
2734 4483
2735 3046
2736 3046
2737 3046
2738 3046
2739 2460
2740 2460
2741 2460
2742 2460
2743 3175
2744 2995
2745 3175
2746 3175
2747 4483
2748 4363
2749 4624
2750 2700
2751 1403
2752 4483
2753 2471
2754 507
2755 4428
2756 4457
2757 4483
2758 4483
2759 4457
2760 4362
2761 4483
2762 1403
2763 1404
2764 506
2765 506
2766 4483
2767 4483
2768 4374
2769 4483
2770 2668
2771 4483
2772 1842
2773 1404
2774 3046
2775 3046
2776 4483
2777 3248
2778 3248
2779 2828
2780 2828
2781 2828
2782 506
2783 506
2784 1404
2785 1404
2786 4646
2787 2419
2788 4483
2789 4483
2790 1436
2791 2828
2792 2828
2793 2828
2794 2828
2795 2828
2796 2828
2797 3248
2798 2828
2799 3248
2800 2828
2801 4740
2802 4349
2803 4576
2804 4676
2805 3110
2806 4483
2807 3248
2808 2755
2809 2641
2810 2755
2811 2641
2812 2419
2813 2419
2814 2668
2815 2668
2816 2916
2817 507
2818 4483
2819 4483
2820 2641
2821 2641
2822 2641
2823 2641
2824 4483
2825 3248
2826 3248
2827 3248
2828 3248
2829 3248
2830 3248
2831 3248
2832 3248
2833 3248
2834 3248
2835 3282
2836 3282
2837 2460
2838 2460
2839 3248
2840 3282
2841 2460
2842 3175
2843 3248
2844 3248
2845 3248
2846 3248
2847 3248
2848 1403
2849 1790
2850 1842
2851 1842
2852 2641
2853 1403
2854 2641
2855 2419
2856 4483
2857 4483
2858 4483
2859 4483
2860 4483
2861 4483
2862 2828
2863 1404
2864 1404
2865 1403
2866 506
2867 506
2868 506
2869 2828
2870 3248
2871 3248
2872 3248
2873 3248
2874 3248
2875 1435
2876 4483
2877 4483
2878 2755
2879 3248
2880 3248
2881 3282
2882 3282
2883 3282
2884 3282
2885 2460
2886 2460
2887 2460
2888 2460
2889 2460
2890 2460
2891 2460
2892 3282
2893 3248
2894 2460
2895 2460
2896 2460
2897 2460
2898 3175
2899 2631
2900 2631
2901 3175
2902 2631
2903 3172
2904 3172
2905 3172
2906 3172
2907 1404
2908 1404
2909 2834
2910 2834
2911 4483
2912 1842
2913 1404
2914 4676
2915 2460
2916 2460
2917 2460
2918 2460
2919 4483
2920 2460
2921 3282
2922 4483
2923 3248
2924 3248
2925 2828
2926 4483
2927 2828
2928 2834
2929 1404
2930 1404
2931 507
2932 3248
2933 507
2934 506
2935 2460
2936 2460
2937 2460
2938 3175
2939 2460
2940 3175
2941 2631
2942 2621
2943 2631
2944 3175
2945 2631
2946 2631
2947 2460
2948 2460
2949 4483
2950 4483
2951 4483
2952 4483
2953 4336
2954 1436
2955 3248
2956 1790
2957 4483
2958 4483
2959 2460
2960 3046
2961 3046
2962 3046
2963 2460
2964 2460
2965 3282
2966 3282
2967 3282
2968 1404
2969 4483
2970 2828
2971 1404
2972 4483
2973 4646
2974 2460
2975 2460
2976 4483
2977 4483
2978 1403
2979 3046
2980 3046
2981 3046
2982 4483
2983 4483
2984 4483
2985 3282
2986 1842
2987 1403
2988 2828
2989 2700
2990 506
2991 3046
2992 4349
2993 4483
2994 4483
2995 4483
2996 4483
2997 4483
2998 3248
2999 4483
3000 1403
3001 4646
3002 2460
3003 4483
3004 4483
3005 4483
3006 1403
3007 3248
3008 1404
3009 2460
3010 2460
3011 3282
3012 3248
3013 2460
3014 2460
3015 2460
3016 2631
3017 2460
3018 4428
3019 1403
3020 2828
3021 4464
3022 3175
3023 4646
3024 1403
3025 506
3026 4268
3027 4345
3028 4646
3029 4349
3030 4268
3031 506
3032 4483
3033 4483
3034 4483
3035 3175
3036 4483
3037 4483
3038 4483
3039 4428
3040 1435
3041 4483
3042 4347
3043 4676
3044 2460
3045 3175
3046 3175
3047 2460
3048 3282
3049 4483
3050 2641
3051 507
3052 507
3053 4362
3054 4483
3055 4483
3056 4483
3057 4483
3058 4483
3059 4483
3060 506
3061 4483
3062 4483
3063 2460
3064 2460
3065 2460
3066 4483
3067 4336
3068 4483
3069 4483
3070 3175
3071 2460
3072 2460
3073 2460
3074 3282
3075 3248
3076 1842
3077 506
3078 2828
3079 1404
3080 1403
3081 1435
3082 2995
3083 2630
3084 4483
3085 4483
3086 4483
3087 4483
3088 4483
3089 1404
3090 4483
3091 4372
3092 4676
3093 4676
3094 4676
3095 4676
3096 4483
3097 3175
3098 3175
3099 2995
3100 3175
3101 2419
3102 2245
3103 4483
3104 2460
3105 4687
3106 2995
3107 4483
3108 4345
3109 4358
3110 4336
3111 3248
3112 506
3113 506
3114 506
3115 506
3116 4483
3117 1404
3118 4349
3119 4428
3120 4740
3121 4676
3122 3248
3123 1404
3124 3046
3125 4483
3126 4483
3127 4483
3128 506
3129 1404
3130 3248
3131 3248
3132 3248
3133 507
3134 3248
3135 3248
3136 3248
3137 507
3138 3248
3139 507
3140 4483
3141 2630
3142 2631
3143 4732
3144 4676
3145 4483
3146 4483
3147 4483
3148 4483
3149 4483
3150 1404
3151 4483
3152 2460
3153 3282
3154 3248
3155 3248
3156 3248
3157 3248
3158 3248
3159 4676
3160 1242
3161 1243
3162 2641
3163 4483
3164 2995
3165 4206
3166 3175
3167 2621
3168 3175
3169 2460
3170 2460
3171 3248
3172 3248
3173 3248
3174 1435
3175 1404
3176 506
3177 3046
3178 3175
3179 4483
3180 4483
3181 4483
3182 4483
3183 4483
3184 2755
3185 2419
3186 2419
3187 2419
3188 2471
3189 2471
3190 3110
3191 4268
3192 3248
3193 2890
3194 4483
3195 4345
3196 4358
3197 4483
3198 4483
3199 2631
3200 3172
3201 3172
3202 3172
3203 2631
3204 4483
3205 2631
3206 3172
3207 2622
3208 2690
3209 2910
3210 2910
3211 3045
3212 3482
3213 3422
3214 3045
3215 3609
3216 3131
3217 2887
3218 2995
3219 1435
3220 2828
3221 3248
3222 4347
3223 4483
3224 4483
3225 4483
3226 4483
3227 4483
3228 4483
3229 4483
3230 4483
3231 2631
3232 4483
3233 4687
3234 4676
3235 4676
3236 2631
3237 3172
3238 2690
3239 2887
3240 3045
3241 3422
3242 3472
3243 3482
3244 3942
3245 3414
3246 3609
3247 3248
3248 2834
3249 506
3250 1435
3251 3248
3252 3248
3253 3248
3254 2828
3255 2828
3256 2828
3257 2460
3258 2460
3259 4483
3260 4483
3261 4483
3262 4483
3263 4483
3264 4483
3265 506
3266 3248
3267 4349
3268 2631
3269 4483
3270 3172
3271 2419
3272 506
3273 3248
3274 2828
3275 3248
3276 4483
3277 3248
3278 3248
3279 4483
3280 3172
3281 4483
3282 3175
3283 4347
3284 4312
3285 4358
3286 4345
3287 2631
3288 3172
3289 3172
3290 2690
3291 2690
3292 2690
3293 2690
3294 2622
3295 3172
3296 2621
3297 4483
3298 2700
3299 1435
3300 3248
3301 4483
3302 4483
3303 4483
3304 4483
3305 4483
3306 4483
3307 4646
3308 3282
3309 3282
3310 3248
3311 2460
3312 3248
3313 3248
3314 4483
3315 4483
3316 4483
3317 4483
3318 4483
3319 4676
3320 4676
3321 4687
3322 4347
3323 506
3324 2828
3325 2828
3326 506
3327 2834
3328 1404
3329 3175
3330 4516
3331 4483
3332 4483
3333 4483
3334 3248
3335 2828
3336 3248
3337 4483
3338 4483
3339 4483
3340 4483
3341 4483
3342 4483
3343 3172
3344 3172
3345 3172
3346 3172
3347 2622
3348 2690
3349 2887
3350 2910
3351 3045
3352 3482
3353 3942
3354 2622
3355 3172
3356 2622
3357 506
3358 2828
3359 1842
3360 3046
3361 3046
3362 3248
3363 506
3364 4483
3365 4483
3366 4483
3367 4483
3368 4483
3369 2631
3370 1842
3371 2828
3372 3248
3373 4483
3374 4483
3375 4483
3376 4483
3377 4483
3378 4483
3379 4483
3380 4483
3381 4483
3382 4483
3383 4646
3384 4676
3385 1790
3386 2460
3387 2828
3388 2995
3389 4483
3390 4676
3391 4483
3392 4483
3393 4676
3394 4676
3395 2622
3396 2622
3397 2860
3398 1248
3399 4345
3400 3248
3401 3248
3402 3248
3403 2828
3404 2828
3405 2828
3406 2828
3407 4483
3408 4483
3409 4483
3410 4483
3411 3172
3412 2630
3413 1435
3414 4483
3415 2622
3416 2690
3417 2995
3418 2471
3419 2419
3420 506
3421 3172
3422 506
3423 1790
3424 1404
3425 4349
3426 2460
3427 2460
3428 2471
3429 3110
3430 3248
3431 2828
3432 4336
3433 3172
3434 2887
3435 1906
3436 506
3437 4646
3438 4516
3439 4345
3440 2860
3441 2690
3442 2887
3443 2887
3444 2910
3445 3045
3446 3414
3447 3654
3448 4170
3449 3780
3450 3942
3451 3575
3452 2690
3453 2690
3454 2887
3455 2910
3456 3045
3457 2887
3458 2887
3459 2887
3460 2910
3461 4336
3462 2460
3463 2460
3464 2641
3465 2460
3466 1403
3467 506
3468 1404
3469 2631
3470 2631
3471 4646
3472 2887
3473 2887
3474 3172
3475 3045
3476 3175
3477 2690
3478 2887
3479 2887
3480 2828
3481 3248
3482 4336
3483 4349
3484 4349
3485 2910
3486 4349
3487 3172
3488 1403
3489 2828
3490 4358
3491 2622
3492 3045
3493 3045
3494 3482
3495 3131
3496 1404
3497 2641
3498 506
3499 506
3500 4349
3501 4358
3502 2887
3503 1404
3504 2460
3505 4358
3506 4349
3507 2910
3508 2910
3509 3604
3510 3110
3511 3248
3512 3282
3513 3282
3514 3248
3515 1436
3516 2887
3517 3131
3518 2910
3519 3131
3520 506
3521 2631
3522 2828
3523 2828
3524 3172
3525 3172
3526 2690
3527 3045
3528 3248
3529 2828
3530 3172
3531 3172
3532 3422
3533 2828
3534 2890
3535 2690
3536 1842
3537 2828
3538 2622
3539 2860
3540 1404
3541 2890
3542 2828
3543 2755
3544 2828
3545 506
3546 1436
3547 3482
3548 2834
3549 2828
3550 2471
3551 506
3552 2690
3553 2690
3554 3248
3555 2828
3556 1436
3557 4358
3558 4358
3559 3414
3560 1842
3561 2641
3562 2641
3563 2668
3564 2668
3565 2641
3566 2631
3567 506
3568 1404
3569 3472
3570 3342
3571 3509
3572 3509
3573 4116
3574 4116
3575 4116
3576 4116
3577 4116
3578 4116
3579 4116
3580 4116
3581 4116
3582 4116
3583 4116
3584 4116
3585 4116
3586 4116
3587 4116
3588 4116
3589 3506
3590 3780
3591 3509
3592 3654
3593 4116
3594 4116
3595 4116
3596 4116
3597 4116
3598 4116
3599 4116
3600 4116
3601 4116
3602 4116
3603 4116
3604 4116
3605 4116
3606 4116
3607 4116
3608 4116
3609 4116
3610 4116
3611 4116
3612 4116
3613 4116
3614 4116
3615 4116
3616 4116
3617 4116
3618 4116
3619 4113
3620 4098
3621 3509
3622 4182
3623 3776
3624 4116
3625 4116
3626 4116
3627 4116
3628 4116
3629 4116
3630 4116
3631 4116
3632 4116
3633 4116
3634 4116
3635 4116
3636 4116
3637 4116
3638 4116
3639 4116
3640 4116
3641 4116
3642 4116
3643 4116
3644 2668
3645 4116
3646 2471
3647 1435
3648 4268
3649 3172
3650 2630
3651 2700
3652 3609
3653 2630
3654 3656
3655 3942
3656 3506
3657 3654
3658 2995
3659 3780
3660 3942
3661 4130
3662 4116
3663 3414
3664 1790
3665 4116
3666 4116
3667 4113
3668 4170
3669 3654
3670 2460
3671 4349
3672 3482
3673 2622
3674 2860
3675 2690
3676 4116
3677 4116
3678 4116
3679 2828
3680 3172
3681 3172
3682 1436
3683 3131
3684 4116
3685 4116
3686 506
3687 3776
3688 3282
3689 2995
3690 2622
3691 1404
3692 4116
3693 3774
3694 4116
3695 2460
3696 3248
3697 3110
3698 2622
3699 2622
3700 1404
3701 3175
3702 4170
3703 3942
3704 3656
3705 3509
3706 4182
3707 4116
3708 4116
3709 4116
3710 2828
3711 1842
3712 1435
3713 1403
3714 4116
3715 4116
3716 4170
3717 3509
3718 4005
3719 3509
3720 3780
3721 3780
3722 2630
3723 2621
3724 2621
3725 3172
3726 2995
3727 4041
3728 4116
3729 4116
3730 3510
3731 506
3732 506
3733 4182
3734 4116
3735 4116
3736 2910
3737 2419
3738 2668
3739 2631
3740 4116
3741 4116
3742 4116
3743 4041
3744 2631
3745 2887
3746 1808
3747 1790
3748 1808
3749 506
3750 1436
3751 1681
3752 3780
3753 3510
3754 4098
3755 3248
3756 3046
3757 2641
3758 2631
3759 2828
3760 1404
3761 1404
3762 3472
3763 3414
3764 4116
3765 4116
3766 2460
3767 1403
3768 3472
3769 4116
3770 4116
3771 2690
3772 2828
3773 4170
3774 3248
3775 2641
3776 4347
3777 1404
3778 2887
3779 4116
3780 2460
3781 3172
3782 1403
3783 3482
3784 3482
3785 3414
3786 2621
3787 3172
3788 2622
3789 3172
3790 3172
3791 2622
3792 2828
3793 2828
3794 2828
3795 4116
3796 4116
3797 4116
3798 4116
3799 4116
3800 4116
3801 4116
3802 4116
3803 4116
3804 4116
3805 4116
3806 4116
3807 4116
3808 4116
3809 4116
3810 4116
3811 4116
3812 4116
3813 4116
3814 4116
3815 4116
3816 4116
3817 4116
3818 4116
3819 4116
3820 4116
3821 4116
3822 4116
3823 4116
3824 4116
3825 4116
3826 4116
3827 4116
3828 4116
3829 4116
3830 4116
3831 4116
3832 4116
3833 4116
3834 4116
3835 3510
3836 3510
3837 4041
3838 4116
3839 4116
3840 4116
3841 4116
3842 2460
3843 3248
3844 2828
3845 2641
3846 2641
3847 1842
3848 1404
3849 3780
3850 3942
3851 3780
3852 2460
3853 4336
3854 375
3855 3131
3856 3509
3857 4182
3858 2622
3859 2755
3860 2755
3861 2755
3862 2887
3863 4116
3864 4116
3865 4116
3866 3172
3867 506
3868 2755
3869 2419
3870 2690
3871 2828
3872 4116
3873 2471
3874 4336
3875 375
3876 2419
3877 506
3878 4182
3879 4116
3880 3776
3881 4098
3882 3654
3883 4116
3884 2755
3885 4358
3886 2755
3887 2419
3888 2471
3889 2419
3890 2419
3891 2245
3892 2419
3893 2419
3894 2419
3895 2419
3896 2668
3897 3110
3898 3110
3899 4336
3900 2419
3901 4116
3902 3045
3903 3609
3904 4170
3905 2828
3906 3942
3907 4116
3908 2460
3909 4116
3910 2828
3911 4336
3912 375
3913 2906
3914 4098
3915 3510
3916 4113
3917 3172
3918 2471
3919 2419
3920 2419
3921 506
3922 3414
3923 2828
3924 4113
3925 4340
3926 2471
3927 2690
3928 3604
3929 3172
3930 2460
3931 2460
3932 2887
3933 2887
3934 4116
3935 4116
3936 4116
3937 4116
3938 4116
3939 2630
3940 2631
3941 2631
3942 4116
3943 3110
3944 4116
3945 4116
3946 4116
3947 4116
3948 4116
3949 2641
3950 2641
3951 2419
3952 2419
3953 2419
3954 2419
3955 2668
3956 2906
3957 2876
3958 825
3959 2715
3960 2082
3961 2876
3962 375
3963 3482
3964 2622
3965 3780
3966 4116
3967 4116
3968 4116
3969 4116
3970 4116
3971 4116
3972 4116
3973 4116
3974 4116
3975 4116
3976 4116
3977 4116
3978 4116
3979 4116
3980 4116
3981 4116
3982 4116
3983 4116
3984 4116
3985 4116
3986 4116
3987 4116
3988 4116
3989 4116
3990 4116
3991 4116
3992 4116
3993 4116
3994 4116
3995 4116
3996 4116
3997 4116
3998 4116
3999 4116
4000 4116
4001 4116
4002 4116
4003 4116
4004 4116
4005 4116
4006 4116
4007 4116
4008 4116
4009 4116
4010 4116
4011 4116
4012 4116
4013 4116
4014 4116
4015 4116
4016 4116
4017 4116
4018 4116
4019 4116
4020 4116
4021 4116
4022 4116
4023 4116
4024 4116
4025 3172
4026 3780
4027 3509
4028 4116
4029 4116
4030 4116
4031 4116
4032 4116
4033 4116
4034 4116
4035 4116
4036 4116
4037 4116
4038 4116
4039 4116
4040 4116
4041 4116
4042 4116
4043 4116
4044 4116
4045 4268
4046 3172
4047 2690
4048 2828
4049 3282
4050 4116
4051 4116
4052 4116
4053 4116
4054 4116
4055 4116
4056 4116
4057 4116
4058 4116
4059 4116
4060 4116
4061 2631
4062 2995
4063 4130
4064 1243
4065 2419
4066 4116
4067 4116
4068 4116
4069 4116
4070 4116
4071 4116
4072 4116
4073 4116
4074 4116
4075 4116
4076 4116
4077 4116
4078 4116
4079 4116
4080 4116
4081 4116
4082 4116
4083 4116
4084 4116
4085 2631
4086 4336
4087 2887
4088 2641
4089 2828
4090 2460
4091 4170
4092 3509
4093 4116
4094 2630
4095 2621
4096 2641
4097 2690
4098 4116
4099 4116
4100 2460
4101 4116
4102 4116
4103 3172
4104 2887
4105 4116
4106 4340
4107 3248
4108 2906
4109 4116
4110 4312
4111 2690
4112 3472
4113 2668
4114 4116
4115 4116
4116 4116
4117 4116
4118 4116
4119 2995
4120 2887
4121 2910
4122 2887
4123 2887
4124 2631
4125 3175
4126 3414
4127 4130
4128 3942
4129 3045
4130 4265
4131 3110
4132 3172
4133 3172
4134 3172
4135 3172
4136 4116
4137 4116
4138 2631
4139 2995
4140 2622
4141 2622
4142 2419
4143 2419
4144 2668
4145 1242
4146 3248
4147 2245
4148 2419
4149 3131
4150 4116
4151 4116
4152 4116
4153 4116
4154 4116
4155 4116
4156 4268
4157 4268
4158 2630
4159 2887
4160 2828
4161 2995
4162 3342
4163 2419
4164 4116
4165 3175
4166 2631
4167 3509
4168 374
4169 3342
4170 3482
4171 3045
4172 4116
4173 4116
4174 2460
4175 3248
4176 3172
4177 2630
4178 3172
4179 4265
4180 3654
4181 3575
4182 3510
4183 2910
4184 2419
4185 4098
4186 4116
4187 4116
4188 4116
4189 3282
4190 2460
4191 3282
4192 2668
4193 2668
4194 2916
4195 3942
4196 4116
4197 2460
4198 2627
4199 2668
4200 2668
4201 2916
4202 4116
4203 4116
4204 3414
4205 4182
4206 4130
4207 4182
4208 2887
4209 4116
4210 4116
4211 2627
4212 2887
4213 3131
4214 3248
4215 3509
4216 2690
4217 4116
4218 4116
4219 2910
4220 4116
4221 3656
4222 2887
4223 4116
4224 4116
4225 4116
4226 4116
4227 4116
4228 4116
4229 2910
4230 3045
4231 3482
4232 4116
4233 4116
4234 4116
4235 4116
4236 2460
4237 2690
4238 2910
4239 3414
4240 4265
4241 2368
4242 2876
4243 374
4244 2981
4245 2875
4246 2487
4247 2884
4248 2715
4249 2347
4250 2347
4251 4483
4252 4384
4253 2347
4254 2690
4255 4116
4256 375
4257 4116
4258 4116
4259 4116
4260 4116
4261 4116
4262 2906
4263 375
4264 2887
4265 2460
4266 2690
4267 4116
4268 4116
4269 4116
4270 4116
4271 4116
4272 2887
4273 2910
4274 4116
4275 4116
4276 4116
4277 4116
4278 4116
4279 4116
4280 4116
4281 4116
4282 4116
4283 4116
4284 2916
4285 4116
4286 4116
4287 4116
4288 4116
4289 4116
4290 2668
4291 2368
4292 2875
4293 2668
4294 375
4295 2419
4296 4116
4297 2875
4298 2909
4299 2347
4300 2347
4301 2347
4302 2347
4303 2082
4304 4265
4305 368
4306 2875
4307 2906
4308 375
4309 375
4310 825
4311 2884
4312 4116
4313 4116
4314 4116
4315 2487
4316 374
4317 4116
4318 4116
4319 4116
4320 2875
4321 4116
4322 4116
4323 4116
4324 4116
4325 4116
4326 4116
4327 4116
4328 4116
4329 4116
4330 2876
4331 4116
4332 4116
4333 2368
4334 2899
4335 368
4336 4116
4337 4116
4338 4116
4339 4116
4340 4116
4341 2909
4342 2876
4343 2715
4344 2876
4345 2407
4346 2715
4347 2906
4348 2906
4349 4116
4350 2909
4351 2899
4352 2347
4353 2876
4354 2876
4355 2368
4356 4116
4357 4116
4358 2875
4359 2876
4360 4116
4361 4116
4362 4116
4363 4116
4364 4116
4365 4116
4366 4116
4367 825
4368 4116
4369 4116
4370 4116
4371 4116
4372 4116
4373 4116
4374 4116
4375 2909
4376 2715
4377 4116
4378 4116
4379 4116
4380 4116
4381 2875
4382 2909
4383 2875
4384 2875
4385 2319
4386 2876
4387 2082
4388 2082
4389 2875
4390 2906
4391 2909
4392 2715
4393 2082
4394 2876
4395 2487
4396 2715
4397 825
4398 2909
4399 2715
4400 2347
4401 2347
4402 2407
4403 2715
4404 2715
4405 2487
4406 2347
4407 2347
4408 2347
4409 4384
4410 4384
4411 4384
4412 4383
4413 4383
4414 4383
4415 4383
4416 4383
4417 4383
4418 4383
4419 4383
4420 4383
4421 177
4422 177
4423 177
4424 177
4425 177
4426 177
4427 177
4428 177
4429 177
4430 177
4431 177
4432 177
4433 177
4434 177
4435 177
4436 177
4437 177
4438 177
4439 2347
4440 2347
4441 2347
4442 4384
4443 4384
4444 2347
4445 2715
4446 2715
4447 2715
4448 2715
4449 2715
4450 2909
4451 2347
4452 2347
4453 2347
4454 2347
4455 2347
4456 2347
4457 2347
4458 4384
4459 4384
4460 2715
4461 2715
4462 2347
4463 2347
4464 2347
4465 2347
4466 2347
4467 2715
4468 2715
4469 2715
4470 2082
4471 2347
4472 2082
4473 2347
4474 2715
4475 2347
4476 2347
4477 2347
4478 2347
4479 4384
4480 4384
4481 4383
4482 4383
4483 4383
4484 4383
4485 177
4486 177
4487 177
4488 177
4489 177
4490 177
4491 177
4492 177
4493 177
4494 177
4495 177
4496 177
4497 177
4498 177
4499 177
4500 177
4501 177
4502 177
4503 4383
4504 4383
4505 4383
4506 2347
4507 2347
4508 177
4509 2715
4510 2347
4511 4384
4512 4384
4513 4483
4514 4384
4515 2715
4516 2715
4517 4383
4518 4483
4519 4383
4520 2347
4521 4383
4522 4483
4523 2715
4524 2715
4525 177
4526 177
4527 177
4528 177
4529 177
4530 177
4531 177
4532 177
4533 177
4534 177
4535 177
4536 177
4537 177
4538 177
4539 177
4540 177
4541 177
4542 177
4543 177
4544 177
4545 177
4546 2347
4547 177
4548 177
4549 177
4550 177
4551 177
4552 177
4553 177
4554 177
4555 4384
4556 177
4557 177
4558 4383
4559 2715
4560 2715
4561 177
4562 177
4563 177
4564 177
4565 2715
4566 2715
4567 2715
4568 4383
4569 2715
4570 177
4571 177
4572 177
4573 177
4574 177
4575 4384
4576 4383
4577 4384
4578 177
4579 177
4580 177
4581 177
4582 177
4583 177
4584 177
4585 177
4586 177
4587 177
4588 4483
4589 4384
4590 177
4591 177
4592 177
4593 177
4594 4483
4595 177
4596 4483
4597 177
4598 4384
4599 4383
4600 4383
4601 4384
4602 4383
4603 177
4604 177
4605 177
4606 177
4607 177
4608 177
4609 177
4610 177
4611 177
4612 2347
4613 177
4614 177
4615 2347
4616 177
4617 177
4618 177
4619 177
4620 177
4621 4383
4622 177
4623 4383
4624 4383
4625 4383
4626 4383
4627 2347
4628 4383
4629 4384
4630 2347
4631 2347
4632 4384
4633 177
4634 4383
4635 4383
4636 4383
4637 4383
4638 177
4639 2715
4640 177
4641 177
4642 177
4643 177
4644 4384
4645 4384
4646 177
4647 177
4648 177
4649 177
4650 4383
4651 4383
4652 177
4653 177
4654 177
4655 4383
4656 177
4657 177
4658 177
4659 177
4660 4383
4661 177
4662 177
4663 177
4664 2347
4665 4383
4666 4483
4667 4383
4668 177
4669 4383
4670 2715
4671 4383
4672 4383
4673 4383
4674 4383
4675 177
4676 4384
4677 2347
4678 177
4679 177
4680 177
4681 177
4682 177
4683 177
4684 177
4685 177
4686 177
4687 177
4688 177
4689 177
4690 177
4691 177
4692 177
4693 177
4694 2347
4695 177
4696 177
4697 177
4698 177
4699 4384
4700 4383
4701 4383
4702 4383
4703 4383
4704 4383
4705 4384
4706 4383
4707 177
4708 177
4709 177
4710 177
4711 177
4712 177
4713 177
4714 177
4715 177
4716 177
4717 177
4718 177
4719 177
4720 4383
4721 4383
4722 177
4723 177
4724 177
4725 177
4726 177
4727 177
4728 177
4729 177
4730 4383
4731 4384
4732 4384
4733 4383
4734 4384
4735 177
4736 177
4737 177
4738 177
4739 177
4740 177
4741 177
4742 177
4743 177
4744 177
4745 177
4746 4383
4747 4383
4748 177
4749 177
4750 4384
4751 4384
4752 177
4753 177
4754 177
4755 177
4756 177
4757 177
4758 177
4759 177
4760 4383
4761 4383
4762 177
4763 177
4764 177
4765 4383
4766 4383
4767 4383
4768 4483
4769 177
4770 177
4771 177
4772 177
4773 177
4774 4383
4775 177
4776 4383
4777 4383
4778 177
4779 4383
4780 177
4781 177
4782 4383
4783 4383
4784 4383
4785 4383
4786 177
4787 177
4788 177
4789 4383
4790 4383
4791 177
4792 177
4793 177
4794 177
4795 177
4796 177
4797 177
4798 177
4799 177
4800 177
4801 177
4802 177
4803 177
4804 177
4805 177
4806 177
4807 177
4808 4788
4809 4788
4810 4788
4811 4788
4812 4788
4813 4788
4814 4788
4815 4788
4816 4788
4817 4788
4818 4788
4819 4788
4820 4788
4821 4788
4822 4788
4823 4788
4824 4816
4825 4816
4826 4816
4827 4816
4828 4816
4829 4816
4830 4816
4831 4816
4832 4816
4833 4816
4834 4816
4835 4816
4836 4816
4837 4816
4838 4816
4839 4816
4840 4816
4841 4816
4842 4816
4843 4816
4844 4816
4845 4816
4846 4816
4847 4816
4848 4816
4849 4816
4850 4816
4851 4816
4852 4816
4853 4816
4854 4816
4855 4816
4856 4816
4857 612
4858 249
4859 211
4860 530
4861 602
4862 696
4863 427
4864 612
4865 427
4866 4676
4867 4362
4868 4483
4869 4483
4870 4483
4871 4483
4872 4483
4873 4483
4874 4483
4875 3248
4876 2460
4877 3046
4878 3046
4879 3046
4880 3248
4881 3248
4882 3248
4883 3046
4884 3248
4885 3248
4886 2460
4887 3248
4888 3248
4889 3248
4890 3282
4891 3248
4892 4516
4893 4116
4894 4116
4895 4116
4896 4116
4897 4116
4898 4116
4899 4116
4900 4116
4901 4116
4902 4116
4903 4116
4904 4116
4905 4116
4906 4116
4907 4116
4908 4116
4909 4116
4910 4116
4911 4116
4912 4116
4913 4116
4914 4116
4915 4116
4916 4116
4917 4116
4918 4116
4919 4116
4920 4116
4921 4116
4922 4116
4923 4116
4924 4116
4925 4116
4926 4116
4927 4116
4928 4116
4929 4116
4930 4116
4931 4116
4932 4116
4933 4116
4934 4116
4935 4116
4936 4116
4937 2668
4938 2419
4939 2245
4940 2419
4941 2668
4942 2419
4943 2419
4944 3110
4945 2471
4946 2981
4947 4268
4948 4116
4949 177
4950 4383
4951 177
4952 177
4953 177
4954 177
4955 177
4956 4383
4957 177
4958 177
4959 177
4960 177
4961 177
4962 4384
4963 4116
4964 4116
4965 4816
4966 4816
4967 4816
4968 3046
4969 3046
4970 2460
4971 2460
4972 2460
4973 2460
4974 3046
4975 2460
4976 3046
4977 2460
4978 2460
4979 3046
4980 2460
4981 2460
4982 2460
4983 2460
4984 3282
4985 2460
4986 2460
4987 2460
4988 2460
4989 2460
4990 2460
4991 2460
4992 3046
4993 2460
4994 2460
4995 2460
4996 4957
4997 4957
4998 4957
4999 4957
