0 4884
1 4884
2 4884
3 2516
4 2516
5 2516
6 4884
7 2516
8 3337
9 1613
10 3337
11 1613
12 4884
13 4884
14 4884
15 2601
16 1775
17 2480
18 4884
19 2571
20 46
21 4285
22 2480
23 2523
24 2523
25 1774
26 2600
27 2571
28 23
29 2505
30 2493
31 3981
32 2505
33 2523
34 3341
35 2493
36 4884
37 2516
38 2516
39 2571
40 2523
41 2600
42 2505
43 2489
44 2571
45 2489
46 2516
47 2535
48 2571
49 4285
50 4285
51 1774
52 2523
53 46
54 2516
55 3310
56 3337
57 4074
58 2715
59 2715
60 3972
61 2516
62 2605
63 2516
64 2605
65 4884
66 3337
67 3337
68 4884
69 4884
70 4884
71 4884
72 4884
73 2594
74 2594
75 46
76 46
77 46
78 2526
79 2594
80 2571
81 2523
82 2523
83 2523
84 2600
85 2523
86 1774
87 2600
88 2600
89 2600
90 2523
91 2600
92 2600
93 2616
94 2528
95 2517
96 2516
97 1775
98 2497
99 4884
100 2479
101 4884
102 2523
103 2523
104 2516
105 4884
106 2516
107 2516
108 4884
109 2523
110 2616
111 2715
112 3981
113 2489
114 4074
115 2516
116 4884
117 4884
118 2516
119 2516
120 3341
121 2516
122 2516
123 4884
124 4118
125 2593
126 2520
127 2616
128 2600
129 2523
130 2600
131 2597
132 2600
133 3310
134 4807
135 4884
136 2983
137 1774
138 2560
139 2616
140 2616
141 2526
142 3335
143 2516
144 4074
145 3334
146 3341
147 2516
148 2516
149 2516
150 2516
151 2516
152 2517
153 4884
154 4884
155 4884
156 4075
157 46
158 46
159 46
160 46
161 46
162 1774
163 46
164 46
165 1774
166 1774
167 46
168 46
169 46
170 46
171 23
172 23
173 2606
174 3304
175 2600
176 1774
177 46
178 46
179 46
180 23
181 46
182 2600
183 2523
184 2523
185 1774
186 1774
187 23
188 23
189 23
190 1774
191 2606
192 1774
193 23
194 23
195 23
196 46
197 46
198 46
199 46
200 46
201 46
202 46
203 46
204 23
205 23
206 23
207 4807
208 4023
209 2686
210 511
211 3428
212 3905
213 1410
214 511
215 511
216 3058
217 4082
218 3425
219 2947
220 2710
221 3283
222 511
223 1538
224 511
225 511
226 1757
227 4019
228 1617
229 3041
230 3840
231 1538
232 2933
233 2447
234 4125
235 511
236 511
237 2447
238 4904
239 4904
240 4807
241 511
242 3854
243 4957
244 3845
245 1538
246 2711
247 3994
248 2711
249 3839
250 4034
251 4952
252 2946
253 2738
254 3425
255 3425
256 3425
257 3251
258 3256
259 3251
260 3866
261 3230
262 3237
263 4043
264 477
265 1538
266 4807
267 2337
268 1623
269 4807
270 4807
271 4807
272 3344
273 2225
274 665
275 466
276 1538
277 2219
278 2219
279 2189
280 1765
281 2181
282 2229
283 522
284 2240
285 343
286 327
287 664
288 310
289 310
290 1623
291 276
292 4044
293 294
294 336
295 2240
296 2240
297 346
298 347
299 2209
300 522
301 522
302 1765
303 2189
304 4991
305 1616
306 1616
307 2378
308 241
309 2378
310 2686
311 610
312 2311
313 465
314 1741
315 1538
316 2687
317 1619
318 2219
319 2240
320 523
321 2201
322 2199
323 2173
324 620
325 365
326 2240
327 1658
328 1641
329 491
330 621
331 2247
332 376
333 380
334 365
335 353
336 365
337 365
338 626
339 626
340 1690
341 1690
342 1692
343 2312
344 1714
345 384
346 624
347 375
348 437
349 356
350 370
351 445
352 1693
353 1703
354 1705
355 1698
356 2164
357 443
358 395
359 1682
360 1689
361 398
362 2272
363 1682
364 1722
365 398
366 691
367 399
368 2272
369 1724
370 1712
371 636
372 1715
373 1803
374 1803
375 1712
376 1721
377 406
378 1943
379 2325
380 1792
381 1790
382 412
383 1790
384 2324
385 1940
386 1807
387 1958
388 1963
389 1954
390 1956
391 2333
392 2151
393 2150
394 1958
395 2070
396 1958
397 2074
398 2072
399 1956
400 2156
401 611
402 611
403 2175
404 2200
405 2166
406 383
407 384
408 624
409 629
410 402
411 413
412 2323
413 2156
414 1956
415 2240
416 311
417 1693
418 1698
419 375
420 436
421 376
422 383
423 1683
424 398
425 1694
426 624
427 396
428 411
429 401
430 408
431 411
432 632
433 639
434 2166
435 4936
436 4125
437 2686
438 4125
439 2709
440 4015
441 3283
442 3041
443 3256
444 3425
445 2392
446 2392
447 1402
448 1765
449 1755
450 315
451 2204
452 664
453 2204
454 293
455 3997
456 4096
457 4807
458 343
459 1647
460 2219
461 2229
462 3270
463 4011
464 3889
465 2944
466 4041
467 1410
468 2219
469 2219
470 1538
471 1538
472 4945
473 4040
474 2710
475 2711
476 2711
477 2947
478 3042
479 2191
480 664
481 664
482 473
483 645
484 2311
485 336
486 336
487 311
488 311
489 3981
490 3230
491 2933
492 2933
493 3042
494 3040
495 3042
496 3846
497 3854
498 3845
499 2686
500 4808
501 4066
502 4011
503 3428
504 4807
505 3270
506 4807
507 3270
508 3981
509 2218
510 1538
511 394
512 4991
513 2446
514 2446
515 2446
516 1402
517 3981
518 679
519 2177
520 3230
521 2189
522 3041
523 3840
524 241
525 2378
526 2392
527 241
528 1619
529 2447
530 511
531 1561
532 918
533 3230
534 1673
535 612
536 1657
537 1647
538 2243
539 473
540 2245
541 294
542 2245
543 345
544 2180
545 370
546 2212
547 443
548 384
549 1695
550 396
551 1682
552 1720
553 402
554 412
555 1964
556 2074
557 3430
558 3270
559 3291
560 3291
561 3291
562 3270
563 3270
564 3230
565 3041
566 3248
567 3251
568 3250
569 3257
570 3256
571 3854
572 3839
573 3839
574 4950
575 3839
576 4015
577 3058
578 511
579 2445
580 922
581 4015
582 4019
583 3343
584 4125
585 2710
586 3230
587 3251
588 3230
589 3226
590 2337
591 1757
592 522
593 2210
594 522
595 335
596 310
597 293
598 310
599 3230
600 334
601 1674
602 343
603 1622
604 2282
605 491
606 620
607 620
608 621
609 443
610 1702
611 390
612 385
613 436
614 438
615 365
616 1698
617 1680
618 691
619 632
620 412
621 1783
622 1783
623 1792
624 1942
625 1787
626 2158
627 1963
628 1807
629 2150
630 1792
631 1795
632 2151
633 2159
634 2010
635 2069
636 1655
637 1656
638 2243
639 2243
640 308
641 2218
642 522
643 521
644 645
645 2219
646 1703
647 382
648 356
649 2212
650 620
651 1757
652 2457
653 2780
654 1538
655 4040
656 2239
657 1673
658 2192
659 299
660 2219
661 2202
662 2202
663 2202
664 3256
665 3256
666 3226
667 3226
668 3251
669 3230
670 3230
671 3257
672 3251
673 1765
674 839
675 309
676 473
677 664
678 465
679 664
680 523
681 2200
682 437
683 443
684 1703
685 1693
686 1721
687 407
688 1792
689 2069
690 310
691 336
692 310
693 2245
694 336
695 4011
696 3425
697 2933
698 3425
699 3256
700 3256
701 466
702 2243
703 521
704 346
705 3257
706 3256
707 3256
708 3256
709 3256
710 3425
711 3246
712 3926
713 3254
714 3209
715 3438
716 3920
717 3440
718 3936
719 3936
720 3913
721 3920
722 3440
723 3212
724 3212
725 4090
726 3214
727 3269
728 3920
729 3244
730 4084
731 4091
732 4087
733 3217
734 4093
735 4090
736 3269
737 4094
738 4080
739 4080
740 4084
741 3291
742 3291
743 4080
744 3291
745 3291
746 3244
747 3926
748 3926
749 3254
750 4087
751 3259
752 3244
753 3262
754 4079
755 4080
756 3262
757 3263
758 3291
759 3291
760 3925
761 4092
762 3926
763 3206
764 3921
765 4093
766 3217
767 4091
768 3291
769 4090
770 3913
771 3209
772 3233
773 3217
774 3205
775 3222
776 4090
777 3272
778 3261
779 4084
780 3217
781 3261
782 3270
783 3209
784 3254
785 4093
786 3259
787 4087
788 3244
789 3261
790 3291
791 3272
792 3244
793 2687
794 4125
795 3058
796 3854
797 3040
798 2933
799 3251
800 3251
801 3248
802 3270
803 3839
804 3855
805 2933
806 3042
807 3425
808 4091
809 3440
810 2687
811 2709
812 23
813 23
814 3981
815 46
816 2492
817 3967
818 2503
819 2503
820 1765
821 2177
822 23
823 23
824 46
825 46
826 4807
827 4807
828 4807
829 46
830 308
831 46
832 46
833 23
834 2594
835 1774
836 1774
837 46
838 23
839 4978
840 1538
841 569
842 2337
843 1624
844 296
845 839
846 454
847 2181
848 3981
849 4074
850 3334
851 1775
852 4118
853 2516
854 3428
855 4034
856 3888
857 3425
858 4807
859 2947
860 3854
861 3889
862 3231
863 3040
864 2933
865 2933
866 2933
867 2933
868 2933
869 2933
870 2933
871 2933
872 3845
873 2933
874 3425
875 3425
876 3425
877 3042
878 3042
879 3042
880 3256
881 2933
882 3256
883 2933
884 2933
885 3041
886 3425
887 2933
888 3425
889 3888
890 3231
891 3425
892 3041
893 3425
894 3425
895 3425
896 3425
897 2933
898 2933
899 2933
900 3231
901 3256
902 3231
903 3857
904 3888
905 3425
906 3042
907 3846
908 3854
909 3042
910 3854
911 4016
912 2933
913 3042
914 3425
915 2933
916 2933
917 2933
918 2933
919 3231
920 3255
921 3222
922 3291
923 3217
924 3230
925 3222
926 3291
927 4079
928 4118
929 2618
930 3259
931 3244
932 4093
933 3267
934 3920
935 3920
936 3272
937 3920
938 3271
939 3205
940 3205
941 3920
942 3946
943 3950
944 3950
945 3950
946 3946
947 3207
948 3207
949 3458
950 3946
951 3944
952 3946
953 3234
954 3450
955 3449
956 3450
957 3234
958 3458
959 3234
960 3956
961 3941
962 3535
963 3468
964 3481
965 3811
966 3812
967 3535
968 3524
969 3485
970 3468
971 3485
972 3685
973 3463
974 3444
975 3685
976 3485
977 3524
978 3822
979 3536
980 3535
981 3444
982 3814
983 3521
984 3521
985 3444
986 3528
987 3535
988 3519
989 3748
990 3464
991 3808
992 3518
993 3528
994 3535
995 3478
996 3800
997 3750
998 3821
999 3536
1000 3800
1001 3535
1002 3823
1003 3801
1004 3536
1005 3481
1006 3481
1007 3521
1008 3693
1009 3485
1010 3795
1011 3685
1012 3531
1013 3794
1014 3521
1015 3524
1016 3444
1017 3685
1018 3468
1019 3485
1020 3962
1021 3962
1022 3956
1023 3956
1024 3445
1025 3677
1026 3816
1027 3485
1028 3478
1029 3478
1030 3750
1031 3726
1032 3481
1033 3478
1034 3748
1035 3800
1036 3693
1037 3687
1038 3806
1039 3748
1040 3481
1041 3748
1042 3453
1043 3677
1044 3687
1045 3794
1046 3470
1047 3687
1048 3536
1049 3521
1050 3950
1051 3956
1052 3528
1053 3469
1054 3803
1055 3807
1056 3800
1057 3794
1058 3800
1059 3750
1060 3444
1061 3524
1062 3803
1063 3807
1064 3478
1065 3207
1066 3528
1067 3800
1068 3748
1069 3687
1070 3687
1071 3708
1072 3695
1073 3687
1074 3695
1075 3687
1076 3708
1077 3687
1078 3708
1079 3687
1080 3687
1081 3687
1082 3695
1083 3708
1084 3708
1085 3708
1086 3708
1087 3800
1088 3693
1089 3748
1090 3750
1091 3794
1092 3749
1093 3748
1094 3748
1095 3748
1096 3685
1097 3693
1098 3739
1099 3739
1100 3748
1101 3719
1102 3739
1103 3685
1104 3687
1105 3677
1106 3687
1107 3687
1108 3749
1109 3685
1110 3685
1111 3685
1112 3687
1113 3687
1114 3687
1115 3695
1116 3677
1117 3687
1118 3794
1119 3685
1120 3749
1121 3687
1122 3708
1123 3687
1124 3695
1125 3708
1126 3708
1127 3708
1128 3708
1129 3708
1130 3708
1131 3708
1132 3708
1133 3708
1134 3708
1135 3708
1136 3708
1137 3708
1138 3708
1139 3708
1140 3708
1141 3708
1142 3708
1143 3708
1144 3708
1145 3708
1146 3708
1147 3748
1148 3750
1149 3693
1150 3750
1151 3748
1152 3693
1153 3739
1154 3719
1155 3748
1156 3750
1157 3750
1158 3748
1159 3794
1160 3812
1161 3536
1162 3693
1163 3748
1164 3739
1165 3719
1166 3685
1167 3687
1168 3693
1169 3685
1170 3687
1171 3750
1172 3749
1173 3748
1174 3687
1175 3687
1176 3687
1177 3685
1178 3685
1179 3687
1180 3687
1181 3749
1182 3685
1183 3695
1184 3708
1185 3708
1186 3708
1187 3708
1188 3708
1189 3708
1190 3708
1191 3708
1192 3708
1193 3708
1194 3708
1195 3708
1196 3708
1197 3708
1198 3708
1199 3708
1200 3708
1201 3708
1202 3708
1203 3464
1204 3719
1205 3749
1206 3719
1207 3748
1208 3794
1209 3794
1210 3748
1211 3739
1212 3806
1213 3739
1214 3823
1215 3464
1216 3464
1217 3748
1218 3719
1219 3464
1220 3807
1221 3748
1222 3719
1223 3806
1224 3719
1225 3808
1226 3806
1227 3719
1228 3693
1229 3685
1230 3685
1231 3685
1232 3685
1233 3685
1234 3685
1235 3685
1236 3685
1237 3685
1238 3685
1239 3685
1240 3685
1241 3685
1242 3685
1243 3685
1244 3807
1245 3806
1246 3808
1247 3807
1248 3807
1249 3478
1250 3481
1251 3481
1252 3481
1253 3535
1254 3535
1255 3481
1256 3535
1257 3469
1258 3481
1259 3481
1260 3481
1261 3822
1262 3822
1263 3822
1264 3822
1265 3822
1266 3481
1267 3822
1268 3822
1269 3481
1270 3822
1271 3822
1272 3822
1273 3481
1274 3481
1275 3481
1276 3822
1277 3822
1278 3822
1279 3822
1280 3822
1281 3822
1282 3444
1283 3794
1284 3811
1285 3478
1286 3520
1287 3520
1288 3469
1289 3808
1290 3518
1291 3807
1292 3807
1293 3808
1294 3816
1295 3469
1296 3822
1297 3807
1298 3481
1299 3535
1300 3803
1301 3485
1302 3814
1303 3481
1304 3816
1305 3816
1306 3468
1307 3485
1308 3519
1309 3444
1310 3485
1311 3485
1312 3521
1313 3962
1314 3816
1315 3535
1316 4884
1317 4884
1318 2680
1319 2594
1320 23
1321 2523
1322 1774
1323 3257
1324 3248
1325 3257
1326 3248
1327 3257
1328 3270
1329 3257
1330 3257
1331 3430
1332 3248
1333 3248
1334 3248
1335 3257
1336 3222
1337 3270
1338 3291
1339 3222
1340 3251
1341 3248
1342 3251
1343 3251
1344 3251
1345 3231
1346 3231
1347 3248
1348 3426
1349 3226
1350 3230
1351 3251
1352 3251
1353 3226
1354 3256
1355 3231
1356 3256
1357 3231
1358 3256
1359 1398
1360 2688
1361 2688
1362 2738
1363 4945
1364 479
1365 4991
1366 530
1367 2343
1368 1538
1369 4945
1370 3068
1371 2944
1372 2688
1373 2688
1374 4040
1375 4041
1376 241
1377 230
1378 507
1379 4934
1380 221
1381 4774
1382 2688
1383 4043
1384 2687
1385 4860
1386 3905
1387 3855
1388 3855
1389 3855
1390 3854
1391 3840
1392 3854
1393 3854
1394 3839
1395 3283
1396 4019
1397 3283
1398 3283
1399 3283
1400 1619
1401 586
1402 2445
1403 2447
1404 2378
1405 2378
1406 3271
1407 4090
1408 3267
1409 3920
1410 3920
1411 4091
1412 3259
1413 3271
1414 3437
1415 3272
1416 3214
1417 4093
1418 3920
1419 3212
1420 3913
1421 3913
1422 3209
1423 3440
1424 3205
1425 3913
1426 3205
1427 3205
1428 3925
1429 3205
1430 3440
1431 3913
1432 3936
1433 3944
1434 3206
1435 3926
1436 3233
1437 3936
1438 3233
1439 3246
1440 3936
1441 3233
1442 3254
1443 3926
1444 3458
1445 3944
1446 3450
1447 3458
1448 3234
1449 3234
1450 3450
1451 3234
1452 3207
1453 3450
1454 3450
1455 3946
1456 3946
1457 3449
1458 3946
1459 3950
1460 3950
1461 3449
1462 3445
1463 3950
1464 3450
1465 4056
1466 4964
1467 4922
1468 4065
1469 3428
1470 2688
1471 2688
1472 4041
1473 4935
1474 1402
1475 2446
1476 2446
1477 2687
1478 2688
1479 2686
1480 3903
1481 918
1482 922
1483 2378
1484 507
1485 4815
1486 3423
1487 3889
1488 3857
1489 3857
1490 3230
1491 3426
1492 3248
1493 3257
1494 3231
1495 3040
1496 3839
1497 2711
1498 4043
1499 2688
1500 2688
1501 4041
1502 2688
1503 4041
1504 4040
1505 3068
1506 476
1507 3896
1508 1538
1509 1754
1510 2206
1511 2206
1512 1538
1513 2177
1514 1538
1515 226
1516 3426
1517 3248
1518 4041
1519 3834
1520 3231
1521 3854
1522 3840
1523 3839
1524 3839
1525 3839
1526 4952
1527 2946
1528 2711
1529 4779
1530 4957
1531 4950
1532 4019
1533 2709
1534 2710
1535 2710
1536 2946
1537 2946
1538 2711
1539 2711
1540 4044
1541 4779
1542 4962
1543 3403
1544 3226
1545 3226
1546 3857
1547 3042
1548 3226
1549 3230
1550 4046
1551 3042
1552 2933
1553 3839
1554 4047
1555 3231
1556 3226
1557 3042
1558 2940
1559 2933
1560 3425
1561 2933
1562 2940
1563 3889
1564 2933
1565 4006
1566 4011
1567 3344
1568 3344
1569 4088
1570 4088
1571 4079
1572 3262
1573 4084
1574 4084
1575 3244
1576 4090
1577 3244
1578 4092
1579 4087
1580 4087
1581 3244
1582 4087
1583 4087
1584 4091
1585 4093
1586 3434
1587 4092
1588 4093
1589 3834
1590 4779
1591 2944
1592 3900
1593 3900
1594 3896
1595 2944
1596 3997
1597 3346
1598 4974
1599 4915
1600 511
1601 3058
1602 1617
1603 3256
1604 3256
1605 3425
1606 3256
1607 3256
1608 3425
1609 3425
1610 3425
1611 3256
1612 3256
1613 3230
1614 3231
1615 132
1616 3333
1617 1775
1618 3980
1619 4860
1620 3344
1621 2977
1622 230
1623 2445
1624 4932
1625 230
1626 227
1627 3412
1628 230
1629 2392
1630 2392
1631 466
1632 1623
1633 1621
1634 466
1635 1634
1636 466
1637 1758
1638 3074
1639 466
1640 1623
1641 1628
1642 2320
1643 2225
1644 2301
1645 2302
1646 4990
1647 2320
1648 4822
1649 1472
1650 2788
1651 3900
1652 2683
1653 432
1654 372
1655 364
1656 2195
1657 618
1658 621
1659 356
1660 1672
1661 620
1662 366
1663 613
1664 368
1665 620
1666 356
1667 618
1668 2180
1669 617
1670 2201
1671 2200
1672 650
1673 361
1674 618
1675 611
1676 368
1677 611
1678 2247
1679 349
1680 610
1681 613
1682 2282
1683 410
1684 1948
1685 1941
1686 1965
1687 1790
1688 1965
1689 411
1690 1789
1691 1790
1692 1789
1693 1941
1694 1941
1695 1792
1696 1786
1697 1945
1698 1784
1699 412
1700 2288
1701 406
1702 2316
1703 1684
1704 402
1705 402
1706 411
1707 636
1708 407
1709 1783
1710 633
1711 411
1712 639
1713 1716
1714 1956
1715 1792
1716 1795
1717 1799
1718 1795
1719 1964
1720 1803
1721 1788
1722 1963
1723 1803
1724 1965
1725 1792
1726 1795
1727 1807
1728 1800
1729 1965
1730 2151
1731 645
1732 645
1733 2310
1734 1764
1735 1623
1736 299
1737 2204
1738 293
1739 1622
1740 1622
1741 2239
1742 2219
1743 342
1744 664
1745 664
1746 2204
1747 611
1748 1634
1749 466
1750 2222
1751 645
1752 645
1753 645
1754 2187
1755 2243
1756 521
1757 428
1758 1472
1759 1538
1760 1765
1761 840
1762 1538
1763 569
1764 2183
1765 292
1766 1472
1767 4041
1768 2738
1769 1538
1770 1398
1771 2450
1772 479
1773 231
1774 1537
1775 2203
1776 1538
1777 4040
1778 3900
1779 4040
1780 1538
1781 2360
1782 2337
1783 569
1784 1762
1785 1755
1786 839
1787 840
1788 315
1789 295
1790 1538
1791 1596
1792 2571
1793 4884
1794 4075
1795 2600
1796 2523
1797 4884
1798 4884
1799 2519
1800 1775
1801 611
1802 2937
1803 3412
1804 2011
1805 2070
1806 2014
1807 2016
1808 2011
1809 2018
1810 2011
1811 2010
1812 2331
1813 2018
1814 2015
1815 2334
1816 2056
1817 2334
1818 2056
1819 2056
1820 2334
1821 2331
1822 2108
1823 2053
1824 2012
1825 2055
1826 1291
1827 1153
1828 1291
1829 1291
1830 1291
1831 1291
1832 1291
1833 1153
1834 1291
1835 1291
1836 1291
1837 1291
1838 1291
1839 1153
1840 1291
1841 1291
1842 1153
1843 1153
1844 1291
1845 1291
1846 1291
1847 1291
1848 1291
1849 1291
1850 1291
1851 1291
1852 1291
1853 1291
1854 1291
1855 1291
1856 1291
1857 1291
1858 1291
1859 1291
1860 1153
1861 1291
1862 1291
1863 1291
1864 1291
1865 1153
1866 1291
1867 1291
1868 1291
1869 1291
1870 1291
1871 1291
1872 1291
1873 1153
1874 1153
1875 1291
1876 1291
1877 1153
1878 1291
1879 1291
1880 1291
1881 1291
1882 1291
1883 1291
1884 1291
1885 1291
1886 1291
1887 1291
1888 1291
1889 1291
1890 1291
1891 1291
1892 1291
1893 1291
1894 1291
1895 1280
1896 1291
1897 1291
1898 1291
1899 1291
1900 1291
1901 1291
1902 1280
1903 1291
1904 1291
1905 1280
1906 1291
1907 1153
1908 1291
1909 1291
1910 1291
1911 1291
1912 1291
1913 1291
1914 1291
1915 1291
1916 1291
1917 1291
1918 1291
1919 1291
1920 1291
1921 1291
1922 1291
1923 1291
1924 1291
1925 1291
1926 1291
1927 1153
1928 1291
1929 1291
1930 1153
1931 1153
1932 1291
1933 1291
1934 1153
1935 1291
1936 1291
1937 1291
1938 1291
1939 1291
1940 1291
1941 1291
1942 1291
1943 1291
1944 1291
1945 1291
1946 1280
1947 1291
1948 2328
1949 2157
1950 2328
1951 2017
1952 2014
1953 2015
1954 2070
1955 2016
1956 2015
1957 2010
1958 2015
1959 2072
1960 2016
1961 2010
1962 2331
1963 2157
1964 2053
1965 2056
1966 2104
1967 2052
1968 2104
1969 2108
1970 2108
1971 2103
1972 2052
1973 2051
1974 2093
1975 2051
1976 2053
1977 2011
1978 2157
1979 1280
1980 1280
1981 1280
1982 1280
1983 1280
1984 1280
1985 1280
1986 1280
1987 1280
1988 1280
1989 1280
1990 1280
1991 1280
1992 1280
1993 1280
1994 1280
1995 1280
1996 1280
1997 1280
1998 1280
1999 1827
2000 1821
2001 1280
2002 1826
2003 1280
2004 1821
2005 1280
2006 1821
2007 1280
2008 1884
2009 1826
2010 1906
2011 1826
2012 1867
2013 1884
2014 1999
2015 1884
2016 1999
2017 1884
2018 1884
2019 1999
2020 2093
2021 1999
2022 1999
2023 2051
2024 2093
2025 2093
2026 2051
2027 2052
2028 2051
2029 2051
2030 2093
2031 2093
2032 1826
2033 1821
2034 1821
2035 1884
2036 2048
2037 1884
2038 2048
2039 1884
2040 1884
2041 1884
2042 1884
2043 1827
2044 2048
2045 1821
2046 1826
2047 2048
2048 2085
2049 2093
2050 2051
2051 2093
2052 1999
2053 1882
2054 1280
2055 1821
2056 1821
2057 1821
2058 1906
2059 1827
2060 1884
2061 1884
2062 1882
2063 1999
2064 1999
2065 1999
2066 1999
2067 1999
2068 2048
2069 2048
2070 1999
2071 2048
2072 2093
2073 2085
2074 2103
2075 2051
2076 2104
2077 2108
2078 2104
2079 2104
2080 2104
2081 2051
2082 1821
2083 1821
2084 1821
2085 1821
2086 1821
2087 1821
2088 1280
2089 1821
2090 1821
2091 1821
2092 1907
2093 1821
2094 1907
2095 1821
2096 1826
2097 1821
2098 1827
2099 1827
2100 1827
2101 1827
2102 1884
2103 1827
2104 1884
2105 1882
2106 1884
2107 1884
2108 1884
2109 1884
2110 1884
2111 1882
2112 1882
2113 2048
2114 2092
2115 1999
2116 1999
2117 2092
2118 1999
2119 1280
2120 1280
2121 1291
2122 1280
2123 1280
2124 1291
2125 1280
2126 1280
2127 1280
2128 1291
2129 1291
2130 1291
2131 1280
2132 1280
2133 1291
2134 1280
2135 1280
2136 1280
2137 1280
2138 1280
2139 1280
2140 1280
2141 1280
2142 1280
2143 1280
2144 1280
2145 1280
2146 1280
2147 1280
2148 1291
2149 1280
2150 1280
2151 1280
2152 1280
2153 2334
2154 2055
2155 2054
2156 2104
2157 2093
2158 2093
2159 2093
2160 2103
2161 2054
2162 2051
2163 2052
2164 3425
2165 3425
2166 3425
2167 4096
2168 386
2169 402
2170 386
2171 231
2172 231
2173 231
2174 335
2175 360
2176 2218
2177 2218
2178 2180
2179 395
2180 396
2181 384
2182 372
2183 285
2184 1755
2185 2165
2186 1695
2187 522
2188 2202
2189 1757
2190 2219
2191 2205
2192 2218
2193 2343
2194 1754
2195 364
2196 2200
2197 2200
2198 2219
2199 2189
2200 317
2201 2206
2202 2203
2203 1538
2204 2240
2205 2240
2206 620
2207 365
2208 376
2209 445
2210 394
2211 396
2212 1683
2213 1695
2214 1538
2215 443
2216 2202
2217 2407
2218 2219
2219 2218
2220 1763
2221 1538
2222 1757
2223 621
2224 436
2225 523
2226 839
2227 569
2228 1538
2229 595
2230 386
2231 1619
2232 1619
2233 2686
2234 586
2235 239
2236 2444
2237 1410
2238 239
2239 2978
2240 645
2241 645
2242 521
2243 839
2244 839
2245 1623
2246 466
2247 2310
2248 2225
2249 299
2250 293
2251 311
2252 2218
2253 645
2254 342
2255 2310
2256 465
2257 2204
2258 1670
2259 2225
2260 1623
2261 522
2262 2218
2263 2202
2264 3994
2265 2229
2266 2202
2267 4041
2268 473
2269 521
2270 1690
2271 1698
2272 627
2273 1721
2274 2069
2275 293
2276 2164
2277 1712
2278 293
2279 662
2280 294
2281 3055
2282 1656
2283 2207
2284 1655
2285 1657
2286 1657
2287 1641
2288 2247
2289 621
2290 356
2291 1783
2292 1795
2293 342
2294 1656
2295 1673
2296 2945
2297 3839
2298 523
2299 436
2300 2166
2301 385
2302 445
2303 2313
2304 2272
2305 639
2306 1783
2307 1940
2308 4058
2309 3042
2310 2933
2311 3042
2312 2944
2313 2945
2314 4041
2315 224
2316 4043
2317 3226
2318 3226
2319 3230
2320 2225
2321 1623
2322 224
2323 3067
2324 617
2325 1658
2326 433
2327 613
2328 2282
2329 1948
2330 1941
2331 407
2332 632
2333 1799
2334 1797
2335 311
2336 293
2337 476
2338 2945
2339 2017
2340 2018
2341 2011
2342 2014
2343 2072
2344 1999
2345 2093
2346 1999
2347 2093
2348 1999
2349 2092
2350 2051
2351 1999
2352 2048
2353 2054
2354 342
2355 342
2356 311
2357 511
2358 511
2359 2447
2360 1754
2361 1754
2362 1620
2363 530
2364 922
2365 922
2366 1502
2367 296
2368 2210
2369 1754
2370 2378
2371 2378
2372 2447
2373 2219
2374 2239
2375 3424
2376 295
2377 3055
2378 1398
2379 233
2380 2392
2381 576
2382 1402
2383 3874
2384 2378
2385 2378
2386 576
2387 2392
2388 296
2389 2184
2390 3423
2391 4125
2392 1736
2393 645
2394 296
2395 2183
2396 1389
2397 295
2398 1631
2399 1499
2400 4884
2401 2560
2402 2571
2403 46
2404 46
2405 23
2406 46
2407 23
2408 23
2409 23
2410 46
2411 46
2412 46
2413 2594
2414 93
2415 2523
2416 3058
2417 3855
2418 3845
2419 511
2420 511
2421 511
2422 511
2423 511
2424 511
2425 2686
2426 511
2427 3854
2428 2737
2429 3845
2430 3040
2431 4860
2432 511
2433 4006
2434 3845
2435 3423
2436 3840
2437 3041
2438 3041
2439 3040
2440 3040
2441 2686
2442 1619
2443 511
2444 2686
2445 3058
2446 2686
2447 3058
2448 2933
2449 3040
2450 3889
2451 4006
2452 3889
2453 3423
2454 1410
2455 1619
2456 3058
2457 3283
2458 3855
2459 3854
2460 3855
2461 3855
2462 3855
2463 3840
2464 3256
2465 3041
2466 4125
2467 511
2468 2933
2469 2720
2470 3855
2471 3839
2472 4952
2473 2946
2474 2947
2475 2947
2476 2946
2477 2720
2478 2721
2479 3889
2480 2686
2481 2686
2482 4860
2483 1410
2484 2947
2485 4015
2486 3854
2487 3283
2488 3283
2489 3058
2490 3850
2491 3283
2492 4019
2493 2978
2494 4935
2495 2378
2496 227
2497 2444
2498 2177
2499 3999
2500 4982
2501 2206
2502 2177
2503 1765
2504 4974
2505 596
2506 3997
2507 586
2508 2319
2509 2206
2510 4774
2511 295
2512 664
2513 1398
2514 679
2515 2181
2516 4991
2517 237
2518 1409
2519 228
2520 2519
2521 2519
2522 2520
2523 4884
2524 2516
2525 2516
2526 2516
2527 4884
2528 2516
2529 63
2530 1775
2531 3337
2532 1775
2533 2519
2534 2489
2535 2520
2536 2520
2537 1614
2538 38
2539 1775
2540 2572
2541 2572
2542 2523
2543 2534
2544 3972
2545 2600
2546 2600
2547 165
2548 2519
2549 2523
2550 2600
2551 2534
2552 3981
2553 4807
2554 2534
2555 165
2556 4282
2557 2583
2558 4884
2559 2478
2560 2519
2561 2523
2562 2600
2563 2534
2564 2519
2565 4285
2566 2520
2567 2519
2568 2523
2569 2523
2570 2523
2571 2523
2572 2523
2573 2600
2574 2600
2575 2600
2576 3337
2577 4037
2578 2516
2579 3981
2580 3981
2581 3972
2582 3310
2583 2516
2584 2516
2585 2605
2586 2489
2587 4884
2588 2519
2589 2519
2590 2489
2591 2489
2592 4884
2593 2489
2594 165
2595 2534
2596 2600
2597 2600
2598 2523
2599 2523
2600 2534
2601 2534
2602 2600
2603 2600
2604 2600
2605 2600
2606 2600
2607 2600
2608 2600
2609 2597
2610 2572
2611 2597
2612 2600
2613 165
2614 2616
2615 165
2616 2534
2617 2523
2618 2519
2619 1614
2620 3334
2621 4884
2622 165
2623 4884
2624 2572
2625 2600
2626 2516
2627 1775
2628 2516
2629 4884
2630 4884
2631 2489
2632 2583
2633 2534
2634 3343
2635 2571
2636 3972
2637 2516
2638 2489
2639 4884
2640 2516
2641 2516
2642 2489
2643 2516
2644 2516
2645 2497
2646 3981
2647 3310
2648 2616
2649 2583
2650 2597
2651 2597
2652 2616
2653 165
2654 2600
2655 3980
2656 2520
2657 2520
2658 3972
2659 2600
2660 4884
2661 2616
2662 2616
2663 2601
2664 2618
2665 3981
2666 3981
2667 3310
2668 4884
2669 4884
2670 2516
2671 2516
2672 2519
2673 2572
2674 4884
2675 4884
2676 2489
2677 2583
2678 2600
2679 2600
2680 2600
2681 2600
2682 2600
2683 2600
2684 2600
2685 2600
2686 2600
2687 2600
2688 2600
2689 2600
2690 2600
2691 2600
2692 2600
2693 2600
2694 2597
2695 1772
2696 2534
2697 2600
2698 1772
2699 2523
2700 2534
2701 2600
2702 2600
2703 2600
2704 2600
2705 165
2706 165
2707 165
2708 2597
2709 165
2710 2600
2711 2600
2712 165
2713 2600
2714 2600
2715 2600
2716 1772
2717 2534
2718 2600
2719 165
2720 2600
2721 2600
2722 2600
2723 2600
2724 2600
2725 2600
2726 2600
2727 2600
2728 2600
2729 2600
2730 2600
2731 2600
2732 2600
2733 2600
2734 2600
2735 2937
2736 4931
2737 4974
2738 2409
2739 4905
2740 1401
2741 1535
2742 2380
2743 3895
2744 4860
2745 678
2746 849
2747 2244
2748 1496
2749 1566
2750 1408
2751 1408
2752 449
2753 1535
2754 4276
2755 583
2756 1591
2757 1480
2758 469
2759 2414
2760 2758
2761 1591
2762 2408
2763 1535
2764 1535
2765 2408
2766 4900
2767 2977
2768 3980
2769 583
2770 1509
2771 1601
2772 1557
2773 4003
2774 1599
2775 2708
2776 1477
2777 467
2778 3978
2779 1543
2780 467
2781 1508
2782 851
2783 1508
2784 1485
2785 1485
2786 4036
2787 678
2788 937
2789 1595
2790 4264
2791 4905
2792 4240
2793 4838
2794 3344
2795 3344
2796 4240
2797 4807
2798 4133
2799 4733
2800 4138
2801 4821
2802 4703
2803 838
2804 2211
2805 1753
2806 4744
2807 495
2808 3142
2809 4171
2810 661
2811 661
2812 3074
2813 3894
2814 2458
2815 1668
2816 2182
2817 3022
2818 4823
2819 4690
2820 3024
2821 4246
2822 4246
2823 4245
2824 838
2825 1389
2826 2343
2827 2463
2828 583
2829 1408
2830 2408
2831 4744
2832 416
2833 546
2834 1645
2835 4820
2836 4735
2837 1474
2838 4715
2839 4756
2840 4711
2841 4677
2842 2822
2843 2889
2844 4170
2845 4712
2846 4703
2847 4170
2848 2822
2849 2901
2850 4171
2851 3096
2852 4674
2853 4725
2854 4711
2855 4725
2856 4725
2857 4725
2858 4229
2859 4790
2860 3115
2861 4790
2862 4790
2863 4221
2864 4790
2865 2891
2866 3112
2867 3030
2868 2911
2869 4208
2870 2908
2871 4186
2872 4198
2873 3116
2874 4198
2875 4198
2876 4230
2877 4225
2878 3112
2879 4228
2880 4226
2881 3114
2882 4229
2883 4221
2884 4226
2885 4845
2886 4295
2887 4766
2888 3121
2889 3121
2890 3121
2891 4766
2892 4300
2893 3120
2894 4670
2895 4465
2896 4294
2897 4455
2898 4303
2899 4477
2900 4311
2901 4311
2902 4479
2903 4464
2904 4452
2905 4475
2906 4586
2907 4531
2908 4470
2909 4475
2910 4577
2911 4574
2912 4577
2913 4555
2914 4525
2915 4528
2916 4529
2917 4524
2918 4575
2919 4528
2920 4555
2921 4575
2922 310
2923 328
2924 4677
2925 4214
2926 4186
2927 4224
2928 2891
2929 2860
2930 2868
2931 4463
2932 4467
2933 4578
2934 4576
2935 4745
2936 661
2937 2169
2938 4229
2939 4789
2940 2910
2941 4188
2942 3032
2943 4193
2944 4766
2945 4221
2946 4766
2947 4226
2948 3120
2949 4463
2950 4465
2951 4458
2952 4478
2953 4462
2954 4303
2955 2889
2956 3894
2957 1535
2958 589
2959 229
2960 1535
2961 276
2962 1555
2963 1555
2964 851
2965 1602
2966 2438
2967 2438
2968 2379
2969 4278
2970 2460
2971 3127
2972 662
2973 709
2974 2204
2975 293
2976 2926
2977 4943
2978 311
2979 2170
2980 4715
2981 4715
2982 3978
2983 4905
2984 4130
2985 2716
2986 2444
2987 1484
2988 4715
2989 4274
2990 4144
2991 4273
2992 261
2993 261
2994 467
2995 1543
2996 312
2997 2169
2998 660
2999 661
3000 4209
3001 4823
3002 1646
3003 545
3004 293
3005 311
3006 1552
3007 1555
3008 1591
3009 1531
3010 1592
3011 469
3012 2387
3013 4860
3014 4905
3015 4905
3016 3412
3017 4905
3018 4943
3019 3980
3020 3980
3021 1350
3022 2937
3023 4036
3024 2994
3025 4715
3026 4200
3027 3106
3028 4991
3029 2408
3030 2449
3031 2408
3032 3980
3033 1754
3034 1765
3035 1560
3036 1501
3037 1509
3038 1591
3039 2449
3040 2408
3041 2408
3042 2449
3043 238
3044 1408
3045 2379
3046 1536
3047 2310
3048 1662
3049 1640
3050 312
3051 329
3052 660
3053 598
3054 598
3055 1676
3056 2245
3057 4690
3058 4677
3059 4214
3060 2908
3061 3106
3062 4225
3063 2891
3064 4226
3065 3120
3066 3119
3067 4464
3068 4452
3069 4670
3070 4555
3071 567
3072 519
3073 737
3074 745
3075 567
3076 678
3077 1560
3078 469
3079 1484
3080 1484
3081 1485
3082 1478
3083 239
3084 1543
3085 467
3086 1407
3087 583
3088 2380
3089 2380
3090 1535
3091 1536
3092 4931
3093 1536
3094 1496
3095 3895
3096 458
3097 1560
3098 2459
3099 1559
3100 1478
3101 4240
3102 2743
3103 3131
3104 4246
3105 3128
3106 329
3107 709
3108 1560
3109 329
3110 1640
3111 2172
3112 4126
3113 3328
3114 2901
3115 3024
3116 3024
3117 2901
3118 3029
3119 2908
3120 4219
3121 4791
3122 4202
3123 4675
3124 4675
3125 4208
3126 4230
3127 3114
3128 3121
3129 4462
3130 4464
3131 4311
3132 4842
3133 4318
3134 4842
3135 4479
3136 4312
3137 4575
3138 4531
3139 4529
3140 4584
3141 4584
3142 4475
3143 4531
3144 4555
3145 4528
3146 1640
3147 2170
3148 659
3149 494
3150 4715
3151 4745
3152 4245
3153 428
3154 660
3155 4789
3156 4199
3157 4832
3158 4224
3159 2901
3160 4679
3161 4700
3162 2943
3163 4000
3164 4102
3165 1750
3166 3194
3167 4745
3168 3194
3169 4745
3170 4715
3171 1555
3172 1559
3173 1559
3174 2299
3175 1485
3176 1560
3177 849
3178 1350
3179 1485
3180 1765
3181 4733
3182 336
3183 597
3184 597
3185 4675
3186 2889
3187 4214
3188 4187
3189 4224
3190 2869
3191 2869
3192 4463
3193 4311
3194 4585
3195 4577
3196 300
3197 312
3198 545
3199 336
3200 2245
3201 611
3202 4036
3203 851
3204 1555
3205 1591
3206 1559
3207 1556
3208 4733
3209 4745
3210 4171
3211 1358
3212 2414
3213 1508
3214 1559
3215 851
3216 948
3217 728
3218 720
3219 1585
3220 730
3221 947
3222 948
3223 948
3224 948
3225 727
3226 731
3227 1417
3228 720
3229 727
3230 1420
3231 1586
3232 1587
3233 1587
3234 776
3235 1585
3236 1581
3237 775
3238 1584
3239 1578
3240 784
3241 783
3242 740
3243 744
3244 754
3245 743
3246 744
3247 744
3248 1359
3249 949
3250 1418
3251 760
3252 1424
3253 1586
3254 772
3255 1578
3256 775
3257 935
3258 567
3259 754
3260 754
3261 754
3262 720
3263 949
3264 1418
3265 949
3266 1420
3267 802
3268 1578
3269 944
3270 755
3271 774
3272 720
3273 949
3274 949
3275 738
3276 951
3277 745
3278 1587
3279 1575
3280 783
3281 802
3282 740
3283 778
3284 760
3285 744
3286 802
3287 1575
3288 776
3289 740
3290 777
3291 772
3292 1586
3293 1474
3294 1535
3295 1535
3296 1535
3297 1506
3298 1555
3299 1354
3300 272
3301 307
3302 1531
3303 1557
3304 1591
3305 1585
3306 1582
3307 787
3308 2600
3309 2600
3310 2937
3311 2600
3312 2534
3313 3972
3314 4282
3315 2617
3316 1765
3317 1765
3318 2177
3319 2600
3320 2600
3321 2600
3322 2600
3323 2523
3324 3980
3325 3344
3326 2937
3327 3344
3328 466
3329 2600
3330 2600
3331 2600
3332 2534
3333 2600
3334 2600
3335 2600
3336 2600
3337 2600
3338 2943
3339 4735
3340 4838
3341 4734
3342 4820
3343 2777
3344 4259
3345 2344
3346 2516
3347 3981
3348 3310
3349 132
3350 1775
3351 1775
3352 2516
3353 4036
3354 4097
3355 4049
3356 849
3357 2937
3358 4106
3359 1601
3360 849
3361 4048
3362 2289
3363 1478
3364 3979
3365 1557
3366 1555
3367 1557
3368 1591
3369 1591
3370 1531
3371 1531
3372 851
3373 851
3374 1591
3375 1531
3376 1557
3377 1591
3378 1559
3379 1555
3380 2414
3381 2414
3382 2414
3383 469
3384 469
3385 2387
3386 2414
3387 3979
3388 849
3389 851
3390 2414
3391 851
3392 2414
3393 851
3394 851
3395 1555
3396 1591
3397 1478
3398 849
3399 2414
3400 1591
3401 849
3402 849
3403 1559
3404 851
3405 3979
3406 849
3407 2387
3408 2387
3409 4974
3410 849
3411 2414
3412 2414
3413 851
3414 1557
3415 1531
3416 1531
3417 1555
3418 1485
3419 1358
3420 935
3421 935
3422 937
3423 938
3424 754
3425 2516
3426 2618
3427 1589
3428 802
3429 802
3430 1419
3431 947
3432 947
3433 1587
3434 735
3435 730
3436 727
3437 735
3438 1426
3439 758
3440 758
3441 1438
3442 721
3443 717
3444 1434
3445 760
3446 747
3447 721
3448 721
3449 1438
3450 1425
3451 1438
3452 1426
3453 724
3454 1424
3455 771
3456 760
3457 747
3458 724
3459 948
3460 1446
3461 961
3462 955
3463 955
3464 961
3465 958
3466 1447
3467 962
3468 958
3469 958
3470 1459
3471 991
3472 953
3473 1446
3474 958
3475 1436
3476 1462
3477 1453
3478 961
3479 958
3480 1445
3481 723
3482 748
3483 748
3484 1436
3485 1077
3486 1078
3487 978
3488 977
3489 1032
3490 966
3491 748
3492 955
3493 1030
3494 972
3495 1318
3496 972
3497 1460
3498 962
3499 961
3500 1436
3501 1324
3502 1458
3503 967
3504 965
3505 960
3506 959
3507 958
3508 1436
3509 1447
3510 1062
3511 1035
3512 972
3513 972
3514 1076
3515 1458
3516 969
3517 1447
3518 748
3519 962
3520 779
3521 748
3522 748
3523 748
3524 748
3525 717
3526 972
3527 961
3528 1453
3529 1071
3530 991
3531 978
3532 1318
3533 958
3534 990
3535 1455
3536 992
3537 1436
3538 972
3539 1017
3540 1318
3541 1462
3542 990
3543 961
3544 972
3545 972
3546 972
3547 991
3548 959
3549 1030
3550 967
3551 972
3552 721
3553 959
3554 748
3555 958
3556 1456
3557 1306
3558 1459
3559 1071
3560 991
3561 972
3562 1318
3563 963
3564 961
3565 962
3566 972
3567 1324
3568 724
3569 972
3570 1071
3571 1318
3572 1035
3573 1035
3574 1035
3575 1064
3576 1064
3577 1064
3578 1035
3579 1035
3580 1035
3581 1064
3582 1064
3583 1064
3584 1064
3585 1035
3586 1035
3587 1035
3588 1035
3589 1064
3590 1064
3591 1064
3592 1064
3593 1064
3594 1071
3595 990
3596 1318
3597 990
3598 1071
3599 1318
3600 1318
3601 1318
3602 972
3603 1318
3604 972
3605 1318
3606 990
3607 972
3608 1318
3609 972
3610 972
3611 1064
3612 1035
3613 978
3614 978
3615 972
3616 972
3617 972
3618 1035
3619 972
3620 1035
3621 1035
3622 991
3623 978
3624 978
3625 1064
3626 1064
3627 1035
3628 1266
3629 1266
3630 1064
3631 1064
3632 1266
3633 1266
3634 1266
3635 1064
3636 1266
3637 1266
3638 1266
3639 1064
3640 1035
3641 1064
3642 1266
3643 1266
3644 1266
3645 1266
3646 1266
3647 1306
3648 978
3649 978
3650 972
3651 990
3652 972
3653 1071
3654 990
3655 1318
3656 1318
3657 991
3658 1030
3659 962
3660 972
3661 972
3662 990
3663 972
3664 972
3665 1035
3666 978
3667 972
3668 972
3669 978
3670 990
3671 972
3672 1035
3673 1035
3674 972
3675 972
3676 1035
3677 1071
3678 1035
3679 990
3680 972
3681 1064
3682 1035
3683 1266
3684 1064
3685 1266
3686 1064
3687 1064
3688 1064
3689 1266
3690 1064
3691 1266
3692 1064
3693 1266
3694 1064
3695 1064
3696 1064
3697 1064
3698 1266
3699 1266
3700 1064
3701 1318
3702 978
3703 990
3704 972
3705 977
3706 978
3707 1046
3708 1318
3709 1318
3710 1071
3711 1318
3712 1017
3713 1324
3714 978
3715 978
3716 977
3717 972
3718 978
3719 1063
3720 1324
3721 972
3722 978
3723 978
3724 972
3725 972
3726 972
3727 1032
3728 972
3729 1071
3730 978
3731 972
3732 972
3733 972
3734 972
3735 972
3736 972
3737 972
3738 972
3739 972
3740 972
3741 972
3742 972
3743 972
3744 972
3745 972
3746 972
3747 972
3748 972
3749 972
3750 972
3751 972
3752 972
3753 972
3754 1017
3755 1046
3756 1318
3757 1063
3758 1324
3759 1063
3760 1046
3761 956
3762 961
3763 961
3764 961
3765 961
3766 961
3767 1462
3768 956
3769 965
3770 1455
3771 1032
3772 1032
3773 1032
3774 1032
3775 1455
3776 1455
3777 1032
3778 1032
3779 1032
3780 1032
3781 1032
3782 1032
3783 965
3784 1455
3785 1455
3786 1032
3787 1032
3788 1455
3789 1032
3790 1032
3791 1032
3792 1318
3793 991
3794 1032
3795 1324
3796 961
3797 965
3798 1453
3799 961
3800 1324
3801 967
3802 1062
3803 1032
3804 1032
3805 1462
3806 1445
3807 1445
3808 965
3809 956
3810 1456
3811 1454
3812 962
3813 962
3814 961
3815 1453
3816 1453
3817 958
3818 1447
3819 958
3820 958
3821 1445
3822 1449
3823 1449
3824 723
3825 748
3826 961
3827 961
3828 2489
3829 4974
3830 2534
3831 2534
3832 2600
3833 2600
3834 2597
3835 1340
3836 1484
3837 937
3838 1350
3839 937
3840 737
3841 1358
3842 737
3843 1354
3844 225
3845 937
3846 1358
3847 762
3848 567
3849 937
3850 1485
3851 1485
3852 2299
3853 1552
3854 1485
3855 1484
3856 1484
3857 1485
3858 1484
3859 937
3860 1484
3861 1560
3862 1484
3863 937
3864 2461
3865 4272
3866 3894
3867 3088
3868 1398
3869 524
3870 4701
3871 3088
3872 1760
3873 4273
3874 1760
3875 4102
3876 2722
3877 449
3878 2343
3879 585
3880 1399
3881 1397
3882 4760
3883 1390
3884 3895
3885 2978
3886 920
3887 239
3888 1506
3889 1506
3890 1558
3891 854
3892 2386
3893 2386
3894 2386
3895 2439
3896 2444
3897 2444
3898 2446
3899 1402
3900 2448
3901 2446
3902 1585
3903 1420
3904 735
3905 1419
3906 1587
3907 1587
3908 750
3909 750
3910 772
3911 944
3912 1587
3913 1420
3914 727
3915 731
3916 727
3917 720
3918 945
3919 1419
3920 1418
3921 730
3922 720
3923 1412
3924 1417
3925 728
3926 727
3927 720
3928 1424
3929 948
3930 728
3931 728
3932 1418
3933 948
3934 1425
3935 949
3936 948
3937 948
3938 949
3939 948
3940 948
3941 948
3942 724
3943 1434
3944 1426
3945 724
3946 724
3947 948
3948 724
3949 771
3950 1426
3951 771
3952 724
3953 1438
3954 1426
3955 1426
3956 747
3957 758
3958 747
3959 748
3960 717
3961 1434
3962 747
3963 717
3964 4905
3965 4905
3966 4905
3967 4905
3968 4905
3969 4036
3970 1760
3971 4980
3972 2926
3973 1399
3974 237
3975 2343
3976 2343
3977 458
3978 3895
3979 224
3980 326
3981 2379
3982 2379
3983 2379
3984 3978
3985 4097
3986 4048
3987 2927
3988 849
3989 1478
3990 1484
3991 937
3992 937
3993 1552
3994 1531
3995 1544
3996 2459
3997 2926
3998 1600
3999 1594
4000 2722
4001 2722
4002 4794
4003 4272
4004 2451
4005 3894
4006 4274
4007 3331
4008 840
4009 4003
4010 1766
4011 4143
4012 3330
4013 1485
4014 2934
4015 4106
4016 1532
4017 851
4018 4007
4019 2297
4020 467
4021 2297
4022 467
4023 1505
4024 1505
4025 1505
4026 4106
4027 1601
4028 4058
4029 4048
4030 589
4031 1496
4032 307
4033 1496
4034 2244
4035 1477
4036 1593
4037 254
4038 2458
4039 2459
4040 2459
4041 4063
4042 4097
4043 4048
4044 4943
4045 1484
4046 1484
4047 851
4048 1559
4049 2299
4050 2299
4051 2934
4052 1601
4053 1531
4054 1531
4055 1532
4056 4047
4057 4063
4058 2299
4059 849
4060 1470
4061 3979
4062 2387
4063 1470
4064 1470
4065 1545
4066 4036
4067 4905
4068 4943
4069 4964
4070 777
4071 935
4072 753
4073 753
4074 783
4075 777
4076 1575
4077 802
4078 1584
4079 1582
4080 1581
4081 1581
4082 802
4083 775
4084 1575
4085 776
4086 786
4087 4007
4088 2944
4089 4273
4090 3999
4091 3974
4092 3346
4093 238
4094 2408
4095 2410
4096 1408
4097 1508
4098 1552
4099 1560
4100 1559
4101 1555
4102 1555
4103 851
4104 1555
4105 1559
4106 1555
4107 1559
4108 2497
4109 1775
4110 3981
4111 1775
4112 3980
4113 2377
4114 3412
4115 4974
4116 230
4117 227
4118 4971
4119 2446
4120 2446
4121 3412
4122 1602
4123 2408
4124 4715
4125 4126
4126 4820
4127 4740
4128 4139
4129 4754
4130 4244
4131 4133
4132 4740
4133 665
4134 4740
4135 4838
4136 4715
4137 4733
4138 4131
4139 4838
4140 2755
4141 4273
4142 4273
4143 2822
4144 4675
4145 3030
4146 4675
4147 2901
4148 3024
4149 4675
4150 2834
4151 329
4152 3023
4153 4685
4154 4823
4155 2822
4156 2901
4157 4685
4158 2822
4159 4208
4160 2822
4161 4675
4162 4711
4163 3023
4164 2901
4165 4171
4166 2822
4167 4823
4168 4711
4169 4170
4170 4171
4171 4170
4172 4684
4173 4464
4174 4472
4175 4842
4176 4312
4177 4477
4178 4452
4179 4469
4180 4468
4181 4468
4182 4477
4183 4308
4184 4309
4185 4312
4186 4309
4187 4842
4188 4473
4189 4478
4190 4302
4191 4309
4192 4462
4193 4465
4194 4465
4195 4478
4196 4295
4197 4300
4198 4844
4199 4462
4200 4463
4201 4303
4202 4456
4203 4474
4204 4474
4205 4467
4206 4666
4207 4472
4208 4467
4209 4668
4210 4475
4211 4474
4212 4474
4213 4670
4214 4584
4215 4586
4216 4660
4217 4585
4218 4846
4219 4471
4220 4584
4221 660
4222 311
4223 2994
4224 4744
4225 709
4226 709
4227 4733
4228 4733
4229 4745
4230 4746
4231 545
4232 709
4233 661
4234 4126
4235 4820
4236 3074
4237 4131
4238 660
4239 597
4240 597
4241 597
4242 3127
4243 659
4244 2187
4245 4000
4246 4133
4247 4689
4248 295
4249 4130
4250 2462
4251 4821
4252 4822
4253 4273
4254 4701
4255 679
4256 2461
4257 3894
4258 679
4259 4266
4260 4002
4261 4794
4262 4273
4263 4754
4264 4821
4265 2768
4266 4754
4267 4820
4268 3075
4269 3139
4270 295
4271 4274
4272 4138
4273 2497
4274 4807
4275 2605
4276 3341
4277 2597
4278 2523
4279 3981
4280 3334
4281 1775
4282 3980
4283 2310
4284 310
4285 3976
4286 4610
4287 4619
4288 4613
4289 4622
4290 4622
4291 4617
4292 4665
4293 4618
4294 4608
4295 4618
4296 4610
4297 4602
4298 4608
4299 4608
4300 4608
4301 4611
4302 4612
4303 4610
4304 4602
4305 4608
4306 4611
4307 4608
4308 4630
4309 4630
4310 4630
4311 4630
4312 4630
4313 4630
4314 4630
4315 4630
4316 4630
4317 4630
4318 4630
4319 4630
4320 4630
4321 4630
4322 4630
4323 4630
4324 4630
4325 4630
4326 4630
4327 4630
4328 4630
4329 4630
4330 4630
4331 4630
4332 4630
4333 4630
4334 4630
4335 4630
4336 4630
4337 4630
4338 4630
4339 4630
4340 4630
4341 4630
4342 4630
4343 4630
4344 4630
4345 4630
4346 4630
4347 4630
4348 4630
4349 4630
4350 4630
4351 4630
4352 4630
4353 4630
4354 4630
4355 4630
4356 4630
4357 4630
4358 4630
4359 4630
4360 4630
4361 4630
4362 4630
4363 4630
4364 4630
4365 4630
4366 4630
4367 4630
4368 4630
4369 4630
4370 4630
4371 4630
4372 4630
4373 4630
4374 4630
4375 4630
4376 4630
4377 4630
4378 4630
4379 4630
4380 4630
4381 4630
4382 4630
4383 4630
4384 4630
4385 4630
4386 4630
4387 4630
4388 4630
4389 4630
4390 4630
4391 4630
4392 4630
4393 4630
4394 4630
4395 4630
4396 4630
4397 4630
4398 4630
4399 4630
4400 4630
4401 4630
4402 4630
4403 4630
4404 4630
4405 4630
4406 4630
4407 4630
4408 4630
4409 4630
4410 4630
4411 4630
4412 4630
4413 4630
4414 4630
4415 4630
4416 4630
4417 4630
4418 4630
4419 4630
4420 4630
4421 4630
4422 4630
4423 4630
4424 4630
4425 4630
4426 4630
4427 4630
4428 4630
4429 4630
4430 4630
4431 4630
4432 4630
4433 4630
4434 4630
4435 4610
4436 4571
4437 4608
4438 4610
4439 4555
4440 4617
4441 4619
4442 4617
4443 4622
4444 4619
4445 4847
4446 4571
4447 4525
4448 4571
4449 4610
4450 4608
4451 4610
4452 4608
4453 4602
4454 4602
4455 4602
4456 4602
4457 4602
4458 4606
4459 4551
4460 4551
4461 4551
4462 4602
4463 4603
4464 4608
4465 4608
4466 4611
4467 4630
4468 4630
4469 4627
4470 4629
4471 4629
4472 4629
4473 4630
4474 4629
4475 4627
4476 4630
4477 4630
4478 4629
4479 4630
4480 4629
4481 4627
4482 4630
4483 4630
4484 4630
4485 4629
4486 4630
4487 4626
4488 4356
4489 4373
4490 4373
4491 4408
4492 4373
4493 4373
4494 4433
4495 4373
4496 4382
4497 4634
4498 4408
4499 4388
4500 4498
4501 4593
4502 4593
4503 4591
4504 4499
4505 4591
4506 4593
4507 4591
4508 4592
4509 4593
4510 4592
4511 4590
4512 4601
4513 4601
4514 4601
4515 4592
4516 4601
4517 4592
4518 4601
4519 4590
4520 4590
4521 4627
4522 4360
4523 4626
4524 4499
4525 4498
4526 4345
4527 4492
4528 4491
4529 4625
4530 4491
4531 4360
4532 4492
4533 4630
4534 4627
4535 4492
4536 4491
4537 4588
4538 4588
4539 4590
4540 4588
4541 4588
4542 4588
4543 4433
4544 4628
4545 4421
4546 4498
4547 4589
4548 4591
4549 4591
4550 4591
4551 4590
4552 4590
4553 4590
4554 4588
4555 4588
4556 4491
4557 4589
4558 4588
4559 4588
4560 4592
4561 4603
4562 4603
4563 4603
4564 4602
4565 4597
4566 4602
4567 4597
4568 4602
4569 4597
4570 4597
4571 4628
4572 4629
4573 4626
4574 4629
4575 4626
4576 4627
4577 4626
4578 4628
4579 4433
4580 4395
4581 4360
4582 4374
4583 4628
4584 4360
4585 4360
4586 4496
4587 4395
4588 4340
4589 4492
4590 4492
4591 4492
4592 4589
4593 4498
4594 4589
4595 4498
4596 4498
4597 4591
4598 4591
4599 4591
4600 4491
4601 4591
4602 4591
4603 4591
4604 4591
4605 4591
4606 4630
4607 4630
4608 4630
4609 4630
4610 4630
4611 4630
4612 4630
4613 4630
4614 4630
4615 4630
4616 4630
4617 4630
4618 4630
4619 4630
4620 4630
4621 4630
4622 4630
4623 4630
4624 4630
4625 4629
4626 4630
4627 4630
4628 4630
4629 4630
4630 4630
4631 4630
4632 4630
4633 4630
4634 4630
4635 4630
4636 4630
4637 4630
4638 4630
4639 4630
4640 4602
4641 4602
4642 4602
4643 4602
4644 4551
4645 4592
4646 4588
4647 4591
4648 4601
4649 4592
4650 4606
4651 4601
4652 4602
4653 851
4654 3344
4655 2892
4656 2868
4657 2877
4658 2184
4659 1501
4660 3330
4661 4170
4662 2901
4663 2777
4664 3127
4665 4677
4666 4219
4667 3112
4668 4226
4669 3032
4670 2889
4671 2777
4672 2858
4673 4224
4674 4191
4675 4246
4676 4696
4677 4680
4678 2777
4679 4692
4680 524
4681 2759
4682 4684
4683 4675
4684 4745
4685 3087
4686 3160
4687 4682
4688 4130
4689 4275
4690 4170
4691 4680
4692 4823
4693 3096
4694 4675
4695 2858
4696 4219
4697 3112
4698 3113
4699 4219
4700 3106
4701 4202
4702 4755
4703 3088
4704 4745
4705 4744
4706 4718
4707 4264
4708 4690
4709 2914
4710 2835
4711 3127
4712 4734
4713 4732
4714 3120
4715 3120
4716 326
4717 326
4718 1397
4719 1473
4720 3892
4721 3892
4722 3893
4723 4745
4724 597
4725 4744
4726 4715
4727 336
4728 4244
4729 611
4730 293
4731 2994
4732 545
4733 545
4734 2994
4735 3141
4736 545
4737 545
4738 545
4739 661
4740 310
4741 4744
4742 3074
4743 4715
4744 4245
4745 2516
4746 2994
4747 4715
4748 4104
4749 1668
4750 2834
4751 3116
4752 4196
4753 3114
4754 4766
4755 4528
4756 709
4757 4455
4758 3121
4759 709
4760 4745
4761 2458
4762 2458
4763 329
4764 2172
4765 2459
4766 2459
4767 329
4768 1663
4769 2822
4770 2822
4771 4675
4772 4309
4773 4660
4774 4660
4775 311
4776 545
4777 3890
4778 1544
4779 3030
4780 4192
4781 4186
4782 3115
4783 2891
4784 4766
4785 4845
4786 4296
4787 4318
4788 4555
4789 4097
4790 1531
4791 1555
4792 1559
4793 3896
4794 4813
4795 4274
4796 2459
4797 2459
4798 4058
4799 1485
4800 2299
4801 2927
4802 4733
4803 1637
4804 3894
4805 4677
4806 2186
4807 1641
4808 2901
4809 2901
4810 4473
4811 4846
4812 4303
4813 4840
4814 4529
4815 4584
4816 4474
4817 2169
4818 2755
4819 3896
4820 4847
4821 4612
4822 4608
4823 4617
4824 4622
4825 4595
4826 4592
4827 4601
4828 4601
4829 4590
4830 4591
4831 4591
4832 4602
4833 4590
4834 4591
4835 4608
4836 545
4837 2170
4838 2408
4839 2408
4840 4036
4841 2211
4842 4701
4843 317
4844 1407
4845 2379
4846 2379
4847 2183
4848 2357
4849 1502
4850 2408
4851 1408
4852 2408
4853 428
4854 428
4855 4036
4856 526
4857 4036
4858 1545
4859 316
4860 2379
4861 2379
4862 2379
4863 4048
4864 2379
4865 1408
4866 2379
4867 2379
4868 3332
4869 3332
4870 4048
4871 2448
4872 428
4873 2204
4874 597
4875 3075
4876 2168
4877 4989
4878 4130
4879 2519
4880 2520
4881 2572
4882 2523
4883 2600
4884 2600
4885 2600
4886 2600
4887 2600
4888 2600
4889 2600
4890 2600
4891 2600
4892 2600
4893 2600
4894 2534
4895 2534
4896 2534
4897 165
4898 4860
4899 1566
4900 1535
4901 1535
4902 1408
4903 583
4904 1535
4905 1407
4906 799
4907 469
4908 1566
4909 1506
4910 1535
4911 1535
4912 2708
4913 3979
4914 854
4915 1480
4916 1506
4917 1531
4918 1535
4919 1535
4920 2380
4921 1536
4922 1601
4923 589
4924 589
4925 1531
4926 4049
4927 2927
4928 4036
4929 4036
4930 1545
4931 239
4932 2439
4933 2439
4934 2297
4935 238
4936 2297
4937 1557
4938 1506
4939 1558
4940 805
4941 326
4942 4049
4943 1553
4944 467
4945 2297
4946 1477
4947 467
4948 1477
4949 1477
4950 467
4951 1505
4952 1505
4953 2459
4954 4106
4955 4106
4956 1601
4957 1401
4958 2410
4959 4860
4960 1410
4961 1553
4962 1553
4963 239
4964 920
4965 239
4966 2448
4967 4974
4968 508
4969 2444
4970 1399
4971 2380
4972 2354
4973 2380
4974 1765
4975 3896
4976 838
4977 2183
4978 1765
4979 1765
4980 3974
4981 838
4982 2345
4983 2445
4984 4774
4985 1766
4986 4978
4987 597
4988 1757
4989 679
4990 1746
4991 4264
4992 4991
4993 1409
4994 1409
4995 1602
4996 1291
4997 1291
4998 1291
4999 1291
5000 4630
