0 830
1 158
2 2390
3 806
4 155
5 155
6 155
7 155
8 104
9 132
10 126
11 72
12 262
13 158
14 158
15 830
16 830
17 135
18 262
19 262
20 104
21 49
22 49
23 50
24 104
25 257
26 1794
27 50
28 4274
29 830
30 50
31 1792
32 104
33 1580
34 1580
35 1495
36 1792
37 104
38 2367
39 262
40 155
41 830
42 158
43 806
44 21
45 2605
46 2605
47 1580
48 18
49 25
50 25
51 155
52 55
53 21
54 21
55 1794
56 50
57 2605
58 48
59 2605
60 262
61 2391
62 150
63 1481
64 1580
65 445
66 445
67 4635
68 155
69 158
70 1580
71 2380
72 18
73 2391
74 153
75 150
76 155
77 158
78 830
79 806
80 87
81 87
82 56
83 49
84 49
85 39
86 33
87 134
88 134
89 50
90 2605
91 2605
92 2559
93 96
94 48
95 2605
96 2381
97 130
98 75
99 2565
100 33
101 134
102 808
103 158
104 257
105 150
106 158
107 84
108 158
109 1794
110 2559
111 151
112 158
113 155
114 155
115 158
116 830
117 4274
118 2361
119 1542
120 21
121 1580
122 830
123 830
124 158
125 155
126 155
127 1553
128 155
129 158
130 104
131 1580
132 1580
133 2564
134 96
135 2631
136 2559
137 2605
138 847
139 1542
140 155
141 182
142 445
143 77
144 155
145 2631
146 55
147 104
148 104
149 72
150 1580
151 1580
152 2947
153 257
154 155
155 155
156 155
157 19
158 84
159 158
160 158
161 830
162 4274
163 2381
164 2381
165 2381
166 2381
167 49
168 49
169 76
170 76
171 26
172 49
173 49
174 2381
175 2381
176 2381
177 26
178 26
179 2381
180 26
181 33
182 55
183 120
184 22
185 120
186 33
187 49
188 49
189 49
190 120
191 118
192 22
193 22
194 26
195 75
196 26
197 76
198 76
199 76
200 26
201 79
202 120
203 118
204 26
205 26
206 26
207 76
208 76
209 49
210 2381
211 2381
212 2381
213 2381
214 49
215 2381
216 76
217 79
218 2381
219 76
220 2381
221 568
222 2444
223 1406
224 2447
225 4980
226 3003
227 2358
228 654
229 4010
230 2417
231 3982
232 3881
233 2209
234 4657
235 2414
236 4001
237 4001
238 4657
239 4942
240 2180
241 1406
242 2444
243 4093
244 4002
245 4093
246 4058
247 4016
248 2720
249 4770
250 3880
251 4942
252 4942
253 4980
254 4933
255 4942
256 1626
257 3898
258 4001
259 4942
260 4942
261 4001
262 2161
263 2170
264 4980
265 2199
266 654
267 2216
268 3978
269 3011
270 3145
271 2991
272 4679
273 2294
274 2294
275 4662
276 2294
277 1477
278 4010
279 4668
280 4668
281 4667
282 4672
283 4150
284 4654
285 4641
286 3146
287 4668
288 4648
289 4676
290 4652
291 4163
292 4645
293 4163
294 3038
295 3147
296 3147
297 3011
298 4672
299 4678
300 4652
301 4648
302 4676
303 2916
304 4646
305 2778
306 2778
307 3132
308 3865
309 3146
310 3002
311 3002
312 2843
313 2843
314 3145
315 4657
316 2340
317 4150
318 4652
319 4196
320 4197
321 4646
322 4197
323 4676
324 4646
325 4692
326 4652
327 2916
328 4646
329 4675
330 2852
331 4692
332 3046
333 4203
334 2922
335 4197
336 4197
337 2924
338 2924
339 2924
340 4178
341 4768
342 4215
343 4768
344 4215
345 4213
346 2906
347 2866
348 3117
349 4214
350 2905
351 4198
352 4203
353 2874
354 3047
355 2905
356 4184
357 4184
358 3046
359 3046
360 3047
361 4214
362 2906
363 2883
364 4219
365 2906
366 4213
367 2883
368 3048
369 3122
370 3122
371 4214
372 2883
373 2883
374 3048
375 4442
376 4430
377 4439
378 4439
379 4453
380 4439
381 2885
382 4433
383 4284
384 4447
385 4286
386 4623
387 4623
388 4302
389 4302
390 4445
391 4628
392 4556
393 4806
394 4813
395 4527
396 4546
397 4548
398 4528
399 4525
400 4528
401 4528
402 4528
403 4528
404 4528
405 4527
406 4528
407 4528
408 4528
409 4530
410 4525
411 3040
412 459
413 4636
414 4203
415 3111
416 4185
417 2866
418 2883
419 4430
420 4446
421 4447
422 4453
423 4530
424 4547
425 2809
426 4143
427 4215
428 2876
429 3046
430 4198
431 4198
432 4184
433 3047
434 2906
435 2883
436 4213
437 2866
438 4213
439 4214
440 4284
441 4443
442 4429
443 4441
444 4284
445 4769
446 4805
447 4198
448 2358
449 2358
450 4001
451 4001
452 4942
453 501
454 4641
455 4159
456 4163
457 4163
458 2900
459 2900
460 3071
461 2991
462 459
463 3138
464 4649
465 4670
466 4671
467 1648
468 4933
469 2294
470 4058
471 4658
472 4037
473 2216
474 4150
475 4143
476 4841
477 1485
478 3976
479 3880
480 4942
481 4942
482 4661
483 4661
484 4645
485 4645
486 4660
487 2788
488 4198
489 4150
490 4678
491 4673
492 459
493 2294
494 671
495 4942
496 4942
497 4942
498 4942
499 2447
500 1545
501 2399
502 2444
503 571
504 2444
505 2294
506 4851
507 1536
508 4058
509 4058
510 282
511 1495
512 282
513 2445
514 237
515 4143
516 4215
517 4215
518 3865
519 3988
520 4641
521 4657
522 4942
523 4942
524 2340
525 2358
526 1738
527 3002
528 1652
529 4652
530 3100
531 2809
532 2809
533 4672
534 3038
535 459
536 4653
537 4676
538 3045
539 3111
540 4184
541 4185
542 4215
543 3047
544 4213
545 4214
546 2883
547 4442
548 4302
549 4453
550 4452
551 4547
552 282
553 2196
554 1648
555 1637
556 656
557 654
558 654
559 4001
560 4001
561 2236
562 2170
563 2161
564 3982
565 4001
566 4001
567 4259
568 2758
569 2485
570 2210
571 2444
572 1533
573 1492
574 2358
575 1738
576 2161
577 3145
578 4662
579 3146
580 4641
581 2928
582 4652
583 2900
584 2170
585 2855
586 2833
587 2833
588 3147
589 4646
590 4646
591 4646
592 4676
593 4646
594 2924
595 4184
596 3046
597 4215
598 4768
599 4184
600 4183
601 4197
602 4197
603 4197
604 3046
605 4796
606 3119
607 4731
608 4445
609 4433
610 4433
611 4303
612 4433
613 4451
614 4451
615 4546
616 4546
617 4555
618 4555
619 4503
620 4624
621 4548
622 4548
623 4546
624 4530
625 4810
626 3040
627 2900
628 2900
629 2815
630 4143
631 4661
632 2814
633 4660
634 2814
635 2814
636 3046
637 2905
638 3046
639 4198
640 3046
641 4677
642 4010
643 4638
644 4641
645 4672
646 4150
647 4661
648 4672
649 3100
650 4670
651 4143
652 4016
653 4776
654 2170
655 2170
656 2170
657 2161
658 654
659 2170
660 3147
661 459
662 4645
663 4197
664 4198
665 2875
666 4185
667 4178
668 4213
669 4213
670 4293
671 4623
672 4546
673 3002
674 1761
675 4673
676 2910
677 459
678 459
679 459
680 1536
681 4942
682 4942
683 2199
684 2161
685 4686
686 4686
687 4670
688 4652
689 498
690 2199
691 2199
692 4942
693 3949
694 3949
695 3966
696 321
697 3930
698 1684
699 3929
700 3966
701 3949
702 3951
703 326
704 3929
705 3929
706 2266
707 599
708 2202
709 601
710 326
711 644
712 644
713 1684
714 1665
715 599
716 320
717 599
718 1683
719 644
720 1665
721 1665
722 644
723 2254
724 282
725 282
726 1665
727 282
728 601
729 3449
730 3951
731 599
732 599
733 315
734 601
735 599
736 599
737 457
738 1665
739 1665
740 2254
741 1665
742 457
743 2254
744 3449
745 601
746 3449
747 3929
748 3929
749 603
750 1687
751 2307
752 1665
753 1666
754 3951
755 3953
756 282
757 656
758 326
759 1665
760 601
761 599
762 601
763 1665
764 1665
765 2242
766 1665
767 1665
768 282
769 3449
770 3966
771 282
772 2307
773 1665
774 601
775 1665
776 644
777 315
778 1689
779 2358
780 2180
781 3977
782 4040
783 2170
784 2236
785 3867
786 4942
787 4942
788 601
789 1684
790 644
791 2358
792 48
793 2381
794 237
795 48
796 33
797 33
798 1481
799 257
800 104
801 262
802 3132
803 76
804 2381
805 49
806 4980
807 2294
808 1495
809 1495
810 2381
811 4686
812 49
813 49
814 48
815 48
816 33
817 22
818 49
819 49
820 75
821 4231
822 4689
823 3132
824 3145
825 3146
826 3036
827 3036
828 1601
829 1481
830 1580
831 257
832 104
833 104
834 155
835 2444
836 4980
837 4736
838 1550
839 1527
840 4093
841 2745
842 3349
843 2199
844 4053
845 1527
846 1567
847 671
848 2199
849 4001
850 4001
851 4942
852 4942
853 4942
854 4942
855 4942
856 4016
857 4053
858 4942
859 4942
860 4942
861 4942
862 4016
863 4942
864 4942
865 4053
866 4942
867 4942
868 2199
869 2199
870 4776
871 4001
872 4942
873 4001
874 4001
875 4001
876 238
877 2161
878 2199
879 4001
880 4776
881 2199
882 4942
883 4942
884 4942
885 4942
886 671
887 2199
888 3349
889 671
890 1566
891 1567
892 1566
893 2445
894 2445
895 2447
896 2447
897 2447
898 4776
899 1406
900 2447
901 2199
902 4776
903 4001
904 2199
905 4942
906 4942
907 4942
908 4942
909 4942
910 4942
911 4942
912 4016
913 671
914 1744
915 1648
916 2254
917 1683
918 2298
919 2254
920 1683
921 72
922 19
923 115
924 1668
925 601
926 603
927 3930
928 326
929 326
930 1689
931 315
932 326
933 3929
934 326
935 326
936 3538
937 3538
938 3538
939 3538
940 3538
941 3538
942 3966
943 3444
944 3444
945 3538
946 3538
947 3444
948 3538
949 3964
950 3444
951 3444
952 3444
953 3964
954 3444
955 3964
956 3538
957 3444
958 3964
959 3499
960 3816
961 3816
962 3816
963 3816
964 3497
965 3497
966 3499
967 2107
968 1809
969 3816
970 3497
971 3816
972 3499
973 3497
974 3816
975 3816
976 3816
977 3497
978 3499
979 3497
980 3502
981 3497
982 3538
983 3816
984 3497
985 1152
986 3816
987 3816
988 3816
989 3499
990 1918
991 3816
992 3816
993 3816
994 3816
995 1152
996 3816
997 3816
998 1152
999 1152
1000 1820
1001 3816
1002 3816
1003 3499
1004 3816
1005 3816
1006 3497
1007 3497
1008 3538
1009 3497
1010 3816
1011 2107
1012 1918
1013 1152
1014 3497
1015 3499
1016 3497
1017 3497
1018 3538
1019 3499
1020 3538
1021 3538
1022 3538
1023 3497
1024 3538
1025 3538
1026 3538
1027 3816
1028 3816
1029 3497
1030 3816
1031 3816
1032 1152
1033 1152
1034 3816
1035 3816
1036 1152
1037 3816
1038 3816
1039 3497
1040 1918
1041 3816
1042 3816
1043 1918
1044 3816
1045 3816
1046 3816
1047 1918
1048 1820
1049 1918
1050 1152
1051 3497
1052 1918
1053 3500
1054 1918
1055 3499
1056 3497
1057 3497
1058 3538
1059 3816
1060 3816
1061 3816
1062 3816
1063 1152
1064 3816
1065 1918
1066 1809
1067 3497
1068 3816
1069 3816
1070 1820
1071 3816
1072 3444
1073 3497
1074 3816
1075 3816
1076 1820
1077 1918
1078 1918
1079 1809
1080 1809
1081 1809
1082 1152
1083 1820
1084 1820
1085 1820
1086 1820
1087 1820
1088 1820
1089 1809
1090 1152
1091 1820
1092 1820
1093 1918
1094 1820
1095 1820
1096 1820
1097 1152
1098 1809
1099 1152
1100 1152
1101 1809
1102 1152
1103 1152
1104 1152
1105 1809
1106 1152
1107 1152
1108 1809
1109 1918
1110 1152
1111 3816
1112 2107
1113 1152
1114 1918
1115 1918
1116 1918
1117 1820
1118 1918
1119 1820
1120 1918
1121 1152
1122 1820
1123 1152
1124 1820
1125 1820
1126 1820
1127 1918
1128 1820
1129 1820
1130 1820
1131 1152
1132 1152
1133 1918
1134 1918
1135 1152
1136 1809
1137 1152
1138 1152
1139 1152
1140 1152
1141 1152
1142 1152
1143 1152
1144 1152
1145 1152
1146 1152
1147 1152
1148 1152
1149 1152
1150 1152
1151 1152
1152 1152
1153 1152
1154 1152
1155 1152
1156 1152
1157 1152
1158 1152
1159 1152
1160 1820
1161 1152
1162 3816
1163 1152
1164 3816
1165 1809
1166 3816
1167 1152
1168 1152
1169 1809
1170 1152
1171 3816
1172 3816
1173 3816
1174 1918
1175 1152
1176 2107
1177 3816
1178 1152
1179 1152
1180 1809
1181 2107
1182 1809
1183 1918
1184 1918
1185 1820
1186 1152
1187 1152
1188 3816
1189 1820
1190 1820
1191 1918
1192 1820
1193 1918
1194 1820
1195 1918
1196 3816
1197 2107
1198 1152
1199 1820
1200 1820
1201 1820
1202 1820
1203 1152
1204 1152
1205 1152
1206 1152
1207 1152
1208 1152
1209 1152
1210 1152
1211 1820
1212 1152
1213 1152
1214 1820
1215 1820
1216 1820
1217 1152
1218 1152
1219 1152
1220 1152
1221 1152
1222 1152
1223 1152
1224 1809
1225 3816
1226 3816
1227 3816
1228 3816
1229 1152
1230 3816
1231 1152
1232 1809
1233 3816
1234 3816
1235 3816
1236 3816
1237 3816
1238 3816
1239 3816
1240 3816
1241 3816
1242 3816
1243 3816
1244 3816
1245 3816
1246 3816
1247 3816
1248 1152
1249 3816
1250 3816
1251 1152
1252 3816
1253 1152
1254 1152
1255 1152
1256 1152
1257 1152
1258 1152
1259 1152
1260 1152
1261 1152
1262 1152
1263 1152
1264 1152
1265 1152
1266 1152
1267 1152
1268 1152
1269 3816
1270 3816
1271 3816
1272 3816
1273 3816
1274 3816
1275 3816
1276 3816
1277 3816
1278 3816
1279 3816
1280 3816
1281 3816
1282 3816
1283 3816
1284 3816
1285 3816
1286 3816
1287 3816
1288 3816
1289 3816
1290 3816
1291 3816
1292 3816
1293 3816
1294 3816
1295 3816
1296 3816
1297 3816
1298 3816
1299 3816
1300 3816
1301 3816
1302 3816
1303 3816
1304 3816
1305 3816
1306 3816
1307 3497
1308 3816
1309 3816
1310 3816
1311 3816
1312 3816
1313 3816
1314 3816
1315 3499
1316 3499
1317 3816
1318 3816
1319 3816
1320 3816
1321 3816
1322 3816
1323 3499
1324 3499
1325 3497
1326 3816
1327 3816
1328 3816
1329 3816
1330 3499
1331 3499
1332 3499
1333 3499
1334 3497
1335 3497
1336 3497
1337 3497
1338 3497
1339 3500
1340 3497
1341 3497
1342 3502
1343 3497
1344 3499
1345 3816
1346 158
1347 158
1348 158
1349 158
1350 33
1351 134
1352 48
1353 48
1354 75
1355 2227
1356 2227
1357 2179
1358 654
1359 498
1360 1759
1361 2216
1362 2375
1363 2239
1364 2227
1365 2236
1366 2179
1367 654
1368 1637
1369 1637
1370 2170
1371 2161
1372 1744
1373 2161
1374 2161
1375 2161
1376 2170
1377 2216
1378 2161
1379 2236
1380 2236
1381 2161
1382 2161
1383 2235
1384 2795
1385 2937
1386 4010
1387 4857
1388 4857
1389 3986
1390 3980
1391 501
1392 1485
1393 501
1394 3160
1395 2497
1396 4698
1397 1492
1398 2485
1399 2399
1400 3982
1401 3982
1402 2758
1403 4040
1404 3880
1405 2485
1406 3881
1407 2358
1408 1406
1409 1668
1410 601
1411 326
1412 326
1413 326
1414 1684
1415 1668
1416 1668
1417 1689
1418 1689
1419 601
1420 2307
1421 1684
1422 326
1423 2266
1424 3929
1425 3929
1426 3241
1427 3951
1428 3951
1429 3929
1430 3929
1431 3929
1432 3951
1433 3951
1434 3929
1435 3929
1436 3449
1437 3949
1438 3966
1439 3953
1440 3949
1441 3449
1442 3959
1443 3949
1444 3966
1445 3953
1446 3953
1447 3966
1448 3949
1449 3444
1450 3444
1451 3444
1452 3444
1453 3966
1454 3959
1455 3444
1456 3444
1457 3444
1458 3444
1459 3538
1460 3538
1461 3444
1462 3538
1463 3538
1464 3538
1465 3538
1466 3538
1467 3538
1468 3538
1469 3538
1470 3538
1471 3538
1472 4980
1473 4980
1474 4770
1475 1536
1476 1534
1477 4058
1478 4019
1479 3988
1480 4698
1481 3978
1482 293
1483 4698
1484 2340
1485 2358
1486 4037
1487 4019
1488 4980
1489 4980
1490 1567
1491 1567
1492 1567
1493 2161
1494 2216
1495 2235
1496 2216
1497 4053
1498 3349
1499 1406
1500 2720
1501 2358
1502 4698
1503 3869
1504 4651
1505 4651
1506 3132
1507 2939
1508 3145
1509 4654
1510 2216
1511 4936
1512 4042
1513 1567
1514 4032
1515 2758
1516 3982
1517 4040
1518 3977
1519 2743
1520 2743
1521 4039
1522 4942
1523 798
1524 4000
1525 4031
1526 4778
1527 4980
1528 2485
1529 1492
1530 1492
1531 3881
1532 2720
1533 4037
1534 4037
1535 4939
1536 4031
1537 4019
1538 3988
1539 4736
1540 2216
1541 1744
1542 1738
1543 1738
1544 1738
1545 4939
1546 4042
1547 4053
1548 4900
1549 4000
1550 4053
1551 2199
1552 1535
1553 1566
1554 1566
1555 1567
1556 1567
1557 2445
1558 1607
1559 1566
1560 1566
1561 4058
1562 4980
1563 2294
1564 2294
1565 4851
1566 4044
1567 601
1568 644
1569 644
1570 644
1571 644
1572 599
1573 1665
1574 644
1575 644
1576 601
1577 1689
1578 599
1579 599
1580 601
1581 601
1582 601
1583 1665
1584 2307
1585 320
1586 601
1587 603
1588 4053
1589 4032
1590 4057
1591 2497
1592 2497
1593 1626
1594 4841
1595 3011
1596 3898
1597 2726
1598 4825
1599 2497
1600 2497
1601 516
1602 2493
1603 2210
1604 2358
1605 2180
1606 2199
1607 2199
1608 4942
1609 4001
1610 4942
1611 4776
1612 2199
1613 671
1614 262
1615 188
1616 257
1617 155
1618 2364
1619 2444
1620 1541
1621 1485
1622 2340
1623 4143
1624 4656
1625 3146
1626 4668
1627 3147
1628 4689
1629 3145
1630 3147
1631 4689
1632 3147
1633 3147
1634 4668
1635 3147
1636 3210
1637 3921
1638 4668
1639 3147
1640 781
1641 781
1642 3921
1643 4689
1644 4857
1645 4636
1646 2852
1647 2922
1648 2924
1649 4676
1650 4676
1651 4676
1652 4203
1653 2843
1654 4677
1655 4677
1656 4692
1657 4676
1658 4636
1659 4646
1660 4197
1661 4692
1662 4646
1663 4197
1664 4636
1665 4203
1666 4636
1667 2924
1668 2916
1669 4676
1670 4677
1671 4692
1672 4648
1673 4692
1674 4653
1675 4636
1676 4676
1677 2843
1678 2856
1679 4429
1680 4803
1681 4296
1682 4429
1683 4446
1684 4451
1685 4452
1686 4429
1687 4445
1688 4451
1689 4452
1690 4303
1691 4296
1692 4292
1693 4295
1694 4445
1695 4429
1696 4295
1697 4430
1698 4284
1699 4433
1700 4434
1701 4285
1702 4439
1703 4430
1704 4432
1705 4429
1706 4439
1707 4442
1708 4433
1709 4731
1710 4291
1711 4440
1712 4434
1713 4439
1714 4548
1715 4451
1716 4628
1717 4808
1718 4552
1719 4627
1720 4452
1721 4627
1722 4452
1723 4546
1724 4548
1725 4548
1726 4627
1727 4624
1728 4450
1729 4548
1730 4813
1731 4627
1732 4452
1733 4808
1734 2814
1735 459
1736 3147
1737 4656
1738 4163
1739 3038
1740 4668
1741 4668
1742 2814
1743 4686
1744 3138
1745 4660
1746 4645
1747 459
1748 3147
1749 4679
1750 781
1751 1447
1752 781
1753 4645
1754 4660
1755 2788
1756 4162
1757 4645
1758 4143
1759 4660
1760 4163
1761 4667
1762 4231
1763 3145
1764 3132
1765 4651
1766 4667
1767 3069
1768 4010
1769 3869
1770 4657
1771 4825
1772 4825
1773 3921
1774 4689
1775 4689
1776 4654
1777 3145
1778 3145
1779 3921
1780 4689
1781 262
1782 4073
1783 158
1784 2559
1785 2605
1786 830
1787 1542
1788 262
1789 18
1790 4045
1791 459
1792 459
1793 1406
1794 3986
1795 3980
1796 4544
1797 4809
1798 4578
1799 4585
1800 4809
1801 4578
1802 4544
1803 4575
1804 4525
1805 4579
1806 4579
1807 4579
1808 4579
1809 4577
1810 4577
1811 4577
1812 4575
1813 4575
1814 4544
1815 4569
1816 4575
1817 4577
1818 4544
1819 4577
1820 4570
1821 4524
1822 4570
1823 4574
1824 4569
1825 4575
1826 2048
1827 2048
1828 2096
1829 2048
1830 2048
1831 2096
1832 2048
1833 2096
1834 2048
1835 2048
1836 2048
1837 2048
1838 2048
1839 2048
1840 2048
1841 2048
1842 2048
1843 2048
1844 2048
1845 2048
1846 2048
1847 2048
1848 2048
1849 2048
1850 2048
1851 2048
1852 2096
1853 2096
1854 2096
1855 2096
1856 2048
1857 2096
1858 2096
1859 2096
1860 2096
1861 2096
1862 2048
1863 2048
1864 2096
1865 2096
1866 2048
1867 2096
1868 2096
1869 2048
1870 2096
1871 2096
1872 2048
1873 2048
1874 2048
1875 2048
1876 2048
1877 2048
1878 2096
1879 2048
1880 2048
1881 2048
1882 2096
1883 2096
1884 2048
1885 2048
1886 2048
1887 2096
1888 2048
1889 2096
1890 2096
1891 2096
1892 2048
1893 2096
1894 2048
1895 2048
1896 2096
1897 2096
1898 2096
1899 2048
1900 2096
1901 2096
1902 2096
1903 2096
1904 2096
1905 2096
1906 2096
1907 2096
1908 2096
1909 2048
1910 2048
1911 2096
1912 2096
1913 2048
1914 2096
1915 2096
1916 2096
1917 2096
1918 2048
1919 2096
1920 2048
1921 2048
1922 2048
1923 2096
1924 2048
1925 2048
1926 2048
1927 2048
1928 2048
1929 2048
1930 2048
1931 2048
1932 2048
1933 2048
1934 2048
1935 2048
1936 2096
1937 2096
1938 2048
1939 2048
1940 2096
1941 2048
1942 2048
1943 2096
1944 2048
1945 2048
1946 2096
1947 2048
1948 2048
1949 2096
1950 2048
1951 2048
1952 2048
1953 2048
1954 2048
1955 2048
1956 2048
1957 2096
1958 2096
1959 2048
1960 2096
1961 2096
1962 2096
1963 2048
1964 2096
1965 4544
1966 4544
1967 4525
1968 4524
1969 4579
1970 4578
1971 4575
1972 4814
1973 4578
1974 4525
1975 4525
1976 4579
1977 4525
1978 4528
1979 4816
1980 4525
1981 4525
1982 4524
1983 4544
1984 4577
1985 4524
1986 4572
1987 4572
1988 4571
1989 4570
1990 4572
1991 4570
1992 4570
1993 4523
1994 4523
1995 4572
1996 4572
1997 4577
1998 4524
1999 4578
2000 2094
2001 2094
2002 2095
2003 2040
2004 2040
2005 2040
2006 2093
2007 2092
2008 2095
2009 2056
2010 2048
2011 2048
2012 2094
2013 2048
2014 2096
2015 2056
2016 2040
2017 2094
2018 2048
2019 2048
2020 2095
2021 2093
2022 2048
2023 2041
2024 2057
2025 2057
2026 2057
2027 2056
2028 2056
2029 2057
2030 2057
2031 2056
2032 2056
2033 2041
2034 2041
2035 2041
2036 2057
2037 2041
2038 2041
2039 2041
2040 4476
2041 4610
2042 2041
2043 2041
2044 4468
2045 2057
2046 4477
2047 4561
2048 4476
2049 4609
2050 4609
2051 4610
2052 4609
2053 4561
2054 4564
2055 4471
2056 4564
2057 4471
2058 4561
2059 4609
2060 4561
2061 4609
2062 2058
2063 2056
2064 2040
2065 2040
2066 4467
2067 4467
2068 4461
2069 4461
2070 4458
2071 4458
2072 4592
2073 4592
2074 2058
2075 2057
2076 2040
2077 4407
2078 4594
2079 2057
2080 4474
2081 4476
2082 4558
2083 4558
2084 4560
2085 4458
2086 4458
2087 2056
2088 2057
2089 2041
2090 2057
2091 2041
2092 2041
2093 2057
2094 2041
2095 4608
2096 4476
2097 4476
2098 4610
2099 4610
2100 4476
2101 4610
2102 4608
2103 4427
2104 4558
2105 4558
2106 4510
2107 4510
2108 4558
2109 4571
2110 4561
2111 4571
2112 4571
2113 4532
2114 4564
2115 4568
2116 4532
2117 4571
2118 4568
2119 4522
2120 2056
2121 2040
2122 2040
2123 2056
2124 2040
2125 2056
2126 2040
2127 2057
2128 2056
2129 2057
2130 2041
2131 2057
2132 2041
2133 2057
2134 2041
2135 4593
2136 2057
2137 2041
2138 2041
2139 2041
2140 2041
2141 2041
2142 2041
2143 4619
2144 4423
2145 2057
2146 2057
2147 2057
2148 2057
2149 2057
2150 4427
2151 4427
2152 2041
2153 4605
2154 4610
2155 4610
2156 4610
2157 4608
2158 4608
2159 4608
2160 2096
2161 2096
2162 2096
2163 2096
2164 2096
2165 2048
2166 2096
2167 2096
2168 2096
2169 2096
2170 2096
2171 2048
2172 2048
2173 2048
2174 2048
2175 2096
2176 2096
2177 2048
2178 2048
2179 2048
2180 2048
2181 2092
2182 2093
2183 2094
2184 2048
2185 2094
2186 2096
2187 2094
2188 2096
2189 2096
2190 2048
2191 2096
2192 2096
2193 2048
2194 2048
2195 2048
2196 2048
2197 2096
2198 4570
2199 4568
2200 4531
2201 4570
2202 4572
2203 4572
2204 4571
2205 4558
2206 4523
2207 4468
2208 4571
2209 4572
2210 4571
2211 4572
2212 4942
2213 4942
2214 4942
2215 4942
2216 4942
2217 4891
2218 3048
2219 4439
2220 4439
2221 2883
2222 4657
2223 3132
2224 4648
2225 4646
2226 4641
2227 4196
2228 4197
2229 3117
2230 3048
2231 3047
2232 3046
2233 3146
2234 3046
2235 4185
2236 4215
2237 4668
2238 4672
2239 4670
2240 4010
2241 4636
2242 2852
2243 2922
2244 4670
2245 3145
2246 3145
2247 3146
2248 4652
2249 4653
2250 4648
2251 3045
2252 4197
2253 3111
2254 3047
2255 4213
2256 3117
2257 2906
2258 4215
2259 4213
2260 4184
2261 2814
2262 3865
2263 4150
2264 3146
2265 3145
2266 3132
2267 2852
2268 4198
2269 4197
2270 4654
2271 3145
2272 3048
2273 4439
2274 3865
2275 3865
2276 2814
2277 4143
2278 2814
2279 4668
2280 4686
2281 459
2282 4662
2283 4662
2284 459
2285 459
2286 4686
2287 4163
2288 3038
2289 2900
2290 4143
2291 4143
2292 459
2293 459
2294 4645
2295 4163
2296 459
2297 459
2298 952
2299 781
2300 1447
2301 1447
2302 4143
2303 4143
2304 155
2305 4686
2306 4670
2307 4037
2308 4672
2309 4692
2310 3046
2311 3177
2312 3117
2313 4731
2314 4810
2315 2900
2316 4434
2317 4769
2318 2900
2319 4019
2320 4093
2321 4036
2322 4652
2323 4652
2324 1738
2325 2916
2326 2855
2327 2856
2328 4646
2329 4646
2330 4198
2331 4296
2332 4553
2333 4554
2334 3040
2335 3980
2336 2900
2337 4197
2338 4198
2339 2874
2340 4184
2341 3047
2342 4768
2343 4214
2344 4433
2345 4631
2346 4628
2347 4900
2348 4058
2349 1527
2350 1567
2351 3869
2352 3071
2353 2720
2354 1406
2355 4032
2356 2216
2357 1744
2358 1567
2359 4656
2360 4679
2361 3140
2362 4692
2363 4730
2364 4677
2365 4676
2366 4646
2367 4303
2368 4803
2369 4440
2370 4434
2371 4731
2372 4508
2373 4548
2374 2900
2375 3131
2376 4825
2377 4812
2378 4578
2379 4570
2380 4570
2381 4569
2382 4585
2383 4570
2384 4568
2385 4609
2386 4561
2387 4476
2388 4609
2389 4476
2390 4608
2391 4571
2392 4608
2393 4608
2394 4571
2395 4568
2396 3138
2397 2900
2398 2414
2399 1536
2400 4980
2401 4010
2402 2340
2403 3146
2404 790
2405 2340
2406 2788
2407 2788
2408 4058
2409 2447
2410 798
2411 3865
2412 4980
2413 4770
2414 293
2415 4736
2416 4980
2417 4980
2418 4660
2419 4645
2420 4163
2421 4657
2422 3147
2423 3147
2424 158
2425 155
2426 830
2427 49
2428 49
2429 48
2430 2381
2431 2381
2432 2381
2433 2381
2434 2381
2435 2381
2436 134
2437 33
2438 33
2439 118
2440 22
2441 2485
2442 1545
2443 2340
2444 2485
2445 4001
2446 4042
2447 4942
2448 3349
2449 2180
2450 4093
2451 4942
2452 2445
2453 4040
2454 4001
2455 4002
2456 4942
2457 4942
2458 2340
2459 2358
2460 4942
2461 4942
2462 1566
2463 4042
2464 1566
2465 4058
2466 570
2467 571
2468 2447
2469 1492
2470 2210
2471 3880
2472 3982
2473 3880
2474 4040
2475 4942
2476 293
2477 4980
2478 4000
2479 3867
2480 3982
2481 3982
2482 3982
2483 3982
2484 3982
2485 1543
2486 1406
2487 1406
2488 3349
2489 4980
2490 2358
2491 1492
2492 1492
2493 1567
2494 2485
2495 570
2496 2485
2497 1545
2498 2485
2499 2340
2500 501
2501 4857
2502 3011
2503 1492
2504 3898
2505 2726
2506 4847
2507 2497
2508 2497
2509 2358
2510 516
2511 516
2512 4029
2513 4645
2514 4010
2515 2788
2516 3921
2517 37
2518 37
2519 4277
2520 45
2521 158
2522 158
2523 158
2524 158
2525 262
2526 132
2527 104
2528 37
2529 18
2530 4277
2531 4277
2532 115
2533 262
2534 4274
2535 104
2536 2546
2537 2605
2538 2546
2539 2613
2540 4635
2541 2559
2542 2559
2543 2537
2544 2546
2545 2559
2546 2613
2547 2613
2548 2765
2549 4034
2550 2537
2551 2624
2552 3348
2553 2613
2554 18
2555 46
2556 126
2557 2605
2558 2546
2559 2559
2560 1577
2561 37
2562 2546
2563 2546
2564 2539
2565 2620
2566 2546
2567 2546
2568 2546
2569 2546
2570 2559
2571 2546
2572 2559
2573 262
2574 847
2575 4073
2576 2765
2577 3319
2578 4635
2579 257
2580 158
2581 158
2582 21
2583 21
2584 16
2585 89
2586 41
2587 37
2588 46
2589 45
2590 17
2591 2559
2592 2624
2593 2546
2594 2546
2595 2546
2596 2620
2597 2620
2598 2620
2599 2559
2600 2559
2601 2559
2602 2559
2603 2559
2604 2559
2605 2559
2606 2559
2607 2559
2608 2559
2609 2559
2610 2564
2611 2613
2612 2537
2613 819
2614 262
2615 257
2616 158
2617 2624
2618 2380
2619 2605
2620 2559
2621 182
2622 158
2623 158
2624 18
2625 37
2626 2559
2627 3319
2628 4071
2629 1794
2630 155
2631 46
2632 18
2633 819
2634 2379
2635 2765
2636 155
2637 4635
2638 4072
2639 3348
2640 1794
2641 2620
2642 2559
2643 2559
2644 2559
2645 2546
2646 4071
2647 95
2648 2546
2649 47
2650 2559
2651 2380
2652 2559
2653 104
2654 4274
2655 104
2656 4073
2657 1578
2658 257
2659 158
2660 46
2661 45
2662 2564
2663 45
2664 37
2665 45
2666 2620
2667 2546
2668 2546
2669 2546
2670 2546
2671 2546
2672 2559
2673 2559
2674 2559
2675 2559
2676 2546
2677 2546
2678 2546
2679 2546
2680 2559
2681 2537
2682 2559
2683 2537
2684 2559
2685 2620
2686 2559
2687 2624
2688 2546
2689 2624
2690 2546
2691 2559
2692 2559
2693 2559
2694 2537
2695 2537
2696 2559
2697 2559
2698 2559
2699 2559
2700 2559
2701 2559
2702 2559
2703 2559
2704 2537
2705 2624
2706 2624
2707 2559
2708 2537
2709 2559
2710 2559
2711 2559
2712 2546
2713 2559
2714 2546
2715 2546
2716 2546
2717 2546
2718 2559
2719 2559
2720 2546
2721 2559
2722 2546
2723 3345
2724 2435
2725 2436
2726 2358
2727 1393
2728 3346
2729 4698
2730 2236
2731 4639
2732 1393
2733 4947
2734 2428
2735 4010
2736 1612
2737 456
2738 565
2739 4667
2740 669
2741 2340
2742 2456
2743 2436
2744 4043
2745 1393
2746 4065
2747 890
2748 3140
2749 4853
2750 4065
2751 1393
2752 4070
2753 2493
2754 1392
2755 2407
2756 2956
2757 669
2758 669
2759 661
2760 852
2761 856
2762 669
2763 2236
2764 2601
2765 4947
2766 2764
2767 4681
2768 4034
2769 3975
2770 1576
2771 893
2772 3147
2773 4034
2774 4231
2775 4158
2776 3921
2777 4682
2778 3115
2779 4202
2780 4641
2781 2776
2782 2845
2783 539
2784 4201
2785 605
2786 2900
2787 1518
2788 2900
2789 4163
2790 4786
2791 4682
2792 4949
2793 4794
2794 3115
2795 539
2796 336
2797 2872
2798 4750
2799 4686
2800 4686
2801 3132
2802 2499
2803 1613
2804 4794
2805 4733
2806 4730
2807 4730
2808 4701
2809 4825
2810 4195
2811 2926
2812 4794
2813 2879
2814 4217
2815 4219
2816 2887
2817 2164
2818 2879
2819 2891
2820 4190
2821 2927
2822 4792
2823 4217
2824 4217
2825 4218
2826 4437
2827 4436
2828 2887
2829 4796
2830 4796
2831 4218
2832 4796
2833 4300
2834 4300
2835 4300
2836 4006
2837 2769
2838 2769
2839 2769
2840 4633
2841 2769
2842 2769
2843 4456
2844 4436
2845 2886
2846 4288
2847 4455
2848 4300
2849 4301
2850 4289
2851 4298
2852 4300
2853 4301
2854 2769
2855 747
2856 2769
2857 2769
2858 2769
2859 2769
2860 747
2861 747
2862 770
2863 770
2864 1440
2865 747
2866 747
2867 747
2868 747
2869 747
2870 747
2871 1423
2872 927
2873 747
2874 747
2875 747
2876 1431
2877 1422
2878 1431
2879 1436
2880 1436
2881 1436
2882 1436
2883 1422
2884 1423
2885 928
2886 1422
2887 1425
2888 928
2889 1423
2890 749
2891 749
2892 738
2893 3235
2894 749
2895 749
2896 1425
2897 3219
2898 3219
2899 749
2900 749
2901 749
2902 3245
2903 738
2904 3244
2905 459
2906 459
2907 459
2908 1652
2909 4209
2910 4438
2911 4456
2912 4455
2913 2769
2914 2769
2915 747
2916 722
2917 1422
2918 749
2919 927
2920 738
2921 3134
2922 459
2923 2769
2924 2769
2925 4289
2926 4437
2927 4288
2928 4289
2929 4300
2930 747
2931 2769
2932 2769
2933 2769
2934 2769
2935 770
2936 1436
2937 722
2938 747
2939 1436
2940 1431
2941 747
2942 747
2943 4444
2944 1485
2945 4853
2946 456
2947 456
2948 501
2949 4641
2950 4641
2951 2900
2952 2900
2953 4163
2954 4163
2955 1517
2956 459
2957 3015
2958 2954
2959 4034
2960 3002
2961 2920
2962 2854
2963 4195
2964 4730
2965 2493
2966 4070
2967 557
2968 1460
2969 4977
2970 2706
2971 4733
2972 4729
2973 4682
2974 4841
2975 4947
2976 4968
2977 795
2978 2833
2979 2833
2980 4645
2981 2822
2982 4786
2983 4163
2984 4437
2985 4794
2986 2926
2987 2926
2988 459
2989 459
2990 669
2991 669
2992 669
2993 795
2994 565
2995 565
2996 2428
2997 2954
2998 1405
2999 2436
3000 1405
3001 4070
3002 3346
3003 3989
3004 4043
3005 4044
3006 2236
3007 4071
3008 592
3009 1541
3010 2854
3011 3011
3012 4006
3013 3869
3014 3988
3015 2788
3016 852
3017 3132
3018 1393
3019 2358
3020 1485
3021 4729
3022 4730
3023 1652
3024 4195
3025 4201
3026 4729
3027 2845
3028 3172
3029 1652
3030 1761
3031 4189
3032 2878
3033 2889
3034 4290
3035 4456
3036 4301
3037 4300
3038 2769
3039 2769
3040 747
3041 747
3042 747
3043 1436
3044 1422
3045 927
3046 749
3047 738
3048 2236
3049 2236
3050 2236
3051 2227
3052 2227
3053 2236
3054 2236
3055 565
3056 456
3057 2538
3058 3972
3059 2236
3060 904
3061 1393
3062 4853
3063 4947
3064 3069
3065 1406
3066 4770
3067 4947
3068 3972
3069 852
3070 669
3071 3146
3072 4701
3073 4641
3074 4730
3075 4195
3076 2900
3077 2900
3078 2900
3079 2900
3080 852
3081 4733
3082 4201
3083 2926
3084 3147
3085 4217
3086 2872
3087 4792
3088 4217
3089 4209
3090 4796
3091 4457
3092 2769
3093 2769
3094 4633
3095 4289
3096 4437
3097 2887
3098 2886
3099 4289
3100 2769
3101 1440
3102 747
3103 1436
3104 1436
3105 1431
3106 1436
3107 1431
3108 1436
3109 1422
3110 749
3111 738
3112 1422
3113 928
3114 1425
3115 1422
3116 749
3117 1423
3118 1425
3119 3235
3120 738
3121 3219
3122 459
3123 1652
3124 1652
3125 459
3126 4687
3127 2854
3128 4150
3129 4671
3130 4686
3131 4149
3132 2822
3133 4660
3134 4301
3135 4289
3136 4437
3137 4457
3138 4751
3139 4657
3140 4841
3141 2788
3142 459
3143 2861
3144 4195
3145 4195
3146 4195
3147 2854
3148 2853
3149 669
3150 669
3151 3972
3152 2601
3153 852
3154 669
3155 2227
3156 3132
3157 4172
3158 459
3159 4163
3160 4785
3161 4785
3162 4645
3163 2887
3164 4289
3165 4447
3166 4300
3167 2769
3168 770
3169 747
3170 722
3171 928
3172 749
3173 4729
3174 2854
3175 2833
3176 1652
3177 2913
3178 459
3179 1576
3180 4069
3181 565
3182 664
3183 699
3184 4156
3185 4733
3186 4195
3187 4750
3188 456
3189 2296
3190 661
3191 456
3192 345
3193 345
3194 346
3195 1462
3196 2265
3197 2265
3198 345
3199 358
3200 357
3201 345
3202 2266
3203 1684
3204 609
3205 940
3206 940
3207 275
3208 275
3209 2265
3210 2306
3211 588
3212 653
3213 2185
3214 2173
3215 588
3216 2185
3217 2173
3218 2173
3219 588
3220 653
3221 1745
3222 1745
3223 588
3224 1745
3225 1745
3226 1745
3227 1745
3228 465
3229 2173
3230 345
3231 357
3232 357
3233 2173
3234 2185
3235 588
3236 588
3237 653
3238 465
3239 1745
3240 1745
3241 465
3242 1745
3243 1745
3244 1745
3245 316
3246 346
3247 609
3248 609
3249 1684
3250 653
3251 2158
3252 1745
3253 275
3254 346
3255 1684
3256 345
3257 1745
3258 1745
3259 609
3260 1745
3261 275
3262 2173
3263 653
3264 1745
3265 1745
3266 588
3267 1745
3268 1745
3269 1745
3270 2236
3271 1462
3272 357
3273 1745
3274 2306
3275 653
3276 275
3277 1745
3278 588
3279 2185
3280 4057
3281 3069
3282 2428
3283 2601
3284 852
3285 2236
3286 565
3287 565
3288 2306
3289 1462
3290 2173
3291 2559
3292 2559
3293 2559
3294 4072
3295 2559
3296 2620
3297 2624
3298 2947
3299 2548
3300 2613
3301 2559
3302 2546
3303 2546
3304 2546
3305 2546
3306 4846
3307 4034
3308 4034
3309 4034
3310 4671
3311 3136
3312 2559
3313 2559
3314 2559
3315 2620
3316 2559
3317 2559
3318 2546
3319 2559
3320 183
3321 4700
3322 3000
3323 3146
3324 3146
3325 4159
3326 3146
3327 4044
3328 2361
3329 1580
3330 4635
3331 262
3332 132
3333 155
3334 1627
3335 4907
3336 4907
3337 557
3338 669
3339 2458
3340 2457
3341 661
3342 1347
3343 669
3344 1347
3345 904
3346 1347
3347 669
3348 669
3349 669
3350 669
3351 669
3352 795
3353 669
3354 669
3355 565
3356 795
3357 669
3358 669
3359 669
3360 669
3361 1347
3362 795
3363 661
3364 456
3365 456
3366 661
3367 661
3368 456
3369 456
3370 592
3371 661
3372 661
3373 456
3374 661
3375 661
3376 456
3377 456
3378 456
3379 669
3380 669
3381 669
3382 661
3383 669
3384 669
3385 1347
3386 669
3387 1347
3388 795
3389 2295
3390 456
3391 456
3392 2295
3393 456
3394 2455
3395 197
3396 253
3397 661
3398 456
3399 456
3400 669
3401 669
3402 1347
3403 1347
3404 669
3405 852
3406 2236
3407 465
3408 588
3409 588
3410 2236
3411 1745
3412 588
3413 115
3414 104
3415 2306
3416 2158
3417 275
3418 2265
3419 2265
3420 2306
3421 2265
3422 2265
3423 1684
3424 1684
3425 1684
3426 1442
3427 358
3428 425
3429 425
3430 1715
3431 358
3432 425
3433 358
3434 358
3435 425
3436 1715
3437 358
3438 1715
3439 358
3440 1715
3441 1715
3442 358
3443 358
3444 358
3445 357
3446 425
3447 358
3448 3627
3449 617
3450 3627
3451 3627
3452 618
3453 618
3454 617
3455 617
3456 617
3457 1874
3458 1874
3459 3624
3460 3622
3461 3627
3462 617
3463 617
3464 1700
3465 3627
3466 3628
3467 3627
3468 617
3469 617
3470 617
3471 617
3472 425
3473 425
3474 3628
3475 617
3476 1874
3477 3622
3478 3622
3479 3622
3480 3628
3481 425
3482 618
3483 3624
3484 3622
3485 3622
3486 1874
3487 3624
3488 618
3489 3622
3490 1874
3491 1700
3492 3622
3493 3628
3494 3627
3495 618
3496 617
3497 3627
3498 618
3499 617
3500 1700
3501 617
3502 3624
3503 1874
3504 1874
3505 617
3506 1700
3507 617
3508 617
3509 425
3510 617
3511 425
3512 618
3513 618
3514 425
3515 425
3516 425
3517 425
3518 425
3519 425
3520 1874
3521 618
3522 617
3523 3622
3524 3622
3525 3622
3526 3622
3527 3628
3528 617
3529 1874
3530 3624
3531 3627
3532 1700
3533 1874
3534 3624
3535 3622
3536 1874
3537 3622
3538 3627
3539 425
3540 1874
3541 1874
3542 3622
3543 3624
3544 617
3545 3624
3546 617
3547 1874
3548 1715
3549 617
3550 425
3551 425
3552 618
3553 3622
3554 3622
3555 3622
3556 3622
3557 3624
3558 1874
3559 617
3560 617
3561 618
3562 618
3563 1874
3564 3622
3565 358
3566 1874
3567 3622
3568 3622
3569 1874
3570 1874
3571 1874
3572 1874
3573 1874
3574 1874
3575 1874
3576 1874
3577 1874
3578 1874
3579 1874
3580 1874
3581 1874
3582 1874
3583 1874
3584 1874
3585 1874
3586 1874
3587 1874
3588 1874
3589 1874
3590 1874
3591 3622
3592 3622
3593 1874
3594 3622
3595 3622
3596 3622
3597 1874
3598 1874
3599 1874
3600 3622
3601 3622
3602 3622
3603 3622
3604 1874
3605 1874
3606 1874
3607 1874
3608 1874
3609 1874
3610 1874
3611 3622
3612 1874
3613 1874
3614 1874
3615 1874
3616 1874
3617 1874
3618 1874
3619 1874
3620 3622
3621 1874
3622 1874
3623 1874
3624 1874
3625 1874
3626 1874
3627 1874
3628 1897
3629 1897
3630 1874
3631 1874
3632 1874
3633 1897
3634 1897
3635 1874
3636 1897
3637 1874
3638 1897
3639 1874
3640 1897
3641 1874
3642 1897
3643 1897
3644 1897
3645 1897
3646 1897
3647 1897
3648 1897
3649 3622
3650 1874
3651 1874
3652 1874
3653 3622
3654 3622
3655 1874
3656 3622
3657 3622
3658 3622
3659 3622
3660 3622
3661 3624
3662 3627
3663 1874
3664 1874
3665 1874
3666 3622
3667 1874
3668 1874
3669 1874
3670 1874
3671 1874
3672 1874
3673 1874
3674 3622
3675 3622
3676 1874
3677 1874
3678 1874
3679 1874
3680 1874
3681 1874
3682 1874
3683 1874
3684 1874
3685 1874
3686 1874
3687 1874
3688 1874
3689 1897
3690 1897
3691 1897
3692 1897
3693 1897
3694 1874
3695 1897
3696 1897
3697 1874
3698 1897
3699 1874
3700 1897
3701 1897
3702 1897
3703 1874
3704 1897
3705 1897
3706 1897
3707 1897
3708 1897
3709 1897
3710 1897
3711 3622
3712 3622
3713 1874
3714 1874
3715 3622
3716 3622
3717 3622
3718 3622
3719 3622
3720 3622
3721 3622
3722 3622
3723 3622
3724 3622
3725 3622
3726 3622
3727 1874
3728 3622
3729 3624
3730 3622
3731 1874
3732 3622
3733 3622
3734 3624
3735 3622
3736 3622
3737 1874
3738 1874
3739 1874
3740 1874
3741 1874
3742 1874
3743 1874
3744 1874
3745 1874
3746 1874
3747 1874
3748 1874
3749 1874
3750 1874
3751 1874
3752 1874
3753 1874
3754 1874
3755 3622
3756 3622
3757 3622
3758 3622
3759 3627
3760 3624
3761 618
3762 3627
3763 3627
3764 618
3765 3627
3766 618
3767 618
3768 618
3769 618
3770 3627
3771 3627
3772 3627
3773 3627
3774 3624
3775 3624
3776 3627
3777 3627
3778 618
3779 3624
3780 3624
3781 3624
3782 3624
3783 3624
3784 3624
3785 3624
3786 3627
3787 3627
3788 3627
3789 3627
3790 3627
3791 3624
3792 3627
3793 3624
3794 3624
3795 3624
3796 3624
3797 617
3798 3622
3799 3622
3800 3622
3801 3627
3802 3627
3803 3628
3804 3628
3805 3627
3806 3624
3807 617
3808 3627
3809 3624
3810 3627
3811 3628
3812 3627
3813 617
3814 3627
3815 618
3816 3627
3817 618
3818 618
3819 617
3820 617
3821 618
3822 618
3823 618
3824 617
3825 617
3826 617
3827 1700
3828 617
3829 617
3830 617
3831 617
3832 425
3833 618
3834 3628
3835 618
3836 46
3837 1406
3838 2620
3839 2620
3840 2559
3841 2559
3842 2559
3843 289
3844 289
3845 2236
3846 289
3847 2236
3848 2236
3849 1745
3850 289
3851 289
3852 2236
3853 289
3854 289
3855 2236
3856 2236
3857 2236
3858 2236
3859 3972
3860 3972
3861 852
3862 852
3863 852
3864 2601
3865 289
3866 852
3867 3972
3868 2538
3869 3972
3870 852
3871 3338
3872 3980
3873 2726
3874 4010
3875 4638
3876 4841
3877 3980
3878 4658
3879 3069
3880 3869
3881 4947
3882 4949
3883 4825
3884 1410
3885 1611
3886 2428
3887 2427
3888 2428
3889 2427
3890 4949
3891 4949
3892 1485
3893 1406
3894 316
3895 2306
3896 609
3897 2265
3898 1442
3899 2306
3900 284
3901 2265
3902 284
3903 284
3904 316
3905 2265
3906 2265
3907 940
3908 940
3909 609
3910 1684
3911 345
3912 609
3913 609
3914 1462
3915 1684
3916 2266
3917 609
3918 1684
3919 609
3920 345
3921 346
3922 357
3923 346
3924 345
3925 345
3926 346
3927 346
3928 345
3929 357
3930 2266
3931 346
3932 345
3933 346
3934 358
3935 358
3936 358
3937 358
3938 357
3939 357
3940 358
3941 358
3942 358
3943 358
3944 1715
3945 425
3946 1715
3947 1715
3948 1715
3949 1715
3950 1715
3951 425
3952 425
3953 358
3954 1715
3955 1715
3956 4070
3957 4907
3958 3345
3959 4891
3960 4770
3961 3345
3962 3989
3963 4907
3964 3069
3965 4947
3966 3865
3967 3069
3968 293
3969 2459
3970 4929
3971 4069
3972 892
3973 1347
3974 669
3975 852
3976 289
3977 289
3978 852
3979 1347
3980 794
3981 2493
3982 4853
3983 3069
3984 4825
3985 3140
3986 4657
3987 4682
3988 3145
3989 4689
3990 4654
3991 3972
3992 2493
3993 2457
3994 1347
3995 669
3996 2407
3997 2493
3998 2427
3999 2407
4000 1393
4001 1392
4002 4065
4003 4782
4004 3346
4005 4947
4006 4853
4007 4853
4008 4946
4009 4949
4010 2407
4011 298
4012 3990
4013 4929
4014 4070
4015 852
4016 852
4017 669
4018 1347
4019 1354
4020 2457
4021 2457
4022 1359
4023 1347
4024 4054
4025 1392
4026 669
4027 669
4028 661
4029 669
4030 669
4031 669
4032 2295
4033 669
4034 1347
4035 1347
4036 892
4037 3346
4038 4907
4039 4823
4040 3975
4041 3345
4042 2173
4043 2173
4044 588
4045 1745
4046 588
4047 653
4048 653
4049 588
4050 2173
4051 2158
4052 588
4053 284
4054 2173
4055 2173
4056 2158
4057 588
4058 2173
4059 2185
4060 2185
4061 704
4062 2158
4063 2158
4064 1347
4065 298
4066 2493
4067 3898
4068 2497
4069 3898
4070 4841
4071 4638
4072 3069
4073 2726
4074 3980
4075 2497
4076 2497
4077 2493
4078 2407
4079 2457
4080 2493
4081 4949
4082 661
4083 661
4084 664
4085 669
4086 669
4087 669
4088 872
4089 257
4090 104
4091 257
4092 262
4093 2364
4094 1533
4095 1541
4096 1485
4097 2340
4098 2845
4099 2912
4100 3147
4101 4681
4102 4172
4103 3131
4104 4681
4105 4156
4106 4700
4107 4686
4108 2821
4109 4172
4110 3131
4111 4700
4112 2845
4113 3147
4114 781
4115 3938
4116 4682
4117 4841
4118 3122
4119 4210
4120 4290
4121 2888
4122 4188
4123 2872
4124 4210
4125 2891
4126 4290
4127 4202
4128 4189
4129 4218
4130 4792
4131 4218
4132 2872
4133 4217
4134 2889
4135 2872
4136 2889
4137 4209
4138 3122
4139 2891
4140 4218
4141 4188
4142 3115
4143 2872
4144 4189
4145 4219
4146 4218
4147 4189
4148 4217
4149 4218
4150 3115
4151 4219
4152 722
4153 1436
4154 1436
4155 1436
4156 1422
4157 928
4158 1422
4159 1422
4160 1436
4161 1436
4162 1422
4163 1422
4164 1422
4165 1436
4166 1431
4167 1436
4168 1436
4169 1436
4170 1436
4171 1436
4172 722
4173 747
4174 747
4175 747
4176 747
4177 747
4178 747
4179 722
4180 1436
4181 747
4182 747
4183 747
4184 747
4185 722
4186 747
4187 747
4188 738
4189 749
4190 1422
4191 928
4192 1422
4193 1436
4194 927
4195 1422
4196 927
4197 928
4198 749
4199 1423
4200 927
4201 1423
4202 1436
4203 1422
4204 928
4205 1425
4206 928
4207 1422
4208 1425
4209 2822
4210 2815
4211 4158
4212 459
4213 2821
4214 2821
4215 2900
4216 459
4217 459
4218 2900
4219 2821
4220 4156
4221 3104
4222 2845
4223 459
4224 2900
4225 2900
4226 2815
4227 459
4228 3147
4229 3147
4230 3147
4231 3147
4232 2788
4233 4645
4234 4660
4235 4162
4236 2912
4237 2845
4238 4728
4239 4660
4240 4689
4241 4231
4242 3145
4243 3145
4244 4700
4245 4658
4246 3980
4247 4010
4248 4657
4249 4857
4250 4658
4251 4841
4252 4700
4253 3131
4254 3145
4255 3035
4256 3035
4257 3921
4258 3921
4259 262
4260 1577
4261 158
4262 2559
4263 2546
4264 2380
4265 830
4266 37
4267 262
4268 1533
4269 4778
4270 2444
4271 4847
4272 4825
4273 3231
4274 3244
4275 3231
4276 3250
4277 3245
4278 3244
4279 3236
4280 3235
4281 3235
4282 3235
4283 3235
4284 3244
4285 3250
4286 3250
4287 3250
4288 3250
4289 3250
4290 3250
4291 3250
4292 3250
4293 3250
4294 3250
4295 3841
4296 3049
4297 3841
4298 3236
4299 3250
4300 3250
4301 3250
4302 1787
4303 1787
4304 1787
4305 3052
4306 1787
4307 1787
4308 1787
4309 1787
4310 1787
4311 1787
4312 1787
4313 1787
4314 1787
4315 1787
4316 1787
4317 1787
4318 1787
4319 1787
4320 1787
4321 1787
4322 1787
4323 1787
4324 1787
4325 1787
4326 1787
4327 1787
4328 1787
4329 3052
4330 1787
4331 1787
4332 1787
4333 3052
4334 1787
4335 3052
4336 3052
4337 3052
4338 3052
4339 3052
4340 1787
4341 3052
4342 1787
4343 1787
4344 1787
4345 3052
4346 1787
4347 1787
4348 3052
4349 1787
4350 1787
4351 1787
4352 1787
4353 1787
4354 1787
4355 1787
4356 1787
4357 1787
4358 1787
4359 1787
4360 1787
4361 1787
4362 1787
4363 1787
4364 1787
4365 1787
4366 1787
4367 3052
4368 3052
4369 1787
4370 1787
4371 1787
4372 1787
4373 1787
4374 1787
4375 3052
4376 1787
4377 1787
4378 1787
4379 3052
4380 3052
4381 3052
4382 3052
4383 3052
4384 3052
4385 3052
4386 1787
4387 1787
4388 1787
4389 3052
4390 3052
4391 3052
4392 3052
4393 3052
4394 3052
4395 3052
4396 3052
4397 3052
4398 3052
4399 1787
4400 1787
4401 1787
4402 1787
4403 1787
4404 1787
4405 1787
4406 1787
4407 1787
4408 1787
4409 1787
4410 1787
4411 1787
4412 1787
4413 1787
4414 1787
4415 1787
4416 1787
4417 3052
4418 1787
4419 3052
4420 3052
4421 3052
4422 1787
4423 3052
4424 1787
4425 1787
4426 1787
4427 1787
4428 1787
4429 1787
4430 1787
4431 1787
4432 1787
4433 1787
4434 1787
4435 1787
4436 1787
4437 1787
4438 1787
4439 1787
4440 1787
4441 3052
4442 3052
4443 1787
4444 1787
4445 3052
4446 3052
4447 3052
4448 3236
4449 3235
4450 3236
4451 3236
4452 3244
4453 3244
4454 3244
4455 3245
4456 3268
4457 3245
4458 3244
4459 3235
4460 3235
4461 3244
4462 749
4463 3235
4464 3235
4465 3236
4466 3235
4467 3049
4468 3053
4469 3236
4470 3053
4471 3841
4472 3841
4473 3250
4474 3844
4475 3053
4476 3053
4477 3053
4478 3053
4479 3053
4480 3049
4481 3236
4482 3052
4483 3052
4484 3052
4485 3052
4486 3052
4487 3052
4488 3052
4489 3053
4490 3052
4491 3053
4492 3053
4493 3052
4494 3052
4495 3052
4496 3052
4497 3052
4498 3053
4499 3052
4500 3052
4501 3052
4502 3052
4503 3052
4504 3053
4505 3053
4506 3053
4507 3053
4508 3053
4509 3053
4510 3053
4511 3053
4512 3053
4513 3053
4514 3053
4515 3053
4516 3053
4517 3053
4518 3053
4519 3053
4520 3053
4521 3053
4522 3053
4523 3053
4524 3053
4525 3053
4526 3053
4527 3053
4528 3053
4529 3053
4530 3053
4531 3053
4532 3053
4533 3053
4534 3413
4535 3413
4536 3413
4537 3413
4538 3053
4539 3413
4540 3053
4541 3053
4542 3053
4543 3053
4544 3053
4545 3052
4546 3053
4547 3053
4548 3053
4549 3053
4550 3053
4551 3053
4552 3053
4553 3053
4554 3053
4555 3053
4556 3053
4557 3053
4558 3053
4559 3052
4560 3053
4561 3053
4562 3053
4563 3053
4564 3053
4565 3053
4566 3053
4567 3053
4568 3053
4569 3053
4570 3053
4571 3053
4572 3053
4573 3053
4574 3053
4575 3053
4576 3053
4577 3053
4578 3053
4579 3053
4580 3053
4581 3053
4582 3053
4583 3053
4584 3053
4585 3053
4586 3053
4587 3053
4588 3053
4589 3053
4590 3053
4591 3053
4592 3053
4593 3053
4594 3413
4595 3053
4596 3053
4597 3413
4598 3413
4599 3413
4600 3844
4601 3413
4602 3053
4603 3053
4604 3053
4605 3052
4606 3053
4607 3053
4608 3053
4609 3053
4610 3053
4611 3053
4612 3053
4613 3053
4614 3053
4615 3053
4616 3053
4617 3053
4618 3053
4619 3053
4620 3053
4621 3053
4622 3053
4623 3053
4624 3053
4625 3053
4626 3053
4627 3053
4628 3053
4629 3053
4630 3053
4631 3053
4632 3053
4633 3053
4634 3053
4635 3053
4636 3053
4637 3053
4638 3053
4639 3053
4640 3053
4641 3053
4642 3053
4643 3052
4644 3052
4645 3052
4646 3052
4647 3052
4648 3052
4649 3052
4650 3052
4651 3052
4652 3052
4653 3052
4654 3052
4655 3052
4656 3052
4657 3052
4658 3052
4659 3052
4660 3052
4661 3052
4662 3052
4663 3052
4664 3052
4665 3052
4666 3052
4667 3052
4668 3052
4669 3052
4670 3052
4671 3052
4672 3052
4673 3052
4674 3052
4675 3052
4676 3052
4677 3052
4678 3052
4679 3052
4680 3841
4681 3250
4682 3250
4683 3841
4684 3841
4685 3053
4686 3053
4687 3053
4688 3053
4689 3053
4690 3053
4691 3053
4692 3053
4693 3053
4694 669
4695 456
4696 456
4697 4034
4698 747
4699 747
4700 747
4701 747
4702 747
4703 3132
4704 4201
4705 4179
4706 4209
4707 4671
4708 2891
4709 2769
4710 747
4711 2769
4712 4455
4713 4444
4714 4641
4715 4301
4716 2769
4717 4671
4718 4150
4719 4195
4720 4201
4721 4010
4722 2878
4723 4210
4724 4290
4725 4729
4726 3145
4727 3145
4728 4651
4729 336
4730 539
4731 2164
4732 2888
4733 2878
4734 4437
4735 4447
4736 2769
4737 2769
4738 747
4739 2769
4740 2769
4741 4457
4742 4301
4743 2912
4744 4730
4745 4201
4746 4641
4747 3132
4748 4219
4749 2887
4750 4158
4751 3145
4752 3145
4753 747
4754 747
4755 3869
4756 4857
4757 4841
4758 2824
4759 3104
4760 2845
4761 4749
4762 2912
4763 459
4764 3147
4765 459
4766 459
4767 459
4768 459
4769 4156
4770 459
4771 1652
4772 4749
4773 2831
4774 4729
4775 459
4776 459
4777 2844
4778 3135
4779 459
4780 2821
4781 4172
4782 3147
4783 3147
4784 2845
4785 2918
4786 4905
4787 2821
4788 4638
4789 4949
4790 4219
4791 4299
4792 4301
4793 2769
4794 1440
4795 3219
4796 459
4797 4436
4798 747
4799 2900
4800 459
4801 2900
4802 4729
4803 1347
4804 4730
4805 4729
4806 4729
4807 1354
4808 4733
4809 4733
4810 2872
4811 4217
4812 4792
4813 2886
4814 1431
4815 1436
4816 459
4817 1652
4818 459
4819 3980
4820 459
4821 795
4822 4436
4823 4437
4824 4301
4825 4300
4826 2769
4827 747
4828 747
4829 1436
4830 1422
4831 749
4832 3990
4833 669
4834 669
4835 669
4836 4825
4837 4947
4838 2764
4839 2493
4840 4057
4841 2706
4842 852
4843 2845
4844 4681
4845 3131
4846 2878
4847 2927
4848 4188
4849 4189
4850 3115
4851 1436
4852 1436
4853 1436
4854 747
4855 747
4856 928
4857 1425
4858 1518
4859 459
4860 4231
4861 4689
4862 749
4863 3250
4864 3250
4865 3268
4866 3250
4867 3244
4868 3841
4869 3250
4870 3053
4871 3053
4872 3053
4873 3053
4874 3053
4875 3053
4876 3053
4877 3053
4878 3053
4879 3053
4880 3841
4881 2821
4882 459
4883 459
4884 459
4885 2358
4886 890
4887 854
4888 4638
4889 3132
4890 4159
4891 2455
4892 2814
4893 2814
4894 4929
4895 2954
4896 227
4897 2474
4898 1410
4899 892
4900 3346
4901 4654
4902 4070
4903 856
4904 2364
4905 4645
4906 4660
4907 3145
4908 3146
4909 3147
4910 47
4911 4277
4912 2546
4913 2546
4914 2546
4915 2546
4916 2559
4917 2559
4918 2559
4919 2559
4920 2546
4921 2559
4922 2546
4923 2624
4924 2624
4925 2559
4926 2537
4927 2537
4928 2537
4929 2456
4930 1393
4931 2340
4932 1492
4933 565
4934 1393
4935 565
4936 892
4937 1347
4938 1500
4939 1393
4940 565
4941 1393
4942 4698
4943 4695
4944 1393
4945 1347
4946 892
4947 592
4948 197
4949 253
4950 253
4951 2364
4952 1626
4953 2427
4954 4098
4955 2459
4956 565
4957 3869
4958 1347
4959 4065
4960 4853
4961 4098
4962 4977
4963 2407
4964 2402
4965 2402
4966 4065
4967 557
4968 4947
4969 1492
4970 557
4971 2462
4972 1611
4973 2482
4974 2493
4975 2482
4976 2427
4977 4949
4978 3869
4979 4658
4980 4654
4981 1406
4982 2726
4983 2726
4984 2726
4985 2497
4986 2425
4987 2459
4988 2358
4989 516
4990 3145
4991 2457
4992 4645
4993 4657
4994 4641
4995 781
4996 2096
4997 2096
4998 2096
4999 2096
