0 1870
1 1870
2 2660
3 2660
4 2660
5 139
6 2660
7 2660
8 1872
9 66
10 4137
11 4311
12 1870
13 1870
14 1870
15 1870
16 1694
17 23
18 59
19 1870
20 39
21 21
22 23
23 60
24 831
25 87
26 132
27 1870
28 2499
29 26
30 62
31 145
32 828
33 828
34 140
35 31
36 33
37 62
38 139
39 1870
40 1870
41 1870
42 118
43 132
44 62
45 1870
46 1870
47 0
48 102
49 962
50 67
51 56
52 45
53 53
54 132
55 2499
56 2722
57 1693
58 66
59 126
60 831
61 36
62 122
63 146
64 4310
65 2660
66 2660
67 1870
68 1870
69 66
70 66
71 58
72 1870
73 1870
74 1870
75 2660
76 2729
77 132
78 2681
79 849
80 46
81 67
82 22
83 30
84 31
85 56
86 56
87 132
88 2681
89 132
90 26
91 2681
92 72
93 2681
94 132
95 2729
96 84
97 23
98 72
99 2606
100 101
101 1693
102 139
103 201
104 1870
105 2722
106 2660
107 2660
108 2700
109 2660
110 1866
111 1870
112 132
113 63
114 828
115 1870
116 114
117 2660
118 1870
119 1870
120 2660
121 2660
122 114
123 2660
124 2660
125 101
126 1695
127 36
128 39
129 132
130 132
131 2681
132 2722
133 1695
134 134
135 1870
136 139
137 1870
138 132
139 1870
140 148
141 23
142 4137
143 18
144 1866
145 33
146 146
147 4310
148 116
149 2660
150 2660
151 1870
152 49
153 1870
154 1870
155 139
156 1870
157 849
158 14
159 849
160 14
161 849
162 53
163 838
164 55
165 55
166 87
167 849
168 849
169 849
170 14
171 2499
172 2499
173 2499
174 2499
175 849
176 22
177 17
178 132
179 132
180 35
181 838
182 838
183 838
184 838
185 2681
186 132
187 132
188 132
189 132
190 132
191 26
192 87
193 26
194 132
195 55
196 55
197 26
198 87
199 35
200 87
201 87
202 87
203 55
204 53
205 838
206 838
207 838
208 849
209 849
210 849
211 838
212 26
213 2498
214 55
215 26
216 2499
217 520
218 593
219 219
220 2525
221 2487
222 222
223 1426
224 273
225 2576
226 1612
227 2580
228 320
229 284
230 2546
231 810
232 853
233 509
234 321
235 2484
236 236
237 1541
238 1587
239 2488
240 1627
241 1627
242 1854
243 2385
244 1670
245 1614
246 1615
247 1458
248 1594
249 249
250 1559
251 958
252 1559
253 1598
254 482
255 2563
256 1613
257 257
258 2527
259 247
260 1683
261 1458
262 248
263 1594
264 1559
265 2487
266 1559
267 1559
268 959
269 1636
270 2427
271 929
272 272
273 1578
274 274
275 1648
276 602
277 721
278 278
279 1648
280 280
281 281
282 282
283 4995
284 284
285 680
286 322
287 454
288 288
289 2430
290 290
291 2305
292 292
293 2333
294 2354
295 2333
296 2354
297 2356
298 298
299 299
300 300
301 477
302 286
303 322
304 2306
305 305
306 2280
307 680
308 696
309 2283
310 2279
311 311
312 312
313 316
314 4821
315 3100
316 1735
317 1737
318 4821
319 1735
320 284
321 321
322 322
323 323
324 324
325 325
326 2298
327 1748
328 328
329 329
330 330
331 730
332 730
333 670
334 1754
335 620
336 336
337 330
338 338
339 339
340 340
341 341
342 342
343 343
344 2372
345 345
346 346
347 347
348 368
349 349
350 2311
351 351
352 346
353 2285
354 354
355 355
356 630
357 495
358 358
359 359
360 360
361 361
362 362
363 362
364 364
365 365
366 366
367 367
368 367
369 370
370 370
371 384
372 372
373 634
374 633
375 375
376 376
377 377
378 378
379 2327
380 2277
381 381
382 382
383 383
384 384
385 385
386 386
387 387
388 388
389 389
390 390
391 391
392 392
393 709
394 394
395 395
396 396
397 397
398 1796
399 399
400 400
401 401
402 402
403 403
404 404
405 405
406 567
407 407
408 400
409 399
410 1831
411 411
412 414
413 414
414 2340
415 2297
416 305
417 2299
418 449
419 419
420 420
421 705
422 448
423 423
424 424
425 425
426 426
427 2364
428 2316
429 2316
430 2345
431 431
432 432
433 667
434 434
435 435
436 436
437 370
438 2313
439 439
440 440
441 367
442 2411
443 443
444 444
445 445
446 446
447 383
448 448
449 449
450 825
451 594
452 2554
453 918
454 454
455 530
456 490
457 2354
458 2354
459 2354
460 2345
461 2345
462 462
463 2724
464 413
465 676
466 2351
467 467
468 2318
469 281
470 470
471 471
472 472
473 2449
474 474
475 1557
476 467
477 477
478 478
479 479
480 480
481 482
482 1614
483 243
484 484
485 1594
486 1598
487 958
488 2365
489 2365
490 2333
491 2331
492 2364
493 2331
494 2331
495 495
496 2369
497 496
498 2383
499 476
500 1761
501 2403
502 2345
503 1559
504 250
505 584
506 1690
507 881
508 509
509 510
510 1559
511 1475
512 1473
513 513
514 218
515 516
516 1479
517 1650
518 518
519 519
520 1699
521 522
522 522
523 2482
524 524
525 658
526 431
527 527
528 528
529 529
530 309
531 531
532 2554
533 533
534 2529
535 2428
536 4821
537 3100
538 4821
539 1735
540 613
541 678
542 2300
543 717
544 4792
545 728
546 545
547 552
548 3162
549 2359
550 3254
551 655
552 655
553 2305
554 1727
555 1733
556 2308
557 624
558 2288
559 2310
560 431
561 353
562 438
563 2277
564 1788
565 381
566 1767
567 567
568 574
569 817
570 571
571 575
572 1426
573 1426
574 1426
575 575
576 576
577 2428
578 918
579 1556
580 1451
581 1419
582 817
583 2559
584 1623
585 1636
586 725
587 1589
588 1458
589 1596
590 1612
591 591
592 1472
593 593
594 1571
595 1571
596 575
597 1627
598 1627
599 1627
600 1568
601 2428
602 602
603 1705
604 2283
605 2283
606 2294
607 2318
608 2354
609 2356
610 4821
611 1735
612 614
613 1735
614 1734
615 613
616 312
617 224
618 1738
619 335
620 620
621 2396
622 622
623 2439
624 624
625 358
626 626
627 627
628 355
629 629
630 630
631 631
632 632
633 633
634 634
635 635
636 390
637 637
638 1765
639 1794
640 390
641 1768
642 1796
643 400
644 708
645 645
646 646
647 708
648 397
649 1796
650 399
651 651
652 675
653 2387
654 2387
655 3203
656 3254
657 3202
658 658
659 1822
660 2293
661 2293
662 2289
663 2293
664 2289
665 696
666 624
667 667
668 668
669 2288
670 1753
671 2438
672 1466
673 1572
674 2345
675 2365
676 2294
677 679
678 2318
679 468
680 680
681 525
682 2361
683 509
684 510
685 509
686 1627
687 687
688 688
689 688
690 688
691 817
692 817
693 1418
694 568
695 1624
696 312
697 3111
698 552
699 2324
700 344
701 701
702 495
703 346
704 633
705 705
706 2413
707 387
708 708
709 709
710 4817
711 4776
712 712
713 719
714 1831
715 712
716 719
717 3255
718 4791
719 4776
720 4775
721 721
722 514
723 1589
724 818
725 693
726 3379
727 727
728 281
729 2318
730 2304
731 1426
732 247
733 816
734 1437
735 1438
736 1514
737 737
738 1518
739 1489
740 740
741 971
742 742
743 743
744 1514
745 745
746 1496
747 747
748 783
749 770
750 770
751 751
752 964
753 756
754 964
755 1661
756 756
757 749
758 772
759 960
760 1661
761 1661
762 573
763 786
764 959
765 960
766 959
767 767
768 768
769 769
770 770
771 965
772 772
773 960
774 959
775 1658
776 959
777 959
778 959
779 779
780 756
781 789
782 971
783 783
784 1658
785 785
786 1423
787 965
788 1518
789 789
790 790
791 774
792 792
793 959
794 787
795 1661
796 787
797 959
798 806
799 774
800 779
801 801
802 960
803 964
804 756
805 772
806 1661
807 964
808 964
809 222
810 245
811 1589
812 2562
813 1427
814 814
815 2562
816 814
817 575
818 571
819 575
820 1682
821 247
822 1661
823 745
824 772
825 222
826 849
827 55
828 858
829 55
830 1400
831 828
832 60
833 61
834 834
835 53
836 2499
837 838
838 849
839 528
840 1648
841 841
842 842
843 3110
844 838
845 838
846 838
847 37
848 132
849 849
850 55
851 851
852 1857
853 853
854 854
855 855
856 856
857 857
858 528
859 1695
860 859
861 1693
862 8
863 66
864 2660
865 279
866 1550
867 867
868 2534
869 869
870 1628
871 2425
872 2429
873 1627
874 927
875 1627
876 2576
877 2429
878 1627
879 921
880 867
881 509
882 881
883 509
884 1690
885 881
886 509
887 958
888 958
889 1627
890 1627
891 2527
892 1683
893 887
894 510
895 900
896 887
897 505
898 510
899 509
900 1559
901 887
902 1559
903 1559
904 580
905 1440
906 587
907 907
908 2527
909 918
910 918
911 918
912 912
913 817
914 2527
915 2527
916 1590
917 1590
918 1591
919 1682
920 1690
921 2427
922 921
923 817
924 929
925 1627
926 601
927 867
928 1636
929 1636
930 929
931 1627
932 2538
933 511
934 511
935 810
936 587
937 2483
938 2539
939 1451
940 2546
941 811
942 732
943 881
944 1559
945 1559
946 958
947 958
948 1559
949 958
950 958
951 929
952 2427
953 1627
954 1636
955 1416
956 959
957 772
958 1636
959 959
960 960
961 66
962 4137
963 756
964 964
965 965
966 1666
967 967
968 740
969 1488
970 970
971 971
972 782
973 1482
974 751
975 986
976 975
977 976
978 986
979 1091
980 988
981 981
982 982
983 991
984 986
985 985
986 986
987 1521
988 976
989 1091
990 1516
991 991
992 1523
993 993
994 1536
995 995
996 1049
997 1044
998 1212
999 1036
1000 1362
1001 1043
1002 1054
1003 1387
1004 1060
1005 1000
1006 1025
1007 1391
1008 1183
1009 1387
1010 1056
1011 1087
1012 1049
1013 1044
1014 1049
1015 1054
1016 1531
1017 1060
1018 1533
1019 1362
1020 1043
1021 1116
1022 1112
1023 1210
1024 1391
1025 1042
1026 1000
1027 1042
1028 1325
1029 1140
1030 1183
1031 1392
1032 1038
1033 1160
1034 1183
1035 1183
1036 1391
1037 1041
1038 1042
1039 1031
1040 1038
1041 1392
1042 1004
1043 1533
1044 1049
1045 1362
1046 1183
1047 1183
1048 1183
1049 1531
1050 1362
1051 1049
1052 1061
1053 1049
1054 1061
1055 1387
1056 1060
1057 1527
1058 988
1059 994
1060 994
1061 1058
1062 1530
1063 1319
1064 1051
1065 1043
1066 1088
1067 1067
1068 1183
1069 1048
1070 1054
1071 1183
1072 1174
1073 1308
1074 1290
1075 980
1076 1183
1077 1082
1078 1286
1079 1183
1080 1287
1081 1319
1082 1391
1083 1183
1084 1183
1085 1183
1086 1141
1087 1394
1088 1212
1089 1393
1090 1183
1091 984
1092 1394
1093 980
1094 1531
1095 1362
1096 1267
1097 1039
1098 1211
1099 1008
1100 1099
1101 1183
1102 1061
1103 1051
1104 1044
1105 1324
1106 1325
1107 993
1108 1183
1109 1325
1110 1303
1111 1183
1112 1183
1113 1183
1114 1183
1115 1183
1116 1183
1117 1183
1118 1183
1119 1183
1120 1183
1121 1183
1122 1183
1123 1183
1124 1183
1125 1183
1126 1183
1127 1183
1128 1183
1129 1183
1130 1183
1131 1183
1132 1129
1133 1183
1134 1008
1135 1129
1136 1111
1137 1140
1138 1122
1139 1129
1140 1183
1141 1183
1142 1183
1143 1183
1144 1255
1145 1183
1146 1140
1147 1183
1148 1183
1149 1303
1150 1183
1151 1183
1152 1183
1153 1183
1154 1183
1155 1183
1156 1183
1157 1183
1158 1183
1159 1183
1160 1183
1161 1183
1162 1183
1163 1183
1164 1183
1165 1183
1166 1141
1167 1183
1168 1183
1169 1183
1170 1183
1171 1183
1172 1183
1173 1183
1174 1183
1175 1183
1176 1183
1177 1183
1178 1183
1179 1183
1180 1183
1181 1183
1182 1183
1183 1183
1184 1183
1185 1183
1186 1183
1187 1183
1188 1183
1189 1183
1190 1183
1191 1183
1192 1183
1193 1183
1194 1183
1195 1183
1196 1183
1197 1008
1198 1183
1199 1319
1200 1183
1201 1177
1202 1171
1203 1319
1204 1183
1205 1140
1206 1122
1207 1255
1208 1183
1209 1171
1210 1210
1211 1039
1212 1044
1213 1183
1214 1183
1215 1185
1216 1183
1217 1220
1218 1278
1219 1183
1220 1183
1221 1183
1222 1183
1223 1183
1224 1183
1225 1183
1226 1258
1227 1319
1228 1183
1229 1183
1230 1183
1231 1183
1232 1183
1233 1183
1234 1183
1235 1183
1236 1234
1237 1183
1238 1185
1239 1183
1240 1183
1241 1183
1242 1183
1243 1183
1244 1183
1245 1183
1246 1183
1247 1183
1248 1183
1249 1183
1250 1183
1251 1183
1252 1183
1253 1183
1254 1183
1255 1183
1256 1183
1257 1183
1258 1183
1259 1183
1260 1183
1261 1255
1262 1175
1263 1185
1264 1255
1265 1183
1266 1299
1267 1294
1268 1326
1269 1179
1270 1255
1271 1286
1272 1290
1273 1287
1274 1007
1275 1289
1276 1286
1277 1319
1278 1319
1279 1175
1280 1242
1281 1275
1282 1290
1283 1196
1284 1294
1285 1258
1286 1258
1287 1277
1288 1184
1289 1038
1290 1007
1291 1319
1292 1275
1293 1319
1294 1185
1295 1185
1296 1191
1297 1183
1298 1183
1299 1183
1300 1183
1301 1183
1302 1183
1303 1183
1304 1183
1305 1183
1306 1183
1307 1183
1308 1183
1309 1185
1310 1185
1311 1185
1312 1183
1313 1185
1314 1183
1315 1183
1316 1183
1317 1183
1318 1183
1319 1183
1320 1289
1321 1326
1322 1290
1323 1082
1324 1007
1325 1039
1326 1325
1327 1373
1328 1044
1329 1044
1330 1070
1331 1087
1332 1087
1333 1044
1334 1051
1335 1053
1336 1382
1337 1087
1338 1092
1339 1092
1340 1064
1341 1335
1342 1330
1343 1382
1344 1335
1345 1330
1346 1064
1347 1330
1348 1330
1349 1340
1350 1064
1351 1340
1352 1092
1353 1382
1354 1382
1355 1382
1356 1064
1357 1335
1358 1064
1359 1335
1360 1345
1361 1335
1362 1393
1363 1287
1364 1326
1365 1038
1366 1373
1367 1025
1368 1042
1369 1391
1370 1392
1371 1039
1372 1007
1373 1025
1374 1049
1375 1042
1376 1031
1377 1000
1378 1044
1379 1041
1380 1044
1381 1070
1382 1042
1383 1394
1384 1362
1385 1049
1386 1004
1387 1043
1388 1056
1389 1056
1390 1004
1391 1049
1392 1043
1393 1531
1394 1056
1395 1394
1396 1042
1397 1870
1398 1870
1399 236
1400 2729
1401 31
1402 53
1403 87
1404 132
1405 87
1406 1409
1407 1426
1408 1557
1409 1416
1410 1417
1411 1416
1412 1426
1413 1557
1414 1580
1415 1557
1416 1416
1417 1417
1418 575
1419 1418
1420 575
1421 1409
1422 1426
1423 959
1424 1424
1425 1416
1426 1426
1427 1427
1428 1428
1429 1429
1430 1428
1431 1559
1432 688
1433 1559
1434 2427
1435 1636
1436 1446
1437 814
1438 1438
1439 816
1440 816
1441 958
1442 1627
1443 1635
1444 1627
1445 575
1446 1557
1447 2561
1448 1598
1449 2561
1450 575
1451 817
1452 575
1453 1556
1454 1458
1455 816
1456 1458
1457 2561
1458 814
1459 1623
1460 479
1461 1461
1462 1462
1463 1463
1464 1573
1465 1465
1466 1466
1467 1571
1468 1466
1469 1469
1470 1572
1471 2489
1472 2542
1473 2543
1474 1473
1475 246
1476 1611
1477 1476
1478 1478
1479 1479
1480 1480
1481 1488
1482 740
1483 1483
1484 751
1485 751
1486 751
1487 970
1488 1488
1489 1480
1490 740
1491 1485
1492 1483
1493 1493
1494 1496
1495 1495
1496 1496
1497 742
1498 1498
1499 1495
1500 1483
1501 779
1502 783
1503 747
1504 1504
1505 1505
1506 1506
1507 1507
1508 1508
1509 742
1510 1508
1511 1514
1512 801
1513 742
1514 1514
1515 1508
1516 1516
1517 1516
1518 1518
1519 1519
1520 1520
1521 1521
1522 1522
1523 1523
1524 1524
1525 1524
1526 1526
1527 988
1528 991
1529 1529
1530 1536
1531 980
1532 1091
1533 988
1534 975
1535 975
1536 976
1537 1536
1538 1538
1539 4712
1540 1541
1541 1874
1542 1542
1543 1543
1544 479
1545 1571
1546 1466
1547 1572
1548 1544
1549 1549
1550 2367
1551 866
1552 472
1553 2429
1554 1625
1555 2428
1556 1417
1557 1417
1558 2427
1559 1627
1560 1627
1561 1627
1562 1627
1563 1627
1564 958
1565 958
1566 958
1567 1613
1568 1614
1569 2384
1570 1570
1571 1571
1572 1572
1573 1573
1574 1574
1575 1578
1576 2326
1577 1846
1578 1578
1579 851
1580 1557
1581 1581
1582 877
1583 1627
1584 1627
1585 929
1586 1628
1587 1612
1588 1614
1589 1613
1590 2556
1591 1613
1592 814
1593 2556
1594 2561
1595 2561
1596 1458
1597 688
1598 2561
1599 2561
1600 2564
1601 2564
1602 688
1603 2565
1604 2534
1605 2534
1606 2574
1607 1619
1608 2487
1609 272
1610 480
1611 480
1612 1569
1613 1614
1614 1614
1615 1615
1616 1614
1617 2425
1618 1581
1619 1618
1620 1633
1621 244
1622 1649
1623 1557
1624 1557
1625 1636
1626 1627
1627 1636
1628 1628
1629 871
1630 2429
1631 929
1632 2429
1633 1581
1634 1629
1635 929
1636 1623
1637 1638
1638 927
1639 1645
1640 1552
1641 1625
1642 511
1643 938
1644 867
1645 472
1646 2487
1647 2488
1648 1648
1649 1649
1650 4093
1651 965
1652 772
1653 756
1654 1661
1655 1661
1656 1666
1657 756
1658 772
1659 803
1660 770
1661 1658
1662 787
1663 787
1664 785
1665 785
1666 1666
1667 1661
1668 2534
1669 1619
1670 1586
1671 257
1672 1674
1673 1673
1674 1674
1675 1876
1676 4295
1677 1469
1678 1678
1679 1679
1680 1477
1681 1681
1682 2517
1683 589
1684 1596
1685 1683
1686 247
1687 1690
1688 1690
1689 1690
1690 881
1691 1596
1692 2518
1693 4310
1694 4304
1695 4144
1696 4310
1697 2660
1698 1698
1699 4315
1700 1700
1701 1700
1702 1701
1703 1822
1704 2361
1705 1705
1706 1706
1707 1832
1708 276
1709 276
1710 1710
1711 1705
1712 1832
1713 1713
1714 4157
1715 1715
1716 2431
1717 1717
1718 1718
1719 1717
1720 1832
1721 1716
1722 1722
1723 1723
1724 1724
1725 299
1726 1726
1727 1727
1728 2299
1729 1726
1730 291
1731 1731
1732 1732
1733 1733
1734 334
1735 1734
1736 1754
1737 1760
1738 2396
1739 2439
1740 1740
1741 1741
1742 1742
1743 329
1744 2282
1745 330
1746 1746
1747 1726
1748 1748
1749 623
1750 2281
1751 2436
1752 730
1753 2438
1754 303
1755 1755
1756 2439
1757 2306
1758 1758
1759 1759
1760 2371
1761 1760
1762 621
1763 1763
1764 1775
1765 1765
1766 1766
1767 1767
1768 1767
1769 1769
1770 1770
1771 390
1772 1772
1773 1773
1774 1774
1775 1775
1776 637
1777 1777
1778 389
1779 1779
1780 1780
1781 1781
1782 1782
1783 1783
1784 1784
1785 2328
1786 444
1787 1787
1788 1788
1789 1789
1790 380
1791 639
1792 1792
1793 1786
1794 1794
1795 1792
1796 1796
1797 394
1798 708
1799 1799
1800 1801
1801 1801
1802 1802
1803 565
1804 708
1805 1805
1806 382
1807 1807
1808 1808
1809 1809
1810 1810
1811 1811
1812 1802
1813 1801
1814 1814
1815 2324
1816 2342
1817 1818
1818 1818
1819 2333
1820 2354
1821 490
1822 1822
1823 1818
1824 2334
1825 2334
1826 1822
1827 413
1828 2364
1829 2331
1830 2354
1831 4775
1832 1818
1833 1833
1834 1834
1835 2467
1836 1836
1837 660
1838 308
1839 2289
1840 455
1841 1838
1842 469
1843 289
1844 2480
1845 1845
1846 1849
1847 1847
1848 853
1849 1849
1850 1850
1851 2449
1852 1852
1853 1853
1854 1854
1855 1855
1856 4302
1857 853
1858 602
1859 2326
1860 2320
1861 856
1862 1862
1863 1863
1864 1870
1865 1865
1866 1866
1867 2681
1868 1868
1869 1870
1870 1870
1871 1870
1872 4311
1873 1873
1874 1874
1875 1831
1876 1876
1877 1877
1878 2044
1879 1879
1880 2455
1881 2044
1882 1882
1883 1885
1884 2054
1885 1886
1886 2048
1887 2054
1888 2044
1889 2043
1890 2044
1891 2057
1892 2043
1893 1892
1894 2043
1895 1903
1896 1895
1897 1893
1898 1884
1899 2068
1900 2059
1901 1900
1902 2039
1903 1892
1904 1893
1905 1893
1906 1952
1907 1952
1908 1952
1909 1952
1910 1952
1911 1952
1912 1952
1913 1952
1914 1952
1915 1952
1916 1952
1917 1952
1918 1952
1919 1952
1920 1952
1921 1952
1922 1952
1923 1952
1924 1952
1925 1952
1926 1952
1927 1952
1928 1952
1929 1952
1930 1952
1931 1952
1932 1952
1933 1952
1934 1952
1935 1952
1936 1996
1937 1952
1938 1952
1939 1952
1940 1952
1941 1952
1942 1952
1943 1952
1944 1952
1945 1952
1946 1952
1947 1952
1948 1952
1949 1952
1950 1952
1951 1952
1952 1952
1953 1952
1954 1952
1955 1952
1956 1952
1957 1952
1958 1952
1959 1952
1960 1952
1961 1952
1962 1952
1963 1952
1964 1952
1965 1952
1966 1952
1967 1952
1968 1952
1969 1952
1970 1952
1971 1952
1972 1952
1973 1952
1974 1952
1975 1952
1976 1952
1977 1952
1978 1952
1979 1952
1980 1952
1981 1952
1982 1952
1983 1952
1984 1952
1985 1952
1986 1952
1987 1952
1988 1952
1989 1952
1990 1952
1991 1985
1992 2037
1993 1952
1994 1952
1995 1952
1996 1952
1997 1952
1998 1952
1999 1952
2000 1952
2001 1952
2002 1952
2003 1952
2004 1952
2005 1952
2006 1952
2007 1952
2008 1952
2009 1952
2010 1952
2011 1952
2012 1952
2013 1952
2014 1952
2015 1952
2016 1952
2017 1952
2018 1952
2019 1952
2020 1952
2021 1952
2022 1952
2023 1952
2024 1952
2025 1952
2026 1952
2027 1952
2028 1952
2029 1952
2030 1952
2031 1952
2032 1952
2033 1952
2034 1952
2035 1952
2036 1952
2037 1952
2038 2014
2039 2054
2040 1886
2041 2054
2042 2042
2043 1890
2044 2044
2045 2455
2046 1883
2047 2047
2048 2048
2049 1885
2050 1880
2051 2051
2052 2052
2053 1890
2054 2055
2055 2049
2056 2057
2057 2059
2058 2068
2059 2041
2060 2061
2061 1895
2062 2261
2063 2258
2064 2056
2065 2271
2066 2067
2067 2064
2068 2041
2069 2049
2070 2097
2071 2255
2072 2257
2073 2073
2074 2250
2075 2072
2076 2076
2077 2038
2078 2078
2079 2153
2080 2243
2081 2081
2082 2071
2083 2017
2084 2223
2085 2085
2086 2085
2087 2224
2088 2223
2089 2012
2090 2090
2091 1939
2092 2242
2093 2134
2094 2095
2095 2133
2096 2096
2097 2095
2098 2189
2099 2102
2100 2193
2101 2154
2102 2133
2103 2267
2104 2135
2105 2211
2106 2204
2107 2137
2108 2218
2109 2209
2110 2123
2111 2165
2112 2169
2113 2267
2114 2169
2115 2123
2116 2124
2117 2123
2118 2123
2119 2123
2120 2123
2121 2124
2122 2178
2123 2124
2124 2177
2125 2177
2126 2178
2127 2124
2128 2126
2129 2123
2130 2104
2131 2199
2132 2143
2133 2137
2134 2138
2135 2267
2136 2171
2137 2152
2138 2151
2139 2138
2140 2152
2141 2139
2142 2138
2143 2198
2144 2206
2145 2205
2146 2171
2147 2123
2148 2125
2149 2126
2150 2151
2151 2170
2152 2151
2153 2189
2154 2193
2155 2210
2156 2202
2157 2209
2158 2213
2159 2162
2160 2120
2161 2128
2162 2128
2163 2128
2164 2123
2165 2123
2166 2128
2167 2128
2168 2167
2169 2067
2170 2067
2171 2066
2172 2263
2173 2065
2174 2175
2175 2466
2176 2062
2177 2260
2178 2063
2179 2063
2180 2063
2181 2179
2182 2466
2183 2183
2184 2183
2185 2143
2186 2186
2187 2189
2188 2185
2189 2194
2190 2080
2191 2191
2192 2197
2193 2204
2194 2197
2195 2204
2196 2197
2197 2204
2198 2200
2199 2200
2200 2206
2201 2210
2202 2210
2203 2214
2204 2214
2205 2208
2206 2216
2207 2219
2208 2465
2209 2218
2210 2220
2211 2213
2212 2165
2213 2120
2214 2218
2215 2164
2216 2164
2217 2128
2218 2128
2219 2128
2220 2165
2221 2128
2222 1947
2223 1952
2224 1952
2225 1952
2226 1952
2227 1952
2228 1952
2229 1952
2230 1928
2231 1952
2232 1928
2233 1952
2234 1952
2235 1952
2236 1928
2237 1952
2238 1952
2239 1952
2240 1979
2241 1952
2242 1985
2243 2242
2244 2243
2245 1994
2246 2243
2247 1930
2248 1952
2249 1952
2250 1952
2251 2226
2252 1906
2253 2007
2254 1952
2255 2020
2256 2000
2257 1952
2258 1904
2259 2258
2260 2258
2261 1895
2262 1895
2263 2466
2264 2057
2265 2067
2266 2067
2267 2169
2268 2271
2269 2058
2270 2064
2271 1901
2272 2527
2273 2527
2274 1586
2275 2313
2276 2276
2277 2277
2278 320
2279 1858
2280 680
2281 2305
2282 2282
2283 2283
2284 325
2285 2285
2286 2286
2287 358
2288 2288
2289 696
2290 2290
2291 2291
2292 2292
2293 696
2294 679
2295 2295
2296 2296
2297 2322
2298 305
2299 2299
2300 658
2301 602
2302 2320
2303 2303
2304 2304
2305 2305
2306 2306
2307 2307
2308 2308
2309 2309
2310 2310
2311 2311
2312 2312
2313 2313
2314 2314
2315 2309
2316 2316
2317 1854
2318 2318
2319 2319
2320 2320
2321 1854
2322 2322
2323 2323
2324 1823
2325 853
2326 2326
2327 2327
2328 2328
2329 2330
2330 2330
2331 2324
2332 2364
2333 2335
2334 1822
2335 2335
2336 552
2337 1705
2338 1833
2339 2339
2340 2342
2341 2340
2342 719
2343 2342
2344 1822
2345 2356
2346 490
2347 428
2348 2351
2349 2349
2350 2316
2351 2365
2352 2446
2353 413
2354 2364
2355 2364
2356 2333
2357 719
2358 4776
2359 3233
2360 552
2361 1832
2362 1834
2363 2363
2364 1822
2365 658
2366 1627
2367 1620
2368 681
2369 477
2370 2370
2371 286
2372 2372
2373 2373
2374 2374
2375 373
2376 2376
2377 2356
2378 434
2379 1792
2380 2356
2381 490
2382 2356
2383 477
2384 2385
2385 2385
2386 2391
2387 465
2388 606
2389 1616
2390 1568
2391 541
2392 729
2393 306
2394 620
2395 1757
2396 1757
2397 2397
2398 2398
2399 2399
2400 413
2401 2340
2402 4833
2403 2340
2404 2356
2405 958
2406 2406
2407 2407
2408 2408
2409 2409
2410 626
2411 2411
2412 2412
2413 2413
2414 2414
2415 402
2416 2426
2417 1627
2418 1627
2419 1627
2420 1627
2421 2534
2422 2422
2423 1571
2424 2390
2425 2384
2426 2367
2427 1623
2428 1557
2429 929
2430 2430
2431 1705
2432 2432
2433 344
2434 2439
2435 334
2436 671
2437 1754
2438 2438
2439 2439
2440 2440
2441 1765
2442 1783
2443 2443
2444 645
2445 2445
2446 2345
2447 2356
2448 1834
2449 1460
2450 2450
2451 2043
2452 1903
2453 1904
2454 1880
2455 2455
2456 2258
2457 2123
2458 2123
2459 2127
2460 2179
2461 2123
2462 2120
2463 2271
2464 2128
2465 2119
2466 1895
2467 1833
2468 2348
2469 2356
2470 2351
2471 2471
2472 221
2473 2473
2474 2474
2475 2475
2476 2476
2477 2477
2478 455
2479 2324
2480 696
2481 221
2482 2483
2483 2582
2484 2542
2485 2487
2486 2584
2487 2487
2488 2487
2489 2489
2490 2480
2491 2331
2492 2331
2493 2278
2494 4161
2495 2495
2496 1870
2497 0
2498 67
2499 2499
2500 53
2501 849
2502 2499
2503 849
2504 849
2505 838
2506 833
2507 30
2508 132
2509 132
2510 132
2511 53
2512 1472
2513 1473
2514 2572
2515 2515
2516 2416
2517 2517
2518 509
2519 1559
2520 1559
2521 2487
2522 2426
2523 250
2524 2538
2525 226
2526 1475
2527 816
2528 2517
2529 1548
2530 1635
2531 1590
2532 247
2533 867
2534 2534
2535 1627
2536 867
2537 867
2538 2539
2539 2483
2540 238
2541 2541
2542 1680
2543 2553
2544 2553
2545 2554
2546 2554
2547 866
2548 1432
2549 1635
2550 1559
2551 2426
2552 483
2553 1611
2554 1614
2555 1613
2556 254
2557 1614
2558 2563
2559 1613
2560 1614
2561 2561
2562 2559
2563 2564
2564 2389
2565 2390
2566 2390
2567 1629
2568 1669
2569 2534
2570 2574
2571 866
2572 2572
2573 2573
2574 2416
2575 2575
2576 2534
2577 2484
2578 2579
2579 1473
2580 2553
2581 2582
2582 2580
2583 1681
2584 2584
2585 2585
2586 2586
2587 2587
2588 2589
2589 2589
2590 2590
2591 2591
2592 2592
2593 470
2594 494
2595 2595
2596 2475
2597 2597
2598 1870
2599 1866
2600 139
2601 2660
2602 2660
2603 2660
2604 2660
2605 4311
2606 66
2607 4981
2608 4311
2609 1870
2610 1870
2611 1870
2612 4137
2613 1693
2614 2658
2615 2605
2616 39
2617 1869
2618 2698
2619 2733
2620 4310
2621 2680
2622 2722
2623 1870
2624 1869
2625 2648
2626 2726
2627 113
2628 4144
2629 2743
2630 2743
2631 2639
2632 2656
2633 2660
2634 1870
2635 66
2636 139
2637 105
2638 2681
2639 2639
2640 1870
2641 1870
2642 1870
2643 2606
2644 2658
2645 2718
2646 42
2647 2697
2648 2651
2649 2722
2650 2650
2651 2722
2652 4311
2653 2660
2654 2723
2655 4144
2656 2734
2657 2631
2658 4310
2659 2660
2660 2660
2661 1870
2662 1870
2663 4139
2664 2660
2665 2660
2666 2660
2667 1870
2668 1870
2669 139
2670 2721
2671 2717
2672 2672
2673 2748
2674 2704
2675 4140
2676 2726
2677 1871
2678 2649
2679 2722
2680 2681
2681 2681
2682 2722
2683 2679
2684 2681
2685 2721
2686 2721
2687 4307
2688 2681
2689 2619
2690 3365
2691 139
2692 4310
2693 66
2694 139
2695 2613
2696 2696
2697 42
2698 2722
2699 66
2700 4304
2701 2660
2702 1866
2703 1870
2704 1870
2705 63
2706 2639
2707 1870
2708 2660
2709 1870
2710 1870
2711 2660
2712 66
2713 2660
2714 2660
2715 4310
2716 4981
2717 2657
2718 118
2719 113
2720 2681
2721 113
2722 2681
2723 1695
2724 2724
2725 1870
2726 3367
2727 2681
2728 1866
2729 2729
2730 2620
2731 2605
2732 1693
2733 3366
2734 146
2735 4310
2736 2660
2737 2660
2738 2660
2739 4981
2740 1870
2741 139
2742 139
2743 63
2744 2748
2745 2748
2746 2748
2747 2748
2748 2748
2749 2672
2750 2672
2751 2757
2752 2678
2753 2680
2754 2672
2755 2672
2756 2672
2757 2672
2758 2748
2759 2679
2760 2679
2761 2648
2762 2648
2763 2632
2764 2679
2765 2614
2766 3369
2767 4307
2768 2688
2769 2748
2770 3369
2771 2757
2772 2672
2773 2757
2774 4921
2775 2757
2776 4307
2777 2705
2778 2638
2779 2638
2780 2679
2781 2680
2782 2648
2783 2756
2784 2679
2785 2632
2786 2626
2787 2680
2788 2680
2789 4921
2790 2757
2791 2756
2792 2672
2793 2757
2794 2748
2795 2748
2796 2748
2797 2672
2798 2748
2799 2757
2800 4921
2801 2650
2802 4921
2803 2757
2804 4142
2805 3145
2806 3950
2807 4948
2808 4130
2809 2809
2810 2810
2811 4980
2812 2812
2813 3944
2814 2814
2815 4937
2816 2816
2817 4948
2818 3424
2819 4130
2820 4041
2821 4949
2822 2815
2823 2823
2824 4142
2825 2825
2826 2826
2827 4953
2828 2828
2829 2829
2830 2830
2831 4966
2832 2832
2833 4991
2834 4052
2835 2835
2836 4985
2837 3424
2838 3424
2839 3224
2840 4026
2841 3468
2842 3909
2843 2870
2844 4040
2845 2848
2846 4148
2847 4149
2848 3079
2849 3076
2850 2850
2851 2851
2852 3377
2853 4147
2854 2853
2855 2855
2856 2856
2857 3046
2858 2858
2859 309
2860 2860
2861 2861
2862 2874
2863 4180
2864 4175
2865 2867
2866 459
2867 4912
2868 4279
2869 2869
2870 2870
2871 2900
2872 2900
2873 2873
2874 2874
2875 4175
2876 2897
2877 4172
2878 3112
2879 4722
2880 4902
2881 2881
2882 4936
2883 2883
2884 2873
2885 2873
2886 4802
2887 2900
2888 2888
2889 4022
2890 3047
2891 3046
2892 2892
2893 4747
2894 4174
2895 4746
2896 4836
2897 2899
2898 2898
2899 2912
2900 2900
2901 4172
2902 4171
2903 4173
2904 3167
2905 4863
2906 4200
2907 2912
2908 2931
2909 2925
2910 4827
2911 2911
2912 2912
2913 2911
2914 2915
2915 2915
2916 2916
2917 4806
2918 2916
2919 4807
2920 4806
2921 2915
2922 4725
2923 4732
2924 2931
2925 2925
2926 2925
2927 2927
2928 2928
2929 4805
2930 2931
2931 2931
2932 2931
2933 2916
2934 3009
2935 2935
2936 2936
2937 2915
2938 4807
2939 2944
2940 2947
2941 4234
2942 3019
2943 2944
2944 2944
2945 4234
2946 4866
2947 4810
2948 2948
2949 4810
2950 2950
2951 2951
2952 2952
2953 4236
2954 4866
2955 4236
2956 2956
2957 4218
2958 4864
2959 2959
2960 2960
2961 2961
2962 2962
2963 2963
2964 2964
2965 2965
2966 2966
2967 2967
2968 2967
2969 2969
2970 2970
2971 4493
2972 2972
2973 3198
2974 2974
2975 2975
2976 3198
2977 2977
2978 2981
2979 2979
2980 2969
2981 2981
2982 4776
2983 3109
2984 552
2985 719
2986 4776
2987 4762
2988 2897
2989 2909
2990 4176
2991 2929
2992 2915
2993 2943
2994 4227
2995 2995
2996 4213
2997 4238
2998 3189
2999 2970
3000 3037
3001 4798
3002 2944
3003 3003
3004 2916
3005 3005
3006 2931
3007 3007
3008 4731
3009 3019
3010 3010
3011 2944
3012 4807
3013 3019
3014 4229
3015 3015
3016 3016
3017 4207
3018 4828
3019 3019
3020 3020
3021 3021
3022 3022
3023 3426
3024 3426
3025 3462
3026 2475
3027 3027
3028 457
3029 2594
3030 4284
3031 1816
3032 2870
3033 3033
3034 413
3035 3101
3036 4821
3037 3222
3038 4813
3039 3130
3040 3040
3041 4142
3042 4814
3043 4872
3044 3044
3045 3139
3046 3046
3047 4813
3048 4851
3049 3049
3050 3050
3051 4961
3052 4861
3053 3218
3054 4281
3055 4280
3056 4280
3057 4809
3058 2873
3059 4813
3060 2900
3061 2340
3062 2340
3063 4144
3064 3444
3065 3353
3066 3142
3067 4949
3068 4130
3069 4130
3070 2813
3071 4900
3072 3072
3073 2805
3074 4146
3075 4146
3076 4091
3077 3077
3078 2805
3079 3079
3080 3080
3081 3911
3082 3082
3083 3914
3084 4144
3085 4785
3086 3086
3087 2915
3088 3931
3089 524
3090 3090
3091 4071
3092 3092
3093 3356
3094 3094
3095 4127
3096 3468
3097 3097
3098 3160
3099 3099
3100 4821
3101 4820
3102 4171
3103 4195
3104 4282
3105 3221
3106 4813
3107 3110
3108 3254
3109 3254
3110 3203
3111 3110
3112 4721
3113 4745
3114 4737
3115 4763
3116 3116
3117 3117
3118 3174
3119 3087
3120 3002
3121 3180
3122 2954
3123 2950
3124 3124
3125 3125
3126 4239
3127 3127
3128 2970
3129 3133
3130 3131
3131 3909
3132 3132
3133 3132
3134 3909
3135 4071
3136 2841
3137 4854
3138 3917
3139 3139
3140 3224
3141 4977
3142 3142
3143 3144
3144 3144
3145 3950
3146 4142
3147 3147
3148 3354
3149 3149
3150 4071
3151 3151
3152 3152
3153 3153
3154 4196
3155 3220
3156 2865
3157 3056
3158 4071
3159 4861
3160 4860
3161 3160
3162 3160
3163 3163
3164 4262
3165 4204
3166 3167
3167 4863
3168 3168
3169 2912
3170 3170
3171 3171
3172 3172
3173 4804
3174 3174
3175 2925
3176 3176
3177 3176
3178 4805
3179 3180
3180 3180
3181 3181
3182 3182
3183 3183
3184 3184
3185 3185
3186 4210
3187 3187
3188 2969
3189 3189
3190 3190
3191 3191
3192 3192
3193 3193
3194 2967
3195 3195
3196 4493
3197 3128
3198 2974
3199 4833
3200 4817
3201 4817
3202 3203
3203 4283
3204 3085
3205 4785
3206 4774
3207 4902
3208 3207
3209 4804
3210 2931
3211 4809
3212 4804
3213 3167
3214 3214
3215 3215
3216 2859
3217 4758
3218 4740
3219 4758
3220 2874
3221 3221
3222 3222
3223 3064
3224 2841
3225 3225
3226 3139
3227 3930
3228 3925
3229 3224
3230 3230
3231 4741
3232 4759
3233 3109
3234 3109
3235 3205
3236 2880
3237 3176
3238 4809
3239 2937
3240 4804
3241 2944
3242 2954
3243 4218
3244 3244
3245 2999
3246 552
3247 3108
3248 2982
3249 552
3250 3097
3251 2982
3252 655
3253 3111
3254 3203
3255 3110
3256 2342
3257 4142
3258 3356
3259 4949
3260 3920
3261 2839
3262 4157
3263 4813
3264 4147
3265 4744
3266 4744
3267 3920
3268 4136
3269 4136
3270 3223
3271 3343
3272 3986
3273 3505
3274 3981
3275 3973
3276 3282
3277 3968
3278 3977
3279 3306
3280 3282
3281 3970
3282 3964
3283 3287
3284 3964
3285 3285
3286 3963
3287 3347
3288 3288
3289 3483
3290 4094
3291 3302
3292 3325
3293 3339
3294 3294
3295 3333
3296 3039
3297 3303
3298 3334
3299 3299
3300 3304
3301 3131
3302 3302
3303 3129
3304 3039
3305 3978
3306 3994
3307 3273
3308 3298
3309 3326
3310 3325
3311 3298
3312 3303
3313 3467
3314 3302
3315 3302
3316 3320
3317 3317
3318 3083
3319 3317
3320 3466
3321 3287
3322 3981
3323 3306
3324 3964
3325 4109
3326 3287
3327 4106
3328 3309
3329 3991
3330 3306
3331 3307
3332 3130
3333 3333
3334 3129
3335 3288
3336 3294
3337 3466
3338 3334
3339 3339
3340 3133
3341 3334
3342 3469
3343 3981
3344 3306
3345 3130
3346 3327
3347 3483
3348 3288
3349 3333
3350 3350
3351 3289
3352 3352
3353 3142
3354 3464
3355 3139
3356 3353
3357 3288
3358 3964
3359 3333
3360 3360
3361 3373
3362 2672
3363 3376
3364 2672
3365 2619
3366 4144
3367 3366
3368 2726
3369 2726
3370 2757
3371 2678
3372 2672
3373 2672
3374 2748
3375 2672
3376 3376
3377 3376
3378 3378
3379 2861
3380 842
3381 2672
3382 2756
3383 2648
3384 2632
3385 2680
3386 2748
3387 2748
3388 2679
3389 4154
3390 4152
3391 4151
3392 3392
3393 3393
3394 3394
3395 857
3396 3376
3397 1695
3398 1695
3399 4310
3400 4138
3401 1872
3402 4981
3403 2806
3404 4909
3405 4064
3406 3406
3407 4079
3408 3408
3409 3409
3410 3929
3411 4949
3412 3448
3413 3449
3414 2841
3415 3224
3416 3426
3417 3051
3418 4949
3419 4949
3420 3067
3421 3421
3422 3051
3423 4949
3424 3424
3425 3462
3426 3462
3427 3353
3428 4136
3429 3920
3430 3424
3431 3424
3432 4130
3433 4130
3434 3929
3435 3224
3436 3424
3437 4130
3438 4130
3439 3051
3440 3462
3441 3419
3442 4072
3443 2841
3444 3421
3445 3447
3446 4950
3447 3468
3448 4072
3449 3449
3450 4087
3451 4130
3452 4136
3453 4136
3454 4130
3455 4136
3456 3446
3457 4081
3458 3920
3459 4136
3460 3419
3461 4949
3462 4961
3463 3224
3464 3464
3465 3131
3466 3304
3467 3467
3468 4032
3469 3911
3470 3339
3471 2606
3472 2660
3473 3289
3474 4112
3475 3326
3476 3963
3477 3963
3478 3479
3479 3958
3480 3956
3481 3963
3482 3964
3483 3963
3484 4000
3485 3496
3486 3485
3487 3995
3488 4009
3489 4009
3490 3505
3491 3987
3492 3998
3493 3608
3494 3608
3495 3994
3496 4001
3497 3989
3498 3494
3499 3998
3500 3996
3501 3989
3502 3502
3503 3625
3504 3488
3505 3988
3506 3586
3507 3520
3508 3580
3509 3580
3510 3888
3511 3877
3512 3598
3513 3884
3514 3884
3515 3709
3516 3694
3517 3602
3518 3741
3519 3859
3520 3569
3521 3606
3522 3606
3523 3877
3524 3887
3525 3864
3526 3627
3527 3855
3528 3885
3529 3610
3530 4010
3531 3504
3532 3576
3533 3619
3534 3890
3535 3637
3536 3784
3537 3602
3538 3859
3539 3581
3540 3627
3541 3602
3542 3800
3543 3516
3544 3709
3545 3887
3546 3818
3547 3886
3548 3887
3549 3888
3550 3800
3551 3861
3552 3580
3553 3887
3554 3890
3555 3859
3556 3554
3557 3890
3558 4010
3559 3855
3560 3535
3561 3709
3562 3586
3563 3516
3564 3598
3565 3521
3566 3569
3567 3884
3568 3709
3569 3577
3570 3520
3571 3887
3572 4007
3573 3504
3574 4005
3575 3504
3576 3504
3577 3999
3578 3577
3579 3767
3580 3566
3581 3540
3582 3583
3583 3595
3584 3694
3585 3635
3586 3891
3587 3692
3588 3692
3589 3666
3590 3692
3591 3531
3592 3619
3593 3867
3594 3813
3595 3692
3596 3769
3597 3769
3598 4010
3599 3709
3600 3709
3601 3630
3602 3845
3603 3855
3604 3604
3605 3887
3606 3572
3607 3627
3608 3608
3609 3884
3610 4010
3611 4005
3612 3566
3613 3817
3614 3790
3615 3813
3616 3595
3617 3583
3618 3709
3619 3635
3620 3598
3621 3609
3622 3609
3623 3818
3624 3811
3625 3625
3626 3709
3627 4010
3628 3762
3629 3762
3630 3709
3631 3709
3632 3709
3633 3709
3634 3709
3635 3709
3636 3709
3637 3709
3638 3709
3639 3709
3640 3706
3641 3709
3642 3709
3643 3706
3644 3706
3645 3706
3646 3706
3647 3709
3648 3706
3649 3709
3650 3692
3651 3692
3652 3637
3653 3635
3654 3595
3655 3633
3656 3692
3657 3706
3658 3709
3659 3637
3660 3769
3661 3516
3662 3635
3663 3769
3664 3706
3665 3767
3666 3706
3667 3706
3668 3706
3669 3706
3670 3706
3671 3706
3672 3706
3673 3769
3674 3706
3675 3706
3676 3706
3677 3706
3678 3706
3679 3706
3680 3706
3681 3751
3682 3706
3683 3691
3684 3706
3685 3706
3686 3706
3687 3706
3688 3706
3689 3706
3690 3706
3691 3706
3692 3706
3693 3706
3694 3706
3695 3706
3696 3706
3697 3706
3698 3706
3699 3706
3700 3706
3701 3706
3702 3706
3703 3706
3704 3706
3705 3706
3706 3706
3707 3706
3708 3706
3709 3706
3710 3630
3711 3769
3712 3769
3713 3706
3714 3709
3715 3763
3716 3706
3717 3674
3718 3769
3719 3769
3720 3706
3721 3685
3722 3516
3723 3859
3724 3553
3725 3769
3726 3769
3727 3769
3728 3813
3729 3769
3730 3769
3731 3769
3732 3769
3733 3769
3734 3769
3735 3769
3736 3769
3737 3769
3738 3769
3739 3769
3740 3769
3741 3769
3742 3769
3743 3769
3744 3769
3745 3751
3746 3769
3747 3769
3748 3769
3749 3769
3750 3769
3751 3769
3752 3706
3753 3769
3754 3706
3755 3706
3756 3769
3757 3706
3758 3769
3759 3706
3760 3706
3761 3769
3762 3769
3763 3769
3764 3769
3765 3769
3766 3769
3767 3769
3768 3769
3769 3769
3770 3706
3771 3706
3772 3769
3773 3769
3774 3769
3775 3769
3776 3813
3777 3769
3778 3767
3779 3813
3780 3769
3781 3813
3782 3793
3783 3813
3784 3813
3785 3784
3786 3813
3787 3813
3788 3769
3789 3813
3790 3784
3791 3769
3792 3769
3793 3769
3794 3769
3795 3818
3796 3769
3797 3813
3798 3813
3799 3769
3800 3769
3801 3769
3802 3769
3803 3769
3804 3769
3805 3769
3806 3769
3807 3769
3808 3769
3809 3769
3810 3769
3811 3769
3812 3769
3813 3769
3814 3769
3815 3793
3816 3813
3817 3813
3818 3859
3819 3818
3820 3793
3821 3800
3822 3877
3823 3609
3824 3609
3825 3877
3826 3877
3827 3609
3828 3609
3829 3609
3830 3877
3831 3877
3832 3877
3833 3877
3834 3580
3835 3580
3836 3877
3837 3580
3838 3877
3839 3580
3840 3580
3841 3877
3842 3877
3843 3580
3844 3580
3845 3580
3846 3877
3847 3877
3848 3877
3849 3877
3850 3580
3851 3580
3852 3580
3853 3580
3854 3580
3855 3598
3856 3731
3857 3820
3858 3751
3859 3864
3860 3859
3861 3889
3862 3887
3863 3859
3864 3887
3865 3795
3866 3795
3867 3524
3868 3887
3869 3880
3870 3890
3871 3622
3872 3877
3873 3876
3874 3877
3875 3566
3876 3566
3877 3566
3878 3609
3879 3889
3880 3540
3881 3540
3882 3540
3883 3569
3884 3606
3885 3606
3886 3540
3887 3627
3888 3887
3889 3890
3890 3531
3891 3576
3892 3566
3893 3609
3894 1870
3895 139
3896 2717
3897 2743
3898 4921
3899 2680
3900 2649
3901 2638
3902 3226
3903 4031
3904 3904
3905 4030
3906 4030
3907 3924
3908 3226
3909 3904
3910 4031
3911 3924
3912 3226
3913 3908
3914 3911
3915 3909
3916 3039
3917 3917
3918 3918
3919 4046
3920 2839
3921 3464
3922 2841
3923 3917
3924 4030
3925 4032
3926 3917
3927 3925
3928 4854
3929 3463
3930 2841
3931 3214
3932 3938
3933 3933
3934 3934
3935 3935
3936 1876
3937 3937
3938 4038
3939 3939
3940 4023
3941 3941
3942 3942
3943 4977
3944 4977
3945 3353
3946 3353
3947 4971
3948 4971
3949 4894
3950 3950
3951 3350
3952 3955
3953 3483
3954 3963
3955 3963
3956 3483
3957 3289
3958 3276
3959 3959
3960 4096
3961 3326
3962 3483
3963 3964
3964 3343
3965 3968
3966 3970
3967 3343
3968 3307
3969 3343
3970 3965
3971 3343
3972 3981
3973 3343
3974 3964
3975 3343
3976 3279
3977 3306
3978 3978
3979 3981
3980 3986
3981 3986
3982 3968
3983 3978
3984 3978
3985 3994
3986 3978
3987 3987
3988 3989
3989 3989
3990 3990
3991 3994
3992 3491
3993 3492
3994 3994
3995 3995
3996 3996
3997 3502
3998 3998
3999 3485
4000 4000
4001 3608
4002 4009
4003 3489
4004 3608
4005 3488
4006 3488
4007 4002
4008 4008
4009 3608
4010 4005
4011 4011
4012 4907
4013 4142
4014 4142
4015 3074
4016 4014
4017 4799
4018 4024
4019 4019
4020 4020
4021 4021
4022 4022
4023 3409
4024 2830
4025 3405
4026 4025
4027 4027
4028 3448
4029 4029
4030 4030
4031 4031
4032 4032
4033 4033
4034 4949
4035 3142
4036 4036
4037 4037
4038 4038
4039 4039
4040 4851
4041 4286
4042 4152
4043 4043
4044 4044
4045 4045
4046 4046
4047 4047
4048 4969
4049 3067
4050 4048
4051 4960
4052 4960
4053 4960
4054 4054
4055 4063
4056 4114
4057 2830
4058 4058
4059 4058
4060 4060
4061 4061
4062 4062
4063 4063
4064 4064
4065 2830
4066 4018
4067 3139
4068 4068
4069 4079
4070 4070
4071 4071
4072 4072
4073 4073
4074 3067
4075 4069
4076 4048
4077 1679
4078 4078
4079 3444
4080 3929
4081 4081
4082 4082
4083 4069
4084 4069
4085 4085
4086 4087
4087 4087
4088 4088
4089 4026
4090 4907
4091 4091
4092 3406
4093 4093
4094 4094
4095 3357
4096 4098
4097 4096
4098 4112
4099 3317
4100 3291
4101 3295
4102 4112
4103 4111
4104 3470
4105 4107
4106 4109
4107 3319
4108 3294
4109 3287
4110 4096
4111 3325
4112 3325
4113 4113
4114 4114
4115 4115
4116 4116
4117 4118
4118 4118
4119 4165
4120 4120
4121 4986
4122 4318
4123 4123
4124 3040
4125 4991
4126 4128
4127 2817
4128 3144
4129 3424
4130 4130
4131 3064
4132 3064
4133 3426
4134 3051
4135 4135
4136 3064
4137 4137
4138 4310
4139 66
4140 4138
4141 4304
4142 4142
4143 4146
4144 4144
4145 4145
4146 4146
4147 4147
4148 4148
4149 4149
4150 4150
4151 4149
4152 4152
4153 4153
4154 4154
4155 4155
4156 4156
4157 4155
4158 4158
4159 4857
4160 4160
4161 4161
4162 4162
4163 4892
4164 4164
4165 4801
4166 4858
4167 2892
4168 4168
4169 4169
4170 2913
4171 4172
4172 4174
4173 4174
4174 4174
4175 4200
4176 3175
4177 4826
4178 4199
4179 4803
4180 4180
4181 2912
4182 4826
4183 4827
4184 4174
4185 2876
4186 4721
4187 2913
4188 4183
4189 2875
4190 2876
4191 4739
4192 4168
4193 4803
4194 4172
4195 4173
4196 4174
4197 2873
4198 2912
4199 4180
4200 4863
4201 4200
4202 2912
4203 4826
4204 4863
4205 4205
4206 4217
4207 3185
4208 4218
4209 4211
4210 4210
4211 4211
4212 4212
4213 4213
4214 4214
4215 4215
4216 4216
4217 4217
4218 4218
4219 4219
4220 4217
4221 4221
4222 2964
4223 4223
4224 3183
4225 3020
4226 4237
4227 4237
4228 4228
4229 4229
4230 4230
4231 3020
4232 4232
4233 3020
4234 4234
4235 4230
4236 4236
4237 4237
4238 4238
4239 4239
4240 4214
4241 4241
4242 4242
4243 3193
4244 2952
4245 4210
4246 4249
4247 2951
4248 3189
4249 4249
4250 4250
4251 4251
4252 4252
4253 4253
4254 4252
4255 4255
4256 2952
4257 3206
4258 3206
4259 2340
4260 2340
4261 4785
4262 4262
4263 4316
4264 4272
4265 2865
4266 4782
4267 4147
4268 3204
4269 4765
4270 2340
4271 4272
4272 4261
4273 719
4274 1831
4275 4275
4276 4777
4277 4277
4278 4278
4279 4994
4280 4994
4281 4994
4282 2853
4283 3380
4284 2490
4285 4851
4286 4286
4287 4287
4288 4288
4289 4286
4290 4290
4291 4291
4292 4292
4293 4293
4294 4294
4295 4849
4296 4296
4297 4152
4298 3151
4299 4299
4300 4300
4301 4301
4302 4302
4303 4286
4304 1696
4305 4305
4306 139
4307 2681
4308 132
4309 1870
4310 1695
4311 1693
4312 4311
4313 4313
4314 2342
4315 4315
4316 719
4317 1876
4318 1877
4319 4499
4320 4482
4321 4488
4322 4491
4323 4323
4324 4878
4325 4499
4326 4483
4327 3196
4328 3196
4329 4499
4330 4485
4331 4499
4332 4484
4333 4335
4334 4486
4335 4334
4336 4324
4337 4334
4338 4339
4339 4324
4340 4325
4341 4512
4342 4512
4343 4497
4344 4482
4345 4334
4346 4336
4347 4876
4348 4349
4349 4349
4350 4349
4351 4349
4352 4349
4353 4349
4354 4349
4355 4349
4356 4349
4357 4349
4358 4349
4359 4349
4360 4349
4361 4349
4362 4349
4363 4349
4364 4349
4365 4349
4366 4349
4367 4349
4368 4349
4369 4349
4370 4349
4371 4349
4372 4349
4373 4349
4374 4349
4375 4349
4376 4349
4377 4349
4378 4464
4379 4464
4380 4349
4381 4349
4382 4349
4383 4349
4384 4349
4385 4349
4386 4349
4387 4349
4388 4349
4389 4349
4390 4349
4391 4349
4392 4349
4393 4349
4394 4349
4395 4349
4396 4349
4397 4349
4398 4349
4399 4349
4400 4349
4401 4349
4402 4349
4403 4349
4404 4349
4405 4349
4406 4349
4407 4349
4408 4349
4409 4349
4410 4349
4411 4349
4412 4349
4413 4349
4414 4349
4415 4349
4416 4349
4417 4349
4418 4349
4419 4349
4420 4349
4421 4349
4422 4349
4423 4349
4424 4349
4425 4349
4426 4349
4427 4349
4428 4349
4429 4349
4430 4349
4431 4453
4432 4464
4433 4349
4434 4349
4435 4349
4436 4349
4437 4349
4438 4349
4439 4349
4440 4349
4441 4349
4442 4349
4443 4349
4444 4349
4445 4349
4446 4349
4447 4349
4448 4349
4449 4349
4450 4349
4451 4349
4452 4349
4453 4349
4454 4349
4455 4349
4456 4464
4457 4349
4458 4349
4459 4349
4460 4349
4461 4349
4462 4349
4463 4349
4464 4349
4465 4349
4466 4349
4467 4349
4468 4349
4469 4349
4470 4349
4471 4349
4472 4349
4473 4349
4474 4349
4475 4349
4476 4464
4477 4349
4478 4349
4479 4349
4480 4472
4481 4349
4482 4499
4483 4498
4484 4482
4485 4498
4486 4324
4487 4878
4488 4808
4489 4323
4490 4489
4491 4498
4492 2978
4493 4493
4494 4323
4495 4493
4496 4498
4497 4484
4498 3196
4499 4483
4500 4497
4501 4497
4502 4484
4503 4340
4504 4337
4505 4337
4506 4701
4507 4880
4508 4501
4509 4510
4510 4501
4511 4484
4512 4482
4513 4526
4514 4666
4515 4438
4516 4693
4517 4379
4518 4518
4519 4687
4520 4683
4521 4543
4522 4522
4523 4523
4524 4388
4525 4388
4526 4354
4527 4354
4528 4528
4529 4683
4530 4388
4531 4388
4532 4667
4533 4416
4534 4436
4535 4682
4536 4536
4537 4579
4538 4537
4539 4521
4540 4577
4541 4545
4542 4598
4543 4544
4544 4636
4545 4576
4546 4555
4547 4643
4548 4889
4549 4651
4550 4555
4551 4564
4552 4564
4553 4882
4554 4624
4555 4707
4556 4564
4557 4710
4558 4625
4559 4565
4560 4565
4561 4565
4562 4564
4563 4622
4564 4623
4565 4506
4566 4622
4567 4506
4568 4565
4569 4623
4570 4506
4571 4564
4572 4585
4573 4586
4574 4527
4575 4527
4576 4612
4577 4595
4578 4582
4579 4581
4580 4594
4581 4509
4582 4580
4583 4584
4584 4588
4585 4586
4586 4586
4587 4641
4588 4593
4589 4615
4590 4569
4591 4703
4592 4617
4593 4615
4594 4595
4595 4613
4596 4636
4597 4596
4598 4650
4599 4605
4600 4662
4601 4566
4602 4566
4603 4566
4604 4564
4605 4566
4606 4566
4607 4566
4608 4566
4609 4566
4610 4884
4611 4590
4612 4510
4613 4510
4614 4500
4615 4510
4616 4614
4617 4508
4618 4700
4619 4505
4620 4507
4621 4505
4622 4505
4623 4505
4624 4506
4625 4504
4626 4627
4627 4664
4628 4527
4629 4641
4630 4642
4631 4627
4632 4639
4633 4633
4634 4639
4635 4646
4636 4649
4637 4645
4638 4647
4639 4640
4640 4648
4641 4648
4642 4586
4643 4605
4644 4661
4645 4656
4646 4660
4647 4656
4648 4594
4649 4660
4650 4659
4651 4606
4652 4561
4653 4561
4654 4568
4655 4568
4656 4590
4657 4568
4658 4566
4659 4566
4660 4566
4661 4568
4662 4568
4663 4566
4664 4349
4665 4349
4666 4349
4667 4349
4668 4349
4669 4349
4670 4349
4671 4349
4672 4349
4673 4349
4674 4349
4675 4349
4676 4349
4677 4349
4678 4349
4679 4349
4680 4349
4681 4349
4682 4479
4683 4431
4684 4685
4685 4687
4686 4432
4687 4464
4688 4348
4689 4437
4690 4349
4691 4349
4692 4349
4693 4349
4694 4349
4695 4349
4696 4388
4697 4388
4698 4337
4699 4880
4700 4880
4701 4335
4702 4701
4703 4501
4704 4508
4705 4502
4706 4510
4707 4501
4708 4500
4709 4511
4710 4511
4711 4501
4712 4712
4713 4713
4714 4768
4715 4715
4716 4716
4717 4713
4718 4718
4719 2875
4720 2898
4721 2875
4722 4267
4723 4763
4724 4724
4725 4725
4726 2936
4727 4727
4728 4728
4729 4729
4730 4730
4731 4731
4732 4732
4733 4785
4734 2862
4735 4735
4736 4736
4737 4737
4738 4738
4739 4739
4740 4758
4741 2816
4742 4742
4743 4743
4744 4745
4745 2906
4746 4202
4747 4747
4748 2908
4749 3087
4750 2918
4751 3019
4752 4752
4753 4753
4754 4754
4755 4755
4756 4756
4757 3222
4758 4180
4759 4266
4760 4760
4761 4761
4762 4762
4763 2910
4764 2909
4765 3085
4766 4766
4767 4227
4768 4768
4769 4769
4770 4770
4771 4771
4772 4765
4773 4733
4774 4774
4775 4776
4776 552
4777 4777
4778 2342
4779 4776
4780 2342
4781 2340
4782 4782
4783 411
4784 4784
4785 4785
4786 2857
4787 4758
4788 411
4789 413
4790 3000
4791 3109
4792 552
4793 3233
4794 4794
4795 4795
4796 4856
4797 3046
4798 3046
4799 4799
4800 4813
4801 4801
4802 2900
4803 4803
4804 4804
4805 4805
4806 2915
4807 4807
4808 4808
4809 4809
4810 4810
4811 457
4812 459
4813 4813
4814 4050
4815 4821
4816 4821
4817 4821
4818 4861
4819 4819
4820 4194
4821 4195
4822 4823
4823 4194
4824 4863
4825 4181
4826 3168
4827 4827
4828 4828
4829 4829
4830 714
4831 414
4832 412
4833 3100
4834 2342
4835 3176
4836 3005
4837 2931
4838 4804
4839 4806
4840 3180
4841 4841
4842 3185
4843 4843
4844 4844
4845 4056
4846 3067
4847 3051
4848 4072
4849 4849
4850 2870
4851 4851
4852 4062
4853 4853
4854 4854
4855 3413
4856 4856
4857 4152
4858 4801
4859 2911
4860 4196
4861 4194
4862 3168
4863 4863
4864 4864
4865 3184
4866 4866
4867 4237
4868 4868
4869 4869
4870 2342
4871 2340
4872 4039
4873 4873
4874 4485
4875 4336
4876 4487
4877 4875
4878 4491
4879 4492
4880 4346
4881 4564
4882 4565
4883 4566
4884 4567
4885 4564
4886 4566
4887 4505
4888 4505
4889 4566
4890 4566
4891 4347
4892 4892
4893 411
4894 2825
4895 4026
4896 4907
4897 4718
4898 4936
4899 4899
4900 2823
4901 4902
4902 4267
4903 4953
4904 4904
4905 3071
4906 4971
4907 4057
4908 4770
4909 4024
4910 4026
4911 4127
4912 1840
4913 1844
4914 4292
4915 4161
4916 4162
4917 1870
4918 1870
4919 1871
4920 3375
4921 4920
4922 2757
4923 2757
4924 2748
4925 2672
4926 2748
4927 2678
4928 2656
4929 3369
4930 2717
4931 2626
4932 2627
4933 2638
4934 2811
4935 4946
4936 4936
4937 4941
4938 3424
4939 3142
4940 3142
4941 4022
4942 4845
4943 4087
4944 3353
4945 3426
4946 3426
4947 3142
4948 4948
4949 3353
4950 4950
4951 4973
4952 3446
4953 4963
4954 3446
4955 4087
4956 4130
4957 4957
4958 3948
4959 3948
4960 3143
4961 3946
4962 3946
4963 4942
4964 4973
4965 3022
4966 3022
4967 4967
4968 4968
4969 4054
4970 4814
4971 4128
4972 4972
4973 4973
4974 4126
4975 3023
4976 3944
4977 4977
4978 4934
4979 4977
4980 4128
4981 4981
4982 4982
4983 4983
4984 4984
4985 4985
4986 1876
4987 4987
4988 4988
4989 4989
4990 4990
4991 4991
4992 4992
4993 4993
4994 530
4995 4995
4996 4996
4997 1952
4998 1952
4999 1952
5000 1952
