0 2714
1 2714
2 2714
3 2758
4 2714
5 2715
6 2714
7 2758
8 2734
9 18
10 2734
11 2734
12 9
13 9
14 3777
15 3777
16 2714
17 2734
18 2733
19 2714
20 2715
21 2715
22 2705
23 2705
24 2714
25 2734
26 2714
27 2714
28 2715
29 2715
30 2705
31 2715
32 2714
33 2714
34 2714
35 2714
36 2715
37 2705
38 2705
39 2705
40 18
41 23
42 23
43 341
44 2714
45 316
46 332
47 2721
48 332
49 157
50 261
51 157
52 3527
53 3527
54 12
55 3525
56 3778
57 3777
58 3612
59 3527
60 3524
61 3911
62 3612
63 357
64 419
65 418
66 3054
67 18
68 3806
69 419
70 419
71 5369
72 420
73 419
74 3056
75 430
76 78
77 357
78 357
79 5369
80 3054
81 240
82 241
83 3054
84 341
85 47
86 18
87 238
88 8
89 3608
90 8
91 238
92 458
93 3605
94 157
95 332
96 236
97 8
98 3608
99 3604
100 3527
101 3527
102 3569
103 3569
104 2715
105 2715
106 2715
107 2714
108 2715
109 2715
110 2758
111 2714
112 2714
113 2737
114 2714
115 2714
116 2714
117 2714
118 2715
119 2715
120 2715
121 2714
122 2705
123 2705
124 2705
125 2705
126 2705
127 2705
128 2705
129 2705
130 2705
131 2705
132 2758
133 2714
134 2758
135 2761
136 2737
137 3777
138 12
139 12
140 3778
141 3778
142 3650
143 3778
144 3650
145 3650
146 3778
147 3525
148 3566
149 3778
150 3615
151 143
152 282
153 203
154 3777
155 2734
156 2737
157 3537
158 3702
159 6248
160 6275
161 3702
162 6241
163 2751
164 2766
165 3855
166 3675
167 3880
168 3967
169 3675
170 3967
171 3880
172 3732
173 3889
174 3696
175 184
176 3969
177 3675
178 3784
179 3781
180 3971
181 3781
182 3695
183 3784
184 3889
185 3896
186 3732
187 3889
188 2714
189 2714
190 2714
191 2714
192 2758
193 2734
194 3702
195 3701
196 3880
197 3675
198 3969
199 3975
200 3778
201 3732
202 3566
203 3898
204 3896
205 3896
206 184
207 3737
208 3737
209 3738
210 3737
211 3737
212 3698
213 3738
214 143
215 144
216 144
217 143
218 3813
219 3812
220 3778
221 4008
222 3814
223 3696
224 184
225 3901
226 3900
227 2714
228 2705
229 2705
230 2705
231 2705
232 2714
233 2705
234 2715
235 2714
236 341
237 2734
238 2734
239 18
240 2714
241 2714
242 2714
243 8
244 9
245 3520
246 2758
247 6248
248 2762
249 3971
250 3675
251 3784
252 3695
253 3695
254 3784
255 3889
256 3717
257 3917
258 2758
259 2714
260 329
261 18
262 2734
263 2734
264 18
265 238
266 3668
267 3695
268 3690
269 3967
270 3975
271 3782
272 3781
273 3967
274 3781
275 2761
276 2734
277 2714
278 278
279 278
280 280
281 280
282 3910
283 3910
284 3046
285 3046
286 2715
287 2715
288 2714
289 2714
290 5369
291 2735
292 2735
293 188
294 23
295 3566
296 3567
297 303
298 3698
299 184
300 3696
301 3902
302 3902
303 3901
304 3901
305 3902
306 6493
307 6493
308 6493
309 6493
310 2714
311 2714
312 2714
313 2714
314 2714
315 2714
316 2714
317 2715
318 2714
319 2705
320 2715
321 2705
322 2714
323 2714
324 2714
325 2714
326 2715
327 2715
328 2705
329 2705
330 2705
331 2705
332 2705
333 6493
334 3046
335 2714
336 2714
337 419
338 2705
339 2734
340 2714
341 2714
342 2714
343 2714
344 2705
345 2705
346 2705
347 2705
348 2705
349 2705
350 2705
351 2714
352 2714
353 2715
354 2714
355 2715
356 2705
357 2758
358 2714
359 2758
360 5242
361 3890
362 4011
363 3866
364 4010
365 4011
366 3880
367 3880
368 3880
369 3880
370 3707
371 3675
372 3707
373 3707
374 3675
375 3701
376 3675
377 3518
378 3967
379 3707
380 3701
381 4014
382 4009
383 3866
384 3695
385 3784
386 3690
387 3690
388 3784
389 3784
390 3690
391 3694
392 3688
393 3711
394 3690
395 3889
396 3763
397 3695
398 3766
399 3892
400 3766
401 3982
402 4009
403 4022
404 4022
405 3784
406 3983
407 2705
408 2705
409 2705
410 2705
411 3702
412 6248
413 3781
414 3969
415 3777
416 3911
417 2760
418 2760
419 2750
420 2750
421 2705
422 3900
423 3738
424 3717
425 3736
426 3714
427 2714
428 2714
429 2715
430 227
431 2714
432 2714
433 2714
434 2714
435 2715
436 2705
437 2715
438 2715
439 2715
440 172
441 205
442 409
443 188
444 2762
445 3892
446 3766
447 3971
448 3975
449 3967
450 3965
451 143
452 3812
453 3714
454 2714
455 2714
456 2705
457 3694
458 8
459 17
460 3738
461 3910
462 2714
463 3900
464 3880
465 3880
466 3967
467 3967
468 3880
469 3880
470 3880
471 3707
472 3880
473 3880
474 3880
475 3880
476 3707
477 3880
478 3880
479 3880
480 3880
481 3880
482 3967
483 3967
484 3982
485 4017
486 3969
487 3969
488 3971
489 3975
490 3977
491 3979
492 3978
493 4025
494 3980
495 4017
496 3880
497 3967
498 3965
499 3880
500 3971
501 3971
502 3971
503 3975
504 3978
505 4025
506 3979
507 4023
508 4025
509 4025
510 3979
511 4023
512 3980
513 4025
514 4025
515 4025
516 3979
517 3979
518 4023
519 3982
520 3982
521 4009
522 4022
523 4022
524 3971
525 3979
526 4022
527 3979
528 4023
529 3980
530 3978
531 3982
532 4009
533 3982
534 3982
535 4023
536 4023
537 4025
538 4025
539 4023
540 4023
541 4025
542 3979
543 4023
544 3979
545 3975
546 3971
547 3977
548 3977
549 4039
550 3979
551 3971
552 3971
553 3971
554 3969
555 3967
556 3967
557 3969
558 3967
559 3967
560 3967
561 3967
562 3880
563 3880
564 3880
565 3880
566 3880
567 3880
568 3880
569 3967
570 3057
571 148
572 148
573 451
574 3967
575 3965
576 3965
577 3967
578 3969
579 3967
580 3967
581 3971
582 3975
583 3977
584 216
585 216
586 175
587 216
588 4072
589 4900
590 584
591 584
592 1298
593 4900
594 590
595 588
596 3078
597 589
598 623
599 623
600 625
601 622
602 1830
603 1874
604 636
605 3011
606 2972
607 804
608 1308
609 585
610 1411
611 1410
612 1411
613 1409
614 2952
615 1197
616 643
617 643
618 629
619 1384
620 1384
621 629
622 1294
623 1895
624 590
625 589
626 4117
627 4117
628 1675
629 4117
630 1426
631 4288
632 925
633 1426
634 1830
635 1874
636 3011
637 3011
638 1341
639 1342
640 1508
641 1343
642 1675
643 1678
644 1638
645 1675
646 626
647 629
648 1290
649 1896
650 1896
651 1294
652 3036
653 3035
654 4121
655 1426
656 659
657 4121
658 3043
659 3043
660 2864
661 2864
662 4165
663 1426
664 1201
665 4165
666 1299
667 1300
668 651
669 623
670 622
671 2860
672 1407
673 1444
674 1400
675 1399
676 6374
677 4332
678 4355
679 4355
680 1614
681 1695
682 1315
683 1680
684 694
685 597
686 694
687 693
688 1417
689 3035
690 1759
691 931
692 3065
693 4900
694 3078
695 4900
696 4072
697 4072
698 4900
699 4059
700 4059
701 216
702 152
703 1341
704 1408
705 6374
706 733
707 2892
708 1244
709 1815
710 743
711 1809
712 2821
713 1311
714 1406
715 2896
716 1695
717 1695
718 1680
719 1680
720 925
721 1426
722 629
723 629
724 629
725 1386
726 4780
727 2886
728 731
729 731
730 2882
731 2882
732 1820
733 1820
734 2886
735 1814
736 1675
737 1678
738 1676
739 1676
740 1314
741 1676
742 222
743 824
744 426
745 812
746 812
747 2972
748 2972
749 3026
750 2937
751 2937
752 3026
753 1310
754 1394
755 1311
756 1310
757 789
758 1678
759 1393
760 789
761 626
762 788
763 1678
764 1675
765 761
766 1834
767 738
768 761
769 1505
770 1315
771 2821
772 1505
773 1679
774 1614
775 1679
776 1679
777 1376
778 1678
779 1678
780 1314
781 1809
782 2972
783 782
784 1310
785 1310
786 1390
787 1676
788 4117
789 4117
790 626
791 1637
792 1678
793 629
794 1384
795 1386
796 1426
797 1426
798 1426
799 1426
800 4316
801 4316
802 4316
803 460
804 256
805 425
806 212
807 874
808 874
809 3081
810 832
811 829
812 208
813 208
814 829
815 872
816 874
817 212
818 210
819 213
820 175
821 299
822 874
823 957
824 3918
825 257
826 257
827 3718
828 3718
829 201
830 6377
831 6508
832 958
833 984
834 1021
835 982
836 1170
837 1463
838 1170
839 1003
840 1365
841 872
842 1229
843 945
844 5255
845 6570
846 5253
847 975
848 1009
849 1009
850 1022
851 1011
852 1034
853 1170
854 985
855 4352
856 4365
857 4365
858 6554
859 6520
860 6527
861 6554
862 933
863 4706
864 910
865 909
866 957
867 3080
868 872
869 873
870 1170
871 1521
872 1022
873 1009
874 1009
875 1033
876 1009
877 1009
878 1038
879 1007
880 1036
881 1463
882 3125
883 1462
884 958
885 1170
886 6570
887 4316
888 4316
889 1426
890 1426
891 1419
892 1418
893 629
894 1232
895 2886
896 731
897 1009
898 1044
899 1009
900 1007
901 1044
902 1022
903 1019
904 1019
905 1019
906 1019
907 1019
908 1010
909 1066
910 1019
911 1019
912 935
913 934
914 3127
915 1139
916 6570
917 6570
918 4142
919 4165
920 6554
921 1420
922 601
923 601
924 1420
925 598
926 598
927 3033
928 3030
929 3032
930 4782
931 4187
932 1263
933 1521
934 1049
935 4495
936 1178
937 875
938 6374
939 4985
940 1414
941 1232
942 931
943 693
944 975
945 1060
946 1150
947 1177
948 1177
949 1151
950 1153
951 1181
952 1176
953 1155
954 1108
955 1111
956 1087
957 1019
958 1177
959 1149
960 1060
961 1177
962 1044
963 1049
964 1178
965 1102
966 1175
967 1175
968 1093
969 1085
970 1149
971 1066
972 1177
973 1149
974 1177
975 1095
976 1100
977 1100
978 1095
979 1074
980 1103
981 1372
982 1155
983 1097
984 1087
985 1096
986 1155
987 1082
988 1096
989 1469
990 1082
991 1470
992 1371
993 1371
994 1530
995 1120
996 1135
997 1158
998 1120
999 1124
1000 1156
1001 1125
1002 1124
1003 1113
1004 1120
1005 1124
1006 1113
1007 1112
1008 1136
1009 1129
1010 3189
1011 3180
1012 3182
1013 1124
1014 3197
1015 3175
1016 3184
1017 1136
1018 3189
1019 3189
1020 1136
1021 1115
1022 1076
1023 1094
1024 1094
1025 1157
1026 1118
1027 1109
1028 1125
1029 1127
1030 1116
1031 1114
1032 1114
1033 1126
1034 1115
1035 1115
1036 1125
1037 1118
1038 1125
1039 1113
1040 1531
1041 1127
1042 1134
1043 3189
1044 3189
1045 3181
1046 3180
1047 3185
1048 3190
1049 3174
1050 3174
1051 3174
1052 3190
1053 3206
1054 3190
1055 3190
1056 3210
1057 3202
1058 3190
1059 3193
1060 3201
1061 3196
1062 3320
1063 3322
1064 3185
1065 3322
1066 3322
1067 3204
1068 3203
1069 3191
1070 3204
1071 3381
1072 3327
1073 3208
1074 3423
1075 3445
1076 3445
1077 3371
1078 3436
1079 3436
1080 3331
1081 3434
1082 3375
1083 3379
1084 3327
1085 3327
1086 3459
1087 3376
1088 3412
1089 3460
1090 3400
1091 3399
1092 3399
1093 3417
1094 3423
1095 3457
1096 3376
1097 3376
1098 3380
1099 3370
1100 3376
1101 3379
1102 3379
1103 3376
1104 3419
1105 3419
1106 3451
1107 3451
1108 3460
1109 3446
1110 3446
1111 3460
1112 3419
1113 3419
1114 3445
1115 3445
1116 3419
1117 3419
1118 3421
1119 3419
1120 3361
1121 3363
1122 3339
1123 3351
1124 3339
1125 3398
1126 3398
1127 3339
1128 3439
1129 3339
1130 3339
1131 3398
1132 3361
1133 3361
1134 3439
1135 3361
1136 3363
1137 1050
1138 1050
1139 1050
1140 1056
1141 1177
1142 1060
1143 1111
1144 1087
1145 1471
1146 1133
1147 1131
1148 3193
1149 3190
1150 3204
1151 3380
1152 3329
1153 3380
1154 3457
1155 3370
1156 3419
1157 3451
1158 3361
1159 1033
1160 975
1161 983
1162 1042
1163 1050
1164 1050
1165 998
1166 1521
1167 1116
1168 1470
1169 1110
1170 1110
1171 1116
1172 1127
1173 1114
1174 1114
1175 3381
1176 3381
1177 3380
1178 3330
1179 3331
1180 3331
1181 3335
1182 3331
1183 3417
1184 1092
1185 1095
1186 1095
1187 1100
1188 1758
1189 1758
1190 786
1191 2860
1192 1382
1193 628
1194 628
1195 1288
1196 2819
1197 2820
1198 2821
1199 2821
1200 1349
1201 3042
1202 3042
1203 6509
1204 936
1205 6547
1206 933
1207 988
1208 1038
1209 1000
1210 998
1211 2908
1212 1235
1213 6344
1214 2875
1215 747
1216 4726
1217 6338
1218 1816
1219 829
1220 829
1221 1057
1222 1057
1223 1057
1224 1014
1225 1036
1226 999
1227 1002
1228 903
1229 903
1230 1167
1231 4868
1232 4117
1233 4117
1234 4117
1235 2998
1236 1287
1237 4060
1238 781
1239 2879
1240 782
1241 1849
1242 1824
1243 1824
1244 1821
1245 1824
1246 902
1247 1367
1248 661
1249 1193
1250 661
1251 1757
1252 2937
1253 1283
1254 930
1255 2813
1256 698
1257 6274
1258 1587
1259 1587
1260 788
1261 1595
1262 975
1263 835
1264 1384
1265 653
1266 645
1267 1385
1268 629
1269 1384
1270 626
1271 1695
1272 1695
1273 1695
1274 1045
1275 958
1276 974
1277 1057
1278 1057
1279 201
1280 3724
1281 1376
1282 1310
1283 1310
1284 1680
1285 1315
1286 1314
1287 1310
1288 1310
1289 3010
1290 1881
1291 1862
1292 1863
1293 1893
1294 1824
1295 1239
1296 1535
1297 702
1298 4059
1299 570
1300 1320
1301 813
1302 812
1303 2972
1304 814
1305 5279
1306 3470
1307 175
1308 153
1309 152
1310 4117
1311 4117
1312 3724
1313 3724
1314 4868
1315 1592
1316 1239
1317 1821
1318 782
1319 295
1320 148
1321 870
1322 900
1323 653
1324 1758
1325 1420
1326 942
1327 942
1328 1420
1329 1256
1330 1351
1331 144
1332 4824
1333 685
1334 929
1335 4288
1336 6570
1337 5261
1338 950
1339 973
1340 1310
1341 1679
1342 1505
1343 1505
1344 1201
1345 4824
1346 1407
1347 1406
1348 2854
1349 698
1350 593
1351 698
1352 593
1353 1057
1354 1057
1355 1614
1356 1614
1357 1614
1358 1614
1359 1151
1360 1057
1361 1522
1362 1050
1363 6546
1364 1521
1365 1019
1366 1011
1367 1149
1368 1177
1369 3201
1370 3436
1371 3378
1372 3423
1373 3451
1374 3361
1375 3419
1376 4868
1377 4115
1378 1693
1379 1693
1380 788
1381 4117
1382 626
1383 1675
1384 629
1385 4117
1386 629
1387 1693
1388 4117
1389 1556
1390 4868
1391 1952
1392 1952
1393 1556
1394 1586
1395 4117
1396 629
1397 629
1398 1386
1399 1679
1400 1505
1401 1444
1402 1505
1403 1399
1404 1399
1405 1587
1406 1550
1407 1691
1408 1691
1409 788
1410 1678
1411 1676
1412 626
1413 788
1414 1675
1415 1505
1416 1680
1417 1405
1418 1314
1419 1314
1420 2860
1421 1411
1422 1678
1423 1675
1424 638
1425 648
1426 1197
1427 1280
1428 1579
1429 1691
1430 1691
1431 1691
1432 1310
1433 1310
1434 2978
1435 2901
1436 1258
1437 1272
1438 1614
1439 1505
1440 1505
1441 1614
1442 1505
1443 1505
1444 1679
1445 1614
1446 835
1447 834
1448 4365
1449 4987
1450 833
1451 1003
1452 1036
1453 4534
1454 900
1455 1098
1456 1151
1457 1182
1458 1149
1459 1149
1460 1182
1461 1149
1462 1181
1463 1095
1464 3400
1465 3459
1466 3460
1467 3399
1468 3380
1469 3370
1470 3371
1471 3446
1472 3446
1473 3457
1474 3445
1475 1057
1476 1521
1477 900
1478 975
1479 979
1480 900
1481 661
1482 661
1483 645
1484 1193
1485 940
1486 653
1487 1196
1488 653
1489 653
1490 653
1491 653
1492 653
1493 1192
1494 645
1495 653
1496 1192
1497 961
1498 1050
1499 1011
1500 975
1501 975
1502 1310
1503 1405
1504 1406
1505 1579
1506 1568
1507 1680
1508 1399
1509 1400
1510 1444
1511 834
1512 1360
1513 1360
1514 1050
1515 1050
1516 1463
1517 1094
1518 1082
1519 1109
1520 1134
1521 1135
1522 3197
1523 3193
1524 3210
1525 3417
1526 3436
1527 3417
1528 3412
1529 3446
1530 3460
1531 3398
1532 3339
1533 1057
1534 1050
1535 609
1536 1311
1537 2821
1538 1505
1539 1038
1540 1521
1541 1556
1542 1548
1543 1680
1544 1505
1545 1505
1546 5420
1547 5383
1548 5383
1549 5420
1550 5420
1551 5383
1552 5420
1553 5383
1554 5383
1555 5420
1556 5440
1557 5383
1558 5383
1559 5440
1560 5420
1561 5410
1562 5410
1563 5420
1564 5028
1565 5019
1566 5019
1567 5028
1568 5418
1569 5410
1570 5410
1571 5418
1572 5409
1573 5025
1574 5025
1575 5409
1576 5025
1577 5407
1578 5420
1579 5410
1580 5410
1581 5420
1582 5440
1583 5383
1584 5383
1585 5440
1586 5440
1587 5383
1588 5440
1589 5440
1590 5383
1591 5383
1592 5440
1593 5418
1594 5410
1595 5410
1596 5409
1597 5418
1598 5410
1599 5420
1600 5410
1601 5410
1602 5420
1603 5418
1604 5410
1605 5410
1606 5418
1607 5025
1608 5025
1609 5418
1610 5056
1611 5056
1612 5418
1613 5050
1614 5028
1615 5017
1616 5047
1617 5020
1618 5048
1619 5050
1620 5050
1621 5050
1622 5050
1623 5020
1624 5056
1625 5056
1626 5020
1627 5048
1628 5023
1629 5020
1630 5028
1631 4276
1632 5211
1633 5211
1634 4276
1635 4114
1636 4114
1637 4276
1638 4276
1639 4276
1640 5211
1641 5211
1642 4276
1643 5022
1644 5022
1645 5211
1646 5050
1647 5050
1648 5211
1649 5211
1650 5211
1651 5211
1652 5211
1653 5211
1654 5211
1655 5050
1656 5066
1657 5048
1658 5050
1659 5050
1660 5047
1661 5047
1662 5047
1663 5050
1664 5211
1665 5050
1666 5047
1667 5211
1668 4276
1669 4276
1670 5211
1671 4115
1672 4115
1673 4868
1674 4868
1675 4868
1676 4115
1677 4276
1678 4868
1679 4115
1680 4276
1681 5211
1682 4276
1683 5211
1684 5050
1685 5420
1686 5383
1687 5383
1688 5420
1689 5383
1690 5440
1691 5410
1692 5420
1693 5440
1694 5050
1695 5019
1696 5050
1697 5211
1698 5042
1699 5048
1700 5047
1701 5060
1702 5020
1703 5050
1704 5211
1705 5066
1706 5050
1707 4276
1708 4276
1709 4276
1710 4276
1711 5211
1712 5211
1713 5041
1714 4276
1715 5211
1716 4868
1717 4276
1718 4276
1719 4276
1720 4276
1721 5420
1722 5410
1723 5028
1724 5020
1725 5019
1726 5420
1727 5383
1728 5418
1729 5410
1730 5418
1731 5050
1732 5050
1733 5050
1734 4868
1735 4276
1736 5047
1737 1386
1738 5047
1739 5211
1740 5050
1741 5564
1742 5409
1743 5019
1744 5028
1745 5042
1746 5066
1747 5050
1748 4276
1749 4276
1750 5440
1751 5211
1752 5025
1753 6337
1754 6344
1755 5275
1756 626
1757 2867
1758 1235
1759 1394
1760 1394
1761 2821
1762 2821
1763 627
1764 3969
1765 3975
1766 3967
1767 4121
1768 6554
1769 4297
1770 3967
1771 4039
1772 3969
1773 3967
1774 3967
1775 3880
1776 3979
1777 4023
1778 3707
1779 4298
1780 4647
1781 4645
1782 4352
1783 6552
1784 4645
1785 1229
1786 874
1787 875
1788 875
1789 872
1790 870
1791 870
1792 870
1793 870
1794 876
1795 870
1796 875
1797 838
1798 1499
1799 873
1800 1229
1801 872
1802 877
1803 1224
1804 1224
1805 4706
1806 1367
1807 4624
1808 1297
1809 805
1810 805
1811 2972
1812 2889
1813 2887
1814 2880
1815 1821
1816 2972
1817 812
1818 1809
1819 2972
1820 2972
1821 1849
1822 1821
1823 1824
1824 1824
1825 1881
1826 1881
1827 2891
1828 2890
1829 3011
1830 1874
1831 1874
1832 3011
1833 1881
1834 2998
1835 2935
1836 2966
1837 1888
1838 2979
1839 3002
1840 2990
1841 2895
1842 636
1843 1874
1844 1400
1845 1505
1846 2821
1847 1505
1848 1505
1849 782
1850 6283
1851 6283
1852 6356
1853 636
1854 6283
1855 1443
1856 1874
1857 1830
1858 1505
1859 1505
1860 1399
1861 1821
1862 1849
1863 1849
1864 1821
1865 2821
1866 1680
1867 1680
1868 2821
1869 1680
1870 1505
1871 1399
1872 1821
1873 1824
1874 1399
1875 1399
1876 1679
1877 1614
1878 1614
1879 1311
1880 2821
1881 1824
1882 1444
1883 1444
1884 3011
1885 3011
1886 1881
1887 3011
1888 1505
1889 1444
1890 2893
1891 636
1892 1614
1893 1821
1894 1824
1895 1824
1896 1881
1897 3011
1898 636
1899 1821
1900 5050
1901 1680
1902 1742
1903 1742
1904 1587
1905 1905
1906 1906
1907 2760
1908 2739
1909 5050
1910 5047
1911 5056
1912 5219
1913 5418
1914 5162
1915 5025
1916 5025
1917 5056
1918 5476
1919 5477
1920 5688
1921 5476
1922 2930
1923 5483
1924 2930
1925 5483
1926 2930
1927 2930
1928 5483
1929 5483
1930 2930
1931 5476
1932 5476
1933 5483
1934 5483
1935 2930
1936 5483
1937 2930
1938 2930
1939 5476
1940 2930
1941 2930
1942 5476
1943 2930
1944 2930
1945 2930
1946 5561
1947 5561
1948 5440
1949 5476
1950 5476
1951 5561
1952 5561
1953 5440
1954 5561
1955 5561
1956 5476
1957 5561
1958 5476
1959 5483
1960 5476
1961 5688
1962 2930
1963 5476
1964 5561
1965 5561
1966 5561
1967 5476
1968 5561
1969 3021
1970 2930
1971 5561
1972 5476
1973 5561
1974 5561
1975 5476
1976 5440
1977 5561
1978 5561
1979 2930
1980 5440
1981 6382
1982 6569
1983 3507
1984 3507
1985 3500
1986 4344
1987 3500
1988 5234
1989 6569
1990 6382
1991 6569
1992 5267
1993 3098
1994 3098
1995 3098
1996 6382
1997 3507
1998 6382
1999 6382
2000 3503
2001 6382
2002 1768
2003 1768
2004 6382
2005 3507
2006 3507
2007 1768
2008 1768
2009 6382
2010 6569
2011 6382
2012 6382
2013 4405
2014 4405
2015 1779
2016 1779
2017 1779
2018 1779
2019 1779
2020 1779
2021 5234
2022 5234
2023 5234
2024 3500
2025 1779
2026 4405
2027 810
2028 810
2029 810
2030 810
2031 4405
2032 1779
2033 1779
2034 4405
2035 5234
2036 5234
2037 810
2038 810
2039 810
2040 810
2041 6569
2042 6569
2043 815
2044 3098
2045 3098
2046 3098
2047 6569
2048 6569
2049 6382
2050 6382
2051 6382
2052 6382
2053 6569
2054 6569
2055 816
2056 816
2057 808
2058 808
2059 1779
2060 1782
2061 3507
2062 6569
2063 6569
2064 3507
2065 4405
2066 1779
2067 810
2068 810
2069 3500
2070 5234
2071 4405
2072 1779
2073 1782
2074 3098
2075 6382
2076 3507
2077 3503
2078 3507
2079 1768
2080 3500
2081 3507
2082 6382
2083 3160
2084 3507
2085 6382
2086 4347
2087 4405
2088 1779
2089 1782
2090 5234
2091 3500
2092 4405
2093 4405
2094 3500
2095 3503
2096 5234
2097 1779
2098 1782
2099 1782
2100 1779
2101 1782
2102 1782
2103 1782
2104 1782
2105 1782
2106 1782
2107 1782
2108 1782
2109 1782
2110 1782
2111 1782
2112 1782
2113 1783
2114 6382
2115 6382
2116 6382
2117 3098
2118 3098
2119 815
2120 5234
2121 5234
2122 815
2123 3086
2124 808
2125 808
2126 3086
2127 808
2128 808
2129 808
2130 808
2131 816
2132 815
2133 3098
2134 6569
2135 3098
2136 6569
2137 5267
2138 5267
2139 3098
2140 3098
2141 816
2142 815
2143 3500
2144 3500
2145 810
2146 810
2147 1782
2148 1782
2149 3507
2150 6382
2151 3507
2152 816
2153 808
2154 808
2155 816
2156 3086
2157 3085
2158 810
2159 3086
2160 815
2161 808
2162 808
2163 815
2164 815
2165 808
2166 3086
2167 808
2168 808
2169 3086
2170 5234
2171 3500
2172 5234
2173 5267
2174 6569
2175 3507
2176 3500
2177 808
2178 808
2179 808
2180 3503
2181 3086
2182 1779
2183 4405
2184 5234
2185 1779
2186 3086
2187 3086
2188 816
2189 815
2190 808
2191 808
2192 5234
2193 1204
2194 1806
2195 5234
2196 4405
2197 5234
2198 3098
2199 5234
2200 5234
2201 4405
2202 1779
2203 1779
2204 3086
2205 810
2206 1782
2207 1782
2208 1782
2209 1782
2210 5234
2211 5234
2212 3500
2213 3500
2214 3098
2215 3085
2216 3085
2217 3085
2218 3085
2219 3085
2220 3085
2221 3500
2222 815
2223 5234
2224 3500
2225 4344
2226 5234
2227 4405
2228 1782
2229 1779
2230 1782
2231 3500
2232 3085
2233 3085
2234 1782
2235 1782
2236 3507
2237 4813
2238 3500
2239 3500
2240 5234
2241 1782
2242 2930
2243 2930
2244 2930
2245 3085
2246 808
2247 808
2248 4344
2249 6382
2250 6382
2251 1783
2252 4344
2253 6382
2254 5234
2255 5234
2256 5234
2257 5234
2258 808
2259 808
2260 3098
2261 808
2262 808
2263 808
2264 3500
2265 5234
2266 6569
2267 6382
2268 5267
2269 808
2270 808
2271 3098
2272 3085
2273 3085
2274 808
2275 5267
2276 808
2277 808
2278 1806
2279 1782
2280 3085
2281 3085
2282 3085
2283 3085
2284 5234
2285 1768
2286 2930
2287 1783
2288 6382
2289 815
2290 3098
2291 808
2292 815
2293 816
2294 808
2295 3085
2296 3085
2297 3085
2298 3085
2299 3085
2300 3085
2301 3085
2302 3085
2303 3085
2304 3085
2305 3085
2306 3085
2307 3085
2308 3085
2309 3085
2310 3085
2311 3085
2312 3085
2313 3085
2314 3085
2315 3085
2316 3085
2317 3085
2318 3085
2319 3085
2320 3085
2321 3085
2322 3085
2323 3085
2324 3085
2325 3085
2326 3085
2327 3085
2328 3085
2329 3085
2330 3085
2331 3085
2332 3085
2333 3085
2334 3085
2335 3085
2336 3085
2337 3085
2338 3085
2339 3085
2340 3085
2341 3085
2342 3085
2343 3085
2344 3085
2345 3085
2346 3085
2347 3085
2348 3085
2349 3085
2350 3085
2351 3085
2352 3085
2353 3085
2354 3085
2355 3085
2356 3085
2357 3085
2358 3085
2359 3085
2360 3085
2361 3085
2362 3085
2363 3085
2364 3085
2365 3085
2366 3085
2367 3086
2368 808
2369 808
2370 810
2371 807
2372 808
2373 810
2374 3085
2375 3085
2376 3085
2377 3085
2378 810
2379 808
2380 808
2381 808
2382 810
2383 807
2384 807
2385 810
2386 810
2387 810
2388 810
2389 810
2390 3085
2391 810
2392 810
2393 3085
2394 3085
2395 3085
2396 3085
2397 810
2398 810
2399 810
2400 807
2401 810
2402 810
2403 3085
2404 810
2405 880
2406 3085
2407 810
2408 810
2409 810
2410 810
2411 810
2412 810
2413 810
2414 810
2415 810
2416 810
2417 810
2418 810
2419 810
2420 810
2421 810
2422 810
2423 810
2424 810
2425 810
2426 810
2427 3479
2428 810
2429 810
2430 810
2431 810
2432 810
2433 3479
2434 810
2435 810
2436 810
2437 810
2438 810
2439 810
2440 810
2441 810
2442 810
2443 810
2444 810
2445 810
2446 810
2447 3479
2448 810
2449 3479
2450 810
2451 810
2452 810
2453 810
2454 810
2455 810
2456 810
2457 810
2458 810
2459 810
2460 3479
2461 810
2462 810
2463 810
2464 810
2465 810
2466 810
2467 810
2468 810
2469 3085
2470 3085
2471 3085
2472 3085
2473 3085
2474 3085
2475 3085
2476 3085
2477 3085
2478 3085
2479 3086
2480 808
2481 808
2482 3086
2483 3085
2484 3085
2485 3086
2486 3085
2487 3085
2488 3086
2489 808
2490 808
2491 808
2492 3086
2493 808
2494 808
2495 3086
2496 3086
2497 3086
2498 3086
2499 3086
2500 3085
2501 880
2502 3085
2503 3085
2504 3085
2505 3085
2506 3085
2507 3085
2508 3085
2509 3085
2510 808
2511 808
2512 3085
2513 3085
2514 3085
2515 3085
2516 3085
2517 3085
2518 3085
2519 3085
2520 3085
2521 3085
2522 3085
2523 3085
2524 3085
2525 3085
2526 3085
2527 810
2528 810
2529 810
2530 810
2531 810
2532 810
2533 810
2534 810
2535 810
2536 810
2537 810
2538 810
2539 810
2540 810
2541 810
2542 810
2543 3085
2544 810
2545 810
2546 810
2547 810
2548 810
2549 810
2550 810
2551 810
2552 3085
2553 3085
2554 810
2555 810
2556 810
2557 810
2558 810
2559 810
2560 810
2561 810
2562 810
2563 810
2564 3085
2565 3085
2566 3085
2567 810
2568 3085
2569 3085
2570 810
2571 810
2572 810
2573 810
2574 810
2575 810
2576 810
2577 810
2578 810
2579 810
2580 808
2581 3086
2582 807
2583 807
2584 3086
2585 3086
2586 807
2587 807
2588 3086
2589 3086
2590 807
2591 808
2592 815
2593 808
2594 808
2595 1204
2596 816
2597 816
2598 1204
2599 807
2600 3086
2601 808
2602 807
2603 807
2604 808
2605 1204
2606 815
2607 815
2608 816
2609 808
2610 808
2611 816
2612 816
2613 808
2614 808
2615 808
2616 808
2617 808
2618 807
2619 3085
2620 3085
2621 3086
2622 3086
2623 807
2624 3086
2625 3085
2626 3085
2627 3085
2628 816
2629 3085
2630 3085
2631 3086
2632 3085
2633 3085
2634 3085
2635 3085
2636 3085
2637 3085
2638 3085
2639 3085
2640 3085
2641 3085
2642 3085
2643 3085
2644 3085
2645 3085
2646 3085
2647 3085
2648 3085
2649 3085
2650 3085
2651 3085
2652 3085
2653 3085
2654 3085
2655 3085
2656 880
2657 3085
2658 3085
2659 3085
2660 3085
2661 3085
2662 3085
2663 3085
2664 880
2665 3085
2666 3085
2667 3085
2668 3085
2669 3085
2670 3085
2671 3085
2672 3085
2673 3085
2674 3085
2675 880
2676 3085
2677 880
2678 3085
2679 3085
2680 3085
2681 3085
2682 3085
2683 3085
2684 3085
2685 3085
2686 3085
2687 3085
2688 3085
2689 3085
2690 3085
2691 3085
2692 3085
2693 3085
2694 3085
2695 3085
2696 3085
2697 1204
2698 6569
2699 6569
2700 6569
2701 6569
2702 6569
2703 6569
2704 6569
2705 6569
2706 6569
2707 6569
2708 6569
2709 6569
2710 6569
2711 6569
2712 6569
2713 6569
2714 6569
2715 6569
2716 5268
2717 864
2718 864
2719 4350
2720 864
2721 864
2722 864
2723 5268
2724 4350
2725 4350
2726 4350
2727 4350
2728 4350
2729 4350
2730 4350
2731 864
2732 5268
2733 5267
2734 864
2735 864
2736 864
2737 5268
2738 864
2739 864
2740 5268
2741 864
2742 6569
2743 6569
2744 864
2745 4350
2746 4350
2747 864
2748 4350
2749 4350
2750 864
2751 4350
2752 4350
2753 4350
2754 6569
2755 6569
2756 6569
2757 5268
2758 5267
2759 5267
2760 864
2761 864
2762 864
2763 864
2764 864
2765 864
2766 4350
2767 864
2768 864
2769 864
2770 6569
2771 1806
2772 6569
2773 3507
2774 3503
2775 3507
2776 6382
2777 1806
2778 3507
2779 2715
2780 2715
2781 2714
2782 2714
2783 2715
2784 2705
2785 2705
2786 2705
2787 2705
2788 2705
2789 2705
2790 2705
2791 2705
2792 2714
2793 2714
2794 2714
2795 2705
2796 2714
2797 2714
2798 2705
2799 2715
2800 2705
2801 2705
2802 2705
2803 2705
2804 2705
2805 2714
2806 2705
2807 2715
2808 2705
2809 2705
2810 2714
2811 2714
2812 4789
2813 4900
2814 2714
2815 2714
2816 2714
2817 2714
2818 2714
2819 788
2820 1675
2821 1602
2822 1549
2823 929
2824 1192
2825 1192
2826 642
2827 645
2828 1196
2829 653
2830 1193
2831 1191
2832 1757
2833 1757
2834 1758
2835 1758
2836 1757
2837 642
2838 642
2839 1196
2840 1196
2841 1386
2842 1196
2843 1422
2844 1196
2845 1420
2846 3040
2847 1385
2848 598
2849 1759
2850 1235
2851 1384
2852 6333
2853 4185
2854 4185
2855 2872
2856 589
2857 589
2858 593
2859 1243
2860 1292
2861 1538
2862 1538
2863 1408
2864 1405
2865 789
2866 1405
2867 2820
2868 1428
2869 1416
2870 930
2871 3026
2872 4059
2873 5418
2874 5476
2875 2972
2876 6339
2877 5283
2878 6339
2879 782
2880 747
2881 1811
2882 1816
2883 1422
2884 1303
2885 748
2886 1819
2887 1819
2888 2887
2889 2889
2890 1824
2891 6444
2892 1824
2893 1881
2894 1881
2895 1914
2896 1598
2897 1550
2898 1555
2899 1555
2900 1594
2901 1692
2902 1679
2903 2821
2904 1406
2905 789
2906 626
2907 1904
2908 628
2909 838
2910 6561
2911 4367
2912 870
2913 4165
2914 4142
2915 6515
2916 6515
2917 882
2918 4367
2919 882
2920 1499
2921 837
2922 1540
2923 6553
2924 837
2925 3481
2926 876
2927 882
2928 4355
2929 4298
2930 4316
2931 2998
2932 2998
2933 734
2934 734
2935 734
2936 734
2937 734
2938 1886
2939 1885
2940 1882
2941 2947
2942 1889
2943 1444
2944 1444
2945 1505
2946 1399
2947 1874
2948 2894
2949 1812
2950 2969
2951 895
2952 789
2953 1376
2954 1376
2955 1390
2956 788
2957 788
2958 788
2959 1541
2960 2899
2961 2898
2962 2994
2963 709
2964 707
2965 706
2966 1813
2967 1812
2968 1814
2969 2886
2970 2969
2971 2969
2972 826
2973 806
2974 1742
2975 1579
2976 1579
2977 1742
2978 1579
2979 1914
2980 1597
2981 1742
2982 1597
2983 1914
2984 1914
2985 1614
2986 1614
2987 1653
2988 1444
2989 1505
2990 1614
2991 1505
2992 1614
2993 1679
2994 1614
2995 1614
2996 1505
2997 6456
2998 734
2999 1850
3000 1443
3001 1443
3002 1444
3003 1874
3004 1830
3005 1833
3006 2969
3007 6456
3008 1881
3009 1824
3010 1824
3011 1824
3012 828
3013 5050
3014 2931
3015 3508
3016 2906
3017 1834
3018 1426
3019 1757
3020 661
3021 4352
3022 4332
3023 661
3024 642
3025 2932
3026 2997
3027 6456
3028 895
3029 731
3030 1293
3031 592
3032 592
3033 1296
3034 666
3035 1293
3036 1293
3037 1296
3038 1416
3039 649
3040 623
3041 1293
3042 693
3043 623
3044 623
3045 3052
3046 3569
3047 6495
3048 3055
3049 3161
3050 3046
3051 3777
3052 3911
3053 2714
3054 2758
3055 338
3056 188
3057 143
3058 3910
3059 148
3060 451
3061 219
3062 1312
3063 6274
3064 4188
3065 4185
3066 4782
3067 1320
3068 3658
3069 1905
3070 1906
3071 2760
3072 2726
3073 4789
3074 4900
3075 6273
3076 6476
3077 6411
3078 4073
3079 2854
3080 900
3081 979
3082 975
3083 900
3084 834
3085 1360
3086 874
3087 969
3088 977
3089 979
3090 874
3091 834
3092 975
3093 900
3094 835
3095 976
3096 975
3097 1499
3098 1229
3099 1229
3100 870
3101 875
3102 1463
3103 903
3104 973
3105 905
3106 847
3107 834
3108 1360
3109 834
3110 1263
3111 874
3112 877
3113 874
3114 875
3115 834
3116 901
3117 899
3118 947
3119 952
3120 909
3121 877
3122 4365
3123 1499
3124 1426
3125 1100
3126 1050
3127 1057
3128 835
3129 900
3130 835
3131 1002
3132 1036
3133 835
3134 975
3135 1050
3136 900
3137 903
3138 903
3139 1459
3140 947
3141 1141
3142 3125
3143 1144
3144 947
3145 1459
3146 1144
3147 1187
3148 1184
3149 1025
3150 1274
3151 1229
3152 1274
3153 871
3154 870
3155 1499
3156 875
3157 837
3158 1366
3159 1229
3160 1224
3161 3572
3162 3052
3163 2758
3164 3715
3165 2705
3166 3055
3167 2714
3168 425
3169 4308
3170 1057
3171 1320
3172 1050
3173 642
3174 3336
3175 3336
3176 3294
3177 3294
3178 3336
3179 3336
3180 3336
3181 3336
3182 3294
3183 3292
3184 3352
3185 3318
3186 3352
3187 3354
3188 3318
3189 3354
3190 3318
3191 3354
3192 3336
3193 3294
3194 3294
3195 3294
3196 3294
3197 3336
3198 3291
3199 3236
3200 3291
3201 3291
3202 3291
3203 3291
3204 3291
3205 3291
3206 3318
3207 3282
3208 3282
3209 3289
3210 3291
3211 2022
3212 2022
3213 2022
3214 2022
3215 2022
3216 2022
3217 2022
3218 2022
3219 2022
3220 2022
3221 2022
3222 2022
3223 2022
3224 2022
3225 2022
3226 2070
3227 2022
3228 2022
3229 2022
3230 2022
3231 2070
3232 2071
3233 2022
3234 2022
3235 2022
3236 2072
3237 2071
3238 2022
3239 2071
3240 2022
3241 2022
3242 2069
3243 2022
3244 2022
3245 2022
3246 2022
3247 2022
3248 2022
3249 2022
3250 2069
3251 2022
3252 2069
3253 2022
3254 2022
3255 2022
3256 2022
3257 2022
3258 2022
3259 2022
3260 2022
3261 2022
3262 2022
3263 2022
3264 2022
3265 2022
3266 2022
3267 2022
3268 2022
3269 2022
3270 2022
3271 2022
3272 2022
3273 2022
3274 2022
3275 2022
3276 2022
3277 2022
3278 2022
3279 2072
3280 2070
3281 2071
3282 2112
3283 2071
3284 2070
3285 2022
3286 2070
3287 2071
3288 2022
3289 2072
3290 2071
3291 2072
3292 1972
3293 2022
3294 1972
3295 2022
3296 2072
3297 1972
3298 2071
3299 2022
3300 2022
3301 2022
3302 2022
3303 2071
3304 2071
3305 2022
3306 2022
3307 2022
3308 2022
3309 2022
3310 2072
3311 2070
3312 2022
3313 2072
3314 2070
3315 1972
3316 1932
3317 2022
3318 1972
3319 3297
3320 3352
3321 3352
3322 3297
3323 3297
3324 3282
3325 3282
3326 3289
3327 3231
3328 3232
3329 3232
3330 3232
3331 3232
3332 3304
3333 3304
3334 3304
3335 3237
3336 1932
3337 1932
3338 1932
3339 1932
3340 1932
3341 1932
3342 1932
3343 1932
3344 1932
3345 1932
3346 1932
3347 1932
3348 1932
3349 1932
3350 1932
3351 1932
3352 1932
3353 1932
3354 1932
3355 1932
3356 1932
3357 1932
3358 1932
3359 1932
3360 1932
3361 1932
3362 1932
3363 1932
3364 3266
3365 3228
3366 3228
3367 3266
3368 3266
3369 3266
3370 3256
3371 3266
3372 3266
3373 3227
3374 3255
3375 3245
3376 3255
3377 3227
3378 3266
3379 3300
3380 3247
3381 3231
3382 3266
3383 3245
3384 3245
3385 3266
3386 3266
3387 3245
3388 3245
3389 3266
3390 3233
3391 3233
3392 3233
3393 3233
3394 3245
3395 3233
3396 3266
3397 3266
3398 1932
3399 3256
3400 3256
3401 3256
3402 3229
3403 3266
3404 3274
3405 3227
3406 1932
3407 3266
3408 3266
3409 3274
3410 3227
3411 3257
3412 3266
3413 3266
3414 3243
3415 3235
3416 3247
3417 3300
3418 3300
3419 3266
3420 3266
3421 3266
3422 3266
3423 3266
3424 3266
3425 3266
3426 3266
3427 3266
3428 3266
3429 3266
3430 3266
3431 3266
3432 3231
3433 3231
3434 3232
3435 3232
3436 3232
3437 1932
3438 1932
3439 1932
3440 3266
3441 3266
3442 3266
3443 3266
3444 3266
3445 3266
3446 3266
3447 3266
3448 3266
3449 3266
3450 3266
3451 3266
3452 3266
3453 3266
3454 3266
3455 3266
3456 3266
3457 3266
3458 3266
3459 3266
3460 3266
3461 3266
3462 3266
3463 3266
3464 3266
3465 3266
3466 3266
3467 3266
3468 3266
3469 3287
3470 829
3471 6349
3472 3205
3473 3202
3474 3202
3475 3127
3476 929
3477 642
3478 601
3479 900
3480 688
3481 3125
3482 4780
3483 593
3484 1227
3485 3965
3486 3967
3487 3969
3488 4044
3489 4039
3490 3979
3491 3967
3492 3967
3493 3967
3494 3967
3495 4782
3496 4188
3497 4185
3498 6274
3499 3047
3500 6570
3501 4121
3502 1757
3503 4368
3504 4105
3505 2932
3506 930
3507 1540
3508 2997
3509 929
3510 4626
3511 598
3512 2714
3513 2758
3514 2714
3515 2714
3516 2714
3517 2714
3518 2762
3519 2762
3520 2734
3521 2760
3522 2734
3523 341
3524 3523
3525 3777
3526 3777
3527 3523
3528 2714
3529 2714
3530 2734
3531 2734
3532 2714
3533 2715
3534 2715
3535 2714
3536 2714
3537 2734
3538 2714
3539 2714
3540 2714
3541 2715
3542 2715
3543 2714
3544 2714
3545 2714
3546 2714
3547 2714
3548 2714
3549 2705
3550 2705
3551 2705
3552 18
3553 18
3554 227
3555 26
3556 2758
3557 5369
3558 343
3559 3551
3560 343
3561 265
3562 3777
3563 3527
3564 3755
3565 3777
3566 3778
3567 3569
3568 3651
3569 3651
3570 3778
3571 3524
3572 3562
3573 3911
3574 3524
3575 3056
3576 5368
3577 442
3578 3056
3579 8
3580 3936
3581 3936
3582 3750
3583 81
3584 3750
3585 238
3586 238
3587 3047
3588 3806
3589 339
3590 6494
3591 442
3592 5368
3593 5369
3594 442
3595 5368
3596 3575
3597 3805
3598 3589
3599 3586
3600 3600
3601 3608
3602 458
3603 3948
3604 3604
3605 3604
3606 1905
3607 431
3608 3600
3609 3586
3610 3604
3611 3611
3612 3611
3613 3611
3614 3569
3615 3568
3616 2714
3617 2714
3618 2714
3619 2714
3620 2714
3621 2714
3622 2762
3623 2760
3624 2762
3625 2762
3626 2714
3627 2714
3628 2714
3629 2758
3630 2714
3631 2714
3632 2714
3633 2714
3634 2714
3635 2714
3636 2715
3637 2715
3638 2705
3639 2705
3640 2705
3641 2705
3642 2705
3643 2705
3644 2762
3645 2762
3646 2714
3647 2762
3648 2766
3649 3777
3650 3777
3651 3527
3652 3778
3653 3525
3654 3650
3655 3650
3656 3778
3657 3778
3658 3650
3659 3778
3660 3778
3661 3566
3662 3615
3663 3713
3664 3656
3665 3656
3666 3777
3667 23
3668 3530
3669 2750
3670 6264
3671 6241
3672 6248
3673 3638
3674 6248
3675 6248
3676 3638
3677 2751
3678 3752
3679 3702
3680 3707
3681 3862
3682 3702
3683 3880
3684 3778
3685 3566
3686 3566
3687 3570
3688 3967
3689 3702
3690 3784
3691 3977
3692 3967
3693 3782
3694 3693
3695 3781
3696 3778
3697 3889
3698 3733
3699 3733
3700 2714
3701 2762
3702 2714
3703 2714
3704 2741
3705 2762
3706 3618
3707 6278
3708 3702
3709 3855
3710 3969
3711 3962
3712 3778
3713 3733
3714 3896
3715 3566
3716 3901
3717 3896
3718 3653
3719 184
3720 3715
3721 3715
3722 3715
3723 184
3724 3738
3725 3715
3726 3655
3727 3655
3728 3658
3729 3658
3730 3685
3731 3714
3732 3766
3733 3777
3734 3714
3735 3696
3736 3696
3737 3901
3738 3900
3739 2714
3740 2715
3741 2705
3742 2705
3743 2705
3744 2714
3745 2714
3746 2714
3747 2715
3748 18
3749 18
3750 227
3751 2734
3752 2714
3753 2714
3754 2714
3755 3748
3756 3523
3757 3520
3758 2762
3759 6248
3760 2762
3761 3702
3762 3969
3763 3784
3764 3784
3765 3695
3766 3693
3767 3889
3768 3738
3769 3715
3770 2762
3771 2714
3772 6248
3773 44
3774 341
3775 2734
3776 2734
3777 3520
3778 3523
3779 3757
3780 3777
3781 3967
3782 3880
3783 3785
3784 3971
3785 3707
3786 3782
3787 2761
3788 2714
3789 2734
3790 3790
3791 3604
3792 3604
3793 3790
3794 3052
3795 3910
3796 3615
3797 3615
3798 2714
3799 2714
3800 2714
3801 2714
3802 442
3803 3551
3804 342
3805 431
3806 104
3807 3732
3808 3567
3809 3656
3810 3653
3811 3653
3812 3902
3813 3902
3814 3902
3815 3901
3816 6493
3817 3161
3818 3161
3819 3910
3820 2714
3821 2714
3822 2714
3823 2714
3824 2714
3825 2714
3826 2714
3827 2714
3828 2714
3829 2715
3830 2705
3831 2715
3832 2714
3833 2714
3834 2714
3835 2714
3836 2715
3837 2715
3838 2705
3839 3615
3840 3161
3841 82
3842 2715
3843 2734
3844 2714
3845 2714
3846 2758
3847 2761
3848 2705
3849 2705
3850 2705
3851 2705
3852 2705
3853 2705
3854 2705
3855 2714
3856 2714
3857 2714
3858 2714
3859 2714
3860 2714
3861 2763
3862 2762
3863 2762
3864 3690
3865 3983
3866 3982
3867 3982
3868 3906
3869 4009
3870 3862
3871 3702
3872 3702
3873 3862
3874 3752
3875 3752
3876 3752
3877 3752
3878 3752
3879 3855
3880 3855
3881 3629
3882 3855
3883 3862
3884 3707
3885 3982
3886 4009
3887 3865
3888 3690
3889 3777
3890 3784
3891 3692
3892 3690
3893 3690
3894 3772
3895 3975
3896 3690
3897 3690
3898 3690
3899 3693
3900 3766
3901 3766
3902 3892
3903 4017
3904 3982
3905 3982
3906 3982
3907 3980
3908 3784
3909 2705
3910 3911
3911 3613
3912 2760
3913 2738
3914 2728
3915 2760
3916 2705
3917 3900
3918 3738
3919 3715
3920 3714
3921 3714
3922 2714
3923 2714
3924 2715
3925 357
3926 2714
3927 2714
3928 2714
3929 2714
3930 2714
3931 2714
3932 2715
3933 2715
3934 3658
3935 3658
3936 431
3937 104
3938 3967
3939 3707
3940 3880
3941 3969
3942 143
3943 3658
3944 201
3945 2714
3946 2714
3947 2705
3948 238
3949 339
3950 3910
3951 2714
3952 3862
3953 3707
3954 3707
3955 3862
3956 3702
3957 3752
3958 3702
3959 3862
3960 3702
3961 3862
3962 3752
3963 3702
3964 3702
3965 3752
3966 3702
3967 3702
3968 3862
3969 3862
3970 3707
3971 3707
3972 4016
3973 4023
3974 3880
3975 3880
3976 3962
3977 3962
3978 3971
3979 3969
3980 4039
3981 3975
3982 4025
3983 3979
3984 3707
3985 3862
3986 3707
3987 3702
3988 3967
3989 3967
3990 3962
3991 3962
3992 3971
3993 4039
3994 4039
3995 3979
3996 4039
3997 4039
3998 4044
3999 3979
4000 3979
4001 3979
4002 4039
4003 4039
4004 4044
4005 4039
4006 4017
4007 3979
4008 4023
4009 4017
4010 3982
4011 3982
4012 3962
4013 3967
4014 3982
4015 4044
4016 4039
4017 4025
4018 4044
4019 4023
4020 4025
4021 4017
4022 4017
4023 4039
4024 4039
4025 4039
4026 4044
4027 3979
4028 3979
4029 3979
4030 4044
4031 3979
4032 3969
4033 3969
4034 3962
4035 3962
4036 4044
4037 3967
4038 3967
4039 3962
4040 3962
4041 3962
4042 3880
4043 3879
4044 3879
4045 3707
4046 3879
4047 3707
4048 3879
4049 3707
4050 3702
4051 3702
4052 3862
4053 3862
4054 3862
4055 3862
4056 3862
4057 3707
4058 3727
4059 451
4060 148
4061 148
4062 3862
4063 3707
4064 3862
4065 3880
4066 3707
4067 3707
4068 3880
4069 3967
4070 3969
4071 4044
4072 4060
4073 3665
4074 3665
4075 4309
4076 4072
4077 4072
4078 4189
4079 4072
4080 4077
4081 4077
4082 4773
4083 4078
4084 4187
4085 5360
4086 4160
4087 5226
4088 6326
4089 4822
4090 5303
4091 4982
4092 4817
4093 4876
4094 6348
4095 4075
4096 4075
4097 5271
4098 4684
4099 5227
4100 4160
4101 4163
4102 687
4103 598
4104 598
4105 687
4106 4132
4107 4132
4108 4225
4109 4225
4110 4091
4111 4773
4112 5360
4113 5357
4114 5174
4115 5172
4116 5150
4117 5150
4118 4804
4119 4105
4120 4288
4121 4121
4122 6283
4123 6355
4124 6354
4125 6356
4126 4875
4127 5304
4128 5304
4129 4876
4130 4735
4131 4735
4132 4735
4133 4735
4134 6367
4135 6367
4136 4091
4137 4091
4138 5357
4139 5359
4140 6411
4141 6411
4142 4332
4143 6570
4144 4288
4145 4288
4146 4896
4147 4133
4148 4133
4149 4132
4150 6570
4151 6570
4152 4288
4153 4288
4154 5356
4155 4781
4156 4160
4157 5226
4158 5226
4159 4160
4160 4755
4161 4260
4162 4885
4163 4979
4164 6570
4165 6570
4166 6877
4167 6877
4168 4882
4169 4882
4170 4882
4171 4882
4172 4822
4173 4126
4174 4890
4175 6326
4176 6413
4177 4133
4178 6411
4179 4890
4180 6327
4181 4781
4182 4187
4183 4900
4184 4189
4185 4072
4186 4072
4187 4190
4188 4072
4189 4799
4190 4762
4191 4877
4192 4874
4193 6877
4194 5349
4195 6460
4196 6454
4197 4830
4198 5284
4199 5291
4200 4268
4201 4883
4202 4882
4203 4882
4204 6281
4205 4871
4206 4871
4207 4882
4208 4288
4209 4148
4210 6367
4211 6367
4212 752
4213 2932
4214 4780
4215 731
4216 4076
4217 4780
4218 5286
4219 4725
4220 5273
4221 4218
4222 5288
4223 6426
4224 4251
4225 2932
4226 4228
4227 4227
4228 4228
4229 4228
4230 5270
4231 4292
4232 4293
4233 5270
4234 5279
4235 5271
4236 5270
4237 4908
4238 3026
4239 2931
4240 2931
4241 4228
4242 4882
4243 4882
4244 4882
4245 4755
4246 4228
4247 4228
4248 4228
4249 4251
4250 4735
4251 4227
4252 4228
4253 737
4254 737
4255 6367
4256 1834
4257 4882
4258 4882
4259 4882
4260 4882
4261 4865
4262 4867
4263 4861
4264 4851
4265 4117
4266 4117
4267 5188
4268 5183
4269 6353
4270 6352
4271 5283
4272 4116
4273 4117
4274 4869
4275 4116
4276 5087
4277 5182
4278 5184
4279 5184
4280 5183
4281 5183
4282 6367
4283 4225
4284 4956
4285 4956
4286 4148
4287 4148
4288 4332
4289 4121
4290 4121
4291 3769
4292 3769
4293 3921
4294 3921
4295 4358
4296 4448
4297 4448
4298 4358
4299 4292
4300 4292
4301 3921
4302 3944
4303 4358
4304 4839
4305 3769
4306 4292
4307 3665
4308 3721
4309 216
4310 4448
4311 4358
4312 3768
4313 460
4314 3718
4315 3718
4316 6570
4317 4352
4318 4461
4319 4471
4320 4515
4321 4654
4322 6546
4323 6546
4324 4476
4325 6546
4326 4624
4327 4626
4328 4624
4329 4624
4330 6570
4331 4355
4332 6554
4333 4632
4334 4632
4335 4487
4336 4488
4337 4488
4338 4522
4339 4503
4340 4487
4341 6877
4342 4973
4343 4973
4344 4418
4345 4972
4346 4920
4347 6516
4348 947
4349 909
4350 4625
4351 4394
4352 4392
4353 4392
4354 4358
4355 4358
4356 6546
4357 4519
4358 4488
4359 4522
4360 4488
4361 4505
4362 4519
4363 4522
4364 6546
4365 4841
4366 4672
4367 4476
4368 4449
4369 4459
4370 4459
4371 4457
4372 4165
4373 4352
4374 4165
4375 4956
4376 4955
4377 4250
4378 6367
4379 6367
4380 4735
4381 4381
4382 4223
4383 4523
4384 4494
4385 4485
4386 4485
4387 4485
4388 4485
4389 4487
4390 4485
4391 4537
4392 4485
4393 4485
4394 4495
4395 4487
4396 4539
4397 6870
4398 4926
4399 4385
4400 4385
4401 4448
4402 6570
4403 6570
4404 6877
4405 6570
4406 4332
4407 684
4408 684
4409 4180
4410 600
4411 687
4412 687
4413 1256
4414 4133
4415 4896
4416 4782
4417 4187
4418 4438
4419 4495
4420 4534
4421 6870
4422 4534
4423 4358
4424 6877
4425 4972
4426 6367
4427 4225
4428 4191
4429 4822
4430 4632
4431 4569
4432 4570
4433 4570
4434 4551
4435 4994
4436 4545
4437 4565
4438 4565
4439 4637
4440 4637
4441 4575
4442 4844
4443 4537
4444 4570
4445 4570
4446 4569
4447 4569
4448 4485
4449 4534
4450 4495
4451 4565
4452 4565
4453 4545
4454 4545
4455 4542
4456 4569
4457 4551
4458 4551
4459 4551
4460 4570
4461 4586
4462 4586
4463 4584
4464 4585
4465 4582
4466 4568
4467 4571
4468 4844
4469 4641
4470 4637
4471 4637
4472 4641
4473 4661
4474 4661
4475 4844
4476 4584
4477 4844
4478 4844
4479 4662
4480 4662
4481 6579
4482 4609
4483 4613
4484 4613
4485 4609
4486 4617
4487 4601
4488 4613
4489 4601
4490 4601
4491 4622
4492 4618
4493 4622
4494 4601
4495 4606
4496 4598
4497 5003
4498 6579
4499 4590
4500 6579
4501 6579
4502 4590
4503 5003
4504 5003
4505 6579
4506 6579
4507 4943
4508 4561
4509 4845
4510 4580
4511 4573
4512 4573
4513 4573
4514 4573
4515 4601
4516 4561
4517 4561
4518 4601
4519 4603
4520 4562
4521 4562
4522 4562
4523 4562
4524 4846
4525 4591
4526 4642
4527 4592
4528 4592
4529 4609
4530 5003
4531 5003
4532 6579
4533 6577
4534 6577
4535 6577
4536 6588
4537 6588
4538 6721
4539 6721
4540 6592
4541 6592
4542 6723
4543 6592
4544 6592
4545 6720
4546 6723
4547 6723
4548 6592
4549 6592
4550 6575
4551 6590
4552 6722
4553 6722
4554 6588
4555 6722
4556 6722
4557 6608
4558 6593
4559 6608
4560 6770
4561 6770
4562 6766
4563 6860
4564 6726
4565 6726
4566 6834
4567 6726
4568 6729
4569 6725
4570 6725
4571 6729
4572 6812
4573 6812
4574 6779
4575 6779
4576 6793
4577 6816
4578 6779
4579 6788
4580 6784
4581 6779
4582 6779
4583 6784
4584 6734
4585 6735
4586 6780
4587 6818
4588 6734
4589 6818
4590 6851
4591 6860
4592 6860
4593 6851
4594 6784
4595 6784
4596 6860
4597 6860
4598 6851
4599 6858
4600 6858
4601 6851
4602 6845
4603 6858
4604 6851
4605 6819
4606 6819
4607 6845
4608 6842
4609 6843
4610 6842
4611 6843
4612 6851
4613 6851
4614 6851
4615 6851
4616 6842
4617 6842
4618 6842
4619 6851
4620 6842
4621 6842
4622 6819
4623 1050
4624 1057
4625 4501
4626 4991
4627 4639
4628 6871
4629 4844
4630 4662
4631 4561
4632 4592
4633 5003
4634 6579
4635 6592
4636 6720
4637 6734
4638 6734
4639 6726
4640 6812
4641 6779
4642 6860
4643 6851
4644 6819
4645 4657
4646 4514
4647 4456
4648 4439
4649 4478
4650 4478
4651 4478
4652 4991
4653 4603
4654 4586
4655 4573
4656 4573
4657 4597
4658 4561
4659 4561
4660 4597
4661 6726
4662 6729
4663 6726
4664 6722
4665 6726
4666 6725
4667 6735
4668 6793
4669 6726
4670 4588
4671 4584
4672 4587
4673 4589
4674 4426
4675 4426
4676 5226
4677 6413
4678 4133
4679 6413
4680 6413
4681 5226
4682 4892
4683 4227
4684 4228
4685 4755
4686 1351
4687 1351
4688 1256
4689 4973
4690 4420
4691 4384
4692 4394
4693 1025
4694 3040
4695 752
4696 6344
4697 6344
4698 5274
4699 6353
4700 6353
4701 5274
4702 829
4703 829
4704 4991
4705 4991
4706 1057
4707 4531
4708 4991
4709 4531
4710 4473
4711 4657
4712 4657
4713 4522
4714 5361
4715 5129
4716 5174
4717 5167
4718 5295
4719 4909
4720 4799
4721 5311
4722 5343
4723 5311
4724 5312
4725 6445
4726 4911
4727 4911
4728 6449
4729 4626
4730 4626
4731 929
4732 929
4733 1190
4734 942
4735 4908
4736 4735
4737 3066
4738 6274
4739 6274
4740 4129
4741 5187
4742 5183
4743 5188
4744 5187
4745 4657
4746 4657
4747 4135
4748 4131
4749 4134
4750 4134
4751 6367
4752 4225
4753 6367
4754 4882
4755 4882
4756 6281
4757 4531
4758 4454
4759 4433
4760 1057
4761 3686
4762 175
4763 4116
4764 4117
4765 4228
4766 4228
4767 2819
4768 1675
4769 788
4770 4228
4771 5357
4772 5305
4773 5305
4774 4982
4775 5358
4776 5356
4777 5333
4778 6467
4779 4072
4780 4075
4781 4073
4782 4788
4783 5271
4784 5271
4785 5271
4786 5270
4787 3665
4788 3727
4789 4762
4790 5087
4791 5182
4792 3768
4793 3686
4794 5184
4795 5087
4796 4125
4797 5291
4798 4125
4799 3686
4800 148
4801 4631
4802 4631
4803 4148
4804 4148
4805 684
4806 600
4807 3658
4808 6292
4809 4121
4810 929
4811 4180
4812 6570
4813 5261
4814 1368
4815 950
4816 4865
4817 6282
4818 5010
4819 4851
4820 6292
4821 6292
4822 4769
4823 4228
4824 6411
4825 4129
4826 4771
4827 4090
4828 4093
4829 1057
4830 4851
4831 4862
4832 4866
4833 4851
4834 4495
4835 4534
4836 4531
4837 1050
4838 4554
4839 4505
4840 4553
4841 4570
4842 6592
4843 6720
4844 6818
4845 6812
4846 6860
4847 6845
4848 6819
4849 5087
4850 5182
4851 5088
4852 5128
4853 5184
4854 5184
4855 5182
4856 5167
4857 5087
4858 5361
4859 5167
4860 5128
4861 5370
4862 5165
4863 5174
4864 5128
4865 5088
4866 5089
4867 5370
4868 5172
4869 5172
4870 5182
4871 5182
4872 4851
4873 4851
4874 4979
4875 4902
4876 4268
4877 4883
4878 5151
4879 4852
4880 4852
4881 5189
4882 5149
4883 5149
4884 4852
4885 4852
4886 5184
4887 5178
4888 4866
4889 4865
4890 4766
4891 4227
4892 4228
4893 5226
4894 5227
4895 4735
4896 6413
4897 4823
4898 5227
4899 687
4900 4800
4901 4852
4902 4852
4903 4864
4904 4791
4905 4791
4906 4869
4907 4769
4908 4908
4909 4909
4910 4228
4911 4851
4912 4851
4913 5011
4914 5011
4915 5011
4916 4851
4917 4851
4918 5011
4919 4448
4920 4441
4921 4972
4922 4949
4923 4839
4924 4988
4925 4531
4926 4534
4927 4441
4928 4543
4929 4669
4930 4542
4931 4542
4932 4548
4933 4551
4934 4542
4935 4549
4936 4586
4937 6800
4938 6784
4939 6779
4940 6784
4941 6779
4942 6729
4943 6778
4944 6825
4945 6858
4946 6784
4947 6858
4948 4991
4949 4508
4950 4658
4951 4935
4952 4441
4953 4148
4954 4148
4955 4176
4956 4134
4957 4426
4958 4426
4959 4135
4960 4135
4961 4134
4962 5223
4963 4109
4964 4109
4965 669
4966 669
4967 4130
4968 4130
4969 4422
4970 4991
4971 4632
4972 4515
4973 4508
4974 4882
4975 4755
4976 4755
4977 5151
4978 5188
4979 4116
4980 5011
4981 4279
4982 4880
4983 4358
4984 4443
4985 4436
4986 1050
4987 4457
4988 4662
4989 4844
4990 4573
4991 4642
4992 4590
4993 4609
4994 6592
4995 6723
4996 6816
4997 6815
4998 6834
4999 6788
5000 6784
5001 6860
5002 6851
5003 6843
5004 1057
5005 1178
5006 4072
5007 4908
5008 4228
5009 4882
5010 5150
5011 5187
5012 4277
5013 4882
5014 4883
5015 5569
5016 5569
5017 5492
5018 5492
5019 5569
5020 5492
5021 5690
5022 5569
5023 5492
5024 5492
5025 5497
5026 5497
5027 5494
5028 5492
5029 5690
5030 5690
5031 5702
5032 5702
5033 2035
5034 2192
5035 2031
5036 2031
5037 5389
5038 5423
5039 5702
5040 5563
5041 2172
5042 2172
5043 2192
5044 2192
5045 5427
5046 2192
5047 5569
5048 5569
5049 5563
5050 5563
5051 5497
5052 5497
5053 5492
5054 5492
5055 5497
5056 5497
5057 5492
5058 5497
5059 5497
5060 5492
5061 5492
5062 2172
5063 2172
5064 5702
5065 5702
5066 5423
5067 5563
5068 5569
5069 5689
5070 5563
5071 5563
5072 2257
5073 5389
5074 5702
5075 5563
5076 2192
5077 2192
5078 5389
5079 5389
5080 2192
5081 2192
5082 2060
5083 2060
5084 2035
5085 2035
5086 2035
5087 2031
5088 2105
5089 2105
5090 2060
5091 2060
5092 2192
5093 2192
5094 2192
5095 2192
5096 2087
5097 2035
5098 2192
5099 2192
5100 5170
5101 5170
5102 5372
5103 1943
5104 5093
5105 5113
5106 5113
5107 5093
5108 5093
5109 5170
5110 1943
5111 5170
5112 2087
5113 2087
5114 5073
5115 5095
5116 5075
5117 5075
5118 5095
5119 5372
5120 5075
5121 5075
5122 1943
5123 2105
5124 2060
5125 2060
5126 2031
5127 2031
5128 2107
5129 2060
5130 2031
5131 2031
5132 2060
5133 5154
5134 5075
5135 2060
5136 5170
5137 5170
5138 5168
5139 5168
5140 5112
5141 5205
5142 5361
5143 5361
5144 5087
5145 5087
5146 5113
5147 5113
5148 5086
5149 5361
5150 5170
5151 5126
5152 5073
5153 5095
5154 5569
5155 5569
5156 5492
5157 5492
5158 5497
5159 5492
5160 5550
5161 5702
5162 5497
5163 2060
5164 2195
5165 2060
5166 2105
5167 1943
5168 2031
5169 2284
5170 2284
5171 2031
5172 2060
5173 2060
5174 1943
5175 1943
5176 5045
5177 5093
5178 5170
5179 5170
5180 5170
5181 5168
5182 2105
5183 5168
5184 5170
5185 5087
5186 5170
5187 5170
5188 5168
5189 5168
5190 5690
5191 5702
5192 2035
5193 2192
5194 2031
5195 5690
5196 5492
5197 5389
5198 5702
5199 2172
5200 2060
5201 2060
5202 2031
5203 5361
5204 5168
5205 2031
5206 5172
5207 2031
5208 2105
5209 1945
5210 5497
5211 5423
5212 2195
5213 2035
5214 2060
5215 1943
5216 1943
5217 5170
5218 5170
5219 5497
5220 5095
5221 2035
5222 5275
5223 6367
5224 4132
5225 4132
5226 4227
5227 4228
5228 4882
5229 4882
5230 4228
5231 3880
5232 3967
5233 3862
5234 4165
5235 3880
5236 3969
5237 3962
5238 3707
5239 3707
5240 3702
5241 4044
5242 3979
5243 3702
5244 6554
5245 6554
5246 4645
5247 4973
5248 6552
5249 4359
5250 4363
5251 4949
5252 4711
5253 4949
5254 4973
5255 4949
5256 4363
5257 4949
5258 4363
5259 4949
5260 4360
5261 4360
5262 4358
5263 4839
5264 4839
5265 4324
5266 4394
5267 4837
5268 4837
5269 5354
5270 4293
5271 5271
5272 5271
5273 6448
5274 4914
5275 5344
5276 5289
5277 5271
5278 5270
5279 6348
5280 6348
5281 6348
5282 5311
5283 4913
5284 4913
5285 5311
5286 6443
5287 6438
5288 6441
5289 6443
5290 6443
5291 6443
5292 6356
5293 6356
5294 6445
5295 5295
5296 4908
5297 5295
5298 4974
5299 4755
5300 4755
5301 4268
5302 4268
5303 4880
5304 6359
5305 4819
5306 5010
5307 4741
5308 4854
5309 5010
5310 5312
5311 6356
5312 6443
5313 6356
5314 5011
5315 5011
5316 6356
5317 6283
5318 5011
5319 5010
5320 4741
5321 5011
5322 5343
5323 4911
5324 4913
5325 5343
5326 4882
5327 4882
5328 4116
5329 4882
5330 6281
5331 4883
5332 4853
5333 6444
5334 6445
5335 5011
5336 5011
5337 4863
5338 4863
5339 4865
5340 4882
5341 4883
5342 4913
5343 5011
5344 5011
5345 6356
5346 6443
5347 6443
5348 6443
5349 5365
5350 5010
5351 6356
5352 6356
5353 4866
5354 4911
5355 5321
5356 4123
5357 4818
5358 4980
5359 4819
5360 4123
5361 2060
5362 4865
5363 4867
5364 4867
5365 5150
5366 3604
5367 3793
5368 2728
5369 2760
5370 2060
5371 2031
5372 2192
5373 2172
5374 2192
5375 2192
5376 2192
5377 2192
5378 2192
5379 5448
5380 5448
5381 5605
5382 5539
5383 5641
5384 5641
5385 5539
5386 5641
5387 5539
5388 5641
5389 5641
5390 5539
5391 5539
5392 5555
5393 5539
5394 5467
5395 5555
5396 5641
5397 5641
5398 5539
5399 5746
5400 5448
5401 5448
5402 5539
5403 5467
5404 5641
5405 5641
5406 5539
5407 5497
5408 5716
5409 5716
5410 5448
5411 5716
5412 5716
5413 5448
5414 5497
5415 5716
5416 5716
5417 5555
5418 5716
5419 5555
5420 5746
5421 5448
5422 5448
5423 5605
5424 5605
5425 5716
5426 5716
5427 5716
5428 5448
5429 5716
5430 5538
5431 5538
5432 5716
5433 5555
5434 5555
5435 5716
5436 5716
5437 5497
5438 5716
5439 5716
5440 5641
5441 5497
5442 6063
5443 6071
5444 6076
5445 6064
5446 5516
5447 6066
5448 6058
5449 5651
5450 6092
5451 6064
5452 6064
5453 5947
5454 5953
5455 5837
5456 6064
5457 5959
5458 6071
5459 6071
5460 6082
5461 5946
5462 6063
5463 6082
5464 5592
5465 6069
5466 6062
5467 6069
5468 6069
5469 6062
5470 6064
5471 6063
5472 6064
5473 6064
5474 5729
5475 5597
5476 5597
5477 5457
5478 5544
5479 5597
5480 5463
5481 5544
5482 5505
5483 5511
5484 5603
5485 6058
5486 5597
5487 5544
5488 5905
5489 5905
5490 5905
5491 5905
5492 5544
5493 5544
5494 5597
5495 5597
5496 6231
5497 6231
5498 5905
5499 5905
5500 5905
5501 5905
5502 5946
5503 5946
5504 5931
5505 5837
5506 5837
5507 5975
5508 5946
5509 6063
5510 6064
5511 5958
5512 6064
5513 5946
5514 6092
5515 6064
5516 5975
5517 2338
5518 2353
5519 5931
5520 5515
5521 5515
5522 6063
5523 6063
5524 5946
5525 5946
5526 5544
5527 5513
5528 5905
5529 5905
5530 6231
5531 6058
5532 5544
5533 5513
5534 5634
5535 5975
5536 6064
5537 6071
5538 6062
5539 5592
5540 6068
5541 6062
5542 6063
5543 6075
5544 6082
5545 5946
5546 6075
5547 6071
5548 5544
5549 5597
5550 5543
5551 6066
5552 5457
5553 5457
5554 6066
5555 6058
5556 5659
5557 6070
5558 5597
5559 6234
5560 5462
5561 5543
5562 5543
5563 6239
5564 6239
5565 6239
5566 6239
5567 5610
5568 5610
5569 5515
5570 5610
5571 5543
5572 5610
5573 5610
5574 6041
5575 6075
5576 6064
5577 6077
5578 5975
5579 5975
5580 5837
5581 5603
5582 6231
5583 2349
5584 5906
5585 5906
5586 2458
5587 2458
5588 2560
5589 2338
5590 2459
5591 2459
5592 5820
5593 5931
5594 5837
5595 5837
5596 5946
5597 6082
5598 5959
5599 5829
5600 5975
5601 2349
5602 5930
5603 5837
5604 6058
5605 5592
5606 5905
5607 5905
5608 5610
5609 5462
5610 6063
5611 6062
5612 6071
5613 5975
5614 5821
5615 5820
5616 5820
5617 5906
5618 5906
5619 5905
5620 5905
5621 2338
5622 2338
5623 2458
5624 2459
5625 2338
5626 2458
5627 5906
5628 5906
5629 2461
5630 2450
5631 6066
5632 6057
5633 6058
5634 6064
5635 5958
5636 5959
5637 6058
5638 2458
5639 2458
5640 2458
5641 6071
5642 2465
5643 5597
5644 5513
5645 6233
5646 5544
5647 5906
5648 2465
5649 5930
5650 5820
5651 5820
5652 5820
5653 6057
5654 6144
5655 6130
5656 6231
5657 6231
5658 5544
5659 5837
5660 6066
5661 6231
5662 6233
5663 5513
5664 5513
5665 5906
5666 5905
5667 5522
5668 5610
5669 5610
5670 5634
5671 6231
5672 6231
5673 5516
5674 5516
5675 5837
5676 5905
5677 5905
5678 5905
5679 5905
5680 5905
5681 5905
5682 5516
5683 2338
5684 6231
5685 5592
5686 5594
5687 5544
5688 6231
5689 5634
5690 5513
5691 5610
5692 5594
5693 5905
5694 5905
5695 5634
5696 5610
5697 6076
5698 6058
5699 6058
5700 5659
5701 6059
5702 5610
5703 5641
5704 5443
5705 5641
5706 5905
5707 2459
5708 2459
5709 6070
5710 6076
5711 6077
5712 6076
5713 6041
5714 6041
5715 6057
5716 6066
5717 6066
5718 6066
5719 5820
5720 5975
5721 5820
5722 2459
5723 2458
5724 2459
5725 6231
5726 6066
5727 6064
5728 6064
5729 5959
5730 5820
5731 5820
5732 5975
5733 5905
5734 5905
5735 5820
5736 5837
5737 5820
5738 2459
5739 5958
5740 5522
5741 5905
5742 5905
5743 5905
5744 5905
5745 6231
5746 6058
5747 5443
5748 6041
5749 6075
5750 2338
5751 5975
5752 5975
5753 5820
5754 5820
5755 2459
5756 5905
5757 5905
5758 5905
5759 5905
5760 5905
5761 5905
5762 5905
5763 5905
5764 5905
5765 5905
5766 5905
5767 5905
5768 5905
5769 5905
5770 5905
5771 5905
5772 5905
5773 5905
5774 5905
5775 5905
5776 5905
5777 5905
5778 5905
5779 5905
5780 5905
5781 5905
5782 5905
5783 5905
5784 5905
5785 5905
5786 5905
5787 5905
5788 5905
5789 5905
5790 5905
5791 5905
5792 5905
5793 5905
5794 5905
5795 5905
5796 5905
5797 5905
5798 5905
5799 5905
5800 5905
5801 5905
5802 5905
5803 5905
5804 5905
5805 5905
5806 5905
5807 5905
5808 5905
5809 5905
5810 5905
5811 5905
5812 5905
5813 5905
5814 5905
5815 5905
5816 5905
5817 5905
5818 5905
5819 5905
5820 5905
5821 5905
5822 5905
5823 5905
5824 5905
5825 5905
5826 5905
5827 5905
5828 5905
5829 5905
5830 2459
5831 2461
5832 2459
5833 2461
5834 5905
5835 5905
5836 5905
5837 5905
5838 5905
5839 5905
5840 2459
5841 2461
5842 2459
5843 5905
5844 5905
5845 2461
5846 2461
5847 5905
5848 5905
5849 5905
5850 5906
5851 5905
5852 5905
5853 5905
5854 5905
5855 5905
5856 5905
5857 5905
5858 5905
5859 5905
5860 5905
5861 2461
5862 5905
5863 5905
5864 5905
5865 5905
5866 5905
5867 5905
5868 5905
5869 5905
5870 5905
5871 5905
5872 5905
5873 5905
5874 5905
5875 5905
5876 5905
5877 5905
5878 5905
5879 5905
5880 5905
5881 5905
5882 5905
5883 5905
5884 5905
5885 5905
5886 5905
5887 5905
5888 5905
5889 5905
5890 5905
5891 5905
5892 5905
5893 5905
5894 5905
5895 5905
5896 5905
5897 5905
5898 5905
5899 5905
5900 5905
5901 5905
5902 5905
5903 5905
5904 5905
5905 5905
5906 5905
5907 5905
5908 5905
5909 5905
5910 5905
5911 5905
5912 5905
5913 5905
5914 5905
5915 5905
5916 5905
5917 5905
5918 5905
5919 5905
5920 5905
5921 5905
5922 5905
5923 5905
5924 5905
5925 5905
5926 5905
5927 5905
5928 5905
5929 5905
5930 5905
5931 5905
5932 5905
5933 5905
5934 5905
5935 5905
5936 5905
5937 5905
5938 5905
5939 5906
5940 5906
5941 5906
5942 2461
5943 2459
5944 5905
5945 5905
5946 5906
5947 5906
5948 5905
5949 5905
5950 2459
5951 2459
5952 2459
5953 5906
5954 5906
5955 5917
5956 5917
5957 5906
5958 5906
5959 5905
5960 5906
5961 5906
5962 5905
5963 5905
5964 5905
5965 5905
5966 5905
5967 5905
5968 5905
5969 5905
5970 5905
5971 6035
5972 5917
5973 5905
5974 5905
5975 5905
5976 5905
5977 5905
5978 5905
5979 5905
5980 5905
5981 5905
5982 5905
5983 5905
5984 5905
5985 5905
5986 5905
5987 5905
5988 5905
5989 5905
5990 5905
5991 5905
5992 5905
5993 5905
5994 5905
5995 5905
5996 5905
5997 5905
5998 5905
5999 5905
6000 5905
6001 5905
6002 5905
6003 5905
6004 5905
6005 5905
6006 5905
6007 5905
6008 5905
6009 5905
6010 5905
6011 5905
6012 5905
6013 5905
6014 5905
6015 5905
6016 5905
6017 5905
6018 5905
6019 5905
6020 5905
6021 5905
6022 5905
6023 5905
6024 5905
6025 5905
6026 5905
6027 5905
6028 5905
6029 5905
6030 5905
6031 5905
6032 5905
6033 5905
6034 5905
6035 5905
6036 5905
6037 5905
6038 5905
6039 5905
6040 5905
6041 2459
6042 5906
6043 5906
6044 5906
6045 5906
6046 5906
6047 5906
6048 5906
6049 5906
6050 5906
6051 5906
6052 5900
6053 5900
6054 5820
6055 5820
6056 5837
6057 5837
6058 5975
6059 5975
6060 5906
6061 5906
6062 5859
6063 5902
6064 5906
6065 5906
6066 5837
6067 5975
6068 5820
6069 5820
6070 5820
6071 5859
6072 5859
6073 5975
6074 5975
6075 5900
6076 5916
6077 5900
6078 5859
6079 5906
6080 5905
6081 5906
6082 5906
6083 5905
6084 5906
6085 5906
6086 5905
6087 5905
6088 5905
6089 5975
6090 5905
6091 5905
6092 5906
6093 5905
6094 5905
6095 5905
6096 5905
6097 5905
6098 5905
6099 5905
6100 5905
6101 5905
6102 5905
6103 5905
6104 5905
6105 2452
6106 2445
6107 2452
6108 2445
6109 2445
6110 2452
6111 2452
6112 2452
6113 2452
6114 2445
6115 2445
6116 2445
6117 2452
6118 2445
6119 2445
6120 2452
6121 2452
6122 2452
6123 2445
6124 2445
6125 2452
6126 2445
6127 2445
6128 2452
6129 2445
6130 5905
6131 5905
6132 2445
6133 2445
6134 2445
6135 2445
6136 2452
6137 2445
6138 2452
6139 2445
6140 2445
6141 2445
6142 5905
6143 5905
6144 5905
6145 2452
6146 5905
6147 5905
6148 2452
6149 2452
6150 2445
6151 2445
6152 2445
6153 2445
6154 2445
6155 2445
6156 2445
6157 2445
6158 6147
6159 6092
6160 6092
6161 6044
6162 6092
6163 6064
6164 6064
6165 6064
6166 6092
6167 6064
6168 6064
6169 6093
6170 6093
6171 6043
6172 6043
6173 6092
6174 6093
6175 6093
6176 6093
6177 6143
6178 6130
6179 2303
6180 2346
6181 2346
6182 2303
6183 6143
6184 6145
6185 6145
6186 6145
6187 6145
6188 6145
6189 2303
6190 2303
6191 2303
6192 2303
6193 6142
6194 6087
6195 6130
6196 2303
6197 2303
6198 6130
6199 2346
6200 2303
6201 6142
6202 2346
6203 6093
6204 6093
6205 2303
6206 2303
6207 2303
6208 6145
6209 2303
6210 2303
6211 6145
6212 2303
6213 2303
6214 2303
6215 6043
6216 6093
6217 6087
6218 6130
6219 6087
6220 6087
6221 6130
6222 6130
6223 2346
6224 2346
6225 2346
6226 2303
6227 2303
6228 2303
6229 2303
6230 2303
6231 5958
6232 6143
6233 6043
6234 6075
6235 6071
6236 6075
6237 6092
6238 5837
6239 6062
6240 2714
6241 2714
6242 2714
6243 2714
6244 2714
6245 2714
6246 2714
6247 2715
6248 2705
6249 2705
6250 2705
6251 2705
6252 2705
6253 2714
6254 2714
6255 2714
6256 2714
6257 2714
6258 2714
6259 2705
6260 2714
6261 2714
6262 2714
6263 2715
6264 2705
6265 2705
6266 2714
6267 2715
6268 2714
6269 2705
6270 2705
6271 2714
6272 2714
6273 4789
6274 4189
6275 2714
6276 2714
6277 2714
6278 2714
6279 2714
6280 5149
6281 5151
6282 5188
6283 5181
6284 4148
6285 4107
6286 4130
6287 669
6288 669
6289 4426
6290 4134
6291 5225
6292 4176
6293 4148
6294 4109
6295 4109
6296 4426
6297 686
6298 1420
6299 1190
6300 4131
6301 4131
6302 4130
6303 4225
6304 4225
6305 4225
6306 687
6307 687
6308 598
6309 598
6310 3015
6311 2932
6312 4130
6313 4186
6314 4079
6315 4185
6316 6273
6317 4777
6318 4777
6319 4774
6320 4092
6321 4092
6322 4162
6323 4092
6324 4874
6325 4769
6326 4228
6327 4227
6328 4766
6329 4685
6330 4163
6331 6411
6332 931
6333 4190
6334 5389
6335 5448
6336 6339
6337 6348
6338 6352
6339 5312
6340 6353
6341 6353
6342 4130
6343 5275
6344 5274
6345 5346
6346 5313
6347 5343
6348 5343
6349 4911
6350 6445
6351 6445
6352 6445
6353 4913
6354 4852
6355 5151
6356 5151
6357 5151
6358 5188
6359 5188
6360 4852
6361 4863
6362 6280
6363 4882
6364 4755
6365 4228
6366 4227
6367 4735
6368 4362
6369 4949
6370 6877
6371 4950
6372 4332
6373 4332
6374 6877
6375 4950
6376 6877
6377 6877
6378 4973
6379 4757
6380 4757
6381 6507
6382 1539
6383 4973
6384 4757
6385 4802
6386 4949
6387 4332
6388 4352
6389 4352
6390 6390
6391 5297
6392 5297
6393 6394
6394 6392
6395 5297
6396 5297
6397 4275
6398 5328
6399 4764
6400 4903
6401 4887
6402 6358
6403 5365
6404 5365
6405 5011
6406 6357
6407 4261
6408 5337
6409 895
6410 895
6411 4735
6412 4735
6413 2932
6414 2932
6415 4227
6416 4228
6417 4766
6418 4769
6419 4755
6420 4769
6421 4755
6422 4755
6423 4754
6424 4207
6425 4200
6426 6465
6427 6426
6428 4223
6429 6465
6430 6394
6431 4292
6432 4293
6433 4867
6434 4867
6435 4852
6436 4852
6437 4852
6438 4861
6439 4861
6440 5188
6441 5151
6442 4861
6443 5151
6444 4851
6445 4851
6446 4851
6447 5011
6448 5011
6449 4851
6450 4866
6451 4851
6452 4861
6453 4851
6454 4866
6455 5010
6456 6457
6457 6409
6458 6359
6459 6358
6460 6358
6461 5365
6462 6357
6463 6437
6464 6436
6465 6465
6466 6456
6467 4977
6468 6443
6469 4911
6470 6445
6471 2060
6472 661
6473 4955
6474 4955
6475 2932
6476 2997
6477 4093
6478 4093
6479 4090
6480 4090
6481 4161
6482 4093
6483 4092
6484 4093
6485 4163
6486 4162
6487 4129
6488 4129
6489 4161
6490 4161
6491 4191
6492 3052
6493 3887
6494 3047
6495 3806
6496 4308
6497 218
6498 930
6499 4185
6500 4188
6501 4782
6502 4787
6503 6274
6504 4442
6505 4466
6506 4441
6507 4457
6508 4336
6509 4390
6510 4334
6511 4631
6512 4457
6513 4446
6514 4358
6515 4340
6516 4446
6517 4446
6518 4438
6519 4457
6520 4457
6521 6552
6522 4624
6523 4624
6524 4973
6525 4712
6526 4448
6527 4928
6528 4421
6529 4836
6530 4626
6531 4321
6532 4321
6533 4745
6534 4430
6535 4318
6536 4318
6537 4712
6538 4338
6539 4384
6540 4384
6541 4626
6542 4712
6543 6550
6544 4973
6545 4955
6546 4584
6547 4991
6548 1079
6549 4441
6550 4631
6551 4441
6552 6546
6553 4656
6554 4440
6555 4441
6556 4527
6557 4448
6558 4448
6559 4340
6560 4421
6561 1144
6562 4433
6563 3125
6564 3125
6565 1518
6566 4757
6567 4757
6568 4757
6569 948
6570 4949
6571 4757
6572 4363
6573 4363
6574 6756
6575 6739
6576 6758
6577 6746
6578 6746
6579 6746
6580 6746
6581 6749
6582 6749
6583 6746
6584 6746
6585 6747
6586 6745
6587 6746
6588 6746
6589 6756
6590 6739
6591 6741
6592 6741
6593 6736
6594 6749
6595 6749
6596 6746
6597 6758
6598 6716
6599 6718
6600 6715
6601 6715
6602 6715
6603 6715
6604 6715
6605 6749
6606 6715
6607 6718
6608 6718
6609 6718
6610 6715
6611 1251
6612 1251
6613 1251
6614 1251
6615 2834
6616 2834
6617 2834
6618 2834
6619 1248
6620 1248
6621 1248
6622 2834
6623 2834
6624 1250
6625 1250
6626 2834
6627 1251
6628 1248
6629 1248
6630 1251
6631 1250
6632 2834
6633 2834
6634 1250
6635 2834
6636 2834
6637 1250
6638 1250
6639 2834
6640 1250
6641 1250
6642 2834
6643 1248
6644 1251
6645 1248
6646 2834
6647 2834
6648 2834
6649 2834
6650 2834
6651 2834
6652 2834
6653 2834
6654 1251
6655 1251
6656 1251
6657 1251
6658 2834
6659 1251
6660 1251
6661 1248
6662 1248
6663 1251
6664 1251
6665 1251
6666 1251
6667 2834
6668 2834
6669 1248
6670 2834
6671 1251
6672 2834
6673 1251
6674 1248
6675 2834
6676 1251
6677 2834
6678 2834
6679 1250
6680 1250
6681 1250
6682 1250
6683 1250
6684 1250
6685 1250
6686 1250
6687 1250
6688 1250
6689 1250
6690 1250
6691 1250
6692 1250
6693 2834
6694 1249
6695 2834
6696 1250
6697 1250
6698 1250
6699 1248
6700 2834
6701 2834
6702 1248
6703 1250
6704 1250
6705 1251
6706 1251
6707 2834
6708 2834
6709 1251
6710 1250
6711 1250
6712 1251
6713 1250
6714 1250
6715 6666
6716 6666
6717 2834
6718 6666
6719 6741
6720 6739
6721 6741
6722 6736
6723 6736
6724 6718
6725 6718
6726 6718
6727 6697
6728 6691
6729 6691
6730 6691
6731 6691
6732 6692
6733 6692
6734 6692
6735 6692
6736 6666
6737 6666
6738 6666
6739 6666
6740 6666
6741 6666
6742 6666
6743 6666
6744 6666
6745 6666
6746 6666
6747 6666
6748 6666
6749 6666
6750 6666
6751 6666
6752 6666
6753 6666
6754 6666
6755 6666
6756 6666
6757 6666
6758 6666
6759 6666
6760 6666
6761 6666
6762 6666
6763 6666
6764 6666
6765 6709
6766 6709
6767 6666
6768 6666
6769 6666
6770 6631
6771 6658
6772 6666
6773 6672
6774 6669
6775 6714
6776 6662
6777 6708
6778 6648
6779 6711
6780 6703
6781 6680
6782 6678
6783 6642
6784 6710
6785 6710
6786 6710
6787 6678
6788 6710
6789 6650
6790 6679
6791 6634
6792 6704
6793 6679
6794 6634
6795 6710
6796 6653
6797 6666
6798 6666
6799 6631
6800 6631
6801 6631
6802 6658
6803 6666
6804 6674
6805 6672
6806 6666
6807 6666
6808 6630
6809 6653
6810 6641
6811 6658
6812 6698
6813 6636
6814 6653
6815 6679
6816 6638
6817 6634
6818 6634
6819 6666
6820 6666
6821 6628
6822 6673
6823 6661
6824 6653
6825 6653
6826 6653
6827 6653
6828 6661
6829 6661
6830 6664
6831 6661
6832 6713
6833 6713
6834 6697
6835 6691
6836 6697
6837 6666
6838 6666
6839 6666
6840 6666
6841 6666
6842 6666
6843 6666
6844 6666
6845 6666
6846 6666
6847 6666
6848 6666
6849 6666
6850 6666
6851 6666
6852 6627
6853 6663
6854 6663
6855 6664
6856 6663
6857 6661
6858 6653
6859 6661
6860 6653
6861 6661
6862 6659
6863 6659
6864 6661
6865 6661
6866 6661
6867 6661
6868 6661
6869 6692
6870 6595
6871 6595
6872 6595
6873 4935
6874 4148
6875 684
6876 4180
6877 4439
6878 598
6879 4774
6880 3862
6881 3707
6882 3962
6883 3967
6884 3969
6885 3971
6886 3880
6887 3880
6888 3707
6889 3707
