0 3641
1 127
2 128
3 3646
4 126
5 126
6 3745
7 3677
8 8
9 265
10 238
11 341
12 53
13 14
14 54
15 54
16 131
17 439
18 439
19 131
20 131
21 131
22 131
23 131
24 131
25 24
26 131
27 131
28 131
29 131
30 131
31 131
32 131
33 131
34 131
35 131
36 131
37 131
38 131
39 131
40 239
41 237
42 17
43 430
44 131
45 419
46 418
47 3053
48 3054
49 53
50 137
51 57
52 54
53 54
54 143
55 143
56 143
57 54
58 56
59 57
60 57
61 56
62 56
63 82
64 81
65 3055
66 291
67 238
68 67
69 82
70 82
71 81
72 77
73 77
74 65
75 3166
76 78
77 48
78 292
79 81
80 291
81 3072
82 419
83 291
84 290
85 239
86 75
87 93
88 92
89 99
90 92
91 87
92 3069
93 99
94 101
95 1907
96 94
97 96
98 101
99 53
100 57
101 57
102 143
103 143
104 126
105 126
106 131
107 126
108 131
109 131
110 435
111 127
112 3642
113 341
114 131
115 228
116 131
117 131
118 131
119 131
120 131
121 131
122 131
123 131
124 131
125 131
126 131
127 131
128 131
129 131
130 131
131 131
132 3646
133 128
134 3760
135 3759
136 3761
137 54
138 141
139 141
140 144
141 144
142 201
143 201
144 201
145 201
146 144
147 144
148 202
149 144
150 215
151 4059
152 824
153 222
154 200
155 261
156 113
157 12
158 3762
159 3761
160 3761
161 3762
162 3689
163 3759
164 3761
165 3762
166 3762
167 413
168 413
169 3783
170 3764
171 3786
172 202
173 144
174 175
175 206
176 385
177 3786
178 3896
179 3893
180 384
181 3893
182 3767
183 3901
184 201
185 202
186 202
187 3714
188 127
189 126
190 127
191 3641
192 3645
193 3704
194 3762
195 3762
196 3786
197 3762
198 385
199 384
200 201
201 175
202 175
203 201
204 257
205 257
206 425
207 825
208 825
209 425
210 825
211 825
212 426
213 426
214 4059
215 6497
216 1320
217 4059
218 813
219 813
220 3713
221 184
222 813
223 424
224 211
225 3722
226 301
227 131
228 131
229 131
230 131
231 131
232 126
233 126
234 126
235 127
236 238
237 18
238 238
239 265
240 126
241 127
242 126
243 13
244 14
245 15
246 114
247 3761
248 3759
249 385
250 3786
251 3901
252 3902
253 3902
254 3901
255 204
256 4293
257 4313
258 3745
259 127
260 3689
261 261
262 18
263 18
264 261
265 12
266 138
267 54
268 55
269 385
270 384
271 384
272 3893
273 3764
274 3893
275 332
276 24
277 131
278 1905
279 1905
280 51
281 99
282 201
283 201
284 215
285 4060
286 131
287 131
288 131
289 131
290 3055
291 277
292 3053
293 418
294 417
295 175
296 4807
297 824
298 222
299 206
300 3769
301 211
302 424
303 257
304 3722
305 424
306 175
307 334
308 214
309 214
310 131
311 131
312 131
313 131
314 131
315 131
316 131
317 131
318 131
319 131
320 131
321 131
322 131
323 131
324 131
325 131
326 131
327 131
328 131
329 131
330 131
331 131
332 131
333 214
334 4060
335 127
336 126
337 82
338 126
339 341
340 131
341 332
342 231
343 131
344 131
345 131
346 131
347 131
348 131
349 131
350 131
351 126
352 126
353 131
354 131
355 131
356 131
357 332
358 3916
359 435
360 3901
361 184
362 445
363 3161
364 463
365 445
366 3692
367 413
368 3692
369 3692
370 3781
371 3781
372 3692
373 3692
374 3762
375 3762
376 3781
377 3783
378 413
379 3783
380 3762
381 255
382 3052
383 173
384 3901
385 3900
386 184
387 3696
388 3896
389 3893
390 3917
391 3917
392 178
393 362
394 3713
395 185
396 184
397 3696
398 185
399 302
400 3815
401 446
402 445
403 445
404 445
405 221
406 446
407 131
408 131
409 131
410 131
411 3783
412 3761
413 3765
414 3764
415 57
416 56
417 330
418 230
419 332
420 439
421 131
422 301
423 4313
424 826
425 812
426 805
427 131
428 131
429 131
430 292
431 131
432 131
433 131
434 131
435 131
436 131
437 131
438 131
439 131
440 6497
441 803
442 431
443 3071
444 3760
445 302
446 3737
447 254
448 526
449 5242
450 274
451 4059
452 813
453 812
454 127
455 126
456 131
457 3917
458 458
459 294
460 4313
461 3796
462 131
463 301
464 3710
465 3710
466 4015
467 4015
468 3692
469 5232
470 3692
471 3692
472 3692
473 3710
474 3692
475 3692
476 3692
477 3692
478 3692
479 3692
480 3783
481 3784
482 274
483 274
484 446
485 3868
486 5242
487 5242
488 254
489 385
490 4022
491 4010
492 3866
493 3866
494 3887
495 3887
496 3783
497 274
498 3783
499 3692
500 5242
501 5242
502 5242
503 385
504 3866
505 3866
506 3904
507 3887
508 3866
509 3866
510 3904
511 3866
512 3887
513 3866
514 3866
515 3866
516 3866
517 362
518 3887
519 446
520 3868
521 446
522 445
523 445
524 385
525 3866
526 445
527 3866
528 3866
529 3887
530 3866
531 446
532 445
533 446
534 3887
535 3866
536 3887
537 3866
538 3866
539 3887
540 3887
541 3866
542 3866
543 3866
544 3866
545 385
546 5242
547 4022
548 4022
549 4022
550 3866
551 5242
552 254
553 5242
554 5242
555 274
556 5242
557 5242
558 5242
559 4015
560 5242
561 5242
562 3692
563 3692
564 3692
565 3692
566 3784
567 3692
568 3710
569 4015
570 3171
571 1309
572 702
573 3169
574 4015
575 3783
576 3783
577 5242
578 5242
579 5242
580 4015
581 254
582 4006
583 4010
584 3078
585 4187
586 4781
587 3171
588 6273
589 3074
590 4417
591 3074
592 3496
593 3496
594 3063
595 3498
596 3498
597 3506
598 4106
599 4149
600 5225
601 4108
602 6491
603 6327
604 6490
605 651
606 1239
607 609
608 4076
609 588
610 4282
611 4134
612 4107
613 4108
614 6294
615 6294
616 4732
617 4732
618 5377
619 2840
620 2840
621 5043
622 4173
623 1257
624 4738
625 4173
626 1646
627 1683
628 5046
629 5038
630 3021
631 1784
632 1784
633 5245
634 4763
635 5326
636 5007
637 5007
638 2868
639 4682
640 4898
641 3043
642 5099
643 5084
644 5371
645 5085
646 5043
647 5093
648 3042
649 6488
650 6489
651 3030
652 6878
653 4748
654 6566
655 5246
656 6380
657 6567
658 4962
659 4675
660 4964
661 4750
662 5263
663 4343
664 3021
665 6567
666 6316
667 6316
668 4108
669 4107
670 6302
671 6302
672 4278
673 4249
674 6411
675 4896
676 6566
677 6566
678 5262
679 6567
680 5181
681 5181
682 5181
683 5150
684 692
685 4102
686 4149
687 653
688 4750
689 4748
690 6285
691 927
692 6306
693 3497
694 6503
695 3496
696 6274
697 6274
698 3496
699 4185
700 4185
701 3078
702 3171
703 4909
704 4131
705 5262
706 4136
707 4874
708 4160
709 6483
710 589
711 1849
712 4281
713 2954
714 4865
715 4281
716 4864
717 4852
718 4864
719 5181
720 5246
721 5244
722 4208
723 5377
724 5099
725 5377
726 6313
727 6313
728 6315
729 6316
730 6500
731 4417
732 4416
733 4416
734 6499
735 4739
736 5084
737 5126
738 5173
739 5187
740 5165
741 5165
742 711
743 781
744 782
745 781
746 781
747 1216
748 2885
749 4179
750 692
751 4824
752 4179
753 5178
754 5151
755 4864
756 5181
757 5181
758 5184
759 5167
760 5187
761 5164
762 5361
763 5082
764 5084
765 1325
766 2846
767 4253
768 6298
769 4867
770 5178
771 4864
772 4852
773 643
774 791
775 643
776 1414
777 5370
778 5084
779 5127
780 5165
781 1821
782 1849
783 1821
784 5165
785 5208
786 5124
787 5083
788 1646
789 1683
790 5092
791 5084
792 5084
793 5043
794 4373
795 4208
796 5245
797 6373
798 6373
799 5245
800 6566
801 1784
802 6566
803 1809
804 1810
805 747
806 1809
807 4948
808 4704
809 1165
810 838
811 782
812 4271
813 1811
814 2875
815 4395
816 4395
817 2972
818 1810
819 2972
820 3171
821 3169
822 4704
823 4704
824 2972
825 2972
826 2972
827 5272
828 5272
829 812
830 5263
831 6567
832 4469
833 6509
834 4672
835 4464
836 910
837 964
838 4631
839 6515
840 4704
841 832
842 3082
843 835
844 5262
845 6567
846 5266
847 4464
848 4672
849 4464
850 4444
851 4487
852 6551
853 6509
854 4514
855 6571
856 6873
857 6873
858 5262
859 868
860 868
861 5262
862 847
863 1454
864 1228
865 1209
866 4395
867 6553
868 4646
869 4757
870 4508
871 4984
872 4444
873 4672
874 4672
875 4464
876 4466
877 4672
878 4926
879 4475
880 4470
881 4420
882 1360
883 4704
884 4926
885 4926
886 5263
887 1784
888 6380
889 2914
890 5245
891 4967
892 6286
893 795
894 941
895 6313
896 6315
897 4489
898 4493
899 955
900 4746
901 4497
902 4672
903 4515
904 4659
905 4659
906 4508
907 4515
908 4527
909 4334
910 4497
911 4515
912 4358
913 4443
914 4363
915 1321
916 6386
917 860
918 6380
919 6386
920 4354
921 4145
922 4143
923 4143
924 4144
925 6293
926 6293
927 6290
928 6290
929 6878
930 3497
931 3498
932 4948
933 4388
934 991
935 1035
936 4339
937 4395
938 5263
939 6554
940 4208
941 2842
942 4149
943 689
944 4464
945 4503
946 4503
947 4529
948 4498
949 1022
950 4430
951 4430
952 4334
953 4387
954 4387
955 6871
956 4430
957 4515
958 4498
959 4497
960 4531
961 4498
962 4334
963 4338
964 4388
965 1007
966 1007
967 1035
968 1022
969 4549
970 4532
971 4503
972 4505
973 4531
974 4498
975 4995
976 4505
977 4529
978 4546
979 4995
980 4506
981 4543
982 4994
983 4842
984 4994
985 4543
986 4533
987 4534
988 4556
989 6871
990 6871
991 4387
992 4387
993 4387
994 4843
995 4943
996 4581
997 4581
998 4561
999 4561
1000 4662
1001 4662
1002 4581
1003 4577
1004 4387
1005 4581
1006 4564
1007 4577
1008 4387
1009 4576
1010 4387
1011 4577
1012 4574
1013 4588
1014 4581
1015 4943
1016 4943
1017 4662
1018 4561
1019 4574
1020 4662
1021 4566
1022 4566
1023 4542
1024 4566
1025 4843
1026 4843
1027 4843
1028 4843
1029 4663
1030 4669
1031 4665
1032 4665
1033 4998
1034 4998
1035 4669
1036 4669
1037 4669
1038 4663
1039 4661
1040 4661
1041 4663
1042 4663
1043 4574
1044 4574
1045 4996
1046 4662
1047 4999
1048 4938
1049 4999
1050 4938
1051 4560
1052 4560
1053 4561
1054 4560
1055 4999
1056 4597
1057 4600
1058 4938
1059 4603
1060 4597
1061 4940
1062 4940
1063 4597
1064 4563
1065 4600
1066 4563
1067 4563
1068 4562
1069 4561
1070 4944
1071 4607
1072 4607
1073 4945
1074 6592
1075 6722
1076 6585
1077 6592
1078 4604
1079 4619
1080 4607
1081 4602
1082 4611
1083 4611
1084 4607
1085 4607
1086 6605
1087 6584
1088 6588
1089 6605
1090 4622
1091 6587
1092 6583
1093 4621
1094 6592
1095 6721
1096 6578
1097 4606
1098 4611
1099 4606
1100 4606
1101 4593
1102 4620
1103 4605
1104 6607
1105 6728
1106 6722
1107 6723
1108 6605
1109 6604
1110 6604
1111 6605
1112 6728
1113 6609
1114 6723
1115 6722
1116 6728
1117 6832
1118 6585
1119 6728
1120 6727
1121 6727
1122 6730
1123 6730
1124 6730
1125 6607
1126 6607
1127 6730
1128 6730
1129 6730
1130 6730
1131 6730
1132 6727
1133 6727
1134 6609
1135 6727
1136 6727
1137 4333
1138 4333
1139 4333
1140 4352
1141 4541
1142 4498
1143 6872
1144 4500
1145 4570
1146 4588
1147 4663
1148 4561
1149 4603
1150 4599
1151 4620
1152 4601
1153 4620
1154 6721
1155 6584
1156 6728
1157 6722
1158 6727
1159 4455
1160 4934
1161 4670
1162 4469
1163 4990
1164 4991
1165 4477
1166 4990
1167 4998
1168 4636
1169 4843
1170 4542
1171 4663
1172 4663
1173 4665
1174 4570
1175 5002
1176 4619
1177 4620
1178 4597
1179 5001
1180 4607
1181 4622
1182 4619
1183 4611
1184 4533
1185 4543
1186 4842
1187 4506
1188 6473
1189 6473
1190 6286
1191 4750
1192 6285
1193 894
1194 794
1195 4748
1196 725
1197 6302
1198 4864
1199 4851
1200 4408
1201 4957
1202 4733
1203 1801
1204 4363
1205 4363
1206 847
1207 4420
1208 4926
1209 4477
1210 952
1211 3173
1212 3016
1213 4417
1214 4417
1215 3074
1216 6274
1217 4183
1218 4183
1219 4271
1220 4199
1221 4528
1222 950
1223 4528
1224 4519
1225 4509
1226 4527
1227 6504
1228 4444
1229 4444
1230 4522
1231 5038
1232 5046
1233 5046
1234 5038
1235 685
1236 3505
1237 606
1238 1881
1239 1861
1240 1864
1241 3011
1242 1891
1243 1884
1244 2893
1245 1884
1246 3127
1247 3170
1248 3019
1249 4152
1250 4142
1251 3019
1252 6311
1253 722
1254 3077
1255 685
1256 2870
1257 4179
1258 1386
1259 5086
1260 5084
1261 1384
1262 4673
1263 4444
1264 1264
1265 2829
1266 2829
1267 2841
1268 5377
1269 619
1270 5098
1271 5151
1272 5151
1273 4864
1274 4516
1275 4455
1276 4948
1277 4528
1278 4528
1279 702
1280 804
1281 5126
1282 5165
1283 5182
1284 5150
1285 5182
1286 5182
1287 5182
1288 5150
1289 6478
1290 4827
1291 6316
1292 4825
1293 4739
1294 6499
1295 6313
1296 6316
1297 4076
1298 4076
1299 6333
1300 4187
1301 4797
1302 783
1303 710
1304 700
1305 4076
1306 4188
1307 3169
1308 6502
1309 3171
1310 1646
1311 1683
1312 5270
1313 804
1314 1646
1315 1683
1316 4084
1317 4085
1318 1863
1319 702
1320 1309
1321 4447
1322 4459
1323 5244
1324 5245
1325 4145
1326 4142
1327 4143
1328 4145
1329 2848
1330 4957
1331 6497
1332 4922
1333 4193
1334 4193
1335 4922
1336 6572
1337 6572
1338 4970
1339 4948
1340 1232
1341 642
1342 2820
1343 1396
1344 4342
1345 4922
1346 4855
1347 4867
1348 6306
1349 670
1350 599
1351 670
1352 598
1353 4528
1354 4528
1355 787
1356 787
1357 740
1358 1283
1359 4388
1360 4333
1361 951
1362 6504
1363 950
1364 4711
1365 4497
1366 4508
1367 4503
1368 4506
1369 4572
1370 4944
1371 4644
1372 6721
1373 6722
1374 6727
1375 6728
1376 1646
1377 1646
1378 1683
1379 1683
1380 5093
1381 5080
1382 5080
1383 5043
1384 5038
1385 5376
1386 5038
1387 5038
1388 5046
1389 1684
1390 1725
1391 1725
1392 5038
1393 1684
1394 1683
1395 5038
1396 5046
1397 5045
1398 5038
1399 642
1400 2820
1401 4281
1402 2954
1403 4249
1404 6412
1405 1386
1406 1734
1407 1386
1408 1386
1409 5092
1410 5135
1411 5207
1412 5092
1413 5084
1414 5375
1415 4852
1416 5181
1417 4751
1418 5187
1419 5089
1420 6302
1421 4108
1422 5082
1423 5212
1424 5203
1425 6302
1426 4733
1427 3078
1428 5208
1429 1268
1430 5182
1431 5208
1432 5150
1433 5181
1434 4210
1435 4211
1436 6302
1437 4379
1438 740
1439 1288
1440 1283
1441 787
1442 1283
1443 2820
1444 628
1445 2820
1446 4396
1447 4396
1448 3150
1449 6877
1450 1321
1451 4477
1452 4469
1453 991
1454 4395
1455 1007
1456 1035
1457 1022
1458 980
1459 4554
1460 4500
1461 4536
1462 4535
1463 4842
1464 6583
1465 6605
1466 6605
1467 4605
1468 4611
1469 4606
1470 6592
1471 6603
1472 6603
1473 6721
1474 6726
1475 4352
1476 6520
1477 4443
1478 4447
1479 847
1480 4443
1481 4922
1482 4922
1483 6474
1484 3019
1485 6373
1486 3502
1487 2828
1488 2829
1489 2829
1490 1264
1491 6372
1492 6373
1493 4731
1494 4734
1495 6294
1496 6472
1497 4934
1498 4528
1499 4444
1500 4447
1501 4447
1502 5174
1503 4866
1504 4744
1505 1398
1506 1398
1507 5182
1508 780
1509 4266
1510 780
1511 4443
1512 4447
1513 1209
1514 951
1515 949
1516 4934
1517 1007
1518 4387
1519 4843
1520 4639
1521 4581
1522 4943
1523 4940
1524 4597
1525 4620
1526 4613
1527 4621
1528 6588
1529 6723
1530 6605
1531 6607
1532 6730
1533 4528
1534 950
1535 3495
1536 5151
1537 5151
1538 4864
1539 6526
1540 6526
1541 1386
1542 1386
1543 5208
1544 4852
1545 4864
1546 5644
1547 5658
1548 5658
1549 5487
1550 5487
1551 5658
1552 5644
1553 5658
1554 5658
1555 5549
1556 5656
1557 5492
1558 5658
1559 5656
1560 5644
1561 5486
1562 5562
1563 5644
1564 5422
1565 5426
1566 5426
1567 5422
1568 5405
1569 5486
1570 5486
1571 5609
1572 5404
1573 5423
1574 5382
1575 5405
1576 5747
1577 5747
1578 5644
1579 5521
1580 5669
1581 5549
1582 5497
1583 5493
1584 5658
1585 5497
1586 5656
1587 5658
1588 5497
1589 5656
1590 5658
1591 5658
1592 5656
1593 5609
1594 5669
1595 5669
1596 5440
1597 5405
1598 5521
1599 5644
1600 5486
1601 5486
1602 5487
1603 5567
1604 5486
1605 5562
1606 5609
1607 5747
1608 5423
1609 5609
1610 5747
1611 5747
1612 5609
1613 5426
1614 6335
1615 5421
1616 5419
1617 5421
1618 5426
1619 5060
1620 5412
1621 5427
1622 5407
1623 5391
1624 5747
1625 5747
1626 5391
1627 5426
1628 5391
1629 5391
1630 5421
1631 5069
1632 5060
1633 5060
1634 5069
1635 5162
1636 5060
1637 5069
1638 5020
1639 1623
1640 5162
1641 5162
1642 1623
1643 5426
1644 5426
1645 5162
1646 5429
1647 5418
1648 5162
1649 5162
1650 5058
1651 5427
1652 5162
1653 5058
1654 5427
1655 5427
1656 5058
1657 5426
1658 5427
1659 5427
1660 5426
1661 5426
1662 5426
1663 5426
1664 5058
1665 5426
1666 5427
1667 5020
1668 5039
1669 5039
1670 5020
1671 5039
1672 5039
1673 5039
1674 5039
1675 1566
1676 5020
1677 1623
1678 1566
1679 1566
1680 1743
1681 1623
1682 1743
1683 5060
1684 5058
1685 5644
1686 5658
1687 5658
1688 5487
1689 5658
1690 5497
1691 5486
1692 5487
1693 5656
1694 5426
1695 6335
1696 5058
1697 5060
1698 5060
1699 5419
1700 5426
1701 5385
1702 5402
1703 5162
1704 5407
1705 5060
1706 5407
1707 1623
1708 5162
1709 1630
1710 1743
1711 1623
1712 1623
1713 5060
1714 5015
1715 5069
1716 1566
1717 5020
1718 1566
1719 5015
1720 5069
1721 5549
1722 5486
1723 5421
1724 5402
1725 5426
1726 5644
1727 5493
1728 5609
1729 5486
1730 5609
1731 5162
1732 5439
1733 5058
1734 5039
1735 5020
1736 5426
1737 5374
1738 5426
1739 5060
1740 5162
1741 5497
1742 5405
1743 6335
1744 6335
1745 5060
1746 5407
1747 5162
1748 5060
1749 5060
1750 5497
1751 5162
1752 5391
1753 4416
1754 4417
1755 4416
1756 5084
1757 4675
1758 2842
1759 5178
1760 5110
1761 5181
1762 5151
1763 5132
1764 385
1765 384
1766 413
1767 4346
1768 6570
1769 4354
1770 5242
1771 4022
1772 5242
1773 4015
1774 4015
1775 3783
1776 457
1777 3887
1778 3781
1779 3151
1780 869
1781 869
1782 2927
1783 3102
1784 869
1785 3102
1786 4364
1787 4757
1788 4757
1789 4395
1790 6555
1791 4757
1792 6555
1793 6877
1794 4757
1795 6877
1796 4646
1797 4647
1798 4971
1799 884
1800 4360
1801 4646
1802 1321
1803 4363
1804 1321
1805 1454
1806 1454
1807 1228
1808 3496
1809 781
1810 1849
1811 1239
1812 1291
1813 4085
1814 1861
1815 2892
1816 781
1817 781
1818 5222
1819 1239
1820 5222
1821 2891
1822 2894
1823 1884
1824 2894
1825 5014
1826 5014
1827 4257
1828 4257
1829 1401
1830 1544
1831 6364
1832 2944
1833 1856
1834 3015
1835 4718
1836 4909
1837 4280
1838 4279
1839 4854
1840 4249
1841 2958
1842 5012
1843 4885
1844 4764
1845 1281
1846 741
1847 2956
1848 2957
1849 1881
1850 6364
1851 6364
1852 1841
1853 2944
1854 1544
1855 1544
1856 6363
1857 1401
1858 2957
1859 1418
1860 1536
1861 1842
1862 2893
1863 1897
1864 637
1865 5181
1866 5150
1867 5109
1868 4852
1869 5150
1870 4854
1871 4281
1872 4136
1873 4160
1874 1865
1875 1761
1876 643
1877 643
1878 791
1879 737
1880 791
1881 1831
1882 1761
1883 1761
1884 2942
1885 5014
1886 1850
1887 1883
1888 682
1889 1761
1890 4257
1891 1401
1892 2956
1893 1291
1894 4083
1895 4137
1896 650
1897 648
1898 4979
1899 6314
1900 5427
1901 1397
1902 1414
1903 1232
1904 1734
1905 3069
1906 100
1907 331
1908 332
1909 5058
1910 5426
1911 5747
1912 5747
1913 5668
1914 5747
1915 5423
1916 5391
1917 5747
1918 5537
1919 6200
1920 6200
1921 5537
1922 6191
1923 6200
1924 6191
1925 6200
1926 6192
1927 6192
1928 6230
1929 6230
1930 6192
1931 5537
1932 6175
1933 6225
1934 6225
1935 6192
1936 6230
1937 6230
1938 6192
1939 5537
1940 6200
1941 6200
1942 5537
1943 5583
1944 6200
1945 6191
1946 5632
1947 5632
1948 5656
1949 5537
1950 5537
1951 5632
1952 5632
1953 5497
1954 5698
1955 5698
1956 5537
1957 5632
1958 6175
1959 6225
1960 5537
1961 6200
1962 6200
1963 5537
1964 5698
1965 5632
1966 5632
1967 5537
1968 5632
1969 6191
1970 6191
1971 5632
1972 5537
1973 5698
1974 5698
1975 5537
1976 5497
1977 5698
1978 5698
1979 6192
1980 5497
1981 6017
1982 5921
1983 5919
1984 6032
1985 5816
1986 6014
1987 5814
1988 5807
1989 5926
1990 5921
1991 5926
1992 5906
1993 5906
1994 5905
1995 5906
1996 5889
1997 6014
1998 5921
1999 5889
2000 6029
2001 6039
2002 5814
2003 5795
2004 5921
2005 6031
2006 6031
2007 6014
2008 5795
2009 5921
2010 5928
2011 5921
2012 5919
2013 5763
2014 5743
2015 5619
2016 5619
2017 5678
2018 5619
2019 5630
2020 5619
2021 5763
2022 5807
2023 5743
2024 5813
2025 5490
2026 5677
2027 6537
2028 6537
2029 6537
2030 6537
2031 5741
2032 5490
2033 5490
2034 5741
2035 5694
2036 5743
2037 6537
2038 6537
2039 6537
2040 6537
2041 5925
2042 5906
2043 5905
2044 5905
2045 5905
2046 5905
2047 5926
2048 5906
2049 5920
2050 6017
2051 6039
2052 6036
2053 5925
2054 5925
2055 5905
2056 5905
2057 5905
2058 5905
2059 5830
2060 5830
2061 6039
2062 5906
2063 5926
2064 6033
2065 5741
2066 5619
2067 6537
2068 6537
2069 5813
2070 5763
2071 5678
2072 5619
2073 5630
2074 5905
2075 5921
2076 6031
2077 6032
2078 6032
2079 5814
2080 5814
2081 6033
2082 5928
2083 5928
2084 6033
2085 5921
2086 6032
2087 5678
2088 5490
2089 5830
2090 5808
2091 5810
2092 5743
2093 5763
2094 5813
2095 6014
2096 5807
2097 5619
2098 5830
2099 5830
2100 5830
2101 5830
2102 5840
2103 5840
2104 5840
2105 5840
2106 5842
2107 5830
2108 5842
2109 5842
2110 5840
2111 5830
2112 5842
2113 6031
2114 6036
2115 5921
2116 6036
2117 5905
2118 5905
2119 5905
2120 5763
2121 5763
2122 5905
2123 6537
2124 6537
2125 1999
2126 6537
2127 5905
2128 6537
2129 1999
2130 5905
2131 5905
2132 5905
2133 5905
2134 5906
2135 5905
2136 5925
2137 5906
2138 5906
2139 5905
2140 5905
2141 5905
2142 5905
2143 5814
2144 5814
2145 6537
2146 6537
2147 5842
2148 5840
2149 6039
2150 6031
2151 6032
2152 5905
2153 5905
2154 5905
2155 5905
2156 6537
2157 6537
2158 6537
2159 6537
2160 5905
2161 1999
2162 1999
2163 5905
2164 5905
2165 1999
2166 6537
2167 6537
2168 6537
2169 6537
2170 5807
2171 5814
2172 5807
2173 5906
2174 5906
2175 6039
2176 5814
2177 5905
2178 5905
2179 5905
2180 6032
2181 6537
2182 5490
2183 5741
2184 5694
2185 5619
2186 6537
2187 6537
2188 5905
2189 5905
2190 5905
2191 5905
2192 5807
2193 5906
2194 5906
2195 5763
2196 5678
2197 5763
2198 5905
2199 5808
2200 5762
2201 5694
2202 5619
2203 5619
2204 6537
2205 6537
2206 5842
2207 5830
2208 5842
2209 5830
2210 5807
2211 5762
2212 5808
2213 5808
2214 5905
2215 6537
2216 6537
2217 6537
2218 6537
2219 6537
2220 6537
2221 5814
2222 5905
2223 5807
2224 5814
2225 6029
2226 5763
2227 5741
2228 5630
2229 5619
2230 5842
2231 5809
2232 6537
2233 6537
2234 5830
2235 5842
2236 6031
2237 5814
2238 5814
2239 5810
2240 5808
2241 5842
2242 6197
2243 6197
2244 6191
2245 6537
2246 1999
2247 1999
2248 6014
2249 6034
2250 6017
2251 6032
2252 6032
2253 6036
2254 5808
2255 5807
2256 5807
2257 5807
2258 5905
2259 5905
2260 5905
2261 6537
2262 1999
2263 1999
2264 5810
2265 5763
2266 5928
2267 5920
2268 5906
2269 5905
2270 5905
2271 5905
2272 6537
2273 6537
2274 5905
2275 5906
2276 1999
2277 5905
2278 5906
2279 5830
2280 6537
2281 6537
2282 6537
2283 6537
2284 5743
2285 5814
2286 6197
2287 6032
2288 5921
2289 5905
2290 5905
2291 5905
2292 5905
2293 5905
2294 1999
2295 6537
2296 6537
2297 6537
2298 6537
2299 6537
2300 6537
2301 6537
2302 6537
2303 6537
2304 6537
2305 2396
2306 2396
2307 6537
2308 6537
2309 2396
2310 2396
2311 2396
2312 6537
2313 2396
2314 2396
2315 2396
2316 2396
2317 6537
2318 2396
2319 2406
2320 2406
2321 2406
2322 6537
2323 6537
2324 2396
2325 2396
2326 6537
2327 2396
2328 2396
2329 6537
2330 2396
2331 6537
2332 6537
2333 2396
2334 2406
2335 2396
2336 2396
2337 2396
2338 2396
2339 2406
2340 2406
2341 6537
2342 6537
2343 6537
2344 6537
2345 6537
2346 6537
2347 2396
2348 2396
2349 2396
2350 2396
2351 2396
2352 2396
2353 2406
2354 2396
2355 2396
2356 2396
2357 2478
2358 6537
2359 6537
2360 2478
2361 6537
2362 6537
2363 6537
2364 6537
2365 6537
2366 6537
2367 6537
2368 1998
2369 1998
2370 6537
2371 6537
2372 1999
2373 6537
2374 6537
2375 6537
2376 6537
2377 6537
2378 6537
2379 1999
2380 1999
2381 1999
2382 6537
2383 6537
2384 6537
2385 6537
2386 6537
2387 6537
2388 6537
2389 6537
2390 6537
2391 2396
2392 2396
2393 6537
2394 2478
2395 6537
2396 2478
2397 2396
2398 2396
2399 2396
2400 6537
2401 2396
2402 2366
2403 2478
2404 2396
2405 2396
2406 2366
2407 2396
2408 2406
2409 2396
2410 2396
2411 2396
2412 2406
2413 2396
2414 2396
2415 2557
2416 2557
2417 2446
2418 2446
2419 2451
2420 2451
2421 2557
2422 2557
2423 2446
2424 2557
2425 2446
2426 2446
2427 2451
2428 2557
2429 2446
2430 2446
2431 2557
2432 2406
2433 2557
2434 2446
2435 2446
2436 2557
2437 2446
2438 2446
2439 2557
2440 2446
2441 2406
2442 2406
2443 2446
2444 2446
2445 2446
2446 2446
2447 2451
2448 2446
2449 2451
2450 2446
2451 2446
2452 2446
2453 2396
2454 2396
2455 2406
2456 2557
2457 2406
2458 2557
2459 2557
2460 2557
2461 2446
2462 2446
2463 2446
2464 2446
2465 2446
2466 2446
2467 2446
2468 2446
2469 6537
2470 6537
2471 6537
2472 6537
2473 6537
2474 6537
2475 6537
2476 6537
2477 6537
2478 6537
2479 6537
2480 1999
2481 1998
2482 6537
2483 6537
2484 6537
2485 6537
2486 6537
2487 6537
2488 6537
2489 1999
2490 1999
2491 1998
2492 6537
2493 1999
2494 1999
2495 6537
2496 6537
2497 6537
2498 6537
2499 6537
2500 6537
2501 2385
2502 2385
2503 6537
2504 6537
2505 6537
2506 6537
2507 6537
2508 2478
2509 2478
2510 1999
2511 1999
2512 2385
2513 2478
2514 6537
2515 6537
2516 2478
2517 2478
2518 2366
2519 2366
2520 2366
2521 2477
2522 2477
2523 2366
2524 2477
2525 2477
2526 2396
2527 2396
2528 2406
2529 2406
2530 2396
2531 2396
2532 2396
2533 2396
2534 2396
2535 2396
2536 2406
2537 2518
2538 2396
2539 2396
2540 2406
2541 2406
2542 2396
2543 2396
2544 2396
2545 2518
2546 2406
2547 2396
2548 2518
2549 2406
2550 2396
2551 2518
2552 2366
2553 2366
2554 2406
2555 2406
2556 2406
2557 2406
2558 2396
2559 2518
2560 2396
2561 2518
2562 2406
2563 2406
2564 2477
2565 2477
2566 2366
2567 2396
2568 2366
2569 2366
2570 2396
2571 2396
2572 2518
2573 2518
2574 2518
2575 2406
2576 2406
2577 2406
2578 2406
2579 2518
2580 1999
2581 6537
2582 6537
2583 6537
2584 6537
2585 6537
2586 6537
2587 6537
2588 6537
2589 6537
2590 6537
2591 1999
2592 5905
2593 5905
2594 1999
2595 5906
2596 5905
2597 5905
2598 5906
2599 6537
2600 6537
2601 5905
2602 6537
2603 6537
2604 1999
2605 5905
2606 5905
2607 5905
2608 5905
2609 5905
2610 5905
2611 5905
2612 5905
2613 5905
2614 1999
2615 1999
2616 1999
2617 1999
2618 6537
2619 6537
2620 6537
2621 6537
2622 6537
2623 6537
2624 6537
2625 6537
2626 6537
2627 6537
2628 5905
2629 6537
2630 6537
2631 6537
2632 6537
2633 6537
2634 6537
2635 6537
2636 6537
2637 6537
2638 6537
2639 6537
2640 6537
2641 6537
2642 6537
2643 6537
2644 6537
2645 6537
2646 6537
2647 6537
2648 6537
2649 6537
2650 6537
2651 6537
2652 6537
2653 6537
2654 6537
2655 6537
2656 6537
2657 6537
2658 6537
2659 6537
2660 6537
2661 6537
2662 6537
2663 6537
2664 6537
2665 6537
2666 6537
2667 6537
2668 6537
2669 6537
2670 6537
2671 6537
2672 6537
2673 6537
2674 6537
2675 6537
2676 6537
2677 6537
2678 6537
2679 6537
2680 6537
2681 6537
2682 6537
2683 6537
2684 6537
2685 6537
2686 6537
2687 6537
2688 6537
2689 6537
2690 6537
2691 6537
2692 6537
2693 6537
2694 6537
2695 6537
2696 6537
2697 5906
2698 5906
2699 5906
2700 5906
2701 5925
2702 5925
2703 5928
2704 5928
2705 5906
2706 5906
2707 5926
2708 5906
2709 5906
2710 5906
2711 5906
2712 5906
2713 5906
2714 5906
2715 5906
2716 5905
2717 5905
2718 5905
2719 5905
2720 5905
2721 5905
2722 5905
2723 5905
2724 5905
2725 5905
2726 5905
2727 5905
2728 5905
2729 5905
2730 5905
2731 5905
2732 5905
2733 5906
2734 5905
2735 5905
2736 5905
2737 5905
2738 5905
2739 5905
2740 5905
2741 5905
2742 5906
2743 5906
2744 5905
2745 5905
2746 5905
2747 5905
2748 5905
2749 5905
2750 5905
2751 5905
2752 5905
2753 5905
2754 5906
2755 5906
2756 5906
2757 5905
2758 5906
2759 5906
2760 5905
2761 5905
2762 5905
2763 5905
2764 5905
2765 5905
2766 5905
2767 5905
2768 5905
2769 5905
2770 5906
2771 5906
2772 5925
2773 6039
2774 6014
2775 6036
2776 5925
2777 5906
2778 6031
2779 131
2780 131
2781 131
2782 131
2783 131
2784 131
2785 131
2786 131
2787 131
2788 131
2789 131
2790 131
2791 131
2792 126
2793 126
2794 126
2795 131
2796 126
2797 126
2798 131
2799 131
2800 131
2801 131
2802 131
2803 131
2804 131
2805 131
2806 131
2807 131
2808 131
2809 131
2810 126
2811 126
2812 6274
2813 3496
2814 131
2815 126
2816 131
2817 131
2818 126
2819 621
2820 5086
2821 1734
2822 1386
2823 4425
2824 6472
2825 1267
2826 4954
2827 4954
2828 2829
2829 2829
2830 3023
2831 4165
2832 5245
2833 3018
2834 4142
2835 6473
2836 6373
2837 4821
2838 1327
2839 1490
2840 2840
2841 2842
2842 2841
2843 4966
2844 6296
2845 4732
2846 4733
2847 2847
2848 4803
2849 928
2850 4255
2851 794
2852 6498
2853 4737
2854 4737
2855 3506
2856 4737
2857 4172
2858 687
2859 4893
2860 599
2861 4896
2862 1424
2863 4736
2864 5203
2865 5175
2866 5150
2867 5204
2868 4210
2869 4131
2870 4180
2871 1200
2872 4185
2873 5567
2874 5537
2875 5006
2876 5006
2877 6273
2878 3073
2879 1821
2880 1238
2881 1238
2882 4183
2883 2841
2884 4416
2885 4416
2886 1241
2887 1241
2888 1822
2889 2891
2890 1853
2891 1857
2892 1857
2893 1875
2894 1875
2895 628
2896 1395
2897 1384
2898 1384
2899 1384
2900 1384
2901 5088
2902 4852
2903 791
2904 4864
2905 4861
2906 5036
2907 5108
2908 5033
2909 3084
2910 869
2911 1801
2912 6555
2913 855
2914 6384
2915 4950
2916 6877
2917 3150
2918 1801
2919 6877
2920 6555
2921 6877
2922 823
2923 3133
2924 6877
2925 6555
2926 6555
2927 6555
2928 5263
2929 3151
2930 6380
2931 1254
2932 6332
2933 4174
2934 4428
2935 4898
2936 2932
2937 2931
2938 5226
2939 4266
2940 6412
2941 6412
2942 4764
2943 4265
2944 4265
2945 1286
2946 1762
2947 1544
2948 4979
2949 6394
2950 3498
2951 6503
2952 5173
2953 5082
2954 5172
2955 5082
2956 5173
2957 5165
2958 5136
2959 5108
2960 4714
2961 4862
2962 4279
2963 4883
2964 5295
2965 2970
2966 4825
2967 6489
2968 6503
2969 6499
2970 1255
2971 4738
2972 2881
2973 2881
2974 642
2975 1232
2976 1232
2977 5151
2978 1233
2979 643
2980 1233
2981 1233
2982 1396
2983 791
2984 628
2985 1260
2986 1260
2987 1260
2988 1761
2989 1288
2990 740
2991 740
2992 791
2993 643
2994 791
2995 1281
2996 1283
2997 3063
2998 3506
2999 4266
3000 4763
3001 4763
3002 1865
3003 5327
3004 5327
3005 4260
3006 3498
3007 6498
3008 4259
3009 5014
3010 5014
3011 5014
3012 4199
3013 5058
3014 4180
3015 6332
3016 4805
3017 1202
3018 2914
3019 858
3020 4406
3021 2927
3022 678
3023 1345
3024 4821
3025 927
3026 4737
3027 4738
3028 6503
3029 6316
3030 670
3031 1421
3032 669
3033 670
3034 1420
3035 4176
3036 1421
3037 1420
3038 4176
3039 6367
3040 688
3041 1420
3042 689
3043 4134
3044 4134
3045 3049
3046 143
3047 3166
3048 292
3049 214
3050 4060
3051 62
3052 56
3053 131
3054 131
3055 431
3056 3071
3057 4059
3058 3050
3059 702
3060 3169
3061 3171
3062 3078
3063 4179
3064 3498
3065 3506
3066 3497
3067 4187
3068 6497
3069 3069
3070 100
3071 331
3072 332
3073 3074
3074 3496
3075 3076
3076 1348
3077 1200
3078 6333
3079 1202
3080 4704
3081 4469
3082 1277
3083 1277
3084 4396
3085 4396
3086 4364
3087 1221
3088 3127
3089 4930
3090 837
3091 884
3092 4396
3093 4396
3094 4934
3095 1277
3096 4455
3097 3102
3098 3083
3099 3083
3100 6555
3101 883
3102 4295
3103 4396
3104 1221
3105 4652
3106 1263
3107 3087
3108 837
3109 1263
3110 837
3111 4757
3112 1477
3113 6553
3114 4757
3115 884
3116 3135
3117 3127
3118 4760
3119 900
3120 1274
3121 3093
3122 869
3123 4647
3124 2914
3125 4505
3126 4352
3127 4352
3128 4934
3129 4447
3130 4396
3131 4514
3132 4469
3133 4447
3134 4447
3135 4528
3136 847
3137 4396
3138 835
3139 1475
3140 1223
3141 4834
3142 1475
3143 4948
3144 4652
3145 4652
3146 1353
3147 1140
3148 1360
3149 4420
3150 4645
3151 4645
3152 3128
3153 1454
3154 6555
3155 3133
3156 4645
3157 4757
3158 3083
3159 3083
3160 3475
3161 143
3162 307
3163 3745
3164 826
3165 126
3166 291
3167 131
3168 3171
3169 3078
3170 950
3171 3078
3172 4418
3173 1326
3174 6791
3175 6791
3176 6784
3177 6786
3178 6791
3179 6791
3180 6791
3181 6791
3182 6786
3183 6784
3184 6791
3185 6786
3186 6791
3187 6791
3188 6788
3189 6791
3190 6788
3191 6791
3192 6791
3193 6788
3194 6784
3195 6784
3196 6784
3197 6791
3198 6826
3199 6825
3200 6826
3201 6826
3202 6826
3203 6826
3204 6826
3205 6826
3206 6786
3207 6825
3208 6828
3209 6825
3210 6826
3211 620
3212 620
3213 620
3214 620
3215 6666
3216 6666
3217 6666
3218 6666
3219 6666
3220 6666
3221 6666
3222 6666
3223 6666
3224 6666
3225 6666
3226 6666
3227 620
3228 620
3229 6666
3230 6666
3231 6666
3232 6666
3233 6666
3234 6666
3235 6666
3236 6666
3237 6666
3238 6666
3239 6666
3240 6666
3241 6666
3242 6666
3243 6666
3244 6666
3245 6666
3246 620
3247 6666
3248 6666
3249 6666
3250 6666
3251 6666
3252 6666
3253 6666
3254 6666
3255 620
3256 6666
3257 620
3258 620
3259 6666
3260 6666
3261 6666
3262 620
3263 620
3264 620
3265 620
3266 620
3267 6666
3268 6666
3269 6666
3270 6666
3271 6666
3272 620
3273 620
3274 6666
3275 6666
3276 620
3277 6666
3278 6666
3279 6665
3280 6666
3281 6666
3282 6665
3283 6666
3284 6666
3285 6666
3286 6666
3287 6666
3288 6666
3289 6665
3290 6666
3291 6666
3292 6655
3293 6666
3294 6629
3295 6666
3296 6627
3297 6629
3298 6666
3299 6666
3300 6666
3301 6666
3302 6666
3303 6627
3304 6627
3305 620
3306 620
3307 6666
3308 6666
3309 620
3310 6666
3311 6666
3312 620
3313 6666
3314 6666
3315 6708
3316 6677
3317 6666
3318 6676
3319 6788
3320 6791
3321 6791
3322 6788
3323 6788
3324 6825
3325 6828
3326 6828
3327 6764
3328 6769
3329 6855
3330 6855
3331 6855
3332 6764
3333 6797
3334 6742
3335 6742
3336 6658
3337 6658
3338 6648
3339 6648
3340 6701
3341 6631
3342 6707
3343 6631
3344 620
3345 6648
3346 6707
3347 6648
3348 6707
3349 6641
3350 6707
3351 6701
3352 6707
3353 6701
3354 6707
3355 6701
3356 6641
3357 6707
3358 6707
3359 6714
3360 6707
3361 6714
3362 6707
3363 6701
3364 6703
3365 6692
3366 6692
3367 6703
3368 6703
3369 6703
3370 6741
3371 6718
3372 6692
3373 6694
3374 6741
3375 6754
3376 6741
3377 6716
3378 6715
3379 6740
3380 6742
3381 6742
3382 6718
3383 6760
3384 6760
3385 6718
3386 6716
3387 6760
3388 6760
3389 6718
3390 6742
3391 6742
3392 6742
3393 6742
3394 6760
3395 6742
3396 6718
3397 6703
3398 6703
3399 6740
3400 6741
3401 6741
3402 6718
3403 6703
3404 6739
3405 6694
3406 6640
3407 6703
3408 6692
3409 6750
3410 6716
3411 6741
3412 6716
3413 6718
3414 6760
3415 6742
3416 6742
3417 6742
3418 6740
3419 6640
3420 6703
3421 6692
3422 6680
3423 6697
3424 6697
3425 6697
3426 6718
3427 6718
3428 6697
3429 6697
3430 6680
3431 6697
3432 6847
3433 6850
3434 6850
3435 6854
3436 6854
3437 6640
3438 6689
3439 6681
3440 6640
3441 6679
3442 6713
3443 6713
3444 6679
3445 6711
3446 6711
3447 6679
3448 6690
3449 6680
3450 6680
3451 6690
3452 6680
3453 6680
3454 6680
3455 6680
3456 6680
3457 6680
3458 6680
3459 6680
3460 6680
3461 6680
3462 6680
3463 6680
3464 6680
3465 6680
3466 6680
3467 6680
3468 6680
3469 6797
3470 4271
3471 6274
3472 4947
3473 4947
3474 5000
3475 4443
3476 4425
3477 4144
3478 4143
3479 4447
3480 1264
3481 3127
3482 6313
3483 3040
3484 832
3485 3978
3486 4015
3487 5242
3488 3982
3489 4006
3490 3866
3491 5242
3492 5242
3493 4015
3494 4015
3495 3497
3496 6503
3497 3506
3498 3076
3499 74
3500 6570
3501 861
3502 664
3503 1801
3504 4921
3505 1200
3506 4179
3507 1513
3508 3506
3509 4165
3510 847
3511 4803
3512 3916
3513 3646
3514 3641
3515 127
3516 127
3517 126
3518 3676
3519 3745
3520 238
3521 3847
3522 3523
3523 12
3524 154
3525 141
3526 54
3527 53
3528 131
3529 131
3530 3951
3531 341
3532 131
3533 131
3534 131
3535 131
3536 131
3537 341
3538 131
3539 131
3540 131
3541 131
3542 131
3543 131
3544 131
3545 131
3546 131
3547 131
3548 131
3549 131
3550 131
3551 131
3552 239
3553 75
3554 237
3555 238
3556 130
3557 291
3558 275
3559 44
3560 275
3561 53
3562 54
3563 57
3564 100
3565 54
3566 143
3567 143
3568 56
3569 54
3570 143
3571 57
3572 56
3573 56
3574 57
3575 290
3576 430
3577 81
3578 82
3579 75
3580 75
3581 290
3582 75
3583 65
3584 75
3585 458
3586 92
3587 75
3588 291
3589 238
3590 92
3591 81
3592 3055
3593 442
3594 81
3595 3048
3596 1905
3597 74
3598 458
3599 1905
3600 94
3601 100
3602 279
3603 3069
3604 100
3605 100
3606 281
3607 442
3608 94
3609 1906
3610 101
3611 3911
3612 57
3613 57
3614 143
3615 143
3616 126
3617 126
3618 126
3619 126
3620 126
3621 126
3622 3646
3623 341
3624 3746
3625 3642
3626 3642
3627 126
3628 126
3629 3858
3630 126
3631 131
3632 131
3633 131
3634 126
3635 126
3636 126
3637 126
3638 131
3639 131
3640 131
3641 131
3642 131
3643 131
3644 3646
3645 3760
3646 128
3647 3759
3648 3761
3649 143
3650 3652
3651 54
3652 144
3653 144
3654 201
3655 201
3656 144
3657 202
3658 201
3659 201
3660 201
3661 175
3662 572
3663 452
3664 1319
3665 4788
3666 143
3667 3668
3668 3524
3669 3704
3670 3683
3671 3683
3672 3689
3673 3761
3674 3689
3675 3689
3676 3759
3677 3759
3678 3683
3679 3762
3680 3786
3681 3783
3682 3762
3683 3786
3684 201
3685 175
3686 3944
3687 4793
3688 3764
3689 3783
3690 3896
3691 3893
3692 385
3693 3893
3694 3900
3695 3893
3696 201
3697 3714
3698 202
3699 202
3700 128
3701 3842
3702 128
3703 127
3704 3704
3705 3677
3706 3683
3707 3683
3708 3784
3709 3683
3710 3765
3711 3763
3712 144
3713 201
3714 175
3715 175
3716 257
3717 175
3718 4292
3719 4292
3720 824
3721 826
3722 825
3723 426
3724 4292
3725 825
3726 4059
3727 4059
3728 6497
3729 6497
3730 813
3731 813
3732 3713
3733 3713
3734 813
3735 3769
3736 3920
3737 3722
3738 301
3739 131
3740 131
3741 131
3742 131
3743 131
3744 127
3745 127
3746 126
3747 126
3748 261
3749 13
3750 238
3751 18
3752 127
3753 126
3754 128
3755 94
3756 14
3757 3733
3758 3645
3759 3761
3760 3760
3761 3783
3762 3764
3763 3901
3764 3901
3765 3902
3766 3767
3767 3717
3768 426
3769 826
3770 3745
3771 128
3772 3688
3773 3523
3774 265
3775 18
3776 237
3777 154
3778 54
3779 147
3780 143
3781 385
3782 3764
3783 3765
3784 3765
3785 3786
3786 384
3787 332
3788 131
3789 341
3790 3069
3791 100
3792 100
3793 281
3794 148
3795 201
3796 4060
3797 572
3798 131
3799 131
3800 131
3801 131
3802 82
3803 3053
3804 25
3805 275
3806 3053
3807 175
3808 4800
3809 826
3810 426
3811 3920
3812 424
3813 3769
3814 3769
3815 3722
3816 3727
3817 4807
3818 214
3819 3942
3820 131
3821 131
3822 131
3823 131
3824 131
3825 131
3826 131
3827 131
3828 131
3829 131
3830 131
3831 131
3832 131
3833 131
3834 131
3835 131
3836 131
3837 131
3838 131
3839 4060
3840 285
3841 75
3842 126
3843 18
3844 131
3845 131
3846 330
3847 343
3848 126
3849 131
3850 131
3851 131
3852 131
3853 131
3854 131
3855 127
3856 126
3857 131
3858 131
3859 131
3860 131
3861 439
3862 3842
3863 3646
3864 3696
3865 3901
3866 463
3867 463
3868 3917
3869 3917
3870 3710
3871 3692
3872 3692
3873 3710
3874 3711
3875 3692
3876 3692
3877 3711
3878 3692
3879 3683
3880 3683
3881 3786
3882 3781
3883 3710
3884 3763
3885 445
3886 3917
3887 3698
3888 3696
3889 3696
3890 3896
3891 3893
3892 3917
3893 3917
3894 3778
3895 4011
3896 3713
3897 3699
3898 184
3899 3696
3900 3699
3901 3737
3902 302
3903 445
3904 445
3905 445
3906 445
3907 446
3908 3896
3909 131
3910 102
3911 62
3912 331
3913 439
3914 332
3915 330
3916 126
3917 301
3918 4313
3919 826
3920 813
3921 4231
3922 131
3923 131
3924 131
3925 48
3926 131
3927 131
3928 131
3929 131
3930 131
3931 131
3932 131
3933 131
3934 6497
3935 4293
3936 3071
3937 3053
3938 4022
3939 5242
3940 5242
3941 4010
3942 4059
3943 4293
3944 812
3945 128
3946 128
3947 131
3948 92
3949 77
3950 3796
3951 131
3952 3978
3953 4015
3954 4015
3955 3710
3956 3692
3957 3711
3958 3692
3959 3692
3960 3692
3961 3710
3962 3711
3963 3692
3964 3692
3965 3711
3966 3692
3967 3692
3968 3710
3969 3710
3970 5242
3971 5242
3972 446
3973 446
3974 5242
3975 5242
3976 4006
3977 3982
3978 3866
3979 4010
3980 3866
3981 3866
3982 446
3983 3887
3984 5242
3985 3710
3986 5242
3987 3692
3988 4006
3989 4022
3990 3982
3991 3982
3992 4010
3993 3866
3994 3866
3995 3866
3996 3866
3997 3866
3998 3866
3999 3866
4000 3866
4001 3866
4002 3866
4003 3866
4004 3866
4005 3866
4006 446
4007 3887
4008 446
4009 445
4010 445
4011 445
4012 5242
4013 4022
4014 3902
4015 3866
4016 3887
4017 3887
4018 3866
4019 446
4020 446
4021 445
4022 445
4023 3887
4024 3866
4025 3887
4026 3866
4027 3887
4028 3887
4029 3887
4030 3866
4031 3887
4032 3866
4033 4010
4034 3982
4035 4006
4036 3866
4037 4010
4038 4010
4039 5242
4040 3982
4041 3982
4042 5242
4043 5242
4044 5242
4045 5242
4046 5242
4047 5242
4048 5242
4049 5242
4050 3692
4051 3692
4052 3692
4053 3710
4054 3692
4055 5232
4056 3978
4057 4015
4058 6502
4059 3169
4060 702
4061 1309
4062 4015
4063 4015
4064 3710
4065 5242
4066 5242
4067 5242
4068 5242
4069 4006
4070 4010
4071 3866
4072 4077
4073 3171
4074 4779
4075 4077
4076 6273
4077 4186
4078 3074
4079 3074
4080 4417
4081 4417
4082 3498
4083 3498
4084 6316
4085 6316
4086 3077
4087 3079
4088 3079
4089 2871
4090 6315
4091 3029
4092 6465
4093 6410
4094 5310
4095 4721
4096 4797
4097 6341
4098 600
4099 2871
4100 600
4101 942
4102 4408
4103 4806
4104 4806
4105 4805
4106 2846
4107 1758
4108 1426
4109 615
4110 3498
4111 3498
4112 6316
4113 6316
4114 2822
4115 2822
4116 1505
4117 1505
4118 2832
4119 3476
4120 1344
4121 918
4122 5314
4123 5346
4124 5347
4125 5346
4126 1257
4127 1257
4128 3498
4129 4738
4130 1193
4131 1758
4132 1236
4133 1236
4134 1758
4135 1758
4136 4738
4137 3498
4138 6316
4139 4739
4140 1200
4141 1200
4142 6570
4143 6570
4144 664
4145 1344
4146 6309
4147 1330
4148 1330
4149 6309
4150 6570
4151 6570
4152 664
4153 664
4154 6313
4155 6499
4156 3077
4157 652
4158 3079
4159 669
4160 2998
4161 6330
4162 6410
4163 6456
4164 6570
4165 6570
4166 5260
4167 5260
4168 1340
4169 4917
4170 4917
4171 6354
4172 3079
4173 600
4174 3079
4175 692
4176 1200
4177 1330
4178 1329
4179 3079
4180 1201
4181 6499
4182 6316
4183 4417
4184 3496
4185 6274
4186 6274
4187 4186
4188 6273
4189 3078
4190 3171
4191 6466
4192 3506
4193 5260
4194 4113
4195 2852
4196 4137
4197 4771
4198 1216
4199 4721
4200 6395
4201 6456
4202 2998
4203 6392
4204 6420
4205 6354
4206 1840
4207 6354
4208 1344
4209 1484
4210 928
4211 928
4212 1193
4213 4413
4214 3496
4215 3497
4216 3497
4217 3496
4218 4182
4219 3074
4220 3074
4221 3495
4222 6500
4223 6313
4224 1236
4225 1193
4226 4718
4227 4718
4228 4908
4229 2931
4230 4269
4231 4269
4232 6341
4233 1217
4234 4797
4235 4797
4236 1217
4237 6332
4238 6332
4239 4824
4240 4824
4241 3508
4242 2933
4243 2998
4244 6391
4245 3508
4246 2931
4247 4908
4248 2931
4249 4180
4250 1236
4251 4719
4252 752
4253 925
4254 925
4255 1201
4256 1201
4257 4200
4258 4830
4259 1889
4260 1889
4261 1888
4262 1889
4263 2988
4264 1889
4265 2989
4266 2989
4267 2990
4268 2990
4269 5282
4270 1216
4271 5282
4272 2989
4273 2989
4274 2989
4275 2989
4276 2821
4277 1505
4278 2986
4279 2895
4280 2990
4281 2990
4282 1202
4283 2846
4284 1344
4285 1481
4286 1484
4287 3476
4288 6570
4289 662
4290 662
4291 5272
4292 4271
4293 5279
4294 5279
4295 1224
4296 911
4297 911
4298 5256
4299 4269
4300 4269
4301 4235
4302 4233
4303 1224
4304 5256
4305 4233
4306 5281
4307 4780
4308 4233
4309 3171
4310 911
4311 936
4312 5270
4313 5270
4314 5270
4315 2972
4316 5260
4317 5260
4318 969
4319 969
4320 974
4321 959
4322 6520
4323 6520
4324 986
4325 968
4326 832
4327 3081
4328 3083
4329 3083
4330 5260
4331 5260
4332 5260
4333 973
4334 973
4335 1032
4336 1032
4337 1032
4338 977
4339 977
4340 1032
4341 5260
4342 869
4343 869
4344 5260
4345 5260
4346 869
4347 868
4348 4625
4349 1498
4350 3080
4351 4707
4352 911
4353 1224
4354 1140
4355 911
4356 1144
4357 3125
4358 1032
4359 973
4360 1032
4361 1032
4362 959
4363 973
4364 4929
4365 910
4366 4929
4367 949
4368 908
4369 6508
4370 6520
4371 6510
4372 662
4373 5260
4374 855
4375 1344
4376 1344
4377 1200
4378 1330
4379 1200
4380 692
4381 3497
4382 3496
4383 1185
4384 989
4385 1174
4386 1032
4387 1172
4388 1172
4389 1032
4390 1172
4391 1172
4392 1172
4393 1172
4394 983
4395 1169
4396 1520
4397 1028
4398 1359
4399 1224
4400 4454
4401 909
4402 6570
4403 6570
4404 5260
4405 6570
4406 6570
4407 4810
4408 4810
4409 5234
4410 5234
4411 4409
4412 4409
4413 2848
4414 1330
4415 3511
4416 6499
4417 6503
4418 4454
4419 4336
4420 4388
4421 1028
4422 1032
4423 5256
4424 5260
4425 5260
4426 1202
4427 615
4428 691
4429 2871
4430 973
4431 1522
4432 1061
4433 1061
4434 995
4435 1007
4436 1007
4437 1044
4438 1047
4439 3474
4440 3474
4441 1178
4442 1178
4443 1172
4444 1061
4445 1061
4446 1522
4447 1522
4448 1172
4449 1022
4450 955
4451 995
4452 995
4453 1000
4454 1521
4455 1062
4456 1062
4457 995
4458 1521
4459 1522
4460 1061
4461 1176
4462 1176
4463 1056
4464 1056
4465 1078
4466 1056
4467 1060
4468 1078
4469 1080
4470 1060
4471 1063
4472 1180
4473 1063
4474 1063
4475 1180
4476 1180
4477 1182
4478 1182
4479 1065
4480 1064
4481 1472
4482 1472
4483 1466
4484 1466
4485 1472
4486 1110
4487 1466
4488 1466
4489 1372
4490 1089
4491 1529
4492 1107
4493 1107
4494 1372
4495 1157
4496 1372
4497 1372
4498 1075
4499 1470
4500 1472
4501 1472
4502 1466
4503 1470
4504 1077
4505 1114
4506 1472
4507 1153
4508 1153
4509 1176
4510 1153
4511 1181
4512 1181
4513 1175
4514 1175
4515 1099
4516 1153
4517 1153
4518 1087
4519 1087
4520 1087
4521 1091
4522 1091
4523 1091
4524 1464
4525 1464
4526 1469
4527 1467
4528 1096
4529 1373
4530 1372
4531 1372
4532 1373
4533 1112
4534 1134
4535 1125
4536 1125
4537 1125
4538 1156
4539 1375
4540 1117
4541 1531
4542 3186
4543 1128
4544 1128
4545 3186
4546 3186
4547 3186
4548 1128
4549 1128
4550 1129
4551 1124
4552 1374
4553 1374
4554 1119
4555 1374
4556 1120
4557 3189
4558 1136
4559 3320
4560 3335
4561 3335
4562 3416
4563 3379
4564 3321
4565 3321
4566 3206
4567 3206
4568 3322
4569 3321
4570 3321
4571 3322
4572 3328
4573 3328
4574 3208
4575 3208
4576 3322
4577 3204
4578 3326
4579 3324
4580 3335
4581 3209
4582 3324
4583 3434
4584 3190
4585 3319
4586 3325
4587 3325
4588 3190
4589 3325
4590 3383
4591 3391
4592 3391
4593 3383
4594 3434
4595 3434
4596 3390
4597 3393
4598 3394
4599 3416
4600 3395
4601 3394
4602 3394
4603 3416
4604 3394
4605 3382
4606 3382
4607 3394
4608 3382
4609 3382
4610 3382
4611 3382
4612 3383
4613 3383
4614 3383
4615 3383
4616 3382
4617 3382
4618 3382
4619 3383
4620 3382
4621 3382
4622 3382
4623 6504
4624 4352
4625 4333
4626 951
4627 1050
4628 1013
4629 1178
4630 1063
4631 1101
4632 1469
4633 1470
4634 1472
4635 1128
4636 1129
4637 3190
4638 3323
4639 3189
4640 3333
4641 3207
4642 3391
4643 3383
4644 3382
4645 959
4646 972
4647 1142
4648 1461
4649 952
4650 4990
4651 4990
4652 4528
4653 1087
4654 1181
4655 1181
4656 1181
4657 1097
4658 1153
4659 1177
4660 1100
4661 3189
4662 3190
4663 3187
4664 3186
4665 3321
4666 3321
4667 3322
4668 3322
4669 3206
4670 1056
4671 1056
4672 1078
4673 1072
4674 1334
4675 1334
4676 692
4677 1200
4678 927
4679 929
4680 692
4681 4824
4682 685
4683 692
4684 2998
4685 2998
4686 4407
4687 4408
4688 926
4689 869
4690 1226
4691 900
4692 4839
4693 4475
4694 4408
4695 1201
4696 3495
4697 4417
4698 6274
4699 6273
4700 6273
4701 6274
4702 4271
4703 4199
4704 4528
4705 4528
4706 4528
4707 955
4708 4333
4709 4984
4710 6507
4711 1461
4712 905
4713 3125
4714 2821
4715 2821
4716 1505
4717 1505
4718 6332
4719 4180
4720 6339
4721 5282
4722 6349
4723 5282
4724 5282
4725 5348
4726 5347
4727 5347
4728 5348
4729 854
4730 854
4731 3476
4732 3476
4733 923
4734 1333
4735 4179
4736 4824
4737 2871
4738 3076
4739 3076
4740 4179
4741 2986
4742 2990
4743 2990
4744 2986
4745 905
4746 959
4747 921
4748 1328
4749 922
4750 4811
4751 1758
4752 1426
4753 1758
4754 5297
4755 5297
4756 6354
4757 1184
4758 1365
4759 4479
4760 4528
4761 4232
4762 702
4763 2989
4764 2989
4765 4908
4766 2931
4767 2936
4768 2932
4769 2932
4770 2931
4771 6317
4772 3497
4773 931
4774 4138
4775 6313
4776 6313
4777 4417
4778 4417
4779 4188
4780 4076
4781 4187
4782 4187
4783 4077
4784 4076
4785 2872
4786 6341
4787 4779
4788 3171
4789 3171
4790 2821
4791 1505
4792 4231
4793 4231
4794 1505
4795 2821
4796 5342
4797 5282
4798 6349
4799 702
4800 3169
4801 904
4802 904
4803 1485
4804 1484
4805 4810
4806 5234
4807 6497
4808 664
4809 858
4810 1337
4811 1336
4812 6570
4813 6570
4814 1165
4815 1353
4816 1854
4817 1856
4818 1852
4819 1851
4820 1344
4821 1344
4822 3026
4823 3508
4824 1202
4825 3076
4826 1255
4827 1255
4828 3076
4829 4528
4830 1851
4831 1857
4832 1854
4833 1854
4834 4333
4835 4339
4836 4336
4837 950
4838 1172
4839 1032
4840 995
4841 1062
4842 1128
4843 1135
4844 3325
4845 3327
4846 3379
4847 3383
4848 3382
4849 2821
4850 1505
4851 2822
4852 2821
4853 2986
4854 2986
4855 1505
4856 1505
4857 2822
4858 2822
4859 1505
4860 2821
4861 2821
4862 1505
4863 1505
4864 2821
4865 2822
4866 1505
4867 2821
4868 2822
4869 2822
4870 1505
4871 1505
4872 1884
4873 1857
4874 4872
4875 6398
4876 4918
4877 4912
4878 1438
4879 2988
4880 2988
4881 2990
4882 1506
4883 1506
4884 1439
4885 2989
4886 2895
4887 2990
4888 1854
4889 2988
4890 2931
4891 4718
4892 4908
4893 3079
4894 601
4895 1236
4896 1236
4897 3077
4898 601
4899 4805
4900 3078
4901 1439
4902 1439
4903 2989
4904 1888
4905 1358
4906 2989
4907 3076
4908 6332
4909 4179
4910 6332
4911 1852
4912 1857
4913 1884
4914 1884
4915 1884
4916 1851
4917 1851
4918 1884
4919 911
4920 1365
4921 868
4922 869
4923 1140
4924 4988
4925 952
4926 1035
4927 907
4928 1007
4929 1148
4930 1522
4931 1522
4932 1172
4933 996
4934 1522
4935 1521
4936 1078
4937 3324
4938 3434
4939 3199
4940 3434
4941 3324
4942 3322
4943 3335
4944 3393
4945 3393
4946 3434
4947 3393
4948 4984
4949 973
4950 905
4951 1458
4952 4439
4953 1345
4954 2832
4955 4810
4956 4811
4957 2823
4958 2823
4959 922
4960 1327
4961 4810
4962 1483
4963 1486
4964 1483
4965 4806
4966 4806
4967 4408
4968 4408
4969 1360
4970 952
4971 973
4972 973
4973 1461
4974 1888
4975 6466
4976 2998
4977 2988
4978 2988
4979 1888
4980 5315
4981 1852
4982 5318
4983 1224
4984 1365
4985 1365
4986 951
4987 4439
4988 3474
4989 1178
4990 1175
4991 1469
4992 1466
4993 1472
4994 1128
4995 3186
4996 3322
4997 3322
4998 3206
4999 3326
5000 3328
5001 3391
5002 3383
5003 3382
5004 4528
5005 950
5006 5354
5007 3508
5008 2998
5009 1883
5010 2986
5011 2990
5012 2988
5013 4917
5014 6422
5015 1948
5016 1948
5017 1947
5018 1946
5019 1948
5020 1946
5021 1948
5022 1948
5023 1965
5024 1965
5025 1971
5026 1971
5027 1946
5028 1946
5029 1948
5030 1559
5031 1551
5032 1551
5033 1752
5034 1724
5035 1738
5036 1379
5037 1692
5038 1578
5039 1547
5040 1547
5041 1578
5042 1578
5043 1728
5044 1728
5045 1728
5046 1730
5047 1948
5048 1948
5049 1547
5050 1551
5051 1971
5052 1951
5053 1978
5054 1978
5055 1971
5056 1971
5057 1946
5058 1971
5059 1971
5060 1947
5061 1946
5062 1578
5063 1578
5064 1547
5065 1547
5066 1578
5067 1547
5068 1948
5069 1948
5070 1547
5071 1547
5072 1578
5073 1578
5074 1551
5075 1551
5076 1612
5077 1728
5078 1692
5079 1578
5080 1728
5081 1728
5082 1738
5083 1379
5084 1724
5085 1752
5086 1608
5087 1752
5088 1379
5089 1379
5090 1738
5091 1738
5092 1608
5093 1724
5094 1728
5095 1612
5096 1738
5097 1738
5098 1724
5099 1724
5100 1379
5101 1379
5102 1379
5103 1379
5104 1379
5105 2821
5106 1379
5107 1379
5108 1379
5109 1379
5110 1379
5111 1379
5112 1617
5113 1738
5114 1379
5115 1379
5116 1376
5117 1376
5118 1379
5119 1379
5120 1379
5121 1379
5122 1379
5123 1379
5124 1379
5125 1379
5126 1379
5127 1738
5128 1379
5129 1379
5130 1379
5131 1681
5132 1617
5133 1738
5134 1379
5135 1738
5136 1379
5137 1379
5138 2821
5139 2821
5140 2821
5141 2821
5142 2821
5143 2821
5144 2821
5145 2821
5146 2821
5147 1379
5148 1379
5149 1379
5150 1379
5151 1379
5152 1379
5153 1379
5154 1559
5155 1693
5156 1978
5157 1952
5158 1971
5159 1978
5160 1948
5161 1551
5162 1971
5163 1617
5164 1724
5165 1379
5166 1379
5167 1379
5168 1752
5169 1610
5170 1610
5171 1617
5172 1379
5173 1379
5174 1379
5175 1379
5176 1379
5177 1379
5178 1379
5179 1379
5180 1379
5181 1379
5182 1376
5183 1379
5184 1379
5185 2821
5186 1379
5187 1379
5188 1379
5189 1379
5190 1693
5191 1551
5192 1617
5193 1724
5194 1711
5195 1948
5196 1965
5197 1578
5198 1551
5199 1692
5200 1379
5201 1379
5202 1379
5203 2821
5204 2821
5205 1379
5206 2822
5207 1752
5208 1379
5209 1379
5210 1971
5211 1691
5212 1724
5213 1724
5214 1379
5215 1379
5216 1379
5217 1379
5218 1379
5219 1971
5220 1379
5221 1610
5222 4416
5223 1193
5224 3511
5225 6309
5226 4718
5227 2931
5228 4917
5229 6354
5230 4180
5231 5242
5232 4022
5233 3786
5234 861
5235 5242
5236 4010
5237 3982
5238 5242
5239 5242
5240 3781
5241 3893
5242 3887
5243 3711
5244 3151
5245 3151
5246 869
5247 869
5248 3102
5249 4836
5250 5256
5251 4356
5252 4356
5253 3102
5254 3102
5255 4356
5256 4707
5257 3102
5258 4707
5259 3102
5260 4707
5261 4707
5262 1224
5263 1224
5264 1224
5265 4707
5266 4707
5267 1322
5268 4707
5269 4416
5270 1217
5271 5310
5272 5310
5273 4775
5274 5294
5275 4778
5276 4182
5277 1217
5278 4700
5279 6344
5280 5006
5281 4721
5282 6349
5283 6350
5284 6350
5285 6349
5286 5288
5287 4128
5288 6425
5289 5288
5290 5347
5291 5347
5292 5345
5293 5346
5294 5345
5295 6332
5296 4737
5297 3506
5298 6456
5299 6456
5300 2998
5301 6330
5302 6430
5303 5349
5304 6405
5305 5316
5306 6422
5307 6422
5308 2935
5309 5300
5310 6349
5311 1833
5312 5348
5313 5316
5314 1886
5315 1884
5316 5317
5317 6405
5318 6405
5319 5300
5320 6422
5321 5316
5322 6349
5323 6350
5324 6349
5325 6349
5326 1840
5327 1342
5328 1340
5329 4917
5330 1340
5331 4832
5332 5350
5333 5346
5334 6350
5335 5316
5336 1886
5337 2940
5338 2940
5339 1888
5340 2998
5341 4917
5342 6349
5343 1886
5344 1884
5345 5317
5346 5345
5347 5345
5348 5351
5349 1857
5350 2947
5351 6464
5352 6464
5353 2940
5354 6350
5355 4123
5356 4775
5357 5315
5358 5345
5359 5315
5360 4776
5361 1379
5362 1888
5363 2989
5364 1889
5365 2986
5366 100
5367 3069
5368 332
5369 331
5370 1379
5371 1738
5372 1612
5373 1692
5374 1730
5375 1728
5376 1728
5377 1612
5378 1728
5379 1921
5380 1921
5381 1959
5382 1959
5383 1919
5384 1919
5385 1959
5386 1919
5387 1959
5388 1919
5389 1923
5390 1959
5391 1959
5392 1921
5393 1959
5394 1959
5395 1921
5396 1919
5397 1919
5398 1959
5399 1959
5400 1921
5401 1921
5402 1959
5403 1959
5404 1919
5405 1919
5406 1959
5407 1971
5408 1972
5409 1972
5410 1921
5411 1972
5412 1972
5413 1921
5414 1971
5415 2874
5416 2874
5417 1921
5418 2874
5419 1921
5420 1959
5421 1921
5422 1921
5423 1959
5424 1959
5425 1956
5426 1956
5427 1956
5428 1921
5429 1956
5430 1919
5431 1919
5432 2874
5433 1921
5434 1921
5435 1972
5436 1956
5437 1971
5438 1956
5439 1956
5440 1919
5441 1971
5442 2073
5443 2111
5444 2073
5445 2073
5446 2109
5447 2110
5448 2109
5449 2111
5450 2097
5451 2073
5452 2015
5453 2020
5454 2020
5455 2017
5456 2073
5457 2017
5458 2111
5459 2111
5460 2015
5461 2097
5462 2073
5463 2073
5464 2111
5465 2098
5466 2111
5467 2109
5468 2111
5469 2073
5470 2073
5471 2073
5472 2073
5473 2015
5474 1945
5475 1926
5476 1926
5477 1945
5478 1970
5479 1926
5480 2242
5481 1926
5482 1945
5483 1945
5484 2110
5485 2109
5486 1926
5487 2244
5488 6511
5489 6511
5490 3120
5491 3120
5492 2244
5493 2244
5494 1926
5495 1926
5496 1945
5497 1945
5498 6511
5499 6511
5500 3120
5501 3120
5502 2020
5503 2097
5504 2023
5505 2017
5506 2017
5507 2017
5508 2097
5509 2073
5510 2015
5511 2020
5512 2073
5513 2097
5514 2097
5515 2073
5516 2017
5517 2021
5518 2021
5519 2023
5520 2243
5521 2242
5522 2073
5523 2073
5524 2020
5525 2020
5526 2244
5527 1926
5528 6511
5529 6511
5530 2105
5531 2109
5532 1970
5533 1926
5534 2242
5535 2017
5536 2073
5537 2111
5538 2111
5539 2111
5540 2111
5541 2111
5542 2073
5543 2073
5544 2097
5545 2020
5546 2073
5547 2111
5548 2244
5549 1926
5550 2242
5551 2102
5552 1945
5553 1945
5554 2102
5555 2109
5556 2110
5557 2111
5558 1926
5559 2286
5560 2286
5561 1930
5562 2243
5563 1962
5564 1962
5565 1962
5566 1962
5567 1962
5568 2286
5569 2243
5570 2286
5571 2243
5572 1962
5573 2286
5574 2111
5575 2073
5576 2073
5577 2073
5578 2023
5579 2017
5580 2017
5581 2110
5582 2105
5583 2023
5584 3120
5585 3120
5586 2022
5587 2022
5588 2021
5589 2021
5590 2022
5591 2022
5592 2021
5593 2023
5594 2017
5595 2017
5596 2020
5597 2097
5598 2017
5599 2017
5600 2017
5601 2023
5602 2023
5603 2017
5604 2098
5605 2111
5606 3120
5607 3120
5608 2286
5609 2286
5610 2073
5611 2111
5612 2111
5613 2023
5614 2023
5615 2021
5616 2021
5617 3120
5618 3120
5619 6511
5620 6511
5621 2021
5622 2021
5623 2022
5624 2022
5625 2021
5626 2022
5627 3120
5628 3120
5629 2022
5630 2022
5631 2102
5632 2110
5633 2098
5634 2073
5635 2017
5636 2017
5637 2098
5638 2021
5639 2021
5640 2021
5641 2111
5642 1987
5643 1926
5644 1926
5645 2244
5646 1924
5647 1987
5648 1987
5649 2023
5650 2021
5651 2021
5652 2021
5653 2110
5654 2017
5655 2017
5656 1945
5657 1945
5658 2244
5659 2017
5660 2102
5661 2105
5662 2244
5663 1927
5664 1926
5665 3120
5666 6511
5667 2286
5668 1962
5669 2286
5670 2243
5671 2105
5672 2105
5673 2102
5674 2102
5675 2017
5676 6511
5677 6511
5678 6511
5679 6511
5680 6511
5681 6511
5682 2109
5683 2021
5684 2105
5685 2111
5686 2102
5687 1922
5688 1945
5689 2242
5690 1926
5691 2286
5692 2102
5693 6511
5694 6511
5695 2286
5696 2286
5697 2111
5698 2109
5699 2109
5700 2102
5701 2109
5702 2286
5703 1923
5704 1919
5705 1919
5706 6511
5707 2021
5708 2021
5709 2111
5710 2073
5711 2073
5712 2073
5713 2111
5714 2111
5715 2110
5716 2110
5717 2110
5718 2102
5719 2021
5720 2017
5721 2021
5722 2022
5723 2021
5724 2022
5725 1945
5726 2102
5727 2073
5728 2073
5729 2020
5730 2021
5731 2021
5732 2017
5733 6511
5734 6511
5735 2021
5736 2017
5737 2021
5738 2021
5739 2017
5740 2242
5741 6511
5742 6511
5743 6511
5744 6511
5745 1945
5746 2109
5747 1919
5748 2111
5749 2073
5750 2023
5751 2017
5752 2023
5753 2021
5754 2021
5755 2022
5756 6511
5757 6511
5758 6511
5759 6511
5760 6511
5761 6511
5762 6511
5763 6511
5764 1247
5765 1247
5766 1247
5767 1247
5768 1247
5769 1247
5770 1247
5771 1247
5772 1247
5773 1247
5774 1247
5775 1247
5776 1247
5777 1247
5778 1247
5779 1247
5780 1247
5781 1247
5782 1247
5783 1247
5784 1247
5785 1247
5786 1247
5787 1247
5788 1247
5789 1247
5790 1247
5791 1247
5792 6511
5793 6511
5794 1247
5795 1247
5796 1247
5797 1247
5798 1247
5799 1247
5800 1247
5801 1247
5802 6511
5803 6511
5804 6511
5805 1247
5806 1247
5807 1247
5808 1247
5809 1247
5810 1247
5811 1247
5812 1247
5813 1247
5814 1247
5815 1247
5816 1247
5817 1247
5818 6511
5819 6511
5820 6511
5821 6511
5822 6511
5823 6511
5824 6511
5825 6511
5826 6511
5827 6511
5828 3120
5829 3120
5830 2022
5831 2022
5832 2022
5833 2022
5834 6511
5835 6511
5836 6511
5837 6511
5838 6511
5839 6511
5840 2022
5841 2022
5842 2022
5843 6511
5844 3120
5845 2022
5846 2022
5847 3120
5848 6511
5849 6511
5850 3120
5851 6511
5852 6511
5853 6511
5854 6511
5855 6511
5856 6511
5857 6511
5858 6511
5859 6511
5860 6511
5861 2022
5862 6511
5863 6511
5864 6511
5865 6511
5866 6511
5867 6511
5868 6511
5869 1247
5870 1247
5871 1247
5872 1247
5873 6511
5874 6511
5875 6511
5876 4321
5877 4321
5878 4321
5879 4321
5880 4321
5881 4321
5882 4321
5883 4321
5884 4321
5885 4321
5886 4321
5887 4321
5888 4321
5889 4321
5890 4321
5891 4321
5892 4321
5893 1247
5894 4321
5895 4321
5896 4321
5897 4321
5898 4321
5899 4321
5900 4321
5901 4321
5902 1247
5903 1247
5904 4321
5905 4321
5906 4321
5907 4321
5908 4321
5909 4321
5910 4321
5911 4321
5912 4321
5913 4321
5914 1247
5915 6511
5916 1247
5917 4321
5918 4321
5919 4321
5920 4321
5921 4321
5922 4321
5923 4321
5924 4321
5925 4321
5926 4321
5927 4321
5928 4321
5929 4321
5930 6511
5931 6511
5932 6511
5933 6511
5934 6511
5935 6511
5936 6511
5937 6511
5938 6511
5939 6511
5940 3120
5941 3120
5942 2022
5943 2022
5944 6511
5945 6511
5946 3120
5947 3120
5948 6511
5949 6511
5950 2022
5951 2022
5952 2022
5953 3120
5954 3120
5955 2022
5956 2022
5957 3120
5958 6511
5959 3120
5960 2253
5961 6511
5962 6511
5963 6511
5964 6511
5965 6511
5966 6511
5967 6511
5968 6511
5969 6511
5970 6511
5971 2022
5972 2022
5973 6511
5974 6511
5975 6511
5976 6511
5977 6511
5978 6511
5979 6511
5980 6511
5981 6511
5982 6511
5983 6511
5984 6511
5985 6511
5986 6511
5987 6511
5988 6511
5989 6511
5990 6511
5991 6511
5992 6511
5993 6511
5994 6511
5995 6511
5996 6511
5997 6511
5998 6511
5999 6511
6000 6511
6001 6511
6002 6511
6003 6511
6004 6511
6005 6511
6006 6511
6007 6511
6008 6511
6009 6511
6010 6511
6011 6511
6012 6511
6013 6511
6014 6511
6015 6511
6016 6511
6017 6511
6018 6511
6019 6511
6020 6511
6021 6511
6022 6511
6023 6511
6024 6511
6025 6511
6026 6511
6027 6511
6028 6511
6029 6511
6030 6511
6031 6511
6032 6511
6033 6511
6034 6511
6035 6511
6036 6511
6037 6511
6038 6511
6039 6511
6040 6511
6041 2022
6042 1986
6043 1987
6044 1987
6045 1987
6046 1986
6047 1986
6048 1987
6049 1987
6050 1986
6051 1987
6052 2022
6053 2022
6054 2021
6055 2023
6056 2017
6057 2017
6058 2023
6059 2023
6060 1986
6061 1987
6062 2022
6063 2022
6064 1987
6065 1987
6066 2017
6067 2023
6068 2021
6069 2023
6070 2021
6071 2022
6072 2022
6073 2023
6074 2023
6075 2022
6076 2022
6077 2022
6078 2022
6079 1987
6080 3120
6081 1987
6082 1987
6083 3120
6084 1987
6085 1986
6086 3120
6087 3120
6088 3120
6089 2023
6090 3120
6091 3120
6092 1987
6093 3120
6094 3120
6095 3120
6096 6511
6097 6511
6098 6511
6099 6511
6100 6511
6101 6511
6102 6511
6103 6511
6104 6511
6105 6511
6106 6511
6107 6511
6108 6511
6109 6511
6110 6511
6111 6511
6112 6511
6113 6511
6114 6511
6115 6511
6116 6511
6117 6511
6118 6511
6119 6511
6120 6511
6121 6511
6122 6511
6123 6511
6124 6511
6125 6511
6126 6511
6127 6511
6128 6511
6129 6511
6130 6511
6131 6511
6132 6511
6133 6511
6134 6511
6135 6511
6136 6511
6137 6511
6138 6511
6139 6511
6140 6511
6141 6511
6142 6511
6143 6511
6144 6511
6145 6511
6146 6511
6147 6511
6148 6511
6149 6511
6150 6511
6151 6511
6152 6511
6153 6511
6154 6511
6155 6511
6156 6511
6157 6511
6158 2017
6159 2097
6160 2097
6161 2097
6162 2097
6163 2015
6164 2015
6165 2015
6166 2097
6167 2097
6168 2015
6169 2020
6170 2020
6171 2020
6172 2020
6173 2097
6174 2020
6175 2020
6176 2020
6177 2020
6178 2017
6179 2017
6180 2017
6181 2017
6182 2017
6183 2020
6184 2017
6185 2017
6186 2017
6187 2017
6188 2017
6189 2017
6190 2017
6191 2017
6192 2017
6193 2020
6194 2020
6195 2017
6196 2017
6197 2017
6198 2017
6199 2017
6200 2017
6201 2017
6202 2017
6203 2020
6204 2020
6205 2017
6206 2017
6207 2017
6208 2017
6209 2017
6210 2017
6211 2017
6212 2017
6213 2017
6214 2017
6215 2020
6216 2020
6217 2020
6218 2017
6219 2020
6220 2020
6221 2017
6222 2017
6223 2017
6224 2017
6225 2017
6226 2017
6227 2017
6228 2017
6229 2017
6230 2017
6231 2020
6232 2017
6233 2020
6234 2073
6235 2111
6236 2073
6237 2097
6238 2017
6239 2073
6240 126
6241 126
6242 126
6243 126
6244 131
6245 126
6246 126
6247 126
6248 131
6249 131
6250 131
6251 131
6252 131
6253 127
6254 126
6255 126
6256 131
6257 126
6258 126
6259 131
6260 126
6261 126
6262 126
6263 126
6264 131
6265 131
6266 126
6267 131
6268 126
6269 131
6270 131
6271 126
6272 126
6273 3074
6274 3496
6275 126
6276 126
6277 126
6278 126
6279 126
6280 2986
6281 2986
6282 2990
6283 2990
6284 1336
6285 1327
6286 4805
6287 4410
6288 4410
6289 1333
6290 4811
6291 5234
6292 4810
6293 1345
6294 3476
6295 3476
6296 923
6297 923
6298 4410
6299 1333
6300 1328
6301 1328
6302 4408
6303 2848
6304 3511
6305 6309
6306 4806
6307 4805
6308 4806
6309 4803
6310 1329
6311 1329
6312 4805
6313 4738
6314 3498
6315 3506
6316 3506
6317 3506
6318 3506
6319 6498
6320 6498
6321 6498
6322 3506
6323 6498
6324 4737
6325 4179
6326 2931
6327 4238
6328 4179
6329 3076
6330 4737
6331 1200
6332 4824
6333 2872
6334 1581
6335 1921
6336 700
6337 4185
6338 6348
6339 6348
6340 4796
6341 3073
6342 925
6343 3495
6344 4183
6345 4184
6346 5360
6347 6349
6348 6350
6349 5347
6350 5347
6351 5346
6352 5347
6353 5294
6354 1854
6355 2988
6356 2988
6357 1439
6358 2990
6359 2990
6360 2989
6361 1840
6362 6421
6363 2998
6364 6391
6365 752
6366 4180
6367 692
6368 3102
6369 3102
6370 5260
6371 937
6372 855
6373 855
6374 5260
6375 5260
6376 5260
6377 5260
6378 869
6379 3102
6380 4356
6381 810
6382 810
6383 869
6384 4356
6385 869
6386 3102
6387 855
6388 5260
6389 5260
6390 3506
6391 4737
6392 6498
6393 3498
6394 6498
6395 6498
6396 6503
6397 6480
6398 4825
6399 6484
6400 6320
6401 6322
6402 6430
6403 6423
6404 5299
6405 4915
6406 5349
6407 6879
6408 597
6409 6316
6410 6503
6411 4719
6412 4719
6413 4719
6414 1235
6415 749
6416 4718
6417 3508
6418 3015
6419 3026
6420 3076
6421 4737
6422 3506
6423 4738
6424 2854
6425 6316
6426 6316
6427 6499
6428 3496
6429 6316
6430 4738
6431 2875
6432 6338
6433 1889
6434 2989
6435 2989
6436 1889
6437 2988
6438 2988
6439 2988
6440 2988
6441 2988
6442 1854
6443 2988
6444 1851
6445 1851
6446 1851
6447 1884
6448 1852
6449 1857
6450 2942
6451 2988
6452 2988
6453 1855
6454 1855
6455 3001
6456 4738
6457 4738
6458 4126
6459 6424
6460 6424
6461 4918
6462 6408
6463 6426
6464 4136
6465 6316
6466 4738
6467 5348
6468 5347
6469 6350
6470 6350
6471 1379
6472 3476
6473 1344
6474 1344
6475 1329
6476 4737
6477 687
6478 687
6479 3506
6480 3506
6481 3076
6482 687
6483 1255
6484 4737
6485 3076
6486 4737
6487 691
6488 691
6489 691
6490 691
6491 691
6492 295
6493 143
6494 76
6495 293
6496 3078
6497 3171
6498 4179
6499 6498
6500 6503
6501 3497
6502 3078
6503 4737
6504 945
6505 6510
6506 6510
6507 946
6508 908
6509 909
6510 1224
6511 6510
6512 6510
6513 6510
6514 1224
6515 1224
6516 970
6517 6510
6518 4454
6519 966
6520 966
6521 3102
6522 3083
6523 3083
6524 3102
6525 4356
6526 4454
6527 901
6528 4454
6529 850
6530 850
6531 848
6532 850
6533 850
6534 849
6535 3083
6536 3083
6537 3102
6538 1224
6539 900
6540 848
6541 854
6542 3083
6543 3102
6544 869
6545 1344
6546 1056
6547 950
6548 950
6549 904
6550 904
6551 967
6552 951
6553 951
6554 904
6555 1461
6556 950
6557 1224
6558 911
6559 1224
6560 1475
6561 4625
6562 4303
6563 3135
6564 1277
6565 1221
6566 4707
6567 4707
6568 3102
6569 3475
6570 4356
6571 4707
6572 4356
6573 4356
6574 3464
6575 3439
6576 3442
6577 3466
6578 3458
6579 3458
6580 3458
6581 3447
6582 3442
6583 3458
6584 3458
6585 3443
6586 3443
6587 3464
6588 3458
6589 3455
6590 3341
6591 3455
6592 3454
6593 3439
6594 3447
6595 3442
6596 3458
6597 3442
6598 3342
6599 3342
6600 3356
6601 3356
6602 3347
6603 3347
6604 3351
6605 3442
6606 3355
6607 3338
6608 3338
6609 3342
6610 3356
6611 6374
6612 6374
6613 6374
6614 6374
6615 6374
6616 6374
6617 6374
6618 6374
6619 6374
6620 6374
6621 6374
6622 6374
6623 6374
6624 6374
6625 6374
6626 6374
6627 6374
6628 6374
6629 6374
6630 6374
6631 6374
6632 6374
6633 6374
6634 6374
6635 6374
6636 6374
6637 6374
6638 6374
6639 6374
6640 6374
6641 6374
6642 6374
6643 6374
6644 6374
6645 6374
6646 6374
6647 6374
6648 6374
6649 6374
6650 6374
6651 6374
6652 6374
6653 6374
6654 6374
6655 6374
6656 6374
6657 6374
6658 6374
6659 6374
6660 6374
6661 6374
6662 6374
6663 6374
6664 6374
6665 6374
6666 6374
6667 6374
6668 6374
6669 6374
6670 6374
6671 6374
6672 6374
6673 6374
6674 6374
6675 6374
6676 6374
6677 6374
6678 6374
6679 4304
6680 4304
6681 6374
6682 6374
6683 6374
6684 6374
6685 6374
6686 6374
6687 6374
6688 6374
6689 6374
6690 4304
6691 4304
6692 4304
6693 6374
6694 6374
6695 6374
6696 4304
6697 6374
6698 6374
6699 6374
6700 6374
6701 6374
6702 6374
6703 4304
6704 4304
6705 6374
6706 6374
6707 6374
6708 6374
6709 6374
6710 6374
6711 6374
6712 6374
6713 4304
6714 6374
6715 3227
6716 4304
6717 6374
6718 4304
6719 3454
6720 3341
6721 3451
6722 3341
6723 3341
6724 3342
6725 3342
6726 3342
6727 3358
6728 3350
6729 3354
6730 3362
6731 3362
6732 3337
6733 3336
6734 3337
6735 3337
6736 3227
6737 3227
6738 3227
6739 3227
6740 3227
6741 3227
6742 3227
6743 3227
6744 3227
6745 3227
6746 3227
6747 3227
6748 3227
6749 3227
6750 3227
6751 3227
6752 3227
6753 3227
6754 3227
6755 3227
6756 3227
6757 3227
6758 3227
6759 3227
6760 3227
6761 3227
6762 3227
6763 3227
6764 3255
6765 3304
6766 3304
6767 3255
6768 3227
6769 3228
6770 3291
6771 3304
6772 3256
6773 3303
6774 3304
6775 3282
6776 3310
6777 3304
6778 3291
6779 3294
6780 3316
6781 3316
6782 3287
6783 3287
6784 3282
6785 3282
6786 3282
6787 3287
6788 3282
6789 3287
6790 3316
6791 3316
6792 3316
6793 3316
6794 3316
6795 3282
6796 3287
6797 3227
6798 3227
6799 3313
6800 3313
6801 3291
6802 3304
6803 3256
6804 3284
6805 3303
6806 3227
6807 3307
6808 3241
6809 3304
6810 3291
6811 3310
6812 3313
6813 3282
6814 3226
6815 3318
6816 3316
6817 3318
6818 3294
6819 3227
6820 3263
6821 3300
6822 3240
6823 3226
6824 3288
6825 3287
6826 3287
6827 3287
6828 3226
6829 3226
6830 3224
6831 3226
6832 3362
6833 3337
6834 3362
6835 3362
6836 3362
6837 3227
6838 3227
6839 3227
6840 3227
6841 3228
6842 3227
6843 3227
6844 3263
6845 3261
6846 3262
6847 3262
6848 3251
6849 3277
6850 3251
6851 3251
6852 3242
6853 3224
6854 3277
6855 3277
6856 3277
6857 3226
6858 3226
6859 3226
6860 3226
6861 3224
6862 3224
6863 3224
6864 3224
6865 3224
6866 3224
6867 3226
6868 3226
6869 3336
6870 1130
6871 1133
6872 1130
6873 905
6874 1336
6875 4810
6876 5234
6877 905
6878 4806
6879 6498
6880 4015
6881 5242
6882 3982
6883 4006
6884 4010
6885 3866
6886 5242
6887 5242
6888 5242
6889 5242
