0 6250
1 3642
2 3642
3 3747
4 3642
5 3642
6 3916
7 133
8 238
9 3524
10 238
11 3531
12 3650
13 3650
14 3566
15 3566
16 331
17 3531
18 3556
19 331
20 3642
21 3642
22 3642
23 3642
24 331
25 25
26 331
27 3642
28 3642
29 3642
30 3642
31 3642
32 331
33 3642
34 3642
35 331
36 3642
37 3642
38 3642
39 3642
40 280
41 238
42 3804
43 3069
44 332
45 3166
46 3937
47 3913
48 3937
49 3650
50 137
51 3650
52 3566
53 54
54 141
55 3655
56 141
57 56
58 56
59 3566
60 138
61 3046
62 3046
63 3587
64 74
65 3802
66 74
67 3069
68 5367
69 3587
70 3587
71 3578
72 3069
73 3069
74 278
75 5367
76 3069
77 3047
78 75
79 3578
80 3578
81 443
82 82
83 458
84 279
85 3793
86 5367
87 415
88 1906
89 3911
90 280
91 5366
92 5366
93 3911
94 53
95 443
96 101
97 5366
98 53
99 416
100 3910
101 3566
102 3655
103 3658
104 3642
105 3642
106 3642
107 3642
108 3642
109 3642
110 435
111 6250
112 332
113 3531
114 332
115 435
116 3642
117 3642
118 3642
119 3642
120 3642
121 3642
122 3642
123 3642
124 3642
125 3642
126 3642
127 3642
128 3642
129 3642
130 3642
131 3642
132 3848
133 3642
134 335
135 3163
136 248
137 3566
138 56
139 3656
140 3712
141 3655
142 3654
143 3658
144 3658
145 3658
146 3658
147 3712
148 3685
149 200
150 284
151 3727
152 3727
153 3839
154 3652
155 3523
156 3531
157 12
158 412
159 444
160 412
161 247
162 412
163 3163
164 444
165 412
166 411
167 414
168 414
169 411
170 413
171 411
172 3699
173 3712
174 201
175 3715
176 413
177 411
178 386
179 3765
180 385
181 3765
182 457
183 3765
184 184
185 3699
186 422
187 255
188 3642
189 3642
190 3642
191 6250
192 121
193 156
194 247
195 411
196 414
197 411
198 385
199 385
200 3712
201 3699
202 3685
203 3713
204 304
205 3717
206 305
207 460
208 460
209 223
210 460
211 213
212 460
213 460
214 3797
215 3665
216 1331
217 451
218 3720
219 3720
220 3696
221 3896
222 211
223 205
224 3715
225 304
226 422
227 3642
228 3642
229 3642
230 3642
231 3642
232 3642
233 3642
234 3642
235 3642
236 3527
237 3531
238 239
239 3524
240 3642
241 3642
242 3642
243 51
244 137
245 137
246 343
247 444
248 335
249 413
250 411
251 253
252 457
253 457
254 253
255 255
256 257
257 460
258 3640
259 3642
260 193
261 3527
262 237
263 3750
264 3527
265 137
266 3650
267 54
268 6493
269 413
270 385
271 254
272 254
273 413
274 254
275 428
276 3787
277 331
278 5366
279 5366
280 3911
281 3911
282 3795
283 3654
284 3817
285 284
286 3642
287 3642
288 3642
289 3642
290 3802
291 3914
292 1908
293 294
294 3805
295 148
296 201
297 3723
298 223
299 3715
300 225
301 204
302 204
303 304
304 304
305 204
306 306
307 307
308 333
309 333
310 3642
311 3642
312 331
313 3642
314 3642
315 331
316 331
317 3642
318 3642
319 3642
320 3642
321 3642
322 3642
323 3642
324 3642
325 3642
326 3642
327 3642
328 3642
329 3642
330 3642
331 3642
332 3642
333 333
334 3840
335 3642
336 3642
337 3587
338 3642
339 237
340 331
341 3544
342 332
343 3642
344 3642
345 3642
346 3642
347 3642
348 3642
349 3642
350 3642
351 3642
352 3642
353 3642
354 3642
355 3642
356 3642
357 3544
358 6252
359 354
360 403
361 221
362 446
363 446
364 446
365 446
366 414
367 414
368 250
369 250
370 250
371 250
372 250
373 250
374 411
375 411
376 250
377 3762
378 413
379 414
380 411
381 446
382 364
383 446
384 457
385 253
386 3896
387 3900
388 3888
389 3765
390 446
391 446
392 12
393 384
394 3696
395 398
396 3896
397 390
398 445
399 399
400 445
401 364
402 364
403 364
404 364
405 3889
406 3888
407 3642
408 3642
409 3642
410 3642
411 411
412 444
413 254
414 413
415 3566
416 6493
417 3951
418 439
419 3054
420 3929
421 3642
422 422
423 460
424 257
425 3734
426 3920
427 331
428 331
429 3642
430 3166
431 331
432 331
433 331
434 331
435 3642
436 3642
437 3642
438 3642
439 3642
440 3068
441 215
442 1908
443 443
444 3744
445 399
446 446
447 385
448 385
449 413
450 413
451 285
452 3720
453 453
454 3642
455 3642
456 3642
457 446
458 5367
459 3587
460 305
461 307
462 3642
463 422
464 414
465 414
466 170
467 414
468 414
469 414
470 414
471 250
472 414
473 414
474 414
475 250
476 250
477 250
478 414
479 250
480 414
481 414
482 249
483 249
484 403
485 403
486 413
487 413
488 385
489 385
490 385
491 384
492 384
493 384
494 403
495 403
496 414
497 249
498 414
499 414
500 385
501 385
502 385
503 385
504 3867
505 3867
506 384
507 3867
508 3867
509 3867
510 384
511 3867
512 403
513 3867
514 3867
515 3867
516 384
517 384
518 3867
519 403
520 403
521 364
522 364
523 364
524 385
525 384
526 364
527 384
528 3867
529 403
530 384
531 403
532 364
533 364
534 403
535 384
536 3867
537 384
538 3867
539 403
540 403
541 384
542 384
543 3867
544 384
545 385
546 413
547 385
548 385
549 385
550 384
551 385
552 385
553 413
554 413
555 249
556 413
557 413
558 413
559 413
560 413
561 413
562 414
563 414
564 414
565 414
566 414
567 414
568 414
569 414
570 4799
571 3059
572 3729
573 3059
574 249
575 414
576 414
577 413
578 413
579 413
580 249
581 385
582 385
583 384
584 586
585 587
586 3061
587 4789
588 1299
589 700
590 699
591 1297
592 2812
593 697
594 694
595 930
596 2813
597 930
598 1190
599 750
600 1212
601 1212
602 649
603 2857
604 640
605 624
606 743
607 1220
608 584
609 585
610 1192
611 749
612 751
613 1192
614 1188
615 1188
616 798
617 798
618 1645
619 4285
620 4286
621 1648
622 931
623 694
624 930
625 931
626 5365
627 4210
628 4210
629 5365
630 887
631 888
632 888
633 887
634 3001
635 3000
636 1891
637 3003
638 2853
639 2854
640 648
641 2852
642 1682
643 1398
644 1398
645 1672
646 1711
647 1711
648 597
649 649
650 694
651 3064
652 1311
653 1495
654 888
655 887
656 2930
657 888
658 1266
659 2824
660 1493
661 1493
662 920
663 705
664 705
665 679
666 2813
667 3073
668 1192
669 1190
670 2844
671 2844
672 1235
673 3037
674 2859
675 2933
676 2928
677 2928
678 2929
679 1449
680 1445
681 1538
682 612
683 1445
684 751
685 1211
686 1193
687 751
688 2825
689 1495
690 1493
691 751
692 1315
693 2812
694 2813
695 700
696 700
697 1299
698 3078
699 1299
700 3067
701 587
702 1308
703 1235
704 1235
705 2929
706 1824
707 2890
708 2892
709 896
710 1297
711 1810
712 1440
713 2989
714 1443
715 1835
716 1438
717 1358
718 1434
719 1443
720 888
721 3124
722 1266
723 2824
724 6288
725 1491
726 695
727 593
728 930
729 930
730 781
731 591
732 782
733 2879
734 1849
735 896
736 1315
737 795
738 1196
739 1196
740 1196
741 1406
742 803
743 803
744 806
745 1809
746 746
747 747
748 747
749 1311
750 1315
751 1315
752 767
753 613
754 1436
755 1443
756 1443
757 1236
758 1253
759 2906
760 1253
761 1315
762 1311
763 1232
764 1315
765 2834
766 1496
767 1189
768 2834
769 668
770 671
771 1421
772 3041
773 717
774 1879
775 1868
776 681
777 892
778 1398
779 1231
780 892
781 1810
782 743
783 1810
784 1196
785 1436
786 2900
787 722
788 6358
789 4210
790 4748
791 2839
792 4378
793 6302
794 1188
795 1189
796 887
797 3124
798 3124
799 888
800 888
801 2928
802 888
803 1312
804 817
805 806
806 1312
807 4430
808 4430
809 4430
810 4388
811 805
812 812
813 806
814 805
815 4388
816 4392
817 1312
818 817
819 1313
820 803
821 1313
822 4392
823 4390
824 3734
825 1312
826 825
827 825
828 825
829 453
830 2929
831 2928
832 1539
833 1539
834 837
835 3088
836 876
837 1162
838 3088
839 1499
840 3090
841 842
842 1786
843 3090
844 2929
845 2928
846 2929
847 4383
848 4839
849 4839
850 4383
851 4383
852 4383
853 4357
854 4713
855 1449
856 860
857 860
858 4344
859 860
860 860
861 858
862 4400
863 4326
864 863
865 1446
866 4392
867 4973
868 874
869 4390
870 4319
871 1162
872 4395
873 4839
874 4839
875 4383
876 4383
877 4839
878 876
879 1162
880 4646
881 4319
882 836
883 3102
884 836
885 1159
886 2928
887 888
888 888
889 887
890 887
891 1496
892 1496
893 2824
894 1189
895 693
896 931
897 4625
898 1139
899 2722
900 4625
901 4839
902 4839
903 4839
904 4361
905 4361
906 4361
907 4361
908 4419
909 2738
910 4385
911 4385
912 4400
913 4400
914 4390
915 4390
916 855
917 4341
918 679
919 855
920 1769
921 3476
922 1344
923 1344
924 2832
925 1482
926 1482
927 2824
928 1266
929 2825
930 697
931 698
932 4390
933 900
934 849
935 934
936 2737
937 4973
938 2929
939 2929
940 1189
941 1188
942 750
943 1255
944 4321
945 4933
946 4933
947 4394
948 4394
949 934
950 4421
951 4421
952 2737
953 4452
954 4436
955 4436
956 4397
957 4361
958 4394
959 4337
960 4337
961 4394
962 4839
963 4625
964 849
965 949
966 949
967 934
968 2757
969 4394
970 4385
971 4386
972 4448
973 4337
974 4394
975 4628
976 4436
977 4397
978 4628
979 4628
980 4397
981 4436
982 4397
983 4436
984 4397
985 4436
986 4397
987 4397
988 4436
989 4436
990 4932
991 4453
992 4452
993 4452
994 4436
995 4439
996 4627
997 4438
998 4470
999 4841
1000 4438
1001 4627
1002 4440
1003 4473
1004 4630
1005 4630
1006 4627
1007 4473
1008 4630
1009 4473
1010 4630
1011 4471
1012 4478
1013 4440
1014 4440
1015 4467
1016 4470
1017 4440
1018 4478
1019 4630
1020 4627
1021 4455
1022 4437
1023 4437
1024 4628
1025 4437
1026 4437
1027 4437
1028 4437
1029 4934
1030 4934
1031 4934
1032 4931
1033 4474
1034 4474
1035 4474
1036 4934
1037 4455
1038 4934
1039 4438
1040 4438
1041 4437
1042 4438
1043 4630
1044 4478
1045 4471
1046 4627
1047 4442
1048 4442
1049 4476
1050 4670
1051 4671
1052 4629
1053 4629
1054 4629
1055 4442
1056 4672
1057 4672
1058 6546
1059 4442
1060 4465
1061 4480
1062 4469
1063 4672
1064 4672
1065 4672
1066 4672
1067 4513
1068 4514
1069 4441
1070 4465
1071 4659
1072 4659
1073 4513
1074 4993
1075 4506
1076 4506
1077 4993
1078 4658
1079 4631
1080 4461
1081 4461
1082 4515
1083 4660
1084 4516
1085 4659
1086 4530
1087 4494
1088 4494
1089 4482
1090 4519
1091 4496
1092 4496
1093 4519
1094 4529
1095 4529
1096 4496
1097 4499
1098 4632
1099 4502
1100 4502
1101 4632
1102 4632
1103 4502
1104 6872
1105 6872
1106 4533
1107 4533
1108 4482
1109 4533
1110 4533
1111 4482
1112 4843
1113 4558
1114 4534
1115 4533
1116 4843
1117 4843
1118 4506
1119 4558
1120 4559
1121 4663
1122 4545
1123 4557
1124 4545
1125 6872
1126 6872
1127 4545
1128 6872
1129 4557
1130 4545
1131 6872
1132 4663
1133 4545
1134 6872
1135 4663
1136 4663
1137 1227
1138 1139
1139 4625
1140 1360
1141 4394
1142 4386
1143 4436
1144 4397
1145 4437
1146 4440
1147 4437
1148 4478
1149 6546
1150 4655
1151 4521
1152 4658
1153 4508
1154 4482
1155 4494
1156 4558
1157 4533
1158 4557
1159 4319
1160 4369
1161 4746
1162 4713
1163 2212
1164 872
1165 876
1166 1227
1167 4840
1168 4628
1169 4628
1170 4628
1171 4455
1172 4455
1173 4628
1174 4437
1175 4991
1176 4461
1177 4657
1178 4631
1179 4659
1180 4461
1181 4519
1182 4510
1183 4508
1184 4397
1185 4436
1186 4628
1187 4397
1188 890
1189 890
1190 1315
1191 2825
1192 2824
1193 2824
1194 2825
1195 2842
1196 1315
1197 767
1198 687
1199 3041
1200 1496
1201 1326
1202 1485
1203 860
1204 4326
1205 4326
1206 4400
1207 4646
1208 854
1209 1274
1210 2212
1211 2834
1212 1189
1213 591
1214 591
1215 782
1216 609
1217 1818
1218 1818
1219 812
1220 811
1221 1360
1222 1227
1223 872
1224 4834
1225 4646
1226 4357
1227 1227
1228 4369
1229 4746
1230 4713
1231 6358
1232 6414
1233 4865
1234 6414
1235 1311
1236 1315
1237 803
1238 2887
1239 2881
1240 783
1241 1239
1242 2890
1243 2889
1244 781
1245 4725
1246 3110
1247 1247
1248 3124
1249 796
1250 796
1251 3124
1252 1315
1253 1315
1254 752
1255 752
1256 3065
1257 3498
1258 6365
1259 4210
1260 4213
1261 4909
1262 4322
1263 6528
1264 4731
1265 799
1266 796
1267 4731
1268 4674
1269 4733
1270 6288
1271 1438
1272 2958
1273 1438
1274 4383
1275 913
1276 3475
1277 872
1278 872
1279 441
1280 3734
1281 722
1282 1196
1283 1441
1284 1445
1285 1445
1286 613
1287 2986
1288 1445
1289 595
1290 666
1291 1291
1292 667
1293 693
1294 2813
1295 698
1296 593
1297 585
1298 585
1299 584
1300 4900
1301 1302
1302 746
1303 1817
1304 747
1305 585
1306 746
1307 4058
1308 573
1309 1308
1310 6414
1311 4977
1312 3734
1313 3734
1314 6436
1315 6440
1316 710
1317 1240
1318 782
1319 4061
1320 4061
1321 6539
1322 4360
1323 6473
1324 801
1325 3504
1326 4808
1327 1344
1328 3504
1329 2845
1330 2845
1331 3726
1332 665
1333 1767
1334 1767
1335 4813
1336 4341
1337 4341
1338 3475
1339 6555
1340 4237
1341 1443
1342 1503
1343 1834
1344 1768
1345 1768
1346 1235
1347 1834
1348 1311
1349 2853
1350 2852
1351 3498
1352 3065
1353 1360
1354 1360
1355 5319
1356 5308
1357 5307
1358 5320
1359 1139
1360 2775
1361 4625
1362 1274
1363 1274
1364 853
1365 4361
1366 4340
1367 4386
1368 4394
1369 4442
1370 4673
1371 4489
1372 4482
1373 4533
1374 4663
1375 4558
1376 4763
1377 6436
1378 6433
1379 4275
1380 1719
1381 6302
1382 4749
1383 1682
1384 4743
1385 6302
1386 6358
1387 4224
1388 4743
1389 6355
1390 4224
1391 6436
1392 6436
1393 6360
1394 5364
1395 5365
1396 4674
1397 4674
1398 5202
1399 1343
1400 2996
1401 3037
1402 1503
1403 3037
1404 2933
1405 4213
1406 6365
1407 4909
1408 4909
1409 4748
1410 894
1411 1231
1412 4748
1413 6302
1414 4277
1415 752
1416 1236
1417 752
1418 671
1419 892
1420 2842
1421 1192
1422 2841
1423 1315
1424 1192
1425 2842
1426 2829
1427 1309
1428 2822
1429 4379
1430 2984
1431 2900
1432 1436
1433 2986
1434 751
1435 2850
1436 1311
1437 767
1438 5307
1439 5320
1440 5320
1441 5307
1442 5320
1443 1848
1444 4817
1445 1845
1446 4389
1447 1204
1448 860
1449 2929
1450 842
1451 876
1452 4646
1453 849
1454 4363
1455 949
1456 949
1457 4394
1458 2737
1459 4385
1460 4394
1461 4385
1462 4394
1463 4628
1464 4496
1465 4529
1466 4529
1467 4489
1468 4520
1469 4494
1470 4993
1471 4533
1472 4533
1473 4529
1474 4533
1475 872
1476 1499
1477 4360
1478 4321
1479 3475
1480 6539
1481 3124
1482 3124
1483 799
1484 890
1485 890
1486 799
1487 4731
1488 6474
1489 6474
1490 1248
1491 6474
1492 6474
1493 2833
1494 798
1495 798
1496 2833
1497 3475
1498 2212
1499 4383
1500 4746
1501 4357
1502 1196
1503 749
1504 1834
1505 6418
1506 5340
1507 2821
1508 715
1509 1840
1510 715
1511 4390
1512 4363
1513 4443
1514 1227
1515 1262
1516 4319
1517 4453
1518 4452
1519 4437
1520 4438
1521 4627
1522 4478
1523 4480
1524 4465
1525 4519
1526 4461
1527 4519
1528 4494
1529 4533
1530 4482
1531 6872
1532 4545
1533 2077
1534 2773
1535 1297
1536 668
1537 668
1538 1834
1539 876
1540 834
1541 6365
1542 4264
1543 892
1544 2961
1545 2961
1546 5863
1547 5863
1548 5681
1549 5863
1550 5863
1551 5863
1552 5863
1553 5863
1554 5681
1555 5863
1556 5681
1557 5863
1558 5681
1559 5500
1560 5863
1561 5863
1562 5863
1563 5863
1564 2318
1565 2321
1566 2318
1567 2318
1568 5863
1569 5863
1570 5863
1571 5863
1572 5504
1573 2318
1574 2318
1575 5849
1576 5506
1577 5502
1578 5863
1579 5847
1580 5863
1581 5863
1582 5500
1583 5681
1584 5681
1585 5500
1586 5500
1587 5681
1588 5500
1589 5743
1590 5681
1591 5863
1592 5500
1593 5863
1594 5863
1595 5863
1596 5863
1597 5863
1598 5863
1599 5863
1600 5863
1601 5863
1602 5863
1603 5863
1604 5863
1605 5863
1606 5863
1607 4336
1608 4336
1609 5863
1610 5863
1611 5863
1612 5863
1613 2305
1614 2318
1615 2318
1616 2318
1617 2318
1618 2318
1619 4224
1620 2323
1621 2323
1622 4224
1623 2318
1624 5506
1625 5863
1626 2318
1627 2318
1628 2318
1629 4336
1630 2318
1631 4224
1632 4224
1633 4224
1634 4224
1635 4224
1636 4224
1637 4224
1638 4224
1639 4224
1640 4224
1641 4224
1642 4224
1643 2305
1644 2318
1645 4224
1646 2323
1647 2323
1648 4224
1649 4224
1650 4224
1651 4224
1652 4224
1653 4224
1654 4224
1655 2344
1656 4224
1657 2305
1658 2323
1659 2323
1660 2305
1661 2318
1662 2318
1663 2323
1664 4224
1665 2323
1666 2323
1667 4224
1668 4224
1669 4224
1670 4224
1671 4224
1672 4224
1673 6358
1674 6358
1675 4743
1676 4224
1677 4224
1678 4764
1679 4224
1680 4224
1681 4224
1682 4224
1683 4224
1684 2323
1685 5863
1686 5863
1687 5863
1688 5863
1689 5863
1690 5500
1691 5847
1692 5863
1693 5500
1694 2323
1695 2305
1696 4224
1697 4224
1698 4224
1699 2318
1700 2305
1701 2318
1702 4336
1703 4224
1704 4224
1705 4224
1706 4224
1707 4224
1708 4224
1709 4224
1710 4224
1711 4224
1712 4224
1713 4224
1714 4224
1715 4224
1716 4224
1717 4224
1718 4224
1719 4224
1720 4224
1721 5863
1722 5863
1723 2318
1724 4336
1725 2333
1726 5863
1727 5681
1728 5863
1729 5863
1730 5863
1731 2323
1732 2323
1733 2323
1734 6358
1735 4224
1736 2305
1737 4743
1738 2318
1739 4224
1740 4224
1741 5500
1742 5504
1743 2323
1744 2318
1745 4224
1746 4224
1747 4224
1748 4224
1749 4224
1750 5500
1751 4224
1752 2318
1753 711
1754 1318
1755 591
1756 2824
1757 1485
1758 1189
1759 1421
1760 892
1761 2990
1762 2990
1763 1192
1764 413
1765 385
1766 414
1767 4813
1768 4341
1769 6334
1770 413
1771 385
1772 413
1773 249
1774 413
1775 250
1776 384
1777 403
1778 250
1779 2918
1780 3122
1781 3122
1782 2929
1783 1609
1784 3122
1785 3097
1786 3159
1787 1783
1788 1783
1789 4388
1790 4430
1791 4430
1792 3122
1793 4430
1794 4430
1795 4430
1796 4973
1797 4973
1798 4973
1799 874
1800 3155
1801 1803
1802 1803
1803 1804
1804 1803
1805 1803
1806 1803
1807 1205
1808 588
1809 804
1810 744
1811 744
1812 781
1813 1239
1814 781
1815 783
1816 1809
1817 2972
1818 1304
1819 748
1820 747
1821 782
1822 2888
1823 2889
1824 781
1825 1833
1826 1833
1827 1890
1828 1886
1829 1890
1830 3000
1831 6459
1832 6463
1833 2890
1834 751
1835 751
1836 749
1837 2932
1838 752
1839 2932
1840 1882
1841 1838
1842 1832
1843 641
1844 1504
1845 714
1846 713
1847 1503
1848 714
1849 1811
1850 6459
1851 6459
1852 6463
1853 5352
1854 6459
1855 6459
1856 6462
1857 5352
1858 1848
1859 715
1860 715
1861 2890
1862 1238
1863 1815
1864 2890
1865 2990
1866 1445
1867 1441
1868 2961
1869 1441
1870 3041
1871 1871
1872 2890
1873 2891
1874 1840
1875 6402
1876 2905
1877 1892
1878 713
1879 1443
1880 1503
1881 2890
1882 6402
1883 6402
1884 5352
1885 1826
1886 1833
1887 5351
1888 5302
1889 6402
1890 1890
1891 1890
1892 713
1893 1241
1894 1241
1895 1863
1896 1864
1897 1289
1898 640
1899 591
1900 4224
1901 1355
1902 757
1903 758
1904 4978
1905 5366
1906 3569
1907 3951
1908 3054
1909 2323
1910 2305
1911 5506
1912 5506
1913 5863
1914 5502
1915 5502
1916 2318
1917 5863
1918 5767
1919 5786
1920 5786
1921 5767
1922 5786
1923 5779
1924 5786
1925 5779
1926 5786
1927 5786
1928 5786
1929 5786
1930 5786
1931 5767
1932 5767
1933 5786
1934 5786
1935 5786
1936 5786
1937 5786
1938 5786
1939 5767
1940 5786
1941 5786
1942 5767
1943 5786
1944 5786
1945 5786
1946 5733
1947 5733
1948 5500
1949 5759
1950 5767
1951 5744
1952 5744
1953 5500
1954 5733
1955 5733
1956 5759
1957 5733
1958 5767
1959 5786
1960 5767
1961 5786
1962 5786
1963 5767
1964 5733
1965 5759
1966 5733
1967 5767
1968 5733
1969 5786
1970 5786
1971 5759
1972 5767
1973 5733
1974 5733
1975 5767
1976 5500
1977 5733
1978 5733
1979 5786
1980 5500
1981 3087
1982 3087
1983 3087
1984 3087
1985 3087
1986 3087
1987 3087
1988 3087
1989 3087
1990 3087
1991 3087
1992 3087
1993 3087
1994 6570
1995 3087
1996 3087
1997 3087
1998 3087
1999 3087
2000 3087
2001 3087
2002 3087
2003 3087
2004 3087
2005 3087
2006 3087
2007 3087
2008 3087
2009 3087
2010 3087
2011 3087
2012 3087
2013 4745
2014 4745
2015 5608
2016 5608
2017 4745
2018 5608
2019 5480
2020 5608
2021 4745
2022 3087
2023 4745
2024 3087
2025 5608
2026 4745
2027 6551
2028 6551
2029 6551
2030 6551
2031 4745
2032 5608
2033 5608
2034 4745
2035 4745
2036 4745
2037 6551
2038 6551
2039 6551
2040 6551
2041 3087
2042 3087
2043 6570
2044 6570
2045 6570
2046 6570
2047 3087
2048 3087
2049 3087
2050 3087
2051 3087
2052 3087
2053 3087
2054 3087
2055 6570
2056 6570
2057 6572
2058 6572
2059 5480
2060 5480
2061 3087
2062 3087
2063 3087
2064 3087
2065 4745
2066 5608
2067 6551
2068 6551
2069 3087
2070 3087
2071 4745
2072 5608
2073 5480
2074 6570
2075 3087
2076 3087
2077 3087
2078 3087
2079 3087
2080 3087
2081 3087
2082 3087
2083 3087
2084 3087
2085 3087
2086 3087
2087 4745
2088 5608
2089 5480
2090 3087
2091 3087
2092 4745
2093 4745
2094 3087
2095 3087
2096 3087
2097 5608
2098 5521
2099 5521
2100 5521
2101 5521
2102 5786
2103 5786
2104 5786
2105 5786
2106 5521
2107 5480
2108 5521
2109 5521
2110 5521
2111 5480
2112 5521
2113 3087
2114 3087
2115 3087
2116 3087
2117 6570
2118 6570
2119 6570
2120 3087
2121 3087
2122 6570
2123 6551
2124 6572
2125 6572
2126 6551
2127 6572
2128 6572
2129 6572
2130 6572
2131 6570
2132 6570
2133 6570
2134 3087
2135 6570
2136 3087
2137 6570
2138 6570
2139 6570
2140 6570
2141 6570
2142 6570
2143 3087
2144 3087
2145 6551
2146 6551
2147 5521
2148 5521
2149 3087
2150 3087
2151 3087
2152 6570
2153 6570
2154 6570
2155 6570
2156 6551
2157 6551
2158 6551
2159 6551
2160 6572
2161 6572
2162 6572
2163 6572
2164 6572
2165 6572
2166 6551
2167 6572
2168 6572
2169 6551
2170 3087
2171 3087
2172 3087
2173 6570
2174 3087
2175 3087
2176 3087
2177 6572
2178 6572
2179 6572
2180 3087
2181 6551
2182 5608
2183 4745
2184 4745
2185 5608
2186 6551
2187 4352
2188 6570
2189 6570
2190 6570
2191 6570
2192 3087
2193 3087
2194 6570
2195 3087
2196 4745
2197 3087
2198 6570
2199 3087
2200 3087
2201 4745
2202 5608
2203 4745
2204 6551
2205 6551
2206 5521
2207 5480
2208 5480
2209 5480
2210 3087
2211 3087
2212 3087
2213 3087
2214 6570
2215 6515
2216 6515
2217 6551
2218 4919
2219 6551
2220 6551
2221 3087
2222 6572
2223 3087
2224 3087
2225 3087
2226 3087
2227 4745
2228 5480
2229 5608
2230 5480
2231 3087
2232 6550
2233 6550
2234 5480
2235 5480
2236 3087
2237 3087
2238 3087
2239 3087
2240 3087
2241 5480
2242 5786
2243 5786
2244 5786
2245 6550
2246 6572
2247 6572
2248 3087
2249 3087
2250 3087
2251 3087
2252 3087
2253 3087
2254 3087
2255 3087
2256 3087
2257 3087
2258 6572
2259 6572
2260 6570
2261 6572
2262 6572
2263 6572
2264 3087
2265 4745
2266 3087
2267 3087
2268 6570
2269 6572
2270 6572
2271 6570
2272 6550
2273 6515
2274 6572
2275 6570
2276 6572
2277 6570
2278 3087
2279 5480
2280 6551
2281 6550
2282 6515
2283 6550
2284 4745
2285 3087
2286 5786
2287 3087
2288 3087
2289 6570
2290 6570
2291 6572
2292 6570
2293 6570
2294 6572
2295 4969
2296 4969
2297 4969
2298 4969
2299 6550
2300 4969
2301 4969
2302 4969
2303 4969
2304 4969
2305 4969
2306 4969
2307 4969
2308 4969
2309 6518
2310 6518
2311 4969
2312 4969
2313 6518
2314 6518
2315 4969
2316 4969
2317 4969
2318 6518
2319 6518
2320 6518
2321 6518
2322 4969
2323 4969
2324 6518
2325 6518
2326 4969
2327 4969
2328 6518
2329 4969
2330 4969
2331 4969
2332 4969
2333 6518
2334 6518
2335 4969
2336 6518
2337 4969
2338 6518
2339 6518
2340 6518
2341 6550
2342 6515
2343 4969
2344 4969
2345 4969
2346 4969
2347 4969
2348 4969
2349 6518
2350 4969
2351 4969
2352 6518
2353 6518
2354 6518
2355 6518
2356 6518
2357 3266
2358 3266
2359 3266
2360 3266
2361 3266
2362 6630
2363 6550
2364 3266
2365 3266
2366 3266
2367 6551
2368 6572
2369 6572
2370 6551
2371 6572
2372 6572
2373 3266
2374 3266
2375 6627
2376 3266
2377 3266
2378 6627
2379 6572
2380 6572
2381 6572
2382 6627
2383 6572
2384 6572
2385 6627
2386 6551
2387 6627
2388 6551
2389 6627
2390 3266
2391 3266
2392 3266
2393 3266
2394 3266
2395 3266
2396 3266
2397 3266
2398 3266
2399 3266
2400 6572
2401 3266
2402 3266
2403 3266
2404 3266
2405 3266
2406 3266
2407 3266
2408 3266
2409 3266
2410 3266
2411 3266
2412 3266
2413 3266
2414 3266
2415 3266
2416 3266
2417 3266
2418 3266
2419 3266
2420 3266
2421 3266
2422 3266
2423 3266
2424 3266
2425 3266
2426 3266
2427 3266
2428 3266
2429 3266
2430 3266
2431 3266
2432 3266
2433 3266
2434 3266
2435 3266
2436 3266
2437 3266
2438 3266
2439 3266
2440 3266
2441 3266
2442 3266
2443 3266
2444 3266
2445 3266
2446 3266
2447 3266
2448 3266
2449 3266
2450 3266
2451 3266
2452 3266
2453 3266
2454 3266
2455 3266
2456 3266
2457 3266
2458 3266
2459 3266
2460 3266
2461 3266
2462 3266
2463 3266
2464 3266
2465 3266
2466 3266
2467 3266
2468 3266
2469 6630
2470 6627
2471 6627
2472 6630
2473 6630
2474 6627
2475 6627
2476 6630
2477 6630
2478 6627
2479 6655
2480 6572
2481 6572
2482 6665
2483 6627
2484 6630
2485 6655
2486 6627
2487 6627
2488 6655
2489 6572
2490 6572
2491 6572
2492 6655
2493 6618
2494 6618
2495 6655
2496 6627
2497 6655
2498 6665
2499 6655
2500 6627
2501 3266
2502 3266
2503 6630
2504 6630
2505 6627
2506 6630
2507 3266
2508 3266
2509 3266
2510 6572
2511 6618
2512 3266
2513 3266
2514 6630
2515 3266
2516 3266
2517 3266
2518 3266
2519 3266
2520 3266
2521 3266
2522 3266
2523 3266
2524 3266
2525 3266
2526 3266
2527 3266
2528 3266
2529 3266
2530 3266
2531 3266
2532 3266
2533 3266
2534 3266
2535 3266
2536 3266
2537 3266
2538 3266
2539 3266
2540 3266
2541 3266
2542 3266
2543 3266
2544 3266
2545 3266
2546 3266
2547 3266
2548 3266
2549 3266
2550 3266
2551 3266
2552 3266
2553 3266
2554 3266
2555 3266
2556 3266
2557 3266
2558 3266
2559 3266
2560 3266
2561 3266
2562 3266
2563 3266
2564 3266
2565 3266
2566 3266
2567 3266
2568 3266
2569 3266
2570 3266
2571 3266
2572 3266
2573 3266
2574 3266
2575 3266
2576 3266
2577 3266
2578 3266
2579 3266
2580 6572
2581 6645
2582 6647
2583 6647
2584 6645
2585 6645
2586 6647
2587 6647
2588 6645
2589 6645
2590 6647
2591 6618
2592 6570
2593 6570
2594 6618
2595 6570
2596 6570
2597 6570
2598 6570
2599 6647
2600 6645
2601 6632
2602 6647
2603 6647
2604 6618
2605 6570
2606 6570
2607 6570
2608 6570
2609 6570
2610 6632
2611 6570
2612 6570
2613 6632
2614 6618
2615 6618
2616 6618
2617 6632
2618 6647
2619 6666
2620 6666
2621 6645
2622 6645
2623 6647
2624 6645
2625 6666
2626 6666
2627 6666
2628 6570
2629 6666
2630 6666
2631 6645
2632 6666
2633 6666
2634 6666
2635 6627
2636 6627
2637 6627
2638 6627
2639 6627
2640 6627
2641 6627
2642 6627
2643 6627
2644 6627
2645 6630
2646 6630
2647 6630
2648 6630
2649 6630
2650 6627
2651 6630
2652 6630
2653 6630
2654 6630
2655 6630
2656 6630
2657 6630
2658 6630
2659 6627
2660 6627
2661 6630
2662 6630
2663 6630
2664 6630
2665 6630
2666 6630
2667 6630
2668 6630
2669 6627
2670 6627
2671 6630
2672 6630
2673 6630
2674 6630
2675 6630
2676 6630
2677 6630
2678 6630
2679 6630
2680 6630
2681 6627
2682 6627
2683 6627
2684 6630
2685 6627
2686 6627
2687 6630
2688 6630
2689 6630
2690 6630
2691 6630
2692 6630
2693 6630
2694 6630
2695 6630
2696 6630
2697 6570
2698 3087
2699 3087
2700 3087
2701 3087
2702 3087
2703 3087
2704 3087
2705 3087
2706 3087
2707 3087
2708 3087
2709 3087
2710 3087
2711 3087
2712 3087
2713 3087
2714 3087
2715 3087
2716 3082
2717 3082
2718 3082
2719 3082
2720 3082
2721 3082
2722 3082
2723 3082
2724 3082
2725 3082
2726 3082
2727 3082
2728 3082
2729 3082
2730 3082
2731 3082
2732 3082
2733 3087
2734 3082
2735 3082
2736 3082
2737 3082
2738 3082
2739 3082
2740 3082
2741 3082
2742 3087
2743 3087
2744 3082
2745 3082
2746 3082
2747 3082
2748 3082
2749 3082
2750 3082
2751 3082
2752 3082
2753 3082
2754 3087
2755 3087
2756 3087
2757 3082
2758 3087
2759 3087
2760 3082
2761 3082
2762 3082
2763 3082
2764 3082
2765 3082
2766 3082
2767 3082
2768 3082
2769 3082
2770 6570
2771 6570
2772 3087
2773 3087
2774 3087
2775 3087
2776 3087
2777 6570
2778 3087
2779 3642
2780 3642
2781 3642
2782 3642
2783 3642
2784 3642
2785 3642
2786 3642
2787 3642
2788 3642
2789 3642
2790 3642
2791 3642
2792 3642
2793 3642
2794 3642
2795 3642
2796 3642
2797 3642
2798 3642
2799 3642
2800 3642
2801 3642
2802 3642
2803 3642
2804 3642
2805 3642
2806 3642
2807 3642
2808 3642
2809 3642
2810 3642
2811 3642
2812 1299
2813 3078
2814 3642
2815 3642
2816 3642
2817 3642
2818 3642
2819 6302
2820 6302
2821 6354
2822 4245
2823 676
2824 2833
2825 632
2826 2833
2827 2833
2828 6474
2829 6473
2830 2836
2831 890
2832 801
2833 3124
2834 796
2835 796
2836 3124
2837 799
2838 2836
2839 4732
2840 4285
2841 798
2842 2834
2843 2835
2844 2835
2845 1324
2846 1485
2847 1248
2848 1482
2849 1496
2850 1496
2851 798
2852 930
2853 6499
2854 931
2855 930
2856 931
2857 931
2858 2852
2859 2854
2860 2852
2861 1235
2862 2854
2863 749
2864 2822
2865 2849
2866 671
2867 1193
2868 749
2869 1255
2870 751
2871 1193
2872 1300
2873 5863
2874 5767
2875 748
2876 748
2877 1818
2878 1810
2879 1809
2880 608
2881 606
2882 1811
2883 1188
2884 782
2885 606
2886 711
2887 782
2888 2879
2889 781
2890 2889
2891 2890
2892 2890
2893 2890
2894 5348
2895 5340
2896 6362
2897 6364
2898 6417
2899 4910
2900 4910
2901 4910
2902 2990
2903 1846
2904 1834
2905 1252
2906 2825
2907 1212
2908 1493
2909 1783
2910 3122
2911 3122
2912 1780
2913 888
2914 888
2915 4430
2916 3122
2917 2929
2918 1625
2919 4430
2920 2922
2921 2922
2922 6382
2923 6382
2924 2922
2925 2922
2926 2922
2927 2922
2928 2929
2929 2929
2930 888
2931 751
2932 751
2933 749
2934 2997
2935 3026
2936 2931
2937 749
2938 2997
2939 2998
2940 2937
2941 2931
2942 1831
2943 1841
2944 1841
2945 712
2946 6402
2947 3003
2948 3006
2949 3006
2950 931
2951 931
2952 894
2953 795
2954 795
2955 1232
2956 2822
2957 2822
2958 2822
2959 750
2960 749
2961 749
2962 749
2963 1235
2964 2932
2965 2998
2966 3006
2967 2950
2968 931
2969 1849
2970 2931
2971 3007
2972 805
2973 2972
2974 1877
2975 1288
2976 680
2977 757
2978 758
2979 1273
2980 680
2981 756
2982 5353
2983 1868
2984 5340
2985 5308
2986 5308
2987 5308
2988 6402
2989 5320
2990 5307
2991 714
2992 1880
2993 1868
2994 1868
2995 1845
2996 712
2997 3026
2998 2931
2999 1829
3000 2942
3001 1840
3002 1841
3003 3003
3004 1856
3005 1832
3006 3007
3007 3026
3008 2893
3009 1886
3010 2892
3011 1826
3012 814
3013 2323
3014 1311
3015 751
3016 2834
3017 1496
3018 887
3019 887
3020 3124
3021 2928
3022 888
3023 889
3024 1251
3025 1496
3026 749
3027 3026
3028 931
3029 930
3030 3498
3031 2853
3032 3065
3033 3498
3034 1235
3035 2853
3036 2853
3037 1235
3038 2853
3039 1235
3040 749
3041 749
3042 1255
3043 749
3044 749
3045 461
3046 143
3047 3793
3048 75
3049 333
3050 333
3051 3566
3052 6493
3053 331
3054 331
3055 1908
3056 3056
3057 285
3058 307
3059 215
3060 3059
3061 4058
3062 3061
3063 752
3064 698
3065 930
3066 697
3067 4900
3068 3057
3069 3611
3070 3911
3071 3951
3072 3929
3073 1299
3074 2872
3075 6499
3076 751
3077 1311
3078 1300
3079 2846
3080 3104
3081 1539
3082 3088
3083 3084
3084 1204
3085 3090
3086 3099
3087 3103
3088 3084
3089 3084
3090 842
3091 3090
3092 3138
3093 3091
3094 3091
3095 3136
3096 3084
3097 1594
3098 3159
3099 3099
3100 3122
3101 3097
3102 876
3103 3091
3104 3091
3105 3091
3106 1786
3107 1786
3108 3090
3109 3090
3110 842
3111 3159
3112 841
3113 1787
3114 3097
3115 3090
3116 915
3117 3091
3118 3136
3119 1479
3120 1446
3121 2912
3122 3122
3123 1612
3124 887
3125 4397
3126 1227
3127 1360
3128 4363
3129 3133
3130 3091
3131 4357
3132 4713
3133 4363
3134 913
3135 2248
3136 915
3137 915
3138 915
3139 3136
3140 836
3141 1479
3142 3134
3143 3102
3144 913
3145 6555
3146 4319
3147 4646
3148 836
3149 1159
3150 3153
3151 3153
3152 3153
3153 3153
3154 2923
3155 3153
3156 3152
3157 2925
3158 842
3159 2912
3160 3153
3161 143
3162 461
3163 3640
3164 257
3165 3642
3166 3499
3167 3642
3168 3060
3169 1309
3170 2077
3171 1309
3172 1360
3173 2836
3174 4588
3175 4564
3176 4586
3177 4582
3178 4564
3179 4564
3180 4564
3181 4564
3182 4996
3183 4996
3184 4588
3185 4587
3186 4588
3187 4571
3188 4844
3189 4588
3190 4844
3191 4584
3192 4571
3193 4582
3194 4637
3195 4637
3196 4586
3197 4564
3198 4580
3199 4946
3200 4580
3201 4580
3202 4943
3203 4943
3204 4943
3205 4943
3206 4577
3207 4561
3208 4560
3209 4946
3210 4580
3211 6694
3212 6691
3213 6691
3214 6694
3215 6736
3216 6736
3217 6738
3218 6738
3219 6691
3220 6694
3221 6691
3222 6691
3223 6838
3224 6838
3225 6843
3226 6839
3227 6694
3228 6697
3229 6697
3230 6694
3231 6797
3232 6764
3233 6738
3234 6737
3235 6744
3236 6765
3237 6765
3238 6744
3239 6764
3240 6751
3241 6740
3242 6736
3243 6694
3244 6716
3245 6691
3246 6691
3247 6738
3248 6718
3249 6745
3250 6740
3251 6718
3252 6736
3253 6716
3254 6694
3255 6694
3256 6716
3257 6691
3258 6691
3259 6694
3260 6716
3261 6697
3262 6694
3263 6697
3264 6697
3265 6694
3266 6694
3267 6838
3268 6759
3269 6716
3270 6716
3271 6750
3272 6694
3273 6694
3274 6716
3275 6716
3276 6697
3277 6759
3278 6716
3279 6765
3280 6764
3281 6844
3282 6766
3283 6764
3284 6797
3285 6839
3286 6843
3287 6844
3288 6843
3289 6765
3290 6844
3291 6765
3292 6766
3293 6738
3294 6801
3295 6745
3296 6765
3297 6801
3298 6742
3299 6691
3300 6737
3301 6750
3302 6691
3303 6765
3304 6765
3305 6694
3306 6694
3307 6758
3308 6716
3309 6694
3310 6765
3311 6843
3312 6694
3313 6766
3314 6839
3315 6800
3316 6800
3317 6838
3318 6800
3319 4587
3320 4588
3321 4584
3322 4941
3323 4589
3324 4946
3325 4572
3326 4572
3327 4562
3328 4599
3329 4603
3330 4594
3331 4599
3332 4562
3333 4562
3334 4562
3335 4562
3336 6800
3337 6800
3338 6734
3339 6734
3340 6734
3341 6735
3342 6734
3343 6735
3344 6800
3345 6734
3346 6800
3347 6832
3348 6817
3349 6832
3350 6800
3351 6734
3352 6800
3353 6734
3354 6800
3355 6832
3356 6832
3357 6817
3358 6734
3359 6832
3360 6817
3361 6832
3362 6817
3363 6832
3364 6723
3365 6721
3366 6721
3367 6723
3368 6608
3369 6726
3370 4602
3371 6591
3372 6575
3373 6594
3374 4606
3375 5003
3376 4622
3377 6596
3378 6594
3379 4602
3380 4642
3381 4846
3382 6579
3383 4620
3384 4617
3385 6596
3386 6583
3387 4620
3388 4620
3389 6583
3390 4846
3391 4619
3392 4619
3393 4619
3394 4620
3395 4600
3396 6583
3397 6726
3398 6726
3399 4602
3400 4602
3401 4602
3402 6591
3403 6722
3404 4605
3405 6592
3406 6724
3407 6602
3408 6585
3409 4621
3410 6584
3411 4618
3412 6583
3413 6579
3414 4620
3415 4846
3416 4600
3417 4846
3418 4598
3419 6835
3420 6601
3421 6603
3422 6597
3423 6594
3424 6594
3425 6594
3426 6605
3427 6605
3428 6605
3429 6605
3430 6585
3431 6605
3432 4600
3433 4599
3434 4599
3435 4594
3436 4594
3437 6724
3438 6836
3439 6836
3440 6835
3441 6598
3442 6598
3443 6598
3444 6610
3445 6603
3446 6603
3447 6603
3448 6576
3449 6597
3450 6597
3451 6576
3452 6597
3453 6597
3454 6597
3455 6597
3456 6594
3457 6594
3458 6594
3459 6594
3460 6594
3461 6594
3462 6594
3463 6594
3464 6594
3465 6594
3466 6594
3467 6594
3468 6594
3469 4562
3470 812
3471 609
3472 4673
3473 4672
3474 4673
3475 4390
3476 1564
3477 1344
3478 664
3479 4360
3480 798
3481 836
3482 695
3483 2852
3484 1247
3485 414
3486 249
3487 413
3488 385
3489 385
3490 384
3491 413
3492 413
3493 413
3494 413
3495 697
3496 698
3497 930
3498 6499
3499 3793
3500 4341
3501 4813
3502 801
3503 4347
3504 4813
3505 2827
3506 3015
3507 6382
3508 749
3509 1767
3510 1446
3511 1327
3512 3642
3513 6250
3514 3642
3515 3642
3516 3642
3517 3642
3518 3930
3519 6250
3520 238
3521 3531
3522 3523
3523 3527
3524 3650
3525 3566
3526 3566
3527 3650
3528 331
3529 3167
3530 3556
3531 3531
3532 3642
3533 3642
3534 3642
3535 3642
3536 332
3537 3531
3538 3642
3539 331
3540 3642
3541 3642
3542 3642
3543 3642
3544 331
3545 331
3546 3642
3547 3642
3548 3642
3549 3642
3550 3642
3551 3642
3552 1906
3553 3793
3554 238
3555 3749
3556 332
3557 75
3558 294
3559 3537
3560 3804
3561 3650
3562 3566
3563 3910
3564 3911
3565 3566
3566 141
3567 3655
3568 3046
3569 3566
3570 141
3571 3910
3572 3046
3573 6493
3574 3910
3575 278
3576 3587
3577 3583
3578 3587
3579 3793
3580 3793
3581 278
3582 3793
3583 278
3584 3793
3585 1906
3586 3790
3587 3793
3588 3587
3589 1905
3590 281
3591 3587
3592 3802
3593 3592
3594 3583
3595 279
3596 5366
3597 3790
3598 1906
3599 5366
3600 3613
3601 3911
3602 5366
3603 3611
3604 3568
3605 3911
3606 3611
3607 3592
3608 3911
3609 3613
3610 3569
3611 3052
3612 3910
3613 3910
3614 3658
3615 143
3616 3642
3617 3642
3618 3642
3619 3642
3620 3642
3621 3642
3622 3827
3623 3530
3624 331
3625 3642
3626 331
3627 3642
3628 3642
3629 439
3630 3642
3631 3642
3632 3642
3633 3642
3634 3642
3635 3642
3636 3642
3637 3642
3638 3642
3639 3642
3640 3642
3641 3642
3642 3642
3643 3642
3644 3637
3645 3746
3646 3642
3647 3515
3648 3645
3649 56
3650 3570
3651 3649
3652 3655
3653 3655
3654 3654
3655 3658
3656 3712
3657 3658
3658 3658
3659 3712
3660 3712
3661 3685
3662 285
3663 284
3664 3057
3665 3057
3666 3652
3667 3523
3668 3524
3669 3531
3670 3759
3671 3759
3672 3677
3673 3770
3674 3760
3675 3760
3676 3163
3677 3771
3678 3759
3679 411
3680 411
3681 3761
3682 411
3683 414
3684 3712
3685 148
3686 3715
3687 3715
3688 414
3689 411
3690 3889
3691 385
3692 3762
3693 3764
3694 3892
3695 254
3696 3712
3697 3697
3698 422
3699 3657
3700 3642
3701 6250
3702 3642
3703 3642
3704 3531
3705 3632
3706 3759
3707 3759
3708 3761
3709 3759
3710 385
3711 414
3712 3712
3713 3658
3714 3685
3715 3699
3716 304
3717 3685
3718 460
3719 460
3720 3719
3721 3719
3722 460
3723 460
3724 460
3725 3723
3726 3057
3727 3057
3728 3664
3729 3664
3730 211
3731 3720
3732 3896
3733 3896
3734 3720
3735 3715
3736 225
3737 226
3738 422
3739 331
3740 3642
3741 3642
3742 3642
3743 3642
3744 3642
3745 3642
3746 3642
3747 3642
3748 239
3749 3524
3750 239
3751 3531
3752 3642
3753 3642
3754 3642
3755 415
3756 3526
3757 3526
3758 3632
3759 444
3760 335
3761 412
3762 413
3763 3765
3764 3765
3765 457
3766 3893
3767 399
3768 460
3769 3720
3770 3640
3771 3642
3772 3669
3773 239
3774 3527
3775 3531
3776 3531
3777 3650
3778 3650
3779 3780
3780 6493
3781 413
3782 414
3783 385
3784 385
3785 414
3786 3764
3787 3556
3788 332
3789 3531
3790 3611
3791 3569
3792 3569
3793 3611
3794 461
3795 3654
3796 284
3797 284
3798 3642
3799 3642
3800 3642
3801 3642
3802 3583
3803 442
3804 77
3805 6495
3806 3055
3807 148
3808 3818
3809 3663
3810 223
3811 3715
3812 225
3813 225
3814 225
3815 304
3816 3816
3817 333
3818 333
3819 333
3820 3642
3821 3642
3822 331
3823 3642
3824 331
3825 331
3826 331
3827 3642
3828 3642
3829 3642
3830 3642
3831 3642
3832 3642
3833 3642
3834 3642
3835 3642
3836 3642
3837 3642
3838 3642
3839 284
3840 333
3841 3790
3842 3642
3843 3531
3844 332
3845 3642
3846 332
3847 3556
3848 3642
3849 3642
3850 3642
3851 3642
3852 3642
3853 3642
3854 3642
3855 3642
3856 3642
3857 3642
3858 3642
3859 3642
3860 331
3861 3053
3862 6250
3863 3546
3864 3896
3865 403
3866 364
3867 364
3868 3161
3869 3161
3870 3761
3871 3679
3872 3679
3873 3761
3874 3679
3875 3679
3876 3679
3877 3679
3878 3679
3879 3759
3880 3759
3881 3668
3882 3679
3883 5233
3884 3996
3885 364
3886 3161
3887 3161
3888 390
3889 390
3890 3889
3891 384
3892 446
3893 446
3894 3561
3895 4021
3896 3896
3897 3896
3898 3733
3899 3888
3900 400
3901 400
3902 399
3903 403
3904 364
3905 364
3906 364
3907 403
3908 3779
3909 3642
3910 6493
3911 3566
3912 3167
3913 3912
3914 1907
3915 3951
3916 3642
3917 422
3918 460
3919 257
3920 211
3921 3734
3922 331
3923 331
3924 3642
3925 3047
3926 331
3927 331
3928 331
3929 331
3930 3642
3931 3642
3932 3642
3933 3642
3934 3068
3935 3809
3936 3936
3937 5368
3938 4023
3939 3976
3940 4026
3941 4028
3942 285
3943 3720
3944 453
3945 3642
3946 3642
3947 3642
3948 5366
3949 3793
3950 307
3951 331
3952 5233
3953 3711
3954 3711
3955 3681
3956 3679
3957 3679
3958 3679
3959 3873
3960 3679
3961 4044
3962 3679
3963 3679
3964 3679
3965 3679
3966 3679
3967 3679
3968 3761
3969 3681
3970 3711
3971 3711
3972 403
3973 3867
3974 4025
3975 3711
3976 4025
3977 4025
3978 4023
3979 4025
3980 4009
3981 3982
3982 3867
3983 3867
3984 3711
3985 3681
3986 3711
3987 3679
3988 4025
3989 4025
3990 4025
3991 4025
3992 4017
3993 4009
3994 4009
3995 4009
3996 3982
3997 4009
3998 3982
3999 4009
4000 4009
4001 4009
4002 4009
4003 3982
4004 3982
4005 4021
4006 403
4007 4009
4008 3867
4009 403
4010 364
4011 364
4012 3762
4013 4025
4014 364
4015 5242
4016 4009
4017 3867
4018 3982
4019 403
4020 3867
4021 403
4022 403
4023 4009
4024 4009
4025 4009
4026 3982
4027 4009
4028 3867
4029 4009
4030 3982
4031 4009
4032 4028
4033 4025
4034 4025
4035 4025
4036 3982
4037 4025
4038 4025
4039 4025
4040 4025
4041 4025
4042 4032
4043 3711
4044 3711
4045 3711
4046 3711
4047 3711
4048 3711
4049 3711
4050 3679
4051 3679
4052 3679
4053 3681
4054 3679
4055 3681
4056 5233
4057 3711
4058 3060
4059 3059
4060 3059
4061 3059
4062 5231
4063 3711
4064 3681
4065 4032
4066 3711
4067 3711
4068 4032
4069 4025
4070 4023
4071 3982
4072 4789
4073 4058
4074 1307
4075 1309
4076 1300
4077 584
4078 4782
4079 3171
4080 2872
4081 2872
4082 5325
4083 4798
4084 4723
4085 4798
4086 4909
4087 6366
4088 4210
4089 4817
4090 5294
4091 5325
4092 5294
4093 5348
4094 5278
4095 1237
4096 4900
4097 804
4098 6479
4099 4739
4100 6480
4101 4122
4102 5123
4103 5132
4104 5132
4105 5090
4106 6304
4107 4968
4108 6286
4109 5100
4110 5347
4111 6349
4112 4722
4113 6349
4114 4146
4115 4412
4116 4377
4117 4688
4118 5046
4119 5097
4120 4290
4121 5076
4122 6353
4123 4726
4124 6349
4125 6353
4126 5317
4127 5352
4128 5348
4129 5352
4130 3505
4131 4719
4132 749
4133 4239
4134 4255
4135 4256
4136 5348
4137 5348
4138 5294
4139 5347
4140 4213
4141 4862
4142 4290
4143 4331
4144 4290
4145 5076
4146 5110
4147 4790
4148 4790
4149 4790
4150 6378
4151 6378
4152 4290
4153 4290
4154 4724
4155 3078
4156 5321
4157 6366
4158 4099
4159 4735
4160 5314
4161 6463
4162 5348
4163 6459
4164 4290
4165 4331
4166 5041
4167 5259
4168 1841
4169 1504
4170 673
4171 1504
4172 4736
4173 4909
4174 4872
4175 6366
4176 4683
4177 4277
4178 4791
4179 4736
4180 4748
4181 3078
4182 697
4183 2872
4184 2872
4185 4782
4186 3067
4187 584
4188 584
4189 4789
4190 4058
4191 4092
4192 4139
4193 5199
4194 1849
4195 2969
4196 1821
4197 1815
4198 2972
4199 745
4200 6462
4201 2939
4202 1843
4203 6459
4204 2942
4205 1404
4206 2943
4207 3000
4208 4290
4209 4285
4210 1315
4211 1315
4212 1311
4213 1311
4214 695
4215 930
4216 930
4217 695
4218 2879
4219 782
4220 588
4221 589
4222 781
4223 1849
4224 750
4225 3025
4226 3075
4227 1255
4228 3033
4229 3033
4230 803
4231 803
4232 804
4233 2972
4234 745
4235 746
4236 2972
4237 751
4238 751
4239 1311
4240 1315
4241 2862
4242 1844
4243 2942
4244 2860
4245 2854
4246 2853
4247 1256
4248 3032
4249 1193
4250 1193
4251 3063
4252 751
4253 2834
4254 2834
4255 1496
4256 1496
4257 5303
4258 6402
4259 4162
4260 4826
4261 6401
4262 6402
4263 6402
4264 6459
4265 1257
4266 3075
4267 4239
4268 4239
4269 1809
4270 745
4271 2972
4272 3033
4273 1257
4274 2932
4275 3032
4276 3079
4277 3079
4278 2850
4279 2850
4280 749
4281 4239
4282 2827
4283 6288
4284 5076
4285 5374
4286 4316
4287 5098
4288 4290
4289 6378
4290 5081
4291 1312
4292 1312
4293 806
4294 824
4295 3158
4296 1513
4297 1513
4298 1786
4299 805
4300 813
4301 817
4302 803
4303 5249
4304 5249
4305 218
4306 817
4307 817
4308 1313
4309 3060
4310 915
4311 3090
4312 3734
4313 222
4314 824
4315 824
4316 6377
4317 4331
4318 1230
4319 852
4320 852
4321 897
4322 4625
4323 834
4324 1230
4325 852
4326 3090
4327 3090
4328 3121
4329 3114
4330 4921
4331 6378
4332 6377
4333 1366
4334 1366
4335 903
4336 903
4337 899
4338 911
4339 911
4340 877
4341 5259
4342 5070
4343 4304
4344 6334
4345 6334
4346 6386
4347 6386
4348 3475
4349 1446
4350 3090
4351 1205
4352 915
4353 915
4354 3090
4355 3484
4356 834
4357 900
4358 1365
4359 902
4360 899
4361 899
4362 899
4363 902
4364 1499
4365 876
4366 1162
4367 1274
4368 854
4369 834
4370 853
4371 1262
4372 6378
4373 4921
4374 4330
4375 4372
4376 4374
4377 1493
4378 1493
4379 1315
4380 1211
4381 930
4382 698
4383 877
4384 900
4385 899
4386 910
4387 899
4388 907
4389 903
4390 907
4391 907
4392 1459
4393 1458
4394 849
4395 849
4396 966
4397 966
4398 3475
4399 915
4400 1479
4401 1479
4402 5199
4403 5041
4404 6334
4405 5041
4406 4921
4407 4286
4408 4286
4409 4285
4410 4285
4411 4674
4412 4286
4413 4748
4414 4748
4415 4748
4416 697
4417 2812
4418 1513
4419 900
4420 900
4421 934
4422 910
4423 1805
4424 6377
4425 5259
4426 4427
4427 5215
4428 5321
4429 4873
4430 851
4431 1142
4432 972
4433 1462
4434 1461
4435 1456
4436 949
4437 951
4438 950
4439 950
4440 950
4441 953
4442 953
4443 1459
4444 972
4445 972
4446 1142
4447 1458
4448 910
4449 849
4450 849
4451 945
4452 971
4453 1461
4454 967
4455 971
4456 1457
4457 1458
4458 1458
4459 1458
4460 1460
4461 1144
4462 1144
4463 987
4464 987
4465 992
4466 993
4467 972
4468 986
4469 986
4470 969
4471 969
4472 986
4473 969
4474 969
4475 986
4476 986
4477 956
4478 986
4479 947
4480 950
4481 979
4482 979
4483 958
4484 958
4485 979
4486 1042
4487 983
4488 958
4489 1026
4490 983
4491 1042
4492 1024
4493 1041
4494 1026
4495 1041
4496 1026
4497 1145
4498 1041
4499 958
4500 975
4501 979
4502 958
4503 958
4504 958
4505 975
4506 975
4507 989
4508 991
4509 984
4510 989
4511 954
4512 961
4513 954
4514 959
4515 1186
4516 1517
4517 991
4518 1186
4519 955
4520 955
4521 985
4522 985
4523 985
4524 980
4525 977
4526 977
4527 977
4528 1028
4529 975
4530 1174
4531 1170
4532 1041
4533 1031
4534 1031
4535 1023
4536 1023
4537 1036
4538 1037
4539 1037
4540 1171
4541 1147
4542 1033
4543 1022
4544 1021
4545 1033
4546 1033
4547 1033
4548 1023
4549 1022
4550 997
4551 996
4552 997
4553 1001
4554 1037
4555 1000
4556 1017
4557 1045
4558 1017
4559 1011
4560 1070
4561 1178
4562 1071
4563 1175
4564 1007
4565 1007
4566 1009
4567 1007
4568 1010
4569 1522
4570 995
4571 1004
4572 1070
4573 1070
4574 1052
4575 1054
4576 1008
4577 1010
4578 3474
4579 1052
4580 1060
4581 3472
4582 1054
4583 1060
4584 1012
4585 1012
4586 1052
4587 1052
4588 1012
4589 1052
4590 1082
4591 1085
4592 1175
4593 1101
4594 1070
4595 1070
4596 1085
4597 1085
4598 1102
4599 1175
4600 1175
4601 1093
4602 1102
4603 1078
4604 1102
4605 1099
4606 1464
4607 1102
4608 1096
4609 1096
4610 1097
4611 1097
4612 1083
4613 1082
4614 1090
4615 1090
4616 1091
4617 1092
4618 1092
4619 1093
4620 1092
4621 1092
4622 1092
4623 1139
4624 1138
4625 1139
4626 4625
4627 951
4628 967
4629 1144
4630 993
4631 961
4632 1028
4633 1170
4634 975
4635 1021
4636 1033
4637 1012
4638 1012
4639 1009
4640 1073
4641 1054
4642 1175
4643 1101
4644 1096
4645 933
4646 852
4647 870
4648 933
4649 1227
4650 1274
4651 1274
4652 872
4653 1025
4654 984
4655 984
4656 974
4657 1028
4658 1517
4659 1143
4660 1186
4661 1009
4662 1012
4663 1011
4664 1033
4665 1015
4666 1522
4667 1058
4668 1058
4669 1522
4670 993
4671 993
4672 1144
4673 1144
4674 5033
4675 4164
4676 4240
4677 4680
4678 4106
4679 4683
4680 4240
4681 4738
4682 4738
4683 4239
4684 4162
4685 6402
4686 4674
4687 4749
4688 1311
4689 6386
4690 6873
4691 3475
4692 4400
4693 837
4694 2835
4695 1496
4696 589
4697 783
4698 608
4699 1811
4700 1818
4701 606
4702 813
4703 814
4704 2077
4705 872
4706 872
4707 900
4708 1139
4709 1138
4710 853
4711 897
4712 1162
4713 933
4714 4688
4715 4688
4716 1329
4717 1348
4718 1193
4719 1315
4720 4789
4721 4271
4722 1820
4723 1820
4724 747
4725 4727
4726 6348
4727 5310
4728 4727
4729 3110
4730 1247
4731 796
4732 6545
4733 1248
4734 1251
4735 767
4736 767
4737 3498
4738 3498
4739 6499
4740 5321
4741 4738
4742 4738
4743 3015
4744 4239
4745 1162
4746 1230
4747 4286
4748 1909
4749 3504
4750 4285
4751 4694
4752 4749
4753 766
4754 2942
4755 1840
4756 1840
4757 900
4758 1162
4759 1499
4760 872
4761 218
4762 441
4763 3033
4764 1257
4765 3037
4766 3037
4767 3037
4768 1871
4769 1404
4770 3037
4771 6349
4772 5325
4773 4724
4774 5282
4775 4798
4776 4724
4777 4198
4778 4270
4779 4072
4780 4900
4781 3169
4782 3169
4783 1302
4784 1817
4785 1809
4786 2972
4787 3060
4788 3060
4789 4058
4790 3079
4791 600
4792 3734
4793 3734
4794 600
4795 600
4796 1820
4797 1809
4798 4271
4799 441
4800 3059
4801 1479
4802 1479
4803 5097
4804 5375
4805 4285
4806 4808
4807 3942
4808 4425
4809 4813
4810 4151
4811 5193
4812 4341
4813 5062
4814 1160
4815 4648
4816 4122
4817 6462
4818 5290
4819 6499
4820 6378
4821 4331
4822 6406
4823 4162
4824 6302
4825 5335
4826 6459
4827 6406
4828 5335
4829 1360
4830 6462
4831 5352
4832 6463
4833 5317
4834 4625
4835 2734
4836 4625
4837 4625
4838 910
4839 899
4840 1461
4841 965
4842 1022
4843 1033
4844 1054
4845 1073
4846 1175
4847 1101
4848 1100
4849 600
4850 4173
4851 4173
4852 600
4853 766
4854 6311
4855 4968
4856 4968
4857 4411
4858 4687
4859 4968
4860 1329
4861 3079
4862 1348
4863 3079
4864 3079
4865 4173
4866 600
4867 3079
4868 4412
4869 4411
4870 4968
4871 4377
4872 6499
4873 3498
4874 6459
4875 5352
4876 6462
4877 6459
4878 3015
4879 3015
4880 4738
4881 4738
4882 3014
4883 4719
4884 749
4885 3075
4886 4239
4887 6498
4888 5314
4889 6321
4890 5304
4891 1257
4892 1256
4893 4099
4894 4828
4895 4239
4896 4738
4897 4738
4898 4739
4899 5129
4900 1309
4901 3075
4902 4739
4903 2853
4904 6879
4905 1352
4906 2853
4907 752
4908 751
4909 751
4910 751
4911 6462
4912 5291
4913 5352
4914 5352
4915 5352
4916 4124
4917 6457
4918 4124
4919 3475
4920 913
4921 5070
4922 5070
4923 4400
4924 854
4925 4835
4926 934
4927 3475
4928 1456
4929 951
4930 971
4931 971
4932 970
4933 970
4934 971
4935 970
4936 1144
4937 1052
4938 1178
4939 1054
4940 1178
4941 1054
4942 1058
4943 1060
4944 1085
4945 1175
4946 1060
4947 1175
4948 1138
4949 851
4950 3134
4951 1479
4952 1499
4953 4290
4954 4290
4955 5202
4956 5164
4957 5099
4958 5097
4959 5168
4960 5116
4961 5085
4962 5221
4963 5099
4964 5099
4965 1249
4966 1249
4967 2831
4968 1189
4969 1162
4970 1227
4971 877
4972 911
4973 911
4974 3037
4975 2852
4976 2998
4977 6316
4978 6391
4979 4826
4980 4417
4981 5352
4982 5347
4983 915
4984 3475
4985 3475
4986 1227
4987 1499
4988 950
4989 953
4990 954
4991 977
4992 958
4993 979
4994 1022
4995 1033
4996 1012
4997 1010
4998 1007
4999 1052
5000 1070
5001 1085
5002 1083
5003 1097
5004 872
5005 2773
5006 6340
5007 4826
5008 6321
5009 5304
5010 6332
5011 4738
5012 3498
5013 6402
5014 6402
5015 5181
5016 5181
5017 5181
5018 4849
5019 4871
5020 4794
5021 5164
5022 5171
5023 5087
5024 5168
5025 5109
5026 5108
5027 5110
5028 4790
5029 5033
5030 5097
5031 5097
5032 5097
5033 5127
5034 5084
5035 5082
5036 5125
5037 4868
5038 5148
5039 5181
5040 4858
5041 6312
5042 5091
5043 5100
5044 4102
5045 4857
5046 4858
5047 5110
5048 5214
5049 5091
5050 5217
5051 5164
5052 5164
5053 5202
5054 5033
5055 5088
5056 5087
5057 5125
5058 5122
5059 5149
5060 5122
5061 5123
5062 5221
5063 5132
5064 5112
5065 5221
5066 1329
5067 4147
5068 5088
5069 5123
5070 5123
5071 5082
5072 5084
5073 5221
5074 5086
5075 5086
5076 5132
5077 4286
5078 5046
5079 5097
5080 4285
5081 4285
5082 3079
5083 3079
5084 3079
5085 3079
5086 3079
5087 3079
5088 4688
5089 4688
5090 4858
5091 4688
5092 5082
5093 5084
5094 5084
5095 5084
5096 5082
5097 5082
5098 5084
5099 5084
5100 5185
5101 5185
5102 5148
5103 5148
5104 5125
5105 5125
5106 5100
5107 5125
5108 3079
5109 3079
5110 3079
5111 3079
5112 5082
5113 5082
5114 5082
5115 5125
5116 5125
5117 5082
5118 4686
5119 1329
5120 4688
5121 4686
5122 3079
5123 3079
5124 3079
5125 3079
5126 5082
5127 5148
5128 5181
5129 5181
5130 5082
5131 5082
5132 4686
5133 4412
5134 5143
5135 1329
5136 4858
5137 4858
5138 4688
5139 4858
5140 4686
5141 4412
5142 5100
5143 5100
5144 5204
5145 6303
5146 4688
5147 4412
5148 3079
5149 4088
5150 3079
5151 4088
5152 5082
5153 5125
5154 5086
5155 5086
5156 5086
5157 5082
5158 5171
5159 5164
5160 4115
5161 4102
5162 4794
5163 4146
5164 4688
5165 4858
5166 4688
5167 4688
5168 5088
5169 5082
5170 5148
5171 4858
5172 4858
5173 4858
5174 4858
5175 4858
5176 1329
5177 4688
5178 3079
5179 1329
5180 3079
5181 3079
5182 1329
5183 3079
5184 4688
5185 3079
5186 4858
5187 4688
5188 1329
5189 4688
5190 5086
5191 5086
5192 5082
5193 5084
5194 5082
5195 5092
5196 5086
5197 5375
5198 5093
5199 5082
5200 5148
5201 5148
5202 5148
5203 4412
5204 5125
5205 5082
5206 4412
5207 4688
5208 1329
5209 3079
5210 5151
5211 4686
5212 4686
5213 4412
5214 5148
5215 4858
5216 5148
5217 4687
5218 5138
5219 5202
5220 5143
5221 4857
5222 711
5223 4426
5224 4795
5225 5189
5226 1256
5227 4826
5228 1840
5229 1841
5230 4738
5231 414
5232 413
5233 414
5234 4813
5235 4032
5236 4025
5237 4025
5238 3711
5239 3711
5240 3679
5241 4009
5242 3867
5243 3679
5244 2928
5245 2929
5246 5252
5247 5252
5248 3097
5249 1805
5250 5249
5251 5252
5252 5249
5253 5070
5254 5070
5255 5252
5256 5252
5257 5070
5258 5249
5259 5252
5260 5249
5261 1805
5262 4984
5263 3484
5264 1806
5265 1803
5266 863
5267 1803
5268 1803
5269 4094
5270 804
5271 805
5272 744
5273 783
5274 2879
5275 1297
5276 2879
5277 2972
5278 805
5279 2972
5280 747
5281 747
5282 4269
5283 6346
5284 5310
5285 4269
5286 4726
5287 2889
5288 5294
5289 4726
5290 4727
5291 4726
5292 6353
5293 6353
5294 4727
5295 749
5296 752
5297 3026
5298 597
5299 2852
5300 2997
5301 1890
5302 6463
5303 5345
5304 5347
5305 6349
5306 6462
5307 6462
5308 6462
5309 6459
5310 1816
5311 5294
5312 6349
5313 4725
5314 5347
5315 5347
5316 4725
5317 5294
5318 5347
5319 6462
5320 6463
5321 5290
5322 4269
5323 4269
5324 4269
5325 4271
5326 1871
5327 1404
5328 1871
5329 6459
5330 1404
5331 6406
5332 6462
5333 5310
5334 4270
5335 4381
5336 5348
5337 6459
5338 6459
5339 6402
5340 2999
5341 6459
5342 4269
5343 5348
5344 5348
5345 6349
5346 4726
5347 4727
5348 4726
5349 5348
5350 5352
5351 5294
5352 5294
5353 6459
5354 4270
5355 4724
5356 4270
5357 5325
5358 5282
5359 6349
5360 4198
5361 5148
5362 1840
5363 6316
5364 4162
5365 4738
5366 3569
5367 3611
5368 1907
5369 3951
5370 4858
5371 5181
5372 5082
5373 5088
5374 5088
5375 3079
5376 4688
5377 5091
5378 5221
5379 4862
5380 4865
5381 4851
5382 4850
5383 6282
5384 4851
5385 4850
5386 4851
5387 4791
5388 4866
5389 4791
5390 4852
5391 5151
5392 5123
5393 5149
5394 5090
5395 5122
5396 4862
5397 4866
5398 5151
5399 5151
5400 5167
5401 5122
5402 4849
5403 4849
5404 4851
5405 4850
5406 4866
5407 4849
5408 4794
5409 4881
5410 4277
5411 5145
5412 4790
5413 4277
5414 5171
5415 5123
5416 5132
5417 5122
5418 5123
5419 5132
5420 5090
5421 4794
5422 5151
5423 4851
5424 4851
5425 5132
5426 5122
5427 5151
5428 5151
5429 5122
5430 4850
5431 5010
5432 4794
5433 5122
5434 5122
5435 5090
5436 5132
5437 5087
5438 5090
5439 5090
5440 4851
5441 5082
5442 4391
5443 2323
5444 2323
5445 2309
5446 4763
5447 4917
5448 4754
5449 4756
5450 2305
5451 2323
5452 2305
5453 4336
5454 4391
5455 4336
5456 4391
5457 4391
5458 4391
5459 4391
5460 4391
5461 4391
5462 4391
5463 4391
5464 4391
5465 4391
5466 4391
5467 2323
5468 2323
5469 4391
5470 2309
5471 2323
5472 2309
5473 2305
5474 2301
5475 4744
5476 4744
5477 4886
5478 4901
5479 6358
5480 4977
5481 4819
5482 6442
5483 4819
5484 4819
5485 6445
5486 4280
5487 4886
5488 6047
5489 6047
5490 6047
5491 6047
5492 4225
5493 4225
5494 4280
5495 4225
5496 4391
5497 4391
5498 6047
5499 6047
5500 6047
5501 6047
5502 4391
5503 4391
5504 5504
5505 5502
5506 4336
5507 4336
5508 5502
5509 4391
5510 4391
5511 5506
5512 4391
5513 5506
5514 5506
5515 4391
5516 5504
5517 6128
5518 6093
5519 5578
5520 4886
5521 4886
5522 5502
5523 5502
5524 5506
5525 5506
5526 4225
5527 4225
5528 5755
5529 6047
5530 4977
5531 4263
5532 6443
5533 6441
5534 4977
5535 5506
5536 4391
5537 4391
5538 4391
5539 4391
5540 4391
5541 4391
5542 5502
5543 5502
5544 5506
5545 5506
5546 2323
5547 2323
5548 4225
5549 4225
5550 4886
5551 2326
5552 4280
5553 4763
5554 2326
5555 4224
5556 6358
5557 5364
5558 5365
5559 4744
5560 5365
5561 4744
5562 4886
5563 5365
5564 5365
5565 5365
5566 4744
5567 4744
5568 4744
5569 4886
5570 6282
5571 5010
5572 5365
5573 4878
5574 4754
5575 4755
5576 4755
5577 4755
5578 4336
5579 4336
5580 4336
5581 4391
5582 4391
5583 5504
5584 6093
5585 6093
5586 5504
5587 5578
5588 6138
5589 5504
5590 6138
5591 6128
5592 6093
5593 5849
5594 5506
5595 5502
5596 4391
5597 5502
5598 5506
5599 5506
5600 5504
5601 5504
5602 5504
5603 5506
5604 4391
5605 4391
5606 6047
5607 6047
5608 4744
5609 4744
5610 4391
5611 4391
5612 4391
5613 5578
5614 5578
5615 6042
5616 6042
5617 5616
5618 5616
5619 6047
5620 5755
5621 6138
5622 6138
5623 5504
5624 5504
5625 5504
5626 5504
5627 5723
5628 6047
5629 6093
5630 6093
5631 4391
5632 4391
5633 4391
5634 4391
5635 5506
5636 5506
5637 4391
5638 6138
5639 6138
5640 5578
5641 4391
5642 6041
5643 5010
5644 4743
5645 4225
5646 6358
5647 5616
5648 6041
5649 6041
5650 6093
5651 6042
5652 6041
5653 4391
5654 5504
5655 5504
5656 4391
5657 4391
5658 4280
5659 5506
5660 4391
5661 4391
5662 4886
5663 4886
5664 4886
5665 6093
5666 5755
5667 4886
5668 4744
5669 4744
5670 4886
5671 4391
5672 4391
5673 4391
5674 4391
5675 5506
5676 5755
5677 5755
5678 5755
5679 5755
5680 5755
5681 5755
5682 4391
5683 5504
5684 2067
5685 4391
5686 2283
5687 6358
5688 6359
5689 6356
5690 6359
5691 6359
5692 6358
5693 5755
5694 5755
5695 5010
5696 5010
5697 4755
5698 4391
5699 2305
5700 4391
5701 4391
5702 4744
5703 4791
5704 4791
5705 4850
5706 5755
5707 6047
5708 6047
5709 4756
5710 4756
5711 4756
5712 4755
5713 4756
5714 4168
5715 2326
5716 4391
5717 4391
5718 4391
5719 5504
5720 5506
5721 5504
5722 6129
5723 6138
5724 6138
5725 4764
5726 2067
5727 2305
5728 2323
5729 5506
5730 6041
5731 5578
5732 5504
5733 5755
5734 5755
5735 6138
5736 5504
5737 6093
5738 6047
5739 5504
5740 4744
5741 5755
5742 5755
5743 5755
5744 5755
5745 4391
5746 2323
5747 4862
5748 4763
5749 4755
5750 5578
5751 5578
5752 5578
5753 5578
5754 6042
5755 6047
5756 5755
5757 5755
5758 5755
5759 5755
5760 5755
5761 5755
5762 5818
5763 5755
5764 5660
5765 5660
5766 5661
5767 5660
5768 5660
5769 5661
5770 5661
5771 5661
5772 5660
5773 5661
5774 5661
5775 5661
5776 5661
5777 5660
5778 5660
5779 5661
5780 5661
5781 5661
5782 5661
5783 5755
5784 5660
5785 5661
5786 5661
5787 5660
5788 5661
5789 5661
5790 5660
5791 5661
5792 5755
5793 5755
5794 5661
5795 5661
5796 5661
5797 5661
5798 5661
5799 5661
5800 5661
5801 5661
5802 5755
5803 5755
5804 5755
5805 5660
5806 5818
5807 5818
5808 5660
5809 5660
5810 5661
5811 5661
5812 5661
5813 5661
5814 5661
5815 5661
5816 5661
5817 5661
5818 5759
5819 5759
5820 5759
5821 5818
5822 5693
5823 5759
5824 5755
5825 5755
5826 5759
5827 5818
5828 5735
5829 5735
5830 6093
5831 6093
5832 6093
5833 6047
5834 5759
5835 5755
5836 5735
5837 5735
5838 5759
5839 5759
5840 5624
5841 6093
5842 5624
5843 5755
5844 5755
5845 6047
5846 6047
5847 5590
5848 5722
5849 5648
5850 5755
5851 5759
5852 5786
5853 5773
5854 5810
5855 5786
5856 5759
5857 5759
5858 5789
5859 5789
5860 5789
5861 6047
5862 5789
5863 5769
5864 5810
5865 5786
5866 5789
5867 5789
5868 5663
5869 5663
5870 5663
5871 5663
5872 5663
5873 5663
5874 5663
5875 5663
5876 5740
5877 5740
5878 5689
5879 5702
5880 5689
5881 5689
5882 5740
5883 5702
5884 5740
5885 5689
5886 5689
5887 5689
5888 5689
5889 5689
5890 5689
5891 5689
5892 5740
5893 5663
5894 5740
5895 5689
5896 5689
5897 5740
5898 5689
5899 5689
5900 5740
5901 5689
5902 5663
5903 5663
5904 5689
5905 5689
5906 5689
5907 5689
5908 5702
5909 5689
5910 5702
5911 5689
5912 5689
5913 5689
5914 5663
5915 5663
5916 5533
5917 5740
5918 5533
5919 5533
5920 5702
5921 5740
5922 5689
5923 5689
5924 5689
5925 5689
5926 5689
5927 5689
5928 5689
5929 5689
5930 5759
5931 5759
5932 5818
5933 5818
5934 5759
5935 5759
5936 5755
5937 5755
5938 5755
5939 5755
5940 5755
5941 5755
5942 6047
5943 6047
5944 5759
5945 5755
5946 5755
5947 5755
5948 5818
5949 5818
5950 6047
5951 6047
5952 6047
5953 5755
5954 5755
5955 6047
5956 5951
5957 5755
5958 5735
5959 5755
5960 5755
5961 5755
5962 5773
5963 5706
5964 5706
5965 5773
5966 5755
5967 5693
5968 5810
5969 5773
5970 5789
5971 5590
5972 5951
5973 5773
5974 5810
5975 5706
5976 5773
5977 5777
5978 5765
5979 5786
5980 5786
5981 5786
5982 5786
5983 5786
5984 5786
5985 5786
5986 5786
5987 5663
5988 5663
5989 5740
5990 5740
5991 5740
5992 5740
5993 5663
5994 5663
5995 5663
5996 5740
5997 5740
5998 5740
5999 5740
6000 5663
6001 5689
6002 5689
6003 5663
6004 5663
6005 5740
6006 5740
6007 5689
6008 5740
6009 5740
6010 5689
6011 5663
6012 5740
6013 5786
6014 5786
6015 5740
6016 5689
6017 5689
6018 5689
6019 5740
6020 5740
6021 5740
6022 5740
6023 5689
6024 5740
6025 5786
6026 5786
6027 5786
6028 5663
6029 5786
6030 5663
6031 5663
6032 5663
6033 5740
6034 5740
6035 5740
6036 5740
6037 5689
6038 5689
6039 5740
6040 5740
6041 5590
6042 5755
6043 5755
6044 5755
6045 5755
6046 5755
6047 5755
6048 5755
6049 5755
6050 5755
6051 5755
6052 5590
6053 5951
6054 6042
6055 5624
6056 5504
6057 5504
6058 5578
6059 5849
6060 5755
6061 5755
6062 5624
6063 5624
6064 5755
6065 5755
6066 5504
6067 5849
6068 6041
6069 5849
6070 6077
6071 5624
6072 5624
6073 5849
6074 5849
6075 6047
6076 5707
6077 5951
6078 5624
6079 5755
6080 5755
6081 5755
6082 5755
6083 5755
6084 5755
6085 5755
6086 5755
6087 5755
6088 5755
6089 5849
6090 5755
6091 5755
6092 5755
6093 5755
6094 5755
6095 5755
6096 5818
6097 5818
6098 5818
6099 5818
6100 5818
6101 5818
6102 5818
6103 5818
6104 5818
6105 5759
6106 5765
6107 5778
6108 5778
6109 5765
6110 5759
6111 5759
6112 5759
6113 5778
6114 5778
6115 5765
6116 5778
6117 5759
6118 5773
6119 5773
6120 5818
6121 5818
6122 5778
6123 5765
6124 5773
6125 5759
6126 5778
6127 5773
6128 5759
6129 5778
6130 5818
6131 5818
6132 5773
6133 5773
6134 5773
6135 5773
6136 5778
6137 5765
6138 5759
6139 5778
6140 5773
6141 5765
6142 5818
6143 5818
6144 5818
6145 5759
6146 5818
6147 5818
6148 5759
6149 5759
6150 5778
6151 5778
6152 5778
6153 5773
6154 5773
6155 5773
6156 5773
6157 5773
6158 5504
6159 2323
6160 2323
6161 4755
6162 2323
6163 4755
6164 4755
6165 4755
6166 2324
6167 2323
6168 4755
6169 2323
6170 2323
6171 4755
6172 4755
6173 4755
6174 2323
6175 2323
6176 2305
6177 2323
6178 2305
6179 2324
6180 2305
6181 2305
6182 2324
6183 2323
6184 2305
6185 2305
6186 2324
6187 2305
6188 2324
6189 2324
6190 2324
6191 2324
6192 2324
6193 2323
6194 2323
6195 2323
6196 2324
6197 2324
6198 2323
6199 2324
6200 2324
6201 2323
6202 2324
6203 2323
6204 4755
6205 2324
6206 2324
6207 2324
6208 2305
6209 2324
6210 2324
6211 2305
6212 2324
6213 2324
6214 2324
6215 2323
6216 2323
6217 2323
6218 2323
6219 2323
6220 2323
6221 2305
6222 2305
6223 2324
6224 2324
6225 2324
6226 2324
6227 2324
6228 2324
6229 2324
6230 2324
6231 5504
6232 5504
6233 5506
6234 4391
6235 4391
6236 5502
6237 5506
6238 5504
6239 4391
6240 3642
6241 3642
6242 3642
6243 3642
6244 3642
6245 3642
6246 3642
6247 3642
6248 3642
6249 3642
6250 3642
6251 3642
6252 3642
6253 3642
6254 3642
6255 3642
6256 3642
6257 3642
6258 3642
6259 3642
6260 3642
6261 3642
6262 3642
6263 3642
6264 3642
6265 3642
6266 3642
6267 3642
6268 3642
6269 3642
6270 3642
6271 3642
6272 3642
6273 4782
6274 2872
6275 3642
6276 3642
6277 3642
6278 3642
6279 3642
6280 3015
6281 3015
6282 4738
6283 3498
6284 4290
6285 3504
6286 2831
6287 798
6288 1324
6289 5170
6290 5086
6291 4285
6292 4285
6293 5097
6294 6545
6295 4143
6296 4820
6297 1248
6298 798
6299 1251
6300 5135
6301 4964
6302 6287
6303 6287
6304 2827
6305 2827
6306 4286
6307 4674
6308 5087
6309 4674
6310 2827
6311 2827
6312 4674
6313 2813
6314 6274
6315 3066
6316 3066
6317 4773
6318 5294
6319 5347
6320 6462
6321 5352
6322 4092
6323 6462
6324 4136
6325 2853
6326 6321
6327 2853
6328 2853
6329 4122
6330 5304
6331 4719
6332 751
6333 1300
6334 5170
6335 4791
6336 748
6337 748
6338 1304
6339 1817
6340 607
6341 1811
6342 5110
6343 588
6344 608
6345 1811
6346 608
6347 608
6348 711
6349 6348
6350 6348
6351 4727
6352 6348
6353 5310
6354 4122
6355 6316
6356 4826
6357 6479
6358 6479
6359 1256
6360 2853
6361 6401
6362 6459
6363 3483
6364 2854
6365 750
6366 751
6367 1311
6368 5252
6369 5252
6370 5259
6371 5251
6372 2914
6373 888
6374 5041
6375 5259
6376 5259
6377 5199
6378 5070
6379 5252
6380 6381
6381 3160
6382 2923
6383 5070
6384 6381
6385 5252
6386 5252
6387 6389
6388 6376
6389 6377
6390 749
6391 751
6392 3026
6393 931
6394 3026
6395 3007
6396 931
6397 896
6398 931
6399 2951
6400 728
6401 1828
6402 5351
6403 5352
6404 5352
6405 5348
6406 5347
6407 1822
6408 693
6409 931
6410 931
6411 6391
6412 752
6413 6498
6414 1255
6415 752
6416 752
6417 3026
6418 752
6419 2853
6420 2932
6421 3026
6422 3007
6423 931
6424 694
6425 930
6426 930
6427 693
6428 695
6429 931
6430 2997
6431 804
6432 805
6433 4162
6434 6402
6435 6321
6436 6321
6437 6879
6438 6406
6439 4162
6440 4162
6441 4162
6442 6406
6443 5292
6444 6406
6445 6459
6446 6406
6447 5348
6448 5352
6449 6462
6450 6462
6451 6459
6452 6401
6453 6459
6454 5317
6455 5352
6456 3026
6457 2997
6458 1825
6459 5348
6460 5348
6461 5351
6462 5347
6463 5289
6464 1242
6465 931
6466 3026
6467 5285
6468 5310
6469 5310
6470 5310
6471 5148
6472 890
6473 801
6474 3124
6475 2827
6476 749
6477 4982
6478 5335
6479 5317
6480 5317
6481 4122
6482 4122
6483 6406
6484 6459
6485 4162
6486 6459
6487 4980
6488 4980
6489 5321
6490 6323
6491 4126
6492 461
6493 143
6494 3793
6495 6494
6496 3061
6497 4058
6498 3015
6499 6501
6500 698
6501 697
6502 6502
6503 6499
6504 835
6505 897
6506 854
6507 854
6508 1446
6509 3088
6510 1786
6511 834
6512 853
6513 854
6514 1786
6515 6555
6516 835
6517 1499
6518 3134
6519 854
6520 870
6521 5252
6522 3123
6523 5249
6524 5252
6525 5249
6526 1159
6527 1160
6528 3134
6529 1205
6530 1247
6531 3090
6532 3090
6533 1550
6534 3484
6535 3121
6536 1804
6537 5249
6538 1247
6539 3475
6540 3091
6541 3091
6542 5249
6543 5252
6544 5251
6545 6387
6546 993
6547 1360
6548 2773
6549 913
6550 1479
6551 3088
6552 854
6553 944
6554 3475
6555 870
6556 944
6557 1479
6558 1160
6559 1479
6560 1479
6561 3136
6562 1499
6563 4972
6564 3134
6565 4319
6566 5249
6567 1804
6568 5249
6569 1804
6570 5252
6571 1803
6572 5249
6573 5249
6574 1094
6575 1115
6576 1118
6577 1094
6578 1470
6579 1470
6580 1470
6581 1107
6582 1107
6583 1470
6584 1530
6585 1107
6586 1107
6587 1530
6588 1089
6589 1111
6590 1107
6591 1111
6592 1465
6593 1115
6594 1076
6595 1076
6596 1470
6597 1118
6598 1131
6599 1117
6600 1531
6601 1531
6602 1531
6603 1531
6604 1531
6605 1076
6606 1531
6607 1531
6608 1531
6609 1131
6610 1131
6611 3311
6612 3311
6613 3311
6614 3311
6615 3279
6616 3292
6617 3282
6618 3282
6619 3236
6620 3237
6621 3237
6622 3236
6623 3292
6624 3294
6625 3294
6626 3294
6627 3311
6628 3311
6629 3311
6630 3311
6631 3318
6632 3282
6633 3292
6634 3336
6635 3294
6636 3294
6637 3336
6638 3337
6639 3282
6640 3318
6641 3292
6642 3236
6643 3237
6644 3311
6645 3237
6646 3236
6647 3236
6648 3292
6649 3282
6650 3236
6651 3236
6652 3313
6653 3236
6654 3311
6655 3311
6656 3311
6657 3311
6658 3236
6659 3311
6660 3311
6661 3237
6662 3236
6663 3311
6664 3311
6665 3311
6666 3311
6667 3292
6668 3237
6669 3237
6670 3292
6671 3311
6672 3236
6673 3311
6674 3311
6675 3237
6676 3311
6677 3237
6678 3282
6679 3340
6680 3339
6681 3318
6682 3318
6683 3294
6684 3318
6685 3294
6686 3294
6687 3318
6688 3294
6689 3318
6690 3340
6691 3343
6692 3340
6693 3292
6694 3398
6695 3282
6696 3340
6697 3398
6698 3318
6699 3237
6700 3279
6701 3282
6702 3236
6703 3336
6704 3318
6705 3311
6706 3311
6707 3236
6708 3237
6709 3311
6710 3294
6711 3336
6712 3311
6713 3339
6714 3294
6715 3365
6716 3364
6717 3294
6718 3364
6719 1465
6720 1115
6721 1465
6722 1107
6723 1115
6724 1131
6725 1104
6726 1531
6727 1532
6728 1116
6729 1130
6730 1130
6731 1130
6732 1130
6733 1130
6734 1532
6735 1532
6736 3365
6737 3400
6738 3400
6739 3365
6740 3400
6741 3400
6742 3400
6743 3400
6744 3400
6745 3404
6746 3401
6747 3404
6748 3401
6749 3414
6750 3365
6751 3400
6752 3365
6753 3400
6754 3365
6755 3388
6756 3388
6757 3404
6758 3400
6759 3388
6760 3400
6761 3388
6762 3404
6763 3388
6764 3334
6765 3198
6766 3200
6767 3333
6768 3334
6769 3334
6770 3321
6771 3200
6772 3435
6773 3177
6774 3198
6775 3190
6776 3208
6777 3201
6778 3177
6779 3175
6780 1121
6781 1121
6782 3205
6783 3208
6784 3190
6785 3185
6786 3188
6787 3204
6788 3188
6789 3204
6790 3197
6791 3197
6792 3186
6793 3186
6794 3186
6795 3185
6796 3204
6797 3334
6798 3334
6799 3320
6800 3320
6801 3321
6802 3322
6803 3327
6804 3208
6805 3323
6806 3417
6807 3327
6808 3326
6809 3204
6810 3188
6811 3205
6812 3185
6813 3188
6814 3208
6815 1121
6816 1121
6817 3186
6818 3186
6819 3395
6820 3433
6821 3435
6822 3330
6823 3208
6824 3208
6825 3208
6826 3208
6827 3208
6828 3208
6829 3208
6830 3330
6831 3208
6832 1132
6833 1133
6834 1130
6835 1130
6836 1130
6837 3417
6838 3395
6839 3395
6840 3395
6841 3392
6842 3393
6843 3393
6844 3432
6845 3436
6846 3436
6847 3434
6848 3329
6849 3330
6850 3330
6851 3330
6852 3330
6853 3330
6854 3330
6855 3330
6856 3330
6857 3330
6858 3208
6859 3330
6860 3208
6861 3330
6862 3330
6863 3330
6864 3330
6865 3330
6866 3330
6867 3330
6868 3330
6869 1532
6870 1021
6871 1021
6872 1021
6873 1479
6874 4290
6875 4285
6876 4285
6877 897
6878 5087
6879 5348
6880 3711
6881 4032
6882 4025
6883 4025
6884 4025
6885 5242
6886 4032
6887 4032
6888 3711
6889 3976
