0 379
1 537
2 4179
3 4063
4 4145
5 3926
6 3926
7 4135
8 4145
9 3926
10 3926
11 4081
12 418
13 418
14 494
15 494
16 379
17 4168
18 379
19 4168
20 379
21 379
22 4168
23 4168
24 379
25 494
26 494
27 494
28 4168
29 379
30 4168
31 4167
32 379
33 4167
34 418
35 379
36 4168
37 379
38 4411
39 4168
40 4168
41 4168
42 4168
43 4167
44 487
45 510
46 510
47 510
48 512
49 4168
50 4168
51 379
52 4168
53 379
54 379
55 379
56 379
57 4168
58 4159
59 510
60 531
61 4168
62 4168
63 379
64 4168
65 512
66 4168
67 4168
68 4167
69 4431
70 4164
71 4168
72 4431
73 3926
74 4168
75 379
76 4168
77 4168
78 4167
79 4167
80 4431
81 4431
82 4135
83 4168
84 4167
85 4158
86 4179
87 4179
88 4158
89 379
90 494
91 418
92 379
93 494
94 379
95 494
96 494
97 512
98 379
99 418
100 379
101 494
102 494
103 494
104 494
105 487
106 512
107 510
108 512
109 512
110 487
111 510
112 510
113 510
114 510
115 512
116 510
117 510
118 510
119 512
120 510
121 487
122 487
123 510
124 510
125 537
126 4411
127 510
128 4168
129 537
130 4168
131 537
132 4411
133 510
134 510
135 512
136 510
137 548
138 537
139 537
140 537
141 537
142 537
143 537
144 510
145 4168
146 487
147 487
148 512
149 510
150 510
151 4168
152 537
153 537
154 537
155 4168
156 510
157 537
158 537
159 512
160 510
161 510
162 531
163 537
164 4411
165 537
166 510
167 510
168 487
169 487
170 510
171 4168
172 537
173 537
174 537
175 537
176 537
177 4411
178 4411
179 537
180 4411
181 4411
182 4190
183 4411
184 537
185 4433
186 537
187 537
188 537
189 537
190 537
191 537
192 537
193 4411
194 537
195 537
196 537
197 4168
198 4168
199 537
200 537
201 537
202 537
203 537
204 537
205 4433
206 537
207 537
208 537
209 537
210 537
211 537
212 4411
213 537
214 4411
215 4179
216 4081
217 4798
218 4179
219 548
220 510
221 4168
222 537
223 537
224 4190
225 4179
226 4433
227 4433
228 4433
229 537
230 4190
231 4190
232 4179
233 537
234 537
235 537
236 537
237 4433
238 537
239 537
240 4190
241 4179
242 537
243 548
244 537
245 537
246 537
247 537
248 537
249 537
250 4439
251 5006
252 3940
253 4986
254 5015
255 5015
256 43
257 4994
258 43
259 5015
260 4959
261 5015
262 4959
263 4439
264 4439
265 4439
266 4439
267 4439
268 4439
269 5042
270 5006
271 5006
272 4439
273 3960
274 5006
275 4439
276 4439
277 4439
278 4439
279 4439
280 5006
281 5002
282 5002
283 5006
284 5006
285 5042
286 3960
287 5006
288 5006
289 5006
290 5006
291 5002
292 5002
293 5006
294 4439
295 4439
296 4439
297 3960
298 3960
299 4439
300 5042
301 5006
302 5006
303 5006
304 5006
305 5006
306 5006
307 5006
308 5006
309 5006
310 5042
311 3960
312 3960
313 5006
314 5006
315 5006
316 3960
317 4057
318 5006
319 5006
320 8
321 5006
322 5042
323 4057
324 9
325 43
326 5006
327 5006
328 5002
329 5006
330 5006
331 5002
332 43
333 5042
334 4994
335 5002
336 5042
337 5042
338 5002
339 5002
340 43
341 3960
342 4439
343 4439
344 4439
345 4439
346 4439
347 4439
348 4439
349 4439
350 5006
351 4439
352 3960
353 4439
354 4439
355 4439
356 4439
357 4439
358 3940
359 4439
360 4439
361 4439
362 4439
363 4439
364 3940
365 3940
366 3940
367 3940
368 3940
369 4439
370 4439
371 4439
372 3940
373 4439
374 3940
375 4439
376 4439
377 5006
378 3960
379 5006
380 3940
381 5006
382 4057
383 5006
384 3940
385 4439
386 4439
387 4439
388 4439
389 3960
390 3960
391 4439
392 4439
393 4439
394 3940
395 4439
396 4439
397 4439
398 3940
399 5006
400 3960
401 5006
402 5006
403 3960
404 3960
405 5006
406 4439
407 3960
408 4439
409 3960
410 3960
411 4057
412 3960
413 4057
414 4057
415 5006
416 4439
417 3940
418 4439
419 4439
420 4439
421 3940
422 4439
423 4439
424 4439
425 4439
426 5006
427 5006
428 5006
429 5006
430 5006
431 5006
432 4439
433 8
434 5006
435 5006
436 5006
437 5006
438 5006
439 5006
440 4439
441 4439
442 4439
443 5006
444 5006
445 4439
446 4439
447 3960
448 5006
449 5006
450 5006
451 4057
452 4439
453 5006
454 5006
455 5006
456 5006
457 5006
458 5006
459 3960
460 3960
461 5006
462 5006
463 5006
464 5006
465 5006
466 8
467 43
468 5002
469 5006
470 3940
471 3940
472 4439
473 4439
474 4439
475 8
476 8
477 5006
478 5006
479 5006
480 5006
481 5006
482 8
483 8
484 5006
485 5006
486 5006
487 5006
488 5006
489 5006
490 5006
491 5002
492 5042
493 5002
494 5006
495 5006
496 5006
497 5006
498 5006
499 5006
500 5006
501 4363
502 1322
503 1423
504 4376
505 1322
506 4371
507 10
508 5004
509 62
510 5065
511 62
512 5026
513 4363
514 4379
515 4376
516 1504
517 4814
518 1376
519 1524
520 4371
521 1452
522 1414
523 4367
524 1322
525 1414
526 4371
527 4373
528 1528
529 3771
530 3779
531 4735
532 1326
533 4363
534 4372
535 1414
536 3730
537 1485
538 3926
539 3860
540 3779
541 3751
542 1134
543 1326
544 1326
545 1120
546 1452
547 1326
548 4363
549 1414
550 1452
551 3751
552 3779
553 4735
554 4359
555 4735
556 1326
557 1326
558 1504
559 3730
560 4812
561 1062
562 4766
563 1062
564 1062
565 4811
566 4359
567 4739
568 1326
569 4766
570 4766
571 4812
572 1452
573 1476
574 1134
575 4355
576 4371
577 1452
578 4355
579 4811
580 4359
581 3860
582 3860
583 3779
584 3779
585 3779
586 3730
587 4379
588 1528
589 4376
590 1504
591 3751
592 4355
593 1476
594 4355
595 3779
596 3855
597 3855
598 3855
599 3855
600 4355
601 1476
602 1452
603 1475
604 1475
605 1475
606 1504
607 4372
608 3296
609 1514
610 4363
611 1528
612 5026
613 5004
614 5004
615 5026
616 84
617 5026
618 45
619 5066
620 5025
621 84
622 5079
623 84
624 5073
625 5073
626 45
627 5066
628 4963
629 5077
630 5079
631 5079
632 5079
633 5079
634 5079
635 4963
636 5084
637 4963
638 4963
639 4963
640 5077
641 77
642 5079
643 5079
644 5079
645 5079
646 5079
647 5079
648 5084
649 5084
650 5084
651 4963
652 5079
653 77
654 5079
655 77
656 5079
657 4963
658 5078
659 77
660 166
661 77
662 5079
663 5079
664 77
665 77
666 166
667 77
668 77
669 77
670 77
671 5079
672 5079
673 5079
674 5079
675 5079
676 5077
677 5026
678 5079
679 5077
680 4963
681 4963
682 4963
683 4963
684 4963
685 5078
686 5084
687 5058
688 5070
689 5084
690 4963
691 4963
692 4963
693 4963
694 5019
695 4963
696 4963
697 4963
698 4963
699 5077
700 5019
701 5019
702 4963
703 5019
704 5084
705 5084
706 4963
707 4963
708 5084
709 5079
710 749
711 749
712 749
713 749
714 749
715 749
716 749
717 749
718 4406
719 749
720 749
721 116
722 749
723 749
724 749
725 749
726 749
727 749
728 749
729 749
730 749
731 749
732 749
733 7
734 4861
735 749
736 749
737 749
738 749
739 749
740 749
741 749
742 749
743 4861
744 749
745 4830
746 4861
747 4829
748 4861
749 749
750 749
751 749
752 749
753 749
754 749
755 4861
756 749
757 749
758 7
759 4861
760 4861
761 4861
762 4861
763 4830
764 4861
765 749
766 749
767 5104
768 4406
769 4830
770 4861
771 4861
772 4861
773 304
774 5104
775 5104
776 4861
777 4406
778 332
779 5109
780 332
781 304
782 5104
783 332
784 332
785 5104
786 304
787 4861
788 4861
789 4861
790 4861
791 304
792 4829
793 1571
794 1586
795 306
796 1711
797 5194
798 1530
799 1530
800 1728
801 1775
802 4586
803 5194
804 4600
805 1831
806 1749
807 1530
808 1688
809 1831
810 1601
811 1571
812 5098
813 1483
814 1571
815 1571
816 5194
817 360
818 1711
819 1688
820 1616
821 1530
822 1711
823 1483
824 1513
825 1554
826 1601
827 1711
828 1562
829 1727
830 1638
831 1523
832 1601
833 1530
834 1523
835 1401
836 1411
837 1401
838 1530
839 1554
840 1601
841 5194
842 1728
843 5194
844 5194
845 1601
846 382
847 1483
848 5194
849 306
850 1760
851 1728
852 5194
853 5194
854 1616
855 1778
856 1729
857 5194
858 1523
859 1401
860 1562
861 1616
862 1571
863 1616
864 1711
865 5098
866 5098
867 5098
868 5098
869 360
870 330
871 1513
872 5194
873 1727
874 360
875 1749
876 5098
877 1727
878 382
879 5098
880 1681
881 1616
882 1778
883 1562
884 1586
885 1411
886 1513
887 1523
888 1530
889 1582
890 992
891 1154
892 1092
893 992
894 992
895 992
896 1149
897 992
898 5138
899 1092
900 1222
901 1092
902 1092
903 5138
904 5138
905 4622
906 5138
907 1582
908 1092
909 5138
910 1092
911 2796
912 1149
913 1162
914 1192
915 1149
916 4674
917 1092
918 1092
919 1092
920 1092
921 1198
922 1038
923 1092
924 1092
925 1563
926 4628
927 4603
928 1103
929 1092
930 997
931 997
932 997
933 4673
934 4603
935 4603
936 1460
937 1198
938 4653
939 1460
940 1103
941 1092
942 1092
943 996
944 1092
945 1222
946 1198
947 1222
948 4698
949 4676
950 1460
951 1222
952 1460
953 1625
954 1573
955 1460
956 1709
957 4698
958 4628
959 1625
960 4685
961 4685
962 1103
963 4653
964 4653
965 4653
966 4622
967 5138
968 5138
969 5138
970 1092
971 1092
972 1460
973 1146
974 1092
975 1092
976 1092
977 1092
978 1103
979 996
980 1103
981 1103
982 1103
983 1092
984 1038
985 975
986 984
987 975
988 1092
989 1582
990 1582
991 1103
992 1092
993 1038
994 4685
995 1709
996 559
997 1582
998 1573
999 1103
1000 4653
1001 1198
1002 4653
1003 4653
1004 4653
1005 1103
1006 1092
1007 1092
1008 1092
1009 1484
1010 1625
1011 1573
1012 1103
1013 4616
1014 4616
1015 1222
1016 1222
1017 1484
1018 1103
1019 1198
1020 1103
1021 1563
1022 1002
1023 1582
1024 1548
1025 4698
1026 997
1027 992
1028 997
1029 4616
1030 1007
1031 992
1032 1222
1033 1162
1034 997
1035 4653
1036 997
1037 997
1038 997
1039 992
1040 1092
1041 992
1042 992
1043 992
1044 992
1045 1582
1046 1092
1047 1092
1048 1092
1049 1092
1050 1092
1051 1092
1052 1092
1053 1092
1054 1092
1055 992
1056 1073
1057 1038
1058 1038
1059 1092
1060 1092
1061 1092
1062 1092
1063 1092
1064 1092
1065 1038
1066 1038
1067 1038
1068 1061
1069 1092
1070 984
1071 1222
1072 1222
1073 1038
1074 1561
1075 1076
1076 1222
1077 5128
1078 997
1079 5133
1080 4675
1081 1222
1082 1222
1083 1092
1084 1103
1085 989
1086 992
1087 1092
1088 1222
1089 1222
1090 1222
1091 1198
1092 984
1093 1038
1094 1103
1095 1222
1096 1106
1097 1582
1098 4652
1099 4698
1100 4622
1101 4603
1102 997
1103 997
1104 1700
1105 1700
1106 996
1107 1664
1108 4685
1109 1582
1110 4698
1111 1411
1112 1015
1113 976
1114 975
1115 1092
1116 1092
1117 1944
1118 1437
1119 3533
1120 1656
1121 4600
1122 4537
1123 306
1124 354
1125 353
1126 353
1127 306
1128 384
1129 431
1130 1645
1131 4537
1132 1631
1133 1676
1134 384
1135 306
1136 3505
1137 4538
1138 4538
1139 1632
1140 5194
1141 1643
1142 1631
1143 4537
1144 1778
1145 1778
1146 5194
1147 1618
1148 1724
1149 5146
1150 1750
1151 4541
1152 1750
1153 354
1154 1674
1155 1703
1156 5194
1157 4537
1158 4541
1159 4537
1160 1631
1161 5194
1162 362
1163 362
1164 4600
1165 384
1166 4387
1167 380
1168 1610
1169 5193
1170 5194
1171 5146
1172 456
1173 4537
1174 1778
1175 1778
1176 1749
1177 1778
1178 1728
1179 366
1180 5194
1181 5194
1182 5193
1183 1831
1184 372
1185 5193
1186 1143
1187 1034
1188 587
1189 1700
1190 541
1191 587
1192 1092
1193 1092
1194 5138
1195 992
1196 587
1197 4674
1198 5138
1199 5138
1200 5138
1201 4622
1202 574
1203 528
1204 1154
1205 1200
1206 528
1207 376
1208 4147
1209 1664
1210 996
1211 1664
1212 1664
1213 996
1214 996
1215 975
1216 997
1217 1092
1218 1092
1219 1103
1220 996
1221 4673
1222 996
1223 1103
1224 5138
1225 5138
1226 5138
1227 5138
1228 992
1229 992
1230 1092
1231 574
1232 992
1233 4674
1234 587
1235 541
1236 541
1237 1333
1238 1143
1239 587
1240 4593
1241 5121
1242 4698
1243 4698
1244 481
1245 481
1246 472
1247 432
1248 1146
1249 460
1250 627
1251 599
1252 420
1253 582
1254 539
1255 587
1256 572
1257 576
1258 434
1259 3
1260 1310
1261 4651
1262 4603
1263 4641
1264 1582
1265 1460
1266 4603
1267 1767
1268 614
1269 4669
1270 397
1271 4593
1272 997
1273 997
1274 4603
1275 1563
1276 997
1277 4651
1278 4683
1279 1103
1280 996
1281 996
1282 1092
1283 608
1284 1200
1285 1709
1286 4685
1287 574
1288 1759
1289 614
1290 5121
1291 1685
1292 4698
1293 1685
1294 1146
1295 1296
1296 388
1297 4541
1298 4541
1299 1674
1300 4541
1301 456
1302 1690
1303 1655
1304 1689
1305 1690
1306 1786
1307 2727
1308 1154
1309 3463
1310 5117
1311 1741
1312 600
1313 1767
1314 1812
1315 1812
1316 609
1317 2784
1318 435
1319 609
1320 1800
1321 1717
1322 4683
1323 1812
1324 1800
1325 417
1326 4562
1327 463
1328 655
1329 431
1330 519
1331 662
1332 4562
1333 488
1334 1771
1335 1821
1336 1667
1337 1703
1338 3297
1339 3463
1340 431
1341 380
1342 1915
1343 1800
1344 1866
1345 1866
1346 2020
1347 4568
1348 1663
1349 1821
1350 4575
1351 4577
1352 1705
1353 1738
1354 1821
1355 1792
1356 1779
1357 603
1358 584
1359 2099
1360 674
1361 1030
1362 1026
1363 1214
1364 1085
1365 1214
1366 1108
1367 1043
1368 1012
1369 1088
1370 1108
1371 1114
1372 1118
1373 1118
1374 2263
1375 2297
1376 2272
1377 2339
1378 2464
1379 1049
1380 1049
1381 1039
1382 731
1383 757
1384 757
1385 632
1386 619
1387 708
1388 829
1389 951
1390 829
1391 993
1392 792
1393 903
1394 787
1395 2015
1396 750
1397 768
1398 754
1399 629
1400 604
1401 4382
1402 642
1403 1942
1404 1918
1405 654
1406 642
1407 1942
1408 4578
1409 2020
1410 4321
1411 1938
1412 1823
1413 636
1414 1800
1415 4689
1416 1877
1417 2015
1418 1800
1419 4321
1420 1763
1421 1833
1422 1673
1423 1892
1424 652
1425 4346
1426 4562
1427 4559
1428 4570
1429 1705
1430 4346
1431 1791
1432 1663
1433 1689
1434 1750
1435 4538
1436 1689
1437 5169
1438 1761
1439 1750
1440 1703
1441 1719
1442 1719
1443 1750
1444 4538
1445 1655
1446 1674
1447 1736
1448 573
1449 1941
1450 571
1451 606
1452 689
1453 675
1454 4325
1455 4325
1456 2020
1457 1811
1458 615
1459 4541
1460 1686
1461 1666
1462 1666
1463 675
1464 639
1465 639
1466 646
1467 615
1468 1692
1469 1686
1470 662
1471 1692
1472 1877
1473 1686
1474 676
1475 609
1476 1866
1477 1851
1478 1763
1479 1866
1480 1851
1481 615
1482 1866
1483 4601
1484 1856
1485 1703
1486 5146
1487 469
1488 1703
1489 665
1490 731
1491 1900
1492 1910
1493 513
1494 555
1495 692
1496 495
1497 519
1498 467
1499 1855
1500 662
1501 5174
1502 1892
1503 1836
1504 5141
1505 2020
1506 1836
1507 1894
1508 4562
1509 1792
1510 1924
1511 1750
1512 4634
1513 4541
1514 947
1515 1944
1516 330
1517 1146
1518 1034
1519 366
1520 306
1521 947
1522 361
1523 947
1524 345
1525 376
1526 1724
1527 947
1528 1437
1529 947
1530 947
1531 359
1532 1733
1533 1192
1534 989
1535 330
1536 319
1537 1733
1538 1011
1539 1034
1540 1149
1541 989
1542 1333
1543 330
1544 967
1545 3297
1546 285
1547 330
1548 989
1549 330
1550 1724
1551 947
1552 947
1553 947
1554 220
1555 1724
1556 888
1557 359
1558 359
1559 333
1560 392
1561 392
1562 2319
1563 2051
1564 989
1565 330
1566 1034
1567 359
1568 300
1569 310
1570 310
1571 359
1572 340
1573 1816
1574 967
1575 340
1576 285
1577 255
1578 330
1579 1724
1580 2124
1581 247
1582 1523
1583 1554
1584 1530
1585 1616
1586 271
1587 1554
1588 354
1589 1586
1590 1586
1591 1650
1592 1411
1593 1586
1594 1411
1595 1530
1596 1601
1597 1554
1598 1554
1599 1411
1600 1616
1601 271
1602 1411
1603 2776
1604 271
1605 1411
1606 1401
1607 1411
1608 2776
1609 1411
1610 208
1611 2796
1612 2776
1613 231
1614 271
1615 247
1616 1562
1617 247
1618 340
1619 1530
1620 271
1621 1401
1622 1411
1623 247
1624 1437
1625 1411
1626 1411
1627 2776
1628 1411
1629 1411
1630 1411
1631 1411
1632 1523
1633 1554
1634 1554
1635 1554
1636 1554
1637 1401
1638 1401
1639 1411
1640 1401
1641 2796
1642 2796
1643 2796
1644 2796
1645 2796
1646 2796
1647 2796
1648 2796
1649 2802
1650 2802
1651 836
1652 2796
1653 2796
1654 2796
1655 843
1656 902
1657 935
1658 927
1659 935
1660 935
1661 559
1662 559
1663 526
1664 500
1665 4673
1666 997
1667 1076
1668 935
1669 1582
1670 526
1671 1025
1672 1025
1673 902
1674 902
1675 935
1676 910
1677 981
1678 2796
1679 975
1680 888
1681 836
1682 935
1683 927
1684 1025
1685 1033
1686 935
1687 935
1688 843
1689 902
1690 843
1691 2796
1692 935
1693 902
1694 2796
1695 2796
1696 843
1697 1092
1698 2796
1699 935
1700 902
1701 4092
1702 3464
1703 3464
1704 3656
1705 3656
1706 3656
1707 3656
1708 3656
1709 3831
1710 3656
1711 3831
1712 4041
1713 4041
1714 4041
1715 3849
1716 3831
1717 4041
1718 3656
1719 260
1720 4092
1721 224
1722 2802
1723 2802
1724 2682
1725 2802
1726 3831
1727 3849
1728 3375
1729 3831
1730 3656
1731 3656
1732 4041
1733 4092
1734 3831
1735 3656
1736 3656
1737 2802
1738 3251
1739 2699
1740 3849
1741 3251
1742 3464
1743 2802
1744 2796
1745 930
1746 2657
1747 308
1748 2682
1749 208
1750 2796
1751 2802
1752 3251
1753 2796
1754 3656
1755 3251
1756 2802
1757 2802
1758 3375
1759 2802
1760 2802
1761 836
1762 4041
1763 4041
1764 224
1765 3611
1766 3386
1767 3386
1768 3386
1769 3386
1770 3386
1771 3611
1772 3611
1773 3611
1774 3386
1775 3611
1776 3678
1777 3611
1778 3611
1779 3611
1780 3678
1781 3386
1782 3611
1783 3611
1784 3611
1785 3447
1786 2796
1787 2796
1788 3447
1789 2692
1790 3457
1791 3386
1792 2796
1793 3386
1794 3386
1795 3457
1796 3386
1797 3611
1798 3447
1799 3611
1800 3447
1801 3447
1802 3543
1803 3611
1804 3447
1805 3386
1806 3131
1807 959
1808 247
1809 409
1810 247
1811 3447
1812 2776
1813 3157
1814 3131
1815 3131
1816 3131
1817 3447
1818 3386
1819 3386
1820 3457
1821 3447
1822 3447
1823 3131
1824 3131
1825 1401
1826 3611
1827 3678
1828 3611
1829 4363
1830 4363
1831 1464
1832 1364
1833 1440
1834 1268
1835 1322
1836 1464
1837 1440
1838 1462
1839 1392
1840 1322
1841 1322
1842 1322
1843 1392
1844 1403
1845 1289
1846 1413
1847 1269
1848 1532
1849 1223
1850 1269
1851 1269
1852 1532
1853 2009
1854 1440
1855 1323
1856 1383
1857 1327
1858 2009
1859 1247
1860 1875
1861 1247
1862 1268
1863 1247
1864 1322
1865 1322
1866 1322
1867 1322
1868 1322
1869 1268
1870 1268
1871 4372
1872 4363
1873 1269
1874 1384
1875 1269
1876 1532
1877 1247
1878 1313
1879 1313
1880 2072
1881 1364
1882 1364
1883 1404
1884 1403
1885 1403
1886 1323
1887 1327
1888 1327
1889 1679
1890 1144
1891 1269
1892 1322
1893 1322
1894 1247
1895 4363
1896 1322
1897 1322
1898 1404
1899 1404
1900 1383
1901 1392
1902 1403
1903 1383
1904 4371
1905 1360
1906 4372
1907 1431
1908 1413
1909 1309
1910 1323
1911 1327
1912 1174
1913 1327
1914 2009
1915 4763
1916 1093
1917 1403
1918 1403
1919 1268
1920 1322
1921 1322
1922 1322
1923 1268
1924 1413
1925 1309
1926 1309
1927 1247
1928 1309
1929 1322
1930 4363
1931 4363
1932 4371
1933 1247
1934 1167
1935 1289
1936 1213
1937 1383
1938 1289
1939 2009
1940 1167
1941 1247
1942 1247
1943 1125
1944 1902
1945 1902
1946 1327
1947 1352
1948 1913
1949 1913
1950 1323
1951 1167
1952 1241
1953 1167
1954 1208
1955 1327
1956 1323
1957 1018
1958 1442
1959 1241
1960 1241
1961 1048
1962 1018
1963 1210
1964 1734
1965 1327
1966 2072
1967 1635
1968 1679
1969 1734
1970 1556
1971 1635
1972 1556
1973 1679
1974 1565
1975 1679
1976 1808
1977 1556
1978 1145
1979 1210
1980 985
1981 1453
1982 1048
1983 1313
1984 1309
1985 946
1986 1313
1987 1442
1988 1241
1989 1152
1990 1115
1991 1313
1992 1723
1993 1175
1994 1635
1995 1635
1996 1723
1997 1776
1998 1075
1999 1115
2000 926
2001 874
2002 1441
2003 1175
2004 994
2005 1075
2006 874
2007 1176
2008 985
2009 985
2010 926
2011 1556
2012 1209
2013 1348
2014 1241
2015 1327
2016 4751
2017 1219
2018 1145
2019 1219
2020 1442
2021 1453
2022 1723
2023 1442
2024 1175
2025 1210
2026 1902
2027 1565
2028 1635
2029 1635
2030 1679
2031 1556
2032 1902
2033 2072
2034 62
2035 62
2036 4395
2037 272
2038 273
2039 273
2040 46
2041 272
2042 239
2043 133
2044 133
2045 102
2046 83
2047 119
2048 335
2049 4395
2050 4929
2051 273
2052 324
2053 3533
2054 324
2055 324
2056 324
2057 4394
2058 4394
2059 258
2060 272
2061 4394
2062 272
2063 3533
2064 3533
2065 345
2066 288
2067 4991
2068 4944
2069 164
2070 4944
2071 273
2072 273
2073 149
2074 133
2075 288
2076 4990
2077 148
2078 102
2079 324
2080 335
2081 258
2082 319
2083 3533
2084 3533
2085 365
2086 3492
2087 349
2088 324
2089 324
2090 272
2091 148
2092 133
2093 3533
2094 3533
2095 3533
2096 3533
2097 3533
2098 3533
2099 3492
2100 3533
2101 335
2102 62
2103 46
2104 121
2105 83
2106 83
2107 119
2108 219
2109 133
2110 5028
2111 119
2112 177
2113 240
2114 4974
2115 148
2116 5025
2117 148
2118 5028
2119 366
2120 3533
2121 3533
2122 3533
2123 324
2124 309
2125 258
2126 3533
2127 3533
2128 3533
2129 4990
2130 288
2131 4395
2132 272
2133 121
2134 83
2135 5045
2136 5028
2137 2847
2138 3533
2139 292
2140 320
2141 10
2142 4929
2143 46
2144 119
2145 288
2146 4943
2147 339
2148 258
2149 288
2150 3533
2151 324
2152 3533
2153 2837
2154 4392
2155 324
2156 335
2157 373
2158 335
2159 377
2160 373
2161 335
2162 373
2163 335
2164 349
2165 335
2166 346
2167 2831
2168 3533
2169 335
2170 349
2171 3506
2172 335
2173 2784
2174 428
2175 2837
2176 2837
2177 415
2178 2784
2179 2784
2180 373
2181 431
2182 3533
2183 3544
2184 3533
2185 362
2186 3533
2187 384
2188 384
2189 384
2190 4387
2191 3533
2192 4387
2193 425
2194 3026
2195 3533
2196 4386
2197 2977
2198 2784
2199 4386
2200 2837
2201 2831
2202 2837
2203 452
2204 2837
2205 2784
2206 2837
2207 2784
2208 2784
2209 2784
2210 4387
2211 384
2212 362
2213 362
2214 456
2215 493
2216 476
2217 4551
2218 1738
2219 497
2220 2784
2221 468
2222 476
2223 2784
2224 2837
2225 496
2226 2837
2227 2837
2228 384
2229 476
2230 384
2231 425
2232 476
2233 4386
2234 377
2235 476
2236 425
2237 384
2238 425
2239 384
2240 4388
2241 377
2242 1918
2243 607
2244 4325
2245 642
2246 645
2247 1823
2248 4383
2249 1892
2250 1792
2251 2241
2252 2241
2253 2291
2254 2291
2255 2291
2256 2241
2257 2297
2258 2221
2259 2086
2260 1088
2261 1118
2262 1118
2263 1074
2264 1214
2265 1270
2266 1270
2267 1074
2268 924
2269 1039
2270 2411
2271 1049
2272 718
2273 2339
2274 2302
2275 2302
2276 936
2277 936
2278 1074
2279 1012
2280 958
2281 972
2282 958
2283 972
2284 972
2285 793
2286 958
2287 969
2288 2145
2289 2155
2290 2190
2291 2190
2292 2221
2293 2208
2294 2190
2295 2208
2296 2190
2297 2297
2298 2233
2299 2264
2300 2233
2301 871
2302 822
2303 814
2304 822
2305 994
2306 802
2307 773
2308 1019
2309 1088
2310 1010
2311 1043
2312 2643
2313 828
2314 965
2315 1039
2316 688
2317 693
2318 728
2319 691
2320 1964
2321 4699
2322 1907
2323 2069
2324 775
2325 1055
2326 1291
2327 1348
2328 2196
2329 2331
2330 1291
2331 1063
2332 1055
2333 1141
2334 1141
2335 965
2336 1453
2337 936
2338 1059
2339 696
2340 682
2341 661
2342 1176
2343 1219
2344 911
2345 812
2346 1039
2347 1453
2348 1188
2349 1188
2350 1348
2351 1453
2352 1219
2353 1075
2354 926
2355 1348
2356 577
2357 577
2358 577
2359 581
2360 566
2361 610
2362 626
2363 581
2364 757
2365 575
2366 577
2367 807
2368 821
2369 588
2370 630
2371 638
2372 588
2373 616
2374 630
2375 588
2376 630
2377 640
2378 647
2379 640
2380 640
2381 2628
2382 708
2383 708
2384 871
2385 871
2386 1010
2387 2781
2388 2643
2389 2742
2390 863
2391 2649
2392 1059
2393 2742
2394 2742
2395 2486
2396 2628
2397 2559
2398 2567
2399 2628
2400 2532
2401 2240
2402 2264
2403 2594
2404 2378
2405 2486
2406 1183
2407 2576
2408 1188
2409 2428
2410 773
2411 822
2412 861
2413 871
2414 871
2415 994
2416 1264
2417 1765
2418 979
2419 979
2420 979
2421 933
2422 958
2423 1012
2424 958
2425 972
2426 1012
2427 1012
2428 1074
2429 796
2430 796
2431 743
2432 753
2433 773
2434 786
2435 751
2436 788
2437 732
2438 734
2439 805
2440 926
2441 677
2442 770
2443 677
2444 722
2445 677
2446 699
2447 677
2448 876
2449 802
2450 2781
2451 2643
2452 2742
2453 2643
2454 708
2455 661
2456 708
2457 708
2458 796
2459 773
2460 796
2461 822
2462 718
2463 805
2464 763
2465 1075
2466 805
2467 861
2468 796
2469 796
2470 796
2471 661
2472 685
2473 708
2474 708
2475 708
2476 734
2477 748
2478 640
2479 682
2480 711
2481 711
2482 626
2483 621
2484 612
2485 626
2486 621
2487 708
2488 2233
2489 2155
2490 2291
2491 2411
2492 2221
2493 2190
2494 2145
2495 2233
2496 2190
2497 2172
2498 2241
2499 2172
2500 2155
2501 2233
2502 2263
2503 2263
2504 2264
2505 2264
2506 1042
2507 2417
2508 2464
2509 2272
2510 2317
2511 1168
2512 1118
2513 1088
2514 1088
2515 1114
2516 1171
2517 1104
2518 1088
2519 1039
2520 1161
2521 2339
2522 965
2523 1039
2524 1118
2525 1161
2526 2272
2527 2302
2528 924
2529 2302
2530 2429
2531 1039
2532 1088
2533 1253
2534 2221
2535 2297
2536 2241
2537 2291
2538 2302
2539 2353
2540 1161
2541 1176
2542 1074
2543 1270
2544 1214
2545 1168
2546 1104
2547 1214
2548 1214
2549 1129
2550 1137
2551 1066
2552 1253
2553 1280
2554 2346
2555 721
2556 703
2557 1845
2558 4623
2559 4623
2560 639
2561 1845
2562 1845
2563 660
2564 641
2565 1881
2566 675
2567 676
2568 678
2569 675
2570 686
2571 678
2572 641
2573 1907
2574 700
2575 798
2576 2067
2577 729
2578 750
2579 886
2580 705
2581 782
2582 752
2583 689
2584 676
2585 676
2586 729
2587 762
2588 700
2589 689
2590 729
2591 678
2592 721
2593 689
2594 700
2595 676
2596 719
2597 731
2598 575
2599 543
2600 673
2601 575
2602 575
2603 575
2604 532
2605 581
2606 610
2607 575
2608 532
2609 532
2610 532
2611 707
2612 717
2613 692
2614 667
2615 680
2616 650
2617 636
2618 672
2619 663
2620 442
2621 649
2622 475
2623 649
2624 592
2625 424
2626 625
2627 449
2628 449
2629 449
2630 449
2631 4623
2632 4623
2633 424
2634 424
2635 424
2636 420
2637 449
2638 420
2639 424
2640 424
2641 442
2642 442
2643 424
2644 424
2645 532
2646 532
2647 524
2648 524
2649 532
2650 532
2651 532
2652 524
2653 524
2654 684
2655 504
2656 684
2657 504
2658 452
2659 468
2660 476
2661 1751
2662 468
2663 493
2664 496
2665 1791
2666 1811
2667 489
2668 466
2669 466
2670 1751
2671 1738
2672 496
2673 476
2674 2784
2675 476
2676 476
2677 478
2678 459
2679 459
2680 452
2681 481
2682 557
2683 529
2684 534
2685 558
2686 540
2687 562
2688 525
2689 546
2690 1792
2691 552
2692 564
2693 552
2694 1924
2695 1792
2696 1751
2697 1780
2698 483
2699 1780
2700 509
2701 469
2702 486
2703 462
2704 4383
2705 551
2706 536
2707 536
2708 483
2709 466
2710 483
2711 520
2712 519
2713 519
2714 492
2715 495
2716 467
2717 499
2718 1836
2719 1836
2720 1869
2721 552
2722 552
2723 533
2724 509
2725 533
2726 497
2727 525
2728 525
2729 496
2730 2784
2731 3577
2732 459
2733 449
2734 449
2735 449
2736 468
2737 468
2738 459
2739 466
2740 472
2741 468
2742 1792
2743 4346
2744 1772
2745 493
2746 1780
2747 497
2748 509
2749 497
2750 509
2751 483
2752 485
2753 509
2754 475
2755 475
2756 478
2757 478
2758 459
2759 424
2760 424
2761 459
2762 442
2763 424
2764 420
2765 424
2766 424
2767 424
2768 449
2769 449
2770 449
2771 449
2772 449
2773 420
2774 449
2775 449
2776 449
2777 420
2778 424
2779 424
2780 424
2781 495
2782 467
2783 475
2784 475
2785 713
2786 863
2787 879
2788 708
2789 850
2790 834
2791 713
2792 706
2793 713
2794 796
2795 796
2796 711
2797 711
2798 640
2799 661
2800 588
2801 606
2802 626
2803 588
2804 621
2805 647
2806 638
2807 640
2808 682
2809 640
2810 504
2811 508
2812 508
2813 478
2814 475
2815 2346
2816 883
2817 2628
2818 2164
2819 2000
2820 2107
2821 829
2822 807
2823 824
2824 824
2825 824
2826 824
2827 903
2828 913
2829 878
2830 938
2831 903
2832 2346
2833 850
2834 777
2835 850
2836 782
2837 782
2838 782
2839 782
2840 834
2841 816
2842 816
2843 896
2844 850
2845 2370
2846 2446
2847 685
2848 616
2849 685
2850 821
2851 685
2852 807
2853 829
2854 829
2855 581
2856 577
2857 610
2858 807
2859 612
2860 616
2861 821
2862 821
2863 821
2864 825
2865 807
2866 850
2867 850
2868 616
2869 626
2870 524
2871 532
2872 575
2873 532
2874 575
2875 610
2876 610
2877 532
2878 532
2879 524
2880 524
2881 575
2882 577
2883 610
2884 543
2885 532
2886 616
2887 621
2888 612
2889 581
2890 575
2891 731
2892 575
2893 575
2894 532
2895 532
2896 532
2897 2065
2898 2145
2899 2065
2900 2100
2901 2263
2902 2190
2903 2155
2904 2221
2905 2297
2906 2263
2907 2190
2908 2100
2909 2145
2910 2106
2911 2155
2912 2155
2913 2145
2914 2145
2915 2190
2916 2155
2917 2145
2918 2302
2919 671
2920 688
2921 618
2922 604
2923 4325
2924 618
2925 677
2926 652
2927 724
2928 702
2929 727
2930 677
2931 699
2932 652
2933 1922
2934 618
2935 554
2936 590
2937 584
2938 623
2939 644
2940 644
2941 478
2942 629
2943 1924
2944 1924
2945 1918
2946 596
2947 596
2948 607
2949 589
2950 629
2951 618
2952 552
2953 579
2954 629
2955 579
2956 571
2957 568
2958 511
2959 519
2960 520
2961 504
2962 495
2963 492
2964 504
2965 495
2966 549
2967 549
2968 1836
2969 596
2970 4325
2971 1869
2972 5147
2973 478
2974 475
2975 4611
2976 1890
2977 1845
2978 1812
2979 1890
2980 1769
2981 641
2982 641
2983 4699
2984 4699
2985 4699
2986 1964
2987 1980
2988 1888
2989 1907
2990 1972
2991 2014
2992 2136
2993 2068
2994 1980
2995 1758
2996 1812
2997 1758
2998 4699
2999 4322
3000 1964
3001 636
3002 650
3003 2069
3004 1800
3005 1823
3006 686
3007 675
3008 676
3009 678
3010 641
3011 1877
3012 678
3013 442
3014 459
3015 4147
3016 475
3017 478
3018 442
3019 475
3020 442
3021 442
3022 442
3023 475
3024 504
3025 504
3026 508
3027 508
3028 524
3029 524
3030 504
3031 478
3032 495
3033 4147
3034 4147
3035 4147
3036 4147
3037 449
3038 4147
3039 449
3040 449
3041 449
3042 449
3043 1845
3044 449
3045 449
3046 449
3047 449
3048 449
3049 449
3050 449
3051 449
3052 4623
3053 449
3054 449
3055 449
3056 449
3057 449
3058 449
3059 449
3060 449
3061 449
3062 449
3063 449
3064 449
3065 449
3066 449
3067 420
3068 424
3069 424
3070 424
3071 442
3072 424
3073 2069
3074 466
3075 4147
3076 449
3077 459
3078 459
3079 462
3080 466
3081 468
3082 472
3083 483
3084 1924
3085 1792
3086 1811
3087 1791
3088 1792
3089 1791
3090 1791
3091 462
3092 460
3093 483
3094 1792
3095 1772
3096 469
3097 1761
3098 469
3099 1792
3100 4383
3101 1836
3102 481
3103 469
3104 525
3105 1924
3106 1924
3107 483
3108 483
3109 1738
3110 525
3111 459
3112 432
3113 432
3114 460
3115 442
3116 442
3117 424
3118 442
3119 478
3120 475
3121 475
3122 478
3123 4147
3124 4147
3125 449
3126 4147
3127 4147
3128 4147
3129 459
3130 449
3131 449
3132 449
3133 449
3134 449
3135 449
3136 449
3137 449
3138 449
3139 449
3140 449
3141 449
3142 449
3143 449
3144 449
3145 449
3146 449
3147 449
3148 449
3149 449
3150 449
3151 449
3152 449
3153 449
3154 449
3155 449
3156 449
3157 449
3158 424
3159 424
3160 5147
3161 475
3162 442
3163 442
3164 442
3165 424
3166 782
3167 792
3168 777
3169 899
3170 824
3171 815
3172 892
3173 925
3174 2331
3175 815
3176 2233
3177 2214
3178 2278
3179 2297
3180 2208
3181 751
3182 734
3183 796
3184 796
3185 773
3186 783
3187 802
3188 780
3189 2643
3190 872
3191 847
3192 780
3193 796
3194 796
3195 814
3196 948
3197 2704
3198 2649
3199 2221
3200 2233
3201 2233
3202 2155
3203 2145
3204 2190
3205 2155
3206 2100
3207 2172
3208 2155
3209 2155
3210 2145
3211 2190
3212 2250
3213 2250
3214 824
3215 777
3216 824
3217 815
3218 2214
3219 2233
3220 815
3221 815
3222 2077
3223 2100
3224 2100
3225 671
3226 753
3227 753
3228 770
3229 743
3230 743
3231 688
3232 654
3233 697
3234 743
3235 1938
3236 1907
3237 1888
3238 2069
3239 2001
3240 610
3241 577
3242 581
3243 554
3244 555
3245 532
3246 543
3247 577
3248 545
3249 508
3250 524
3251 508
3252 508
3253 504
3254 495
3255 867
3256 2412
3257 257
3258 248
3259 271
3260 427
3261 421
3262 2412
3263 2051
3264 867
3265 749
3266 819
3267 430
3268 2504
3269 427
3270 458
3271 2174
3272 947
3273 947
3274 247
3275 4397
3276 756
3277 756
3278 271
3279 458
3280 947
3281 4397
3282 4397
3283 3048
3284 3048
3285 247
3286 912
3287 220
3288 2432
3289 271
3290 4397
3291 867
3292 854
3293 247
3294 278
3295 427
3296 2504
3297 789
3298 756
3299 797
3300 797
3301 797
3302 797
3303 797
3304 797
3305 797
3306 749
3307 749
3308 844
3309 756
3310 756
3311 749
3312 797
3313 797
3314 797
3315 797
3316 749
3317 756
3318 797
3319 797
3320 797
3321 789
3322 756
3323 835
3324 789
3325 835
3326 835
3327 797
3328 797
3329 797
3330 797
3331 797
3332 797
3333 756
3334 797
3335 797
3336 749
3337 749
3338 867
3339 835
3340 756
3341 797
3342 749
3343 867
3344 756
3345 756
3346 756
3347 756
3348 797
3349 756
3350 797
3351 797
3352 797
3353 749
3354 3252
3355 0
3356 3252
3357 3252
3358 3252
3359 3252
3360 3048
3361 3048
3362 3048
3363 0
3364 2427
3365 0
3366 2427
3367 3048
3368 3252
3369 3252
3370 3048
3371 3252
3372 3252
3373 3048
3374 3048
3375 3252
3376 0
3377 3048
3378 3048
3379 2627
3380 2627
3381 771
3382 3252
3383 771
3384 2427
3385 3252
3386 3252
3387 3252
3388 3252
3389 3252
3390 3252
3391 3252
3392 3048
3393 3048
3394 3048
3395 2427
3396 2427
3397 0
3398 2427
3399 3252
3400 3048
3401 2627
3402 2627
3403 2427
3404 3048
3405 3252
3406 3252
3407 3048
3408 3048
3409 3252
3410 3252
3411 2427
3412 756
3413 756
3414 867
3415 867
3416 835
3417 864
3418 835
3419 749
3420 749
3421 844
3422 835
3423 867
3424 844
3425 844
3426 819
3427 756
3428 756
3429 756
3430 867
3431 867
3432 867
3433 867
3434 867
3435 867
3436 756
3437 835
3438 835
3439 2412
3440 2458
3441 3095
3442 2412
3443 2412
3444 2458
3445 2655
3446 427
3447 0
3448 2412
3449 2427
3450 2427
3451 2427
3452 2427
3453 2412
3454 3048
3455 2635
3456 2627
3457 2655
3458 2427
3459 421
3460 2627
3461 771
3462 771
3463 2455
3464 3048
3465 2427
3466 756
3467 835
3468 2319
3469 2319
3470 2398
3471 912
3472 1816
3473 4397
3474 2124
3475 1816
3476 278
3477 947
3478 278
3479 4397
3480 278
3481 271
3482 1816
3483 2319
3484 4397
3485 220
3486 1724
3487 278
3488 947
3489 947
3490 947
3491 278
3492 947
3493 277
3494 271
3495 947
3496 220
3497 300
3498 947
3499 4397
3500 947
3501 255
3502 2412
3503 2051
3504 278
3505 2124
3506 255
3507 2119
3508 4397
3509 257
3510 947
3511 4397
3512 1443
3513 156
3514 1575
3515 1443
3516 1406
3517 1575
3518 1668
3519 1575
3520 1575
3521 1567
3522 1567
3523 1668
3524 1567
3525 1848
3526 1567
3527 1848
3528 1567
3529 1567
3530 1575
3531 1575
3532 1575
3533 1406
3534 1406
3535 185
3536 1575
3537 225
3538 67
3539 4869
3540 1406
3541 67
3542 39
3543 185
3544 185
3545 185
3546 185
3547 4092
3548 4165
3549 4165
3550 4165
3551 185
3552 1406
3553 4837
3554 4869
3555 1575
3556 1575
3557 4851
3558 185
3559 1443
3560 38
3561 1668
3562 1668
3563 1575
3564 1668
3565 1443
3566 1443
3567 4838
3568 1406
3569 1466
3570 1657
3571 2037
3572 1668
3573 1443
3574 1567
3575 1406
3576 1575
3577 4869
3578 67
3579 39
3580 1466
3581 127
3582 185
3583 185
3584 224
3585 1567
3586 1575
3587 1668
3588 1668
3589 1668
3590 1575
3591 1668
3592 1567
3593 1668
3594 1668
3595 1575
3596 1668
3597 1657
3598 1782
3599 1657
3600 1657
3601 1567
3602 1657
3603 1782
3604 1575
3605 2028
3606 1575
3607 4869
3608 1575
3609 1668
3610 1567
3611 1567
3612 1575
3613 1406
3614 1426
3615 1567
3616 1575
3617 1567
3618 2037
3619 2028
3620 1567
3621 2028
3622 2028
3623 1575
3624 1575
3625 1668
3626 1567
3627 1575
3628 2028
3629 2028
3630 1874
3631 1575
3632 2249
3633 1874
3634 1575
3635 1575
3636 1575
3637 1575
3638 1874
3639 1874
3640 1668
3641 2028
3642 4041
3643 260
3644 185
3645 3678
3646 3678
3647 2860
3648 3112
3649 3146
3650 2365
3651 2365
3652 2365
3653 2448
3654 2448
3655 2448
3656 2448
3657 2355
3658 2365
3659 2365
3660 2365
3661 2365
3662 2355
3663 2355
3664 2355
3665 2365
3666 3678
3667 3262
3668 2365
3669 3262
3670 3678
3671 3832
3672 3832
3673 3832
3674 3809
3675 3678
3676 3611
3677 3678
3678 3611
3679 3678
3680 3678
3681 3678
3682 3611
3683 3678
3684 3832
3685 3832
3686 3832
3687 2265
3688 2365
3689 3678
3690 3586
3691 3832
3692 3763
3693 2365
3694 2365
3695 2365
3696 2365
3697 2365
3698 3809
3699 3832
3700 3146
3701 3112
3702 3832
3703 2365
3704 2365
3705 2365
3706 2365
3707 2365
3708 2365
3709 2860
3710 2365
3711 3112
3712 3678
3713 3809
3714 3832
3715 3832
3716 3832
3717 3678
3718 2365
3719 2365
3720 2365
3721 2365
3722 2365
3723 2365
3724 3586
3725 2448
3726 2448
3727 2736
3728 2365
3729 3019
3730 2448
3731 2448
3732 2365
3733 2448
3734 2448
3735 2448
3736 2448
3737 3763
3738 2448
3739 3763
3740 3832
3741 3763
3742 3112
3743 3441
3744 3441
3745 2365
3746 3487
3747 3763
3748 3146
3749 3262
3750 3441
3751 3188
3752 3262
3753 3146
3754 3763
3755 2365
3756 2365
3757 2860
3758 3262
3759 3188
3760 3441
3761 2448
3762 3112
3763 2712
3764 2712
3765 3146
3766 3262
3767 2712
3768 2884
3769 3019
3770 3019
3771 3038
3772 3188
3773 2712
3774 2860
3775 2955
3776 2448
3777 3678
3778 3678
3779 4970
3780 1575
3781 1575
3782 1575
3783 1575
3784 1575
3785 1426
3786 1466
3787 67
3788 185
3789 156
3790 1443
3791 1575
3792 185
3793 112
3794 1668
3795 1443
3796 1443
3797 156
3798 4838
3799 1575
3800 1575
3801 38
3802 1466
3803 1443
3804 1426
3805 1575
3806 1443
3807 1575
3808 1575
3809 1466
3810 1575
3811 1575
3812 1575
3813 1575
3814 1668
3815 1575
3816 1575
3817 1575
3818 38
3819 2028
3820 1994
3821 1994
3822 1994
3823 1994
3824 1994
3825 2028
3826 2028
3827 2028
3828 2028
3829 1567
3830 2028
3831 2028
3832 2028
3833 2036
3834 2028
3835 2028
3836 2028
3837 2028
3838 2028
3839 2028
3840 2028
3841 2028
3842 2036
3843 1567
3844 1668
3845 1567
3846 2028
3847 2028
3848 2028
3849 2028
3850 2028
3851 1994
3852 1994
3853 2028
3854 1567
3855 1575
3856 1567
3857 1668
3858 2028
3859 2036
3860 2028
3861 2028
3862 2036
3863 1567
3864 1567
3865 2028
3866 1994
3867 2028
3868 1994
3869 2028
3870 2028
3871 1994
3872 2028
3873 2037
3874 1994
3875 2028
3876 1994
3877 1994
3878 1994
3879 1994
3880 1994
3881 2028
3882 2028
3883 2028
3884 1567
3885 2028
3886 1668
3887 2036
3888 2028
3889 2028
3890 2071
3891 2129
3892 2028
3893 1567
3894 2129
3895 1567
3896 2028
3897 1677
3898 1657
3899 1657
3900 2129
3901 2267
3902 1677
3903 1677
3904 1567
3905 1848
3906 1567
3907 1848
3908 1567
3909 1782
3910 1657
3911 1567
3912 1782
3913 1567
3914 1567
3915 2037
3916 2028
3917 2267
3918 1848
3919 1657
3920 2267
3921 1848
3922 1657
3923 1657
3924 1567
3925 1567
3926 1567
3927 1657
3928 1994
3929 1994
3930 1994
3931 1994
3932 1994
3933 2674
3934 1994
3935 2674
3936 2674
3937 1994
3938 2674
3939 2028
3940 2028
3941 2028
3942 1994
3943 2028
3944 1994
3945 1994
3946 2028
3947 2028
3948 2028
3949 1994
3950 2028
3951 2028
3952 1994
3953 2028
3954 1994
3955 1994
3956 1994
3957 1994
3958 1994
3959 1994
3960 1994
3961 1994
3962 1994
3963 2150
3964 1994
3965 2028
3966 1994
3967 1994
3968 1994
3969 2150
3970 1994
3971 1994
3972 2037
3973 2037
3974 2036
3975 2028
3976 2028
3977 2028
3978 2028
3979 2028
3980 2028
3981 2028
3982 1994
3983 2028
3984 2028
3985 2028
3986 2028
3987 1994
3988 1994
3989 1994
3990 1994
3991 1994
3992 2028
3993 2674
3994 2150
3995 2150
3996 2150
3997 2150
3998 2079
3999 2150
4000 2674
4001 2674
4002 2674
4003 1994
4004 2150
4005 2674
4006 2674
4007 2674
4008 2150
4009 2674
4010 2150
4011 2028
4012 2028
4013 1567
4014 1567
4015 1668
4016 1668
4017 1668
4018 1575
4019 1657
4020 1567
4021 1575
4022 1575
4023 1575
4024 1567
4025 1575
4026 1575
4027 1575
4028 1406
4029 1668
4030 1567
4031 1668
4032 1567
4033 1575
4034 1567
4035 1567
4036 1668
4037 1575
4038 1567
4039 2028
4040 2028
4041 2028
4042 2028
4043 1567
4044 2036
4045 1848
4046 2739
4047 2269
4048 2028
4049 2028
4050 2028
4051 1567
4052 2739
4053 2028
4054 1567
4055 2028
4056 3400
4057 2739
4058 2739
4059 1874
4060 2028
4061 1567
4062 1848
4063 1668
4064 2028
4065 2028
4066 1657
4067 1567
4068 2129
4069 2129
4070 2028
4071 2028
4072 2028
4073 2028
4074 2028
4075 2028
4076 1848
4077 1567
4078 1567
4079 2036
4080 1567
4081 2028
4082 1657
4083 1848
4084 1567
4085 2028
4086 2028
4087 2028
4088 2028
4089 2028
4090 2028
4091 2028
4092 2028
4093 2028
4094 2028
4095 2028
4096 2037
4097 2037
4098 2028
4099 1668
4100 1668
4101 1668
4102 1567
4103 1567
4104 2037
4105 2037
4106 1668
4107 2028
4108 2028
4109 2028
4110 2028
4111 3441
4112 2365
4113 2365
4114 3611
4115 3678
4116 3809
4117 3678
4118 3678
4119 3678
4120 2265
4121 3832
4122 3112
4123 3188
4124 3832
4125 3678
4126 3832
4127 3832
4128 2265
4129 3809
4130 3763
4131 3832
4132 3832
4133 3832
4134 3262
4135 3112
4136 3763
4137 3832
4138 3194
4139 2365
4140 3112
4141 2365
4142 3146
4143 3146
4144 2325
4145 2448
4146 2448
4147 2448
4148 2448
4149 2448
4150 2355
4151 2365
4152 2365
4153 2365
4154 2365
4155 2365
4156 2365
4157 3112
4158 2365
4159 2365
4160 2325
4161 2325
4162 2355
4163 2448
4164 2355
4165 2355
4166 2365
4167 2448
4168 2355
4169 2355
4170 2365
4171 3146
4172 3146
4173 3112
4174 2365
4175 2365
4176 2365
4177 2448
4178 2448
4179 2448
4180 2365
4181 2365
4182 2325
4183 2365
4184 3112
4185 2325
4186 2325
4187 2325
4188 2355
4189 2325
4190 2325
4191 2325
4192 2355
4193 2448
4194 2355
4195 2355
4196 2355
4197 2355
4198 2448
4199 2355
4200 2448
4201 2448
4202 2448
4203 2448
4204 2448
4205 2448
4206 2448
4207 2448
4208 2448
4209 2355
4210 2355
4211 2355
4212 2355
4213 2365
4214 2355
4215 2355
4216 2365
4217 2365
4218 2365
4219 2365
4220 2365
4221 2365
4222 2365
4223 2365
4224 2365
4225 2365
4226 3112
4227 2678
4228 2448
4229 2448
4230 2723
4231 2914
4232 2723
4233 2665
4234 2365
4235 2448
4236 2448
4237 2365
4238 2365
4239 2713
4240 2860
4241 2448
4242 2974
4243 2365
4244 2365
4245 2448
4246 2365
4247 2365
4248 2678
4249 2914
4250 2355
4251 2914
4252 3112
4253 2365
4254 2355
4255 2365
4256 2365
4257 2624
4258 2448
4259 2448
4260 2448
4261 2448
4262 2448
4263 2448
4264 2561
4265 2645
4266 2637
4267 2637
4268 2561
4269 2467
4270 2448
4271 2448
4272 2712
4273 2448
4274 2624
4275 2712
4276 2448
4277 2355
4278 2448
4279 2355
4280 2355
4281 2448
4282 2355
4283 2355
4284 2355
4285 2448
4286 2448
4287 2448
4288 2448
4289 2448
4290 2448
4291 2448
4292 2448
4293 2448
4294 2561
4295 2596
4296 2624
4297 2596
4298 2624
4299 2596
4300 2448
4301 2624
4302 3112
4303 2860
4304 2860
4305 2736
4306 2448
4307 2448
4308 2365
4309 2365
4310 2365
4311 2365
4312 2365
4313 2365
4314 2448
4315 2448
4316 2325
4317 2355
4318 2355
4319 3092
4320 2355
4321 2448
4322 2448
4323 2829
4324 2448
4325 2448
4326 2448
4327 2355
4328 2448
4329 2448
4330 2448
4331 2448
4332 2448
4333 2561
4334 2645
4335 2665
4336 2914
4337 2914
4338 2678
4339 2914
4340 2645
4341 2914
4342 2665
4343 2914
4344 2665
4345 2665
4346 2665
4347 2645
4348 2645
4349 2448
4350 2448
4351 2624
4352 2914
4353 2355
4354 2448
4355 2736
4356 3209
4357 2365
4358 4296
4359 2365
4360 4296
4361 2799
4362 3209
4363 3112
4364 3112
4365 3112
4366 3112
4367 3112
4368 2860
4369 3038
4370 2365
4371 2365
4372 3209
4373 2961
4374 2365
4375 2712
4376 3038
4377 2860
4378 3112
4379 2665
4380 2713
4381 2701
4382 2665
4383 2637
4384 2760
4385 2665
4386 2616
4387 2616
4388 2616
4389 2616
4390 2823
4391 2616
4392 2712
4393 2712
4394 2616
4395 2616
4396 2624
4397 2712
4398 2624
4399 2624
4400 2712
4401 2712
4402 2624
4403 2712
4404 2916
4405 2914
4406 2700
4407 2771
4408 2713
4409 2799
4410 3209
4411 2927
4412 2914
4413 2927
4414 2713
4415 2914
4416 2914
4417 2760
4418 2955
4419 4296
4420 2927
4421 2916
4422 2723
4423 2712
4424 2624
4425 2713
4426 2701
4427 2355
4428 2325
4429 2899
4430 2355
4431 2448
4432 2448
4433 2448
4434 2448
4435 2448
4436 2448
4437 2899
4438 2448
4439 2448
4440 2355
4441 3112
4442 2448
4443 2325
4444 2325
4445 3146
4446 2325
4447 2325
4448 2325
4449 2325
4450 2325
4451 2325
4452 3112
4453 2448
4454 2355
4455 2355
4456 2448
4457 2355
4458 2129
4459 2150
4460 1657
4461 1848
4462 1657
4463 1677
4464 1668
4465 2150
4466 1677
4467 2037
4468 1848
4469 1668
4470 1567
4471 1567
4472 1668
4473 1567
4474 1567
4475 1848
4476 1567
4477 1406
4478 1668
4479 1668
4480 1575
4481 1668
4482 1575
4483 1668
4484 1848
4485 2129
4486 2129
4487 2267
4488 1567
4489 1668
4490 2150
4491 2028
4492 2028
4493 1668
4494 1575
4495 2036
4496 2674
4497 2150
4498 1994
4499 2674
4500 2674
4501 1994
4502 2028
4503 2028
4504 2028
4505 2028
4506 1994
4507 2028
4508 2028
4509 3400
4510 3400
4511 2028
4512 1994
4513 1994
4514 1874
4515 2739
4516 2028
4517 1994
4518 2739
4519 2028
4520 1994
4521 1994
4522 2210
4523 1994
4524 1994
4525 1994
4526 2028
4527 2028
4528 3400
4529 2739
4530 2028
4531 2028
4532 2739
4533 2028
4534 2945
4535 3400
4536 1668
4537 1668
4538 2036
4539 2028
4540 2037
4541 2028
4542 1874
4543 2674
4544 2674
4545 2150
4546 2150
4547 2267
4548 2674
4549 2150
4550 2150
4551 2674
4552 2674
4553 2674
4554 2674
4555 2028
4556 1657
4557 1848
4558 2129
4559 2129
4560 2028
4561 2028
4562 2028
4563 2028
4564 2028
4565 2028
4566 2028
4567 2028
4568 1994
4569 2028
4570 1994
4571 2028
4572 2036
4573 2723
4574 2701
4575 2665
4576 2624
4577 2713
4578 2920
4579 2665
4580 2448
4581 2914
4582 2355
4583 3209
4584 2365
4585 2365
4586 2916
4587 4296
4588 4296
4589 2448
4590 2799
4591 3209
4592 2365
4593 2365
4594 2365
4595 2920
4596 3209
4597 3209
4598 2365
4599 2860
4600 2723
4601 2723
4602 2914
4603 2799
4604 2448
4605 3209
4606 2713
4607 2448
4608 2448
4609 2355
4610 2645
4611 2645
4612 2637
4613 2561
4614 2637
4615 2645
4616 2665
4617 2665
4618 2665
4619 2616
4620 2616
4621 2712
4622 2712
4623 2712
4624 2712
4625 2448
4626 2624
4627 2712
4628 2712
4629 2624
4630 2596
4631 2616
4632 2860
4633 2624
4634 2645
4635 2645
4636 2624
4637 2596
4638 2561
4639 2616
4640 2616
4641 2624
4642 2616
4643 2637
4644 2616
4645 2645
4646 2645
4647 2736
4648 4296
4649 2955
4650 2736
4651 2448
4652 2736
4653 2712
4654 2624
4655 2645
4656 2914
4657 2914
4658 2665
4659 2253
4660 2914
4661 2665
4662 2914
4663 2665
4664 2914
4665 2665
4666 2645
4667 2637
4668 2645
4669 2723
4670 2771
4671 2713
4672 2927
4673 3209
4674 2713
4675 2678
4676 2701
4677 2927
4678 2914
4679 2713
4680 2701
4681 2701
4682 2914
4683 2645
4684 2616
4685 2945
4686 2665
4687 1575
4688 1668
4689 1575
4690 1668
4691 1575
4692 1575
4693 1575
4694 2028
4695 1567
4696 2129
4697 1567
4698 1668
4699 2037
4700 1668
4701 1668
4702 1567
4703 1575
4704 2036
4705 1575
4706 1575
4707 1668
4708 1575
4709 2028
4710 1575
4711 1668
4712 2028
4713 1668
4714 2036
4715 2037
4716 1575
4717 1406
4718 3112
4719 2365
4720 2365
4721 2365
4722 3146
4723 2265
4724 2365
4725 2355
4726 2365
4727 2365
4728 2365
4729 2365
4730 2365
4731 3112
4732 2365
4733 2365
4734 2365
4735 2365
4736 2365
4737 2365
4738 2365
4739 2365
4740 2365
4741 2365
4742 2265
4743 2265
4744 3112
4745 2365
4746 2365
4747 3112
4748 3112
4749 2365
4750 2365
4751 2365
4752 3188
4753 4406
4754 4406
4755 4406
4756 4406
4757 4406
4758 4406
4759 4406
4760 4406
4761 4406
4762 4861
4763 4861
4764 4406
4765 4861
4766 4861
4767 4861
4768 4861
4769 4861
4770 4861
4771 4829
4772 4861
4773 4861
4774 4861
4775 4861
4776 4829
4777 4861
4778 4861
4779 7
4780 4861
4781 304
4782 4861
4783 304
4784 304
4785 4861
4786 4861
4787 4861
4788 4830
4789 4861
4790 304
4791 116
4792 4861
4793 4829
4794 4861
4795 4861
4796 4861
4797 7
4798 116
4799 4861
4800 4861
4801 4829
4802 4406
4803 4406
4804 4406
4805 4406
4806 4406
4807 4406
4808 4406
4809 4406
4810 4861
4811 4406
4812 3916
4813 4406
4814 3916
4815 4406
4816 3916
4817 4406
4818 4406
4819 3916
4820 3916
4821 3916
4822 3916
4823 3831
4824 3831
4825 3831
4826 3916
4827 3916
4828 3916
4829 3831
4830 3916
4831 3916
4832 3916
4833 3916
4834 3916
4835 3916
4836 3916
4837 3916
4838 3916
4839 3916
4840 4406
4841 4406
4842 3916
4843 3831
4844 3831
4845 4406
4846 4406
4847 4406
4848 4406
4849 3916
4850 3916
4851 3916
4852 3916
4853 3916
4854 3916
4855 7
4856 3916
4857 4406
4858 4861
4859 4406
4860 4406
4861 4406
4862 3916
4863 4406
4864 4848
4865 3916
4866 3831
4867 3831
4868 3831
4869 3831
4870 3916
4871 3831
4872 4406
4873 4406
4874 5109
4875 867
4876 4406
4877 4406
4878 4406
4879 797
4880 4861
4881 304
4882 4830
4883 4406
4884 5102
4885 116
4886 332
4887 756
4888 5106
4889 867
4890 888
4891 756
4892 867
4893 5102
4894 4861
4895 4406
4896 5101
4897 5106
4898 5101
4899 5106
4900 5109
4901 867
4902 427
4903 5101
4904 5109
4905 797
4906 797
4907 4406
4908 427
4909 427
4910 421
4911 4406
4912 4406
4913 3252
4914 3252
4915 4829
4916 3379
4917 3916
4918 3831
4919 3048
4920 3048
4921 5104
4922 5107
4923 427
4924 3136
4925 2504
4926 3048
4927 5107
4928 5104
4929 3916
4930 3048
4931 5106
4932 430
4933 5101
4934 427
4935 427
4936 5101
4937 162
4938 5107
4939 421
4940 3252
4941 299
4942 299
4943 248
4944 238
4945 4397
4946 247
4947 194
4948 220
4949 247
4950 194
4951 421
4952 5104
4953 220
4954 257
4955 458
4956 5107
4957 421
4958 427
4959 255
4960 912
4961 864
4962 867
4963 4390
4964 4861
4965 4861
4966 4406
4967 4861
4968 4861
4969 116
4970 304
4971 5109
4972 7
4973 4861
4974 4406
4975 4861
4976 4861
4977 4861
4978 4406
4979 4861
4980 4406
4981 912
4982 888
4983 844
4984 789
4985 427
4986 430
4987 116
4988 5107
4989 4861
4990 749
4991 5106
4992 304
4993 5109
4994 4381
4995 749
4996 5089
4997 4397
4998 4397
4999 264
5000 271
5001 427
5002 4397
5003 421
5004 271
5005 271
5006 5104
5007 421
5008 247
5009 771
5010 427
5011 4390
5012 116
5013 5107
5014 5106
5015 2422
5016 771
5017 427
5018 2458
5019 5109
5020 4406
5021 4406
5022 4406
5023 4829
5024 4861
5025 304
5026 4861
5027 253
5028 4861
5029 4861
5030 4861
5031 4861
5032 4406
5033 4406
5034 4406
5035 4861
5036 4861
5037 2412
5038 771
5039 2627
5040 4848
5041 3916
5042 2627
5043 427
5044 4861
5045 5107
5046 3916
5047 5109
5048 3136
5049 2635
5050 5107
5051 3136
5052 3252
5053 771
5054 5106
5055 5104
5056 4861
5057 4830
5058 4861
5059 7
5060 4861
5061 4861
5062 4861
5063 4829
5064 5102
5065 7
5066 4830
5067 341
5068 341
5069 5104
5070 341
5071 4861
5072 5104
5073 5102
5074 5104
5075 304
5076 7
5077 4397
5078 293
5079 299
5080 279
5081 293
5082 278
5083 279
5084 278
5085 279
5086 279
5087 333
5088 333
5089 333
5090 279
5091 279
5092 1567
5093 1567
5094 1668
5095 1406
5096 1406
5097 2028
5098 2028
5099 2860
5100 2365
5101 3809
5102 3112
5103 3112
5104 3112
5105 2355
5106 2448
5107 1406
5108 1406
5109 2365
5110 2860
5111 2365
5112 1668
5113 1668
5114 1575
5115 1575
5116 2365
5117 2365
5118 3112
5119 2365
5120 2365
5121 379
5122 4168
5123 4168
5124 4168
5125 512
5126 537
5127 510
5128 537
5129 5006
5130 5006
5131 5006
5132 5006
5133 4439
5134 3940
5135 4439
5136 5006
5137 5006
5138 749
5139 749
5140 1222
5141 1668
5142 1994
5143 2700
5144 4406
5145 4877
5146 4406
5147 4406
5148 4406
5149 3916
5150 3916
5151 3916
5152 3916
5153 3916
5154 749
5155 749
5156 1222
5157 2365
5158 4406
5159 4406
5160 4406
5161 3916
5162 3916
5163 3916
5164 3916
5165 3916
5166 3916
5167 3916
5168 3831
5169 2365
5170 2325
5171 537
5172 2448
5173 1575
5174 749
5175 749
5176 4406
5177 3916
5178 3916
5179 3916
5180 4406
5181 4406
5182 4406
5183 4406
5184 4406
5185 3916
5186 3916
5187 3916
5188 3916
5189 3916
5190 3831
5191 3849
5192 3916
5193 3916
5194 5006
5195 749
5196 4861
5197 3916
5198 3916
5199 5006
5200 749
5201 4861
