0 1326
1 3252
2 3233
3 3233
4 1326
5 2442
6 2442
7 1326
8 3252
9 3252
10 3252
11 3252
12 3252
13 2442
14 2416
15 2416
16 2480
17 2442
18 1326
19 2442
20 2416
21 2442
22 490
23 2338
24 2353
25 817
26 2353
27 2353
28 2353
29 1534
30 2416
31 1019
32 1019
33 1019
34 490
35 748
36 3399
37 3399
38 3399
39 3399
40 3399
41 3399
42 2953
43 3470
44 2323
45 2953
46 3523
47 1326
48 1326
49 2416
50 2353
51 2167
52 2295
53 2284
54 2295
55 2295
56 2295
57 2325
58 2353
59 2323
60 976
61 1346
62 1346
63 1346
64 1346
65 974
66 1346
67 1693
68 974
69 1218
70 1693
71 977
72 1218
73 1341
74 1340
75 977
76 974
77 977
78 977
79 977
80 1218
81 1829
82 1827
83 1749
84 1217
85 1337
86 1144
87 915
88 2243
89 1242
90 1829
91 916
92 916
93 916
94 1429
95 1429
96 1429
97 1346
98 1346
99 974
100 977
101 974
102 1429
103 1840
104 1823
105 1247
106 1143
107 1247
108 978
109 977
110 977
111 977
112 977
113 1789
114 1346
115 2007
116 2007
117 2007
118 2066
119 2233
120 2233
121 2233
122 2233
123 2233
124 2007
125 2216
126 2233
127 2233
128 2231
129 2007
130 1534
131 1551
132 1541
133 1534
134 2353
135 1534
136 1541
137 2596
138 2596
139 1541
140 2231
141 2115
142 2115
143 2115
144 2353
145 2229
146 977
147 1840
148 977
149 1429
150 1429
151 977
152 978
153 976
154 977
155 308
156 308
157 308
158 324
159 181
160 181
161 308
162 445
163 308
164 326
165 181
166 23
167 463
168 430
169 326
170 308
171 308
172 308
173 324
174 308
175 308
176 308
177 308
178 308
179 308
180 308
181 309
182 425
183 425
184 425
185 438
186 438
187 425
188 311
189 308
190 308
191 311
192 368
193 309
194 308
195 311
196 308
197 1341
198 1271
199 977
200 1341
201 1341
202 977
203 1693
204 1218
205 1693
206 1217
207 978
208 978
209 1429
210 1271
211 1271
212 976
213 1693
214 1183
215 1183
216 438
217 1183
218 1095
219 1095
220 1095
221 1063
222 1183
223 456
224 456
225 1183
226 1183
227 1183
228 1183
229 1183
230 1183
231 1095
232 1183
233 1095
234 1753
235 1892
236 1892
237 1350
238 977
239 1350
240 412
241 181
242 181
243 412
244 463
245 445
246 445
247 181
248 308
249 181
250 412
251 412
252 412
253 412
254 412
255 412
256 412
257 412
258 328
259 412
260 181
261 412
262 181
263 445
264 445
265 412
266 412
267 412
268 412
269 412
270 412
271 328
272 412
273 412
274 1746
275 1726
276 1746
277 984
278 984
279 1217
280 1892
281 1726
282 1826
283 1746
284 1746
285 984
286 1693
287 1746
288 984
289 1892
290 2196
291 2115
292 2196
293 2115
294 2196
295 2196
296 2196
297 2115
298 2196
299 2196
300 2115
301 2112
302 2115
303 2196
304 2115
305 2112
306 2115
307 2115
308 3066
309 2115
310 2115
311 2196
312 2167
313 2115
314 2196
315 2196
316 2233
317 2112
318 2115
319 1705
320 1217
321 1143
322 914
323 1826
324 1705
325 1826
326 1705
327 1734
328 1705
329 1826
330 1734
331 1705
332 1734
333 1519
334 1127
335 1725
336 1099
337 1705
338 1890
339 414
340 425
341 463
342 361
343 360
344 463
345 438
346 463
347 360
348 1063
349 1063
350 425
351 3530
352 3530
353 414
354 463
355 181
356 445
357 425
358 414
359 463
360 445
361 463
362 414
363 463
364 463
365 414
366 414
367 425
368 1063
369 414
370 361
371 1095
372 1095
373 1095
374 429
375 463
376 420
377 4848
378 4848
379 4856
380 4848
381 4889
382 4752
383 4741
384 4491
385 4773
386 4856
387 4724
388 4491
389 3183
390 2620
391 4751
392 3060
393 4889
394 4772
395 4772
396 4826
397 4826
398 4772
399 4826
400 4931
401 3981
402 3981
403 3060
404 3981
405 4772
406 4826
407 3085
408 3085
409 2907
410 4772
411 4825
412 4747
413 3085
414 3911
415 4747
416 4747
417 4826
418 4826
419 4862
420 4771
421 4826
422 2907
423 2907
424 4772
425 3060
426 3060
427 3253
428 5128
429 3116
430 3116
431 3117
432 3488
433 3117
434 3116
435 3116
436 3116
437 3488
438 3392
439 3488
440 3488
441 3488
442 3772
443 3116
444 3116
445 3116
446 3116
447 5128
448 2519
449 2519
450 5128
451 5128
452 2773
453 2771
454 2771
455 2516
456 2522
457 2522
458 2522
459 2519
460 2522
461 2519
462 2516
463 2519
464 2522
465 2568
466 2769
467 2769
468 2769
469 5132
470 5132
471 2522
472 2769
473 2769
474 2769
475 2769
476 5128
477 5133
478 3236
479 3116
480 3115
481 2193
482 2193
483 5133
484 5129
485 3486
486 3236
487 3116
488 4889
489 4848
490 4767
491 4856
492 4856
493 4586
494 4587
495 4741
496 4856
497 4773
498 4881
499 4830
500 4888
501 3134
502 3134
503 4751
504 542
505 440
506 440
507 542
508 440
509 440
510 542
511 486
512 542
513 486
514 486
515 1676
516 486
517 1770
518 1770
519 1095
520 1183
521 892
522 486
523 542
524 542
525 542
526 542
527 1771
528 4167
529 486
530 1770
531 1771
532 1770
533 1771
534 486
535 4282
536 4772
537 4772
538 4772
539 4772
540 2702
541 4772
542 4282
543 4171
544 3060
545 1063
546 1183
547 935
548 1095
549 1183
550 1063
551 3209
552 3209
553 3530
554 3530
555 1095
556 1095
557 1183
558 3209
559 3209
560 3530
561 3530
562 3530
563 3530
564 3530
565 425
566 3209
567 3530
568 3530
569 425
570 3530
571 425
572 3530
573 3530
574 3530
575 361
576 425
577 425
578 425
579 425
580 414
581 360
582 361
583 360
584 425
585 425
586 4258
587 2907
588 3063
589 2823
590 4171
591 2907
592 4824
593 4862
594 4258
595 4258
596 4258
597 3063
598 3060
599 2823
600 4012
601 4171
602 4862
603 4825
604 2823
605 4274
606 4258
607 4258
608 360
609 360
610 463
611 463
612 463
613 360
614 360
615 361
616 360
617 360
618 360
619 360
620 360
621 463
622 360
623 361
624 1174
625 1353
626 1174
627 1174
628 1172
629 1262
630 1262
631 1356
632 1356
633 1356
634 3526
635 1262
636 1193
637 1174
638 1262
639 1356
640 1139
641 4603
642 4708
643 4331
644 2985
645 4702
646 4493
647 4603
648 4496
649 3575
650 4496
651 4831
652 4603
653 4603
654 4859
655 4588
656 4669
657 4718
658 2870
659 3489
660 3904
661 3904
662 3132
663 396
664 3489
665 1620
666 1620
667 4708
668 3270
669 3134
670 3575
671 3134
672 4751
673 4653
674 4728
675 4751
676 3134
677 3060
678 3253
679 3253
680 3063
681 4171
682 3417
683 3453
684 3453
685 3417
686 3453
687 1112
688 2609
689 2609
690 1961
691 4912
692 1962
693 3453
694 2609
695 1819
696 3453
697 1337
698 1337
699 1105
700 1819
701 2991
702 3417
703 2991
704 2991
705 3073
706 3417
707 1734
708 3073
709 2991
710 3279
711 1354
712 3279
713 1705
714 3399
715 3399
716 2689
717 2442
718 2181
719 2442
720 2442
721 2480
722 3399
723 3399
724 3399
725 3399
726 3399
727 3399
728 3251
729 3515
730 3251
731 3399
732 3399
733 3399
734 3399
735 3399
736 3399
737 3399
738 3399
739 3515
740 3515
741 3251
742 3515
743 3515
744 3251
745 3688
746 3399
747 3399
748 3399
749 361
750 360
751 360
752 463
753 463
754 463
755 360
756 360
757 360
758 360
759 360
760 361
761 3530
762 3530
763 3530
764 3530
765 3530
766 425
767 425
768 438
769 1183
770 896
771 1095
772 1183
773 1183
774 1095
775 1085
776 425
777 425
778 1063
779 1085
780 2605
781 2871
782 3508
783 2104
784 3508
785 1264
786 1264
787 3508
788 2516
789 2516
790 2125
791 2104
792 763
793 2125
794 2477
795 2104
796 763
797 2871
798 2605
799 3508
800 2568
801 2516
802 2769
803 2522
804 2568
805 2568
806 2516
807 2769
808 2515
809 2521
810 4167
811 4167
812 4167
813 1766
814 1768
815 1771
816 4167
817 4167
818 4167
819 1766
820 1766
821 1766
822 1771
823 4167
824 3378
825 2699
826 2699
827 3378
828 3378
829 3378
830 3378
831 3378
832 4167
833 2375
834 2375
835 2792
836 2792
837 2667
838 2318
839 2489
840 2489
841 2792
842 2792
843 2963
844 2489
845 2958
846 2792
847 2229
848 810
849 810
850 2167
851 2167
852 2369
853 2369
854 2792
855 2792
856 1707
857 1551
858 1707
859 1510
860 1707
861 1549
862 1549
863 1551
864 1510
865 1707
866 1707
867 1551
868 1551
869 1630
870 1526
871 1526
872 1968
873 1968
874 811
875 1630
876 811
877 1438
878 811
879 2026
880 2026
881 2480
882 2026
883 2026
884 810
885 2026
886 2026
887 2026
888 2026
889 810
890 2026
891 2026
892 810
893 2026
894 2026
895 2026
896 810
897 2026
898 3488
899 2761
900 2761
901 3117
902 3152
903 5128
904 2761
905 3116
906 3117
907 3488
908 3488
909 2771
910 2771
911 2771
912 2771
913 2771
914 2771
915 2516
916 2771
917 2771
918 3116
919 5128
920 5137
921 1521
922 1681
923 1521
924 964
925 964
926 1650
927 5128
928 5132
929 2194
930 2516
931 2519
932 2516
933 2516
934 2516
935 2516
936 2522
937 2516
938 2522
939 2771
940 3923
941 3923
942 1415
943 1415
944 1415
945 1415
946 1415
947 1415
948 1415
949 1415
950 1415
951 1415
952 1641
953 2357
954 1415
955 1641
956 542
957 440
958 3923
959 2357
960 3929
961 3923
962 3923
963 3798
964 3798
965 3798
966 3923
967 3923
968 3798
969 3798
970 1415
971 1415
972 1415
973 1415
974 1415
975 1415
976 1415
977 3944
978 4167
979 3956
980 4167
981 4167
982 3956
983 1771
984 4167
985 3956
986 4142
987 1771
988 486
989 1576
990 486
991 542
992 3985
993 2736
994 542
995 542
996 4142
997 481
998 1581
999 748
1000 1654
1001 748
1002 748
1003 1652
1004 1581
1005 1652
1006 1268
1007 1654
1008 1268
1009 1173
1010 1173
1011 1173
1012 1654
1013 1654
1014 1268
1015 1652
1016 210
1017 1652
1018 1652
1019 1674
1020 481
1021 484
1022 440
1023 1415
1024 1674
1025 1661
1026 1661
1027 1652
1028 484
1029 995
1030 1339
1031 2193
1032 2194
1033 2193
1034 2194
1035 2193
1036 2193
1037 2193
1038 2463
1039 2465
1040 1681
1041 1339
1042 484
1043 1681
1044 484
1045 484
1046 481
1047 1654
1048 481
1049 484
1050 2193
1051 5133
1052 1521
1053 2193
1054 484
1055 2516
1056 2516
1057 2516
1058 2516
1059 2516
1060 2516
1061 2516
1062 2516
1063 2516
1064 2516
1065 2516
1066 2516
1067 2516
1068 2516
1069 2516
1070 2516
1071 2516
1072 2516
1073 2516
1074 2516
1075 2964
1076 2516
1077 2516
1078 2516
1079 2516
1080 2567
1081 2515
1082 2882
1083 2567
1084 2515
1085 2522
1086 2518
1087 2515
1088 2515
1089 2516
1090 2516
1091 2699
1092 2699
1093 2699
1094 2699
1095 2699
1096 2699
1097 2699
1098 2699
1099 2699
1100 2521
1101 2699
1102 2521
1103 2521
1104 2699
1105 2699
1106 2699
1107 3378
1108 2699
1109 2699
1110 2699
1111 2699
1112 2605
1113 2605
1114 2605
1115 2699
1116 546
1117 546
1118 148
1119 148
1120 546
1121 2980
1122 694
1123 151
1124 1569
1125 2838
1126 1579
1127 1579
1128 2838
1129 2045
1130 1999
1131 2153
1132 2045
1133 1989
1134 2045
1135 2093
1136 3524
1137 3748
1138 3695
1139 3695
1140 3659
1141 3748
1142 3577
1143 3451
1144 4309
1145 3124
1146 3319
1147 3319
1148 3125
1149 3815
1150 3320
1151 3762
1152 3762
1153 3628
1154 3695
1155 3779
1156 3728
1157 3124
1158 3577
1159 3451
1160 3469
1161 3577
1162 3695
1163 3694
1164 3749
1165 3779
1166 3804
1167 3659
1168 3728
1169 3728
1170 3728
1171 3728
1172 3728
1173 3804
1174 3659
1175 3658
1176 3804
1177 3728
1178 3613
1179 3744
1180 3469
1181 4264
1182 3728
1183 3659
1184 3320
1185 3496
1186 3124
1187 3782
1188 3577
1189 4113
1190 3319
1191 3779
1192 3659
1193 3728
1194 3826
1195 3748
1196 3695
1197 3695
1198 3125
1199 3748
1200 3124
1201 3498
1202 3517
1203 3450
1204 3517
1205 3451
1206 3517
1207 3748
1208 3694
1209 3695
1210 3728
1211 3728
1212 3694
1213 3440
1214 3695
1215 3694
1216 4059
1217 3440
1218 3748
1219 3826
1220 4059
1221 3748
1222 3748
1223 3826
1224 3748
1225 4059
1226 3826
1227 3826
1228 3815
1229 3815
1230 3319
1231 3125
1232 3125
1233 3125
1234 3826
1235 3440
1236 3826
1237 3319
1238 3498
1239 3579
1240 3319
1241 3826
1242 3815
1243 311
1244 311
1245 318
1246 311
1247 291
1248 291
1249 318
1250 311
1251 236
1252 312
1253 7
1254 55
1255 2362
1256 365
1257 456
1258 55
1259 485
1260 6
1261 285
1262 285
1263 308
1264 311
1265 291
1266 308
1267 308
1268 308
1269 308
1270 318
1271 308
1272 254
1273 369
1274 365
1275 8
1276 2139
1277 2362
1278 8
1279 8
1280 365
1281 8
1282 8
1283 54
1284 369
1285 8
1286 369
1287 370
1288 8
1289 369
1290 312
1291 6
1292 6
1293 55
1294 456
1295 456
1296 7
1297 4950
1298 2177
1299 5198
1300 5198
1301 545
1302 545
1303 5198
1304 5198
1305 5198
1306 5178
1307 545
1308 545
1309 5198
1310 543
1311 542
1312 2001
1313 1976
1314 2178
1315 2013
1316 1976
1317 2020
1318 2012
1319 545
1320 2012
1321 5198
1322 545
1323 5178
1324 2084
1325 1917
1326 2314
1327 1868
1328 1714
1329 1723
1330 1747
1331 1825
1332 2453
1333 1774
1334 1805
1335 1846
1336 1774
1337 1606
1338 1606
1339 2527
1340 2527
1341 1646
1342 2439
1343 2439
1344 2312
1345 2439
1346 4591
1347 2439
1348 4907
1349 2439
1350 2439
1351 2439
1352 2292
1353 2439
1354 4934
1355 4867
1356 2292
1357 4566
1358 2292
1359 2292
1360 2292
1361 2439
1362 1606
1363 2439
1364 2312
1365 2527
1366 1845
1367 1646
1368 2439
1369 1843
1370 2710
1371 2527
1372 1774
1373 2292
1374 2292
1375 4934
1376 4867
1377 2292
1378 5009
1379 1511
1380 212
1381 213
1382 1003
1383 1509
1384 1542
1385 1406
1386 1511
1387 1406
1388 1531
1389 5012
1390 5012
1391 736
1392 736
1393 492
1394 1541
1395 1608
1396 1019
1397 1003
1398 2079
1399 5010
1400 857
1401 2254
1402 792
1403 792
1404 701
1405 1523
1406 1332
1407 1760
1408 857
1409 767
1410 1760
1411 2687
1412 1278
1413 1277
1414 213
1415 2506
1416 823
1417 211
1418 777
1419 823
1420 823
1421 823
1422 777
1423 491
1424 491
1425 5009
1426 475
1427 475
1428 475
1429 1774
1430 1805
1431 1774
1432 2084
1433 3739
1434 1358
1435 1752
1436 1774
1437 1805
1438 1842
1439 1723
1440 2453
1441 1606
1442 1855
1443 121
1444 1844
1445 440
1446 484
1447 2020
1448 484
1449 556
1450 556
1451 556
1452 556
1453 556
1454 556
1455 556
1456 1641
1457 556
1458 556
1459 1641
1460 1641
1461 864
1462 1641
1463 556
1464 556
1465 440
1466 440
1467 440
1468 440
1469 2439
1470 2292
1471 2292
1472 2292
1473 2292
1474 2292
1475 2292
1476 2439
1477 2439
1478 2292
1479 2292
1480 4566
1481 2439
1482 2292
1483 2439
1484 2292
1485 2312
1486 1606
1487 535
1488 1606
1489 2109
1490 545
1491 545
1492 204
1493 204
1494 204
1495 439
1496 2139
1497 545
1498 545
1499 545
1500 545
1501 5198
1502 202
1503 8
1504 338
1505 204
1506 295
1507 5017
1508 204
1509 365
1510 8
1511 8
1512 8
1513 8
1514 369
1515 8
1516 8
1517 8
1518 54
1519 365
1520 479
1521 204
1522 2139
1523 545
1524 253
1525 1703
1526 2439
1527 2439
1528 2439
1529 2439
1530 2439
1531 4566
1532 2439
1533 2439
1534 2312
1535 2312
1536 1703
1537 2439
1538 1695
1539 3549
1540 535
1541 1606
1542 1606
1543 1703
1544 2439
1545 1703
1546 2292
1547 2292
1548 2292
1549 2292
1550 2312
1551 2439
1552 2439
1553 2292
1554 2439
1555 2439
1556 2439
1557 1606
1558 2439
1559 2439
1560 1845
1561 2312
1562 2439
1563 1606
1564 1845
1565 2527
1566 1239
1567 535
1568 1843
1569 1239
1570 1845
1571 2312
1572 2017
1573 2074
1574 1641
1575 2074
1576 1660
1577 556
1578 556
1579 484
1580 556
1581 2017
1582 2001
1583 2199
1584 5018
1585 2001
1586 1992
1587 2020
1588 2362
1589 5198
1590 2013
1591 484
1592 484
1593 556
1594 2017
1595 2020
1596 8
1597 8
1598 292
1599 202
1600 202
1601 295
1602 295
1603 365
1604 8
1605 202
1606 8
1607 292
1608 8
1609 292
1610 8
1611 8
1612 3845
1613 3936
1614 3465
1615 4262
1616 3465
1617 3465
1618 3845
1619 3845
1620 3936
1621 3782
1622 3122
1623 3835
1624 3835
1625 3782
1626 3790
1627 3936
1628 3845
1629 3590
1630 3936
1631 3936
1632 3936
1633 3474
1634 3474
1635 3590
1636 3845
1637 3590
1638 3845
1639 3465
1640 3845
1641 1917
1642 1917
1643 1379
1644 1572
1645 1379
1646 1917
1647 1917
1648 1917
1649 1868
1650 2314
1651 1917
1652 1379
1653 2314
1654 2407
1655 2407
1656 3936
1657 3936
1658 3845
1659 3590
1660 3845
1661 3845
1662 3465
1663 3845
1664 3936
1665 3588
1666 3474
1667 3122
1668 3588
1669 3588
1670 3936
1671 3588
1672 3475
1673 3936
1674 3845
1675 4342
1676 3845
1677 4342
1678 3936
1679 546
1680 710
1681 710
1682 552
1683 552
1684 710
1685 1457
1686 546
1687 710
1688 559
1689 643
1690 1579
1691 559
1692 1579
1693 1457
1694 710
1695 559
1696 643
1697 1579
1698 1579
1699 1579
1700 1579
1701 1434
1702 1757
1703 1579
1704 365
1705 365
1706 2110
1707 202
1708 2286
1709 202
1710 54
1711 2139
1712 2210
1713 2210
1714 2109
1715 2336
1716 5198
1717 2139
1718 2139
1719 5198
1720 5178
1721 2001
1722 1523
1723 1278
1724 1278
1725 1760
1726 1760
1727 1902
1728 1332
1729 1902
1730 1856
1731 1902
1732 1856
1733 1760
1734 656
1735 1335
1736 1523
1737 792
1738 856
1739 792
1740 757
1741 1331
1742 1331
1743 1335
1744 701
1745 851
1746 857
1747 851
1748 791
1749 1760
1750 2468
1751 5186
1752 2557
1753 1484
1754 4396
1755 3606
1756 2684
1757 502
1758 2684
1759 1279
1760 2468
1761 1278
1762 1743
1763 858
1764 1743
1765 1743
1766 858
1767 1743
1768 864
1769 2261
1770 2357
1771 2074
1772 2357
1773 1743
1774 1743
1775 2261
1776 1743
1777 1743
1778 2150
1779 1742
1780 1742
1781 2151
1782 1743
1783 1743
1784 1803
1785 1803
1786 1742
1787 2596
1788 2007
1789 2007
1790 3018
1791 1728
1792 2007
1793 2233
1794 2233
1795 2965
1796 2007
1797 2965
1798 2153
1799 3087
1800 2965
1801 2965
1802 2093
1803 2253
1804 2980
1805 874
1806 2838
1807 2595
1808 1550
1809 1757
1810 1730
1811 1552
1812 2838
1813 1434
1814 1579
1815 1579
1816 710
1817 2253
1818 1579
1819 1457
1820 1550
1821 2526
1822 1551
1823 1551
1824 1551
1825 1552
1826 1551
1827 810
1828 2988
1829 810
1830 810
1831 2579
1832 810
1833 2026
1834 2526
1835 810
1836 1927
1837 1742
1838 1540
1839 1525
1840 1882
1841 1439
1842 2057
1843 1882
1844 1634
1845 1937
1846 1882
1847 1526
1848 1526
1849 1439
1850 1439
1851 1525
1852 1540
1853 1865
1854 1742
1855 1742
1856 1803
1857 1803
1858 1803
1859 1742
1860 1649
1861 860
1862 860
1863 1509
1864 1540
1865 1540
1866 1540
1867 1534
1868 1669
1869 1569
1870 1569
1871 858
1872 1927
1873 1569
1874 1319
1875 655
1876 2025
1877 1783
1878 2391
1879 1523
1880 792
1881 1523
1882 1523
1883 1523
1884 2391
1885 1332
1886 1523
1887 1523
1888 1332
1889 1332
1890 1332
1891 2391
1892 2578
1893 2391
1894 2391
1895 2506
1896 2460
1897 2578
1898 1763
1899 2687
1900 2840
1901 1760
1902 1278
1903 1278
1904 2263
1905 1763
1906 1760
1907 571
1908 1335
1909 1335
1910 1523
1911 1332
1912 1760
1913 1760
1914 412
1915 318
1916 318
1917 334
1918 334
1919 318
1920 4950
1921 318
1922 318
1923 334
1924 318
1925 318
1926 6
1927 318
1928 3579
1929 3496
1930 3125
1931 3913
1932 3498
1933 3835
1934 3517
1935 3536
1936 3450
1937 3835
1938 866
1939 2260
1940 2391
1941 3375
1942 3375
1943 2665
1944 2664
1945 2664
1946 3266
1947 3266
1948 3006
1949 3987
1950 3987
1951 866
1952 393
1953 393
1954 3501
1955 3501
1956 870
1957 2391
1958 2391
1959 866
1960 393
1961 3501
1962 2425
1963 393
1964 1523
1965 1763
1966 1523
1967 1523
1968 1523
1969 757
1970 473
1971 757
1972 473
1973 777
1974 757
1975 757
1976 637
1977 757
1978 866
1979 870
1980 866
1981 1783
1982 2260
1983 3987
1984 2805
1985 3987
1986 1617
1987 393
1988 791
1989 393
1990 757
1991 866
1992 2325
1993 2353
1994 2284
1995 2284
1996 2792
1997 2489
1998 2667
1999 2318
2000 2365
2001 2328
2002 2365
2003 2295
2004 2112
2005 2167
2006 2112
2007 2112
2008 2112
2009 2115
2010 2112
2011 3066
2012 2437
2013 2958
2014 2284
2015 2167
2016 2295
2017 916
2018 1829
2019 1829
2020 1194
2021 1242
2022 915
2023 2244
2024 1178
2025 1914
2026 916
2027 916
2028 2405
2029 916
2030 1693
2031 1829
2032 1218
2033 1705
2034 3073
2035 1144
2036 3073
2037 1342
2038 1218
2039 1218
2040 1217
2041 1346
2042 1387
2043 1346
2044 1346
2045 974
2046 977
2047 1429
2048 1823
2049 1218
2050 2243
2051 1369
2052 1888
2053 1218
2054 1627
2055 1177
2056 1143
2057 412
2058 308
2059 438
2060 1095
2061 1095
2062 898
2063 902
2064 206
2065 1095
2066 1095
2067 898
2068 1183
2069 1095
2070 438
2071 456
2072 425
2073 1892
2074 1892
2075 1892
2076 1350
2077 1350
2078 1840
2079 913
2080 977
2081 977
2082 1341
2083 978
2084 1183
2085 412
2086 412
2087 311
2088 425
2089 456
2090 368
2091 456
2092 55
2093 318
2094 308
2095 1789
2096 1270
2097 1705
2098 1969
2099 896
2100 486
2101 486
2102 486
2103 896
2104 898
2105 1095
2106 982
2107 463
2108 463
2109 360
2110 463
2111 360
2112 4832
2113 4799
2114 4795
2115 4586
2116 4587
2117 4773
2118 4799
2119 4911
2120 4586
2121 3060
2122 2620
2123 3063
2124 4171
2125 4746
2126 4771
2127 4508
2128 3981
2129 4794
2130 4772
2131 4823
2132 4756
2133 4794
2134 4765
2135 4508
2136 4716
2137 4508
2138 4622
2139 4012
2140 4889
2141 3253
2142 2637
2143 4756
2144 4755
2145 4507
2146 4771
2147 4790
2148 3911
2149 4012
2150 5133
2151 5133
2152 5132
2153 2194
2154 5133
2155 5133
2156 5132
2157 5132
2158 2769
2159 2522
2160 2769
2161 5132
2162 5132
2163 2194
2164 2194
2165 2784
2166 4876
2167 4701
2168 4718
2169 3270
2170 3254
2171 4708
2172 4603
2173 4653
2174 4766
2175 4876
2176 2985
2177 3270
2178 4728
2179 4603
2180 514
2181 3575
2182 3404
2183 3480
2184 4751
2185 4862
2186 4823
2187 4756
2188 4826
2189 4772
2190 4772
2191 4825
2192 4826
2193 4826
2194 4772
2195 4772
2196 4772
2197 4826
2198 4825
2199 4862
2200 4862
2201 4862
2202 4771
2203 4756
2204 4862
2205 4790
2206 4823
2207 2736
2208 542
2209 3956
2210 542
2211 3509
2212 440
2213 542
2214 542
2215 440
2216 2627
2217 542
2218 542
2219 542
2220 3894
2221 4825
2222 4826
2223 4826
2224 4012
2225 4825
2226 4756
2227 4825
2228 4756
2229 4862
2230 4790
2231 4618
2232 4772
2233 3530
2234 3530
2235 425
2236 360
2237 360
2238 463
2239 463
2240 463
2241 463
2242 360
2243 463
2244 463
2245 463
2246 463
2247 463
2248 463
2249 463
2250 4826
2251 4862
2252 4824
2253 4794
2254 4862
2255 4825
2256 4720
2257 4688
2258 4258
2259 3060
2260 3059
2261 3134
2262 3894
2263 4171
2264 4751
2265 4888
2266 3134
2267 4282
2268 4794
2269 5109
2270 4825
2271 4862
2272 2907
2273 4863
2274 4863
2275 3060
2276 4862
2277 4825
2278 4688
2279 4825
2280 4823
2281 4794
2282 4790
2283 892
2284 1771
2285 1110
2286 1771
2287 1771
2288 933
2289 892
2290 4751
2291 3575
2292 4603
2293 4857
2294 4830
2295 4741
2296 4773
2297 4831
2298 4830
2299 4789
2300 4603
2301 4895
2302 4789
2303 4876
2304 360
2305 3526
2306 3805
2307 3079
2308 3805
2309 3079
2310 2366
2311 1877
2312 2410
2313 1965
2314 1965
2315 520
2316 3805
2317 3526
2318 2347
2319 1776
2320 1877
2321 1356
2322 1356
2323 1356
2324 3526
2325 2374
2326 3526
2327 1878
2328 2410
2329 2361
2330 2534
2331 1878
2332 3543
2333 2594
2334 2863
2335 2361
2336 2593
2337 2534
2338 3594
2339 1878
2340 1174
2341 1127
2342 1829
2343 1172
2344 1103
2345 1099
2346 1129
2347 1129
2348 1771
2349 3956
2350 3956
2351 3956
2352 3956
2353 3956
2354 3956
2355 1768
2356 1768
2357 1768
2358 4167
2359 3956
2360 2375
2361 1768
2362 1771
2363 4167
2364 1770
2365 1766
2366 3459
2367 4751
2368 3575
2369 4860
2370 4757
2371 4495
2372 4701
2373 4708
2374 4876
2375 2991
2376 1105
2377 1647
2378 1104
2379 1104
2380 1725
2381 1725
2382 1725
2383 3453
2384 3453
2385 520
2386 3453
2387 1961
2388 1112
2389 2879
2390 1112
2391 1112
2392 3453
2393 3248
2394 3688
2395 3115
2396 3115
2397 3115
2398 3688
2399 3688
2400 3688
2401 3515
2402 3115
2403 3115
2404 3515
2405 3688
2406 3486
2407 3251
2408 3399
2409 3515
2410 3399
2411 2516
2412 2516
2413 2516
2414 2568
2415 2516
2416 2516
2417 2771
2418 2516
2419 2516
2420 2771
2421 2516
2422 2516
2423 2516
2424 2516
2425 2519
2426 2568
2427 2568
2428 2522
2429 2568
2430 2522
2431 2522
2432 2568
2433 2769
2434 2769
2435 2769
2436 2769
2437 2522
2438 2769
2439 2516
2440 2771
2441 2516
2442 1179
2443 2516
2444 2516
2445 2516
2446 2516
2447 2516
2448 1179
2449 1179
2450 2516
2451 1264
2452 3508
2453 2104
2454 2104
2455 763
2456 2125
2457 2125
2458 2104
2459 763
2460 3508
2461 1179
2462 2516
2463 1264
2464 3508
2465 2104
2466 2477
2467 2476
2468 2315
2469 2125
2470 2125
2471 3508
2472 2521
2473 2521
2474 2521
2475 2521
2476 2769
2477 2521
2478 2521
2479 2521
2480 2769
2481 2521
2482 4167
2483 3378
2484 2982
2485 2521
2486 2605
2487 2699
2488 4167
2489 3378
2490 3378
2491 3378
2492 2375
2493 2792
2494 2792
2495 2792
2496 2792
2497 2792
2498 2480
2499 2792
2500 2953
2501 3523
2502 3523
2503 2953
2504 2318
2505 2328
2506 1437
2507 3044
2508 3111
2509 2595
2510 2977
2511 3044
2512 3111
2513 3044
2514 1437
2515 1955
2516 3044
2517 2958
2518 2959
2519 3066
2520 2959
2521 2112
2522 2977
2523 2977
2524 2437
2525 2437
2526 2977
2527 1437
2528 2365
2529 2397
2530 2397
2531 2365
2532 2325
2533 2026
2534 2026
2535 2026
2536 2026
2537 2480
2538 2480
2539 2480
2540 2480
2541 2026
2542 2026
2543 2026
2544 810
2545 810
2546 817
2547 1968
2548 1968
2549 1939
2550 1968
2551 1968
2552 1526
2553 1526
2554 811
2555 1968
2556 1939
2557 1968
2558 1939
2559 2055
2560 2114
2561 2055
2562 2432
2563 2114
2564 2114
2565 2057
2566 2055
2567 2472
2568 2472
2569 2472
2570 2057
2571 2057
2572 2057
2573 2057
2574 2057
2575 2057
2576 2057
2577 1968
2578 1438
2579 2480
2580 2480
2581 2480
2582 1438
2583 2432
2584 2480
2585 1968
2586 3488
2587 1326
2588 3515
2589 2689
2590 2472
2591 1171
2592 2472
2593 3392
2594 2472
2595 2472
2596 2472
2597 2472
2598 2057
2599 2057
2600 2057
2601 2057
2602 1439
2603 2057
2604 1634
2605 1415
2606 2057
2607 1415
2608 1415
2609 1415
2610 1415
2611 1415
2612 1415
2613 1415
2614 1415
2615 1415
2616 1415
2617 1415
2618 1415
2619 1415
2620 1415
2621 3798
2622 3798
2623 3798
2624 1533
2625 3798
2626 3798
2627 1415
2628 2524
2629 3956
2630 2521
2631 3798
2632 2518
2633 2521
2634 3956
2635 2626
2636 2626
2637 542
2638 2626
2639 2627
2640 1126
2641 1126
2642 2484
2643 2626
2644 2626
2645 2463
2646 542
2647 542
2648 440
2649 1681
2650 2605
2651 2605
2652 2964
2653 2871
2654 2964
2655 2964
2656 2871
2657 3378
2658 3378
2659 2964
2660 2964
2661 2964
2662 2964
2663 2964
2664 2964
2665 2945
2666 4229
2667 4229
2668 763
2669 2964
2670 2871
2671 2964
2672 2964
2673 763
2674 2964
2675 2125
2676 2125
2677 2701
2678 763
2679 445
2680 3378
2681 3378
2682 4167
2683 3378
2684 3378
2685 3378
2686 2699
2687 2375
2688 2375
2689 2699
2690 1126
2691 2375
2692 2375
2693 2375
2694 3378
2695 1534
2696 1510
2697 1534
2698 1541
2699 816
2700 1542
2701 1406
2702 1669
2703 1541
2704 1669
2705 1579
2706 1434
2707 1406
2708 1669
2709 1669
2710 1510
2711 1542
2712 1541
2713 1510
2714 1534
2715 1707
2716 1669
2717 2045
2718 3845
2719 3936
2720 3936
2721 3936
2722 3465
2723 3465
2724 4262
2725 3465
2726 3835
2727 3804
2728 3658
2729 3779
2730 3816
2731 3728
2732 3659
2733 3779
2734 3752
2735 3694
2736 3695
2737 3695
2738 3440
2739 3695
2740 308
2741 308
2742 3748
2743 3695
2744 3748
2745 3695
2746 3695
2747 3728
2748 3804
2749 3659
2750 3752
2751 3728
2752 3748
2753 3695
2754 4059
2755 3695
2756 3125
2757 3815
2758 3125
2759 3815
2760 3319
2761 3517
2762 3452
2763 3913
2764 3579
2765 3815
2766 456
2767 2233
2768 2233
2769 2007
2770 2233
2771 2233
2772 2233
2773 2233
2774 2233
2775 2007
2776 2233
2777 2233
2778 2233
2779 2233
2780 2233
2781 2233
2782 2233
2783 2233
2784 3790
2785 3450
2786 3790
2787 3790
2788 3450
2789 3450
2790 3475
2791 3475
2792 3835
2793 3475
2794 3474
2795 3525
2796 3450
2797 3475
2798 3475
2799 6
2800 2177
2801 332
2802 332
2803 1844
2804 1811
2805 1695
2806 1805
2807 1855
2808 1805
2809 1805
2810 2527
2811 1752
2812 1805
2813 1812
2814 1845
2815 1703
2816 1646
2817 1695
2818 1855
2819 1855
2820 2527
2821 1239
2822 1239
2823 2292
2824 1703
2825 2292
2826 2292
2827 1274
2828 1524
2829 1703
2830 4890
2831 2292
2832 2439
2833 2312
2834 2292
2835 2292
2836 4907
2837 2292
2838 2292
2839 4867
2840 4935
2841 2292
2842 2292
2843 213
2844 1760
2845 1319
2846 378
2847 213
2848 213
2849 213
2850 1252
2851 1173
2852 5012
2853 1654
2854 1019
2855 5012
2856 1654
2857 1268
2858 1173
2859 1724
2860 1735
2861 1379
2862 1666
2863 1747
2864 3739
2865 1747
2866 1379
2867 1600
2868 1784
2869 2225
2870 1572
2871 1572
2872 1784
2873 1357
2874 3831
2875 1912
2876 3549
2877 1524
2878 3549
2879 1747
2880 1379
2881 3739
2882 1870
2883 1855
2884 1855
2885 4934
2886 4935
2887 4935
2888 4907
2889 440
2890 1606
2891 4933
2892 4935
2893 4934
2894 2292
2895 5198
2896 545
2897 2439
2898 4890
2899 2292
2900 2292
2901 4907
2902 2292
2903 440
2904 1176
2905 3739
2906 2407
2907 1524
2908 1600
2909 1868
2910 1723
2911 3331
2912 3465
2913 3750
2914 3854
2915 3854
2916 4262
2917 4262
2918 3854
2919 3750
2920 4262
2921 4262
2922 4262
2923 4262
2924 3854
2925 3854
2926 3750
2927 556
2928 1572
2929 2225
2930 2314
2931 1917
2932 1880
2933 3581
2934 1379
2935 3570
2936 1784
2937 1784
2938 1912
2939 3926
2940 4547
2941 2562
2942 3926
2943 526
2944 526
2945 3800
2946 2527
2947 1845
2948 1239
2949 1606
2950 1703
2951 2051
2952 1239
2953 3188
2954 3549
2955 1524
2956 1747
2957 1667
2958 1564
2959 1785
2960 530
2961 1357
2962 1379
2963 2294
2964 2314
2965 3549
2966 3465
2967 4262
2968 44
2969 128
2970 4262
2971 4262
2972 4262
2973 128
2974 2806
2975 4262
2976 3766
2977 3766
2978 3465
2979 3465
2980 3465
2981 3766
2982 3766
2983 3766
2984 3766
2985 3766
2986 3845
2987 3590
2988 3766
2989 4262
2990 4262
2991 3845
2992 3845
2993 1757
2994 1434
2995 1730
2996 1757
2997 1485
2998 5017
2999 2139
3000 295
3001 365
3002 502
3003 4287
3004 4391
3005 4391
3006 4287
3007 4191
3008 4287
3009 4395
3010 4394
3011 4191
3012 4362
3013 4396
3014 3606
3015 1279
3016 3605
3017 4191
3018 3606
3019 2254
3020 857
3021 757
3022 851
3023 1065
3024 851
3025 3987
3026 1948
3027 3987
3028 2246
3029 5186
3030 3606
3031 1616
3032 3004
3033 3067
3034 3989
3035 2720
3036 3006
3037 3006
3038 3266
3039 1799
3040 3328
3041 385
3042 3266
3043 2632
3044 2632
3045 385
3046 3147
3047 2506
3048 2391
3049 2260
3050 3929
3051 1641
3052 1583
3053 879
3054 542
3055 839
3056 1641
3057 2237
3058 2094
3059 2357
3060 2357
3061 2335
3062 1635
3063 2072
3064 1415
3065 2251
3066 2588
3067 2150
3068 2588
3069 1743
3070 2148
3071 2148
3072 2588
3073 3266
3074 3225
3075 3006
3076 2247
3077 3067
3078 3004
3079 3225
3080 858
3081 1925
3082 1925
3083 1281
3084 1280
3085 1694
3086 1280
3087 3989
3088 3989
3089 1280
3090 2540
3091 1280
3092 1280
3093 2538
3094 1280
3095 2540
3096 3571
3097 3600
3098 2538
3099 3601
3100 4145
3101 4196
3102 4279
3103 1279
3104 3605
3105 2468
3106 4196
3107 2538
3108 3600
3109 2541
3110 2538
3111 3600
3112 2972
3113 3699
3114 4287
3115 4395
3116 4287
3117 3795
3118 2541
3119 1763
3120 1791
3121 1742
3122 864
3123 1793
3124 858
3125 1743
3126 1632
3127 1804
3128 1027
3129 1173
3130 808
3131 475
3132 1021
3133 777
3134 823
3135 1648
3136 1661
3137 1173
3138 1743
3139 1694
3140 3571
3141 3571
3142 1280
3143 1970
3144 2541
3145 3989
3146 3523
3147 3470
3148 2318
3149 2318
3150 2479
3151 3399
3152 3523
3153 3523
3154 3523
3155 3470
3156 3523
3157 3523
3158 3251
3159 2318
3160 2923
3161 2489
3162 3092
3163 3092
3164 2169
3165 2479
3166 3418
3167 2360
3168 3092
3169 3520
3170 2923
3171 2360
3172 1346
3173 1346
3174 1346
3175 1346
3176 974
3177 974
3178 1346
3179 1429
3180 1346
3181 1346
3182 1346
3183 977
3184 1429
3185 974
3186 1840
3187 977
3188 977
3189 1429
3190 977
3191 974
3192 977
3193 977
3194 2167
3195 2115
3196 2115
3197 1705
3198 1354
3199 1725
3200 1734
3201 1354
3202 1172
3203 445
3204 181
3205 4012
3206 4772
3207 4825
3208 4823
3209 4823
3210 4507
3211 4790
3212 4765
3213 4508
3214 4012
3215 1402
3216 1326
3217 3115
3218 1326
3219 1402
3220 3115
3221 3115
3222 484
3223 2192
3224 490
3225 2469
3226 3115
3227 3115
3228 3115
3229 3115
3230 3327
3231 3486
3232 3486
3233 4500
3234 4848
3235 4913
3236 4857
3237 4716
3238 4508
3239 4794
3240 486
3241 542
3242 542
3243 4825
3244 4823
3245 4765
3246 4508
3247 4794
3248 4826
3249 1734
3250 4912
3251 4333
3252 4605
3253 4333
3254 4648
3255 4742
3256 4898
3257 4905
3258 4822
3259 1961
3260 898
3261 1576
3262 939
3263 486
3264 5015
3265 5015
3266 934
3267 1563
3268 901
3269 2953
3270 2532
3271 2318
3272 2923
3273 2169
3274 3418
3275 3470
3276 2955
3277 3523
3278 3523
3279 3523
3280 3470
3281 2323
3282 2480
3283 2442
3284 2689
3285 810
3286 3488
3287 3515
3288 311
3289 438
3290 456
3291 1085
3292 2696
3293 1183
3294 478
3295 478
3296 478
3297 478
3298 55
3299 456
3300 438
3301 456
3302 328
3303 1705
3304 1099
3305 2516
3306 2521
3307 2769
3308 2521
3309 2769
3310 2769
3311 2521
3312 2769
3313 2769
3314 2522
3315 2769
3316 2521
3317 2521
3318 2769
3319 2521
3320 5132
3321 5133
3322 2518
3323 5133
3324 5132
3325 2769
3326 2518
3327 2518
3328 2518
3329 1541
3330 3816
3331 3658
3332 3752
3333 3779
3334 3659
3335 3536
3336 3474
3337 3474
3338 3588
3339 3122
3340 3450
3341 3474
3342 1843
3343 1812
3344 1843
3345 2292
3346 535
3347 845
3348 792
3349 757
3350 792
3351 1335
3352 656
3353 1335
3354 656
3355 1335
3356 1331
3357 856
3358 856
3359 845
3360 1335
3361 823
3362 845
3363 777
3364 211
3365 777
3366 211
3367 211
3368 777
3369 823
3370 851
3371 845
3372 845
3373 851
3374 543
3375 1984
3376 486
3377 486
3378 542
3379 542
3380 4867
3381 4933
3382 4890
3383 4567
3384 4804
3385 2022
3386 4907
3387 2292
3388 4907
3389 4868
3390 4935
3391 4935
3392 2292
3393 4890
3394 2292
3395 4933
3396 4591
3397 2022
3398 4867
3399 545
3400 8
3401 2312
3402 4890
3403 1928
3404 4934
3405 2439
3406 2439
3407 4907
3408 2312
3409 2139
3410 3475
3411 3451
3412 3936
3413 3451
3414 3744
3415 3124
3416 3936
3417 2261
3418 1868
3419 2453
3420 1560
3421 1774
3422 1775
3423 1714
3424 1549
3425 2286
3426 2199
3427 2199
3428 2042
3429 2178
3430 2107
3431 206
3432 486
3433 2106
3434 2286
3435 202
3436 2020
3437 542
3438 440
3439 542
3440 2017
3441 440
3442 2684
3443 4463
3444 4391
3445 4362
3446 3795
3447 3795
3448 4474
3449 507
3450 1282
3451 4057
3452 3600
3453 3795
3454 4463
3455 3795
3456 4396
3457 2074
3458 877
3459 1460
3460 544
3461 1460
3462 148
3463 1460
3464 1639
3465 405
3466 1516
3467 1593
3468 1460
3469 810
3470 1550
3471 1634
3472 1882
3473 1415
3474 1415
3475 860
3476 2072
3477 860
3478 812
3479 2349
3480 2198
3481 1415
3482 1635
3483 1415
3484 1415
3485 2349
3486 1634
3487 1415
3488 757
3489 3233
3490 3688
3491 1346
3492 1346
3493 1429
3494 1840
3495 2115
3496 2115
3497 2112
3498 2167
3499 2112
3500 4669
3501 4857
3502 4491
3503 4613
3504 4613
3505 4613
3506 4508
3507 4613
3508 4794
3509 4756
3510 4823
3511 4823
3512 4507
3513 4716
3514 4716
3515 4771
3516 1827
3517 1139
3518 1174
3519 1174
3520 1546
3521 1337
3522 1377
3523 1337
3524 1776
3525 1356
3526 1174
3527 1836
3528 1112
3529 520
3530 1112
3531 1819
3532 520
3533 1965
3534 2933
3535 2410
3536 1965
3537 1836
3538 1085
3539 2476
3540 2477
3541 2315
3542 2315
3543 2456
3544 2315
3545 2386
3546 2954
3547 391
3548 3293
3549 2477
3550 2315
3551 2386
3552 2125
3553 2376
3554 2376
3555 3956
3556 2375
3557 2375
3558 2375
3559 2923
3560 2360
3561 3092
3562 3092
3563 2441
3564 2397
3565 2441
3566 2367
3567 2360
3568 3426
3569 2169
3570 2919
3571 1437
3572 3187
3573 1415
3574 1415
3575 1415
3576 556
3577 1641
3578 1661
3579 1661
3580 1583
3581 1583
3582 1583
3583 1641
3584 1583
3585 440
3586 1641
3587 1660
3588 2626
3589 481
3590 1350
3591 1264
3592 2701
3593 2125
3594 4229
3595 2701
3596 2701
3597 2701
3598 2477
3599 2477
3600 2701
3601 4229
3602 3378
3603 3378
3604 3378
3605 3378
3606 4167
3607 3378
3608 3378
3609 2871
3610 2945
3611 2871
3612 3378
3613 2605
3614 4229
3615 2945
3616 1123
3617 3104
3618 4167
3619 4229
3620 3378
3621 2016
3622 2016
3623 2216
3624 2216
3625 2233
3626 2216
3627 2216
3628 2007
3629 2007
3630 2153
3631 3275
3632 3087
3633 2153
3634 3219
3635 3219
3636 3141
3637 3203
3638 2158
3639 2155
3640 2155
3641 3275
3642 3047
3643 3263
3644 3047
3645 3221
3646 2155
3647 2153
3648 2007
3649 2595
3650 2233
3651 2233
3652 2233
3653 2216
3654 3141
3655 2155
3656 3275
3657 2016
3658 3047
3659 1999
3660 3141
3661 2155
3662 3047
3663 3047
3664 3308
3665 3263
3666 2158
3667 3219
3668 2934
3669 2896
3670 2242
3671 2950
3672 2240
3673 317
3674 317
3675 351
3676 554
3677 148
3678 554
3679 2508
3680 874
3681 874
3682 3221
3683 3263
3684 3052
3685 3150
3686 2222
3687 1579
3688 1457
3689 1474
3690 1579
3691 1579
3692 546
3693 1460
3694 1516
3695 1639
3696 405
3697 148
3698 501
3699 546
3700 1460
3701 3658
3702 3752
3703 3752
3704 3804
3705 3728
3706 3658
3707 3752
3708 3658
3709 3752
3710 3659
3711 3658
3712 3749
3713 3936
3714 3590
3715 3465
3716 3845
3717 4262
3718 4262
3719 3694
3720 2233
3721 4566
3722 4867
3723 4675
3724 4934
3725 2292
3726 4935
3727 4935
3728 4907
3729 556
3730 3549
3731 2407
3732 5017
3733 1579
3734 1669
3735 1434
3736 1579
3737 1406
3738 1549
3739 1434
3740 3936
3741 3590
3742 3590
3743 3590
3744 3845
3745 3590
3746 3936
3747 3845
3748 3766
3749 3590
3750 3845
3751 3936
3752 3588
3753 3474
3754 3936
3755 3766
3756 1335
3757 1523
3758 1523
3759 1760
3760 1279
3761 556
3762 1654
3763 1268
3764 1173
3765 1654
3766 1654
3767 1652
3768 3068
3769 3813
3770 1282
3771 3813
3772 3757
3773 507
3774 3832
3775 3813
3776 3757
3777 3746
3778 2972
3779 3795
3780 4057
3781 3603
3782 3603
3783 4057
3784 3803
3785 2538
3786 3600
3787 3795
3788 757
3789 851
3790 777
3791 807
3792 1021
3793 807
3794 733
3795 777
3796 474
3797 1173
3798 808
3799 1173
3800 3233
3801 3233
3802 1346
3803 1340
3804 978
3805 974
3806 1346
3807 1346
3808 2233
3809 2233
3810 2985
3811 3132
3812 3608
3813 3754
3814 3293
3815 2870
3816 3132
3817 4465
3818 2984
3819 2164
3820 2954
3821 3132
3822 4823
3823 4790
3824 4790
3825 4794
3826 4688
3827 3063
3828 2477
3829 2477
3830 2477
3831 2125
3832 2476
3833 2315
3834 2476
3835 2456
3836 2456
3837 2125
3838 2273
3839 2315
3840 2275
3841 2606
3842 2499
3843 2456
3844 2315
3845 2317
3846 2521
3847 1582
3848 1793
3849 647
3850 974
3851 4795
3852 4911
3853 4799
3854 4795
3855 4795
3856 4799
3857 3530
3858 2605
3859 2521
3860 4688
3861 3185
3862 898
3863 1095
3864 1085
3865 1243
3866 1095
3867 2476
3868 2477
3869 2315
3870 2386
3871 2456
3872 2954
3873 2456
3874 2386
3875 2476
3876 4856
3877 4229
3878 4586
3879 4795
3880 4911
3881 4856
3882 3904
3883 3489
3884 2870
3885 3083
3886 3810
3887 391
3888 391
3889 2164
3890 3904
3891 2164
3892 3293
3893 3810
3894 3810
3895 2945
3896 2125
3897 2125
3898 2125
3899 2125
3900 2477
3901 2125
3902 2477
3903 2477
3904 2125
3905 2477
3906 2701
3907 2477
3908 763
3909 2521
3910 2769
3911 2769
3912 2769
3913 2521
3914 2769
3915 2769
3916 2769
3917 2769
3918 2769
3919 915
3920 3417
3921 1377
3922 1546
3923 1776
3924 1112
3925 2374
3926 1546
3927 3526
3928 3399
3929 1112
3930 3405
3931 4605
3932 4801
3933 4333
3934 3461
3935 3480
3936 2933
3937 1112
3938 3115
3939 5133
3940 2463
3941 816
3942 1541
3943 1019
3944 1019
3945 1019
3946 148
3947 148
3948 1516
3949 1688
3950 1639
3951 1585
3952 404
3953 1516
3954 404
3955 1639
3956 432
3957 317
3958 203
3959 3816
3960 3695
3961 3694
3962 1542
3963 1669
3964 1608
3965 1570
3966 647
3967 1406
3968 138
3969 121
3970 1606
3971 121
3972 121
3973 2527
3974 121
3975 485
3976 440
3977 440
3978 4867
3979 1572
3980 3409
3981 1957
3982 1957
3983 1784
3984 3582
3985 1912
3986 1917
3987 851
3988 845
3989 845
3990 851
3991 851
3992 851
3993 211
3994 211
3995 851
3996 757
3997 1332
3998 3989
3999 1281
4000 1281
4001 393
4002 3006
4003 394
4004 3571
4005 1775
4006 2439
4007 4867
4008 4804
4009 4572
4010 4805
4011 4567
4012 4578
4013 4572
4014 4572
4015 4867
4016 4867
4017 777
4018 777
4019 777
4020 4934
4021 4867
4022 2292
4023 3606
4024 3605
4025 3600
4026 3803
4027 3604
4028 3699
4029 2719
4030 1617
4031 440
4032 3790
4033 4262
4034 4262
4035 2806
4036 128
4037 4148
4038 83
4039 4262
4040 83
4041 3577
4042 3469
4043 3762
4044 3627
4045 3627
4046 3124
4047 3695
4048 3590
4049 3936
4050 3936
4051 3590
4052 3588
4053 3845
4054 3845
4055 3845
4056 4262
4057 4262
4058 3766
4059 4262
4060 4148
4061 128
4062 3590
4063 1707
4064 1540
4065 817
4066 817
4067 1510
4068 1654
4069 490
4070 1173
4071 4572
4072 4572
4073 4572
4074 1387
4075 1387
4076 4826
4077 4716
4078 4613
4079 4613
4080 4508
4081 4790
4082 4613
4083 4613
4084 4823
4085 4618
4086 4622
4087 4613
4088 4613
4089 4718
4090 3083
4091 4723
4092 2985
4093 3132
4094 4701
4095 4557
4096 4701
4097 4723
4098 2985
4099 4664
4100 4728
4101 2985
4102 1620
4103 4723
4104 4701
4105 2534
4106 2594
4107 3594
4108 1622
4109 2814
4110 3811
4111 1950
4112 2593
4113 1353
4114 2771
4115 2516
4116 2516
4117 4716
4118 4762
4119 4794
4120 4876
4121 3459
4122 3132
4123 2714
4124 2127
4125 2714
4126 3608
4127 3608
4128 3810
4129 3754
4130 2635
4131 2984
4132 2606
4133 2317
4134 3090
4135 2386
4136 2276
4137 3205
4138 3810
4139 2170
4140 2125
4141 2386
4142 3293
4143 2477
4144 2516
4145 2516
4146 2522
4147 2522
4148 2500
4149 2275
4150 2477
4151 2125
4152 2125
4153 2477
4154 2477
4155 2984
4156 3380
4157 3293
4158 2386
4159 3754
4160 3293
4161 2954
4162 2954
4163 4906
4164 4763
4165 4508
4166 4507
4167 4763
4168 4622
4169 4613
4170 4763
4171 4508
4172 4613
4173 4622
4174 4763
4175 4508
4176 4508
4177 4794
4178 4508
4179 4613
4180 2386
4181 3380
4182 3904
4183 3489
4184 3810
4185 3132
4186 3293
4187 3380
4188 3205
4189 3293
4190 478
4191 3378
4192 2945
4193 2456
4194 4613
4195 4613
4196 4613
4197 4622
4198 4508
4199 4790
4200 4613
4201 4613
4202 4508
4203 4613
4204 4508
4205 4613
4206 4613
4207 4613
4208 4795
4209 4795
4210 4795
4211 4795
4212 4795
4213 4795
4214 4795
4215 4795
4216 4911
4217 3904
4218 4229
4219 4229
4220 4229
4221 2386
4222 4259
4223 4613
4224 4716
4225 4613
4226 4603
4227 3270
4228 3904
4229 5132
4230 4508
4231 484
4232 2115
4233 3066
4234 2112
4235 2437
4236 2977
4237 3044
4238 2595
4239 1905
4240 1905
4241 3024
4242 2595
4243 4000
4244 3111
4245 1904
4246 1904
4247 1437
4248 1955
4249 3357
4250 3044
4251 3044
4252 2977
4253 3066
4254 2115
4255 2115
4256 2365
4257 2365
4258 3364
4259 3066
4260 2437
4261 1340
4262 1346
4263 1346
4264 1693
4265 1387
4266 1346
4267 1346
4268 1346
4269 1346
4270 1346
4271 1172
4272 2462
4273 1112
4274 2933
4275 4905
4276 4902
4277 520
4278 3480
4279 4801
4280 1112
4281 2933
4282 2933
4283 2410
4284 1950
4285 2593
4286 2593
4287 520
4288 1950
4289 3532
4290 2893
4291 4481
4292 2893
4293 2974
4294 3594
4295 4761
4296 4695
4297 4527
4298 2974
4299 512
4300 2815
4301 2726
4302 3820
4303 2726
4304 2815
4305 3734
4306 2815
4307 2815
4308 3734
4309 3028
4310 3734
4311 2816
4312 4662
4313 4050
4314 4531
4315 4422
4316 4432
4317 2726
4318 4384
4319 1285
4320 4553
4321 4328
4322 4404
4323 4482
4324 4549
4325 4429
4326 4377
4327 4436
4328 4481
4329 2726
4330 2726
4331 2713
4332 2302
4333 2713
4334 2713
4335 4483
4336 2713
4337 4477
4338 4477
4339 3921
4340 4043
4341 4044
4342 3918
4343 3943
4344 5087
4345 4046
4346 4407
4347 4369
4348 4406
4349 4695
4350 4689
4351 4545
4352 4543
4353 4742
4354 4556
4355 4333
4356 4740
4357 4383
4358 4549
4359 4377
4360 4377
4361 4047
4362 4377
4363 4047
4364 4482
4365 4371
4366 4436
4367 4482
4368 4544
4369 4464
4370 4475
4371 4549
4372 4382
4373 4371
4374 4377
4375 5099
4376 5088
4377 4047
4378 5088
4379 3917
4380 3943
4381 3955
4382 3958
4383 5094
4384 5099
4385 4526
4386 5099
4387 5098
4388 3958
4389 4006
4390 4126
4391 3955
4392 3955
4393 5098
4394 5099
4395 5085
4396 5085
4397 5094
4398 4377
4399 5085
4400 5098
4401 4371
4402 4377
4403 4371
4404 4377
4405 4536
4406 5099
4407 5099
4408 4046
4409 4325
4410 4377
4411 5085
4412 3955
4413 3958
4414 4126
4415 3955
4416 3958
4417 3955
4418 4126
4419 2944
4420 4006
4421 5092
4422 2899
4423 3903
4424 3097
4425 3943
4426 3585
4427 3418
4428 3403
4429 3418
4430 3418
4431 3418
4432 3470
4433 3523
4434 3470
4435 2963
4436 3418
4437 3585
4438 3682
4439 2919
4440 4126
4441 3994
4442 3402
4443 3093
4444 3682
4445 4212
4446 3995
4447 3959
4448 2748
4449 3096
4450 3959
4451 4126
4452 3402
4453 3402
4454 2944
4455 3403
4456 4239
4457 2748
4458 2944
4459 2441
4460 3418
4461 2169
4462 2955
4463 2955
4464 3403
4465 4325
4466 4436
4467 4429
4468 1659
4469 4384
4470 2635
4471 4442
4472 2869
4473 4468
4474 2302
4475 2591
4476 4038
4477 2899
4478 2602
4479 1618
4480 2080
4481 2602
4482 2359
4483 4424
4484 3940
4485 2561
4486 2591
4487 2591
4488 2935
4489 2080
4490 2359
4491 4424
4492 4424
4493 4424
4494 4424
4495 3988
4496 4283
4497 3988
4498 3988
4499 2397
4500 4189
4501 2153
4502 2595
4503 3111
4504 4189
4505 3273
4506 3514
4507 1905
4508 1904
4509 1905
4510 2442
4511 4431
4512 3470
4513 3523
4514 3399
4515 3399
4516 3399
4517 3523
4518 4433
4519 3983
4520 5086
4521 4044
4522 392
4523 2561
4524 3903
4525 2602
4526 2602
4527 3988
4528 4424
4529 4424
4530 4424
4531 4043
4532 4348
4533 2692
4534 2944
4535 3827
4536 2052
4537 3227
4538 1618
4539 2591
4540 2591
4541 2591
4542 2591
4543 2591
4544 3594
4545 2893
4546 2726
4547 2893
4548 2816
4549 2816
4550 3532
4551 2893
4552 3722
4553 2726
4554 3734
4555 4526
4556 4801
4557 4801
4558 4740
4559 4835
4560 4695
4561 4527
4562 2462
4563 2879
4564 3722
4565 3820
4566 2726
4567 2302
4568 2713
4569 2976
4570 2713
4571 2671
4572 3418
4573 3092
4574 3470
4575 4902
4576 4801
4577 4648
4578 4487
4579 4486
4580 4590
4581 4482
4582 4695
4583 2302
4584 2441
4585 2367
4586 4242
4587 2751
4588 3402
4589 3332
4590 3251
4591 2881
4592 4534
4593 4424
4594 2359
4595 4283
4596 4283
4597 2367
4598 4283
4599 3399
4600 4044
4601 4689
4602 4905
4603 4689
4604 4590
4605 4742
4606 4464
4607 2516
4608 3752
4609 3752
4610 3695
4611 3659
4612 3728
4613 4933
4614 4846
4615 4572
4616 4805
4617 4866
4618 2292
4619 3475
4620 3475
4621 3936
4622 3475
4623 2225
4624 1722
4625 1613
4626 1379
4627 1785
4628 1667
4629 710
4630 477
4631 1460
4632 502
4633 3221
4634 874
4635 876
4636 2222
4637 874
4638 2381
4639 3221
4640 874
4641 2990
4642 2351
4643 2889
4644 2351
4645 2896
4646 2990
4647 1460
4648 877
4649 2351
4650 1639
4651 1698
4652 1639
4653 1698
4654 1803
4655 2151
4656 2150
4657 1760
4658 4420
4659 4474
4660 4420
4661 4391
4662 3708
4663 3800
4664 4391
4665 4474
4666 3708
4667 3708
4668 2859
4669 4474
4670 4474
4671 4396
4672 3832
4673 3832
4674 4463
4675 3708
4676 509
4677 508
4678 3926
4679 3926
4680 2562
4681 3757
4682 1613
4683 1784
4684 1784
4685 2225
4686 1379
4687 1524
4688 4890
4689 2292
4690 2225
4691 1557
4692 3409
4693 3581
4694 3926
4695 3512
4696 3833
4697 2082
4698 530
4699 1784
4700 1784
4701 3582
4702 1912
4703 530
4704 1379
4705 2859
4706 509
4707 1957
4708 2860
4709 2860
4710 3698
4711 3708
4712 4420
4713 3813
4714 1926
4715 3832
4716 3933
4717 866
4718 3600
4719 4057
4720 3600
4721 4394
4722 3795
4723 3746
4724 3813
4725 2972
4726 3832
4727 2166
4728 3832
4729 3800
4730 508
4731 3746
4732 3833
4733 3736
4734 3812
4735 3409
4736 510
4737 3833
4738 508
4739 3832
4740 3841
4741 2860
4742 3581
4743 1880
4744 1557
4745 3582
4746 3581
4747 1912
4748 510
4749 509
4750 3800
4751 530
4752 2292
4753 4934
4754 2022
4755 2022
4756 4890
4757 4866
4758 2022
4759 4866
4760 4503
4761 4846
4762 4503
4763 4503
4764 2023
4765 4866
4766 4866
4767 4866
4768 2082
4769 4395
4770 2542
4771 3813
4772 3757
4773 507
4774 2860
4775 3832
4776 1282
4777 3813
4778 1694
4779 2541
4780 2541
4781 2540
4782 3926
4783 2314
4784 4867
4785 2292
4786 4503
4787 4846
4788 4503
4789 4567
4790 4927
4791 2292
4792 4866
4793 4805
4794 4503
4795 4805
4796 4846
4797 4805
4798 4805
4799 4933
4800 4572
4801 4567
4802 4805
4803 4805
4804 4846
4805 4907
4806 4572
4807 4572
4808 4890
4809 2292
4810 4567
4811 4934
4812 120
4813 138
4814 121
4815 138
4816 121
4817 121
4818 121
4819 120
4820 138
4821 63
4822 2998
4823 1752
4824 777
4825 3047
4826 3047
4827 3297
4828 2379
4829 3112
4830 2896
4831 2981
4832 2981
4833 3112
4834 2887
4835 2887
4836 2380
4837 3263
4838 3297
4839 3297
4840 2952
4841 2981
4842 3112
4843 2888
4844 3112
4845 3112
4846 2379
4847 2887
4848 2981
4849 3047
4850 2142
4851 2898
4852 2898
4853 2449
4854 871
4855 2929
4856 2427
4857 2449
4858 2929
4859 2886
4860 871
4861 2981
4862 2590
4863 1864
4864 2427
4865 2475
4866 2536
4867 2841
4868 2887
4869 871
4870 2841
4871 1414
4872 2886
4873 2427
4874 2449
4875 2449
4876 2475
4877 2887
4878 2886
4879 2886
4880 1414
4881 1586
4882 2536
4883 1414
4884 1586
4885 1698
4886 1414
4887 1414
4888 1414
4889 2897
4890 1698
4891 1443
4892 1573
4893 1443
4894 1443
4895 1573
4896 1516
4897 1709
4898 1573
4899 262
4900 1592
4901 1711
4902 531
4903 1894
4904 1721
4905 1894
4906 1894
4907 1690
4908 1686
4909 1690
4910 531
4911 1477
4912 1444
4913 1721
4914 1670
4915 1711
4916 1740
4917 1740
4918 1711
4919 1711
4920 2430
4921 1588
4922 1586
4923 1443
4924 2688
4925 400
4926 375
4927 2688
4928 1690
4929 355
4930 354
4931 1588
4932 1690
4933 2536
4934 1602
4935 2787
4936 2430
4937 1736
4938 2582
4939 3552
4940 2536
4941 1556
4942 1952
4943 297
4944 531
4945 2537
4946 2917
4947 1664
4948 2729
4949 1478
4950 1858
4951 2428
4952 1478
4953 2842
4954 1477
4955 2788
4956 1446
4957 1954
4958 2917
4959 2785
4960 2842
4961 1858
4962 2729
4963 1446
4964 2785
4965 2918
4966 2918
4967 2917
4968 1446
4969 1664
4970 1478
4971 1477
4972 354
4973 374
4974 1588
4975 400
4976 1588
4977 504
4978 297
4979 2842
4980 3081
4981 1445
4982 2842
4983 1556
4984 355
4985 1852
4986 374
4987 1588
4988 1588
4989 410
4990 410
4991 410
4992 2427
4993 1690
4994 1690
4995 1586
4996 1709
4997 1588
4998 1954
4999 1446
5000 2918
5001 189
5002 190
5003 2917
5004 1446
5005 1954
5006 2918
5007 190
5008 2918
5009 243
5010 187
5011 2918
5012 1858
5013 1664
5014 1478
5015 2917
5016 1446
5017 2918
5018 2918
5019 2918
5020 1446
5021 2917
5022 1664
5023 2943
5024 2581
5025 297
5026 3376
5027 3054
5028 2729
5029 1853
5030 190
5031 83
5032 83
5033 243
5034 83
5035 187
5036 128
5037 128
5038 44
5039 243
5040 190
5041 190
5042 189
5043 190
5044 83
5045 83
5046 187
5047 243
5048 190
5049 3009
5050 3863
5051 3009
5052 3008
5053 1446
5054 3009
5055 1446
5056 187
5057 190
5058 243
5059 2917
5060 2786
5061 2917
5062 3204
5063 3376
5064 2787
5065 3401
5066 3567
5067 2786
5068 3330
5069 3008
5070 83
5071 3854
5072 4197
5073 5046
5074 3012
5075 3009
5076 3012
5077 3329
5078 4197
5079 4018
5080 5057
5081 3551
5082 3779
5083 3779
5084 3627
5085 3752
5086 3752
5087 3728
5088 3779
5089 4262
5090 4148
5091 3854
5092 83
5093 4197
5094 3750
5095 83
5096 3750
5097 4262
5098 3474
5099 3474
5100 3854
5101 3580
5102 1556
5103 2581
5104 1740
5105 3081
5106 1578
5107 1679
5108 1690
5109 1555
5110 3081
5111 2943
5112 1554
5113 1679
5114 2536
5115 1690
5116 374
5117 1611
5118 1638
5119 375
5120 1684
5121 335
5122 1552
5123 263
5124 148
5125 561
5126 1593
5127 1476
5128 871
5129 2886
5130 1414
5131 871
5132 1709
5133 1626
5134 2449
5135 2427
5136 2475
5137 1690
5138 1680
5139 2475
5140 505
5141 505
5142 2536
5143 3280
5144 3567
5145 3330
5146 2786
5147 3567
5148 2786
5149 3280
5150 3401
5151 2430
5152 3567
5153 2786
5154 2786
5155 3330
5156 2786
5157 1740
5158 3054
5159 3567
5160 3008
5161 3008
5162 2918
5163 1446
5164 3009
5165 3009
5166 190
5167 3009
5168 3008
5169 83
5170 83
5171 83
5172 83
5173 2806
5174 128
5175 187
5176 190
5177 83
5178 1
5179 3584
5180 187
5181 128
5182 1446
5183 4262
5184 4262
5185 4262
5186 4262
5187 44
5188 4262
5189 263
5190 2951
5191 2787
5192 2918
5193 83
5194 243
5195 2731
5196 1740
5197 3112
5198 2981
