0 3758
1 3649
2 3767
3 3663
4 3767
5 3661
6 3665
7 3719
8 4459
9 4571
10 3627
11 3619
12 3619
13 3619
14 3602
15 3598
16 3598
17 3598
18 3781
19 3882
20 3815
21 3882
22 3882
23 3854
24 3858
25 3860
26 3860
27 3860
28 3860
29 3860
30 3866
31 3882
32 3882
33 3882
34 3882
35 3815
36 3815
37 3882
38 3882
39 3882
40 3882
41 3858
42 3858
43 3602
44 3601
45 3595
46 3824
47 3861
48 3861
49 3860
50 3593
51 3651
52 3661
53 3719
54 4571
55 4459
56 3680
57 3680
58 3680
59 3663
60 3860
61 3759
62 3860
63 3860
64 3861
65 3861
66 3882
67 3882
68 3882
69 3822
70 3815
71 3815
72 3815
73 3882
74 3824
75 3861
76 3780
77 3607
78 3724
79 3719
80 3607
81 3595
82 3758
83 3615
84 3830
85 3882
86 3608
87 3727
88 3651
89 3758
90 3727
91 3728
92 3680
93 3860
94 3860
95 3861
96 3861
97 3861
98 3861
99 3860
100 3861
101 3860
102 3860
103 3860
104 3858
105 3854
106 3849
107 3858
108 3860
109 3600
110 3860
111 3860
112 3861
113 3861
114 3822
115 3882
116 3861
117 3861
118 3758
119 3608
120 3860
121 3860
122 3860
123 3783
124 3860
125 3861
126 3861
127 3861
128 3861
129 3685
130 3663
131 3730
132 3730
133 3660
134 3744
135 3472
136 3626
137 3540
138 3501
139 3559
140 3619
141 4590
142 4458
143 3744
144 4600
145 3783
146 3860
147 3601
148 3724
149 3663
150 3661
151 3861
152 3861
153 3854
154 3758
155 3767
156 3860
157 3861
158 3824
159 3882
160 3882
161 3882
162 3882
163 3882
164 3815
165 3815
166 3815
167 3815
168 3882
169 3775
170 3882
171 3882
172 3815
173 3815
174 3815
175 3822
176 3649
177 3686
178 3683
179 3683
180 3861
181 3861
182 3882
183 3815
184 3882
185 3683
186 3607
187 3661
188 3658
189 4600
190 4459
191 4571
192 4458
193 4458
194 4458
195 3744
196 3626
197 1470
198 1480
199 3039
200 3564
201 3469
202 3560
203 1480
204 3528
205 3528
206 3626
207 3660
208 4571
209 3730
210 3512
211 3680
212 4571
213 3738
214 3744
215 3644
216 3619
217 3744
218 3767
219 3860
220 3824
221 3824
222 3824
223 3824
224 3860
225 3602
226 3767
227 3658
228 3824
229 3655
230 3658
231 3680
232 3855
233 3866
234 3854
235 3866
236 3682
237 3665
238 3861
239 3824
240 3860
241 3661
242 3665
243 3719
244 4571
245 4571
246 4459
247 3861
248 3861
249 3824
250 3682
251 3719
252 3720
253 3660
254 3644
255 3528
256 3655
257 3731
258 3861
259 3861
260 3824
261 3824
262 3658
263 3661
264 3861
265 3683
266 3608
267 3607
268 3767
269 3660
270 3861
271 3719
272 3861
273 3861
274 3861
275 3728
276 3824
277 3661
278 3882
279 3658
280 3730
281 3655
282 3665
283 3680
284 3730
285 4571
286 4600
287 3651
288 4459
289 3739
290 3744
291 3644
292 3861
293 3882
294 3861
295 3775
296 4459
297 3651
298 3685
299 3683
300 3680
301 3658
302 3661
303 4459
304 3824
305 3824
306 3658
307 3660
308 3750
309 3730
310 3822
311 3882
312 3882
313 3781
314 3781
315 3775
316 3598
317 3775
318 3781
319 3598
320 3608
321 3739
322 3723
323 4600
324 3767
325 3661
326 3739
327 3623
328 3861
329 3730
330 4459
331 3738
332 3824
333 3882
334 3682
335 3658
336 4571
337 3734
338 3598
339 3830
340 3824
341 3767
342 4458
343 4459
344 3638
345 3824
346 3682
347 3627
348 3882
349 3882
350 3882
351 3815
352 3824
353 3824
354 4459
355 3882
356 3861
357 3678
358 4459
359 4459
360 4459
361 3815
362 3617
363 3644
364 3703
365 3541
366 3562
367 3507
368 3048
369 3083
370 3083
371 3131
372 152
373 2214
374 2217
375 2369
376 2415
377 2338
378 2328
379 2372
380 2372
381 2393
382 1768
383 929
384 2407
385 2433
386 2370
387 2409
388 929
389 3882
390 3727
391 3685
392 3685
393 3815
394 3815
395 4571
396 3617
397 3644
398 3528
399 3540
400 3703
401 3541
402 3564
403 3347
404 3347
405 3540
406 3646
407 3682
408 3663
409 3680
410 3738
411 3882
412 3882
413 3882
414 3882
415 3815
416 3815
417 3758
418 3626
419 3719
420 3882
421 3882
422 3815
423 3815
424 3815
425 3703
426 3815
427 4602
428 3744
429 3882
430 4602
431 4459
432 4590
433 3882
434 3744
435 3607
436 3775
437 3882
438 3558
439 3882
440 3815
441 3815
442 3815
443 4602
444 3882
445 3882
446 3882
447 3815
448 3781
449 3768
450 3768
451 3882
452 4459
453 3562
454 3620
455 3703
456 1480
457 3564
458 3100
459 3099
460 4571
461 4458
462 4458
463 3738
464 3744
465 3748
466 3528
467 3638
468 3540
469 3738
470 4602
471 3734
472 3476
473 4458
474 4458
475 4458
476 3626
477 3619
478 1470
479 3091
480 7
481 174
482 10
483 3140
484 3128
485 3131
486 371
487 4248
488 4315
489 4454
490 4136
491 2456
492 2540
493 2540
494 2494
495 2512
496 2512
497 4480
498 4567
499 4546
500 4663
501 4794
502 4806
503 4750
504 4716
505 4713
506 2660
507 2591
508 2996
509 2990
510 2733
511 2735
512 2797
513 2725
514 3738
515 3748
516 3703
517 4590
518 4590
519 4590
520 3541
521 3469
522 4458
523 3562
524 3744
525 3558
526 3744
527 3703
528 3512
529 3528
530 3562
531 3558
532 3469
533 3503
534 3703
535 3619
536 3748
537 3744
538 3558
539 3469
540 3507
541 3528
542 3748
543 3562
544 1470
545 3558
546 3469
547 3476
548 3562
549 3476
550 3568
551 3347
552 3347
553 3365
554 3558
555 2250
556 2250
557 2250
558 1628
559 2250
560 1628
561 1628
562 1628
563 2250
564 2250
565 2225
566 2225
567 2225
568 2250
569 2250
570 2250
571 2225
572 2225
573 2225
574 2225
575 2225
576 2225
577 2225
578 2225
579 595
580 670
581 670
582 670
583 670
584 685
585 685
586 685
587 685
588 552
589 552
590 552
591 395
592 317
593 362
594 396
595 552
596 396
597 316
598 4819
599 4819
600 4693
601 396
602 2250
603 2250
604 2250
605 2250
606 2250
607 2250
608 2250
609 1628
610 2250
611 2250
612 2250
613 1628
614 1628
615 2250
616 1628
617 2250
618 1628
619 2250
620 1628
621 1628
622 1628
623 1628
624 1628
625 1628
626 1628
627 1628
628 1628
629 1628
630 1628
631 1628
632 1628
633 1628
634 1628
635 3558
636 3564
637 2250
638 2225
639 2225
640 2225
641 2225
642 2225
643 2225
644 595
645 2250
646 2225
647 2225
648 2225
649 2225
650 2225
651 2225
652 2225
653 595
654 595
655 670
656 2225
657 2225
658 2225
659 2225
660 2225
661 2225
662 595
663 670
664 670
665 685
666 722
667 3476
668 3528
669 3560
670 3048
671 355
672 355
673 355
674 355
675 3365
676 2250
677 2250
678 2250
679 1628
680 2250
681 2225
682 3564
683 2250
684 2250
685 1628
686 1628
687 1628
688 3562
689 1628
690 1628
691 3498
692 1628
693 2225
694 2225
695 2225
696 595
697 2225
698 2225
699 2225
700 2225
701 3476
702 1540
703 3528
704 3048
705 3365
706 1628
707 1628
708 1628
709 1628
710 1628
711 1628
712 1628
713 1628
714 1628
715 1628
716 2250
717 2225
718 2225
719 2250
720 2250
721 1628
722 2250
723 2225
724 2225
725 2225
726 2225
727 2225
728 3512
729 2225
730 2225
731 2225
732 2225
733 595
734 670
735 670
736 1628
737 1628
738 1628
739 1628
740 1628
741 1628
742 1628
743 1628
744 2250
745 2225
746 2225
747 2250
748 2250
749 1628
750 1628
751 2056
752 2056
753 2056
754 2056
755 2056
756 2056
757 2056
758 2056
759 2056
760 2056
761 2056
762 2056
763 2056
764 1470
765 595
766 1628
767 1628
768 1628
769 1628
770 1480
771 1470
772 595
773 670
774 1480
775 3498
776 3498
777 3099
778 3039
779 3100
780 3361
781 3361
782 3361
783 3361
784 7
785 1628
786 2225
787 3540
788 3365
789 3048
790 3347
791 3083
792 670
793 670
794 3562
795 3347
796 3048
797 1628
798 2225
799 3100
800 2225
801 2225
802 1628
803 1628
804 1628
805 2056
806 1628
807 2056
808 2056
809 2056
810 2056
811 2056
812 2056
813 1628
814 1628
815 2056
816 2056
817 2056
818 2056
819 2056
820 2056
821 1495
822 3091
823 7
824 342
825 342
826 175
827 1628
828 1628
829 1628
830 670
831 670
832 3347
833 3469
834 3348
835 2225
836 670
837 1628
838 1628
839 1628
840 440
841 2056
842 2056
843 2056
844 2056
845 2056
846 2056
847 2056
848 2056
849 1540
850 1480
851 2056
852 2056
853 2056
854 2056
855 2225
856 2225
857 2225
858 2225
859 2225
860 3347
861 2056
862 2056
863 595
864 685
865 722
866 552
867 552
868 722
869 685
870 3347
871 1440
872 1440
873 1440
874 10
875 2056
876 2056
877 2056
878 2056
879 2056
880 2056
881 2056
882 2056
883 2056
884 2056
885 1628
886 1628
887 440
888 2225
889 3091
890 1480
891 3099
892 1628
893 3099
894 3347
895 670
896 1628
897 1628
898 1470
899 182
900 685
901 685
902 670
903 670
904 1628
905 1628
906 595
907 3564
908 355
909 355
910 440
911 2225
912 2225
913 2225
914 2225
915 2225
916 2225
917 2225
918 2225
919 3084
920 685
921 2056
922 2056
923 1470
924 685
925 670
926 685
927 595
928 440
929 3089
930 7
931 336
932 1444
933 2231
934 1432
935 1440
936 7
937 342
938 1446
939 1456
940 1431
941 685
942 182
943 685
944 595
945 182
946 182
947 268
948 272
949 182
950 670
951 670
952 1628
953 2056
954 1628
955 2056
956 2056
957 1628
958 1628
959 2250
960 2250
961 2225
962 2225
963 722
964 670
965 685
966 685
967 1628
968 1628
969 685
970 685
971 685
972 2225
973 2225
974 2225
975 3361
976 1431
977 722
978 3039
979 3084
980 3083
981 3083
982 3083
983 3083
984 182
985 3131
986 685
987 685
988 722
989 722
990 722
991 355
992 2321
993 2240
994 2240
995 361
996 413
997 493
998 1079
999 1036
1000 1324
1001 1051
1002 1074
1003 1053
1004 1059
1005 1086
1006 1250
1007 1077
1008 1061
1009 1061
1010 1359
1011 1076
1012 1053
1013 1628
1014 1628
1015 1628
1016 2250
1017 1628
1018 722
1019 722
1020 722
1021 685
1022 685
1023 685
1024 685
1025 670
1026 2250
1027 2250
1028 552
1029 4428
1030 317
1031 4819
1032 317
1033 317
1034 396
1035 317
1036 317
1037 5041
1038 5041
1039 5041
1040 396
1041 4428
1042 5041
1043 4435
1044 5041
1045 5041
1046 5041
1047 5041
1048 5148
1049 5124
1050 2819
1051 2724
1052 2898
1053 2797
1054 2799
1055 4428
1056 4428
1057 4428
1058 4435
1059 4435
1060 4435
1061 4428
1062 396
1063 396
1064 396
1065 396
1066 316
1067 396
1068 2225
1069 5041
1070 4819
1071 4428
1072 4819
1073 4428
1074 5041
1075 4819
1076 317
1077 4428
1078 722
1079 363
1080 396
1081 4693
1082 316
1083 362
1084 316
1085 317
1086 5041
1087 4428
1088 396
1089 182
1090 5041
1091 5041
1092 4819
1093 313
1094 317
1095 317
1096 685
1097 685
1098 722
1099 552
1100 3091
1101 3100
1102 4428
1103 5041
1104 5041
1105 5041
1106 5041
1107 5063
1108 5041
1109 5041
1110 5041
1111 5058
1112 5140
1113 4997
1114 5105
1115 5182
1116 5104
1117 5098
1118 5173
1119 5044
1120 5038
1121 4864
1122 5083
1123 5004
1124 5140
1125 5140
1126 5133
1127 5004
1128 5146
1129 4693
1130 4428
1131 685
1132 685
1133 685
1134 595
1135 1440
1136 5041
1137 4435
1138 5063
1139 5041
1140 5041
1141 4973
1142 5041
1143 5041
1144 3091
1145 5041
1146 670
1147 670
1148 670
1149 4693
1150 4819
1151 313
1152 685
1153 685
1154 2225
1155 2225
1156 2225
1157 2225
1158 2225
1159 2225
1160 2225
1161 2225
1162 2225
1163 2225
1164 2250
1165 2225
1166 2225
1167 2250
1168 2250
1169 2250
1170 2225
1171 174
1172 5041
1173 5041
1174 347
1175 272
1176 2224
1177 347
1178 268
1179 347
1180 355
1181 552
1182 396
1183 396
1184 5041
1185 4428
1186 595
1187 595
1188 595
1189 595
1190 595
1191 5041
1192 5041
1193 5041
1194 5041
1195 4428
1196 4819
1197 4693
1198 4693
1199 355
1200 355
1201 355
1202 355
1203 1431
1204 595
1205 4819
1206 4435
1207 4428
1208 395
1209 4693
1210 363
1211 5041
1212 396
1213 552
1214 552
1215 552
1216 552
1217 552
1218 595
1219 5041
1220 317
1221 5041
1222 396
1223 355
1224 316
1225 552
1226 552
1227 685
1228 2225
1229 2225
1230 2225
1231 2225
1232 2225
1233 2225
1234 2225
1235 595
1236 595
1237 595
1238 5041
1239 5041
1240 595
1241 595
1242 670
1243 670
1244 5041
1245 4973
1246 5041
1247 313
1248 2225
1249 5041
1250 5041
1251 5037
1252 5012
1253 5058
1254 5037
1255 4435
1256 4435
1257 5041
1258 5041
1259 595
1260 396
1261 552
1262 396
1263 4973
1264 4428
1265 4435
1266 2990
1267 4950
1268 5050
1269 2990
1270 2911
1271 2993
1272 2621
1273 4845
1274 4650
1275 4851
1276 4907
1277 4851
1278 4641
1279 4946
1280 4641
1281 4646
1282 4738
1283 2522
1284 1758
1285 1803
1286 1737
1287 4834
1288 4834
1289 2621
1290 4950
1291 4910
1292 4909
1293 2724
1294 595
1295 5041
1296 5041
1297 355
1298 4428
1299 5041
1300 5063
1301 4845
1302 595
1303 595
1304 595
1305 595
1306 2990
1307 2990
1308 2621
1309 2985
1310 5127
1311 595
1312 685
1313 685
1314 685
1315 685
1316 685
1317 685
1318 685
1319 685
1320 5041
1321 5041
1322 355
1323 396
1324 4693
1325 4819
1326 4693
1327 396
1328 3131
1329 5004
1330 5031
1331 5063
1332 5063
1333 5041
1334 4845
1335 3089
1336 2800
1337 2621
1338 2643
1339 2607
1340 2574
1341 2791
1342 2911
1343 396
1344 396
1345 4693
1346 5041
1347 5179
1348 5031
1349 5063
1350 5026
1351 5063
1352 7
1353 1431
1354 4637
1355 2625
1356 4737
1357 4793
1358 4710
1359 4737
1360 4781
1361 2562
1362 4650
1363 3091
1364 2800
1365 4637
1366 2644
1367 4771
1368 4776
1369 5006
1370 685
1371 2993
1372 5041
1373 316
1374 685
1375 685
1376 5012
1377 4640
1378 5130
1379 2791
1380 2916
1381 4693
1382 4771
1383 670
1384 685
1385 722
1386 722
1387 685
1388 685
1389 685
1390 722
1391 5041
1392 396
1393 685
1394 685
1395 685
1396 552
1397 552
1398 2993
1399 4781
1400 4435
1401 5062
1402 5042
1403 3015
1404 4777
1405 722
1406 552
1407 396
1408 9
1409 396
1410 2993
1411 4839
1412 5050
1413 4857
1414 5037
1415 2819
1416 685
1417 152
1418 5027
1419 4640
1420 3089
1421 268
1422 685
1423 670
1424 685
1425 5006
1426 355
1427 552
1428 685
1429 4819
1430 670
1431 4711
1432 355
1433 5037
1434 4857
1435 2791
1436 174
1437 4435
1438 2916
1439 2918
1440 5179
1441 2644
1442 37
1443 371
1444 4193
1445 4316
1446 4327
1447 2419
1448 1365
1449 1703
1450 2469
1451 2491
1452 1712
1453 2565
1454 1734
1455 2565
1456 1746
1457 1746
1458 1746
1459 552
1460 552
1461 685
1462 685
1463 2819
1464 552
1465 5058
1466 552
1467 552
1468 685
1469 685
1470 4979
1471 5134
1472 5134
1473 5068
1474 4856
1475 4510
1476 5041
1477 4435
1478 4435
1479 4713
1480 722
1481 2911
1482 3140
1483 3140
1484 3084
1485 70
1486 3083
1487 3083
1488 3140
1489 10
1490 2643
1491 370
1492 5041
1493 2219
1494 5041
1495 396
1496 685
1497 4771
1498 4819
1499 2732
1500 9
1501 370
1502 355
1503 317
1504 5133
1505 4784
1506 4646
1507 4946
1508 4713
1509 2902
1510 2800
1511 5105
1512 5076
1513 685
1514 4711
1515 5042
1516 4637
1517 5120
1518 4843
1519 4881
1520 4852
1521 4781
1522 336
1523 4720
1524 722
1525 5062
1526 5042
1527 2990
1528 685
1529 685
1530 685
1531 5078
1532 5004
1533 5037
1534 5037
1535 5096
1536 5096
1537 5064
1538 5063
1539 4783
1540 5063
1541 4678
1542 4778
1543 4634
1544 4833
1545 4750
1546 4804
1547 396
1548 3015
1549 670
1550 670
1551 685
1552 670
1553 670
1554 685
1555 685
1556 722
1557 722
1558 552
1559 552
1560 685
1561 685
1562 722
1563 552
1564 4819
1565 685
1566 5146
1567 4791
1568 2993
1569 152
1570 182
1571 182
1572 152
1573 371
1574 240
1575 4362
1576 4299
1577 4542
1578 4812
1579 670
1580 670
1581 152
1582 552
1583 396
1584 4909
1585 5172
1586 552
1587 182
1588 182
1589 124
1590 136
1591 4247
1592 219
1593 200
1594 375
1595 2232
1596 2231
1597 2275
1598 152
1599 371
1600 4251
1601 4594
1602 4167
1603 4757
1604 4753
1605 4713
1606 685
1607 4693
1608 4845
1609 4693
1610 272
1611 5041
1612 240
1613 4338
1614 4329
1615 240
1616 4369
1617 670
1618 670
1619 670
1620 670
1621 685
1622 685
1623 685
1624 670
1625 670
1626 371
1627 355
1628 552
1629 316
1630 4776
1631 4510
1632 4747
1633 4713
1634 552
1635 371
1636 4251
1637 4167
1638 4422
1639 4753
1640 396
1641 5026
1642 5140
1643 4693
1644 4819
1645 123
1646 136
1647 5146
1648 5046
1649 5041
1650 152
1651 371
1652 5041
1653 4435
1654 5061
1655 5063
1656 5063
1657 5146
1658 5061
1659 5031
1660 5027
1661 5027
1662 4732
1663 4819
1664 182
1665 124
1666 181
1667 170
1668 182
1669 5026
1670 370
1671 4318
1672 4339
1673 4428
1674 5063
1675 5063
1676 370
1677 5027
1678 336
1679 1431
1680 342
1681 342
1682 175
1683 342
1684 342
1685 124
1686 342
1687 175
1688 240
1689 370
1690 2643
1691 2573
1692 5050
1693 1431
1694 336
1695 4663
1696 182
1697 4720
1698 316
1699 4428
1700 4636
1701 4710
1702 4796
1703 4790
1704 338
1705 243
1706 198
1707 14
1708 196
1709 4815
1710 4549
1711 4428
1712 2321
1713 2224
1714 2227
1715 4737
1716 396
1717 2993
1718 2574
1719 4428
1720 334
1721 4428
1722 4428
1723 342
1724 256
1725 240
1726 4692
1727 4693
1728 5063
1729 5041
1730 4435
1731 1440
1732 4770
1733 240
1734 4554
1735 4384
1736 4136
1737 4159
1738 4184
1739 4594
1740 4329
1741 4226
1742 4320
1743 238
1744 5041
1745 5041
1746 5027
1747 4793
1748 4819
1749 4819
1750 4693
1751 5041
1752 2629
1753 4435
1754 4428
1755 4327
1756 272
1757 4432
1758 4791
1759 4898
1760 240
1761 4230
1762 4363
1763 4117
1764 4245
1765 100
1766 2400
1767 2482
1768 2472
1769 2524
1770 2545
1771 2540
1772 4548
1773 4250
1774 4360
1775 2911
1776 355
1777 4581
1778 268
1779 2302
1780 434
1781 4819
1782 4326
1783 4576
1784 5042
1785 4749
1786 2219
1787 4846
1788 359
1789 2311
1790 4435
1791 4464
1792 4384
1793 4432
1794 4358
1795 4117
1796 4596
1797 2227
1798 4757
1799 4422
1800 4692
1801 4386
1802 4480
1803 4819
1804 4819
1805 4542
1806 4693
1807 4428
1808 4730
1809 136
1810 4542
1811 4498
1812 4567
1813 4251
1814 5078
1815 4593
1816 4384
1817 4159
1818 4299
1819 4168
1820 4693
1821 5041
1822 2573
1823 2607
1824 5079
1825 5041
1826 4137
1827 4457
1828 4692
1829 2643
1830 2621
1831 2724
1832 4856
1833 4882
1834 5011
1835 2746
1836 5011
1837 4868
1838 285
1839 326
1840 4299
1841 4596
1842 5041
1843 5041
1844 4793
1845 4351
1846 217
1847 4358
1848 4299
1849 4167
1850 4493
1851 4805
1852 4791
1853 2660
1854 2660
1855 2660
1856 4909
1857 4920
1858 5140
1859 4988
1860 4959
1861 243
1862 194
1863 199
1864 385
1865 229
1866 1431
1867 5006
1868 4749
1869 4843
1870 4634
1871 4464
1872 2222
1873 4819
1874 2911
1875 2219
1876 2223
1877 1401
1878 4248
1879 4678
1880 5119
1881 5096
1882 5122
1883 4814
1884 5041
1885 4611
1886 2629
1887 2607
1888 2660
1889 5116
1890 4428
1891 4248
1892 4316
1893 4165
1894 4226
1895 4193
1896 4193
1897 4248
1898 4285
1899 2214
1900 245
1901 4631
1902 4833
1903 4480
1904 4435
1905 2659
1906 2630
1907 4834
1908 5146
1909 2239
1910 5041
1911 5017
1912 2765
1913 2216
1914 4678
1915 4649
1916 4428
1917 4193
1918 5083
1919 5098
1920 4581
1921 2223
1922 4594
1923 4866
1924 5081
1925 361
1926 5104
1927 5098
1928 5104
1929 5166
1930 5000
1931 1401
1932 1034
1933 2428
1934 2342
1935 1401
1936 4757
1937 4726
1938 4593
1939 5105
1940 2989
1941 2724
1942 2988
1943 2884
1944 2790
1945 2747
1946 2765
1947 5132
1948 4961
1949 4722
1950 4710
1951 4915
1952 5079
1953 4159
1954 4329
1955 2815
1956 4694
1957 2630
1958 4851
1959 4864
1960 2989
1961 2738
1962 2746
1963 2765
1964 2993
1965 2732
1966 4247
1967 4834
1968 4674
1969 4581
1970 4581
1971 4549
1972 2819
1973 2591
1974 2644
1975 2562
1976 2607
1977 2574
1978 4165
1979 4316
1980 4285
1981 4167
1982 4523
1983 4134
1984 2607
1985 4193
1986 4386
1987 4576
1988 2219
1989 4641
1990 4641
1991 4480
1992 4362
1993 2304
1994 2304
1995 2240
1996 4794
1997 118
1998 4337
1999 4386
2000 4480
2001 4548
2002 4768
2003 4770
2004 4768
2005 5064
2006 2275
2007 2240
2008 2899
2009 2990
2010 2916
2011 5132
2012 4320
2013 5083
2014 5083
2015 5131
2016 4731
2017 5166
2018 4976
2019 4164
2020 4692
2021 2302
2022 5166
2023 2765
2024 4193
2025 83
2026 229
2027 411
2028 230
2029 219
2030 5140
2031 4593
2032 2456
2033 5099
2034 4247
2035 4770
2036 2887
2037 2985
2038 4299
2039 4749
2040 5099
2041 4588
2042 197
2043 374
2044 4478
2045 4386
2046 2217
2047 4247
2048 4778
2049 2574
2050 2621
2051 2732
2052 2728
2053 2898
2054 4731
2055 4546
2056 4633
2057 5126
2058 5166
2059 4999
2060 4738
2061 4770
2062 4588
2063 219
2064 2540
2065 2506
2066 4174
2067 4311
2068 4694
2069 385
2070 4588
2071 4770
2072 4770
2073 4770
2074 4770
2075 4480
2076 4768
2077 4768
2078 1432
2079 5173
2080 4358
2081 4857
2082 5079
2083 5055
2084 2754
2085 2746
2086 2649
2087 4674
2088 4970
2089 1378
2090 1053
2091 1055
2092 970
2093 1042
2094 1079
2095 1058
2096 1290
2097 1084
2098 1061
2099 1061
2100 1061
2101 1058
2102 1171
2103 1332
2104 1172
2105 1290
2106 1061
2107 1291
2108 1058
2109 1058
2110 1055
2111 970
2112 1048
2113 1042
2114 1324
2115 509
2116 1171
2117 1058
2118 1171
2119 1053
2120 1061
2121 1084
2122 970
2123 2649
2124 4180
2125 4226
2126 2231
2127 4581
2128 4675
2129 1053
2130 1053
2131 1335
2132 1335
2133 1335
2134 5173
2135 2712
2136 2884
2137 2294
2138 4841
2139 1174
2140 1335
2141 1055
2142 970
2143 970
2144 1061
2145 4970
2146 5044
2147 4164
2148 4737
2149 4245
2150 2196
2151 2270
2152 2270
2153 2275
2154 120
2155 5044
2156 5044
2157 970
2158 1172
2159 1055
2160 5185
2161 1335
2162 970
2163 1053
2164 1335
2165 5044
2166 2197
2167 229
2168 5039
2169 970
2170 970
2171 970
2172 970
2173 970
2174 1053
2175 120
2176 223
2177 4768
2178 1335
2179 4713
2180 4247
2181 475
2182 1034
2183 1128
2184 1058
2185 1058
2186 1053
2187 1378
2188 1057
2189 1034
2190 1324
2191 4117
2192 4480
2193 4834
2194 4834
2195 583
2196 834
2197 834
2198 838
2199 627
2200 1319
2201 601
2202 583
2203 1002
2204 2275
2205 970
2206 1332
2207 834
2208 582
2209 1319
2210 1076
2211 970
2212 858
2213 1002
2214 522
2215 1647
2216 1689
2217 1689
2218 838
2219 838
2220 1228
2221 1228
2222 1228
2223 1228
2224 834
2225 834
2226 834
2227 1319
2228 913
2229 1076
2230 1319
2231 838
2232 1319
2233 807
2234 632
2235 1174
2236 1058
2237 1319
2238 2223
2239 1034
2240 1039
2241 1227
2242 1125
2243 1228
2244 1237
2245 1237
2246 1237
2247 1237
2248 947
2249 583
2250 593
2251 4749
2252 2480
2253 618
2254 591
2255 1650
2256 1643
2257 1605
2258 1606
2259 1719
2260 1765
2261 1609
2262 1647
2263 1002
2264 1002
2265 834
2266 834
2267 597
2268 891
2269 804
2270 838
2271 1689
2272 838
2273 1228
2274 634
2275 838
2276 1002
2277 4932
2278 4888
2279 5050
2280 2747
2281 5050
2282 4841
2283 4878
2284 4842
2285 4888
2286 4842
2287 4888
2288 4918
2289 1002
2290 1374
2291 1333
2292 971
2293 1055
2294 1053
2295 1055
2296 1055
2297 1074
2298 1038
2299 1034
2300 2766
2301 2887
2302 4757
2303 4713
2304 627
2305 4731
2306 4731
2307 4876
2308 970
2309 1074
2310 1082
2311 1059
2312 1060
2313 1061
2314 2217
2315 4751
2316 4770
2317 960
2318 1026
2319 1324
2320 1374
2321 1036
2322 5135
2323 1324
2324 1324
2325 1034
2326 413
2327 475
2328 1053
2329 1053
2330 1061
2331 1059
2332 2887
2333 2894
2334 2884
2335 2797
2336 4193
2337 2369
2338 2428
2339 834
2340 4852
2341 1032
2342 2765
2343 1034
2344 2765
2345 2217
2346 4121
2347 582
2348 1079
2349 1332
2350 1032
2351 1037
2352 1076
2353 2884
2354 2617
2355 4713
2356 2400
2357 593
2358 522
2359 549
2360 1657
2361 1657
2362 886
2363 522
2364 522
2365 549
2366 549
2367 1609
2368 1719
2369 1687
2370 1687
2371 1687
2372 1657
2373 1657
2374 1645
2375 624
2376 583
2377 862
2378 4567
2379 4738
2380 1034
2381 1048
2382 2990
2383 2996
2384 4794
2385 2459
2386 4663
2387 4872
2388 4875
2389 1332
2390 593
2391 556
2392 4226
2393 4166
2394 4663
2395 4918
2396 4929
2397 5132
2398 2765
2399 1086
2400 2899
2401 2247
2402 2629
2403 2629
2404 2648
2405 4316
2406 223
2407 1657
2408 1657
2409 1631
2410 1642
2411 593
2412 834
2413 4641
2414 1059
2415 83
2416 834
2417 838
2418 1650
2419 564
2420 993
2421 616
2422 625
2423 583
2424 947
2425 928
2426 618
2427 1237
2428 488
2429 438
2430 1250
2431 1401
2432 948
2433 438
2434 586
2435 588
2436 439
2437 627
2438 474
2439 1324
2440 4480
2441 2275
2442 4641
2443 1034
2444 2745
2445 2637
2446 229
2447 604
2448 591
2449 993
2450 485
2451 4479
2452 493
2453 1041
2454 559
2455 2232
2456 2232
2457 2467
2458 996
2459 1029
2460 4315
2461 385
2462 1021
2463 616
2464 564
2465 2297
2466 4663
2467 4833
2468 1086
2469 2894
2470 2660
2471 4713
2472 100
2473 2552
2474 4726
2475 4646
2476 1076
2477 1319
2478 1333
2479 1010
2480 1332
2481 838
2482 834
2483 1662
2484 1609
2485 1630
2486 2297
2487 4873
2488 4888
2489 4842
2490 504
2491 1324
2492 1078
2493 4603
2494 4737
2495 4778
2496 593
2497 549
2498 411
2499 2546
2500 2545
2501 2462
2502 2463
2503 2523
2504 2747
2505 2738
2506 2747
2507 2748
2508 1032
2509 4285
2510 2389
2511 2439
2512 4546
2513 4931
2514 2741
2515 2748
2516 807
2517 805
2518 1689
2519 824
2520 807
2521 807
2522 807
2523 807
2524 913
2525 1072
2526 1319
2527 1074
2528 1078
2529 1250
2530 4542
2531 4132
2532 1638
2533 274
2534 2379
2535 463
2536 617
2537 4542
2538 2996
2539 411
2540 838
2541 834
2542 2271
2543 2270
2544 2747
2545 1036
2546 1074
2547 4113
2548 4174
2549 2574
2550 559
2551 1642
2552 1687
2553 522
2554 616
2555 4646
2556 1029
2557 2462
2558 2645
2559 1758
2560 4828
2561 1076
2562 1078
2563 4245
2564 838
2565 2271
2566 454
2567 4918
2568 4998
2569 2738
2570 1250
2571 1059
2572 1310
2573 549
2574 1638
2575 1643
2576 1650
2577 993
2578 485
2579 2297
2580 832
2581 4832
2582 4832
2583 807
2584 1038
2585 4576
2586 4285
2587 1650
2588 1650
2589 591
2590 960
2591 1602
2592 1689
2593 1765
2594 1765
2595 2525
2596 470
2597 2738
2598 1076
2599 4793
2600 1642
2601 1687
2602 1631
2603 549
2604 1687
2605 1609
2606 4768
2607 470
2608 4828
2609 1021
2610 1053
2611 1055
2612 1053
2613 1110
2614 1059
2615 1108
2616 1644
2617 838
2618 522
2619 4548
2620 4646
2621 4832
2622 1803
2623 4832
2624 1032
2625 1070
2626 1086
2627 2607
2628 4711
2629 4711
2630 4833
2631 4663
2632 4737
2633 1647
2634 4768
2635 807
2636 1057
2637 1059
2638 4669
2639 4316
2640 2389
2641 2354
2642 4316
2643 2389
2644 2358
2645 2527
2646 4161
2647 4162
2648 1642
2649 4480
2650 4315
2651 1642
2652 1687
2653 1650
2654 457
2655 463
2656 1072
2657 1059
2658 1059
2659 4588
2660 1647
2661 376
2662 2459
2663 2196
2664 485
2665 1739
2666 4931
2667 4946
2668 4941
2669 4941
2670 4924
2671 4881
2672 3786
2673 4062
2674 3773
2675 3773
2676 4941
2677 1034
2678 492
2679 1057
2680 4559
2681 4167
2682 1687
2683 2501
2684 586
2685 463
2686 807
2687 807
2688 1404
2689 464
2690 1385
2691 1086
2692 2362
2693 4563
2694 4548
2695 4547
2696 1033
2697 1070
2698 1036
2699 1250
2700 237
2701 4162
2702 4245
2703 2527
2704 4770
2705 1099
2706 1689
2707 1752
2708 1785
2709 1738
2710 2494
2711 2554
2712 235
2713 4179
2714 1687
2715 1687
2716 120
2717 1785
2718 1785
2719 1738
2720 2463
2721 1250
2722 2369
2723 4181
2724 1719
2725 2552
2726 2290
2727 2431
2728 2388
2729 2473
2730 2474
2731 2475
2732 2479
2733 1381
2734 1025
2735 1322
2736 1041
2737 4312
2738 1689
2739 2260
2740 2370
2741 223
2742 2229
2743 807
2744 807
2745 2562
2746 2562
2747 2996
2748 2724
2749 2993
2750 2660
2751 2990
2752 2904
2753 2724
2754 4845
2755 4848
2756 4943
2757 4938
2758 4875
2759 2724
2760 2996
2761 3851
2762 2748
2763 2784
2764 2746
2765 2925
2766 5081
2767 4864
2768 2996
2769 4640
2770 2644
2771 2660
2772 4297
2773 4310
2774 2481
2775 2388
2776 2437
2777 2484
2778 4296
2779 4170
2780 2419
2781 1609
2782 1719
2783 1609
2784 1609
2785 1687
2786 1765
2787 1642
2788 4548
2789 2494
2790 1033
2791 4497
2792 4753
2793 2552
2794 1749
2795 1740
2796 120
2797 1378
2798 1609
2799 2229
2800 2290
2801 993
2802 2743
2803 2738
2804 2749
2805 2749
2806 2738
2807 2917
2808 2747
2809 2925
2810 2741
2811 5011
2812 4868
2813 4885
2814 4931
2815 4880
2816 4941
2817 4885
2818 2738
2819 2725
2820 2728
2821 4866
2822 2917
2823 2917
2824 4864
2825 4858
2826 4888
2827 4879
2828 2743
2829 2783
2830 2920
2831 2925
2832 2817
2833 2915
2834 2768
2835 2915
2836 2915
2837 5141
2838 2758
2839 2765
2840 2817
2841 2915
2842 2816
2843 2808
2844 4073
2845 157
2846 3317
2847 3218
2848 185
2849 1068
2850 4480
2851 4770
2852 1609
2853 1650
2854 993
2855 223
2856 2450
2857 1739
2858 4885
2859 807
2860 807
2861 807
2862 2738
2863 2785
2864 1057
2865 1378
2866 2996
2867 2990
2868 4678
2869 1609
2870 1609
2871 2512
2872 4768
2873 2449
2874 2554
2875 1758
2876 4842
2877 4879
2878 4864
2879 4880
2880 4881
2881 4842
2882 4879
2883 4842
2884 4883
2885 4063
2886 2915
2887 4005
2888 4005
2889 3939
2890 3791
2891 4063
2892 3939
2893 3941
2894 4864
2895 4967
2896 4858
2897 5135
2898 2821
2899 2917
2900 4873
2901 1324
2902 939
2903 514
2904 877
2905 1059
2906 4588
2907 2562
2908 4162
2909 1647
2910 2501
2911 1739
2912 5038
2913 4998
2914 2738
2915 2749
2916 2920
2917 2749
2918 4542
2919 2523
2920 1650
2921 4768
2922 2554
2923 449
2924 4941
2925 4885
2926 4998
2927 1643
2928 1643
2929 2362
2930 2467
2931 1742
2932 5135
2933 2747
2934 806
2935 2749
2936 2790
2937 4130
2938 4480
2939 2512
2940 1384
2941 1742
2942 447
2943 807
2944 1057
2945 1057
2946 1295
2947 644
2948 652
2949 1056
2950 1056
2951 2562
2952 1638
2953 1608
2954 447
2955 4923
2956 4881
2957 4881
2958 1040
2959 1359
2960 1295
2961 1291
2962 100
2963 4885
2964 4941
2965 1739
2966 1739
2967 1758
2968 1824
2969 1808
2970 4938
2971 3786
2972 3939
2973 3939
2974 2951
2975 905
2976 2996
2977 4795
2978 4480
2979 457
2980 3941
2981 2817
2982 2817
2983 2951
2984 3941
2985 4858
2986 4292
2987 2400
2988 2379
2989 2270
2990 469
2991 2270
2992 2273
2993 2489
2994 838
2995 804
2996 805
2997 4864
2998 1036
2999 1598
3000 1605
3001 1605
3002 4770
3003 1371
3004 2420
3005 2483
3006 604
3007 4957
3008 4883
3009 4924
3010 4924
3011 4883
3012 2915
3013 2990
3014 3844
3015 1643
3016 2282
3017 1758
3018 970
3019 1335
3020 659
3021 644
3022 970
3023 1765
3024 1689
3025 1647
3026 1623
3027 4547
3028 622
3029 622
3030 625
3031 1803
3032 1048
3033 1643
3034 2510
3035 2375
3036 858
3037 2915
3038 3798
3039 3970
3040 3791
3041 3847
3042 3851
3043 2996
3044 4771
3045 4172
3046 4663
3047 2554
3048 2482
3049 2438
3050 618
3051 2951
3052 2915
3053 2816
3054 4073
3055 157
3056 1051
3057 635
3058 2990
3059 1689
3060 834
3061 1643
3062 838
3063 1211
3064 464
3065 2434
3066 469
3067 644
3068 2817
3069 4062
3070 3851
3071 3941
3072 4005
3073 2369
3074 4325
3075 4170
3076 1765
3077 2455
3078 470
3079 5083
3080 2915
3081 858
3082 2421
3083 2415
3084 2369
3085 4711
3086 4581
3087 2552
3088 1689
3089 1604
3090 838
3091 615
3092 463
3093 459
3094 2996
3095 2270
3096 625
3097 625
3098 1335
3099 2540
3100 2540
3101 1758
3102 1737
3103 2758
3104 2754
3105 4010
3106 4005
3107 3939
3108 578
3109 459
3110 970
3111 1228
3112 1228
3113 1228
3114 1249
3115 634
3116 838
3117 1335
3118 1765
3119 1824
3120 1761
3121 1739
3122 1737
3123 1758
3124 1758
3125 1762
3126 4864
3127 461
3128 2420
3129 4163
3130 1598
3131 4770
3132 5079
3133 2754
3134 461
3135 2817
3136 2816
3137 4073
3138 3941
3139 3773
3140 3773
3141 4845
3142 4834
3143 4771
3144 4596
3145 1604
3146 2545
3147 4844
3148 4858
3149 4865
3150 2816
3151 1044
3152 1125
3153 1010
3154 1765
3155 1765
3156 4245
3157 2375
3158 2393
3159 2413
3160 2367
3161 2447
3162 2447
3163 2413
3164 2403
3165 1623
3166 2488
3167 901
3168 392
3169 838
3170 947
3171 2915
3172 2915
3173 4073
3174 185
3175 3985
3176 185
3177 185
3178 3989
3179 2915
3180 618
3181 1319
3182 2754
3183 3985
3184 4073
3185 3959
3186 3962
3187 3903
3188 3742
3189 3742
3190 3697
3191 3693
3192 3755
3193 3697
3194 3624
3195 3697
3196 3742
3197 3742
3198 2915
3199 4713
3200 1785
3201 2270
3202 947
3203 947
3204 947
3205 947
3206 947
3207 947
3208 947
3209 2754
3210 3985
3211 2816
3212 432
3213 441
3214 441
3215 2808
3216 2816
3217 4073
3218 3989
3219 4078
3220 3946
3221 3755
3222 3742
3223 3668
3224 3688
3225 3694
3226 3694
3227 3694
3228 3697
3229 4637
3230 4634
3231 1689
3232 1738
3233 2512
3234 4581
3235 4957
3236 4957
3237 947
3238 583
3239 583
3240 1118
3241 1333
3242 2452
3243 2379
3244 618
3245 618
3246 947
3247 185
3248 4290
3249 2540
3250 1758
3251 947
3252 618
3253 901
3254 1005
3255 4073
3256 2415
3257 2421
3258 2405
3259 2430
3260 2393
3261 2915
3262 4073
3263 3985
3264 3989
3265 190
3266 3946
3267 135
3268 190
3269 4082
3270 4073
3271 4010
3272 2407
3273 2452
3274 1007
3275 2951
3276 873
3277 2816
3278 1227
3279 1228
3280 1143
3281 1144
3282 2415
3283 488
3284 4845
3285 4783
3286 4771
3287 4171
3288 1737
3289 873
3290 1228
3291 924
3292 1237
3293 459
3294 441
3295 475
3296 2428
3297 4770
3298 2494
3299 1601
3300 4883
3301 441
3302 185
3303 1228
3304 1228
3305 468
3306 1785
3307 1737
3308 1728
3309 873
3310 1228
3311 1228
3312 1147
3313 838
3314 3989
3315 3317
3316 3218
3317 3218
3318 185
3319 3317
3320 190
3321 135
3322 3905
3323 3946
3324 3742
3325 3693
3326 3753
3327 3694
3328 3694
3329 4082
3330 3989
3331 3989
3332 3989
3333 4549
3334 2432
3335 1760
3336 1689
3337 838
3338 947
3339 1237
3340 947
3341 838
3342 634
3343 2816
3344 4163
3345 2416
3346 834
3347 838
3348 838
3349 1228
3350 947
3351 838
3352 838
3353 1237
3354 1147
3355 1228
3356 3317
3357 2412
3358 2915
3359 1801
3360 1689
3361 5083
3362 838
3363 441
3364 441
3365 838
3366 634
3367 1228
3368 459
3369 3317
3370 3317
3371 4081
3372 4082
3373 2428
3374 2387
3375 4542
3376 4771
3377 4790
3378 2435
3379 5141
3380 2915
3381 834
3382 838
3383 834
3384 834
3385 3989
3386 4010
3387 3989
3388 2915
3389 190
3390 3943
3391 2915
3392 2379
3393 2372
3394 2494
3395 3317
3396 2507
3397 2437
3398 2512
3399 4062
3400 4915
3401 4847
3402 2375
3403 2372
3404 2379
3405 3317
3406 3903
3407 4833
3408 469
3409 441
3410 2372
3411 441
3412 3317
3413 135
3414 3905
3415 3742
3416 3742
3417 3697
3418 3753
3419 3694
3420 3763
3421 863
3422 863
3423 3668
3424 3694
3425 3219
3426 4077
3427 3900
3428 3742
3429 3742
3430 3697
3431 3946
3432 3946
3433 3742
3434 3742
3435 3742
3436 4910
3437 3773
3438 4916
3439 2402
3440 1821
3441 2488
3442 2458
3443 3937
3444 185
3445 185
3446 3939
3447 185
3448 468
3449 3905
3450 3742
3451 3742
3452 3755
3453 4077
3454 3959
3455 3943
3456 3903
3457 3997
3458 2540
3459 441
3460 2376
3461 3900
3462 4734
3463 3946
3464 4073
3465 2389
3466 2372
3467 3317
3468 3755
3469 3753
3470 3742
3471 4081
3472 3742
3473 2528
3474 2372
3475 2512
3476 4480
3477 2343
3478 2348
3479 3851
3480 4636
3481 1808
3482 469
3483 459
3484 3742
3485 3946
3486 2915
3487 3694
3488 2420
3489 4647
3490 4835
3491 4872
3492 1808
3493 4864
3494 2538
3495 3742
3496 3755
3497 4077
3498 3742
3499 3742
3500 4063
3501 4063
3502 1735
3503 3317
3504 3317
3505 3943
3506 3742
3507 3989
3508 4640
3509 4731
3510 185
3511 3317
3512 3697
3513 4384
3514 1785
3515 135
3516 2379
3517 185
3518 4073
3519 3967
3520 4480
3521 4172
3522 2432
3523 2372
3524 4770
3525 3753
3526 3697
3527 4768
3528 2374
3529 2374
3530 4548
3531 4081
3532 3890
3533 4654
3534 2416
3535 2342
3536 2348
3537 2418
3538 3694
3539 2358
3540 2358
3541 2358
3542 2396
3543 2381
3544 2447
3545 4010
3546 2455
3547 2536
3548 3694
3549 3688
3550 3756
3551 3578
3552 3413
3553 3211
3554 3211
3555 3212
3556 3212
3557 4266
3558 4266
3559 4255
3560 4255
3561 4255
3562 4255
3563 4255
3564 4255
3565 4255
3566 4255
3567 4255
3568 4255
3569 4255
3570 4255
3571 4255
3572 4255
3573 4255
3574 3763
3575 3756
3576 3668
3577 4770
3578 3211
3579 3404
3580 3211
3581 3211
3582 3413
3583 3413
3584 3413
3585 3211
3586 3211
3587 3404
3588 3212
3589 4266
3590 4273
3591 3404
3592 3404
3593 3211
3594 3296
3595 3296
3596 3295
3597 3413
3598 3413
3599 3578
3600 3514
3601 3514
3602 3514
3603 3763
3604 3211
3605 3404
3606 4273
3607 3404
3608 3404
3609 3404
3610 3404
3611 3404
3612 3404
3613 3404
3614 3404
3615 3404
3616 3404
3617 3404
3618 3404
3619 3404
3620 3211
3621 3903
3622 2371
3623 2372
3624 185
3625 185
3626 185
3627 2480
3628 3753
3629 4010
3630 3688
3631 3688
3632 3763
3633 863
3634 3694
3635 3756
3636 3763
3637 3694
3638 3211
3639 2527
3640 2485
3641 3413
3642 3413
3643 3413
3644 3578
3645 863
3646 3742
3647 2491
3648 3693
3649 2523
3650 4082
3651 4000
3652 3791
3653 3413
3654 3413
3655 3903
3656 1737
3657 3317
3658 3317
3659 3218
3660 2544
3661 3211
3662 3211
3663 3763
3664 4846
3665 3742
3666 3941
3667 3317
3668 2455
3669 3413
3670 3413
3671 3413
3672 3211
3673 3211
3674 4885
3675 3791
3676 3939
3677 3317
3678 190
3679 2539
3680 4063
3681 3756
3682 3668
3683 3688
3684 863
3685 3578
3686 3211
3687 3413
3688 3413
3689 3413
3690 4833
3691 2432
3692 1007
3693 2482
3694 2538
3695 3413
3696 3413
3697 3413
3698 863
3699 3578
3700 863
3701 863
3702 3763
3703 3984
3704 3985
3705 3985
3706 3218
3707 3317
3708 3939
3709 3413
3710 3413
3711 3413
3712 3413
3713 3211
3714 3211
3715 3578
3716 3578
3717 3578
3718 3413
3719 3413
3720 3742
3721 2365
3722 2389
3723 3996
3724 3984
3725 3211
3726 3413
3727 3413
3728 3413
3729 3413
3730 3413
3731 3578
3732 3890
3733 1007
3734 2480
3735 2440
3736 2437
3737 2507
3738 3755
3739 3413
3740 2437
3741 3763
3742 3578
3743 4726
3744 1739
3745 4832
3746 4646
3747 3791
3748 3941
3749 185
3750 2448
3751 2459
3752 2477
3753 2440
3754 3694
3755 4784
3756 3578
3757 3413
3758 1808
3759 2480
3760 3668
3761 3404
3762 3394
3763 3437
3764 2518
3765 3756
3766 1803
3767 3984
3768 4567
3769 3688
3770 4063
3771 3742
3772 3211
3773 1817
3774 3317
3775 2494
3776 3694
3777 3624
3778 4073
3779 185
3780 3317
3781 3984
3782 157
3783 3317
3784 328
3785 2514
3786 2514
3787 2420
3788 3404
3789 3404
3790 3404
3791 3404
3792 3296
3793 3404
3794 3404
3795 3404
3796 3404
3797 3404
3798 3404
3799 3404
3800 3212
3801 3212
3802 3212
3803 3404
3804 3211
3805 3404
3806 3404
3807 3404
3808 3212
3809 3212
3810 3404
3811 3212
3812 3212
3813 4266
3814 3096
3815 3404
3816 3404
3817 3211
3818 3578
3819 3577
3820 3413
3821 3578
3822 3578
3823 3578
3824 3578
3825 3211
3826 3211
3827 3404
3828 1801
3829 1757
3830 1740
3831 2447
3832 2474
3833 2448
3834 2481
3835 4770
3836 3688
3837 3688
3838 2477
3839 3773
3840 2406
3841 2394
3842 2427
3843 3742
3844 3514
3845 3786
3846 2403
3847 2367
3848 2447
3849 2479
3850 2484
3851 3742
3852 3211
3853 3211
3854 3989
3855 2518
3856 2443
3857 2356
3858 2356
3859 4738
3860 2549
3861 1761
3862 2374
3863 2403
3864 2447
3865 2496
3866 2480
3867 3211
3868 863
3869 3578
3870 2397
3871 3211
3872 2410
3873 2412
3874 2371
3875 2409
3876 2413
3877 2393
3878 2413
3879 2413
3880 2448
3881 2479
3882 941
3883 2447
3884 2447
3885 574
3886 1769
3887 1769
3888 574
3889 2367
3890 3404
3891 3753
3892 3694
3893 3941
3894 3786
3895 3755
3896 3900
3897 3296
3898 600
3899 3404
3900 2398
3901 2398
3902 2410
3903 929
3904 3578
3905 3514
3906 3578
3907 185
3908 2374
3909 2372
3910 2413
3911 2393
3912 2412
3913 2353
3914 2371
3915 3786
3916 3413
3917 3317
3918 2403
3919 3946
3920 3624
3921 3578
3922 4071
3923 4899
3924 4875
3925 4646
3926 3900
3927 3946
3928 3211
3929 3296
3930 3404
3931 3218
3932 185
3933 3891
3934 3996
3935 2372
3936 3404
3937 2430
3938 3404
3939 3404
3940 3404
3941 3404
3942 3404
3943 3404
3944 2479
3945 2484
3946 1362
3947 1072
3948 1363
3949 1072
3950 1072
3951 1041
3952 1322
3953 1706
3954 1703
3955 1773
3956 1789
3957 1710
3958 1703
3959 929
3960 2484
3961 3753
3962 2441
3963 2396
3964 3763
3965 3317
3966 4255
3967 4255
3968 4255
3969 4255
3970 4255
3971 4255
3972 4255
3973 4255
3974 4255
3975 3404
3976 3404
3977 4266
3978 4266
3979 4266
3980 4266
3981 4266
3982 4264
3983 4273
3984 3096
3985 3212
3986 3212
3987 3212
3988 3096
3989 4266
3990 4266
3991 4266
3992 4266
3993 4266
3994 4266
3995 4266
3996 4266
3997 4264
3998 3212
3999 4264
4000 4266
4001 4266
4002 4266
4003 4266
4004 4266
4005 4255
4006 4255
4007 4255
4008 4266
4009 4255
4010 4255
4011 4255
4012 4255
4013 4255
4014 4255
4015 4255
4016 4255
4017 4266
4018 4266
4019 4266
4020 4266
4021 4266
4022 4266
4023 4266
4024 4266
4025 4266
4026 4266
4027 4266
4028 4266
4029 4266
4030 4266
4031 4266
4032 4266
4033 4264
4034 3096
4035 3212
4036 3404
4037 3212
4038 3404
4039 3404
4040 3404
4041 3404
4042 3404
4043 3404
4044 4273
4045 3404
4046 3578
4047 2358
4048 3668
4049 3763
4050 4266
4051 4266
4052 4266
4053 4266
4054 4266
4055 4266
4056 4255
4057 4266
4058 4255
4059 4255
4060 4255
4061 4255
4062 4255
4063 4255
4064 4255
4065 4266
4066 4266
4067 4266
4068 4266
4069 4266
4070 3394
4071 2409
4072 3946
4073 3697
4074 2396
4075 1817
4076 4266
4077 4266
4078 4266
4079 4266
4080 4266
4081 4255
4082 4255
4083 4255
4084 4255
4085 4255
4086 4255
4087 4255
4088 4255
4089 4266
4090 4063
4091 4063
4092 4063
4093 2552
4094 3763
4095 4641
4096 2354
4097 3578
4098 3211
4099 3211
4100 3211
4101 4266
4102 4255
4103 4255
4104 4255
4105 4255
4106 4255
4107 4266
4108 4266
4109 4266
4110 4266
4111 4255
4112 4255
4113 4255
4114 4255
4115 4255
4116 4255
4117 4255
4118 4255
4119 4255
4120 4255
4121 4255
4122 4255
4123 4266
4124 4255
4125 4255
4126 4924
4127 3996
4128 4063
4129 3404
4130 3905
4131 3989
4132 3791
4133 4946
4134 863
4135 3578
4136 3742
4137 3786
4138 3891
4139 1758
4140 4073
4141 4915
4142 4078
4143 4255
4144 4255
4145 4255
4146 4266
4147 3317
4148 3905
4149 3900
4150 3905
4151 4266
4152 2374
4153 190
4154 1743
4155 2403
4156 2479
4157 2374
4158 2430
4159 135
4160 3688
4161 2484
4162 2367
4163 3404
4164 3404
4165 3404
4166 3404
4167 3404
4168 3786
4169 3394
4170 3755
4171 3742
4172 3742
4173 3905
4174 863
4175 3941
4176 2522
4177 3668
4178 3688
4179 3694
4180 3753
4181 1756
4182 2393
4183 157
4184 3996
4185 185
4186 3218
4187 3211
4188 3404
4189 3211
4190 3939
4191 3688
4192 3317
4193 3317
4194 2474
4195 2479
4196 1041
4197 1072
4198 1381
4199 2479
4200 1739
4201 2484
4202 2475
4203 2479
4204 3755
4205 3413
4206 4255
4207 4255
4208 4255
4209 4255
4210 4255
4211 4255
4212 2393
4213 3317
4214 3946
4215 3946
4216 3905
4217 3688
4218 863
4219 2484
4220 2479
4221 2399
4222 4255
4223 3317
4224 4063
4225 157
4226 600
4227 863
4228 3697
4229 3753
4230 3404
4231 3404
4232 4883
4233 1824
4234 1809
4235 3404
4236 2430
4237 3985
4238 3937
4239 2409
4240 863
4241 3668
4242 3694
4243 1824
4244 3693
4245 2356
4246 863
4247 3211
4248 3211
4249 3211
4250 1803
4251 1801
4252 863
4253 4941
4254 2447
4255 1051
4256 3688
4257 135
4258 4266
4259 4924
4260 2430
4261 4915
4262 2356
4263 1381
4264 3694
4265 3211
4266 3577
4267 3578
4268 3668
4269 3668
4270 3946
4271 3404
4272 3212
4273 190
4274 3742
4275 3755
4276 3317
4277 863
4278 135
4279 3404
4280 4255
4281 3905
4282 4938
4283 3688
4284 863
4285 3946
4286 3211
4287 4255
4288 4255
4289 4255
4290 4255
4291 4255
4292 3096
4293 3742
4294 3773
4295 3694
4296 3624
4297 3404
4298 3404
4299 3404
4300 3404
4301 3404
4302 1769
4303 1739
4304 4028
4305 3753
4306 3742
4307 2371
4308 1769
4309 1708
4310 1706
4311 1706
4312 1706
4313 1706
4314 1703
4315 1788
4316 2565
4317 1747
4318 1907
4319 1917
4320 1891
4321 1690
4322 135
4323 3211
4324 2391
4325 3742
4326 3404
4327 3404
4328 4255
4329 4255
4330 4266
4331 1769
4332 1803
4333 3905
4334 3413
4335 3404
4336 3404
4337 3404
4338 4255
4339 4255
4340 2430
4341 3742
4342 4255
4343 4255
4344 4266
4345 4266
4346 4266
4347 4266
4348 4266
4349 3212
4350 2391
4351 4255
4352 4255
4353 4255
4354 4255
4355 4255
4356 1322
4357 4255
4358 2393
4359 1041
4360 3212
4361 3096
4362 2393
4363 1330
4364 2460
4365 1790
4366 1041
4367 2457
4368 1703
4369 1703
4370 1322
4371 2430
4372 1767
4373 1714
4374 2502
4375 1751
4376 2500
4377 1752
4378 1714
4379 1712
4380 2470
4381 2457
4382 2457
4383 2547
4384 1708
4385 1322
4386 1365
4387 1789
4388 3404
4389 4255
4390 4266
4391 2460
4392 2508
4393 1752
4394 2468
4395 4255
4396 4255
4397 4255
4398 929
4399 3404
4400 3404
4401 4255
4402 4255
4403 4255
4404 4255
4405 4266
4406 4266
4407 4255
4408 4266
4409 4255
4410 4266
4411 3212
4412 2460
4413 2470
4414 4266
4415 4266
4416 1706
4417 1773
4418 2413
4419 1769
4420 4264
4421 4266
4422 4264
4423 4266
4424 4266
4425 1781
4426 1695
4427 1697
4428 1041
4429 1790
4430 2413
4431 2403
4432 4266
4433 1703
4434 1703
4435 1773
4436 1712
4437 1789
4438 2469
4439 2367
4440 4266
4441 3096
4442 3096
4443 3096
4444 1788
4445 1703
4446 4266
4447 4266
4448 4266
4449 4266
4450 4266
4451 4266
4452 4266
4453 4266
4454 4266
4455 4266
4456 4266
4457 4266
4458 4266
4459 4266
4460 4266
4461 4266
4462 4266
4463 4266
4464 4266
4465 4266
4466 4266
4467 4264
4468 4264
4469 4264
4470 1788
4471 1710
4472 4266
4473 4266
4474 4266
4475 4266
4476 1703
4477 4266
4478 1798
4479 1768
4480 941
4481 2504
4482 2491
4483 1772
4484 1706
4485 1706
4486 1703
4487 2491
4488 1711
4489 1772
4490 1798
4491 2501
4492 2502
4493 1788
4494 1709
4495 2486
4496 2486
4497 2501
4498 1709
4499 2645
4500 1747
4501 2500
4502 2502
4503 2500
4504 1701
4505 1789
4506 1714
4507 2632
4508 1736
4509 1864
4510 1909
4511 1891
4512 1930
4513 1925
4514 1925
4515 1930
4516 1930
4517 1951
4518 1855
4519 1951
4520 1951
4521 1945
4522 1959
4523 1959
4524 2940
4525 2859
4526 2859
4527 2859
4528 2859
4529 2859
4530 2125
4531 2125
4532 2125
4533 2125
4534 2186
4535 2125
4536 2186
4537 2125
4538 2125
4539 2132
4540 2645
4541 2561
4542 1734
4543 1747
4544 1872
4545 1907
4546 1864
4547 1746
4548 1712
4549 2500
4550 2632
4551 1773
4552 1704
4553 1789
4554 1711
4555 2632
4556 1747
4557 1690
4558 1830
4559 1772
4560 1752
4561 1690
4562 1898
4563 1891
4564 1690
4565 1697
4566 1732
4567 1746
4568 1734
4569 1741
4570 2500
4571 1781
4572 1710
4573 1746
4574 2515
4575 1752
4576 1772
4577 2565
4578 1746
4579 1751
4580 1690
4581 1830
4582 1864
4583 1891
4584 1864
4585 1903
4586 1930
4587 1927
4588 1933
4589 1945
4590 2022
4591 2946
4592 2021
4593 2955
4594 2939
4595 2859
4596 2859
4597 2859
4598 2859
4599 2859
4600 2859
4601 2859
4602 2859
4603 2859
4604 2968
4605 2944
4606 2944
4607 2029
4608 2022
4609 2022
4610 1943
4611 1926
4612 1891
4613 1741
4614 2645
4615 2968
4616 1864
4617 1864
4618 1830
4619 1907
4620 1747
4621 1917
4622 1911
4623 1752
4624 1710
4625 1712
4626 1890
4627 1872
4628 1917
4629 1933
4630 1911
4631 1943
4632 1911
4633 1930
4634 1710
4635 1781
4636 2859
4637 2132
4638 2125
4639 2132
4640 2859
4641 2125
4642 2132
4643 2125
4644 2186
4645 2186
4646 2186
4647 2186
4648 2174
4649 2125
4650 2859
4651 2842
4652 2033
4653 2113
4654 2117
4655 2125
4656 2125
4657 2125
4658 2113
4659 2859
4660 2859
4661 1980
4662 1911
4663 2125
4664 2125
4665 2125
4666 2125
4667 2125
4668 2125
4669 2125
4670 2033
4671 1898
4672 2125
4673 2125
4674 2132
4675 2125
4676 1926
4677 2565
4678 1864
4679 2125
4680 2125
4681 2125
4682 2125
4683 2125
4684 1697
4685 2515
4686 2486
4687 1930
4688 1781
4689 2125
4690 1891
4691 1904
4692 2859
4693 2859
4694 2125
4695 1690
4696 1890
4697 2859
4698 2859
4699 1871
4700 2125
4701 2125
4702 2033
4703 2029
4704 2033
4705 2113
4706 2968
4707 2859
4708 2937
4709 2140
4710 2132
4711 1924
4712 1911
4713 1898
4714 2186
4715 2190
4716 2190
4717 2186
4718 1891
4719 1907
4720 1865
4721 2132
4722 1930
4723 2186
4724 1904
4725 1917
4726 1927
4727 1690
4728 1746
4729 2859
4730 2502
4731 2186
4732 2033
4733 2174
4734 2111
4735 1904
4736 1925
4737 2186
4738 2033
4739 1865
4740 1951
4741 2859
4742 1741
4743 1946
4744 2859
4745 2859
4746 2029
4747 2014
4748 2022
4749 1930
4750 1951
4751 1951
4752 1927
4753 2565
4754 1890
4755 1959
4756 1951
4757 1830
4758 1746
4759 1980
4760 2022
4761 2170
4762 1951
4763 2859
4764 2859
4765 2086
4766 2029
4767 2022
4768 2859
4769 1930
4770 1865
4771 2190
4772 2132
4773 2125
4774 2132
4775 1945
4776 1948
4777 1945
4778 2022
4779 2026
4780 2113
4781 1907
4782 2021
4783 2022
4784 1927
4785 2132
4786 2859
4787 2190
4788 1747
4789 1925
4790 1917
4791 1931
4792 2174
4793 2022
4794 2087
4795 1943
4796 2190
4797 2022
4798 1945
4799 2140
4800 1747
4801 1864
4802 1866
4803 2859
4804 2859
4805 2859
4806 2859
4807 2859
4808 2859
4809 2859
4810 2944
4811 2968
4812 2859
4813 2859
4814 2859
4815 2955
4816 2968
4817 2955
4818 2960
4819 1933
4820 2186
4821 2022
4822 2103
4823 2086
4824 2940
4825 1690
4826 1926
4827 1926
4828 1933
4829 1945
4830 1690
4831 1909
4832 2859
4833 2859
4834 2859
4835 2859
4836 2859
4837 2859
4838 2859
4839 2859
4840 2859
4841 2859
4842 2859
4843 1933
4844 1951
4845 2859
4846 2859
4847 2859
4848 2859
4849 1827
4850 1948
4851 1927
4852 1866
4853 1904
4854 1926
4855 1903
4856 2022
4857 2868
4858 2859
4859 2859
4860 2859
4861 2859
4862 2940
4863 2955
4864 2859
4865 2968
4866 2940
4867 1930
4868 1905
4869 1904
4870 2968
4871 2859
4872 1891
4873 2186
4874 2968
4875 2033
4876 2111
4877 2859
4878 2859
4879 2868
4880 2859
4881 1948
4882 2946
4883 2022
4884 1931
4885 1927
4886 1927
4887 1930
4888 1917
4889 2859
4890 2868
4891 2859
4892 1930
4893 2029
4894 1943
4895 1930
4896 2111
4897 2960
4898 1980
4899 1933
4900 1951
4901 1946
4902 1951
4903 1944
4904 2859
4905 2859
4906 1927
4907 2859
4908 1933
4909 2087
4910 2022
4911 2966
4912 2022
4913 2103
4914 2968
4915 2859
4916 2961
4917 2940
4918 2960
4919 2086
4920 2961
4921 3861
4922 3815
4923 3683
4924 3815
4925 3815
4926 3815
4927 3815
4928 3815
4929 3815
4930 3661
4931 3727
4932 3815
4933 3882
4934 3824
4935 3824
4936 3824
4937 3824
4938 3824
4939 3824
4940 670
4941 2225
4942 2250
4943 2250
4944 1628
4945 1628
4946 1628
4947 1628
4948 1628
4949 1628
4950 1628
4951 2250
4952 670
4953 1628
4954 1628
4955 1628
4956 2225
4957 2225
4958 2056
4959 2056
4960 2056
4961 2056
4962 670
4963 670
4964 685
4965 1628
4966 2225
4967 685
4968 685
4969 685
4970 1628
4971 1628
4972 1628
4973 1628
4974 2225
4975 2225
4976 2225
4977 2225
4978 2225
4979 670
4980 1628
4981 2225
4982 595
4983 670
4984 670
4985 1628
4986 595
4987 595
4988 670
4989 670
4990 670
4991 2225
4992 2225
4993 2056
4994 2056
4995 2056
4996 2250
4997 595
4998 2225
4999 2225
5000 2225
5001 2225
5002 2250
5003 2250
5004 1628
5005 1628
5006 670
5007 670
5008 670
5009 2225
5010 670
5011 2250
5012 2225
5013 2225
5014 670
5015 1628
5016 2056
5017 2225
5018 2225
5019 1628
5020 670
5021 1628
5022 1628
5023 3083
5024 3084
5025 3083
5026 3114
5027 3083
5028 1480
5029 3084
5030 3084
5031 3084
5032 3099
5033 174
5034 10
5035 174
5036 174
5037 124
5038 7
5039 3084
5040 2056
5041 2240
5042 891
5043 597
5044 807
5045 807
5046 805
5047 807
5048 807
5049 1319
5050 2562
5051 4936
5052 4998
5053 2724
5054 2988
5055 2591
5056 2797
5057 2894
5058 2724
5059 2718
5060 2894
5061 2797
5062 439
5063 1057
5064 2385
5065 4255
5066 3212
5067 4255
5068 4255
5069 3404
5070 3404
5071 4273
5072 4266
5073 4266
5074 4266
5075 4266
5076 4266
5077 4255
5078 4266
5079 3404
5080 4264
5081 3212
5082 3404
5083 3404
5084 3404
5085 3404
5086 3404
5087 3404
5088 3404
5089 3404
5090 3404
5091 3404
5092 3404
5093 3404
5094 3404
5095 4255
5096 4255
5097 4255
5098 4255
5099 4255
5100 4255
5101 4255
5102 4255
5103 4255
5104 3404
5105 3404
5106 4264
5107 4266
5108 4266
5109 4255
5110 4266
5111 4266
5112 4266
5113 3404
5114 4266
5115 4266
5116 3211
5117 1769
5118 1041
5119 1768
5120 1362
5121 1041
5122 1769
5123 941
5124 1703
5125 1703
5126 1362
5127 2413
5128 2413
5129 1768
5130 874
5131 1769
5132 4266
5133 2859
5134 1930
5135 2132
5136 1945
5137 2132
5138 2021
5139 2125
5140 2859
5141 2859
5142 2842
5143 2022
5144 2125
5145 2125
5146 2125
5147 2125
5148 2125
5149 2859
5150 3404
5151 595
5152 595
5153 670
5154 595
5155 670
5156 2747
5157 2749
5158 4869
5159 4869
5160 4931
5161 4931
5162 2738
5163 4880
5164 5050
5165 2743
5166 2745
5167 4842
5168 4882
5169 2747
5170 4841
5171 4888
5172 4869
5173 4841
5174 2749
5175 4879
5176 4842
5177 4930
5178 4936
5179 2738
5180 2743
5181 4885
5182 4885
5183 4875
5184 2738
5185 2747
5186 2749
5187 4841
5188 2738
5189 2749
5190 2738
5191 2749
5192 2749
5193 4869
5194 4842
5195 4888
5196 2747
5197 595
5198 595
5199 595
5200 595
