0 260
1 75
2 75
3 173
4 173
5 4383
6 329
7 4530
8 376
9 4382
10 4520
11 275
12 329
13 4533
14 5108
15 4533
16 75
17 75
18 260
19 75
20 75
21 75
22 275
23 4530
24 4444
25 4375
26 4530
27 4530
28 4383
29 4383
30 275
31 275
32 275
33 329
34 4532
35 4520
36 4532
37 329
38 173
39 75
40 75
41 260
42 260
43 260
44 75
45 329
46 3921
47 329
48 75
49 75
50 75
51 4532
52 4532
53 4520
54 4530
55 4106
56 2
57 229
58 4532
59 4532
60 4532
61 2
62 260
63 444
64 419
65 4933
66 4933
67 4933
68 4933
69 4933
70 4933
71 4933
72 415
73 4933
74 444
75 4933
76 4933
77 4933
78 4933
79 443
80 4933
81 168
82 260
83 4933
84 4929
85 4933
86 4933
87 4933
88 4933
89 4933
90 419
91 415
92 289
93 260
94 315
95 309
96 260
97 338
98 4532
99 4530
100 75
101 338
102 75
103 75
104 4383
105 4520
106 75
107 75
108 415
109 4933
110 443
111 4933
112 289
113 4933
114 415
115 315
116 4933
117 4933
118 4933
119 260
120 415
121 4933
122 4933
123 4933
124 4933
125 4933
126 444
127 315
128 444
129 4432
130 4375
131 4520
132 4432
133 4414
134 3230
135 3230
136 4414
137 4382
138 4432
139 4467
140 4375
141 4520
142 4520
143 4375
144 4520
145 977
146 4375
147 977
148 4375
149 4375
150 4530
151 4375
152 4375
153 4375
154 4530
155 4530
156 4414
157 3230
158 3230
159 3230
160 3230
161 3230
162 4414
163 3230
164 3230
165 3136
166 3136
167 3136
168 3136
169 3230
170 4414
171 4432
172 4444
173 4375
174 4444
175 4432
176 4382
177 4382
178 4467
179 4432
180 4432
181 4376
182 4376
183 4376
184 4414
185 4414
186 3866
187 485
188 485
189 485
190 484
191 3845
192 483
193 3180
194 3612
195 2929
196 2992
197 3205
198 3205
199 1700
200 2769
201 2769
202 2995
203 2995
204 2542
205 2995
206 2542
207 2542
208 2542
209 2542
210 1936
211 2995
212 2884
213 2929
214 1936
215 3479
216 3479
217 3479
218 2995
219 3479
220 3479
221 3180
222 1936
223 1937
224 3556
225 1937
226 3612
227 485
228 1937
229 1936
230 3003
231 1936
232 3003
233 3003
234 1701
235 3003
236 2542
237 2542
238 2935
239 2935
240 2935
241 2935
242 1701
243 2928
244 3062
245 2053
246 2052
247 2935
248 3061
249 2885
250 3479
251 2995
252 3479
253 2929
254 2542
255 2929
256 2542
257 1936
258 1936
259 1936
260 1936
261 1936
262 3232
263 3232
264 484
265 2930
266 1701
267 2930
268 485
269 1700
270 2769
271 2769
272 3496
273 2731
274 3231
275 3205
276 2543
277 2731
278 3205
279 3496
280 3231
281 3231
282 3613
283 3589
284 3660
285 3205
286 1700
287 3205
288 2755
289 2755
290 2755
291 2575
292 2575
293 3229
294 2575
295 2575
296 2755
297 3229
298 3394
299 3229
300 3229
301 3229
302 2755
303 2575
304 2755
305 3332
306 3394
307 2755
308 2755
309 2731
310 3205
311 3648
312 3127
313 3660
314 3827
315 3868
316 3790
317 2955
318 3507
319 3613
320 3674
321 3801
322 3998
323 4427
324 4427
325 4468
326 4425
327 4487
328 4384
329 4517
330 4425
331 4487
332 4517
333 4104
334 4442
335 2493
336 4479
337 4487
338 4425
339 3998
340 4427
341 4427
342 5108
343 5108
344 5115
345 4427
346 4425
347 4427
348 4427
349 5116
350 4427
351 4425
352 4425
353 4425
354 4425
355 4425
356 4525
357 4384
358 4517
359 4425
360 4525
361 4525
362 4517
363 4468
364 3998
365 3964
366 3998
367 3866
368 3655
369 3655
370 3899
371 2795
372 3899
373 3899
374 484
375 3899
376 3572
377 2932
378 2932
379 2661
380 2931
381 2555
382 2953
383 3435
384 3114
385 2555
386 2706
387 3164
388 2887
389 3492
390 3165
391 2932
392 3964
393 3964
394 3966
395 3164
396 3313
397 1702
398 3070
399 487
400 3017
401 1702
402 2706
403 2706
404 3782
405 3782
406 3435
407 3165
408 3846
409 3179
410 3163
411 3782
412 3114
413 3782
414 2928
415 3331
416 3331
417 3252
418 3572
419 2928
420 1701
421 3313
422 3054
423 2706
424 3070
425 490
426 489
427 2066
428 489
429 2948
430 3397
431 2073
432 2073
433 2948
434 3499
435 3872
436 492
437 3181
438 2067
439 485
440 3650
441 1937
442 2953
443 3331
444 3252
445 3062
446 3435
447 3062
448 2931
449 3062
450 3114
451 3435
452 3435
453 2794
454 3655
455 3655
456 2794
457 2794
458 3655
459 2555
460 3164
461 3164
462 3164
463 4643
464 4801
465 4825
466 3798
467 3959
468 3798
469 4086
470 1389
471 2648
472 2648
473 2838
474 3046
475 4233
476 3872
477 510
478 510
479 3632
480 4002
481 3987
482 3449
483 3313
484 2702
485 2702
486 3914
487 2889
488 4227
489 4226
490 3914
491 3313
492 3313
493 497
494 3046
495 4346
496 3873
497 4326
498 3957
499 3339
500 3600
501 3600
502 3213
503 3658
504 4238
505 4310
506 4238
507 4238
508 3088
509 4326
510 4326
511 2926
512 3075
513 4325
514 3975
515 2747
516 4200
517 4201
518 2926
519 982
520 2926
521 2926
522 2926
523 2926
524 2975
525 3075
526 2975
527 2926
528 2926
529 3088
530 2324
531 3088
532 4310
533 3048
534 3208
535 3208
536 3208
537 3075
538 3048
539 2926
540 982
541 982
542 982
543 3075
544 1494
545 3208
546 3208
547 3208
548 4268
549 4325
550 4325
551 1519
552 3075
553 2802
554 2802
555 2301
556 4884
557 4884
558 4863
559 4863
560 4863
561 4884
562 4884
563 2301
564 4884
565 4884
566 4807
567 2569
568 2569
569 4072
570 4072
571 2324
572 2569
573 2963
574 2301
575 4885
576 2301
577 4843
578 4863
579 2747
580 4232
581 4807
582 4807
583 4812
584 4807
585 4807
586 4807
587 4807
588 4863
589 4807
590 4807
591 4812
592 4807
593 4807
594 2301
595 2837
596 2802
597 2301
598 2802
599 2837
600 2301
601 2301
602 4807
603 4863
604 4863
605 4807
606 4807
607 4807
608 4807
609 4812
610 4807
611 4807
612 4807
613 4807
614 4807
615 4807
616 4807
617 4807
618 3381
619 4741
620 4079
621 4741
622 5128
623 4080
624 4686
625 4807
626 2531
627 4686
628 4807
629 4807
630 4807
631 4807
632 4807
633 4807
634 4807
635 4863
636 2301
637 2301
638 4863
639 2301
640 2926
641 2926
642 2926
643 2975
644 2926
645 2926
646 982
647 982
648 2926
649 2926
650 982
651 2395
652 1519
653 1996
654 982
655 1519
656 2395
657 2975
658 1519
659 982
660 2301
661 2926
662 2802
663 2301
664 2301
665 4884
666 982
667 2837
668 2926
669 4885
670 2301
671 4843
672 4884
673 3075
674 2324
675 1494
676 1494
677 1519
678 1494
679 3208
680 1494
681 1792
682 1519
683 1996
684 1519
685 3075
686 3075
687 2395
688 2926
689 2395
690 1996
691 1668
692 2144
693 2301
694 2802
695 2301
696 2802
697 2975
698 2926
699 2301
700 4863
701 4863
702 4863
703 4807
704 4863
705 2531
706 2301
707 4807
708 4807
709 4807
710 4807
711 4807
712 4807
713 4807
714 4863
715 4863
716 4807
717 4884
718 4863
719 4863
720 4884
721 4884
722 4884
723 2802
724 2301
725 2301
726 2221
727 2296
728 2233
729 1996
730 1996
731 1996
732 1996
733 1996
734 1996
735 1668
736 2221
737 2802
738 2802
739 2301
740 4863
741 4807
742 4863
743 4884
744 4807
745 2301
746 2531
747 2977
748 2531
749 2301
750 2301
751 4807
752 4807
753 4807
754 4807
755 4863
756 4863
757 4807
758 4807
759 4807
760 4807
761 4807
762 4807
763 4296
764 4079
765 1109
766 4223
767 4199
768 4296
769 2853
770 3658
771 3658
772 3045
773 3957
774 3207
775 3957
776 3210
777 3658
778 2853
779 3627
780 3324
781 3325
782 3550
783 4333
784 3049
785 3325
786 3088
787 4200
788 2747
789 4199
790 4201
791 4062
792 4037
793 4062
794 4201
795 4200
796 1623
797 1827
798 1655
799 1501
800 1501
801 1351
802 1351
803 1500
804 1502
805 1148
806 1148
807 602
808 1185
809 1185
810 1148
811 1500
812 1006
813 1148
814 1655
815 1500
816 1048
817 1351
818 1569
819 1658
820 1351
821 1185
822 1173
823 1301
824 1623
825 1185
826 1351
827 5140
828 4697
829 4659
830 1395
831 4603
832 4603
833 4659
834 4603
835 4659
836 4696
837 4603
838 4659
839 4659
840 4659
841 4659
842 4659
843 4604
844 4659
845 4604
846 4581
847 4604
848 4659
849 4538
850 4604
851 4659
852 4659
853 4604
854 4659
855 4659
856 4659
857 4608
858 4659
859 4659
860 4659
861 4659
862 4659
863 4730
864 4543
865 4598
866 4544
867 4519
868 4488
869 4488
870 4519
871 4488
872 4586
873 4597
874 4608
875 4659
876 4603
877 4696
878 4581
879 4696
880 4581
881 4659
882 4603
883 4659
884 4603
885 4523
886 4523
887 4586
888 4586
889 4659
890 4603
891 4603
892 4696
893 4696
894 4659
895 4604
896 4649
897 4585
898 4489
899 4586
900 4489
901 4528
902 4933
903 4933
904 4933
905 4933
906 4933
907 4933
908 4933
909 4933
910 4933
911 4933
912 4933
913 4933
914 415
915 4933
916 4933
917 4933
918 4933
919 4933
920 289
921 289
922 443
923 444
924 415
925 4933
926 4933
927 443
928 260
929 260
930 76
931 260
932 4382
933 4376
934 4490
935 4414
936 4492
937 3230
938 3444
939 3230
940 3444
941 4456
942 4492
943 4456
944 4492
945 4492
946 4490
947 4376
948 4467
949 3444
950 4492
951 4492
952 3230
953 3230
954 4414
955 4382
956 4382
957 4467
958 4382
959 4382
960 4467
961 376
962 4444
963 4432
964 4432
965 4432
966 4444
967 4375
968 4530
969 4530
970 329
971 4375
972 4530
973 4432
974 4382
975 4520
976 3230
977 4382
978 3230
979 3104
980 3136
981 3442
982 2652
983 3230
984 3230
985 3442
986 4182
987 3230
988 3387
989 4182
990 3488
991 4374
992 4304
993 3387
994 3387
995 3488
996 3442
997 3442
998 3442
999 4374
1000 3442
1001 3136
1002 3136
1003 3104
1004 3387
1005 4182
1006 4182
1007 3488
1008 4374
1009 4031
1010 3488
1011 4045
1012 4045
1013 4368
1014 4407
1015 3994
1016 4431
1017 3355
1018 3972
1019 3355
1020 3752
1021 3972
1022 4269
1023 3355
1024 4368
1025 4045
1026 4045
1027 4304
1028 4031
1029 4304
1030 4031
1031 3442
1032 3442
1033 3488
1034 3230
1035 3367
1036 3444
1037 4399
1038 4456
1039 3808
1040 4378
1041 3874
1042 3958
1043 3958
1044 4392
1045 2828
1046 2828
1047 4031
1048 4399
1049 4182
1050 3250
1051 3994
1052 4031
1053 3750
1054 4031
1055 3808
1056 4456
1057 4182
1058 4182
1059 4182
1060 4182
1061 3444
1062 3442
1063 2928
1064 3114
1065 3331
1066 2935
1067 3969
1068 2888
1069 3655
1070 2794
1071 2161
1072 2776
1073 2900
1074 2588
1075 2776
1076 2799
1077 2193
1078 2588
1079 2588
1080 4541
1081 4640
1082 4640
1083 4640
1084 4543
1085 4640
1086 4730
1087 4544
1088 4730
1089 4544
1090 4640
1091 4730
1092 4730
1093 4730
1094 4544
1095 4598
1096 4544
1097 4544
1098 4544
1099 4640
1100 4640
1101 4519
1102 4488
1103 4486
1104 4534
1105 4486
1106 4486
1107 4610
1108 2588
1109 4610
1110 4610
1111 4641
1112 4610
1113 4543
1114 4598
1115 4599
1116 4730
1117 4730
1118 4610
1119 4641
1120 4641
1121 4543
1122 4610
1123 4543
1124 4641
1125 4528
1126 4586
1127 1393
1128 4586
1129 4610
1130 4452
1131 4386
1132 4524
1133 4104
1134 4434
1135 4476
1136 4451
1137 4447
1138 4488
1139 4486
1140 4519
1141 4476
1142 4487
1143 1393
1144 4451
1145 4524
1146 4488
1147 4612
1148 1389
1149 4640
1150 2799
1151 4386
1152 4386
1153 4540
1154 4649
1155 4641
1156 4610
1157 4598
1158 4543
1159 4488
1160 4730
1161 3188
1162 2588
1163 2493
1164 3323
1165 4227
1166 2794
1167 3964
1168 3402
1169 3866
1170 3998
1171 3899
1172 3998
1173 3674
1174 3827
1175 3827
1176 3864
1177 3770
1178 3634
1179 3665
1180 3965
1181 3128
1182 3825
1183 3863
1184 3865
1185 2840
1186 3868
1187 3790
1188 3790
1189 3674
1190 3790
1191 3827
1192 3868
1193 3801
1194 3801
1195 4425
1196 3866
1197 4427
1198 3866
1199 4425
1200 4425
1201 4487
1202 4425
1203 2795
1204 3655
1205 4487
1206 4487
1207 3655
1208 4487
1209 4447
1210 4427
1211 5116
1212 3879
1213 3899
1214 3965
1215 3634
1216 482
1217 3578
1218 3666
1219 3813
1220 3579
1221 3869
1222 3666
1223 3666
1224 3770
1225 3128
1226 3813
1227 3863
1228 3824
1229 3667
1230 3863
1231 3654
1232 3666
1233 3851
1234 3750
1235 3750
1236 3666
1237 3654
1238 3869
1239 3852
1240 3823
1241 3579
1242 4315
1243 3666
1244 4247
1245 4315
1246 3578
1247 3869
1248 3579
1249 3852
1250 3369
1251 2865
1252 3869
1253 3869
1254 2865
1255 3672
1256 1696
1257 3229
1258 3965
1259 3864
1260 3864
1261 2840
1262 2840
1263 2841
1264 2841
1265 4100
1266 4102
1267 2841
1268 3864
1269 2840
1270 2840
1271 3825
1272 3824
1273 3824
1274 3878
1275 2840
1276 3878
1277 2840
1278 3824
1279 4100
1280 3790
1281 4534
1282 4606
1283 4434
1284 4534
1285 4485
1286 4104
1287 4442
1288 4517
1289 4104
1290 4487
1291 4487
1292 4487
1293 4487
1294 4487
1295 4487
1296 4525
1297 4525
1298 4525
1299 4487
1300 4487
1301 4525
1302 4440
1303 4425
1304 4525
1305 5116
1306 2069
1307 4362
1308 3609
1309 4228
1310 3209
1311 3862
1312 4325
1313 3207
1314 3209
1315 3620
1316 3209
1317 3208
1318 4238
1319 3208
1320 3208
1321 3620
1322 4325
1323 2890
1324 2793
1325 3990
1326 982
1327 2324
1328 2926
1329 982
1330 3049
1331 4201
1332 4226
1333 2531
1334 2531
1335 2261
1336 2233
1337 1996
1338 1996
1339 1996
1340 1996
1341 1996
1342 1996
1343 1792
1344 1996
1345 1996
1346 1996
1347 1996
1348 1996
1349 1519
1350 2261
1351 2531
1352 2261
1353 2144
1354 2531
1355 1519
1356 1996
1357 1494
1358 1494
1359 1792
1360 1996
1361 4547
1362 4547
1363 4652
1364 4652
1365 4717
1366 4717
1367 4652
1368 4547
1369 4652
1370 4547
1371 1792
1372 4547
1373 4652
1374 4855
1375 4545
1376 3208
1377 3208
1378 1519
1379 1494
1380 3208
1381 1519
1382 1494
1383 1494
1384 1494
1385 1494
1386 1996
1387 4887
1388 4389
1389 4722
1390 4654
1391 4722
1392 4855
1393 2427
1394 1792
1395 1792
1396 1953
1397 1996
1398 1494
1399 1996
1400 1996
1401 4863
1402 4863
1403 4807
1404 4807
1405 4807
1406 4080
1407 4079
1408 2747
1409 4079
1410 4296
1411 4079
1412 4079
1413 4201
1414 4199
1415 4079
1416 4081
1417 4079
1418 4081
1419 2747
1420 4369
1421 4072
1422 3885
1423 2853
1424 4072
1425 1996
1426 1996
1427 1996
1428 4652
1429 4855
1430 4890
1431 4717
1432 4652
1433 4652
1434 4717
1435 4546
1436 4646
1437 4646
1438 4643
1439 4722
1440 4722
1441 4801
1442 4643
1443 4873
1444 4825
1445 4825
1446 5140
1447 4614
1448 4825
1449 4873
1450 4825
1451 4801
1452 4390
1453 4726
1454 4546
1455 4726
1456 4546
1457 4886
1458 4722
1459 4722
1460 4722
1461 4546
1462 4546
1463 4726
1464 4726
1465 4743
1466 4743
1467 4580
1468 4703
1469 1996
1470 1109
1471 1184
1472 1006
1473 1500
1474 1281
1475 1185
1476 1217
1477 1677
1478 1621
1479 1707
1480 599
1481 4659
1482 4659
1483 4659
1484 4659
1485 4585
1486 4659
1487 4452
1488 4585
1489 4581
1490 4529
1491 4586
1492 4519
1493 4604
1494 4488
1495 4512
1496 4529
1497 4434
1498 4519
1499 4434
1500 4479
1501 4586
1502 4608
1503 4581
1504 4531
1505 4659
1506 1394
1507 4659
1508 4659
1509 4659
1510 4659
1511 4659
1512 4659
1513 4659
1514 4479
1515 4519
1516 4596
1517 4479
1518 4524
1519 4487
1520 4524
1521 4524
1522 4585
1523 4596
1524 4604
1525 4604
1526 4659
1527 4659
1528 4659
1529 4659
1530 4659
1531 4659
1532 4659
1533 4696
1534 4659
1535 4659
1536 4597
1537 4604
1538 4659
1539 4604
1540 4531
1541 4586
1542 4535
1543 4604
1544 4659
1545 4659
1546 4659
1547 4608
1548 4659
1549 4659
1550 4696
1551 4659
1552 1394
1553 4488
1554 4586
1555 4479
1556 4524
1557 4442
1558 4479
1559 4524
1560 1393
1561 4606
1562 4596
1563 4476
1564 4519
1565 4480
1566 4489
1567 4528
1568 4585
1569 4523
1570 4586
1571 4608
1572 4596
1573 4659
1574 4659
1575 4659
1576 4659
1577 4659
1578 4659
1579 4659
1580 4581
1581 4608
1582 4604
1583 4538
1584 4452
1585 4488
1586 4452
1587 4538
1588 4512
1589 4452
1590 4488
1591 4512
1592 4608
1593 4597
1594 4608
1595 4608
1596 4476
1597 4476
1598 4452
1599 4476
1600 4488
1601 4452
1602 4476
1603 4538
1604 4608
1605 4604
1606 4544
1607 4640
1608 4612
1609 4583
1610 4583
1611 4606
1612 4479
1613 4524
1614 4524
1615 4586
1616 4456
1617 4182
1618 4399
1619 4483
1620 3958
1621 3878
1622 3853
1623 4031
1624 4031
1625 3750
1626 4247
1627 2868
1628 3878
1629 3824
1630 3878
1631 3753
1632 3878
1633 3878
1634 3878
1635 4031
1636 2828
1637 4392
1638 2992
1639 3660
1640 3507
1641 3092
1642 2755
1643 4488
1644 4488
1645 4488
1646 4434
1647 4476
1648 4541
1649 4488
1650 4488
1651 4476
1652 4476
1653 4476
1654 4717
1655 4547
1656 4547
1657 4479
1658 4524
1659 4487
1660 4487
1661 4442
1662 4479
1663 4488
1664 4487
1665 4434
1666 4031
1667 4368
1668 4368
1669 3994
1670 3994
1671 3355
1672 4373
1673 3916
1674 4031
1675 3808
1676 3878
1677 3667
1678 3808
1679 3667
1680 2955
1681 2755
1682 2716
1683 2866
1684 2866
1685 3813
1686 3878
1687 2865
1688 2576
1689 1351
1690 1613
1691 1351
1692 1403
1693 1501
1694 1504
1695 982
1696 2926
1697 4310
1698 2963
1699 2926
1700 2324
1701 2926
1702 2963
1703 4310
1704 3048
1705 3088
1706 2324
1707 2963
1708 2963
1709 4310
1710 3088
1711 2963
1712 2963
1713 3089
1714 3088
1715 2963
1716 2963
1717 2963
1718 2963
1719 2963
1720 2963
1721 2963
1722 2963
1723 2963
1724 2963
1725 2963
1726 2963
1727 981
1728 2963
1729 2963
1730 2569
1731 4310
1732 2963
1733 3975
1734 2325
1735 981
1736 4923
1737 2325
1738 2963
1739 2746
1740 2963
1741 4310
1742 3089
1743 2746
1744 2969
1745 2969
1746 2969
1747 3089
1748 2746
1749 2969
1750 2969
1751 2969
1752 4059
1753 3777
1754 3966
1755 3969
1756 2889
1757 3987
1758 4924
1759 4310
1760 2963
1761 2963
1762 4310
1763 2963
1764 3638
1765 3799
1766 4732
1767 4732
1768 3799
1769 4598
1770 3323
1771 3323
1772 3435
1773 3435
1774 3165
1775 3165
1776 3492
1777 3165
1778 3435
1779 3435
1780 3846
1781 3659
1782 4603
1783 4603
1784 4690
1785 4603
1786 4690
1787 4697
1788 3323
1789 4582
1790 3915
1791 3786
1792 4583
1793 4582
1794 4582
1795 4582
1796 4757
1797 4689
1798 4757
1799 4580
1800 1397
1801 1397
1802 4743
1803 1397
1804 3797
1805 3969
1806 4546
1807 3632
1808 4726
1809 4546
1810 4771
1811 4743
1812 4743
1813 4589
1814 4703
1815 4703
1816 4580
1817 4582
1818 2889
1819 4002
1820 3062
1821 3062
1822 3062
1823 3163
1824 2953
1825 2935
1826 2053
1827 3163
1828 2935
1829 2052
1830 2052
1831 3163
1832 3331
1833 2928
1834 3331
1835 3163
1836 2953
1837 2928
1838 484
1839 3163
1840 484
1841 3252
1842 2928
1843 3061
1844 2928
1845 2661
1846 2931
1847 2330
1848 2770
1849 3797
1850 2887
1851 2661
1852 2661
1853 2555
1854 2931
1855 1525
1856 3107
1857 3165
1858 1526
1859 3062
1860 3782
1861 3435
1862 3114
1863 4580
1864 4757
1865 4583
1866 4583
1867 4612
1868 4873
1869 5140
1870 4614
1871 4580
1872 4614
1873 4614
1874 3969
1875 3164
1876 3164
1877 3401
1878 3966
1879 3846
1880 3846
1881 3846
1882 3846
1883 3846
1884 3866
1885 3503
1886 3655
1887 966
1888 1184
1889 1184
1890 1184
1891 1184
1892 1184
1893 1184
1894 1175
1895 1175
1896 1175
1897 598
1898 1148
1899 966
1900 1184
1901 1175
1902 1184
1903 2926
1904 2324
1905 2926
1906 2926
1907 2745
1908 3048
1909 3465
1910 3088
1911 1397
1912 4703
1913 4873
1914 4605
1915 4640
1916 4582
1917 4757
1918 4612
1919 4612
1920 1494
1921 1953
1922 1494
1923 4389
1924 1792
1925 4644
1926 2717
1927 4646
1928 4722
1929 4615
1930 4646
1931 4722
1932 4390
1933 4722
1934 4726
1935 4589
1936 4390
1937 4801
1938 4589
1939 4743
1940 3646
1941 3960
1942 3960
1943 3959
1944 3786
1945 3481
1946 3959
1947 3960
1948 3990
1949 602
1950 1621
1951 3210
1952 3210
1953 3210
1954 3046
1955 2948
1956 3397
1957 3042
1958 3339
1959 3466
1960 3608
1961 3211
1962 3600
1963 3082
1964 2701
1965 3960
1966 3646
1967 3209
1968 3210
1969 3046
1970 4346
1971 2890
1972 4233
1973 3646
1974 4284
1975 3872
1976 3872
1977 3646
1978 3959
1979 3822
1980 4226
1981 3659
1982 3323
1983 4227
1984 4640
1985 4612
1986 4612
1987 4612
1988 4612
1989 4612
1990 4612
1991 4614
1992 4583
1993 2648
1994 4612
1995 2648
1996 4614
1997 3959
1998 3960
1999 3960
2000 3646
2001 3646
2002 3798
2003 4825
2004 1396
2005 4643
2006 4643
2007 4643
2008 4643
2009 4643
2010 4297
2011 4086
2012 4041
2013 4086
2014 4873
2015 4873
2016 3798
2017 4825
2018 3959
2019 4873
2020 4873
2021 4873
2022 4825
2023 4873
2024 4873
2025 1389
2026 2648
2027 4614
2028 4614
2029 4614
2030 4614
2031 4576
2032 5140
2033 5140
2034 4614
2035 4614
2036 4612
2037 4612
2038 4544
2039 4612
2040 4612
2041 4612
2042 4612
2043 4640
2044 2531
2045 4807
2046 4807
2047 2531
2048 4807
2049 4863
2050 3876
2051 4807
2052 4807
2053 4807
2054 4807
2055 4807
2056 4807
2057 4807
2058 4807
2059 4807
2060 2531
2061 2531
2062 2531
2063 2531
2064 2531
2065 4807
2066 4863
2067 4863
2068 4807
2069 4807
2070 4807
2071 4199
2072 4807
2073 4807
2074 4807
2075 4807
2076 4697
2077 4582
2078 4757
2079 5140
2080 4614
2081 4614
2082 4583
2083 4583
2084 4614
2085 4757
2086 4608
2087 4604
2088 4608
2089 4543
2090 4486
2091 4488
2092 4486
2093 4452
2094 4488
2095 4585
2096 4585
2097 4585
2098 4659
2099 4608
2100 4486
2101 4585
2102 4585
2103 4585
2104 4527
2105 4486
2106 4486
2107 4486
2108 4512
2109 1394
2110 4608
2111 4695
2112 4608
2113 4523
2114 4641
2115 4436
2116 4512
2117 4610
2118 4486
2119 4610
2120 4757
2121 4612
2122 4583
2123 4612
2124 4640
2125 4582
2126 4612
2127 4544
2128 4640
2129 4697
2130 4640
2131 4575
2132 4575
2133 4575
2134 4544
2135 4730
2136 4543
2137 4697
2138 4535
2139 4730
2140 4603
2141 4659
2142 4581
2143 4659
2144 4604
2145 4604
2146 4608
2147 4603
2148 4690
2149 4603
2150 1395
2151 4659
2152 4765
2153 4696
2154 4649
2155 4695
2156 4695
2157 4610
2158 4610
2159 4610
2160 4531
2161 4610
2162 4641
2163 4641
2164 4730
2165 1395
2166 4531
2167 4732
2168 4765
2169 4730
2170 4730
2171 4599
2172 4753
2173 4543
2174 4659
2175 4604
2176 4436
2177 4703
2178 4873
2179 966
2180 966
2181 1148
2182 4579
2183 1397
2184 981
2185 2926
2186 2926
2187 982
2188 2926
2189 2926
2190 981
2191 981
2192 981
2193 981
2194 2301
2195 2926
2196 2301
2197 2926
2198 981
2199 2301
2200 4807
2201 4863
2202 981
2203 981
2204 2301
2205 981
2206 2926
2207 2926
2208 2926
2209 2926
2210 982
2211 2926
2212 2926
2213 2324
2214 2926
2215 981
2216 2926
2217 2926
2218 2324
2219 2324
2220 981
2221 2926
2222 981
2223 981
2224 981
2225 981
2226 2926
2227 2569
2228 2569
2229 4863
2230 4807
2231 2325
2232 2301
2233 4863
2234 4807
2235 4812
2236 4807
2237 4807
2238 4201
2239 2325
2240 2747
2241 3975
2242 4807
2243 4863
2244 4807
2245 4081
2246 1430
2247 2301
2248 2301
2249 2531
2250 4807
2251 4807
2252 2531
2253 4807
2254 4807
2255 4807
2256 4863
2257 2531
2258 4807
2259 2531
2260 4199
2261 4081
2262 2747
2263 3854
2264 4081
2265 996
2266 4079
2267 4079
2268 4079
2269 4296
2270 4079
2271 1185
2272 1185
2273 1485
2274 1623
2275 1173
2276 1353
2277 1827
2278 1572
2279 4296
2280 4296
2281 4080
2282 4223
2283 4079
2284 4079
2285 4741
2286 4079
2287 4079
2288 4079
2289 4079
2290 4080
2291 4079
2292 2970
2293 4296
2294 4296
2295 1675
2296 4296
2297 1675
2298 1591
2299 1486
2300 1707
2301 1283
2302 1613
2303 598
2304 1621
2305 1185
2306 1184
2307 1217
2308 1217
2309 1184
2310 1148
2311 1148
2312 1185
2313 1501
2314 1048
2315 1048
2316 1048
2317 1111
2318 997
2319 1623
2320 1111
2321 996
2322 950
2323 996
2324 996
2325 997
2326 1675
2327 1109
2328 2970
2329 1109
2330 1109
2331 1108
2332 1675
2333 4274
2334 1675
2335 1572
2336 1675
2337 1109
2338 1675
2339 2044
2340 1111
2341 1411
2342 1814
2343 1787
2344 1753
2345 1677
2346 996
2347 996
2348 1328
2349 1555
2350 1677
2351 1623
2352 1109
2353 1787
2354 2044
2355 1675
2356 1486
2357 1743
2358 1283
2359 1301
2360 1184
2361 1185
2362 1185
2363 1502
2364 1217
2365 1184
2366 1184
2367 965
2368 966
2369 966
2370 966
2371 1555
2372 1678
2373 1048
2374 1658
2375 1677
2376 1722
2377 1787
2378 1411
2379 1875
2380 1874
2381 1874
2382 1875
2383 2044
2384 1109
2385 1411
2386 1787
2387 1613
2388 1403
2389 1148
2390 844
2391 1038
2392 1006
2393 965
2394 1722
2395 1613
2396 1707
2397 1403
2398 1403
2399 1504
2400 1501
2401 1351
2402 1283
2403 1501
2404 1469
2405 1504
2406 1504
2407 1501
2408 1504
2409 1351
2410 1502
2411 1351
2412 1501
2413 1707
2414 1569
2415 1351
2416 1301
2417 1282
2418 1641
2419 1707
2420 1469
2421 1502
2422 1469
2423 1469
2424 1403
2425 1351
2426 1469
2427 1707
2428 1613
2429 1613
2430 1705
2431 1623
2432 1743
2433 1569
2434 1411
2435 1411
2436 1576
2437 1109
2438 1282
2439 1753
2440 1056
2441 1299
2442 1280
2443 1403
2444 966
2445 1184
2446 845
2447 1448
2448 965
2449 950
2450 997
2451 996
2452 996
2453 950
2454 950
2455 965
2456 997
2457 997
2458 997
2459 996
2460 950
2461 996
2462 997
2463 996
2464 997
2465 996
2466 996
2467 996
2468 1501
2469 1501
2470 1501
2471 1501
2472 1707
2473 1641
2474 1641
2475 1300
2476 1403
2477 1300
2478 1613
2479 1641
2480 1501
2481 1504
2482 1501
2483 1504
2484 1504
2485 1501
2486 1501
2487 1504
2488 1501
2489 1502
2490 1501
2491 1613
2492 1613
2493 845
2494 1175
2495 1175
2496 1175
2497 1185
2498 965
2499 965
2500 1623
2501 1575
2502 1814
2503 1814
2504 1743
2505 1743
2506 1623
2507 1743
2508 1111
2509 1504
2510 1504
2511 1504
2512 1575
2513 1504
2514 1827
2515 1753
2516 1623
2517 1111
2518 1351
2519 1486
2520 1283
2521 1351
2522 1282
2523 1282
2524 1722
2525 1743
2526 1569
2527 1501
2528 1678
2529 1555
2530 1814
2531 1469
2532 1284
2533 1469
2534 1175
2535 1175
2536 1184
2537 1369
2538 965
2539 1175
2540 1504
2541 965
2542 965
2543 996
2544 965
2545 950
2546 950
2547 996
2548 950
2549 950
2550 997
2551 965
2552 996
2553 996
2554 950
2555 997
2556 996
2557 965
2558 965
2559 996
2560 997
2561 965
2562 996
2563 996
2564 965
2565 996
2566 950
2567 965
2568 965
2569 1403
2570 1501
2571 1469
2572 1504
2573 1403
2574 1403
2575 1501
2576 1448
2577 675
2578 1448
2579 845
2580 1504
2581 1184
2582 1504
2583 2470
2584 282
2585 282
2586 282
2587 979
2588 979
2589 979
2590 367
2591 367
2592 1671
2593 1671
2594 1803
2595 1803
2596 979
2597 367
2598 2512
2599 282
2600 282
2601 282
2602 282
2603 282
2604 1508
2605 979
2606 979
2607 979
2608 2357
2609 979
2610 1718
2611 979
2612 979
2613 154
2614 979
2615 979
2616 979
2617 2578
2618 1509
2619 86
2620 979
2621 979
2622 282
2623 2470
2624 282
2625 282
2626 2470
2627 2470
2628 2578
2629 1508
2630 368
2631 3020
2632 3480
2633 3480
2634 2470
2635 2006
2636 1510
2637 1510
2638 3020
2639 3144
2640 368
2641 3144
2642 154
2643 2006
2644 1509
2645 3480
2646 2856
2647 2856
2648 3008
2649 2904
2650 2904
2651 2904
2652 2904
2653 2904
2654 2904
2655 2904
2656 2991
2657 2856
2658 2991
2659 2904
2660 2904
2661 2904
2662 2913
2663 2913
2664 2904
2665 2856
2666 3008
2667 2913
2668 2350
2669 2349
2670 2350
2671 2904
2672 2904
2673 2350
2674 3480
2675 2350
2676 2350
2677 282
2678 282
2679 282
2680 1508
2681 1508
2682 1510
2683 1508
2684 2198
2685 282
2686 368
2687 1962
2688 2512
2689 282
2690 2470
2691 2350
2692 2350
2693 2350
2694 2350
2695 2350
2696 2350
2697 2350
2698 2470
2699 2350
2700 2350
2701 2350
2702 2470
2703 2350
2704 2350
2705 2350
2706 2350
2707 2349
2708 2350
2709 2350
2710 2470
2711 2350
2712 977
2713 183
2714 183
2715 183
2716 1392
2717 377
2718 377
2719 4446
2720 977
2721 2164
2722 1491
2723 154
2724 183
2725 148
2726 154
2727 2359
2728 2164
2729 2164
2730 977
2731 977
2732 2164
2733 86
2734 86
2735 86
2736 2448
2737 86
2738 86
2739 1392
2740 4446
2741 4430
2742 4430
2743 4283
2744 4283
2745 1663
2746 4446
2747 3454
2748 2245
2749 3136
2750 2245
2751 3136
2752 3454
2753 1392
2754 183
2755 2164
2756 183
2757 2448
2758 2448
2759 183
2760 2164
2761 1535
2762 183
2763 183
2764 4532
2765 1491
2766 1537
2767 1392
2768 5096
2769 2039
2770 507
2771 502
2772 507
2773 2462
2774 507
2775 1758
2776 1758
2777 2195
2778 2195
2779 2195
2780 2710
2781 2009
2782 2060
2783 2545
2784 2735
2785 2544
2786 2736
2787 2542
2788 2542
2789 2542
2790 2542
2791 2995
2792 1523
2793 2542
2794 2542
2795 2041
2796 1565
2797 2780
2798 2195
2799 2523
2800 2195
2801 2736
2802 2735
2803 2735
2804 1903
2805 502
2806 1565
2807 2524
2808 2041
2809 1947
2810 507
2811 2640
2812 2542
2813 2927
2814 1524
2815 2542
2816 3003
2817 2542
2818 2640
2819 3003
2820 2542
2821 2640
2822 2640
2823 2640
2824 1524
2825 2052
2826 1524
2827 1524
2828 1938
2829 1524
2830 2412
2831 1525
2832 2736
2833 2540
2834 2736
2835 2060
2836 2780
2837 2735
2838 2735
2839 2735
2840 2554
2841 2608
2842 3003
2843 3003
2844 3003
2845 2524
2846 2640
2847 3003
2848 2524
2849 1938
2850 2462
2851 2462
2852 2736
2853 2736
2854 2731
2855 2980
2856 2710
2857 2710
2858 1561
2859 1561
2860 2980
2861 2195
2862 1562
2863 2282
2864 2050
2865 1561
2866 1884
2867 2420
2868 1740
2869 2710
2870 2736
2871 1561
2872 1561
2873 2575
2874 2599
2875 3229
2876 2599
2877 1699
2878 2754
2879 3229
2880 1521
2881 2599
2882 2599
2883 2954
2884 2865
2885 2754
2886 2575
2887 2980
2888 2954
2889 2599
2890 1934
2891 1933
2892 2647
2893 2574
2894 2050
2895 2534
2896 2284
2897 1733
2898 1884
2899 1884
2900 2534
2901 2284
2902 2050
2903 2420
2904 1686
2905 1733
2906 1662
2907 505
2908 1634
2909 505
2910 1634
2911 1611
2912 4441
2913 4445
2914 1619
2915 1427
2916 1467
2917 1611
2918 1619
2919 1633
2920 1619
2921 505
2922 1687
2923 4441
2924 4424
2925 4424
2926 1733
2927 1733
2928 4424
2929 4445
2930 4441
2931 4441
2932 4445
2933 4445
2934 1611
2935 4466
2936 245
2937 1611
2938 4445
2939 505
2940 4466
2941 245
2942 245
2943 245
2944 282
2945 4466
2946 245
2947 1903
2948 1663
2949 507
2950 506
2951 505
2952 1852
2953 1795
2954 2039
2955 1947
2956 2285
2957 2462
2958 2139
2959 2139
2960 2285
2961 502
2962 2659
2963 2285
2964 2330
2965 2661
2966 2330
2967 2897
2968 2706
2969 1527
2970 2064
2971 2770
2972 2085
2973 1497
2974 2345
2975 1564
2976 2660
2977 2446
2978 1921
2979 3125
2980 2064
2981 3017
2982 3017
2983 1702
2984 3017
2985 1703
2986 2497
2987 2497
2988 501
2989 2474
2990 2474
2991 2497
2992 2497
2993 1525
2994 2285
2995 1524
2996 1524
2997 2640
2998 1524
2999 2285
3000 2285
3001 2946
3002 2660
3003 1921
3004 1862
3005 2076
3006 2076
3007 3011
3008 3011
3009 3012
3010 2803
3011 2074
3012 2074
3013 1237
3014 1237
3015 2074
3016 2509
3017 3016
3018 1975
3019 2345
3020 1947
3021 2285
3022 501
3023 2497
3024 1525
3025 2328
3026 2328
3027 1525
3028 2328
3029 2497
3030 501
3031 1830
3032 1467
3033 1427
3034 1461
3035 1460
3036 2194
3037 1951
3038 2556
3039 1974
3040 2552
3041 2440
3042 2082
3043 1798
3044 2082
3045 2503
3046 2698
3047 1228
3048 1916
3049 1829
3050 1829
3051 1941
3052 1237
3053 2759
3054 2699
3055 3012
3056 510
3057 2668
3058 2704
3059 2669
3060 2623
3061 3016
3062 2781
3063 3162
3064 2668
3065 2421
3066 2509
3067 1796
3068 2503
3069 1919
3070 3162
3071 3162
3072 2815
3073 2883
3074 2613
3075 5054
3076 3228
3077 5054
3078 1238
3079 3600
3080 1239
3081 2782
3082 2815
3083 1859
3084 1987
3085 1437
3086 1265
3087 2603
3088 1265
3089 1093
3090 4803
3091 1723
3092 1652
3093 963
3094 963
3095 3975
3096 1454
3097 1305
3098 4668
3099 1454
3100 1454
3101 1093
3102 1093
3103 1092
3104 1092
3105 4733
3106 1905
3107 1454
3108 1454
3109 2167
3110 1431
3111 1431
3112 2167
3113 2167
3114 1905
3115 1778
3116 1223
3117 1332
3118 1305
3119 4733
3120 4719
3121 4733
3122 1409
3123 1355
3124 1431
3125 1778
3126 1315
3127 1450
3128 1450
3129 1431
3130 1293
3131 1329
3132 1329
3133 1329
3134 1210
3135 3903
3136 3903
3137 1329
3138 1329
3139 3903
3140 3903
3141 3447
3142 4565
3143 4565
3144 4565
3145 4719
3146 1454
3147 1454
3148 2167
3149 1454
3150 1800
3151 1567
3152 2210
3153 4733
3154 4733
3155 4668
3156 1210
3157 1305
3158 2210
3159 1989
3160 3800
3161 3800
3162 3800
3163 3800
3164 3800
3165 3800
3166 3800
3167 3447
3168 3903
3169 3800
3170 3800
3171 3800
3172 3800
3173 1329
3174 4668
3175 4668
3176 4719
3177 4565
3178 3265
3179 1329
3180 1329
3181 3903
3182 3434
3183 3800
3184 3800
3185 3800
3186 3800
3187 3800
3188 3800
3189 3800
3190 3800
3191 3800
3192 3903
3193 3800
3194 3800
3195 3800
3196 3800
3197 3800
3198 2894
3199 4708
3200 1428
3201 1198
3202 1198
3203 1198
3204 1198
3205 1198
3206 1198
3207 1329
3208 1206
3209 3800
3210 3800
3211 3800
3212 3800
3213 3903
3214 3800
3215 1329
3216 1329
3217 4772
3218 4719
3219 1329
3220 4668
3221 4733
3222 1305
3223 1092
3224 1092
3225 1454
3226 1092
3227 1092
3228 1305
3229 1092
3230 1454
3231 1431
3232 1286
3233 1454
3234 1092
3235 1305
3236 1093
3237 1431
3238 1331
3239 4668
3240 1454
3241 1454
3242 3903
3243 3265
3244 1329
3245 4733
3246 4733
3247 1305
3248 4719
3249 3265
3250 1329
3251 4719
3252 1408
3253 1093
3254 1093
3255 1431
3256 1315
3257 1293
3258 1355
3259 1355
3260 1431
3261 1093
3262 1092
3263 1092
3264 1093
3265 1431
3266 1210
3267 1210
3268 4733
3269 1305
3270 1208
3271 1208
3272 1454
3273 1329
3274 1329
3275 1329
3276 1305
3277 1454
3278 1454
3279 4565
3280 3903
3281 3903
3282 3265
3283 3265
3284 3800
3285 1077
3286 3800
3287 3800
3288 3800
3289 3800
3290 3800
3291 3800
3292 3800
3293 3447
3294 3903
3295 3800
3296 3903
3297 4719
3298 4719
3299 4566
3300 1329
3301 4565
3302 4719
3303 1329
3304 1210
3305 1305
3306 1305
3307 1454
3308 1092
3309 1093
3310 1093
3311 1092
3312 1286
3313 1208
3314 1211
3315 1210
3316 1454
3317 1329
3318 1206
3319 1329
3320 3447
3321 3800
3322 3800
3323 3800
3324 1360
3325 1198
3326 1210
3327 1077
3328 1329
3329 4733
3330 4668
3331 3800
3332 3800
3333 3800
3334 3903
3335 3903
3336 3800
3337 3800
3338 3800
3339 3800
3340 1198
3341 3800
3342 1198
3343 1816
3344 364
3345 1352
3346 2968
3347 2968
3348 2745
3349 1241
3350 3316
3351 2893
3352 1241
3353 1241
3354 2042
3355 3315
3356 2893
3357 3658
3358 2745
3359 3316
3360 2860
3361 2745
3362 2745
3363 2432
3364 1267
3365 2167
3366 2860
3367 4201
3368 4200
3369 2968
3370 4062
3371 4037
3372 4072
3373 3146
3374 2210
3375 1816
3376 1328
3377 1411
3378 4110
3379 3816
3380 3816
3381 1204
3382 1119
3383 1054
3384 1058
3385 602
3386 1038
3387 1038
3388 1039
3389 1054
3390 1038
3391 1149
3392 1038
3393 1038
3394 1281
3395 1281
3396 1623
3397 1658
3398 1623
3399 1787
3400 1623
3401 1281
3402 1204
3403 1707
3404 1204
3405 1149
3406 1204
3407 2478
3408 1755
3409 1913
3410 1913
3411 196
3412 1913
3413 1943
3414 1913
3415 1463
3416 1913
3417 1463
3418 1943
3419 1745
3420 1745
3421 1914
3422 1943
3423 1943
3424 1913
3425 1463
3426 1913
3427 1913
3428 1745
3429 1913
3430 1913
3431 1913
3432 1745
3433 1913
3434 1913
3435 196
3436 1913
3437 1913
3438 1913
3439 1913
3440 1913
3441 1463
3442 1463
3443 2021
3444 1943
3445 1913
3446 1463
3447 1942
3448 1842
3449 1842
3450 1942
3451 1810
3452 1943
3453 1358
3454 1842
3455 393
3456 1913
3457 1913
3458 393
3459 1842
3460 1842
3461 765
3462 1913
3463 1913
3464 768
3465 1913
3466 1842
3467 1348
3468 1810
3469 245
3470 393
3471 1463
3472 1463
3473 1463
3474 1913
3475 1913
3476 1913
3477 1913
3478 1842
3479 245
3480 1942
3481 1842
3482 245
3483 2350
3484 2349
3485 2904
3486 2349
3487 2349
3488 2904
3489 2904
3490 2350
3491 2904
3492 5052
3493 2991
3494 2904
3495 2856
3496 2856
3497 2349
3498 5052
3499 2349
3500 2470
3501 2861
3502 2856
3503 2856
3504 2856
3505 2904
3506 2904
3507 3008
3508 2856
3509 2856
3510 2861
3511 2856
3512 1671
3513 1491
3514 3921
3515 3921
3516 1663
3517 2834
3518 4283
3519 4446
3520 1733
3521 2834
3522 1663
3523 1733
3524 1733
3525 1663
3526 1392
3527 1491
3528 1537
3529 4424
3530 1663
3531 1663
3532 2834
3533 1733
3534 4283
3535 1491
3536 1671
3537 1671
3538 1671
3539 2357
3540 1537
3541 4424
3542 1671
3543 2357
3544 2584
3545 2448
3546 2164
3547 2448
3548 2448
3549 2448
3550 2448
3551 979
3552 979
3553 979
3554 2357
3555 1671
3556 1718
3557 2512
3558 2164
3559 1671
3560 4283
3561 3136
3562 4032
3563 377
3564 4283
3565 4283
3566 377
3567 377
3568 4446
3569 377
3570 377
3571 4283
3572 4478
3573 4374
3574 4481
3575 4282
3576 4282
3577 2245
3578 2245
3579 377
3580 4282
3581 4282
3582 2245
3583 4032
3584 4032
3585 4283
3586 377
3587 3457
3588 377
3589 377
3590 4478
3591 4374
3592 4328
3593 4304
3594 4304
3595 3387
3596 4328
3597 1732
3598 4327
3599 2501
3600 4328
3601 4328
3602 4328
3603 4328
3604 4328
3605 4328
3606 4481
3607 3387
3608 4481
3609 3387
3610 4478
3611 4282
3612 377
3613 4478
3614 377
3615 4430
3616 4283
3617 377
3618 1719
3619 2235
3620 2235
3621 2235
3622 2235
3623 2235
3624 2235
3625 2235
3626 2235
3627 3102
3628 2235
3629 3102
3630 3202
3631 2010
3632 1720
3633 2010
3634 2010
3635 1773
3636 2235
3637 2235
3638 2235
3639 2235
3640 2235
3641 4446
3642 2235
3643 377
3644 1524
3645 1524
3646 2412
3647 2412
3648 1524
3649 2667
3650 2476
3651 1971
3652 1951
3653 1296
3654 1941
3655 2011
3656 1386
3657 1854
3658 1626
3659 1436
3660 1581
3661 1554
3662 2045
3663 1465
3664 1322
3665 1464
3666 2047
3667 1316
3668 1911
3669 1911
3670 1321
3671 1345
3672 2048
3673 1464
3674 2059
3675 2413
3676 1466
3677 2047
3678 2038
3679 1464
3680 1464
3681 1949
3682 1464
3683 1942
3684 1842
3685 2028
3686 1842
3687 1915
3688 1745
3689 1842
3690 1942
3691 1842
3692 2028
3693 1312
3694 1745
3695 1943
3696 1943
3697 1842
3698 1745
3699 1842
3700 1914
3701 1745
3702 1463
3703 1463
3704 1745
3705 1913
3706 1464
3707 1312
3708 1810
3709 1898
3710 1358
3711 1358
3712 1745
3713 1358
3714 1842
3715 1842
3716 1942
3717 1942
3718 1427
3719 1842
3720 1467
3721 1898
3722 1460
3723 1942
3724 1942
3725 1842
3726 1898
3727 1467
3728 1942
3729 1844
3730 1294
3731 1896
3732 2430
3733 1386
3734 1913
3735 1311
3736 1330
3737 1313
3738 1915
3739 1842
3740 1426
3741 1842
3742 1461
3743 1724
3744 1619
3745 1619
3746 2346
3747 1852
3748 2476
3749 1824
3750 1654
3751 1634
3752 1634
3753 1662
3754 1733
3755 1719
3756 1664
3757 1495
3758 1495
3759 2051
3760 1762
3761 2051
3762 1977
3763 1495
3764 1495
3765 1750
3766 1495
3767 1667
3768 1664
3769 1733
3770 2010
3771 1662
3772 1664
3773 1815
3774 1835
3775 1686
3776 1686
3777 4445
3778 505
3779 505
3780 1654
3781 1619
3782 1611
3783 1654
3784 1654
3785 1654
3786 1898
3787 1467
3788 1467
3789 1611
3790 1611
3791 1611
3792 4424
3793 1663
3794 1903
3795 1861
3796 1995
3797 1520
3798 2598
3799 2598
3800 1939
3801 2602
3802 2756
3803 1939
3804 1995
3805 1995
3806 1773
3807 1773
3808 1520
3809 1773
3810 1773
3811 1773
3812 1939
3813 1995
3814 1939
3815 2501
3816 2600
3817 2756
3818 2982
3819 1697
3820 3015
3821 1697
3822 2598
3823 2827
3824 3015
3825 2602
3826 2601
3827 1793
3828 2598
3829 2722
3830 1750
3831 1495
3832 2602
3833 2756
3834 2599
3835 2599
3836 1697
3837 481
3838 2598
3839 1664
3840 2010
3841 1766
3842 1766
3843 1766
3844 2010
3845 1766
3846 3102
3847 4430
3848 2010
3849 1766
3850 1766
3851 1766
3852 1766
3853 1766
3854 1773
3855 2010
3856 3102
3857 3102
3858 1766
3859 1773
3860 1815
3861 1815
3862 1460
3863 1467
3864 1467
3865 1810
3866 1427
3867 1942
3868 245
3869 282
3870 245
3871 1467
3872 245
3873 1427
3874 1427
3875 245
3876 1554
3877 1611
3878 1611
3879 1460
3880 1611
3881 1554
3882 1467
3883 1611
3884 1460
3885 1460
3886 2834
3887 497
3888 1266
3889 1265
3890 1451
3891 1897
3892 1885
3893 1809
3894 2490
3895 2490
3896 1885
3897 1451
3898 1245
3899 2042
3900 1778
3901 2490
3902 2042
3903 2490
3904 1404
3905 1897
3906 2503
3907 1454
3908 1454
3909 1331
3910 1092
3911 1800
3912 4201
3913 4201
3914 2027
3915 1329
3916 1210
3917 1211
3918 1211
3919 1211
3920 1208
3921 1208
3922 1208
3923 1208
3924 5130
3925 4558
3926 1093
3927 1208
3928 1208
3929 1092
3930 1305
3931 1210
3932 1198
3933 1209
3934 1329
3935 1077
3936 1305
3937 1431
3938 1431
3939 5174
3940 1293
3941 4797
3942 4558
3943 1445
3944 1445
3945 1532
3946 1532
3947 4751
3948 1375
3949 1315
3950 1445
3951 4903
3952 5168
3953 1445
3954 1297
3955 1260
3956 1779
3957 1355
3958 1355
3959 1293
3960 1409
3961 1431
3962 1431
3963 1431
3964 1293
3965 1093
3966 1093
3967 1315
3968 1315
3969 1451
3970 1251
3971 2549
3972 1260
3973 1297
3974 1297
3975 1445
3976 4797
3977 1293
3978 1445
3979 1093
3980 1208
3981 1293
3982 3800
3983 3903
3984 3800
3985 3800
3986 3800
3987 1352
3988 4200
3989 963
3990 364
3991 2970
3992 2968
3993 3351
3994 4676
3995 1628
3996 1352
3997 364
3998 4199
3999 3618
4000 2858
4001 2907
4002 2972
4003 4256
4004 3550
4005 2167
4006 5174
4007 1286
4008 1260
4009 1260
4010 1779
4011 1252
4012 2417
4013 1445
4014 4828
4015 1779
4016 2365
4017 1908
4018 1779
4019 2082
4020 1290
4021 1290
4022 2080
4023 2080
4024 2472
4025 2423
4026 2478
4027 2423
4028 2530
4029 2309
4030 2658
4031 2530
4032 2549
4033 2549
4034 1908
4035 2530
4036 4844
4037 1252
4038 1908
4039 2530
4040 1908
4041 4828
4042 4784
4043 4638
4044 2082
4045 1229
4046 1029
4047 2472
4048 4844
4049 1293
4050 602
4051 1148
4052 1006
4053 1043
4054 1067
4055 599
4056 1039
4057 1257
4058 1014
4059 1204
4060 1623
4061 1943
4062 1913
4063 1913
4064 1913
4065 1913
4066 1745
4067 1842
4068 1943
4069 1794
4070 1942
4071 1358
4072 1358
4073 1913
4074 1794
4075 1358
4076 1842
4077 1898
4078 1810
4079 1358
4080 1810
4081 1898
4082 1913
4083 1914
4084 1463
4085 1943
4086 1462
4087 1463
4088 1913
4089 1913
4090 1913
4091 1463
4092 1463
4093 1898
4094 1358
4095 1358
4096 1942
4097 1427
4098 245
4099 1467
4100 1427
4101 1842
4102 1842
4103 1913
4104 1913
4105 1913
4106 1913
4107 1463
4108 1913
4109 1913
4110 1913
4111 1913
4112 1913
4113 1913
4114 1842
4115 1913
4116 534
4117 1943
4118 1842
4119 1345
4120 1842
4121 1943
4122 1462
4123 1913
4124 1943
4125 1180
4126 1463
4127 1463
4128 1463
4129 1913
4130 1913
4131 1842
4132 1358
4133 1312
4134 1427
4135 282
4136 1427
4137 1467
4138 1312
4139 1358
4140 1358
4141 1842
4142 1810
4143 1358
4144 1810
4145 1358
4146 1426
4147 1345
4148 1358
4149 1810
4150 1842
4151 1913
4152 1913
4153 1463
4154 1913
4155 1913
4156 1463
4157 1913
4158 1913
4159 1913
4160 1943
4161 1462
4162 1842
4163 1842
4164 1842
4165 1745
4166 1842
4167 1745
4168 1842
4169 1913
4170 1842
4171 1913
4172 1913
4173 1913
4174 1810
4175 1842
4176 1842
4177 1842
4178 1943
4179 1898
4180 1898
4181 1913
4182 1913
4183 1913
4184 1463
4185 1911
4186 1032
4187 1032
4188 245
4189 282
4190 245
4191 245
4192 1810
4193 1348
4194 4446
4195 2235
4196 2235
4197 2235
4198 2235
4199 2010
4200 1732
4201 3457
4202 1732
4203 1732
4204 1495
4205 2010
4206 2010
4207 1667
4208 1495
4209 1495
4210 1667
4211 2235
4212 2235
4213 2235
4214 2235
4215 2235
4216 503
4217 2051
4218 2420
4219 2181
4220 1560
4221 1810
4222 1942
4223 1898
4224 1467
4225 1810
4226 1810
4227 1810
4228 1460
4229 1942
4230 1898
4231 1779
4232 5184
4233 1312
4234 282
4235 282
4236 245
4237 245
4238 245
4239 1427
4240 1427
4241 1467
4242 1898
4243 4481
4244 3236
4245 3414
4246 4328
4247 2982
4248 4328
4249 2553
4250 1773
4251 1766
4252 2235
4253 3102
4254 1766
4255 1773
4256 1945
4257 2420
4258 1977
4259 1742
4260 1762
4261 1895
4262 1495
4263 2597
4264 2954
4265 2501
4266 3767
4267 4110
4268 3816
4269 3816
4270 3816
4271 3816
4272 4803
4273 4803
4274 4778
4275 4803
4276 4857
4277 2376
4278 5134
4279 4803
4280 4803
4281 5134
4282 4798
4283 2999
4284 2999
4285 4798
4286 4761
4287 2903
4288 4761
4289 4798
4290 2916
4291 4310
4292 2906
4293 2909
4294 4798
4295 2917
4296 2857
4297 2916
4298 2963
4299 4635
4300 5134
4301 4761
4302 4621
4303 4635
4304 4635
4305 2903
4306 2903
4307 2746
4308 4759
4309 4635
4310 4711
4311 4709
4312 2746
4313 4759
4314 4748
4315 4711
4316 4877
4317 4711
4318 2969
4319 4676
4320 4671
4321 2747
4322 4746
4323 3089
4324 3089
4325 2746
4326 2963
4327 2746
4328 2969
4329 2969
4330 2969
4331 2969
4332 2969
4333 3089
4334 2746
4335 2969
4336 2969
4337 2969
4338 2194
4339 2495
4340 1976
4341 1904
4342 2411
4343 4746
4344 2917
4345 2746
4346 2976
4347 2917
4348 1295
4349 1436
4350 2011
4351 1345
4352 1828
4353 2196
4354 1944
4355 1761
4356 1573
4357 1972
4358 1975
4359 501
4360 501
4361 501
4362 2500
4363 2500
4364 2474
4365 1941
4366 1913
4367 1943
4368 1913
4369 1913
4370 1943
4371 1463
4372 1682
4373 1911
4374 1796
4375 2478
4376 1466
4377 1464
4378 1755
4379 2045
4380 1466
4381 2478
4382 1911
4383 1464
4384 1230
4385 1230
4386 4784
4387 2423
4388 1033
4389 2495
4390 4638
4391 2283
4392 4638
4393 4638
4394 4844
4395 2658
4396 2530
4397 2658
4398 1033
4399 1033
4400 1032
4401 1464
4402 2197
4403 1525
4404 1525
4405 2328
4406 1525
4407 2412
4408 1525
4409 2412
4410 1524
4411 2412
4412 2935
4413 2412
4414 2497
4415 1524
4416 1524
4417 1524
4418 2052
4419 1524
4420 1938
4421 2462
4422 2462
4423 1524
4424 3061
4425 2953
4426 1938
4427 2640
4428 2935
4429 2953
4430 2661
4431 2770
4432 1564
4433 2474
4434 2897
4435 2897
4436 2474
4437 2474
4438 2329
4439 501
4440 2659
4441 2500
4442 501
4443 2328
4444 501
4445 2328
4446 2497
4447 1032
4448 1032
4449 1466
4450 1032
4451 1033
4452 2472
4453 1033
4454 1032
4455 1033
4456 1032
4457 1033
4458 2495
4459 2552
4460 2440
4461 2419
4462 1974
4463 2419
4464 2440
4465 1974
4466 2039
4467 1971
4468 2049
4469 1972
4470 1852
4471 1795
4472 1148
4473 1038
4474 1038
4475 1038
4476 1148
4477 1038
4478 1038
4479 1148
4480 1148
4481 1038
4482 1018
4483 1006
4484 1006
4485 1038
4486 1148
4487 1038
4488 4803
4489 4803
4490 4775
4491 4803
4492 1241
4493 2909
4494 2852
4495 3228
4496 1033
4497 1032
4498 1033
4499 1466
4500 2059
4501 1911
4502 2047
4503 2047
4504 5174
4505 1445
4506 1355
4507 1315
4508 1298
4509 1260
4510 1897
4511 1222
4512 1375
4513 1252
4514 4638
4515 2365
4516 2549
4517 2549
4518 2658
4519 2365
4520 2658
4521 2658
4522 2658
4523 2530
4524 2308
4525 1889
4526 1681
4527 2347
4528 2082
4529 2073
4530 1920
4531 2603
4532 1919
4533 2721
4534 1707
4535 1404
4536 2699
4537 1885
4538 2510
4539 495
4540 3012
4541 2813
4542 2785
4543 3055
4544 2785
4545 1885
4546 2813
4547 497
4548 2985
4549 2782
4550 2957
4551 1251
4552 3018
4553 3228
4554 1239
4555 2739
4556 1885
4557 1799
4558 1247
4559 2490
4560 2782
4561 2785
4562 2994
4563 1227
4564 2738
4565 1237
4566 1927
4567 1941
4568 1770
4569 1890
4570 2028
4571 1032
4572 1032
4573 1912
4574 1032
4575 1466
4576 2047
4577 1911
4578 1466
4579 1896
4580 2080
4581 1863
4582 2514
4583 1777
4584 1252
4585 1863
4586 2308
4587 1252
4588 1863
4589 2658
4590 2549
4591 2530
4592 2082
4593 1252
4594 2530
4595 1228
4596 1290
4597 1681
4598 1777
4599 1624
4600 1681
4601 2082
4602 2082
4603 1853
4604 1290
4605 1290
4606 2658
4607 5160
4608 2658
4609 2309
4610 2847
4611 2080
4612 1681
4613 2080
4614 2472
4615 5163
4616 1912
4617 1033
4618 1032
4619 1948
4620 1032
4621 1033
4622 1909
4623 1911
4624 1466
4625 1032
4626 1032
4627 2047
4628 1948
4629 1890
4630 1198
4631 1198
4632 1198
4633 1198
4634 3800
4635 3800
4636 1333
4637 4668
4638 4565
4639 4733
4640 1077
4641 1198
4642 1198
4643 1198
4644 1077
4645 1329
4646 1198
4647 1198
4648 1198
4649 1198
4650 1198
4651 4665
4652 1210
4653 4566
4654 1305
4655 4719
4656 3903
4657 3311
4658 3800
4659 3800
4660 3800
4661 3903
4662 1464
4663 1463
4664 2059
4665 1912
4666 2478
4667 1909
4668 1032
4669 1032
4670 1032
4671 2478
4672 2047
4673 1842
4674 1943
4675 1915
4676 1842
4677 1842
4678 1842
4679 1842
4680 1942
4681 1842
4682 1915
4683 1842
4684 1842
4685 1913
4686 1745
4687 1842
4688 1842
4689 1842
4690 1842
4691 1842
4692 1842
4693 1842
4694 1842
4695 1842
4696 1842
4697 1745
4698 1914
4699 1745
4700 1842
4701 1915
4702 2028
4703 1965
4704 2028
4705 1915
4706 1466
4707 2478
4708 1032
4709 2478
4710 1032
4711 2047
4712 2047
4713 2478
4714 2047
4715 1464
4716 1911
4717 1464
4718 1465
4719 1464
4720 1464
4721 1464
4722 1745
4723 1755
4724 1915
4725 1915
4726 1914
4727 1745
4728 1745
4729 1745
4730 1914
4731 1745
4732 1745
4733 780
4734 1463
4735 1913
4736 1943
4737 393
4738 1913
4739 1745
4740 1745
4741 1943
4742 1914
4743 1915
4744 1842
4745 1842
4746 1943
4747 1914
4748 1914
4749 1914
4750 2086
4751 1463
4752 1913
4753 1463
4754 1463
4755 1463
4756 1464
4757 1463
4758 1913
4759 1913
4760 1943
4761 1943
4762 1943
4763 2309
4764 2658
4765 1006
4766 1006
4767 1018
4768 1038
4769 5160
4770 3816
4771 3975
4772 4778
4773 4803
4774 4803
4775 4803
4776 5133
4777 4778
4778 1092
4779 1092
4780 1092
4781 4709
4782 1305
4783 1305
4784 1092
4785 1092
4786 1454
4787 3903
4788 1329
4789 1092
4790 1092
4791 1329
4792 1305
4793 4709
4794 1092
4795 4778
4796 4777
4797 4803
4798 4857
4799 5134
4800 4797
4801 4857
4802 4711
4803 4766
4804 4803
4805 4636
4806 4803
4807 4803
4808 4803
4809 4759
4810 4759
4811 4636
4812 4779
4813 1454
4814 1092
4815 4711
4816 4676
4817 4676
4818 4676
4819 1329
4820 1454
4821 1305
4822 1329
4823 3800
4824 3903
4825 3903
4826 1077
4827 3903
4828 1652
4829 4733
4830 4676
4831 1329
4832 4565
4833 963
4834 1198
4835 1077
4836 963
4837 1428
4838 4733
4839 1329
4840 1198
4841 1198
4842 1198
4843 1198
4844 1198
4845 4566
4846 1198
4847 1077
4848 1198
4849 1652
4850 1352
4851 963
4852 963
4853 963
4854 950
4855 965
4856 1352
4857 963
4858 1428
4859 364
4860 1787
4861 1039
4862 1678
4863 1591
4864 1485
4865 1067
4866 600
4867 1787
4868 1109
4869 4223
4870 4080
4871 364
4872 4199
4873 364
4874 1352
4875 1077
4876 1198
4877 1198
4878 1352
4879 4566
4880 1352
4881 364
4882 364
4883 4223
4884 2970
4885 1675
4886 1675
4887 1856
4888 1328
4889 1053
4890 3430
4891 4110
4892 3816
4893 1204
4894 1060
4895 3870
4896 3870
4897 1039
4898 3870
4899 1038
4900 1057
4901 1038
4902 1039
4903 3816
4904 1623
4905 1051
4906 1675
4907 1109
4908 1787
4909 1111
4910 965
4911 996
4912 996
4913 965
4914 950
4915 2044
4916 1675
4917 1674
4918 1675
4919 1856
4920 1675
4921 1109
4922 1109
4923 603
4924 1675
4925 1411
4926 1572
4927 1572
4928 2044
4929 2044
4930 1787
4931 1328
4932 1787
4933 1151
4934 1051
4935 950
4936 965
4937 1749
4938 3767
4939 4317
4940 1201
4941 1151
4942 1572
4943 1052
4944 2044
4945 1673
4946 1014
4947 1328
4948 604
4949 3870
4950 3816
4951 3870
4952 3816
4953 1054
4954 3870
4955 3870
4956 965
4957 966
4958 1006
4959 1006
4960 3429
4961 1015
4962 1053
4963 1050
4964 1151
4965 1051
4966 1675
4967 1411
4968 1111
4969 2044
4970 2044
4971 2044
4972 1875
4973 1572
4974 1787
4975 1111
4976 4110
4977 3767
4978 1018
4979 602
4980 1038
4981 3816
4982 845
4983 3271
4984 3271
4985 3767
4986 3816
4987 3767
4988 3767
4989 3816
4990 3816
4991 3271
4992 3767
4993 3767
4994 3816
4995 3816
4996 3816
4997 3816
4998 3882
4999 4110
5000 3430
5001 3816
5002 3973
5003 3272
5004 3430
5005 3429
5006 4286
5007 3271
5008 4306
5009 3767
5010 3271
5011 3429
5012 3767
5013 3816
5014 3429
5015 3816
5016 3767
5017 3767
5018 4110
5019 4286
5020 3973
5021 1015
5022 1009
5023 1111
5024 1673
5025 1052
5026 1111
5027 1076
5028 1046
5029 3534
5030 604
5031 4110
5032 3534
5033 845
5034 1148
5035 1018
5036 1038
5037 4289
5038 1006
5039 965
5040 965
5041 965
5042 996
5043 996
5044 965
5045 4289
5046 4289
5047 4289
5048 965
5049 4289
5050 965
5051 965
5052 965
5053 965
5054 4289
5055 965
5056 4289
5057 3816
5058 3816
5059 3816
5060 3816
5061 4110
5062 4306
5063 4306
5064 3816
5065 3767
5066 4110
5067 3816
5068 3271
5069 3816
5070 3816
5071 3816
5072 3816
5073 3816
5074 3816
5075 3816
5076 3816
5077 3816
5078 3816
5079 3816
5080 4110
5081 3767
5082 845
5083 966
5084 1038
5085 1038
5086 1039
5087 965
5088 965
5089 1046
5090 1052
5091 1020
5092 4372
5093 1065
5094 1046
5095 1065
5096 1046
5097 1020
5098 1673
5099 3816
5100 3816
5101 1052
5102 3816
5103 1065
5104 1065
5105 1111
5106 1016
5107 1057
5108 1050
5109 4110
5110 3430
5111 1051
5112 1046
5113 1015
5114 1065
5115 3272
5116 3767
5117 1328
5118 1095
5119 1533
5120 1018
5121 1038
5122 1058
5123 1006
5124 4289
5125 4289
5126 4289
5127 4289
5128 1038
5129 1039
5130 4289
5131 4289
5132 845
5133 996
5134 965
5135 965
5136 965
5137 996
5138 950
5139 4289
5140 965
5141 965
5142 965
5143 965
5144 4289
5145 4289
5146 4289
5147 4289
5148 965
5149 965
5150 965
5151 965
5152 996
5153 965
5154 965
5155 996
5156 845
5157 845
5158 3767
5159 3767
5160 3767
5161 3816
5162 3816
5163 3767
5164 3767
5165 1039
5166 3816
5167 3816
5168 1038
5169 3767
5170 1148
5171 603
5172 2555
5173 2926
5174 2926
5175 2926
5176 2963
5177 4807
5178 4807
5179 2928
5180 2053
5181 2770
5182 2771
5183 5134
5184 3800
5185 3800
5186 3800
5187 2770
5188 4807
5189 982
5190 2963
5191 2926
5192 2963
5193 3165
5194 2053
5195 3846
5196 2324
5197 4807
5198 4807
5199 4807
5200 3800
5201 5134
5202 5134
5203 2053
5204 2935
5205 3903
5206 3800
