0 136
1 103
2 103
3 87
4 113
5 222
6 36
7 114
8 115
9 86
10 5
11 221
12 262
13 262
14 311
15 311
16 909
17 909
18 909
19 909
20 4934
21 2446
22 263
23 2493
24 263
25 2493
26 311
27 311
28 864
29 864
30 864
31 864
32 864
33 864
34 909
35 864
36 864
37 262
38 221
39 220
40 4934
41 1031
42 1271
43 2493
44 2493
45 116
46 136
47 378
48 389
49 16
50 357
51 21
52 21
53 87
54 56
55 87
56 4934
57 2571
58 2493
59 2493
60 1031
61 978
62 864
63 864
64 978
65 864
66 864
67 864
68 864
69 1031
70 2493
71 136
72 136
73 136
74 4945
75 4945
76 311
77 103
78 262
79 311
80 311
81 360
82 386
83 4945
84 158
85 22
86 2493
87 2493
88 1271
89 1271
90 2493
91 2493
92 2493
93 2493
94 2493
95 262
96 4934
97 2571
98 2493
99 4934
100 2493
101 2493
102 1271
103 978
104 864
105 1271
106 2493
107 136
108 116
109 2493
110 2493
111 262
112 263
113 2493
114 2493
115 2493
116 136
117 87
118 87
119 41
120 38
121 282
122 285
123 162
124 269
125 225
126 405
127 169
128 86
129 285
130 73
131 16
132 262
133 263
134 116
135 136
136 23
137 36
138 2493
139 262
140 4934
141 118
142 116
143 2493
144 978
145 864
146 864
147 864
148 864
149 909
150 864
151 864
152 864
153 909
154 909
155 909
156 909
157 864
158 978
159 978
160 103
161 103
162 103
163 116
164 103
165 2493
166 978
167 864
168 864
169 87
170 103
171 222
172 387
173 387
174 282
175 236
176 282
177 73
178 141
179 270
180 370
181 172
182 474
183 173
184 218
185 48
186 253
187 223
188 2
189 110
190 38
191 97
192 103
193 56
194 1465
195 38
196 111
197 223
198 307
199 342
200 2493
201 1031
202 978
203 978
204 56
205 262
206 113
207 378
208 2493
209 4949
210 26
211 389
212 21
213 263
214 315
215 263
216 87
217 21
218 1271
219 978
220 56
221 2493
222 36
223 1465
224 131
225 13
226 302
227 2493
228 4945
229 87
230 21
231 41
232 36
233 13
234 4941
235 3
236 167
237 216
238 131
239 38
240 1031
241 978
242 978
243 309
244 56
245 36
246 389
247 136
248 116
249 360
250 87
251 99
252 2493
253 36
254 1271
255 1031
256 60
257 978
258 222
259 978
260 1271
261 36
262 37
263 2493
264 1031
265 97
266 14
267 301
268 16
269 39
270 78
271 82
272 2493
273 978
274 1031
275 311
276 281
277 386
278 113
279 4949
280 389
281 20
282 978
283 864
284 4949
285 103
286 266
287 114
288 864
289 864
290 311
291 311
292 311
293 311
294 311
295 311
296 311
297 311
298 262
299 99
300 113
301 16
302 56
303 206
304 110
305 78
306 1031
307 115
308 110
309 1031
310 864
311 22
312 283
313 38
314 311
315 311
316 311
317 978
318 87
319 282
320 73
321 2493
322 113
323 209
324 864
325 864
326 864
327 864
328 864
329 387
330 282
331 864
332 978
333 387
334 114
335 131
336 864
337 209
338 160
339 209
340 2
341 244
342 7
343 9
344 10
345 323
346 323
347 323
348 324
349 1246
350 1391
351 1602
352 2447
353 2447
354 2752
355 2735
356 3246
357 3685
358 2756
359 3371
360 1623
361 4597
362 4123
363 331
364 337
365 3349
366 978
367 386
368 103
369 140
370 284
371 102
372 0
373 209
374 223
375 223
376 252
377 286
378 161
379 244
380 256
381 300
382 193
383 242
384 53
385 216
386 22
387 386
388 113
389 375
390 978
391 311
392 978
393 909
394 909
395 909
396 386
397 242
398 26
399 909
400 909
401 909
402 909
403 140
404 864
405 360
406 387
407 909
408 909
409 153
410 285
411 162
412 211
413 864
414 311
415 909
416 909
417 202
418 909
419 909
420 909
421 283
422 909
423 909
424 864
425 909
426 909
427 909
428 909
429 53
430 293
431 285
432 316
433 258
434 371
435 352
436 234
437 284
438 279
439 282
440 353
441 307
442 202
443 236
444 234
445 266
446 16
447 168
448 83
449 83
450 264
451 304
452 5
453 316
454 458
455 480
456 478
457 707
458 179
459 179
460 468
461 5022
462 673
463 1325
464 1562
465 1562
466 2028
467 1637
468 2598
469 427
470 3060
471 3793
472 3820
473 3819
474 2693
475 3798
476 2963
477 1922
478 2714
479 2562
480 1372
481 441
482 1614
483 1560
484 2954
485 2514
486 2691
487 1497
488 868
489 5189
490 5051
491 7
492 267
493 252
494 266
495 236
496 82
497 82
498 286
499 83
500 298
501 342
502 270
503 210
504 355
505 172
506 190
507 257
508 9
509 355
510 257
511 270
512 286
513 300
514 258
515 307
516 271
517 316
518 259
519 229
520 276
521 9
522 402
523 185
524 300
525 470
526 548
527 492
528 586
529 491
530 709
531 709
532 637
533 638
534 638
535 637
536 708
537 712
538 492
539 491
540 564
541 564
542 556
543 564
544 548
545 523
546 548
547 523
548 523
549 548
550 556
551 592
552 592
553 501
554 501
555 598
556 568
557 621
558 4959
559 569
560 650
561 4968
562 1389
563 4973
564 845
565 945
566 945
567 962
568 513
569 1041
570 514
571 1585
572 1010
573 987
574 896
575 1147
576 877
577 1551
578 1711
579 1455
580 1429
581 1430
582 548
583 488
584 523
585 709
586 709
587 715
588 709
589 711
590 491
591 629
592 715
593 712
594 638
595 638
596 709
597 638
598 638
599 638
600 637
601 638
602 709
603 638
604 638
605 638
606 638
607 638
608 638
609 638
610 638
611 638
612 638
613 638
614 638
615 638
616 638
617 638
618 638
619 638
620 638
621 638
622 638
623 638
624 638
625 316
626 548
627 500
628 592
629 621
630 566
631 564
632 500
633 504
634 1020
635 764
636 553
637 762
638 500
639 494
640 564
641 564
642 500
643 557
644 4996
645 556
646 741
647 772
648 766
649 592
650 564
651 566
652 598
653 568
654 621
655 569
656 4968
657 509
658 788
659 1014
660 517
661 362
662 291
663 461
664 757
665 783
666 470
667 586
668 718
669 491
670 712
671 491
672 637
673 638
674 638
675 500
676 580
677 500
678 217
679 9
680 488
681 580
682 709
683 637
684 637
685 638
686 122
687 708
688 638
689 638
690 638
691 638
692 501
693 566
694 598
695 569
696 592
697 501
698 616
699 598
700 504
701 172
702 48
703 10
704 323
705 638
706 638
707 638
708 638
709 638
710 638
711 638
712 638
713 637
714 638
715 638
716 638
717 638
718 638
719 638
720 638
721 708
722 589
723 522
724 637
725 736
726 638
727 638
728 638
729 638
730 638
731 638
732 638
733 589
734 492
735 596
736 566
737 675
738 593
739 568
740 568
741 4959
742 650
743 747
744 754
745 638
746 638
747 638
748 638
749 638
750 638
751 638
752 638
753 638
754 638
755 638
756 638
757 638
758 638
759 638
760 638
761 638
762 638
763 675
764 638
765 638
766 638
767 638
768 638
769 48
770 48
771 650
772 48
773 193
774 403
775 471
776 651
777 651
778 651
779 670
780 574
781 638
782 638
783 482
784 9
785 10
786 323
787 620
788 671
789 771
790 185
791 346
792 638
793 618
794 276
795 4959
796 620
797 638
798 638
799 638
800 638
801 638
802 638
803 638
804 638
805 638
806 638
807 638
808 374
809 458
810 474
811 480
812 480
813 707
814 411
815 644
816 946
817 638
818 638
819 638
820 570
821 4967
822 256
823 405
824 48
825 878
826 638
827 638
828 48
829 759
830 638
831 638
832 638
833 398
834 638
835 638
836 720
837 633
838 638
839 542
840 634
841 348
842 638
843 638
844 758
845 1091
846 726
847 1209
848 843
849 994
850 347
851 653
852 768
853 1011
854 401
855 638
856 638
857 638
858 638
859 638
860 632
861 635
862 395
863 398
864 347
865 638
866 4991
867 4973
868 48
869 638
870 4996
871 547
872 742
873 755
874 802
875 4973
876 845
877 638
878 719
879 218
880 473
881 654
882 753
883 635
884 632
885 805
886 4971
887 967
888 967
889 969
890 964
891 4964
892 1019
893 1033
894 505
895 464
896 755
897 638
898 398
899 878
900 945
901 838
902 804
903 805
904 458
905 474
906 574
907 946
908 781
909 1995
910 1453
911 227
912 644
913 1453
914 1464
915 729
916 475
917 653
918 759
919 463
920 768
921 653
922 782
923 475
924 945
925 638
926 638
927 638
928 638
929 638
930 638
931 691
932 841
933 945
934 1183
935 844
936 1211
937 638
938 802
939 899
940 1006
941 4992
942 792
943 638
944 4993
945 4992
946 714
947 405
948 651
949 472
950 601
951 575
952 473
953 461
954 673
955 403
956 784
957 1008
958 818
959 874
960 726
961 470
962 980
963 1178
964 778
965 1986
966 2139
967 2429
968 2344
969 2090
970 981
971 834
972 2513
973 2737
974 2737
975 4605
976 4762
977 4562
978 4654
979 1610
980 1610
981 638
982 638
983 638
984 726
985 1014
986 898
987 800
988 817
989 898
990 845
991 638
992 1107
993 922
994 862
995 1515
996 856
997 1010
998 519
999 1087
1000 862
1001 1925
1002 1823
1003 1793
1004 1111
1005 1240
1006 1956
1007 1428
1008 2013
1009 1793
1010 1960
1011 1837
1012 1213
1013 1930
1014 1272
1015 1773
1016 5155
1017 3057
1018 2896
1019 922
1020 1424
1021 1421
1022 1787
1023 1793
1024 1425
1025 1013
1026 889
1027 1088
1028 1088
1029 1147
1030 792
1031 749
1032 1513
1033 1513
1034 1555
1035 1283
1036 914
1037 1220
1038 987
1039 856
1040 853
1041 1410
1042 886
1043 942
1044 895
1045 943
1046 1956
1047 914
1048 1285
1049 1472
1050 1794
1051 919
1052 1285
1053 1823
1054 987
1055 987
1056 1008
1057 1211
1058 573
1059 459
1060 462
1061 460
1062 1982
1063 1823
1064 1960
1065 2926
1066 2926
1067 1428
1068 1416
1069 913
1070 1837
1071 1126
1072 923
1073 2142
1074 3386
1075 2475
1076 2058
1077 1846
1078 2492
1079 2258
1080 1586
1081 1046
1082 3343
1083 939
1084 1126
1085 1555
1086 1636
1087 513
1088 1161
1089 800
1090 395
1091 692
1092 1787
1093 1428
1094 1428
1095 2150
1096 1146
1097 1256
1098 1827
1099 459
1100 1238
1101 1021
1102 4984
1103 5153
1104 5153
1105 1502
1106 1555
1107 856
1108 844
1109 4993
1110 791
1111 4971
1112 969
1113 4964
1114 4970
1115 4971
1116 795
1117 970
1118 4970
1119 689
1120 638
1121 638
1122 638
1123 639
1124 638
1125 689
1126 638
1127 609
1128 4953
1129 487
1130 125
1131 1982
1132 1767
1133 785
1134 786
1135 977
1136 1500
1137 1223
1138 1185
1139 1410
1140 3511
1141 1925
1142 10
1143 759
1144 759
1145 966
1146 989
1147 760
1148 1982
1149 1428
1150 1787
1151 952
1152 1001
1153 1502
1154 674
1155 351
1156 713
1157 760
1158 1163
1159 860
1160 1794
1161 862
1162 1711
1163 1669
1164 1823
1165 892
1166 516
1167 1006
1168 818
1169 573
1170 1339
1171 967
1172 772
1173 855
1174 1787
1175 674
1176 896
1177 1168
1178 514
1179 962
1180 962
1181 793
1182 793
1183 793
1184 792
1185 687
1186 4971
1187 966
1188 760
1189 1021
1190 760
1191 760
1192 1428
1193 989
1194 1093
1195 772
1196 725
1197 1180
1198 1767
1199 1176
1200 1240
1201 855
1202 970
1203 1176
1204 1125
1205 3144
1206 1176
1207 2907
1208 1787
1209 1982
1210 1416
1211 961
1212 1005
1213 892
1214 969
1215 1793
1216 1044
1217 1083
1218 939
1219 1242
1220 1114
1221 1141
1222 1462
1223 1051
1224 1259
1225 1053
1226 1265
1227 1063
1228 1079
1229 1874
1230 2519
1231 2031
1232 2102
1233 2765
1234 3320
1235 4384
1236 3767
1237 1074
1238 1075
1239 3323
1240 1067
1241 2517
1242 2518
1243 1064
1244 1128
1245 1138
1246 1082
1247 1115
1248 760
1249 913
1250 1960
1251 914
1252 1547
1253 1125
1254 676
1255 1162
1256 878
1257 989
1258 760
1259 989
1260 1047
1261 1272
1262 1140
1263 1657
1264 1869
1265 893
1266 893
1267 766
1268 1309
1269 1309
1270 847
1271 1015
1272 847
1273 1256
1274 1823
1275 960
1276 1184
1277 1243
1278 1001
1279 887
1280 1410
1281 3486
1282 3429
1283 3428
1284 2927
1285 1128
1286 459
1287 940
1288 1137
1289 1179
1290 1269
1291 941
1292 1044
1293 1111
1294 1551
1295 960
1296 1416
1297 2908
1298 1125
1299 3486
1300 713
1301 5036
1302 1141
1303 1166
1304 1132
1305 1477
1306 1143
1307 1149
1308 1286
1309 458
1310 1254
1311 1149
1312 1143
1313 1176
1314 755
1315 1094
1316 1787
1317 1315
1318 1008
1319 1827
1320 1112
1321 1164
1322 1191
1323 1502
1324 988
1325 1180
1326 726
1327 1158
1328 1158
1329 1156
1330 1311
1331 1256
1332 516
1333 1008
1334 817
1335 1014
1336 1014
1337 1267
1338 1956
1339 1213
1340 1112
1341 1192
1342 1223
1343 1472
1344 1084
1345 1147
1346 1090
1347 1162
1348 1554
1349 2059
1350 749
1351 1049
1352 3428
1353 1371
1354 768
1355 871
1356 785
1357 1091
1358 786
1359 1088
1360 1392
1361 1134
1362 878
1363 1179
1364 350
1365 1147
1366 2927
1367 411
1368 480
1369 1184
1370 866
1371 1176
1372 473
1373 673
1374 1326
1375 1418
1376 2098
1377 4012
1378 4290
1379 4571
1380 4606
1381 4611
1382 4664
1383 2035
1384 4656
1385 4869
1386 4866
1387 4793
1388 4701
1389 1013
1390 1339
1391 1211
1392 2109
1393 886
1394 2514
1395 1041
1396 899
1397 846
1398 846
1399 1214
1400 1046
1401 1045
1402 1444
1403 948
1404 1221
1405 1131
1406 1130
1407 1185
1408 1084
1409 575
1410 183
1411 486
1412 667
1413 601
1414 5022
1415 5021
1416 1136
1417 812
1418 1827
1419 897
1420 820
1421 943
1422 853
1423 1161
1424 1515
1425 1049
1426 473
1427 484
1428 1336
1429 702
1430 961
1431 1247
1432 1755
1433 1080
1434 1898
1435 1126
1436 1164
1437 893
1438 2150
1439 725
1440 1091
1441 962
1442 1050
1443 1046
1444 1851
1445 1799
1446 3145
1447 1291
1448 2004
1449 1223
1450 2058
1451 1657
1452 896
1453 1160
1454 1183
1455 3486
1456 3486
1457 3429
1458 2814
1459 2909
1460 2927
1461 1462
1462 1444
1463 1957
1464 1295
1465 1295
1466 1785
1467 1560
1468 1704
1469 1446
1470 1131
1471 1274
1472 1212
1473 1383
1474 1306
1475 1337
1476 1337
1477 1337
1478 1257
1479 1314
1480 1167
1481 726
1482 1341
1483 726
1484 727
1485 1099
1486 1270
1487 987
1488 1001
1489 727
1490 1317
1491 893
1492 182
1493 902
1494 600
1495 180
1496 902
1497 1343
1498 1375
1499 1328
1500 1540
1501 1667
1502 1530
1503 183
1504 1180
1505 1154
1506 1013
1507 1185
1508 1585
1509 1630
1510 1256
1511 1107
1512 662
1513 600
1514 181
1515 412
1516 1348
1517 1349
1518 1781
1519 1480
1520 2496
1521 1995
1522 5034
1523 5027
1524 1325
1525 1592
1526 1594
1527 1644
1528 1405
1529 1406
1530 2676
1531 1257
1532 961
1533 846
1534 1267
1535 786
1536 657
1537 1471
1538 1771
1539 1329
1540 1380
1541 1380
1542 1309
1543 1309
1544 1309
1545 1274
1546 1015
1547 1015
1548 1015
1549 510
1550 510
1551 4972
1552 673
1553 324
1554 484
1555 1472
1556 1549
1557 1133
1558 1992
1559 1860
1560 1175
1561 1344
1562 1379
1563 1440
1564 1531
1565 1530
1566 1335
1567 1530
1568 1711
1569 3343
1570 1429
1571 1555
1572 1343
1573 1376
1574 2150
1575 913
1576 1344
1577 1319
1578 1325
1579 1925
1580 3429
1581 2909
1582 3477
1583 3477
1584 1276
1585 3428
1586 3429
1587 1218
1588 870
1589 600
1590 600
1591 714
1592 946
1593 181
1594 1343
1595 1375
1596 1460
1597 1494
1598 470
1599 987
1600 1444
1601 1469
1602 1827
1603 2908
1604 1139
1605 644
1606 644
1607 478
1608 478
1609 946
1610 480
1611 644
1612 707
1613 946
1614 946
1615 1787
1616 411
1617 478
1618 478
1619 1522
1620 1327
1621 1446
1622 1952
1623 1045
1624 714
1625 5034
1626 946
1627 1521
1628 1471
1629 1109
1630 1424
1631 1285
1632 1424
1633 1755
1634 3429
1635 480
1636 5036
1637 1435
1638 1673
1639 478
1640 1452
1641 1481
1642 779
1643 1800
1644 952
1645 722
1646 730
1647 786
1648 1560
1649 995
1650 1118
1651 1906
1652 1220
1653 5036
1654 1742
1655 1794
1656 1501
1657 744
1658 946
1659 1470
1660 412
1661 1489
1662 1108
1663 3477
1664 2926
1665 1787
1666 1956
1667 694
1668 714
1669 1556
1670 1605
1671 1667
1672 1606
1673 2448
1674 1713
1675 1531
1676 1583
1677 1771
1678 1712
1679 1767
1680 1960
1681 913
1682 3340
1683 1905
1684 1473
1685 1220
1686 714
1687 1394
1688 1767
1689 1129
1690 1050
1691 882
1692 1582
1693 1394
1694 1327
1695 1390
1696 3429
1697 1564
1698 1564
1699 1709
1700 1983
1701 2137
1702 2785
1703 1570
1704 1568
1705 2099
1706 2427
1707 2717
1708 2390
1709 2693
1710 1620
1711 1164
1712 1145
1713 3165
1714 1464
1715 1463
1716 1700
1717 1359
1718 2530
1719 999
1720 1667
1721 1800
1722 913
1723 1379
1724 668
1725 779
1726 750
1727 1483
1728 426
1729 1538
1730 1800
1731 1709
1732 1983
1733 1907
1734 1256
1735 1624
1736 1530
1737 1272
1738 1294
1739 1394
1740 870
1741 1163
1742 1667
1743 1096
1744 1163
1745 1476
1746 1428
1747 1485
1748 1792
1749 1485
1750 1714
1751 1409
1752 1887
1753 1566
1754 1404
1755 1703
1756 1676
1757 1657
1758 1402
1759 1884
1760 484
1761 1708
1762 1676
1763 1666
1764 1644
1765 1960
1766 1186
1767 1142
1768 1262
1769 5166
1770 2553
1771 2553
1772 2553
1773 3113
1774 2979
1775 1464
1776 779
1777 1538
1778 1491
1779 1956
1780 1953
1781 914
1782 1710
1783 1381
1784 1793
1785 1712
1786 1668
1787 1670
1788 1373
1789 1548
1790 1222
1791 1050
1792 1052
1793 1053
1794 1817
1795 3013
1796 1550
1797 775
1798 1482
1799 1479
1800 1452
1801 951
1802 1327
1803 1658
1804 3165
1805 1701
1806 1178
1807 1515
1808 873
1809 1012
1810 997
1811 1178
1812 731
1813 1327
1814 1627
1815 1821
1816 3429
1817 1294
1818 1837
1819 1793
1820 1119
1821 1833
1822 2526
1823 1163
1824 1402
1825 1774
1826 1594
1827 1444
1828 1797
1829 1390
1830 1418
1831 1895
1832 1246
1833 450
1834 1294
1835 1296
1836 2103
1837 774
1838 1787
1839 1222
1840 1269
1841 1770
1842 952
1843 1960
1844 913
1845 2926
1846 1151
1847 980
1848 450
1849 1457
1850 1603
1851 1703
1852 1479
1853 3152
1854 1631
1855 980
1856 1591
1857 1216
1858 750
1859 2141
1860 3013
1861 1787
1862 2338
1863 2142
1864 980
1865 981
1866 2177
1867 2614
1868 2735
1869 2687
1870 1604
1871 2151
1872 1253
1873 1483
1874 2141
1875 1773
1876 1671
1877 2353
1878 2882
1879 2281
1880 2265
1881 3105
1882 3103
1883 2977
1884 2536
1885 1402
1886 1249
1887 1849
1888 1501
1889 426
1890 1541
1891 1930
1892 1619
1893 1303
1894 1409
1895 1747
1896 1120
1897 3156
1898 2262
1899 2261
1900 2258
1901 1498
1902 1418
1903 1958
1904 1874
1905 1782
1906 2389
1907 1888
1908 1930
1909 1499
1910 1833
1911 1303
1912 1543
1913 1532
1914 1670
1915 1778
1916 1641
1917 1612
1918 2714
1919 1593
1920 1611
1921 1833
1922 1559
1923 1638
1924 579
1925 577
1926 1849
1927 1789
1928 1501
1929 1620
1930 1448
1931 1986
1932 1458
1933 1372
1934 1710
1935 1782
1936 1892
1937 3164
1938 1876
1939 1634
1940 1892
1941 2150
1942 2909
1943 2009
1944 750
1945 1254
1946 1254
1947 2059
1948 2258
1949 1533
1950 1817
1951 1260
1952 1295
1953 3013
1954 2150
1955 1533
1956 1530
1957 2015
1958 1899
1959 2141
1960 1649
1961 1245
1962 1673
1963 1735
1964 1349
1965 1482
1966 1709
1967 2119
1968 1536
1969 1902
1970 1378
1971 1797
1972 1984
1973 1463
1974 1657
1975 1186
1976 1289
1977 1782
1978 1525
1979 1734
1980 781
1981 1876
1982 1913
1983 1391
1984 1775
1985 2361
1986 1890
1987 1988
1988 5051
1989 2103
1990 1464
1991 1457
1992 2538
1993 1995
1994 1846
1995 1296
1996 1784
1997 1173
1998 1817
1999 1747
2000 3793
2001 2025
2002 1642
2003 1532
2004 1616
2005 1246
2006 1377
2007 1661
2008 1917
2009 2764
2010 3969
2011 781
2012 1448
2013 1543
2014 1377
2015 1817
2016 2972
2017 1817
2018 1843
2019 731
2020 1815
2021 2966
2022 3162
2023 4508
2024 4453
2025 2643
2026 2643
2027 833
2028 2486
2029 2486
2030 2090
2031 4181
2032 4654
2033 1610
2034 4181
2035 4508
2036 4508
2037 833
2038 3547
2039 1610
2040 4654
2041 4508
2042 4453
2043 4453
2044 4452
2045 2643
2046 2596
2047 2561
2048 834
2049 2486
2050 834
2051 4181
2052 4452
2053 602
2054 4508
2055 4452
2056 4654
2057 4452
2058 4508
2059 4453
2060 1461
2061 328
2062 1628
2063 1995
2064 1911
2065 3783
2066 4508
2067 4452
2068 4544
2069 2643
2070 2643
2071 4544
2072 1695
2073 1680
2074 1249
2075 1681
2076 1721
2077 4508
2078 4544
2079 2643
2080 2643
2081 2486
2082 4654
2083 2477
2084 1843
2085 1289
2086 1909
2087 1967
2088 2498
2089 3196
2090 2718
2091 2496
2092 1359
2093 1717
2094 2258
2095 2119
2096 2561
2097 2486
2098 4452
2099 2643
2100 2342
2101 2596
2102 2643
2103 2469
2104 2643
2105 4452
2106 2477
2107 981
2108 1735
2109 1815
2110 2038
2111 2012
2112 2596
2113 2596
2114 2596
2115 2643
2116 4480
2117 4452
2118 1642
2119 1803
2120 1802
2121 1901
2122 1303
2123 1983
2124 4452
2125 2090
2126 1923
2127 602
2128 4762
2129 4447
2130 4508
2131 1986
2132 981
2133 1740
2134 1983
2135 1634
2136 2031
2137 2519
2138 2189
2139 2797
2140 2584
2141 2797
2142 3042
2143 2653
2144 602
2145 2189
2146 2653
2147 2596
2148 2520
2149 2561
2150 2561
2151 2500
2152 2742
2153 602
2154 2561
2155 2596
2156 2500
2157 3204
2158 3204
2159 3204
2160 2248
2161 3242
2162 4132
2163 4132
2164 4132
2165 4132
2166 3379
2167 3379
2168 2247
2169 602
2170 3547
2171 4452
2172 2596
2173 2596
2174 3547
2175 602
2176 3547
2177 1765
2178 1765
2179 1558
2180 1517
2181 2594
2182 3091
2183 2076
2184 4132
2185 3379
2186 3379
2187 3379
2188 3379
2189 4251
2190 2742
2191 4251
2192 2742
2193 1491
2194 451
2195 1894
2196 5047
2197 2364
2198 3068
2199 2386
2200 3181
2201 3205
2202 3204
2203 3204
2204 2198
2205 2520
2206 2632
2207 2742
2208 2500
2209 2694
2210 2742
2211 3042
2212 2797
2213 2742
2214 2694
2215 4376
2216 3242
2217 2653
2218 1054
2219 5166
2220 2979
2221 2412
2222 2412
2223 2291
2224 2412
2225 2413
2226 2291
2227 5162
2228 2296
2229 2423
2230 5162
2231 2291
2232 5163
2233 2298
2234 5175
2235 2638
2236 2636
2237 2686
2238 2397
2239 602
2240 2596
2241 2111
2242 777
2243 2643
2244 602
2245 2643
2246 4605
2247 2643
2248 2643
2249 731
2250 2361
2251 3156
2252 2857
2253 1957
2254 2041
2255 2520
2256 1991
2257 1834
2258 1851
2259 2198
2260 2561
2261 2643
2262 1610
2263 4762
2264 1610
2265 1495
2266 1511
2267 1900
2268 1851
2269 2321
2270 2347
2271 2520
2272 2321
2273 2480
2274 2653
2275 1817
2276 2486
2277 2347
2278 2007
2279 2344
2280 2090
2281 2139
2282 2643
2283 4447
2284 1610
2285 1599
2286 867
2287 3055
2288 2880
2289 3057
2290 2896
2291 3057
2292 2326
2293 2780
2294 1829
2295 1607
2296 1053
2297 1786
2298 4447
2299 981
2300 1841
2301 1095
2302 1372
2303 1858
2304 2694
2305 1297
2306 1358
2307 2347
2308 833
2309 3025
2310 1680
2311 1548
2312 1716
2313 5042
2314 3204
2315 2619
2316 3204
2317 3204
2318 2238
2319 5042
2320 3204
2321 3204
2322 3204
2323 3204
2324 3204
2325 3204
2326 3204
2327 3204
2328 3204
2329 2238
2330 2451
2331 2364
2332 2653
2333 1620
2334 1783
2335 2429
2336 2344
2337 2469
2338 2906
2339 1671
2340 1373
2341 1980
2342 1996
2343 1719
2344 2301
2345 2686
2346 602
2347 5047
2348 2388
2349 1709
2350 1836
2351 2303
2352 2316
2353 1266
2354 2299
2355 2007
2356 3023
2357 2486
2358 1599
2359 2544
2360 981
2361 1839
2362 2487
2363 1890
2364 1797
2365 1775
2366 3204
2367 3204
2368 3204
2369 2618
2370 2649
2371 2334
2372 1851
2373 1391
2374 3042
2375 2247
2376 2425
2377 2387
2378 2396
2379 2080
2380 3501
2381 3201
2382 3200
2383 2589
2384 4132
2385 2392
2386 2139
2387 4654
2388 2243
2389 2429
2390 2429
2391 2429
2392 2235
2393 1834
2394 1817
2395 2417
2396 1292
2397 1815
2398 2016
2399 1064
2400 2262
2401 3086
2402 2572
2403 1871
2404 2425
2405 2329
2406 2236
2407 2742
2408 1720
2409 3075
2410 2245
2411 2030
2412 1970
2413 3925
2414 982
2415 1599
2416 1532
2417 1480
2418 2134
2419 2184
2420 1912
2421 2606
2422 1996
2423 1834
2424 1784
2425 1599
2426 1303
2427 1739
2428 2496
2429 2509
2430 1066
2431 2391
2432 2182
2433 1610
2434 4480
2435 2643
2436 2595
2437 2642
2438 2742
2439 3204
2440 2454
2441 2241
2442 1910
2443 1719
2444 2948
2445 1720
2446 2298
2447 5166
2448 2877
2449 602
2450 2486
2451 4562
2452 1989
2453 1289
2454 2607
2455 3204
2456 1967
2457 2024
2458 3882
2459 2575
2460 1959
2461 2363
2462 2430
2463 1784
2464 1874
2465 2265
2466 2281
2467 2297
2468 5181
2469 5181
2470 2297
2471 2555
2472 981
2473 451
2474 1971
2475 1972
2476 4057
2477 1850
2478 1080
2479 2975
2480 3105
2481 602
2482 2694
2483 3547
2484 3547
2485 3547
2486 3547
2487 3547
2488 3547
2489 3547
2490 4480
2491 2643
2492 1610
2493 1610
2494 1524
2495 2597
2496 2598
2497 1358
2498 2530
2499 2530
2500 2505
2501 2460
2502 2191
2503 2191
2504 2191
2505 1599
2506 1461
2507 3042
2508 3241
2509 2742
2510 3204
2511 2130
2512 2718
2513 2718
2514 1063
2515 2556
2516 5162
2517 1239
2518 1332
2519 1652
2520 1885
2521 1332
2522 1652
2523 2707
2524 2618
2525 3180
2526 1654
2527 2396
2528 3547
2529 5193
2530 1816
2531 1857
2532 2509
2533 1066
2534 1062
2535 1251
2536 1079
2537 1850
2538 1599
2539 1610
2540 2797
2541 2502
2542 2429
2543 2515
2544 2505
2545 2397
2546 5162
2547 5181
2548 2297
2549 2297
2550 1599
2551 4654
2552 3204
2553 2453
2554 2425
2555 3205
2556 2527
2557 2527
2558 3971
2559 2742
2560 3042
2561 2016
2562 1080
2563 3547
2564 3547
2565 1527
2566 1562
2567 2425
2568 2387
2569 5058
2570 3525
2571 4354
2572 3622
2573 3205
2574 3204
2575 1857
2576 2288
2577 2896
2578 2901
2579 5154
2580 2297
2581 1335
2582 1992
2583 3204
2584 3204
2585 3204
2586 3204
2587 3204
2588 3204
2589 2515
2590 1064
2591 2177
2592 4605
2593 4447
2594 4562
2595 4762
2596 4762
2597 1405
2598 2767
2599 3204
2600 3204
2601 3204
2602 1079
2603 3072
2604 3073
2605 1063
2606 2679
2607 2627
2608 1073
2609 1063
2610 2679
2611 2720
2612 2626
2613 3058
2614 3266
2615 1331
2616 1716
2617 454
2618 453
2619 3913
2620 3567
2621 1269
2622 3205
2623 2329
2624 2530
2625 4762
2626 1488
2627 1644
2628 3254
2629 2700
2630 2631
2631 2847
2632 3222
2633 3938
2634 427
2635 2029
2636 1778
2637 2110
2638 3204
2639 2165
2640 1778
2641 2767
2642 3180
2643 3204
2644 2460
2645 2302
2646 2513
2647 1503
2648 2615
2649 3799
2650 1966
2651 2060
2652 1621
2653 2502
2654 2518
2655 1076
2656 3044
2657 2579
2658 2651
2659 3209
2660 2724
2661 3572
2662 3008
2663 3005
2664 4065
2665 3006
2666 2943
2667 2629
2668 2674
2669 2158
2670 1591
2671 3194
2672 3204
2673 3204
2674 2017
2675 2655
2676 2191
2677 3547
2678 3547
2679 827
2680 2752
2681 829
2682 4447
2683 3205
2684 2575
2685 1916
2686 2236
2687 2167
2688 2673
2689 2643
2690 2737
2691 329
2692 2458
2693 3204
2694 1968
2695 2622
2696 3084
2697 1599
2698 2102
2699 2778
2700 4097
2701 4005
2702 2693
2703 2363
2704 2530
2705 1964
2706 3204
2707 1907
2708 3204
2709 2037
2710 2778
2711 3080
2712 2775
2713 3882
2714 2460
2715 1599
2716 2223
2717 2614
2718 2458
2719 3204
2720 2180
2721 2801
2722 3371
2723 3185
2724 3069
2725 4062
2726 4252
2727 4497
2728 2791
2729 2791
2730 4497
2731 4497
2732 4515
2733 4523
2734 2643
2735 3204
2736 2327
2737 2784
2738 3795
2739 3069
2740 1968
2741 2152
2742 3547
2743 2487
2744 1870
2745 5190
2746 2851
2747 2487
2748 5052
2749 3714
2750 3766
2751 2808
2752 2879
2753 3249
2754 3053
2755 3053
2756 3105
2757 2268
2758 2537
2759 2966
2760 2974
2761 1744
2762 1050
2763 2005
2764 1644
2765 2706
2766 2822
2767 4074
2768 2747
2769 2702
2770 4491
2771 3968
2772 1331
2773 2847
2774 2830
2775 3204
2776 3204
2777 3204
2778 3204
2779 3204
2780 431
2781 2625
2782 1629
2783 1332
2784 2605
2785 1911
2786 4118
2787 3321
2788 2760
2789 2775
2790 3080
2791 2495
2792 3547
2793 2370
2794 3204
2795 2327
2796 3080
2797 2901
2798 2882
2799 3057
2800 5182
2801 5169
2802 2901
2803 3027
2804 2297
2805 2297
2806 2980
2807 3105
2808 2556
2809 3122
2810 2553
2811 2553
2812 2418
2813 2638
2814 2684
2815 3209
2816 2684
2817 2628
2818 5177
2819 5154
2820 3249
2821 2952
2822 5162
2823 2290
2824 2295
2825 5162
2826 5162
2827 2291
2828 2290
2829 2407
2830 5175
2831 5175
2832 5175
2833 2298
2834 2297
2835 5182
2836 2286
2837 2901
2838 3249
2839 2283
2840 2273
2841 3047
2842 3053
2843 3429
2844 2491
2845 2119
2846 1818
2847 1820
2848 2006
2849 2119
2850 3107
2851 2553
2852 3429
2853 2814
2854 3430
2855 3880
2856 3142
2857 1763
2858 2311
2859 1364
2860 3315
2861 3039
2862 3315
2863 2937
2864 2527
2865 1803
2866 3320
2867 2647
2868 2873
2869 5160
2870 2638
2871 2873
2872 3547
2873 3547
2874 2854
2875 3193
2876 832
2877 4562
2878 5186
2879 1560
2880 3180
2881 437
2882 437
2883 2427
2884 2717
2885 2427
2886 3963
2887 3064
2888 2300
2889 2299
2890 2407
2891 2682
2892 2474
2893 1061
2894 3005
2895 3191
2896 4385
2897 4359
2898 4395
2899 4148
2900 3978
2901 3776
2902 2731
2903 3583
2904 1820
2905 1721
2906 2417
2907 2977
2908 2975
2909 2553
2910 2946
2911 2638
2912 2671
2913 2175
2914 2906
2915 4447
2916 4447
2917 4762
2918 2027
2919 2804
2920 1675
2921 1535
2922 3204
2923 2578
2924 2720
2925 2294
2926 2299
2927 2290
2928 2413
2929 5181
2930 3099
2931 5181
2932 2810
2933 2643
2934 2904
2935 439
2936 3060
2937 2425
2938 3937
2939 2235
2940 2460
2941 2505
2942 2627
2943 2720
2944 2412
2945 2658
2946 3525
2947 2178
2948 2622
2949 3995
2950 2412
2951 2291
2952 2413
2953 2289
2954 2351
2955 2904
2956 2354
2957 3222
2958 2455
2959 2178
2960 3318
2961 2507
2962 2505
2963 2417
2964 2694
2965 4447
2966 4447
2967 4452
2968 4452
2969 4452
2970 4452
2971 5171
2972 2951
2973 1352
2974 2507
2975 2299
2976 2637
2977 1059
2978 2614
2979 4561
2980 4452
2981 4452
2982 1595
2983 2775
2984 2505
2985 2721
2986 3318
2987 3319
2988 4136
2989 3189
2990 2733
2991 4349
2992 3776
2993 3307
2994 3105
2995 2546
2996 4562
2997 452
2998 2033
2999 2429
3000 1720
3001 3103
3002 3023
3003 3022
3004 2006
3005 2043
3006 1722
3007 2573
3008 1595
3009 2562
3010 2130
3011 2801
3012 2849
3013 3170
3014 3214
3015 3166
3016 2498
3017 3916
3018 5043
3019 2742
3020 2742
3021 4480
3022 4447
3023 3181
3024 2137
3025 4607
3026 2495
3027 2243
3028 2429
3029 2460
3030 3000
3031 3006
3032 4128
3033 3617
3034 3219
3035 3346
3036 1355
3037 2130
3038 1067
3039 2235
3040 4607
3041 4452
3042 4452
3043 4480
3044 4376
3045 2241
3046 2659
3047 3180
3048 438
3049 2304
3050 3093
3051 4251
3052 5049
3053 2720
3054 3144
3055 2130
3056 2523
3057 3196
3058 2695
3059 3022
3060 3249
3061 3789
3062 3926
3063 3220
3064 3249
3065 1136
3066 3891
3067 2562
3068 3165
3069 2717
3070 2575
3071 2371
3072 3091
3073 1689
3074 2492
3075 935
3076 1804
3077 832
3078 4480
3079 2643
3080 3204
3081 3242
3082 3498
3083 2797
3084 2694
3085 2593
3086 2687
3087 2687
3088 3685
3089 2471
3090 4452
3091 3566
3092 3926
3093 3947
3094 3004
3095 4150
3096 2326
3097 1780
3098 2954
3099 3543
3100 5049
3101 2429
3102 1820
3103 2119
3104 2641
3105 2670
3106 2781
3107 2745
3108 2829
3109 2663
3110 1366
3111 1915
3112 3502
3113 3204
3114 2760
3115 3042
3116 2429
3117 2953
3118 2320
3119 3308
3120 1690
3121 2495
3122 3995
3123 3501
3124 3282
3125 1367
3126 2577
3127 2025
3128 2693
3129 2760
3130 2760
3131 3272
3132 2760
3133 2777
3134 2849
3135 2777
3136 4048
3137 1818
3138 2119
3139 1863
3140 3307
3141 3199
3142 829
3143 3308
3144 4480
3145 4376
3146 4132
3147 4132
3148 4376
3149 4132
3150 4480
3151 1887
3152 3988
3153 3136
3154 3137
3155 3137
3156 4010
3157 4384
3158 3272
3159 2235
3160 2560
3161 2356
3162 2355
3163 2704
3164 3557
3165 1744
3166 2343
3167 2158
3168 2191
3169 3688
3170 3538
3171 4385
3172 3219
3173 2806
3174 3618
3175 1596
3176 3551
3177 1578
3178 3197
3179 1056
3180 1744
3181 935
3182 4132
3183 3379
3184 1832
3185 3204
3186 2137
3187 2784
3188 3069
3189 3070
3190 3095
3191 3095
3192 1198
3193 1198
3194 3095
3195 3542
3196 3663
3197 3570
3198 2647
3199 3042
3200 3196
3201 3619
3202 3170
3203 2694
3204 1820
3205 1820
3206 1852
3207 3430
3208 1863
3209 3782
3210 1818
3211 2190
3212 2351
3213 3429
3214 3537
3215 3602
3216 3661
3217 3733
3218 3645
3219 3732
3220 3732
3221 3668
3222 4000
3223 4347
3224 3440
3225 3596
3226 3429
3227 3531
3228 2037
3229 3323
3230 2585
3231 2585
3232 4251
3233 2694
3234 2585
3235 2589
3236 2589
3237 2694
3238 1818
3239 1864
3240 3200
3241 2736
3242 3308
3243 3187
3244 3344
3245 3538
3246 3603
3247 3478
3248 3643
3249 4347
3250 4346
3251 3434
3252 4116
3253 3480
3254 3695
3255 2879
3256 1367
3257 3241
3258 2763
3259 2668
3260 3801
3261 3496
3262 3758
3263 4251
3264 2585
3265 4251
3266 4251
3267 2585
3268 2362
3269 2427
3270 3372
3271 3171
3272 1863
3273 2694
3274 2694
3275 3604
3276 5057
3277 4049
3278 4049
3279 2742
3280 4049
3281 2589
3282 2585
3283 2694
3284 5056
3285 2670
3286 2744
3287 1831
3288 3648
3289 1623
3290 3944
3291 3532
3292 3533
3293 4361
3294 3779
3295 4077
3296 4289
3297 3537
3298 1830
3299 1568
3300 2042
3301 4049
3302 4251
3303 4251
3304 1863
3305 3379
3306 4376
3307 2175
3308 3430
3309 2735
3310 2223
3311 3555
3312 3650
3313 1355
3314 3080
3315 4251
3316 3379
3317 3379
3318 2585
3319 1804
3320 3308
3321 2603
3322 3308
3323 3617
3324 1856
3325 3798
3326 3916
3327 5043
3328 2727
3329 3187
3330 1852
3331 4132
3332 4376
3333 2687
3334 2764
3335 4048
3336 2204
3337 1820
3338 4251
3339 4132
3340 4132
3341 4132
3342 3604
3343 3780
3344 3957
3345 3784
3346 4137
3347 3678
3348 3904
3349 4369
3350 3712
3351 3732
3352 3730
3353 3434
3354 3647
3355 3782
3356 2838
3357 1888
3358 2716
3359 2498
3360 3318
3361 3203
3362 3372
3363 2204
3364 3379
3365 3379
3366 4251
3367 4132
3368 4376
3369 2526
3370 1317
3371 2849
3372 2204
3373 4132
3374 4132
3375 4132
3376 4251
3377 2247
3378 5043
3379 4132
3380 4132
3381 4132
3382 2687
3383 2687
3384 3308
3385 426
3386 3877
3387 3008
3388 3619
3389 4132
3390 2736
3391 2736
3392 4132
3393 4132
3394 4132
3395 3308
3396 3536
3397 3604
3398 3478
3399 2223
3400 337
3401 3194
3402 3605
3403 2785
3404 2778
3405 2820
3406 4132
3407 4132
3408 4132
3409 2736
3410 3603
3411 3742
3412 1820
3413 3901
3414 3661
3415 3792
3416 2801
3417 2801
3418 3795
3419 4132
3420 2938
3421 4056
3422 3268
3423 2647
3424 3647
3425 4187
3426 3751
3427 2801
3428 3371
3429 2716
3430 3782
3431 3647
3432 3531
3433 2042
3434 3724
3435 3685
3436 3685
3437 3685
3438 3685
3439 3779
3440 3904
3441 3702
3442 4316
3443 3668
3444 3436
3445 4253
3446 4428
3447 4140
3448 4443
3449 4289
3450 3804
3451 3431
3452 3764
3453 3643
3454 3732
3455 3431
3456 3645
3457 3646
3458 3554
3459 1830
3460 4318
3461 4187
3462 3371
3463 3920
3464 3006
3465 2390
3466 3142
3467 3307
3468 3307
3469 1813
3470 828
3471 3735
3472 4347
3473 3706
3474 3643
3475 3661
3476 3533
3477 3645
3478 3531
3479 2025
3480 3685
3481 3685
3482 3309
3483 3646
3484 3685
3485 3537
3486 2704
3487 4097
3488 3685
3489 3432
3490 3668
3491 3433
3492 3703
3493 3901
3494 3643
3495 2780
3496 2801
3497 3754
3498 2801
3499 2745
3500 3809
3501 3715
3502 3765
3503 3619
3504 3685
3505 3685
3506 3702
3507 3993
3508 3703
3509 3661
3510 4123
3511 2690
3512 3766
3513 2732
3514 2575
3515 2025
3516 3432
3517 3804
3518 3643
3519 2663
3520 3775
3521 3775
3522 436
3523 4151
3524 2931
3525 3666
3526 3604
3527 2839
3528 4001
3529 4008
3530 3479
3531 2738
3532 4186
3533 3602
3534 3371
3535 1568
3536 3430
3537 3713
3538 430
3539 3646
3540 3783
3541 3371
3542 1573
3543 3805
3544 3669
3545 3433
3546 430
3547 3680
3548 3795
3549 3185
3550 431
3551 3804
3552 3661
3553 3680
3554 2178
3555 3246
3556 3755
3557 3630
3558 3434
3559 3676
3560 3972
3561 3812
3562 2827
3563 2827
3564 2823
3565 4078
3566 4367
3567 3795
3568 2450
3569 3685
3570 4003
3571 3773
3572 3763
3573 4058
3574 3896
3575 4044
3576 4358
3577 4357
3578 3826
3579 4213
3580 3829
3581 4328
3582 4328
3583 4328
3584 4328
3585 4328
3586 4328
3587 4328
3588 4328
3589 4328
3590 4328
3591 4328
3592 4328
3593 3763
3594 3600
3595 3821
3596 3749
3597 3757
3598 4120
3599 3867
3600 4155
3601 4017
3602 4146
3603 4292
3604 3894
3605 4082
3606 3859
3607 3953
3608 3894
3609 3992
3610 3991
3611 4479
3612 4269
3613 4189
3614 4321
3615 4301
3616 4189
3617 4301
3618 3826
3619 4076
3620 4120
3621 4120
3622 3855
3623 3856
3624 4292
3625 4292
3626 3953
3627 3859
3628 3930
3629 4064
3630 3887
3631 3889
3632 3888
3633 3821
3634 3600
3635 3748
3636 3855
3637 3844
3638 4133
3639 4336
3640 5061
3641 4314
3642 4256
3643 4314
3644 4197
3645 4153
3646 4154
3647 4248
3648 4246
3649 4207
3650 4532
3651 4029
3652 4247
3653 4471
3654 3843
3655 4146
3656 3855
3657 3862
3658 2699
3659 3856
3660 3371
3661 3443
3662 3371
3663 1573
3664 3957
3665 2575
3666 3433
3667 3708
3668 4140
3669 3763
3670 3701
3671 3839
3672 3749
3673 3731
3674 3800
3675 3731
3676 3856
3677 3631
3678 3983
3679 4088
3680 3903
3681 3930
3682 4064
3683 3887
3684 3701
3685 3646
3686 4005
3687 3705
3688 1857
3689 3900
3690 3901
3691 3844
3692 3912
3693 3953
3694 3904
3695 3913
3696 3723
3697 3957
3698 428
3699 3792
3700 3855
3701 3856
3702 3757
3703 3480
3704 4319
3705 3008
3706 431
3707 2622
3708 3856
3709 3860
3710 3668
3711 3931
3712 3932
3713 4128
3714 3006
3715 4361
3716 4386
3717 2363
3718 3730
3719 3891
3720 3600
3721 3747
3722 3730
3723 3749
3724 3887
3725 3927
3726 3931
3727 3859
3728 3859
3729 4082
3730 3927
3731 1296
3732 3079
3733 2179
3734 2042
3735 2234
3736 3669
3737 4090
3738 4058
3739 4091
3740 4058
3741 3749
3742 3532
3743 4394
3744 3142
3745 4323
3746 4330
3747 3846
3748 4040
3749 4415
3750 4158
3751 4017
3752 3757
3753 3649
3754 3887
3755 3930
3756 3927
3757 3953
3758 3643
3759 2830
3760 3814
3761 3795
3762 3185
3763 3307
3764 4038
3765 4089
3766 4091
3767 3896
3768 3532
3769 3678
3770 3320
3771 2042
3772 2575
3773 3967
3774 4074
3775 4056
3776 3060
3777 3537
3778 2702
3779 3928
3780 3927
3781 3487
3782 4334
3783 4319
3784 3185
3785 2678
3786 3277
3787 3006
3788 2793
3789 3808
3790 3983
3791 3984
3792 3740
3793 3794
3794 3930
3795 4064
3796 3974
3797 2756
3798 2060
3799 4438
3800 4034
3801 4357
3802 4259
3803 4330
3804 3754
3805 3480
3806 3767
3807 3142
3808 3815
3809 3763
3810 3939
3811 3270
3812 3912
3813 3919
3814 3988
3815 3795
3816 4443
3817 4338
3818 3533
3819 4008
3820 4361
3821 4355
3822 4329
3823 3791
3824 3494
3825 1997
3826 3952
3827 3855
3828 3855
3829 4120
3830 4120
3831 3855
3832 3855
3833 3855
3834 4157
3835 5076
3836 5078
3837 5077
3838 5063
3839 4033
3840 5059
3841 4031
3842 4567
3843 4208
3844 4592
3845 4211
3846 3826
3847 4027
3848 4358
3849 3825
3850 4032
3851 4589
3852 4550
3853 4241
3854 4478
3855 4568
3856 4548
3857 4240
3858 4328
3859 4476
3860 4328
3861 4298
3862 3827
3863 4036
3864 4434
3865 4040
3866 4424
3867 4091
3868 4127
3869 3860
3870 3929
3871 4460
3872 4409
3873 4090
3874 4255
3875 4082
3876 4402
3877 4473
3878 3988
3879 4334
3880 2678
3881 4335
3882 4408
3883 3968
3884 4184
3885 3808
3886 3938
3887 4117
3888 4117
3889 4318
3890 3002
3891 337
3892 3977
3893 3962
3894 3888
3895 4361
3896 3095
3897 1198
3898 4408
3899 4317
3900 3702
3901 4076
3902 3961
3903 4479
3904 4057
3905 3536
3906 2828
3907 4497
3908 2828
3909 4364
3910 3804
3911 3933
3912 3974
3913 4136
3914 3443
3915 4408
3916 2428
3917 3925
3918 3968
3919 4358
3920 4428
3921 3700
3922 3953
3923 3931
3924 3069
3925 3070
3926 2678
3927 333
3928 4442
3929 3755
3930 3095
3931 3095
3932 4094
3933 3095
3934 4408
3935 4164
3936 5113
3937 4408
3938 3095
3939 4103
3940 3095
3941 3377
3942 3935
3943 3186
3944 1198
3945 4036
3946 4336
3947 3826
3948 3696
3949 3002
3950 3977
3951 3763
3952 3931
3953 4392
3954 4358
3955 3825
3956 3527
3957 336
3958 3349
3959 3973
3960 3837
3961 4380
3962 3957
3963 3069
3964 2756
3965 3095
3966 4100
3967 3095
3968 4135
3969 3825
3970 3481
3971 2840
3972 4064
3973 2940
3974 3095
3975 4114
3976 3741
3977 3943
3978 4006
3979 4318
3980 4143
3981 3735
3982 3686
3983 3855
3984 3855
3985 3856
3986 3307
3987 3307
3988 4149
3989 2756
3990 4321
3991 4258
3992 4114
3993 4256
3994 4197
3995 4270
3996 4153
3997 5078
3998 4154
3999 4155
4000 5076
4001 4076
4002 4347
4003 4164
4004 4317
4005 4317
4006 4504
4007 4504
4008 4497
4009 4504
4010 4504
4011 4527
4012 4500
4013 4502
4014 3936
4015 3965
4016 3225
4017 4645
4018 1579
4019 4571
4020 4317
4021 3781
4022 4523
4023 4339
4024 3748
4025 3957
4026 4328
4027 4328
4028 4328
4029 4328
4030 4328
4031 4301
4032 4314
4033 4321
4034 4193
4035 4193
4036 4328
4037 5061
4038 4302
4039 4327
4040 5098
4041 5101
4042 4220
4043 4582
4044 4585
4045 4580
4046 4539
4047 4307
4048 4328
4049 4328
4050 4328
4051 4328
4052 4328
4053 5098
4054 4314
4055 4259
4056 4328
4057 4328
4058 4328
4059 4328
4060 4328
4061 4328
4062 4328
4063 4328
4064 4328
4065 4328
4066 4328
4067 4328
4068 4328
4069 4328
4070 4328
4071 4328
4072 4328
4073 4328
4074 4328
4075 4328
4076 4328
4077 4307
4078 4236
4079 4210
4080 4594
4081 4587
4082 4208
4083 4206
4084 5093
4085 5073
4086 4246
4087 3870
4088 4023
4089 3070
4090 3070
4091 3760
4092 3707
4093 3968
4094 3811
4095 3837
4096 4193
4097 5061
4098 4328
4099 4328
4100 4328
4101 4328
4102 4328
4103 4328
4104 4328
4105 4328
4106 4328
4107 4328
4108 4328
4109 4259
4110 5061
4111 4301
4112 3185
4113 3880
4114 3779
4115 1997
4116 4274
4117 4328
4118 4328
4119 4328
4120 4328
4121 4328
4122 4328
4123 4328
4124 4328
4125 4328
4126 4328
4127 4328
4128 3775
4129 3776
4130 3005
4131 3485
4132 4063
4133 4290
4134 3856
4135 4292
4136 3844
4137 3912
4138 4328
4139 4328
4140 4328
4141 4328
4142 4328
4143 4328
4144 4328
4145 4328
4146 4328
4147 4328
4148 4328
4149 4328
4150 4328
4151 4328
4152 5061
4153 3307
4154 3795
4155 1572
4156 4159
4157 4118
4158 3976
4159 3888
4160 3884
4161 3645
4162 3978
4163 3307
4164 4006
4165 2808
4166 3431
4167 4328
4168 4328
4169 4136
4170 3666
4171 4355
4172 3597
4173 3931
4174 4442
4175 2768
4176 4334
4177 4339
4178 4328
4179 3488
4180 2931
4181 3730
4182 4079
4183 3730
4184 3843
4185 4017
4186 4157
4187 3844
4188 4292
4189 3855
4190 3005
4191 4475
4192 3693
4193 4316
4194 3693
4195 3666
4196 3945
4197 3252
4198 4142
4199 4400
4200 3707
4201 4346
4202 4405
4203 3542
4204 4085
4205 4148
4206 3780
4207 3906
4208 4488
4209 4479
4210 3825
4211 3945
4212 4286
4213 4361
4214 4504
4215 2791
4216 2828
4217 4364
4218 2791
4219 4527
4220 4527
4221 4491
4222 3975
4223 2828
4224 2828
4225 4339
4226 4331
4227 4044
4228 4328
4229 4328
4230 4328
4231 3542
4232 3780
4233 3686
4234 4378
4235 4081
4236 3701
4237 2791
4238 4423
4239 4328
4240 4329
4241 4008
4242 336
4243 4140
4244 3712
4245 3440
4246 3856
4247 4146
4248 3191
4249 4392
4250 4034
4251 4007
4252 3594
4253 4356
4254 338
4255 3709
4256 3434
4257 4325
4258 4406
4259 4339
4260 4089
4261 4040
4262 4027
4263 4358
4264 4043
4265 4366
4266 3923
4267 4472
4268 4367
4269 1576
4270 4117
4271 4328
4272 4328
4273 4411
4274 338
4275 2794
4276 4491
4277 4492
4278 4044
4279 4044
4280 3481
4281 4140
4282 4400
4283 4406
4284 3855
4285 4328
4286 4137
4287 3746
4288 4316
4289 4366
4290 4137
4291 3701
4292 3856
4293 4287
4294 3140
4295 4004
4296 3746
4297 3805
4298 4429
4299 4328
4300 4328
4301 4328
4302 4529
4303 2732
4304 3979
4305 3970
4306 4460
4307 4027
4308 4479
4309 3826
4310 4026
4311 4479
4312 4357
4313 3082
4314 4467
4315 3993
4316 3781
4317 3580
4318 3935
4319 3817
4320 3935
4321 3817
4322 3817
4323 3818
4324 3818
4325 4659
4326 4879
4327 4900
4328 4792
4329 4897
4330 4862
4331 3817
4332 4460
4333 336
4334 3746
4335 4471
4336 4470
4337 4328
4338 4328
4339 3817
4340 4391
4341 3666
4342 4460
4343 4091
4344 5084
4345 4030
4346 4245
4347 4328
4348 3904
4349 4440
4350 4328
4351 4328
4352 4328
4353 4328
4354 4328
4355 4484
4356 4306
4357 4548
4358 1577
4359 4328
4360 4328
4361 4328
4362 4328
4363 3825
4364 4328
4365 4438
4366 4523
4367 4576
4368 4539
4369 4552
4370 4439
4371 4515
4372 4565
4373 3818
4374 3225
4375 3788
4376 4527
4377 4523
4378 4499
4379 4565
4380 3540
4381 3818
4382 4523
4383 4523
4384 4500
4385 3965
4386 3677
4387 4665
4388 1204
4389 4612
4390 4644
4391 4643
4392 3225
4393 3769
4394 4546
4395 1200
4396 3540
4397 4565
4398 4515
4399 3172
4400 4248
4401 4564
4402 4328
4403 4613
4404 3672
4405 4565
4406 3818
4407 4328
4408 4328
4409 3349
4410 4031
4411 4206
4412 4328
4413 4328
4414 4328
4415 4328
4416 4328
4417 4208
4418 4513
4419 4513
4420 4328
4421 3965
4422 4526
4423 4606
4424 3935
4425 4576
4426 4306
4427 4566
4428 4538
4429 4643
4430 433
4431 4655
4432 1576
4433 3225
4434 2747
4435 4602
4436 3818
4437 3965
4438 4813
4439 4613
4440 4606
4441 1576
4442 3349
4443 4573
4444 4577
4445 3611
4446 2961
4447 4328
4448 4328
4449 4328
4450 4328
4451 4328
4452 4328
4453 4328
4454 4328
4455 4328
4456 4328
4457 4306
4458 4328
4459 4328
4460 4559
4461 4211
4462 4579
4463 4211
4464 1200
4465 433
4466 4328
4467 4328
4468 3836
4469 4516
4470 433
4471 2942
4472 3224
4473 4602
4474 4606
4475 3770
4476 3224
4477 3226
4478 4613
4479 4599
4480 3224
4481 4643
4482 4742
4483 4511
4484 4659
4485 4611
4486 2035
4487 3581
4488 4644
4489 3226
4490 4614
4491 2748
4492 4705
4493 4619
4494 4914
4495 4791
4496 4824
4497 4840
4498 4834
4499 4883
4500 4626
4501 4925
4502 4698
4503 4807
4504 4807
4505 4817
4506 4933
4507 4684
4508 4806
4509 4734
4510 4881
4511 4837
4512 5143
4513 5143
4514 5143
4515 5143
4516 5143
4517 5143
4518 4729
4519 4776
4520 4795
4521 4795
4522 4729
4523 4729
4524 4795
4525 4656
4526 3492
4527 4676
4528 4781
4529 4789
4530 4753
4531 4701
4532 5146
4533 4715
4534 4644
4535 4801
4536 4670
4537 4613
4538 4613
4539 3581
4540 434
4541 4662
4542 4707
4543 4646
4544 4618
4545 4678
4546 4761
4547 4719
4548 4900
4549 4645
4550 4664
4551 4793
4552 4617
4553 4646
4554 4649
4555 4665
4556 4660
4557 4665
4558 4614
4559 4649
4560 4611
4561 4801
4562 4661
4563 4749
4564 4713
4565 4781
4566 4714
4567 4862
4568 4811
4569 4834
4570 4817
4571 4806
4572 4695
4573 4773
4574 4686
4575 4694
4576 4690
4577 4899
4578 4734
4579 4734
4580 4769
4581 4734
4582 4734
4583 4766
4584 4750
4585 4788
4586 4794
4587 4770
4588 4740
4589 4739
4590 4694
4591 4901
4592 4931
4593 4898
4594 4885
4595 4768
4596 4869
4597 4740
4598 4713
4599 4911
4600 4678
4601 4789
4602 4656
4603 4627
4604 4626
4605 4708
4606 4649
4607 4624
4608 4812
4609 4627
4610 4626
4611 4802
4612 4627
4613 4810
4614 4717
4615 4910
4616 4659
4617 4734
4618 4729
4619 4794
4620 5143
4621 5143
4622 5143
4623 5143
4624 4784
4625 4800
4626 4800
4627 4729
4628 4638
4629 5143
4630 4771
4631 4771
4632 4748
4633 4861
4634 4784
4635 4785
4636 5143
4637 4800
4638 4800
4639 4734
4640 4748
4641 2035
4642 4785
4643 4638
4644 5143
4645 4638
4646 5143
4647 4730
4648 4728
4649 4791
4650 5143
4651 5143
4652 4785
4653 4819
4654 4813
4655 4718
4656 4638
4657 5143
4658 5143
4659 5143
4660 4813
4661 4801
4662 4628
4663 4816
4664 5143
4665 4753
4666 4909
4667 4689
4668 4711
4669 5143
4670 4914
4671 4682
4672 4734
4673 4624
4674 5143
4675 5143
4676 4861
4677 4640
4678 4735
4679 4735
4680 4739
4681 4771
4682 4771
4683 5137
4684 4830
4685 4623
4686 4661
4687 4729
4688 4784
4689 4638
4690 4785
4691 4730
4692 4862
4693 4887
4694 4457
4695 5136
4696 4705
4697 4916
4698 4868
4699 4846
4700 4900
4701 4884
4702 4805
4703 4776
4704 4795
4705 4729
4706 4735
4707 4717
4708 4795
4709 4640
4710 4900
4711 4807
4712 5143
4713 4728
4714 4768
4715 4843
4716 4756
4717 4688
4718 4773
4719 4733
4720 4854
4721 4681
4722 4817
4723 4834
4724 4807
4725 4793
4726 4728
4727 4787
4728 4716
4729 4766
4730 4709
4731 4773
4732 4901
4733 4774
4734 4838
4735 4896
4736 4758
4737 4801
4738 4640
4739 4640
4740 4723
4741 4722
4742 4839
4743 4457
4744 4729
4745 4785
4746 4729
4747 5143
4748 4792
4749 5138
4750 4817
4751 4778
4752 4694
4753 4640
4754 4728
4755 4817
4756 4696
4757 4696
4758 4773
4759 4855
4760 5143
4761 5143
4762 4758
4763 4722
4764 4883
4765 4834
4766 4844
4767 4909
4768 4716
4769 4765
4770 4798
4771 5143
4772 4776
4773 4902
4774 4732
4775 4902
4776 5143
4777 4458
4778 4768
4779 5146
4780 5143
4781 5143
4782 5143
4783 4632
4784 4881
4785 4928
4786 4928
4787 4740
4788 4740
4789 4928
4790 4899
4791 4906
4792 4906
4793 4734
4794 4739
4795 4728
4796 4694
4797 4793
4798 4795
4799 4748
4800 4748
4801 4694
4802 4696
4803 5141
4804 4803
4805 4682
4806 4883
4807 4817
4808 4774
4809 4457
4810 4791
4811 4909
4812 4758
4813 4759
4814 4759
4815 4870
4816 4881
4817 4632
4818 4633
4819 4871
4820 4689
4821 4874
4822 4770
4823 4822
4824 4774
4825 4836
4826 4633
4827 4881
4828 4685
4829 4695
4830 4822
4831 4838
4832 4900
4833 4623
4834 4845
4835 4803
4836 4827
4837 4800
4838 4928
4839 4874
4840 4874
4841 4631
4842 4740
4843 4740
4844 4800
4845 4739
4846 4748
4847 4920
4848 4909
4849 4861
4850 4881
4851 4916
4852 4861
4853 4735
4854 4861
4855 4783
4856 4780
4857 4759
4858 4728
4859 4633
4860 4817
4861 4631
4862 4855
4863 4916
4864 4925
4865 4835
4866 4907
4867 4792
4868 4626
4869 4734
4870 4734
4871 4908
4872 4868
4873 4640
4874 4778
4875 4819
4876 4861
4877 4770
4878 4631
4879 4694
4880 4695
4881 4833
4882 4843
4883 4896
4884 4907
4885 4699
4886 4881
4887 4881
4888 4906
4889 4831
4890 4881
4891 4773
4892 4685
4893 4685
4894 4881
4895 4803
4896 4633
4897 4739
4898 4740
4899 4877
4900 4640
4901 4803
4902 4877
4903 4877
4904 4696
4905 4640
4906 4631
4907 909
4908 116
4909 864
4910 909
4911 864
4912 864
4913 116
4914 101
4915 864
4916 864
4917 978
4918 978
4919 978
4920 978
4921 864
4922 864
4923 311
4924 1337
4925 1337
4926 639
4927 638
4928 638
4929 638
4930 638
4931 638
4932 638
4933 638
4934 638
4935 621
4936 4973
4937 945
4938 638
4939 638
4940 638
4941 638
4942 689
4943 4992
4944 638
4945 638
4946 5014
4947 5005
4948 638
4949 1015
4950 638
4951 945
4952 638
4953 4973
4954 638
4955 638
4956 638
4957 638
4958 638
4959 793
4960 796
4961 4952
4962 4952
4963 795
4964 4954
4965 840
4966 510
4967 1154
4968 638
4969 638
4970 4959
4971 4968
4972 4984
4973 638
4974 765
4975 1093
4976 1389
4977 1274
4978 1015
4979 510
4980 691
4981 791
4982 638
4983 638
4984 762
4985 792
4986 5011
4987 4980
4988 5007
4989 4998
4990 945
4991 638
4992 638
4993 638
4994 638
4995 5003
4996 1388
4997 1274
4998 5009
4999 1308
5000 492
5001 487
5002 715
5003 492
5004 796
5005 4972
5006 638
5007 501
5008 566
5009 566
5010 638
5011 4973
5012 638
5013 638
5014 486
5015 458
5016 323
5017 575
5018 474
5019 459
5020 177
5021 466
5022 472
5023 744
5024 600
5025 769
5026 184
5027 474
5028 411
5029 480
5030 458
5031 744
5032 707
5033 744
5034 458
5035 575
5036 782
5037 3042
5038 2742
5039 602
5040 2694
5041 2742
5042 3547
5043 3547
5044 1934
5045 602
5046 2394
5047 3064
5048 2625
5049 2291
5050 5190
5051 1077
5052 2626
5053 5189
5054 5189
5055 5190
5056 2853
5057 4762
5058 2741
5059 3501
5060 4209
5061 4328
5062 3855
5063 4328
5064 4030
5065 5059
5066 4191
5067 4189
5068 4327
5069 4328
5070 4328
5071 4328
5072 4328
5073 4328
5074 4269
5075 4146
5076 4594
5077 4146
5078 4157
5079 4146
5080 4157
5081 4157
5082 4017
5083 3867
5084 4156
5085 5076
5086 4157
5087 3867
5088 5081
5089 3848
5090 4197
5091 4197
5092 3849
5093 4269
5094 4242
5095 4207
5096 4328
5097 4328
5098 4328
5099 4328
5100 4328
5101 4017
5102 4146
5103 4017
5104 4559
5105 4328
5106 4328
5107 4328
5108 4328
5109 4328
5110 4155
5111 4327
5112 4328
5113 4120
5114 4328
5115 3225
5116 4074
5117 4505
5118 4159
5119 4074
5120 4160
5121 5113
5122 3818
5123 4159
5124 4052
5125 4114
5126 3095
5127 4085
5128 4074
5129 4103
5130 4408
5131 4328
5132 4632
5133 5143
5134 5143
5135 5143
5136 5143
5137 5143
5138 4901
5139 4774
5140 5143
5141 4734
5142 4734
5143 5143
5144 5143
5145 4730
5146 4638
5147 4791
5148 3856
5149 3856
5150 989
5151 989
5152 989
5153 1093
5154 1092
5155 1021
5156 5153
5157 5173
5158 5162
5159 5181
5160 5162
5161 5182
5162 2881
5163 2579
5164 3043
5165 2684
5166 5160
5167 2946
5168 2297
5169 2638
5170 5172
5171 5170
5172 2298
5173 2881
5174 5162
5175 2296
5176 5172
5177 2295
5178 2686
5179 2946
5180 2882
5181 2905
5182 2638
5183 2295
5184 2295
5185 2295
5186 3075
5187 2882
5188 2901
5189 2901
5190 2882
5191 2297
5192 2297
5193 5154
5194 5175
5195 5163
5196 760
5197 760
5198 989
5199 1021
