0 1641
1 1641
2 1641
3 1641
4 1826
5 1734
6 1725
7 1725
8 2605
9 2942
10 2946
11 3715
12 3453
13 2565
14 2629
15 1112
16 2607
17 1124
18 2817
19 2817
20 2629
21 2629
22 1112
23 1112
24 2605
25 2567
26 2771
27 1792
28 2771
29 2605
30 2871
31 2946
32 2871
33 2946
34 1124
35 2817
36 2946
37 2817
38 2515
39 2871
40 2515
41 1355
42 2605
43 2942
44 2515
45 1355
46 2871
47 2605
48 1125
49 2515
50 2515
51 1725
52 1725
53 1734
54 1734
55 1792
56 1792
57 1705
58 1725
59 1725
60 1725
61 1125
62 1725
63 1725
64 1725
65 1705
66 1705
67 2946
68 1124
69 2462
70 2462
71 2515
72 2522
73 1705
74 1725
75 2521
76 1125
77 1124
78 2565
79 1734
80 1705
81 1826
82 1727
83 1840
84 978
85 978
86 978
87 977
88 978
89 978
90 1340
91 1341
92 978
93 978
94 978
95 1341
96 913
97 1798
98 978
99 978
100 978
101 1798
102 1798
103 978
104 1826
105 1705
106 977
107 1296
108 1296
109 1237
110 978
111 985
112 1340
113 978
114 978
115 1705
116 1705
117 1826
118 1792
119 1792
120 1792
121 3224
122 3224
123 2515
124 2871
125 1124
126 2629
127 2515
128 2871
129 1725
130 1725
131 1354
132 2871
133 2629
134 1124
135 1705
136 1792
137 1826
138 1826
139 1826
140 1890
141 1705
142 1826
143 1826
144 1705
145 1705
146 1840
147 978
148 978
149 1890
150 1792
151 1826
152 1826
153 978
154 978
155 977
156 978
157 976
158 1890
159 976
160 1826
161 1826
162 1826
163 2374
164 2374
165 2374
166 1836
167 2584
168 2470
169 1965
170 1965
171 2547
172 520
173 2303
174 2368
175 2846
176 1112
177 1112
178 1112
179 2462
180 1124
181 2565
182 1124
183 2370
184 2370
185 2374
186 2370
187 2462
188 1125
189 2521
190 2514
191 2514
192 1355
193 2605
194 2403
195 2403
196 2347
197 2547
198 2547
199 523
200 2502
201 1958
202 2534
203 1965
204 522
205 2470
206 2411
207 2366
208 2626
209 3923
210 2288
211 2366
212 2411
213 2411
214 2547
215 2303
216 1836
217 2374
218 1125
219 2871
220 2565
221 2370
222 2668
223 2346
224 2752
225 2668
226 2374
227 1836
228 2303
229 2584
230 1967
231 520
232 2584
233 2983
234 2892
235 3082
236 2492
237 2209
238 2209
239 2209
240 3100
241 2330
242 2595
243 2163
244 2751
245 4348
246 2751
247 2692
248 2123
249 2154
250 4409
251 2002
252 2002
253 1979
254 1979
255 2035
256 2058
257 2044
258 2046
259 2044
260 2044
261 2058
262 2044
263 2113
264 2058
265 2003
266 2044
267 2330
268 3044
269 5041
270 2670
271 3138
272 3954
273 3203
274 3202
275 2002
276 2002
277 2492
278 3100
279 3100
280 3082
281 2209
282 2116
283 2196
284 2892
285 3100
286 2073
287 2058
288 2200
289 2005
290 2065
291 2006
292 2058
293 2073
294 2064
295 2073
296 2004
297 2073
298 2259
299 2259
300 2006
301 2004
302 2006
303 2290
304 2290
305 1026
306 2006
307 2259
308 2290
309 2229
310 2228
311 2259
312 1979
313 1979
314 2153
315 2154
316 3227
317 2595
318 2046
319 2046
320 2002
321 2083
322 2066
323 2113
324 2044
325 2200
326 2008
327 2066
328 2006
329 2007
330 2066
331 2008
332 2116
333 2235
334 2959
335 2112
336 2035
337 2123
338 2123
339 2035
340 2123
341 4424
342 2123
343 2123
344 2123
345 3912
346 2123
347 2692
348 3227
349 4283
350 1618
351 3988
352 3988
353 4348
354 4348
355 4409
356 4409
357 3988
358 2154
359 2123
360 4424
361 3912
362 1993
363 1993
364 4378
365 4253
366 876
367 876
368 392
369 4253
370 4253
371 4248
372 4378
373 4378
374 4225
375 4365
376 4247
377 1993
378 4355
379 1993
380 1993
381 2561
382 4253
383 4424
384 2561
385 4437
386 2123
387 3988
388 4437
389 4409
390 1618
391 2748
392 3940
393 2944
394 2944
395 2944
396 4437
397 4437
398 3940
399 2748
400 2748
401 2944
402 2944
403 2970
404 2967
405 2967
406 2967
407 2967
408 2967
409 2967
410 2763
411 2967
412 2967
413 2970
414 2970
415 2967
416 2967
417 2820
418 2967
419 2967
420 2820
421 3055
422 3055
423 2821
424 2967
425 2763
426 2690
427 2690
428 5016
429 2492
430 2954
431 2970
432 2967
433 2105
434 2983
435 2105
436 2492
437 2492
438 2101
439 2101
440 2892
441 2101
442 2112
443 2112
444 2101
445 2892
446 2965
447 1905
448 1905
449 2406
450 1510
451 1905
452 1904
453 1510
454 1550
455 2983
456 2209
457 1905
458 3082
459 2983
460 1904
461 2892
462 2892
463 1905
464 1904
465 1905
466 1510
467 1905
468 1550
469 1882
470 812
471 1882
472 1882
473 2353
474 1882
475 812
476 812
477 812
478 812
479 1440
480 1440
481 1440
482 2112
483 2229
484 2231
485 2112
486 2101
487 810
488 1728
489 1707
490 2167
491 1707
492 810
493 2284
494 2026
495 811
496 1630
497 1630
498 811
499 1630
500 1630
501 1630
502 1630
503 2325
504 2323
505 2284
506 2319
507 810
508 1707
509 2319
510 2101
511 2892
512 2112
513 2209
514 2112
515 2101
516 1440
517 2290
518 864
519 812
520 1440
521 1440
522 812
523 812
524 812
525 3845
526 2513
527 2970
528 2295
529 2353
530 2284
531 2295
532 2295
533 2469
534 2469
535 2513
536 2384
537 2104
538 2124
539 2026
540 1550
541 1437
542 2983
543 3016
544 3016
545 1904
546 1903
547 1903
548 1905
549 1904
550 3091
551 5015
552 2513
553 2513
554 1437
555 1905
556 1551
557 1707
558 810
559 1438
560 2026
561 2026
562 1438
563 2055
564 1438
565 810
566 1728
567 810
568 2026
569 2026
570 2472
571 2055
572 2438
573 2055
574 4251
575 2472
576 2055
577 2055
578 3315
579 3315
580 3315
581 4251
582 3315
583 3106
584 3259
585 4189
586 3249
587 2280
588 4261
589 3426
590 2532
591 2280
592 2279
593 4261
594 3249
595 4251
596 3249
597 3249
598 2279
599 2963
600 3426
601 3092
602 3092
603 3426
604 2053
605 2053
606 2963
607 2963
608 2963
609 2963
610 2634
611 2963
612 3418
613 2634
614 3418
615 1905
616 390
617 3100
618 3105
619 390
620 2053
621 2053
622 2053
623 2963
624 2053
625 2053
626 2125
627 3099
628 3939
629 3682
630 4126
631 4126
632 4126
633 4126
634 3958
635 3682
636 3958
637 3682
638 3939
639 3682
640 3939
641 3939
642 3093
643 4006
644 5085
645 4006
646 4006
647 3093
648 3093
649 3958
650 3682
651 3939
652 4126
653 4126
654 3939
655 3939
656 3939
657 3099
658 4126
659 3418
660 3418
661 3418
662 2053
663 2634
664 2722
665 2808
666 2808
667 3939
668 3585
669 3939
670 4126
671 3958
672 4006
673 3955
674 5085
675 3958
676 4126
677 4126
678 4126
679 4126
680 3939
681 2634
682 3939
683 2722
684 2722
685 2278
686 2634
687 3418
688 2053
689 2053
690 3418
691 2053
692 2053
693 3274
694 2838
695 3221
696 2164
697 2838
698 2595
699 4320
700 2367
701 2367
702 2367
703 2367
704 2360
705 3092
706 2360
707 3092
708 2360
709 1905
710 2397
711 1436
712 2397
713 3092
714 2367
715 2441
716 3332
717 3092
718 3226
719 2838
720 3596
721 3954
722 4189
723 395
724 395
725 4000
726 4000
727 2980
728 866
729 4546
730 4533
731 2110
732 1289
733 4740
734 4740
735 4802
736 4727
737 4601
738 4761
739 4601
740 3818
741 3185
742 4801
743 3882
744 3733
745 3755
746 3755
747 4601
748 3755
749 3185
750 4727
751 4761
752 4663
753 4705
754 4546
755 4663
756 1288
757 4705
758 4727
759 3882
760 4761
761 4546
762 4727
763 4546
764 4601
765 4761
766 4709
767 4748
768 3056
769 4183
770 3981
771 3056
772 4130
773 4903
774 4130
775 4935
776 4685
777 4903
778 4687
779 3817
780 3817
781 4130
782 4130
783 3981
784 4684
785 4882
786 4647
787 4868
788 4685
789 4937
790 4938
791 4130
792 4827
793 4930
794 4569
795 4706
796 4934
797 4691
798 4623
799 4130
800 4201
801 4201
802 4717
803 4936
804 4882
805 4771
806 4685
807 4868
808 4720
809 4607
810 4771
811 4183
812 4562
813 4566
814 4908
815 4719
816 4776
817 4908
818 4821
819 4562
820 4619
821 4627
822 4714
823 4607
824 4882
825 4691
826 4627
827 4685
828 4720
829 4938
830 4938
831 4935
832 4130
833 4938
834 4201
835 4130
836 4696
837 4765
838 4790
839 4920
840 4614
841 4687
842 4827
843 4872
844 4882
845 4821
846 4130
847 4919
848 3817
849 3817
850 4715
851 4714
852 4839
853 4614
854 4920
855 4923
856 4613
857 1840
858 978
859 977
860 978
861 978
862 978
863 977
864 978
865 978
866 978
867 977
868 977
869 1798
870 977
871 978
872 1341
873 978
874 978
875 978
876 978
877 978
878 978
879 1734
880 1734
881 1217
882 1341
883 981
884 976
885 978
886 977
887 978
888 2068
889 1705
890 1734
891 1705
892 1705
893 519
894 2912
895 2584
896 2547
897 520
898 2727
899 1624
900 1624
901 3027
902 2728
903 2727
904 2957
905 2728
906 3026
907 3027
908 2727
909 1962
910 1965
911 520
912 2912
913 2650
914 1966
915 1965
916 1962
917 2547
918 1960
919 513
920 2728
921 2584
922 2846
923 2636
924 2629
925 2607
926 3022
927 2629
928 2607
929 1967
930 1112
931 2946
932 2946
933 1113
934 1113
935 1113
936 2817
937 2817
938 2871
939 2521
940 1355
941 1725
942 2521
943 2605
944 2605
945 2817
946 2668
947 1113
948 2514
949 522
950 2565
951 2668
952 1958
953 1682
954 2458
955 2458
956 1950
957 2593
958 1958
959 3586
960 3594
961 1622
962 2985
963 2814
964 2402
965 3532
966 3461
967 511
968 3800
969 3833
970 3812
971 3833
972 1949
973 3926
974 2794
975 2409
976 3410
977 3841
978 3410
979 3410
980 3799
981 2288
982 2594
983 2366
984 2593
985 512
986 1622
987 3811
988 511
989 1949
990 2461
991 3812
992 1908
993 3800
994 2859
995 3758
996 2860
997 507
998 507
999 3813
1000 507
1001 2166
1002 3946
1003 507
1004 507
1005 3813
1006 3813
1007 3708
1008 2859
1009 2860
1010 507
1011 508
1012 2070
1013 508
1014 3832
1015 2070
1016 2166
1017 2562
1018 1909
1019 2401
1020 3926
1021 2409
1022 3799
1023 1960
1024 2593
1025 3026
1026 3027
1027 2985
1028 3270
1029 3254
1030 2635
1031 2635
1032 3254
1033 2870
1034 2870
1035 3254
1036 2870
1037 3489
1038 3459
1039 3489
1040 3254
1041 1620
1042 2726
1043 3820
1044 3595
1045 2870
1046 3489
1047 3793
1048 3610
1049 3532
1050 3083
1051 2985
1052 3270
1053 3083
1054 2956
1055 2974
1056 2974
1057 3594
1058 2594
1059 1440
1060 1440
1061 1440
1062 1440
1063 864
1064 3016
1065 2892
1066 3016
1067 2983
1068 3091
1069 5015
1070 3845
1071 3845
1072 3845
1073 2967
1074 3845
1075 3590
1076 3590
1077 3845
1078 3845
1079 3845
1080 2967
1081 3845
1082 3845
1083 3845
1084 3845
1085 2826
1086 2967
1087 2513
1088 5015
1089 2983
1090 2970
1091 2103
1092 2970
1093 2970
1094 2970
1095 2944
1096 3455
1097 3940
1098 3380
1099 2714
1100 2714
1101 396
1102 396
1103 4433
1104 3903
1105 4433
1106 4465
1107 3608
1108 4467
1109 3165
1110 3380
1111 3165
1112 3455
1113 2944
1114 2967
1115 3455
1116 2944
1117 2899
1118 3940
1119 4402
1120 2690
1121 3572
1122 2690
1123 2970
1124 2970
1125 2970
1126 2970
1127 2970
1128 2967
1129 2492
1130 2892
1131 2970
1132 1619
1133 4433
1134 4424
1135 4433
1136 392
1137 3904
1138 2673
1139 4390
1140 4037
1141 4434
1142 4434
1143 2869
1144 3165
1145 1619
1146 1619
1147 2935
1148 3810
1149 2869
1150 4468
1151 3608
1152 3165
1153 2302
1154 2533
1155 2302
1156 3946
1157 2976
1158 3946
1159 4472
1160 2287
1161 4390
1162 4463
1163 4390
1164 4472
1165 4417
1166 3813
1167 2542
1168 4463
1169 4463
1170 4479
1171 4471
1172 4434
1173 4169
1174 4390
1175 2976
1176 4471
1177 4471
1178 4178
1179 4223
1180 3904
1181 4365
1182 4231
1183 4178
1184 4223
1185 4378
1186 392
1187 2899
1188 3827
1189 2899
1190 1619
1191 4321
1192 4321
1193 1619
1194 3973
1195 3952
1196 3952
1197 3827
1198 4316
1199 4421
1200 3952
1201 4321
1202 4458
1203 4321
1204 4466
1205 3165
1206 3255
1207 3608
1208 3608
1209 3132
1210 3255
1211 4421
1212 2967
1213 2899
1214 2944
1215 2967
1216 2775
1217 2763
1218 2967
1219 2821
1220 1540
1221 2104
1222 3935
1223 4251
1224 3845
1225 2267
1226 2532
1227 2318
1228 2318
1229 2274
1230 3590
1231 2667
1232 2489
1233 2489
1234 3845
1235 3590
1236 2442
1237 2280
1238 4166
1239 4189
1240 2176
1241 2053
1242 2634
1243 3939
1244 3682
1245 3682
1246 3093
1247 4126
1248 4006
1249 3958
1250 5085
1251 5085
1252 5099
1253 5085
1254 3955
1255 4006
1256 3958
1257 3958
1258 4126
1259 3560
1260 3939
1261 2053
1262 3099
1263 3418
1264 2634
1265 3939
1266 3955
1267 5085
1268 4380
1269 4047
1270 5099
1271 5099
1272 5099
1273 4380
1274 4377
1275 4464
1276 4371
1277 4464
1278 4482
1279 4482
1280 4464
1281 4377
1282 4377
1283 4048
1284 4380
1285 4047
1286 4377
1287 4371
1288 4464
1289 4482
1290 5085
1291 3955
1292 3955
1293 3955
1294 5085
1295 5085
1296 4006
1297 5099
1298 5094
1299 4048
1300 4464
1301 4482
1302 4482
1303 4464
1304 4371
1305 4377
1306 4377
1307 4047
1308 4047
1309 4047
1310 5085
1311 4323
1312 5085
1313 3418
1314 3418
1315 2053
1316 3293
1317 3100
1318 2838
1319 2838
1320 2155
1321 2508
1322 2934
1323 3259
1324 3953
1325 3953
1326 3997
1327 3520
1328 3520
1329 3953
1330 3293
1331 3953
1332 3092
1333 2441
1334 3514
1335 1906
1336 4166
1337 5099
1338 5085
1339 4323
1340 4371
1341 4482
1342 4482
1343 4464
1344 4371
1345 4371
1346 4482
1347 4482
1348 4597
1349 4723
1350 4597
1351 4723
1352 4689
1353 4648
1354 4589
1355 4708
1356 4707
1357 4766
1358 4860
1359 4708
1360 4702
1361 4589
1362 4648
1363 4742
1364 4589
1365 4674
1366 4689
1367 4590
1368 4742
1369 4590
1370 4723
1371 4648
1372 4674
1373 4589
1374 4708
1375 4707
1376 4836
1377 4836
1378 4590
1379 4380
1380 2896
1381 3755
1382 3508
1383 4801
1384 4789
1385 4529
1386 4801
1387 4601
1388 4894
1389 4761
1390 4727
1391 4894
1392 4761
1393 4130
1394 4623
1395 4720
1396 4771
1397 4720
1398 4714
1399 4514
1400 4763
1401 4613
1402 4613
1403 4790
1404 4508
1405 4781
1406 4781
1407 4781
1408 4620
1409 4714
1410 5105
1411 4781
1412 4781
1413 4781
1414 4781
1415 4781
1416 4781
1417 4781
1418 4781
1419 4781
1420 4615
1421 4698
1422 4690
1423 4675
1424 5105
1425 4522
1426 4632
1427 4607
1428 4607
1429 4771
1430 4685
1431 4685
1432 4632
1433 4781
1434 4613
1435 4781
1436 4781
1437 4781
1438 4781
1439 4781
1440 4781
1441 4781
1442 4781
1443 4619
1444 4790
1445 4627
1446 4721
1447 4714
1448 4632
1449 4687
1450 4771
1451 4687
1452 4684
1453 4607
1454 4607
1455 4685
1456 4771
1457 4632
1458 4685
1459 4762
1460 4762
1461 4683
1462 4720
1463 4715
1464 4720
1465 4714
1466 4508
1467 4714
1468 4714
1469 4720
1470 4720
1471 4720
1472 4721
1473 4790
1474 4771
1475 4771
1476 4882
1477 4715
1478 4685
1479 4771
1480 4615
1481 4781
1482 4781
1483 4781
1484 4781
1485 4781
1486 4781
1487 4781
1488 4781
1489 4613
1490 4781
1491 4613
1492 4763
1493 4781
1494 4781
1495 4622
1496 4781
1497 4613
1498 4508
1499 4714
1500 4920
1501 4507
1502 4613
1503 4698
1504 4721
1505 4714
1506 4627
1507 4882
1508 3836
1509 3836
1510 4720
1511 4632
1512 4720
1513 4646
1514 4632
1515 4677
1516 4646
1517 4763
1518 4781
1519 4781
1520 4781
1521 4508
1522 4613
1523 4781
1524 4637
1525 4781
1526 4781
1527 4698
1528 4522
1529 4675
1530 4646
1531 4666
1532 4730
1533 4781
1534 4781
1535 4613
1536 4781
1537 4781
1538 4508
1539 4781
1540 4781
1541 4613
1542 4763
1543 4714
1544 4833
1545 4748
1546 4904
1547 4613
1548 5105
1549 4614
1550 5105
1551 4781
1552 4814
1553 4616
1554 4932
1555 3610
1556 2956
1557 2893
1558 1621
1559 3459
1560 2878
1561 3793
1562 3756
1563 2726
1564 3723
1565 3757
1566 3820
1567 3946
1568 2976
1569 3489
1570 3132
1571 3132
1572 1659
1573 4468
1574 3608
1575 2878
1576 3132
1577 3489
1578 3459
1579 2635
1580 1620
1581 2690
1582 2690
1583 4433
1584 4409
1585 4409
1586 4437
1587 4437
1588 4776
1589 4908
1590 4719
1591 4877
1592 4877
1593 4821
1594 4821
1595 4821
1596 4821
1597 4821
1598 4934
1599 4934
1600 4934
1601 4482
1602 4380
1603 4377
1604 4613
1605 4613
1606 4781
1607 4781
1608 4781
1609 4781
1610 4781
1611 4781
1612 4781
1613 4781
1614 4781
1615 2815
1616 1909
1617 2166
1618 3757
1619 3813
1620 3813
1621 3813
1622 3813
1623 3813
1624 3946
1625 2878
1626 2878
1627 3132
1628 3608
1629 3132
1630 4326
1631 3792
1632 4424
1633 4424
1634 392
1635 4439
1636 392
1637 4465
1638 3901
1639 4467
1640 3255
1641 4169
1642 4178
1643 4245
1644 3813
1645 2109
1646 2110
1647 4740
1648 1289
1649 4740
1650 1290
1651 4740
1652 4251
1653 3315
1654 2472
1655 2472
1656 2472
1657 2055
1658 2055
1659 2472
1660 2472
1661 2472
1662 2055
1663 2472
1664 2055
1665 2055
1666 2055
1667 2114
1668 1438
1669 1438
1670 1438
1671 1438
1672 2026
1673 2114
1674 810
1675 810
1676 1438
1677 1438
1678 2026
1679 2055
1680 2114
1681 2026
1682 2026
1683 2026
1684 3019
1685 2055
1686 2444
1687 1438
1688 1438
1689 2055
1690 2444
1691 2438
1692 2444
1693 1438
1694 2026
1695 2026
1696 2026
1697 2444
1698 2472
1699 2472
1700 3021
1701 3021
1702 2444
1703 2923
1704 2327
1705 2472
1706 2444
1707 2432
1708 389
1709 4166
1710 3609
1711 3021
1712 3598
1713 3598
1714 3148
1715 2436
1716 3019
1717 2436
1718 2436
1719 3020
1720 2026
1721 2026
1722 2938
1723 2436
1724 3019
1725 3019
1726 3019
1727 3019
1728 3019
1729 3019
1730 3019
1731 3019
1732 388
1733 3845
1734 3845
1735 2103
1736 2176
1737 2469
1738 2176
1739 3687
1740 3687
1741 2026
1742 2026
1743 2026
1744 810
1745 2026
1746 3590
1747 3590
1748 3590
1749 2295
1750 2167
1751 2353
1752 2353
1753 1882
1754 1882
1755 2295
1756 1882
1757 1882
1758 2353
1759 3590
1760 4853
1761 4863
1762 3059
1763 4891
1764 4183
1765 3894
1766 4501
1767 4803
1768 3590
1769 4799
1770 4757
1771 2176
1772 4881
1773 4748
1774 4748
1775 4799
1776 4796
1777 4710
1778 4856
1779 4856
1780 4796
1781 4710
1782 4757
1783 4836
1784 4589
1785 4707
1786 4876
1787 2284
1788 4875
1789 4723
1790 2284
1791 4742
1792 4592
1793 4689
1794 4689
1795 4674
1796 4589
1797 4858
1798 4589
1799 4589
1800 4708
1801 4857
1802 4795
1803 2469
1804 2176
1805 1641
1806 1641
1807 1641
1808 1440
1809 1440
1810 812
1811 1641
1812 1440
1813 1440
1814 812
1815 1440
1816 1641
1817 1641
1818 1641
1819 1440
1820 1440
1821 1577
1822 2290
1823 864
1824 2007
1825 2235
1826 2259
1827 2095
1828 2007
1829 2229
1830 2231
1831 2112
1832 2112
1833 2095
1834 2008
1835 993
1836 1188
1837 1019
1838 817
1839 2353
1840 2295
1841 1534
1842 817
1843 2353
1844 2353
1845 816
1846 1526
1847 1526
1848 812
1849 1731
1850 844
1851 2353
1852 1882
1853 812
1854 1440
1855 1440
1856 1440
1857 1882
1858 812
1859 812
1860 4881
1861 4709
1862 4889
1863 4587
1864 4836
1865 4757
1866 4757
1867 2176
1868 2323
1869 2295
1870 2323
1871 2284
1872 2295
1873 2295
1874 2295
1875 2353
1876 2295
1877 2284
1878 2323
1879 2284
1880 2284
1881 2295
1882 2176
1883 2103
1884 3829
1885 3755
1886 4895
1887 4895
1888 3818
1889 4895
1890 4895
1891 4895
1892 4895
1893 3829
1894 4895
1895 3818
1896 4902
1897 3818
1898 3829
1899 3829
1900 4895
1901 4895
1902 3755
1903 4895
1904 4251
1905 3315
1906 3315
1907 4251
1908 4251
1909 810
1910 2026
1911 2026
1912 810
1913 2026
1914 4875
1915 4876
1916 4799
1917 4848
1918 4904
1919 4710
1920 4323
1921 4380
1922 5099
1923 4377
1924 4371
1925 4380
1926 4464
1927 4482
1928 4482
1929 4597
1930 4723
1931 4648
1932 4689
1933 4589
1934 4702
1935 2689
1936 1955
1937 1905
1938 1903
1939 2318
1940 4788
1941 2104
1942 2104
1943 3590
1944 3845
1945 2325
1946 2325
1947 1630
1948 2026
1949 810
1950 810
1951 2026
1952 2026
1953 1903
1954 3590
1955 1955
1956 1707
1957 1437
1958 2176
1959 3590
1960 2667
1961 2360
1962 1437
1963 3528
1964 3845
1965 2689
1966 2318
1967 2689
1968 2689
1969 2360
1970 2489
1971 1437
1972 3590
1973 2104
1974 2469
1975 3590
1976 3590
1977 3590
1978 3590
1979 3590
1980 3590
1981 3590
1982 3590
1983 3590
1984 3590
1985 3590
1986 3590
1987 3590
1988 3590
1989 3590
1990 3590
1991 2053
1992 2054
1993 2053
1994 2053
1995 2053
1996 3561
1997 3561
1998 3105
1999 2053
2000 2053
2001 2053
2002 2963
2003 2053
2004 2053
2005 2053
2006 2446
2007 2053
2008 2054
2009 2054
2010 3561
2011 2963
2012 3520
2013 2053
2014 2053
2015 4748
2016 4583
2017 4752
2018 4848
2019 4836
2020 4495
2021 4757
2022 4881
2023 4848
2024 4130
2025 4919
2026 3041
2027 3894
2028 4908
2029 4908
2030 4130
2031 4130
2032 4897
2033 4897
2034 4919
2035 4919
2036 4938
2037 4821
2038 4890
2039 4897
2040 4776
2041 4897
2042 4897
2043 4774
2044 4776
2045 4776
2046 4908
2047 4566
2048 4908
2049 4897
2050 4776
2051 4777
2052 4201
2053 3836
2054 3836
2055 4130
2056 4897
2057 4183
2058 4183
2059 3056
2060 3056
2061 3836
2062 3056
2063 4904
2064 4710
2065 4856
2066 4848
2067 4832
2068 4849
2069 4799
2070 4735
2071 4748
2072 3894
2073 4583
2074 4583
2075 3056
2076 4183
2077 3894
2078 3059
2079 4211
2080 4211
2081 3894
2082 3981
2083 4130
2084 3817
2085 4130
2086 3059
2087 4797
2088 4791
2089 4891
2090 3059
2091 4803
2092 4563
2093 4130
2094 4897
2095 3056
2096 3836
2097 3059
2098 3836
2099 4791
2100 3056
2101 3059
2102 4803
2103 4501
2104 4891
2105 4803
2106 3894
2107 4563
2108 3056
2109 3059
2110 4707
2111 3941
2112 3755
2113 3755
2114 398
2115 4708
2116 1290
2117 2472
2118 4000
2119 3315
2120 4251
2121 2472
2122 3315
2123 3315
2124 3315
2125 3315
2126 3315
2127 3315
2128 3315
2129 3315
2130 3230
2131 3315
2132 3315
2133 2053
2134 3315
2135 3315
2136 4251
2137 3315
2138 3315
2139 3315
2140 3315
2141 2055
2142 2055
2143 2472
2144 2472
2145 4251
2146 2472
2147 2472
2148 3315
2149 2055
2150 2472
2151 2472
2152 4251
2153 2472
2154 2472
2155 2472
2156 2472
2157 2472
2158 2472
2159 2125
2160 3315
2161 2477
2162 2326
2163 2326
2164 2053
2165 2861
2166 2054
2167 2053
2168 2054
2169 2053
2170 2054
2171 2053
2172 2446
2173 2446
2174 3953
2175 2053
2176 3493
2177 2920
2178 2053
2179 2054
2180 2446
2181 3105
2182 2920
2183 3105
2184 3704
2185 3038
2186 3561
2187 2053
2188 2053
2189 2053
2190 2053
2191 2054
2192 2053
2193 2053
2194 2053
2195 2053
2196 2053
2197 2053
2198 2053
2199 2053
2200 2053
2201 3191
2202 3493
2203 3191
2204 3274
2205 3192
2206 2619
2207 2619
2208 3293
2209 3259
2210 3273
2211 3274
2212 4469
2213 4788
2214 4894
2215 4529
2216 4552
2217 4801
2218 4847
2219 4801
2220 4050
2221 2142
2222 3273
2223 3260
2224 2164
2225 3273
2226 2838
2227 3192
2228 3192
2229 3493
2230 3105
2231 390
2232 3105
2233 4188
2234 4188
2235 3293
2236 2490
2237 3308
2238 3355
2239 2980
2240 2854
2241 3047
2242 3263
2243 3047
2244 3406
2245 4546
2246 4727
2247 2110
2248 2109
2249 5017
2250 4894
2251 4727
2252 4802
2253 4895
2254 4895
2255 4894
2256 4895
2257 4895
2258 4895
2259 4894
2260 4601
2261 3818
2262 4895
2263 4895
2264 4705
2265 4727
2266 4663
2267 2949
2268 4432
2269 3575
2270 4542
2271 4050
2272 3557
2273 5203
2274 5180
2275 5180
2276 5180
2277 5203
2278 3899
2279 3263
2280 3150
2281 3369
2282 2949
2283 3308
2284 3263
2285 3047
2286 2990
2287 2990
2288 4801
2289 3297
2290 2952
2291 2952
2292 4432
2293 3050
2294 3369
2295 4484
2296 2142
2297 2837
2298 4523
2299 4546
2300 4606
2301 4542
2302 4529
2303 5203
2304 3177
2305 3554
2306 2201
2307 4530
2308 2110
2309 2120
2310 4662
2311 4432
2312 4484
2313 4050
2314 2952
2315 2952
2316 1286
2317 4606
2318 4727
2319 1288
2320 4601
2321 4601
2322 4902
2323 4894
2324 4894
2325 4801
2326 4601
2327 4894
2328 4601
2329 3554
2330 3755
2331 3755
2332 3755
2333 3898
2334 2110
2335 2466
2336 2390
2337 2466
2338 2185
2339 2390
2340 2390
2341 2949
2342 4473
2343 4473
2344 4432
2345 4432
2346 4473
2347 4432
2348 4420
2349 4432
2350 4474
2351 4533
2352 4547
2353 4739
2354 2110
2355 2110
2356 4902
2357 4801
2358 4801
2359 4847
2360 3819
2361 2390
2362 2145
2363 2390
2364 2110
2365 1289
2366 1289
2367 5017
2368 4330
2369 1289
2370 4740
2371 4545
2372 2110
2373 1289
2374 5017
2375 4740
2376 4740
2377 1290
2378 4740
2379 4740
2380 2110
2381 2110
2382 2390
2383 2390
2384 4740
2385 2185
2386 2185
2387 2390
2388 2390
2389 2390
2390 2185
2391 2110
2392 2390
2393 4530
2394 4740
2395 4530
2396 4530
2397 4530
2398 2110
2399 4740
2400 4545
2401 1289
2402 1289
2403 4530
2404 2390
2405 2110
2406 2390
2407 1283
2408 1283
2409 4481
2410 4481
2411 2186
2412 3089
2413 2186
2414 2186
2415 3089
2416 4389
2417 4476
2418 3551
2419 3815
2420 4761
2421 2110
2422 3319
2423 3818
2424 4492
2425 4788
2426 4787
2427 4788
2428 4736
2429 3103
2430 2619
2431 2618
2432 2618
2433 3557
2434 2619
2435 2619
2436 2619
2437 3575
2438 3575
2439 4822
2440 3575
2441 3557
2442 3557
2443 3575
2444 2621
2445 2618
2446 3557
2447 2618
2448 2622
2449 2622
2450 3557
2451 3575
2452 3557
2453 1289
2454 1289
2455 1289
2456 4739
2457 4740
2458 4545
2459 4383
2460 4739
2461 2110
2462 1289
2463 1289
2464 4695
2465 4695
2466 4739
2467 4695
2468 4530
2469 1290
2470 1289
2471 4740
2472 4740
2473 1289
2474 1289
2475 1289
2476 1289
2477 4740
2478 2109
2479 1289
2480 1289
2481 2109
2482 2390
2483 4530
2484 3897
2485 4492
2486 4894
2487 3505
2488 4736
2489 4596
2490 3505
2491 3505
2492 3897
2493 2186
2494 2186
2495 2186
2496 2390
2497 4389
2498 2186
2499 2185
2500 2186
2501 2185
2502 2186
2503 2952
2504 4740
2505 4740
2506 1290
2507 2186
2508 2186
2509 2186
2510 2186
2511 4389
2512 2952
2513 4484
2514 4595
2515 4739
2516 4743
2517 4665
2518 4527
2519 1289
2520 2185
2521 2390
2522 4481
2523 2185
2524 2186
2525 1290
2526 4526
2527 4553
2528 4801
2529 4663
2530 4761
2531 4788
2532 4898
2533 4801
2534 4491
2535 4491
2536 4596
2537 4491
2538 4736
2539 4822
2540 4492
2541 3575
2542 4492
2543 3575
2544 3575
2545 3557
2546 3557
2547 2619
2548 2619
2549 2618
2550 2619
2551 5180
2552 2619
2553 5180
2554 3575
2555 3575
2556 3557
2557 3557
2558 3557
2559 2618
2560 3575
2561 3557
2562 4496
2563 3575
2564 4491
2565 5180
2566 3554
2567 5180
2568 5203
2569 5203
2570 5203
2571 5180
2572 3898
2573 3557
2574 5203
2575 3505
2576 3731
2577 1289
2578 4740
2579 4530
2580 4530
2581 1290
2582 4740
2583 4801
2584 4801
2585 1290
2586 4801
2587 4801
2588 4526
2589 4739
2590 4492
2591 4788
2592 4787
2593 4801
2594 1290
2595 1641
2596 1641
2597 1641
2598 1440
2599 1829
2600 1810
2601 1810
2602 1810
2603 1145
2604 1145
2605 1665
2606 1561
2607 1561
2608 1197
2609 1267
2610 1239
2611 1239
2612 1274
2613 1318
2614 1561
2615 1561
2616 1274
2617 1239
2618 1239
2619 1145
2620 1145
2621 1810
2622 2037
2623 1810
2624 1145
2625 1561
2626 1665
2627 1194
2628 1189
2629 1198
2630 1198
2631 1189
2632 1189
2633 1194
2634 1139
2635 1174
2636 1377
2637 1665
2638 1810
2639 1810
2640 1174
2641 1139
2642 1129
2643 1546
2644 1337
2645 1810
2646 1242
2647 1810
2648 1914
2649 1810
2650 915
2651 915
2652 2465
2653 2465
2654 1103
2655 1647
2656 1377
2657 2348
2658 1107
2659 1647
2660 1107
2661 2465
2662 1665
2663 1328
2664 1337
2665 1548
2666 2257
2667 1810
2668 1810
2669 2348
2670 1328
2671 1546
2672 1356
2673 1337
2674 1129
2675 2195
2676 2195
2677 5127
2678 2405
2679 5127
2680 2405
2681 2405
2682 5127
2683 5127
2684 5127
2685 5127
2686 5127
2687 5127
2688 2245
2689 2245
2690 2245
2691 1829
2692 5127
2693 2405
2694 5127
2695 2405
2696 5127
2697 5127
2698 5127
2699 2244
2700 2474
2701 2245
2702 2245
2703 2245
2704 5127
2705 2245
2706 916
2707 2245
2708 5127
2709 2245
2710 2195
2711 916
2712 1829
2713 915
2714 1829
2715 1827
2716 1932
2717 1704
2718 1704
2719 1352
2720 1352
2721 1267
2722 1145
2723 1561
2724 1704
2725 5038
2726 1704
2727 1561
2728 1274
2729 1352
2730 1561
2731 1932
2732 1829
2733 1829
2734 1816
2735 1829
2736 5038
2737 537
2738 2352
2739 1829
2740 1829
2741 1829
2742 917
2743 2245
2744 1816
2745 917
2746 1829
2747 916
2748 2245
2749 2245
2750 2245
2751 2245
2752 2245
2753 916
2754 916
2755 916
2756 916
2757 916
2758 1921
2759 1975
2760 1548
2761 2029
2762 1921
2763 1881
2764 1873
2765 1876
2766 1881
2767 1747
2768 1857
2769 1911
2770 1191
2771 1524
2772 1524
2773 1547
2774 1776
2775 2212
2776 1337
2777 1776
2778 2212
2779 1769
2780 2212
2781 1776
2782 1835
2783 1891
2784 1546
2785 1546
2786 1377
2787 1546
2788 1546
2789 1337
2790 1337
2791 1546
2792 1923
2793 2098
2794 1877
2795 2226
2796 1874
2797 2085
2798 1881
2799 1881
2800 1876
2801 2081
2802 1839
2803 3945
2804 3907
2805 3945
2806 3945
2807 1879
2808 2226
2809 1876
2810 2098
2811 2029
2812 1381
2813 1382
2814 1356
2815 1381
2816 1891
2817 1891
2818 1891
2819 2029
2820 2029
2821 1921
2822 3079
2823 1871
2824 1871
2825 1857
2826 1876
2827 1872
2828 1876
2829 1485
2830 635
2831 3006
2832 742
2833 2247
2834 742
2835 394
2836 1485
2837 2260
2838 1715
2839 1435
2840 1435
2841 1788
2842 1715
2843 1757
2844 3987
2845 866
2846 1948
2847 1979
2848 1979
2849 2002
2850 2002
2851 2058
2852 2044
2853 2044
2854 2046
2855 2044
2856 2044
2857 2044
2858 2044
2859 2058
2860 865
2861 2046
2862 1788
2863 2260
2864 2260
2865 3006
2866 2056
2867 1869
2868 2056
2869 1979
2870 2002
2871 2391
2872 2391
2873 635
2874 1757
2875 2008
2876 865
2877 2096
2878 865
2879 3006
2880 1434
2881 3006
2882 2044
2883 2064
2884 2064
2885 2200
2886 2073
2887 2008
2888 2064
2889 2008
2890 2058
2891 2073
2892 2064
2893 2064
2894 1268
2895 1173
2896 2290
2897 2290
2898 2259
2899 2006
2900 815
2901 2006
2902 770
2903 2259
2904 770
2905 1636
2906 2006
2907 2008
2908 2391
2909 1869
2910 2391
2911 3375
2912 3375
2913 2002
2914 1730
2915 2044
2916 865
2917 2008
2918 865
2919 2058
2920 2260
2921 2406
2922 865
2923 742
2924 2406
2925 771
2926 721
2927 2350
2928 2008
2929 2350
2930 2350
2931 866
2932 866
2933 2391
2934 866
2935 866
2936 1993
2937 1993
2938 876
2939 1993
2940 1993
2941 3912
2942 4336
2943 2359
2944 2359
2945 2097
2946 2388
2947 1948
2948 1925
2949 1925
2950 1616
2951 1970
2952 2391
2953 866
2954 3987
2955 3912
2956 876
2957 4336
2958 876
2959 876
2960 4253
2961 4253
2962 4227
2963 4226
2964 4253
2965 4253
2966 2679
2967 4226
2968 2715
2969 3932
2970 2679
2971 2679
2972 876
2973 1993
2974 876
2975 4355
2976 4226
2977 4253
2978 2097
2979 2388
2980 4253
2981 4355
2982 1948
2983 4336
2984 2426
2985 1970
2986 1790
2987 1591
2988 1688
2989 2540
2990 1616
2991 1790
2992 1970
2993 1591
2994 1925
2995 1715
2996 1925
2997 2720
2998 1615
2999 2540
3000 1680
3001 1640
3002 1414
3003 54
3004 435
3005 435
3006 1640
3007 1640
3008 1672
3009 1670
3010 1670
3011 435
3012 1680
3013 1686
3014 1680
3015 435
3016 435
3017 54
3018 1414
3019 2540
3020 1640
3021 54
3022 2720
3023 3501
3024 1460
3025 1484
3026 1412
3027 1522
3028 1522
3029 1484
3030 1485
3031 1485
3032 1484
3033 3328
3034 767
3035 742
3036 958
3037 767
3038 1408
3039 3328
3040 1406
3041 1510
3042 1510
3043 1669
3044 2095
3045 1669
3046 1549
3047 1510
3048 1434
3049 1549
3050 2096
3051 1669
3052 1434
3053 767
3054 3328
3055 1485
3056 385
3057 1434
3058 1434
3059 1549
3060 1549
3061 1434
3062 1434
3063 1510
3064 1641
3065 1661
3066 1582
3067 491
3068 491
3069 1641
3070 1641
3071 1583
3072 1641
3073 1641
3074 771
3075 1315
3076 818
3077 929
3078 818
3079 1669
3080 1510
3081 1510
3082 1540
3083 1799
3084 1551
3085 1510
3086 1669
3087 1540
3088 1803
3089 1540
3090 1542
3091 1534
3092 1707
3093 1707
3094 1540
3095 1542
3096 2025
3097 1430
3098 1669
3099 1510
3100 1540
3101 635
3102 767
3103 958
3104 784
3105 2350
3106 822
3107 1042
3108 767
3109 1641
3110 1641
3111 1583
3112 5012
3113 5012
3114 1583
3115 1583
3116 1583
3117 633
3118 633
3119 476
3120 5010
3121 212
3122 212
3123 1511
3124 1511
3125 1475
3126 1457
3127 1475
3128 384
3129 1411
3130 1783
3131 1783
3132 1510
3133 1510
3134 1434
3135 385
3136 1434
3137 3328
3138 1669
3139 1549
3140 1510
3141 1549
3142 1434
3143 2600
3144 1579
3145 3067
3146 384
3147 1551
3148 1510
3149 1510
3150 3266
3151 1804
3152 2025
3153 2460
3154 1441
3155 2460
3156 1859
3157 3266
3158 1551
3159 1551
3160 3266
3161 3266
3162 1707
3163 1411
3164 1467
3165 1763
3166 1760
3167 378
3168 1334
3169 1763
3170 2079
3171 655
3172 655
3173 1332
3174 655
3175 2425
3176 2507
3177 2425
3178 2425
3179 1732
3180 1732
3181 502
3182 1459
3183 710
3184 1732
3185 1417
3186 1417
3187 656
3188 710
3189 1733
3190 1585
3191 1718
3192 2719
3193 2749
3194 2632
3195 2488
3196 1849
3197 2313
3198 2208
3199 2208
3200 1718
3201 503
3202 1718
3203 2208
3204 2510
3205 2510
3206 2510
3207 1729
3208 2222
3209 3783
3210 3783
3211 3783
3212 1733
3213 2313
3214 1756
3215 1718
3216 3604
3217 1756
3218 1953
3219 1848
3220 2510
3221 355
3222 2582
3223 531
3224 355
3225 531
3226 297
3227 355
3228 355
3229 354
3230 1895
3231 1854
3232 1854
3233 1854
3234 354
3235 297
3236 297
3237 296
3238 1824
3239 354
3240 297
3241 1556
3242 1556
3243 1854
3244 1854
3245 1895
3246 531
3247 1745
3248 1854
3249 1848
3250 354
3251 1895
3252 1848
3253 1848
3254 2510
3255 2208
3256 1953
3257 1953
3258 1854
3259 410
3260 1895
3261 1745
3262 1745
3263 1895
3264 354
3265 296
3266 296
3267 297
3268 1824
3269 354
3270 354
3271 531
3272 355
3273 1895
3274 1895
3275 1953
3276 1848
3277 2208
3278 1953
3279 1953
3280 2208
3281 410
3282 410
3283 1953
3284 1745
3285 1953
3286 1848
3287 2313
3288 2313
3289 2854
3290 2580
3291 2351
3292 2222
3293 869
3294 2222
3295 2056
3296 1730
3297 1730
3298 3006
3299 1552
3300 1757
3301 3328
3302 2322
3303 1552
3304 3328
3305 1729
3306 1729
3307 1550
3308 3225
3309 3067
3310 1757
3311 1906
3312 2024
3313 2246
3314 393
3315 870
3316 873
3317 2425
3318 3987
3319 3501
3320 3375
3321 2425
3322 2980
3323 2980
3324 4546
3325 4552
3326 2536
3327 368
3328 425
3329 368
3330 3977
3331 3760
3332 276
3333 3882
3334 3563
3335 276
3336 324
3337 3941
3338 398
3339 276
3340 324
3341 324
3342 276
3343 324
3344 328
3345 276
3346 4205
3347 3563
3348 3577
3349 3496
3350 4529
3351 4113
3352 4552
3353 3563
3354 276
3355 324
3356 3508
3357 3948
3358 3320
3359 276
3360 3886
3361 3760
3362 1855
3363 3464
3364 2831
3365 3464
3366 3464
3367 2831
3368 4019
3369 3992
3370 3992
3371 943
3372 1136
3373 1136
3374 3515
3375 3464
3376 4021
3377 3515
3378 2831
3379 3685
3380 3515
3381 3392
3382 1136
3383 943
3384 943
3385 943
3386 943
3387 3992
3388 3515
3389 1134
3390 943
3391 943
3392 3392
3393 943
3394 3515
3395 3685
3396 943
3397 3992
3398 3992
3399 1134
3400 3992
3401 1136
3402 1136
3403 943
3404 1136
3405 1136
3406 2439
3407 2439
3408 1606
3409 3392
3410 3392
3411 3992
3412 3515
3413 3515
3414 943
3415 894
3416 1095
3417 1136
3418 1183
3419 1136
3420 1136
3421 1136
3422 1183
3423 943
3424 1134
3425 943
3426 943
3427 943
3428 4019
3429 3515
3430 3992
3431 896
3432 950
3433 1007
3434 988
3435 1007
3436 943
3437 1136
3438 943
3439 943
3440 3515
3441 3992
3442 4019
3443 2831
3444 3464
3445 943
3446 894
3447 893
3448 1007
3449 941
3450 894
3451 941
3452 1816
3453 2245
3454 2245
3455 5127
3456 2245
3457 5127
3458 5127
3459 5127
3460 5127
3461 2245
3462 2245
3463 2245
3464 2245
3465 1816
3466 2245
3467 1816
3468 1829
3469 1816
3470 5127
3471 5127
3472 2245
3473 2245
3474 1829
3475 537
3476 2245
3477 1829
3478 2245
3479 5034
3480 2245
3481 5127
3482 5127
3483 1829
3484 2195
3485 537
3486 2348
3487 2855
3488 2193
3489 1191
3490 1564
3491 1857
3492 1564
3493 1747
3494 1472
3495 528
3496 1685
3497 528
3498 1666
3499 528
3500 3584
3501 1666
3502 528
3503 528
3504 1747
3505 1564
3506 1564
3507 1564
3508 1191
3509 1564
3510 1747
3511 1747
3512 1735
3513 1666
3514 1735
3515 528
3516 1564
3517 1191
3518 2528
3519 1267
3520 1764
3521 1524
3522 1267
3523 1191
3524 1524
3525 1239
3526 1262
3527 1236
3528 1267
3529 3299
3530 1776
3531 1381
3532 1832
3533 1262
3534 1103
3535 1377
3536 1103
3537 1139
3538 1262
3539 1193
3540 1236
3541 1776
3542 3477
3543 1274
3544 1239
3545 1735
3546 1891
3547 1874
3548 1806
3549 3945
3550 3581
3551 527
3552 1912
3553 1874
3554 3012
3555 1685
3556 1580
3557 3330
3558 1580
3559 527
3560 3777
3561 3589
3562 3841
3563 2082
3564 3736
3565 3841
3566 3841
3567 2857
3568 3630
3569 3841
3570 3569
3571 3630
3572 3581
3573 3582
3574 3409
3575 3409
3576 2334
3577 3945
3578 1806
3579 1839
3580 3013
3581 2786
3582 3777
3583 527
3584 1687
3585 2856
3586 3841
3587 3833
3588 2857
3589 3745
3590 3578
3591 2859
3592 1736
3593 2859
3594 3281
3595 2430
3596 1736
3597 2431
3598 3281
3599 3281
3600 2560
3601 2431
3602 2859
3603 3708
3604 3708
3605 2430
3606 3578
3607 2858
3608 2858
3609 2858
3610 3578
3611 3758
3612 3736
3613 1602
3614 2856
3615 3581
3616 510
3617 3906
3618 1666
3619 1668
3620 3012
3621 1685
3622 3008
3623 3204
3624 3376
3625 2943
3626 2943
3627 2558
3628 2943
3629 3081
3630 2558
3631 3376
3632 504
3633 3081
3634 3081
3635 2943
3636 3054
3637 3552
3638 1736
3639 1736
3640 2559
3641 3081
3642 504
3643 2787
3644 2786
3645 2788
3646 3204
3647 2788
3648 3376
3649 2788
3650 3008
3651 3008
3652 3329
3653 1912
3654 1641
3655 1641
3656 1641
3657 1641
3658 1641
3659 385
3660 385
3661 1485
3662 1485
3663 1484
3664 1457
3665 1459
3666 1412
3667 1662
3668 1672
3669 293
3670 253
3671 1639
3672 202
3673 1639
3674 1639
3675 1639
3676 1639
3677 1709
3678 253
3679 1639
3680 1412
3681 1412
3682 1456
3683 1484
3684 1579
3685 635
3686 476
3687 472
3688 546
3689 1615
3690 1688
3691 1688
3692 1688
3693 1657
3694 1689
3695 1413
3696 1458
3697 1458
3698 1790
3699 3699
3700 3412
3701 1590
3702 2911
3703 1590
3704 2844
3705 2843
3706 2711
3707 1573
3708 1657
3709 1686
3710 1686
3711 1586
3712 1686
3713 3600
3714 1591
3715 1790
3716 1615
3717 1925
3718 1412
3719 1412
3720 150
3721 654
3722 633
3723 1412
3724 1715
3725 476
3726 1485
3727 1688
3728 1689
3729 1688
3730 1790
3731 3699
3732 1458
3733 3746
3734 2542
3735 1863
3736 3795
3737 3795
3738 2712
3739 2844
3740 2843
3741 1651
3742 2972
3743 1458
3744 2844
3745 2911
3746 505
3747 1590
3748 3698
3749 2431
3750 3281
3751 3281
3752 3281
3753 3698
3754 4463
3755 2431
3756 3698
3757 4463
3758 4287
3759 2542
3760 2542
3761 2542
3762 3698
3763 3746
3764 2542
3765 2431
3766 2431
3767 3746
3768 4057
3769 1863
3770 505
3771 3281
3772 2431
3773 4057
3774 4231
3775 2716
3776 4231
3777 4230
3778 4230
3779 4226
3780 4366
3781 3932
3782 1657
3783 1651
3784 2688
3785 2843
3786 2911
3787 1794
3788 2911
3789 1794
3790 2688
3791 1680
3792 1680
3793 1680
3794 2688
3795 2843
3796 2911
3797 1794
3798 505
3799 505
3800 505
3801 505
3802 999
3803 504
3804 504
3805 1794
3806 2911
3807 1586
3808 1680
3809 1657
3810 1657
3811 254
3812 8
3813 1639
3814 1686
3815 1540
3816 384
3817 1760
3818 1278
3819 1278
3820 1856
3821 711
3822 1278
3823 1442
3824 1278
3825 1331
3826 2600
3827 2600
3828 570
3829 570
3830 1466
3831 2025
3832 2488
3833 3006
3834 2597
3835 3067
3836 1756
3837 1953
3838 1895
3839 1895
3840 355
3841 355
3842 354
3843 1556
3844 296
3845 1824
3846 1867
3847 1784
3848 1919
3849 1824
3850 1867
3851 297
3852 297
3853 354
3854 1745
3855 410
3856 1953
3857 2208
3858 410
3859 1953
3860 1611
3861 296
3862 1919
3863 1784
3864 1784
3865 1974
3866 1784
3867 1784
3868 1722
3869 1974
3870 1938
3871 2225
3872 2225
3873 1917
3874 1917
3875 1785
3876 1938
3877 1785
3878 1974
3879 1722
3880 1784
3881 1974
3882 1722
3883 1785
3884 1917
3885 1415
3886 1415
3887 1415
3888 297
3889 1919
3890 1919
3891 296
3892 1867
3893 1916
3894 1974
3895 1938
3896 2225
3897 2225
3898 1917
3899 1785
3900 1974
3901 1916
3902 1974
3903 1722
3904 1916
3905 1867
3906 1919
3907 1867
3908 1415
3909 1848
3910 1953
3911 2222
3912 2241
3913 2687
3914 2854
3915 2854
3916 2896
3917 2896
3918 2363
3919 3501
3920 1281
3921 1281
3922 4144
3923 1281
3924 4144
3925 2222
3926 1281
3927 3501
3928 2247
3929 394
3930 3375
3931 3989
3932 1867
3933 1784
3934 1919
3935 1785
3936 1785
3937 2225
3938 1917
3939 2225
3940 1785
3941 2225
3942 1917
3943 2314
3944 1917
3945 1714
3946 2314
3947 1868
3948 1714
3949 1775
3950 1774
3951 1176
3952 1825
3953 1774
3954 1560
3955 1176
3956 1176
3957 1176
3958 1868
3959 1825
3960 1176
3961 1868
3962 1917
3963 1714
3964 2314
3965 2314
3966 1714
3967 1714
3968 1775
3969 1176
3970 1774
3971 1774
3972 1825
3973 2314
3974 530
3975 1784
3976 276
3977 3941
3978 398
3979 3886
3980 4529
3981 4205
3982 96
3983 3882
3984 4727
3985 4801
3986 3908
3987 4801
3988 4788
3989 3992
3990 1134
3991 1136
3992 1063
3993 1136
3994 893
3995 893
3996 1229
3997 5193
3998 941
3999 949
4000 5193
4001 1096
4002 5193
4003 893
4004 926
4005 1052
4006 5193
4007 5193
4008 1068
4009 1260
4010 1068
4011 1260
4012 1300
4013 1300
4014 1260
4015 896
4016 896
4017 943
4018 1136
4019 949
4020 1183
4021 988
4022 1063
4023 1136
4024 1136
4025 943
4026 1136
4027 1095
4028 1260
4029 1068
4030 928
4031 5193
4032 1068
4033 1300
4034 1300
4035 1300
4036 1300
4037 1300
4038 894
4039 941
4040 1183
4041 1063
4042 1136
4043 950
4044 896
4045 1136
4046 943
4047 943
4048 943
4049 3392
4050 1136
4051 1063
4052 1136
4053 1183
4054 894
4055 894
4056 1063
4057 1136
4058 1095
4059 1136
4060 896
4061 893
4062 941
4063 1183
4064 1095
4065 1136
4066 950
4067 1183
4068 894
4069 1136
4070 943
4071 943
4072 943
4073 943
4074 1063
4075 941
4076 894
4077 5193
4078 1096
4079 1300
4080 1300
4081 1260
4082 1068
4083 5193
4084 1423
4085 1229
4086 894
4087 5193
4088 1096
4089 5193
4090 893
4091 926
4092 1096
4093 941
4094 894
4095 988
4096 1007
4097 894
4098 1095
4099 894
4100 1063
4101 1183
4102 943
4103 4021
4104 3785
4105 1095
4106 1136
4107 943
4108 1136
4109 1095
4110 988
4111 1095
4112 1229
4113 1068
4114 1096
4115 5193
4116 1229
4117 949
4118 941
4119 949
4120 5193
4121 5193
4122 941
4123 894
4124 896
4125 894
4126 1095
4127 896
4128 1260
4129 1300
4130 1260
4131 1052
4132 1067
4133 1096
4134 1260
4135 1260
4136 949
4137 893
4138 988
4139 1095
4140 1606
4141 1606
4142 926
4143 1423
4144 1423
4145 895
4146 941
4147 935
4148 1095
4149 896
4150 1685
4151 2786
4152 2943
4153 2559
4154 3081
4155 504
4156 504
4157 504
4158 1679
4159 2559
4160 1736
4161 3281
4162 3281
4163 505
4164 504
4165 505
4166 505
4167 505
4168 505
4169 505
4170 504
4171 504
4172 3081
4173 2581
4174 2943
4175 3376
4176 2558
4177 1435
4178 1715
4179 1790
4180 1617
4181 4355
4182 1617
4183 3515
4184 3515
4185 3392
4186 943
4187 4060
4188 943
4189 3992
4190 3992
4191 3515
4192 3992
4193 943
4194 943
4195 943
4196 2225
4197 1917
4198 1938
4199 5193
4200 1068
4201 1260
4202 1300
4203 1300
4204 1260
4205 1300
4206 1260
4207 1260
4208 1300
4209 1300
4210 3589
4211 3578
4212 3500
4213 2430
4214 2560
4215 2560
4216 2430
4217 2560
4218 2560
4219 2430
4220 505
4221 2430
4222 504
4223 504
4224 505
4225 505
4226 3281
4227 2097
4228 2097
4229 4253
4230 2264
4231 2715
4232 1748
4233 1863
4234 1587
4235 2712
4236 505
4237 4057
4238 3932
4239 3281
4240 4276
4241 3703
4242 4195
4243 4276
4244 368
4245 425
4246 368
4247 655
4248 657
4249 378
4250 1277
4251 1467
4252 1277
4253 1467
4254 1467
4255 1494
4256 1494
4257 1467
4258 1335
4259 2460
4260 2460
4261 1859
4262 2460
4263 1494
4264 1804
4265 1859
4266 2460
4267 1804
4268 2460
4269 2460
4270 3265
4271 2588
4272 1859
4273 1410
4274 2460
4275 1801
4276 1801
4277 1800
4278 2460
4279 3072
4280 1859
4281 2460
4282 2460
4283 1494
4284 383
4285 1410
4286 1763
4287 383
4288 3266
4289 1804
4290 2460
4291 1804
4292 2460
4293 383
4294 1760
4295 1760
4296 1760
4297 2460
4298 1763
4299 2079
4300 1760
4301 792
4302 1763
4303 2425
4304 2425
4305 2600
4306 383
4307 2391
4308 2596
4309 3513
4310 386
4311 2588
4312 3265
4313 3072
4314 2588
4315 3266
4316 3266
4317 386
4318 1802
4319 3072
4320 1802
4321 2987
4322 3019
4323 3072
4324 3019
4325 3019
4326 3072
4327 3467
4328 3467
4329 1456
4330 1405
4331 1406
4332 1456
4333 384
4334 3225
4335 3467
4336 1800
4337 1801
4338 1801
4339 1801
4340 2588
4341 1801
4342 654
4343 203
4344 1661
4345 5010
4346 1195
4347 1661
4348 5010
4349 5010
4350 5010
4351 5010
4352 491
4353 491
4354 1456
4355 2831
4356 2574
4357 2831
4358 2292
4359 2831
4360 2439
4361 2439
4362 2439
4363 1515
4364 1606
4365 1474
4366 1774
4367 1606
4368 2312
4369 2312
4370 2312
4371 1606
4372 1855
4373 1805
4374 1606
4375 1606
4376 1855
4377 1774
4378 1774
4379 1775
4380 1825
4381 1825
4382 1542
4383 1511
4384 1825
4385 2314
4386 1714
4387 1714
4388 2314
4389 1868
4390 1176
4391 1775
4392 1775
4393 1560
4394 1176
4395 1176
4396 1805
4397 1606
4398 1474
4399 2025
4400 1641
4401 1641
4402 1641
4403 1641
4404 1641
4405 1641
4406 1641
4407 1641
4408 1641
4409 1641
4410 1582
4411 1173
4412 5009
4413 736
4414 1583
4415 2350
4416 2096
4417 2506
4418 2350
4419 2350
4420 771
4421 1256
4422 1558
4423 1023
4424 1508
4425 1025
4426 1019
4427 1025
4428 5012
4429 1188
4430 1608
4431 1569
4432 1433
4433 1534
4434 5010
4435 1003
4436 212
4437 1539
4438 1508
4439 809
4440 1532
4441 844
4442 1641
4443 1582
4444 491
4445 1583
4446 1583
4447 5012
4448 1683
4449 1582
4450 1641
4451 1641
4452 1774
4453 1855
4454 1855
4455 1774
4456 1774
4457 1805
4458 1430
4459 1431
4460 1430
4461 212
4462 212
4463 1431
4464 213
4465 1431
4466 212
4467 212
4468 212
4469 212
4470 212
4471 704
4472 1430
4473 1405
4474 1579
4475 3941
4476 276
4477 95
4478 398
4479 398
4480 276
4481 96
4482 276
4483 276
4484 276
4485 398
4486 276
4487 276
4488 3562
4489 3508
4490 276
4491 3941
4492 398
4493 276
4494 434
4495 398
4496 1335
4497 657
4498 657
4499 378
4500 3356
4501 2588
4502 3266
4503 1800
4504 1801
4505 1774
4506 1825
4507 1845
4508 1606
4509 1845
4510 1855
4511 1845
4512 1818
4513 1867
4514 1938
4515 1974
4516 530
4517 1785
4518 1785
4519 2225
4520 2225
4521 2314
4522 2314
4523 1775
4524 2407
4525 1723
4526 1723
4527 501
4528 1549
4529 1550
4530 1442
4531 384
4532 3882
4533 384
4534 1466
4535 1333
4536 2079
4537 1859
4538 1540
4539 1510
4540 1551
4541 1707
4542 3266
4543 1783
4544 1804
4545 1729
4546 1552
4547 1540
4548 1549
4549 385
4550 378
4551 1334
4552 1442
4553 1442
4554 3328
4555 1474
4556 1278
4557 1442
4558 1278
4559 1278
4560 1474
4561 385
4562 385
4563 384
4564 1442
4565 1474
4566 1474
4567 1442
4568 1459
4569 351
4570 1459
4571 1333
4572 743
4573 1515
4574 209
4575 1278
4576 654
4577 208
4578 208
4579 633
4580 351
4581 208
4582 1639
4583 1756
4584 2539
4585 2313
4586 2545
4587 3989
4588 2541
4589 3783
4590 3783
4591 2313
4592 2545
4593 3604
4594 503
4595 2545
4596 2208
4597 2313
4598 2313
4599 503
4600 2545
4601 1694
4602 2313
4603 2719
4604 1281
4605 2719
4606 503
4607 2312
4608 1606
4609 1845
4610 1774
4611 1774
4612 1774
4613 1855
4614 1855
4615 1845
4616 3992
4617 3392
4618 2439
4619 3392
4620 3392
4621 3392
4622 4019
4623 3515
4624 3992
4625 3515
4626 3515
4627 3515
4628 3515
4629 3392
4630 1134
4631 4019
4632 3992
4633 4019
4634 4019
4635 3515
4636 3515
4637 4019
4638 3392
4639 3515
4640 3515
4641 3992
4642 3515
4643 3992
4644 3992
4645 3464
4646 4021
4647 4019
4648 3464
4649 2292
4650 2830
4651 3464
4652 2831
4653 4019
4654 1855
4655 1606
4656 1855
4657 1845
4658 1845
4659 1606
4660 1606
4661 1606
4662 1606
4663 2312
4664 2292
4665 2312
4666 4019
4667 2831
4668 2439
4669 2439
4670 2292
4671 2831
4672 3464
4673 2831
4674 4019
4675 2292
4676 4019
4677 4019
4678 2831
4679 2439
4680 2292
4681 2292
4682 2831
4683 2439
4684 2831
4685 4021
4686 4164
4687 4164
4688 2831
4689 4019
4690 3464
4691 3785
4692 2831
4693 3464
4694 2439
4695 2292
4696 2439
4697 2439
4698 2831
4699 2831
4700 2830
4701 2831
4702 1176
4703 276
4704 276
4705 3941
4706 398
4707 1560
4708 368
4709 572
4710 378
4711 1335
4712 1033
4713 710
4714 1638
4715 710
4716 1638
4717 1638
4718 1033
4719 1638
4720 1585
4721 1638
4722 1718
4723 502
4724 1638
4725 1759
4726 1733
4727 1733
4728 655
4729 657
4730 655
4731 657
4732 378
4733 1334
4734 1467
4735 1467
4736 1466
4737 1277
4738 1332
4739 570
4740 1856
4741 1335
4742 1277
4743 1335
4744 1332
4745 1494
4746 1760
4747 2263
4748 1332
4749 1760
4750 1760
4751 611
4752 1733
4753 1279
4754 1523
4755 1856
4756 1760
4757 1902
4758 1902
4759 502
4760 502
4761 1718
4762 503
4763 2208
4764 503
4765 2313
4766 2425
4767 2468
4768 2024
4769 1902
4770 1902
4771 1759
4772 1759
4773 501
4774 3783
4775 3783
4776 1279
4777 2544
4778 1902
4779 503
4780 1279
4781 503
4782 2545
4783 561
4784 2208
4785 2545
4786 2313
4787 2208
4788 1759
4789 2313
4790 503
4791 2544
4792 3783
4793 2507
4794 2222
4795 2507
4796 877
4797 2222
4798 93
4799 357
4800 2351
4801 2392
4802 2351
4803 2536
4804 2536
4805 413
4806 4552
4807 4847
4808 4847
4809 4801
4810 4788
4811 4801
4812 2536
4813 2896
4814 2449
4815 2508
4816 2351
4817 2557
4818 2805
4819 2509
4820 2580
4821 3783
4822 2351
4823 3783
4824 2241
4825 2222
4826 2222
4827 2222
4828 871
4829 2449
4830 2557
4831 2854
4832 2508
4833 3053
4834 2896
4835 2580
4836 4529
4837 4847
4838 5180
4839 4143
4840 3691
4841 6
4842 3948
4843 3703
4844 4276
4845 398
4846 276
4847 96
4848 3882
4849 276
4850 276
4851 3760
4852 398
4853 398
4854 398
4855 96
4856 4847
4857 4302
4858 3840
4859 2449
4860 4547
4861 4552
4862 4552
4863 2536
4864 357
4865 5203
4866 5203
4867 5203
4868 5203
4869 5180
4870 2929
4871 2449
4872 2449
4873 2427
4874 2886
4875 2371
4876 2371
4877 2508
4878 2886
4879 2508
4880 414
4881 2449
4882 871
4883 2427
4884 4547
4885 2427
4886 4474
4887 4547
4888 2142
4889 2449
4890 4552
4891 2536
4892 3976
4893 4008
4894 4761
4895 5203
4896 5203
4897 2144
4898 3626
4899 3826
4900 3579
4901 2120
4902 4547
4903 4547
4904 4546
4905 4547
4906 2475
4907 2475
4908 4205
4909 4220
4910 4205
4911 414
4912 398
4913 96
4914 398
4915 96
4916 96
4917 96
4918 398
4919 398
4920 3177
4921 357
4922 3508
4923 3508
4924 3508
4925 3732
4926 2929
4927 2201
4928 2486
4929 3517
4930 2536
4931 3517
4932 3162
4933 2449
4934 4474
4935 2475
4936 4474
4937 4420
4938 2929
4939 2427
4940 4474
4941 4532
4942 4474
4943 4528
4944 4195
4945 3908
4946 6
4947 3695
4948 4801
4949 4801
4950 3728
4951 3818
4952 2736
4953 3160
4954 4267
4955 4195
4956 4267
4957 6
4958 4276
4959 4143
4960 368
4961 368
4962 3691
4963 4007
4964 425
4965 425
4966 368
4967 368
4968 368
4969 368
4970 368
4971 3703
4972 4195
4973 3703
4974 4220
4975 368
4976 425
4977 4267
4978 3437
4979 4007
4980 4220
4981 4219
4982 3976
4983 4220
4984 4220
4985 425
4986 3703
4987 3703
4988 4276
4989 3948
4990 425
4991 4195
4992 3948
4993 3948
4994 4143
4995 6
4996 4195
4997 3703
4998 3157
4999 3160
5000 3452
5001 3157
5002 3976
5003 2475
5004 2475
5005 2536
5006 2536
5007 2536
5008 3437
5009 3437
5010 4209
5011 4210
5012 3440
5013 4208
5014 4113
5015 3563
5016 3562
5017 3562
5018 3509
5019 2628
5020 2734
5021 357
5022 95
5023 357
5024 357
5025 93
5026 357
5027 357
5028 357
5029 87
5030 93
5031 87
5032 87
5033 93
5034 357
5035 357
5036 357
5037 357
5038 93
5039 93
5040 93
5041 93
5042 93
5043 93
5044 368
5045 425
5046 425
5047 368
5048 425
5049 3976
5050 3691
5051 4220
5052 3976
5053 4276
5054 425
5055 6
5056 425
5057 3703
5058 4143
5059 368
5060 6
5061 6
5062 368
5063 368
5064 425
5065 425
5066 425
5067 425
5068 425
5069 368
5070 4276
5071 368
5072 6
5073 4143
5074 3703
5075 4142
5076 4056
5077 4056
5078 17
5079 398
5080 398
5081 3985
5082 17
5083 357
5084 2536
5085 3922
5086 3437
5087 3437
5088 3437
5089 3437
5090 3437
5091 3437
5092 3437
5093 3437
5094 2475
5095 2536
5096 414
5097 334
5098 425
5099 2536
5100 368
5101 2536
5102 3922
5103 4219
5104 2475
5105 3909
5106 344
5107 3510
5108 3690
5109 3703
5110 3691
5111 4007
5112 3976
5113 4195
5114 3157
5115 2536
5116 4219
5117 291
5118 304
5119 1415
5120 4195
5121 2625
5122 304
5123 188
5124 3985
5125 4948
5126 87
5127 330
5128 330
5129 87
5130 87
5131 87
5132 94
5133 160
5134 83
5135 87
5136 93
5137 256
5138 357
5139 357
5140 3177
5141 357
5142 357
5143 357
5144 357
5145 444
5146 348
5147 357
5148 357
5149 348
5150 357
5151 256
5152 93
5153 93
5154 330
5155 95
5156 330
5157 5203
5158 5203
5159 3177
5160 5203
5161 3177
5162 5203
5163 5180
5164 3177
5165 4142
5166 4170
5167 5185
5168 3982
5169 3948
5170 425
5171 425
5172 4276
5173 425
5174 3948
5175 309
5176 3659
5177 414
5178 4
5179 3749
5180 4788
5181 398
5182 4
5183 273
5184 4
5185 273
5186 368
5187 3315
5188 3315
5189 3315
5190 1583
5191 1641
5192 1641
5193 657
5194 655
5195 3315
5196 1641
5197 1641
5198 1641
5199 657
5200 1674
5201 1641
5202 1641
5203 657
