0 47
1 57
2 2
3 9
4 9
5 58
6 26
7 171
8 532
9 946
10 260
11 615
12 2480
13 2480
14 161
15 21
16 21
17 161
18 21
19 90
20 118
21 85
22 2546
23 87
24 91
25 90
26 2546
27 87
28 85
29 0
30 0
31 0
32 0
33 95
34 133
35 133
36 0
37 0
38 90
39 161
40 161
41 85
42 85
43 87
44 122
45 58
46 537
47 2593
48 1692
49 252
50 532
51 171
52 26
53 148
54 18
55 18
56 90
57 91
58 21
59 90
60 87
61 85
62 0
63 0
64 133
65 95
66 133
67 87
68 87
69 90
70 161
71 47
72 84
73 180
74 8
75 90
76 976
77 97
78 91
79 87
80 90
81 84
82 2
83 2
84 18
85 148
86 85
87 0
88 133
89 133
90 0
91 87
92 87
93 2546
94 87
95 85
96 161
97 90
98 91
99 87
100 90
101 161
102 161
103 2546
104 0
105 133
106 133
107 95
108 0
109 0
110 83
111 57
112 161
113 85
114 128
115 90
116 2546
117 0
118 85
119 0
120 0
121 84
122 170
123 18
124 148
125 902
126 896
127 957
128 927
129 262
130 1503
131 1497
132 1612
133 1612
134 2628
135 2628
136 957
137 957
138 927
139 896
140 0
141 165
142 85
143 21
144 47
145 57
146 9
147 18
148 1598
149 85
150 85
151 0
152 84
153 18
154 2
155 1
156 1
157 0
158 0
159 0
160 133
161 95
162 95
163 94
164 133
165 133
166 2546
167 95
168 95
169 95
170 95
171 95
172 95
173 57
174 97
175 9
176 9
177 9
178 9
179 0
180 0
181 133
182 0
183 58
184 84
185 148
186 537
187 1689
188 260
189 1687
190 902
191 896
192 957
193 953
194 1668
195 1668
196 2481
197 1668
198 1667
199 1667
200 2633
201 2632
202 5181
203 508
204 508
205 527
206 2633
207 5159
208 2617
209 697
210 624
211 902
212 1694
213 2617
214 58
215 2522
216 1687
217 896
218 1667
219 1667
220 85
221 85
222 0
223 1
224 148
225 90
226 18
227 148
228 1693
229 133
230 2522
231 2593
232 1688
233 148
234 731
235 90
236 90
237 90
238 87
239 170
240 2522
241 84
242 0
243 0
244 0
245 90
246 2593
247 2593
248 1694
249 1694
250 537
251 252
252 252
253 533
254 85
255 122
256 1689
257 1687
258 902
259 927
260 262
261 1693
262 260
263 133
264 1
265 1694
266 1688
267 1598
268 2546
269 897
270 98
271 180
272 138
273 180
274 170
275 87
276 1688
277 87
278 95
279 21
280 9
281 133
282 2593
283 95
284 83
285 0
286 171
287 1598
288 2578
289 897
290 1693
291 940
292 84
293 896
294 896
295 957
296 957
297 0
298 133
299 133
300 133
301 133
302 138
303 902
304 896
305 9
306 169
307 537
308 537
309 532
310 537
311 0
312 0
313 171
314 12
315 901
316 927
317 544
318 95
319 0
320 0
321 87
322 128
323 118
324 91
325 90
326 128
327 87
328 91
329 71
330 138
331 47
332 260
333 1463
334 148
335 896
336 953
337 2522
338 533
339 532
340 896
341 8
342 170
343 148
344 170
345 1598
346 537
347 902
348 91
349 161
350 90
351 90
352 18
353 9
354 957
355 957
356 84
357 148
358 957
359 128
360 85
361 85
362 133
363 87
364 1694
365 952
366 85
367 87
368 85
369 1598
370 896
371 1598
372 537
373 957
374 94
375 95
376 1667
377 957
378 2480
379 2617
380 2579
381 2579
382 281
383 2607
384 2607
385 2607
386 2607
387 2607
388 2608
389 1657
390 1624
391 4173
392 3145
393 4068
394 1897
395 4438
396 1580
397 4434
398 1136
399 1009
400 1584
401 1081
402 1011
403 1587
404 4193
405 4305
406 1569
407 999
408 87
409 97
410 168
411 884
412 927
413 95
414 928
415 957
416 953
417 927
418 1611
419 2617
420 2570
421 1743
422 2618
423 1473
424 1473
425 262
426 2624
427 170
428 171
429 9
430 171
431 1598
432 90
433 0
434 133
435 148
436 262
437 1598
438 927
439 133
440 133
441 262
442 87
443 71
444 2588
445 95
446 262
447 2546
448 1687
449 2594
450 957
451 697
452 944
453 0
454 21
455 0
456 85
457 2628
458 2628
459 133
460 95
461 133
462 532
463 133
464 133
465 85
466 133
467 85
468 262
469 1503
470 1497
471 262
472 2570
473 1743
474 1520
475 5181
476 1473
477 2595
478 1611
479 252
480 252
481 887
482 1490
483 1611
484 1611
485 1667
486 2628
487 899
488 262
489 927
490 1668
491 887
492 2594
493 2624
494 947
495 947
496 1667
497 1667
498 1611
499 5159
500 2596
501 5161
502 2442
503 5185
504 2636
505 2616
506 606
507 2616
508 2616
509 479
510 2569
511 609
512 683
513 259
514 874
515 1884
516 310
517 1757
518 4942
519 4962
520 3368
521 4925
522 3142
523 2992
524 3213
525 2487
526 358
527 1806
528 3675
529 356
530 1780
531 334
532 633
533 518
534 4348
535 4338
536 710
537 3094
538 1497
539 1668
540 1667
541 899
542 1668
543 1667
544 1667
545 1668
546 2570
547 2617
548 1668
549 1668
550 2628
551 1612
552 1667
553 2617
554 1667
555 2480
556 2633
557 2579
558 1497
559 2633
560 1497
561 2480
562 1611
563 1667
564 2617
565 1611
566 2480
567 1635
568 1635
569 1635
570 1496
571 1635
572 1522
573 1635
574 272
575 2633
576 2480
577 2533
578 1472
579 1635
580 2598
581 2617
582 1635
583 1743
584 1501
585 5181
586 4079
587 2583
588 1491
589 2608
590 2480
591 2020
592 2020
593 5078
594 2020
595 2020
596 5078
597 2020
598 2020
599 2020
600 2020
601 2020
602 2020
603 2020
604 2020
605 2020
606 2020
607 2080
608 2029
609 2041
610 1990
611 2305
612 2303
613 2303
614 2303
615 2248
616 2250
617 2261
618 2272
619 2176
620 2179
621 2119
622 2169
623 2191
624 2168
625 2328
626 2229
627 2119
628 2232
629 2237
630 2173
631 2020
632 5078
633 5078
634 2020
635 2020
636 2020
637 2020
638 2020
639 2020
640 2020
641 2020
642 2020
643 2020
644 2020
645 2020
646 2020
647 2020
648 2020
649 2020
650 2617
651 1635
652 2020
653 2020
654 2020
655 2020
656 2020
657 2020
658 2020
659 2080
660 2087
661 2023
662 2291
663 2020
664 2020
665 2020
666 2020
667 2020
668 1985
669 2126
670 2150
671 2020
672 2020
673 2020
674 2020
675 2020
676 2029
677 2088
678 2303
679 2154
680 2158
681 2193
682 2617
683 1500
684 1612
685 1473
686 1479
687 814
688 589
689 742
690 1521
691 2020
692 2020
693 2020
694 1743
695 2020
696 5078
697 2020
698 2617
699 2618
700 2020
701 1472
702 2020
703 2049
704 1989
705 2020
706 2020
707 2026
708 2020
709 1520
710 2617
711 1501
712 1491
713 2607
714 2020
715 2020
716 2020
717 5078
718 2020
719 5078
720 2020
721 2020
722 2020
723 2020
724 2020
725 2020
726 2020
727 2020
728 2617
729 2020
730 2020
731 2020
732 2020
733 1983
734 2306
735 2305
736 2130
737 2020
738 2020
739 2020
740 2020
741 2072
742 2072
743 2072
744 2072
745 2072
746 2072
747 2020
748 1958
749 2020
750 2020
751 2597
752 2618
753 2633
754 1472
755 5159
756 2633
757 1473
758 508
759 508
760 1492
761 2596
762 5181
763 2537
764 1746
765 555
766 499
767 2636
768 5159
769 1473
770 1521
771 2583
772 281
773 2607
774 2617
775 1989
776 2042
777 2088
778 1743
779 1645
780 1645
781 1612
782 2020
783 2020
784 1473
785 1473
786 1990
787 2020
788 2020
789 2072
790 2020
791 2020
792 2020
793 2020
794 2072
795 2072
796 2072
797 1520
798 2609
799 286
800 1473
801 2020
802 1989
803 1990
804 2305
805 2633
806 1473
807 2572
808 2307
809 2307
810 2617
811 2020
812 2020
813 2020
814 5159
815 2126
816 2072
817 1520
818 1520
819 507
820 2072
821 2020
822 2072
823 2020
824 2020
825 1477
826 1473
827 2020
828 1962
829 2141
830 2256
831 2269
832 2160
833 2152
834 2130
835 1473
836 1482
837 796
838 781
839 4290
840 2072
841 2072
842 2072
843 2072
844 2072
845 5161
846 2619
847 702
848 2311
849 702
850 2618
851 2072
852 2072
853 2072
854 2619
855 542
856 2151
857 2150
858 2303
859 2072
860 2072
861 2141
862 2633
863 589
864 4079
865 280
866 1477
867 1966
868 2068
869 1966
870 2000
871 1976
872 2287
873 2059
874 2040
875 2020
876 2253
877 2072
878 589
879 1520
880 2125
881 2303
882 2209
883 2131
884 2318
885 2285
886 5181
887 286
888 609
889 505
890 5064
891 4089
892 796
893 258
894 1747
895 4295
896 2925
897 782
898 589
899 589
900 2129
901 589
902 814
903 3455
904 3398
905 2131
906 2072
907 2072
908 2072
909 2072
910 2213
911 2131
912 2131
913 2211
914 2156
915 589
916 2150
917 2152
918 2072
919 2072
920 2072
921 596
922 4288
923 2152
924 508
925 1725
926 1727
927 1727
928 1727
929 1727
930 2607
931 1727
932 2607
933 2607
934 2616
935 1525
936 1492
937 2154
938 2158
939 2190
940 2152
941 2442
942 614
943 796
944 3410
945 3396
946 3396
947 3401
948 3567
949 4051
950 4277
951 772
952 826
953 4263
954 3457
955 3420
956 4274
957 5017
958 3521
959 1716
960 4122
961 4117
962 828
963 2072
964 2072
965 2261
966 2268
967 2152
968 2211
969 2209
970 2212
971 2212
972 2248
973 2072
974 2160
975 2118
976 2118
977 2118
978 2119
979 2327
980 2227
981 2169
982 2118
983 2118
984 2214
985 2110
986 2093
987 2120
988 2281
989 2110
990 2120
991 1943
992 2095
993 2505
994 1939
995 2098
996 436
997 437
998 662
999 416
1000 403
1001 373
1002 391
1003 371
1004 716
1005 2463
1006 2117
1007 2504
1008 1948
1009 2505
1010 2109
1011 2191
1012 2168
1013 2192
1014 2168
1015 2328
1016 2168
1017 2191
1018 2109
1019 2109
1020 2320
1021 2115
1022 2110
1023 2110
1024 2109
1025 2119
1026 2118
1027 2119
1028 2189
1029 2184
1030 2175
1031 2180
1032 2170
1033 2227
1034 2328
1035 2110
1036 1953
1037 1946
1038 2507
1039 2193
1040 703
1041 2112
1042 2120
1043 2331
1044 2120
1045 2226
1046 2229
1047 2118
1048 2162
1049 2162
1050 2596
1051 1727
1052 1520
1053 2110
1054 1939
1055 2093
1056 2120
1057 2091
1058 2098
1059 1934
1060 2091
1061 2092
1062 2091
1063 2100
1064 1147
1065 1147
1066 1851
1067 1827
1068 658
1069 1857
1070 1861
1071 720
1072 1813
1073 654
1074 425
1075 1852
1076 655
1077 655
1078 417
1079 2228
1080 2117
1081 2212
1082 2211
1083 1746
1084 5181
1085 779
1086 2120
1087 2091
1088 2099
1089 2096
1090 1936
1091 1936
1092 431
1093 1934
1094 2095
1095 2620
1096 5161
1097 1939
1098 2304
1099 2147
1100 2244
1101 2510
1102 2114
1103 2229
1104 2226
1105 2156
1106 1976
1107 2023
1108 2072
1109 1976
1110 1976
1111 2023
1112 2023
1113 2023
1114 2023
1115 2023
1116 2023
1117 5158
1118 4289
1119 2092
1120 2091
1121 814
1122 596
1123 797
1124 3396
1125 2215
1126 2218
1127 2166
1128 1939
1129 2120
1130 2109
1131 1491
1132 2141
1133 2283
1134 1939
1135 2106
1136 2109
1137 2259
1138 2228
1139 2226
1140 542
1141 1482
1142 1482
1143 2113
1144 1956
1145 1955
1146 1946
1147 2320
1148 2179
1149 2508
1150 2122
1151 2168
1152 2191
1153 2190
1154 2214
1155 2152
1156 2251
1157 2093
1158 2226
1159 2620
1160 2512
1161 814
1162 2189
1163 2190
1164 2167
1165 2211
1166 2023
1167 2023
1168 1965
1169 2292
1170 2145
1171 2259
1172 2509
1173 2101
1174 1147
1175 2120
1176 2226
1177 2191
1178 2077
1179 2100
1180 435
1181 2100
1182 435
1183 1852
1184 2120
1185 2093
1186 2092
1187 281
1188 2515
1189 2250
1190 1954
1191 1948
1192 1839
1193 654
1194 1115
1195 1840
1196 3907
1197 3907
1198 458
1199 398
1200 2389
1201 2373
1202 582
1203 2495
1204 1180
1205 2464
1206 449
1207 447
1208 713
1209 462
1210 2996
1211 4915
1212 3015
1213 4892
1214 4923
1215 4893
1216 4345
1217 4341
1218 2458
1219 712
1220 2461
1221 1840
1222 464
1223 1839
1224 3907
1225 2183
1226 2091
1227 1932
1228 781
1229 2228
1230 2121
1231 2092
1232 3842
1233 2256
1234 2138
1235 2283
1236 1382
1237 1830
1238 464
1239 458
1240 2373
1241 412
1242 2141
1243 2261
1244 2261
1245 2250
1246 2250
1247 2100
1248 2100
1249 1934
1250 1482
1251 2176
1252 2179
1253 2237
1254 2232
1255 2180
1256 2175
1257 2175
1258 1147
1259 435
1260 2101
1261 464
1262 3907
1263 1830
1264 2100
1265 3904
1266 2370
1267 1789
1268 1839
1269 1840
1270 2092
1271 2176
1272 2175
1273 2180
1274 2100
1275 2119
1276 437
1277 438
1278 436
1279 814
1280 814
1281 1147
1282 3774
1283 3666
1284 3618
1285 3618
1286 640
1287 3672
1288 3695
1289 3842
1290 3904
1291 3901
1292 473
1293 1839
1294 3898
1295 3904
1296 3695
1297 640
1298 1147
1299 2114
1300 464
1301 2098
1302 2327
1303 2251
1304 3774
1305 417
1306 654
1307 2330
1308 2510
1309 2252
1310 2269
1311 2267
1312 2269
1313 2251
1314 435
1315 435
1316 2270
1317 2213
1318 2213
1319 2214
1320 1852
1321 3837
1322 1951
1323 655
1324 1852
1325 3696
1326 2213
1327 2515
1328 2277
1329 2442
1330 2171
1331 1840
1332 1839
1333 1864
1334 417
1335 2253
1336 2100
1337 3904
1338 781
1339 3980
1340 2259
1341 2250
1342 2269
1343 662
1344 2269
1345 298
1346 2233
1347 2250
1348 3672
1349 2372
1350 2607
1351 1147
1352 2091
1353 596
1354 2569
1355 2181
1356 415
1357 1816
1358 435
1359 3696
1360 2600
1361 507
1362 830
1363 1902
1364 1908
1365 4268
1366 4305
1367 999
1368 1011
1369 1038
1370 1086
1371 1454
1372 1066
1373 1451
1374 1120
1375 1439
1376 1439
1377 1025
1378 1030
1379 1057
1380 1057
1381 1422
1382 2261
1383 2213
1384 3618
1385 2261
1386 2277
1387 1853
1388 375
1389 2251
1390 2250
1391 417
1392 654
1393 415
1394 1840
1395 1935
1396 1937
1397 1937
1398 1948
1399 2093
1400 3646
1401 2273
1402 464
1403 1727
1404 2616
1405 555
1406 1525
1407 499
1408 555
1409 2600
1410 555
1411 1655
1412 610
1413 1659
1414 2477
1415 2234
1416 2178
1417 2212
1418 3904
1419 2115
1420 377
1421 2616
1422 606
1423 261
1424 506
1425 605
1426 836
1427 2569
1428 2516
1429 2372
1430 2349
1431 389
1432 2462
1433 449
1434 3672
1435 3618
1436 473
1437 654
1438 1852
1439 660
1440 2253
1441 3898
1442 375
1443 654
1444 1843
1445 2338
1446 3837
1447 1528
1448 355
1449 1792
1450 2273
1451 662
1452 1851
1453 407
1454 2172
1455 2259
1456 2211
1457 2250
1458 1863
1459 1853
1460 423
1461 430
1462 430
1463 1936
1464 457
1465 2106
1466 3838
1467 3617
1468 2350
1469 382
1470 576
1471 446
1472 3675
1473 2386
1474 2277
1475 1864
1476 2250
1477 2248
1478 2248
1479 2250
1480 2248
1481 2253
1482 2253
1483 2271
1484 2269
1485 2273
1486 2273
1487 2213
1488 2261
1489 2269
1490 2115
1491 2232
1492 2250
1493 3617
1494 479
1495 606
1496 606
1497 268
1498 2569
1499 2636
1500 1742
1501 1527
1502 253
1503 556
1504 1906
1505 266
1506 3600
1507 3591
1508 3679
1509 321
1510 314
1511 2569
1512 2250
1513 2608
1514 261
1515 2273
1516 2175
1517 2277
1518 2220
1519 1851
1520 2516
1521 609
1522 268
1523 5186
1524 280
1525 2584
1526 337
1527 1900
1528 1910
1529 1755
1530 313
1531 3249
1532 5064
1533 4252
1534 2569
1535 268
1536 1656
1537 875
1538 2345
1539 1875
1540 493
1541 626
1542 515
1543 3666
1544 2250
1545 2253
1546 2235
1547 464
1548 2183
1549 797
1550 479
1551 2569
1552 556
1553 2392
1554 2387
1555 3594
1556 2577
1557 1517
1558 2584
1559 2584
1560 2250
1561 2250
1562 2250
1563 2248
1564 2248
1565 836
1566 2606
1567 609
1568 286
1569 2271
1570 2179
1571 1938
1572 1937
1573 3675
1574 1782
1575 2372
1576 268
1577 556
1578 2584
1579 266
1580 3594
1581 546
1582 2425
1583 357
1584 2183
1585 1864
1586 2181
1587 2234
1588 2234
1589 2115
1590 609
1591 2577
1592 2103
1593 2502
1594 836
1595 609
1596 1655
1597 1955
1598 1956
1599 437
1600 2094
1601 1936
1602 431
1603 435
1604 666
1605 2324
1606 2320
1607 2322
1608 2638
1609 268
1610 609
1611 1526
1612 2569
1613 437
1614 377
1615 841
1616 2392
1617 1906
1618 1906
1619 280
1620 2113
1621 1935
1622 2183
1623 2095
1624 434
1625 4090
1626 4089
1627 268
1628 253
1629 2569
1630 253
1631 1937
1632 609
1633 609
1634 2577
1635 2281
1636 2372
1637 1948
1638 2502
1639 4295
1640 1955
1641 609
1642 2584
1643 2183
1644 2237
1645 1956
1646 2320
1647 458
1648 2372
1649 364
1650 364
1651 609
1652 2527
1653 1514
1654 1529
1655 505
1656 3617
1657 3678
1658 355
1659 3716
1660 3995
1661 1946
1662 2584
1663 827
1664 823
1665 797
1666 3617
1667 2183
1668 398
1669 364
1670 609
1671 2569
1672 1781
1673 1946
1674 1956
1675 253
1676 268
1677 556
1678 609
1679 3839
1680 356
1681 2584
1682 2184
1683 2094
1684 2099
1685 1943
1686 1948
1687 1955
1688 4249
1689 3671
1690 609
1691 2569
1692 3671
1693 356
1694 4013
1695 4012
1696 3685
1697 3691
1698 3690
1699 3641
1700 2380
1701 2419
1702 3600
1703 3689
1704 2380
1705 3601
1706 875
1707 266
1708 1911
1709 2099
1710 2099
1711 1936
1712 2506
1713 430
1714 458
1715 2233
1716 2180
1717 3671
1718 1936
1719 2373
1720 365
1721 377
1722 1955
1723 255
1724 827
1725 3716
1726 3978
1727 2321
1728 610
1729 263
1730 345
1731 2387
1732 307
1733 2352
1734 1883
1735 1753
1736 5024
1737 3341
1738 4417
1739 4961
1740 517
1741 328
1742 3204
1743 343
1744 1911
1745 2237
1746 1840
1747 1655
1748 556
1749 4249
1750 3396
1751 4050
1752 1625
1753 5071
1754 5071
1755 3839
1756 2115
1757 3670
1758 4013
1759 4017
1760 3682
1761 437
1762 841
1763 1658
1764 1659
1765 1948
1766 3421
1767 3396
1768 3678
1769 320
1770 354
1771 4011
1772 4018
1773 3978
1774 3660
1775 2381
1776 2406
1777 2437
1778 2411
1779 2394
1780 4017
1781 3238
1782 3404
1783 315
1784 2237
1785 2385
1786 573
1787 1956
1788 2322
1789 4017
1790 2320
1791 3725
1792 3668
1793 3691
1794 331
1795 1956
1796 1781
1797 2370
1798 1943
1799 3660
1800 2368
1801 1809
1802 3716
1803 407
1804 365
1805 3733
1806 3694
1807 2368
1808 332
1809 2387
1810 266
1811 3600
1812 3591
1813 3592
1814 266
1815 416
1816 2383
1817 381
1818 4089
1819 1852
1820 1934
1821 3724
1822 4158
1823 3590
1824 435
1825 331
1826 1943
1827 392
1828 2372
1829 412
1830 584
1831 719
1832 610
1833 3455
1834 4249
1835 3688
1836 3682
1837 320
1838 1946
1839 1937
1840 1948
1841 356
1842 2392
1843 2369
1844 1956
1845 3594
1846 875
1847 2396
1848 3628
1849 266
1850 332
1851 632
1852 630
1853 407
1854 2433
1855 2450
1856 421
1857 505
1858 2524
1859 2532
1860 337
1861 4248
1862 3590
1863 2320
1864 2629
1865 1834
1866 1791
1867 2369
1868 3978
1869 1937
1870 4157
1871 2322
1872 2320
1873 404
1874 3233
1875 3410
1876 4050
1877 3446
1878 2392
1879 1659
1880 381
1881 1857
1882 2346
1883 1936
1884 2506
1885 1955
1886 1955
1887 678
1888 1782
1889 346
1890 2099
1891 1956
1892 398
1893 302
1894 1900
1895 2381
1896 345
1897 1943
1898 346
1899 277
1900 278
1901 4173
1902 498
1903 255
1904 368
1905 461
1906 445
1907 263
1908 1955
1909 2094
1910 1791
1911 2347
1912 2349
1913 1780
1914 1946
1915 2099
1916 1934
1917 1934
1918 2103
1919 415
1920 4040
1921 1656
1922 2447
1923 363
1924 1946
1925 321
1926 259
1927 1859
1928 1854
1929 2384
1930 1937
1931 3690
1932 2434
1933 415
1934 4249
1935 2506
1936 659
1937 1955
1938 662
1939 659
1940 2497
1941 1947
1942 494
1943 5169
1944 4200
1945 4170
1946 4319
1947 3565
1948 1724
1949 4170
1950 2350
1951 2378
1952 356
1953 321
1954 2396
1955 432
1956 393
1957 2376
1958 2459
1959 647
1960 410
1961 1845
1962 719
1963 2493
1964 1807
1965 2428
1966 393
1967 2491
1968 320
1969 688
1970 2395
1971 1943
1972 1854
1973 1848
1974 2343
1975 635
1976 2492
1977 2367
1978 2430
1979 1832
1980 2493
1981 463
1982 2380
1983 463
1984 577
1985 1811
1986 360
1987 1779
1988 415
1989 1841
1990 382
1991 369
1992 2457
1993 576
1994 2490
1995 616
1996 617
1997 874
1998 1870
1999 493
2000 566
2001 515
2002 382
2003 369
2004 1790
2005 705
2006 501
2007 2477
2008 2360
2009 2373
2010 579
2011 492
2012 2380
2013 3396
2014 3396
2015 3396
2016 574
2017 681
2018 2363
2019 259
2020 1900
2021 1796
2022 443
2023 352
2024 354
2025 2104
2026 3466
2027 3404
2028 2430
2029 2434
2030 2390
2031 1825
2032 345
2033 617
2034 2492
2035 477
2036 720
2037 430
2038 345
2039 348
2040 330
2041 645
2042 2381
2043 4252
2044 431
2045 1850
2046 1862
2047 1513
2048 302
2049 1510
2050 503
2051 1901
2052 339
2053 2418
2054 1854
2055 511
2056 492
2057 430
2058 1656
2059 1776
2060 3442
2061 2434
2062 2339
2063 387
2064 1788
2065 475
2066 690
2067 1902
2068 3131
2069 1600
2070 2917
2071 359
2072 307
2073 304
2074 2396
2075 1803
2076 680
2077 712
2078 634
2079 575
2080 1795
2081 3401
2082 2489
2083 327
2084 659
2085 2477
2086 2353
2087 445
2088 443
2089 2344
2090 616
2091 1802
2092 2490
2093 1875
2094 1752
2095 1910
2096 1519
2097 1869
2098 642
2099 334
2100 1800
2101 1783
2102 2925
2103 4275
2104 1859
2105 2428
2106 339
2107 1750
2108 402
2109 395
2110 451
2111 422
2112 1824
2113 3447
2114 1804
2115 672
2116 1849
2117 4108
2118 4116
2119 4116
2120 4116
2121 4263
2122 4117
2123 4117
2124 4117
2125 4117
2126 4122
2127 4122
2128 4108
2129 4116
2130 4100
2131 4100
2132 3575
2133 4122
2134 3378
2135 4117
2136 642
2137 1510
2138 487
2139 1516
2140 3249
2141 2917
2142 2343
2143 1778
2144 1793
2145 4122
2146 1865
2147 645
2148 1514
2149 373
2150 1825
2151 4117
2152 4106
2153 4098
2154 4098
2155 1813
2156 307
2157 2445
2158 1752
2159 1756
2160 5085
2161 2961
2162 2630
2163 4195
2164 1907
2165 5067
2166 2917
2167 2924
2168 1813
2169 4100
2170 4108
2171 4116
2172 4098
2173 4252
2174 1813
2175 3401
2176 3235
2177 1600
2178 322
2179 1824
2180 3406
2181 4116
2182 4108
2183 4122
2184 4117
2185 3578
2186 494
2187 2483
2188 305
2189 2360
2190 632
2191 4050
2192 3425
2193 3568
2194 3399
2195 4050
2196 4117
2197 4114
2198 3579
2199 4252
2200 3572
2201 4043
2202 3446
2203 1877
2204 2402
2205 1751
2206 2427
2207 578
2208 371
2209 4116
2210 807
2211 4134
2212 4132
2213 4134
2214 1537
2215 1531
2216 978
2217 4130
2218 4098
2219 3432
2220 4122
2221 4108
2222 4116
2223 4106
2224 4114
2225 4108
2226 4132
2227 3440
2228 828
2229 4122
2230 4118
2231 4118
2232 4129
2233 985
2234 982
2235 754
2236 1568
2237 755
2238 822
2239 822
2240 822
2241 822
2242 4130
2243 805
2244 839
2245 1546
2246 1552
2247 802
2248 805
2249 4250
2250 4253
2251 4117
2252 4041
2253 5169
2254 4200
2255 4204
2256 3127
2257 1568
2258 755
2259 822
2260 822
2261 822
2262 822
2263 755
2264 755
2265 1785
2266 686
2267 4099
2268 1702
2269 816
2270 1713
2271 757
2272 786
2273 786
2274 1566
2275 1566
2276 1566
2277 4117
2278 3439
2279 4132
2280 3415
2281 765
2282 1542
2283 988
2284 1556
2285 749
2286 755
2287 822
2288 755
2289 822
2290 4128
2291 718
2292 719
2293 1180
2294 2465
2295 1273
2296 1180
2297 1180
2298 1180
2299 1180
2300 1180
2301 1180
2302 2495
2303 1364
2304 4130
2305 4051
2306 4050
2307 4117
2308 4098
2309 3417
2310 4119
2311 817
2312 4206
2313 3401
2314 5169
2315 1819
2316 414
2317 519
2318 2445
2319 305
2320 763
2321 444
2322 450
2323 4124
2324 4252
2325 764
2326 1711
2327 498
2328 1779
2329 1702
2330 2457
2331 4098
2332 3577
2333 4263
2334 3397
2335 5117
2336 1845
2337 4100
2338 4050
2339 4263
2340 4263
2341 5156
2342 5156
2343 818
2344 1700
2345 3440
2346 4109
2347 2390
2348 449
2349 372
2350 582
2351 646
2352 449
2353 4937
2354 4939
2355 2912
2356 334
2357 3439
2358 401
2359 3399
2360 3399
2361 3446
2362 4252
2363 4050
2364 5169
2365 393
2366 1875
2367 502
2368 1701
2369 580
2370 5117
2371 783
2372 3399
2373 413
2374 578
2375 684
2376 360
2377 310
2378 787
2379 4134
2380 4129
2381 984
2382 763
2383 3612
2384 5178
2385 763
2386 3385
2387 3612
2388 3612
2389 4161
2390 3603
2391 4146
2392 4146
2393 3612
2394 985
2395 1539
2396 1541
2397 1711
2398 980
2399 791
2400 763
2401 4133
2402 804
2403 3568
2404 3422
2405 4100
2406 1842
2407 2427
2408 643
2409 1777
2410 741
2411 581
2412 2495
2413 1180
2414 2465
2415 1180
2416 1273
2417 3575
2418 1715
2419 1715
2420 787
2421 493
2422 739
2423 3417
2424 1777
2425 353
2426 448
2427 3425
2428 1845
2429 979
2430 1842
2431 3565
2432 1798
2433 1798
2434 1752
2435 2355
2436 4129
2437 4144
2438 4144
2439 3612
2440 787
2441 763
2442 682
2443 4263
2444 5067
2445 3430
2446 4131
2447 826
2448 4088
2449 4087
2450 2938
2451 2981
2452 1568
2453 5025
2454 5025
2455 755
2456 4050
2457 4277
2458 826
2459 4043
2460 1702
2461 826
2462 4277
2463 1518
2464 2909
2465 2961
2466 2961
2467 4196
2468 581
2469 4275
2470 719
2471 631
2472 2446
2473 684
2474 639
2475 5064
2476 1704
2477 394
2478 1756
2479 772
2480 772
2481 4088
2482 2990
2483 2485
2484 4133
2485 718
2486 5176
2487 787
2488 1752
2489 1515
2490 1909
2491 1531
2492 1702
2493 805
2494 562
2495 1702
2496 4275
2497 816
2498 360
2499 4447
2500 5074
2501 2457
2502 1798
2503 1798
2504 4340
2505 1832
2506 2461
2507 360
2508 772
2509 5177
2510 1628
2511 710
2512 644
2513 1713
2514 802
2515 749
2516 1552
2517 329
2518 4134
2519 980
2520 1530
2521 759
2522 5156
2523 2465
2524 718
2525 719
2526 4042
2527 817
2528 1713
2529 1799
2530 342
2531 763
2532 4144
2533 4447
2534 517
2535 718
2536 2495
2537 411
2538 2495
2539 2495
2540 5169
2541 682
2542 2423
2543 2411
2544 2444
2545 686
2546 2463
2547 719
2548 824
2549 1555
2550 802
2551 761
2552 839
2553 762
2554 1716
2555 1713
2556 2437
2557 691
2558 4423
2559 4173
2560 4076
2561 1722
2562 2981
2563 317
2564 5192
2565 2946
2566 4448
2567 2406
2568 1755
2569 985
2570 1540
2571 989
2572 5177
2573 1721
2574 1515
2575 4447
2576 4883
2577 2465
2578 4084
2579 1750
2580 1883
2581 800
2582 1530
2583 3608
2584 4146
2585 804
2586 1712
2587 282
2588 511
2589 2996
2590 4341
2591 3091
2592 2462
2593 2463
2594 765
2595 761
2596 1535
2597 1543
2598 1915
2599 1786
2600 1518
2601 2475
2602 1518
2603 3459
2604 3459
2605 3477
2606 2909
2607 2465
2608 2495
2609 1180
2610 2495
2611 1542
2612 752
2613 3610
2614 1713
2615 800
2616 765
2617 818
2618 3247
2619 2439
2620 1773
2621 761
2622 714
2623 839
2624 765
2625 1721
2626 818
2627 4204
2628 4196
2629 749
2630 1560
2631 784
2632 4155
2633 1566
2634 2440
2635 3247
2636 5071
2637 2463
2638 2463
2639 2463
2640 1846
2641 1802
2642 2488
2643 3612
2644 3612
2645 3608
2646 3610
2647 4146
2648 627
2649 3247
2650 2461
2651 4085
2652 3157
2653 762
2654 2398
2655 815
2656 1537
2657 981
2658 803
2659 2461
2660 3321
2661 3219
2662 716
2663 2462
2664 2463
2665 3221
2666 716
2667 3219
2668 3278
2669 4200
2670 4190
2671 4448
2672 5025
2673 4337
2674 3001
2675 4330
2676 631
2677 982
2678 1785
2679 5123
2680 5151
2681 2423
2682 1756
2683 4453
2684 4197
2685 1765
2686 4927
2687 2416
2688 4426
2689 4417
2690 1755
2691 1756
2692 2398
2693 2500
2694 1799
2695 1774
2696 985
2697 3608
2698 1716
2699 3610
2700 4195
2701 5025
2702 1722
2703 4207
2704 2454
2705 4423
2706 4148
2707 2398
2708 1721
2709 1765
2710 3217
2711 4341
2712 3092
2713 3113
2714 1375
2715 1375
2716 3221
2717 3221
2718 3221
2719 4921
2720 3107
2721 4971
2722 4972
2723 3049
2724 4971
2725 1342
2726 1180
2727 1364
2728 5017
2729 4189
2730 4448
2731 761
2732 311
2733 3612
2734 2501
2735 5123
2736 2909
2737 4318
2738 5025
2739 2946
2740 5017
2741 4069
2742 839
2743 5184
2744 1767
2745 517
2746 344
2747 1518
2748 5123
2749 3459
2750 5017
2751 3156
2752 4170
2753 5017
2754 5129
2755 1766
2756 1867
2757 3094
2758 3612
2759 4339
2760 3007
2761 2993
2762 2999
2763 4267
2764 1773
2765 752
2766 4155
2767 691
2768 1757
2769 4342
2770 3001
2771 4903
2772 4989
2773 4938
2774 2909
2775 5066
2776 5015
2777 1545
2778 1545
2779 4087
2780 3004
2781 2500
2782 5024
2783 2542
2784 3211
2785 3166
2786 4416
2787 1586
2788 1086
2789 4214
2790 4146
2791 813
2792 3260
2793 5088
2794 4419
2795 512
2796 383
2797 4341
2798 3214
2799 3093
2800 5000
2801 3032
2802 3031
2803 4999
2804 5002
2805 3117
2806 3024
2807 3224
2808 3224
2809 3045
2810 4321
2811 2996
2812 1767
2813 4926
2814 4435
2815 4308
2816 3136
2817 2482
2818 1764
2819 4305
2820 4315
2821 4146
2822 4161
2823 809
2824 4155
2825 1545
2826 1553
2827 518
2828 5017
2829 328
2830 1784
2831 3261
2832 2976
2833 4335
2834 4335
2835 4353
2836 2994
2837 519
2838 4161
2839 809
2840 2483
2841 1765
2842 3128
2843 3221
2844 3219
2845 1175
2846 1846
2847 3024
2848 1364
2849 3220
2850 3119
2851 3223
2852 4879
2853 3220
2854 3279
2855 3279
2856 1364
2857 1364
2858 1342
2859 1180
2860 3221
2861 3094
2862 3028
2863 1364
2864 3024
2865 3119
2866 1157
2867 1157
2868 1187
2869 1187
2870 1187
2871 3222
2872 3221
2873 3220
2874 3221
2875 3278
2876 3024
2877 3225
2878 3099
2879 4382
2880 3225
2881 4889
2882 4880
2883 3100
2884 4358
2885 3101
2886 4358
2887 4366
2888 5017
2889 559
2890 3159
2891 4961
2892 3327
2893 4900
2894 4155
2895 2938
2896 1768
2897 3214
2898 2981
2899 1180
2900 1180
2901 1364
2902 1180
2903 1364
2904 3113
2905 3219
2906 3157
2907 4341
2908 3004
2909 3212
2910 328
2911 3327
2912 4952
2913 4332
2914 1364
2915 1289
2916 3024
2917 1157
2918 3024
2919 4920
2920 4919
2921 3042
2922 3018
2923 4972
2924 4972
2925 3057
2926 4388
2927 3124
2928 4381
2929 4972
2930 4388
2931 3049
2932 4935
2933 3225
2934 3223
2935 1180
2936 988
2937 4188
2938 3095
2939 988
2940 2423
2941 739
2942 1751
2943 1545
2944 1550
2945 987
2946 3028
2947 1289
2948 1289
2949 1187
2950 1289
2951 3024
2952 3278
2953 3219
2954 2461
2955 3313
2956 4962
2957 4952
2958 3128
2959 626
2960 2981
2961 2981
2962 2961
2963 1342
2964 1375
2965 3278
2966 5066
2967 1556
2968 1757
2969 4926
2970 4422
2971 3094
2972 3126
2973 3024
2974 988
2975 3253
2976 3094
2977 2500
2978 4314
2979 318
2980 4339
2981 4898
2982 4423
2983 4905
2984 2961
2985 3223
2986 988
2987 3090
2988 2635
2989 1557
2990 4423
2991 1157
2992 3223
2993 4170
2994 2422
2995 2980
2996 566
2997 3024
2998 3107
2999 3281
3000 3026
3001 3027
3002 4355
3003 3107
3004 3019
3005 1400
3006 1181
3007 3049
3008 4391
3009 4385
3010 3098
3011 3090
3012 2978
3013 2946
3014 3024
3015 3223
3016 3224
3017 4879
3018 4891
3019 691
3020 343
3021 2500
3022 3315
3023 5072
3024 3132
3025 5192
3026 1769
3027 5189
3028 5072
3029 2399
3030 1542
3031 3320
3032 762
3033 1546
3034 2934
3035 1566
3036 1561
3037 3253
3038 1564
3039 4887
3040 2978
3041 4446
3042 317
3043 4191
3044 3107
3045 3020
3046 3115
3047 3022
3048 3118
3049 3036
3050 739
3051 4895
3052 1764
3053 3215
3054 988
3055 4169
3056 1566
3057 748
3058 810
3059 1546
3060 2977
3061 3127
3062 2946
3063 5025
3064 3113
3065 3113
3066 4921
3067 4213
3068 1754
3069 2977
3070 5025
3071 4188
3072 4074
3073 3224
3074 3040
3075 4969
3076 3016
3077 5003
3078 3346
3079 2417
3080 2989
3081 3261
3082 4339
3083 3159
3084 3369
3085 2957
3086 3127
3087 4074
3088 3225
3089 3099
3090 4366
3091 4074
3092 2998
3093 1563
3094 1568
3095 821
3096 802
3097 4450
3098 4191
3099 5192
3100 4919
3101 3040
3102 3018
3103 4971
3104 4975
3105 4450
3106 1721
3107 3324
3108 1561
3109 748
3110 5025
3111 685
3112 4880
3113 3226
3114 4067
3115 3324
3116 4438
3117 3324
3118 5016
3119 3261
3120 4911
3121 4884
3122 2974
3123 4910
3124 748
3125 4961
3126 2538
3127 4067
3128 4448
3129 2970
3130 3226
3131 1767
3132 3112
3133 3030
3134 755
3135 5025
3136 342
3137 1555
3138 4910
3139 2973
3140 3213
3141 3271
3142 4904
3143 2946
3144 4390
3145 4390
3146 4384
3147 4381
3148 4190
3149 3226
3150 755
3151 822
3152 822
3153 822
3154 822
3155 822
3156 822
3157 1895
3158 1548
3159 4974
3160 3026
3161 3011
3162 3275
3163 4355
3164 3027
3165 4879
3166 2538
3167 5025
3168 4268
3169 497
3170 512
3171 3503
3172 4936
3173 4390
3174 4448
3175 4879
3176 3226
3177 4379
3178 4358
3179 4381
3180 3049
3181 3030
3182 3346
3183 5026
3184 2483
3185 4961
3186 4952
3187 3327
3188 4919
3189 4882
3190 4390
3191 3127
3192 1564
3193 755
3194 1568
3195 748
3196 808
3197 4927
3198 3503
3199 2542
3200 995
3201 4960
3202 1585
3203 750
3204 4884
3205 802
3206 1552
3207 4197
3208 5192
3209 2946
3210 4383
3211 3227
3212 4390
3213 4366
3214 3101
3215 2538
3216 1552
3217 4384
3218 3289
3219 4376
3220 3230
3221 3066
3222 3104
3223 4656
3224 5043
3225 4484
3226 5044
3227 4648
3228 5046
3229 4478
3230 4479
3231 4650
3232 3080
3233 3102
3234 4382
3235 4932
3236 3005
3237 755
3238 822
3239 822
3240 822
3241 822
3242 822
3243 3227
3244 1568
3245 5192
3246 749
3247 1552
3248 3100
3249 3353
3250 4404
3251 3305
3252 4651
3253 4650
3254 4494
3255 4662
3256 4495
3257 4667
3258 4661
3259 4657
3260 4655
3261 517
3262 3212
3263 4887
3264 4929
3265 4335
3266 4335
3267 3019
3268 3019
3269 822
3270 1564
3271 755
3272 749
3273 3099
3274 3328
3275 3313
3276 4951
3277 4197
3278 1564
3279 755
3280 3290
3281 1914
3282 808
3283 1564
3284 755
3285 755
3286 1552
3287 1564
3288 3228
3289 3323
3290 4268
3291 2931
3292 5016
3293 997
3294 5004
3295 3288
3296 4380
3297 3351
3298 5007
3299 3290
3300 3301
3301 4410
3302 3302
3303 5037
3304 4376
3305 4358
3306 3121
3307 4268
3308 1567
3309 4941
3310 4304
3311 4917
3312 822
3313 822
3314 3227
3315 2946
3316 755
3317 755
3318 755
3319 755
3320 1568
3321 1568
3322 3290
3323 4451
3324 4069
3325 3110
3326 5003
3327 4458
3328 822
3329 822
3330 755
3331 755
3332 2946
3333 4191
3334 5005
3335 4898
3336 3261
3337 4335
3338 2974
3339 1560
3340 3330
3341 3290
3342 822
3343 4888
3344 4900
3345 1562
3346 755
3347 3099
3348 822
3349 822
3350 822
3351 822
3352 822
3353 4368
3354 4368
3355 4365
3356 3291
3357 4370
3358 4412
3359 3297
3360 3080
3361 3081
3362 3079
3363 5046
3364 4496
3365 4641
3366 4497
3367 3101
3368 4367
3369 4370
3370 4401
3371 4884
3372 4900
3373 4320
3374 4887
3375 3011
3376 4931
3377 2912
3378 1560
3379 822
3380 755
3381 3101
3382 4881
3383 4895
3384 4348
3385 4357
3386 822
3387 822
3388 1568
3389 1564
3390 1564
3391 822
3392 822
3393 822
3394 3101
3395 5187
3396 3225
3397 4887
3398 3025
3399 2973
3400 822
3401 822
3402 822
3403 822
3404 822
3405 3155
3406 3230
3407 3230
3408 4402
3409 4368
3410 3324
3411 1887
3412 516
3413 4893
3414 3271
3415 2989
3416 4382
3417 3056
3418 822
3419 822
3420 822
3421 822
3422 4368
3423 4390
3424 3352
3425 4961
3426 3230
3427 4403
3428 3297
3429 4961
3430 3260
3431 4314
3432 2976
3433 5005
3434 3152
3435 4887
3436 2966
3437 3229
3438 3020
3439 3283
3440 3260
3441 4439
3442 1009
3443 5193
3444 1136
3445 4368
3446 3104
3447 4972
3448 4434
3449 1892
3450 1136
3451 4368
3452 4403
3453 3102
3454 3080
3455 4649
3456 4478
3457 4477
3458 4662
3459 4786
3460 4724
3461 4724
3462 4665
3463 4491
3464 4402
3465 3230
3466 3103
3467 3103
3468 3103
3469 4656
3470 4656
3471 4484
3472 5043
3473 3102
3474 3305
3475 3231
3476 5042
3477 3104
3478 3285
3479 3019
3480 4886
3481 3109
3482 4350
3483 4910
3484 2991
3485 3227
3486 4377
3487 4375
3488 4388
3489 4366
3490 3102
3491 3231
3492 4652
3493 4655
3494 4656
3495 4484
3496 4404
3497 4367
3498 3297
3499 3305
3500 3042
3501 4328
3502 3142
3503 4434
3504 4434
3505 3297
3506 4434
3507 4358
3508 4927
3509 4417
3510 1136
3511 4358
3512 4368
3513 4484
3514 4659
3515 4645
3516 4641
3517 3230
3518 3074
3519 4961
3520 3006
3521 3022
3522 3002
3523 4441
3524 4438
3525 5016
3526 4390
3527 3189
3528 3231
3529 1759
3530 3290
3531 3352
3532 3305
3533 3074
3534 3297
3535 4652
3536 4659
3537 3066
3538 1770
3539 3283
3540 1401
3541 3050
3542 4911
3543 3331
3544 4484
3545 4401
3546 5047
3547 3066
3548 2976
3549 4381
3550 3050
3551 4355
3552 4376
3553 3062
3554 3297
3555 3305
3556 3101
3557 2994
3558 4434
3559 3101
3560 4641
3561 3313
3562 4354
3563 4313
3564 4402
3565 2417
3566 4941
3567 4402
3568 4390
3569 4659
3570 2973
3571 3153
3572 4932
3573 5024
3574 2416
3575 3007
3576 3304
3577 4641
3578 4646
3579 4661
3580 4964
3581 4332
3582 2950
3583 2993
3584 3103
3585 3330
3586 3276
3587 4926
3588 2960
3589 5187
3590 1886
3591 4434
3592 4898
3593 1762
3594 2542
3595 2417
3596 1586
3597 3343
3598 4309
3599 4942
3600 3162
3601 5043
3602 4666
3603 4869
3604 4755
3605 4754
3606 4752
3607 4738
3608 4697
3609 4672
3610 4617
3611 4556
3612 5153
3613 5153
3614 5153
3615 5153
3616 5153
3617 5153
3618 5153
3619 5153
3620 5153
3621 5153
3622 5153
3623 5153
3624 4778
3625 5052
3626 4728
3627 5060
3628 3047
3629 4735
3630 4735
3631 4805
3632 4804
3633 4810
3634 4820
3635 4767
3636 4823
3637 4812
3638 4747
3639 4829
3640 4546
3641 4618
3642 4541
3643 4541
3644 4788
3645 4804
3646 4802
3647 4704
3648 4808
3649 4826
3650 4765
3651 4719
3652 4724
3653 4728
3654 4778
3655 4748
3656 4813
3657 4683
3658 4541
3659 4618
3660 4828
3661 4747
3662 4789
3663 4846
3664 4693
3665 4693
3666 4848
3667 4688
3668 4694
3669 4796
3670 4703
3671 4788
3672 4810
3673 4735
3674 4748
3675 4748
3676 4300
3677 2964
3678 4439
3679 1572
3680 3291
3681 4361
3682 3162
3683 4500
3684 4497
3685 4868
3686 4781
3687 4780
3688 4668
3689 4728
3690 4780
3691 4784
3692 4488
3693 4667
3694 4735
3695 4662
3696 4414
3697 4417
3698 736
3699 4810
3700 4812
3701 4722
3702 4729
3703 4777
3704 4870
3705 4311
3706 2992
3707 4500
3708 5043
3709 4780
3710 3068
3711 3068
3712 4970
3713 4810
3714 4809
3715 4814
3716 4410
3717 3061
3718 4370
3719 3291
3720 2960
3721 3332
3722 4748
3723 4748
3724 4748
3725 4728
3726 3319
3727 3046
3728 3296
3729 3153
3730 4810
3731 4809
3732 4720
3733 4811
3734 3109
3735 3042
3736 2542
3737 4406
3738 4412
3739 3302
3740 4298
3741 4497
3742 4972
3743 5052
3744 4783
3745 4868
3746 4867
3747 4725
3748 4732
3749 4813
3750 4814
3751 5059
3752 4732
3753 3031
3754 4309
3755 4306
3756 4313
3757 3208
3758 4735
3759 4724
3760 4728
3761 4715
3762 4724
3763 4787
3764 3351
3765 5034
3766 5034
3767 5034
3768 3294
3769 4387
3770 3047
3771 4771
3772 4696
3773 4746
3774 4733
3775 4805
3776 2966
3777 2972
3778 4720
3779 4722
3780 4820
3781 4656
3782 4431
3783 1572
3784 2544
3785 3122
3786 4811
3787 4771
3788 4771
3789 4750
3790 4727
3791 4732
3792 4410
3793 4435
3794 2957
3795 2963
3796 3492
3797 4979
3798 4649
3799 3330
3800 3187
3801 4926
3802 4866
3803 4784
3804 4725
3805 3014
3806 3026
3807 3011
3808 4972
3809 4975
3810 737
3811 3331
3812 3143
3813 3311
3814 3208
3815 4661
3816 5057
3817 4719
3818 3032
3819 5022
3820 4734
3821 4747
3822 4618
3823 3046
3824 3002
3825 2999
3826 4785
3827 3063
3828 2964
3829 5016
3830 5051
3831 4971
3832 5038
3833 4808
3834 1378
3835 4361
3836 1584
3837 4659
3838 4477
3839 5044
3840 4372
3841 4372
3842 4373
3843 3296
3844 3294
3845 4373
3846 3296
3847 3069
3848 4333
3849 4333
3850 4441
3851 4757
3852 4804
3853 4804
3854 4800
3855 4802
3856 4802
3857 4758
3858 4796
3859 4758
3860 4849
3861 4848
3862 4610
3863 4597
3864 4528
3865 4701
3866 4705
3867 4708
3868 4848
3869 4588
3870 4533
3871 4528
3872 4681
3873 4590
3874 4828
3875 4683
3876 4697
3877 4811
3878 4710
3879 4712
3880 5053
3881 4719
3882 4736
3883 4736
3884 4711
3885 4761
3886 4762
3887 4759
3888 3011
3889 3026
3890 3275
3891 3136
3892 3263
3893 4435
3894 3208
3895 2959
3896 4669
3897 4876
3898 3020
3899 3042
3900 1587
3901 1002
3902 4484
3903 4476
3904 4725
3905 4400
3906 4977
3907 3165
3908 3231
3909 2991
3910 4812
3911 4811
3912 4360
3913 4398
3914 483
3915 3136
3916 4405
3917 3275
3918 5053
3919 1572
3920 991
3921 992
3922 2964
3923 4925
3924 4435
3925 4772
3926 4870
3927 4724
3928 1759
3929 4709
3930 1762
3931 1009
3932 4428
3933 993
3934 3198
3935 4416
3936 1121
3937 1586
3938 994
3939 4684
3940 4735
3941 4485
3942 4496
3943 3042
3944 4875
3945 4409
3946 4704
3947 4648
3948 4788
3949 1592
3950 1584
3951 1581
3952 4439
3953 4720
3954 4723
3955 4723
3956 5032
3957 2948
3958 1585
3959 4960
3960 671
3961 1004
3962 3275
3963 3031
3964 4428
3965 4479
3966 4737
3967 3291
3968 3031
3969 3013
3970 3081
3971 3300
3972 4409
3973 4757
3974 4759
3975 3294
3976 4361
3977 4975
3978 1009
3979 4684
3980 5087
3981 4685
3982 4685
3983 4834
3984 4790
3985 4804
3986 4804
3987 4804
3988 4733
3989 3490
3990 4424
3991 3165
3992 4471
3993 4473
3994 4943
3995 730
3996 730
3997 1086
3998 1130
3999 1037
4000 4003
4001 3642
4002 3726
4003 1077
4004 1037
4005 1087
4006 1087
4007 3165
4008 861
4009 4969
4010 2542
4011 4724
4012 5153
4013 5153
4014 5153
4015 5153
4016 5153
4017 4541
4018 4508
4019 4560
4020 4560
4021 4560
4022 4560
4023 4503
4024 4567
4025 4612
4026 4634
4027 4584
4028 4584
4029 4567
4030 4503
4031 4503
4032 5153
4033 4503
4034 4610
4035 4591
4036 4610
4037 4503
4038 4503
4039 4560
4040 4503
4041 4560
4042 5153
4043 4560
4044 5153
4045 5153
4046 5153
4047 4503
4048 4503
4049 4503
4050 4503
4051 4503
4052 4503
4053 4503
4054 4634
4055 4528
4056 4597
4057 4634
4058 4533
4059 4588
4060 4688
4061 4847
4062 4594
4063 4687
4064 4687
4065 3326
4066 4662
4067 5033
4068 4419
4069 4665
4070 4784
4071 4761
4072 4560
4073 4560
4074 5153
4075 5153
4076 5153
4077 5153
4078 5153
4079 4503
4080 4541
4081 4599
4082 1584
4083 999
4084 3070
4085 4650
4086 5087
4087 4541
4088 4556
4089 4556
4090 5153
4091 5153
4092 5153
4093 5153
4094 5153
4095 5153
4096 5153
4097 5153
4098 5153
4099 4560
4100 3124
4101 4975
4102 3049
4103 4746
4104 4867
4105 996
4106 4720
4107 4704
4108 4760
4109 4708
4110 4560
4111 4560
4112 4560
4113 5153
4114 4556
4115 4560
4116 5153
4117 5153
4118 5153
4119 5153
4120 5153
4121 5153
4122 5153
4123 4560
4124 4377
4125 1584
4126 1576
4127 3275
4128 671
4129 4355
4130 3032
4131 996
4132 4718
4133 3079
4134 4972
4135 3012
4136 3263
4137 4970
4138 3081
4139 5153
4140 5153
4141 1002
4142 3296
4143 3124
4144 5044
4145 5042
4146 4806
4147 4361
4148 1583
4149 3275
4150 995
4151 2543
4152 3109
4153 1002
4154 5034
4155 4410
4156 4495
4157 2542
4158 4759
4159 4704
4160 3020
4161 4684
4162 3079
4163 4649
4164 3080
4165 4647
4166 4494
4167 4388
4168 3115
4169 4663
4170 4867
4171 4663
4172 4491
4173 3109
4174 992
4175 4992
4176 5034
4177 3291
4178 5032
4179 4373
4180 4675
4181 4734
4182 4744
4183 4663
4184 4373
4185 4412
4186 4471
4187 3326
4188 3012
4189 3319
4190 3166
4191 3319
4192 4649
4193 5153
4194 5153
4195 5153
4196 994
4197 4373
4198 4409
4199 4409
4200 4492
4201 4780
4202 3198
4203 4993
4204 1587
4205 5153
4206 3296
4207 4975
4208 4992
4209 1588
4210 3302
4211 4873
4212 4477
4213 4650
4214 3018
4215 3042
4216 3012
4217 4993
4218 1004
4219 3294
4220 4992
4221 1569
4222 4786
4223 4718
4224 4670
4225 4495
4226 3032
4227 4648
4228 3136
4229 4723
4230 4705
4231 4757
4232 5053
4233 1430
4234 1430
4235 5056
4236 3031
4237 993
4238 1119
4239 5056
4240 4556
4241 1400
4242 1400
4243 4412
4244 3032
4245 1101
4246 4708
4247 4713
4248 4713
4249 4724
4250 4664
4251 5056
4252 4716
4253 4704
4254 5153
4255 3302
4256 3079
4257 4650
4258 4412
4259 3109
4260 3302
4261 4870
4262 4759
4263 1398
4264 3079
4265 4485
4266 4875
4267 4665
4268 3070
4269 4761
4270 5153
4271 5153
4272 5153
4273 5153
4274 4972
4275 4491
4276 4494
4277 4708
4278 4703
4279 4682
4280 4848
4281 4681
4282 4687
4283 4704
4284 4757
4285 1009
4286 4410
4287 4651
4288 4477
4289 4700
4290 994
4291 1137
4292 1037
4293 1121
4294 1086
4295 1084
4296 1101
4297 3657
4298 1131
4299 3946
4300 3946
4301 3953
4302 3953
4303 1061
4304 1059
4305 1263
4306 3890
4307 1391
4308 1030
4309 1087
4310 3302
4311 4699
4312 4705
4313 995
4314 4703
4315 5153
4316 1121
4317 1589
4318 3081
4319 3081
4320 3303
4321 4758
4322 4687
4323 5153
4324 999
4325 3081
4326 5153
4327 5153
4328 4556
4329 4503
4330 4503
4331 4678
4332 1589
4333 5153
4334 5153
4335 5153
4336 5153
4337 4704
4338 5153
4339 4682
4340 4758
4341 4616
4342 4636
4343 4639
4344 4639
4345 1087
4346 439
4347 1026
4348 1454
4349 1023
4350 1416
4351 1020
4352 4943
4353 730
4354 1130
4355 3165
4356 730
4357 1117
4358 1020
4359 1074
4360 3951
4361 3642
4362 1014
4363 1433
4364 1443
4365 1443
4366 1450
4367 999
4368 1454
4369 1416
4370 1020
4371 1101
4372 1086
4373 1086
4374 1121
4375 1593
4376 1022
4377 1034
4378 5153
4379 1090
4380 1453
4381 1130
4382 1130
4383 5153
4384 1011
4385 994
4386 4849
4387 4639
4388 5153
4389 5153
4390 5153
4391 5153
4392 5153
4393 5153
4394 4533
4395 1076
4396 1022
4397 1416
4398 5153
4399 1137
4400 1023
4401 1090
4402 1589
4403 4567
4404 4503
4405 4503
4406 1096
4407 1131
4408 1453
4409 1077
4410 1121
4411 1095
4412 1119
4413 995
4414 1067
4415 1593
4416 1039
4417 1039
4418 3657
4419 4003
4420 3944
4421 3726
4422 994
4423 1416
4424 1416
4425 1593
4426 4584
4427 1081
4428 1076
4429 1026
4430 4503
4431 4503
4432 5153
4433 4503
4434 4503
4435 4503
4436 4503
4437 4503
4438 4503
4439 4503
4440 4567
4441 4567
4442 1090
4443 1444
4444 4503
4445 4503
4446 1039
4447 3735
4448 3973
4449 1101
4450 1593
4451 1082
4452 1084
4453 1137
4454 1445
4455 1021
4456 1122
4457 1593
4458 1067
4459 1020
4460 1090
4461 1090
4462 1122
4463 1455
4464 1079
4465 1116
4466 1039
4467 3951
4468 4020
4469 3951
4470 1116
4471 3998
4472 1130
4473 4020
4474 1065
4475 1116
4476 1456
4477 1033
4478 1452
4479 1101
4480 1095
4481 3726
4482 3642
4483 4020
4484 1039
4485 1091
4486 3971
4487 3961
4488 3968
4489 3892
4490 1030
4491 1062
4492 3862
4493 3850
4494 3778
4495 3624
4496 3815
4497 3778
4498 3796
4499 3801
4500 3858
4501 3815
4502 3864
4503 3819
4504 1313
4505 1217
4506 1242
4507 1242
4508 1245
4509 1242
4510 1245
4511 1242
4512 1245
4513 1242
4514 1245
4515 1223
4516 1245
4517 1165
4518 1165
4519 1230
4520 1245
4521 1165
4522 1035
4523 1427
4524 1427
4525 1391
4526 1062
4527 1062
4528 1113
4529 1062
4530 1433
4531 1264
4532 1263
4533 1061
4534 1037
4535 1433
4536 1021
4537 1022
4538 1037
4539 1035
4540 1033
4541 1062
4542 1030
4543 1040
4544 3951
4545 3945
4546 3962
4547 3964
4548 1427
4549 1024
4550 1422
4551 3824
4552 3968
4553 3961
4554 3972
4555 1068
4556 3948
4557 3964
4558 1055
4559 1432
4560 1120
4561 1427
4562 1456
4563 1433
4564 3971
4565 4003
4566 1046
4567 1448
4568 3961
4569 3973
4570 3961
4571 4020
4572 1264
4573 1032
4574 1424
4575 3944
4576 3953
4577 3953
4578 1427
4579 3998
4580 3962
4581 1060
4582 1435
4583 1427
4584 1057
4585 1422
4586 1435
4587 3655
4588 3796
4589 3801
4590 3865
4591 3865
4592 3864
4593 3807
4594 3819
4595 3816
4596 3823
4597 3806
4598 3823
4599 1313
4600 1313
4601 1211
4602 1217
4603 3823
4604 3806
4605 3823
4606 3806
4607 3819
4608 3809
4609 3803
4610 3815
4611 3815
4612 3886
4613 3767
4614 3970
4615 3973
4616 3950
4617 3945
4618 3805
4619 1030
4620 3971
4621 3971
4622 3968
4623 3968
4624 1030
4625 1422
4626 1033
4627 1025
4628 1391
4629 3840
4630 1030
4631 3973
4632 3974
4633 3953
4634 3951
4635 3944
4636 3951
4637 3951
4638 3767
4639 1391
4640 3970
4641 3961
4642 3655
4643 3917
4644 3801
4645 1040
4646 3796
4647 3701
4648 3655
4649 3655
4650 1068
4651 1077
4652 1211
4653 1242
4654 1235
4655 1242
4656 1242
4657 1242
4658 1223
4659 1165
4660 1245
4661 1245
4662 1245
4663 1245
4664 1242
4665 3823
4666 3820
4667 3823
4668 1211
4669 1245
4670 1242
4671 1220
4672 3823
4673 3823
4674 3819
4675 3973
4676 3961
4677 1046
4678 1226
4679 1245
4680 1245
4681 1242
4682 1242
4683 1242
4684 1226
4685 3811
4686 3892
4687 3892
4688 1242
4689 1242
4690 1242
4691 3655
4692 3840
4693 1264
4694 3961
4695 1245
4696 1230
4697 1242
4698 1242
4699 1242
4700 1242
4701 1069
4702 1075
4703 3914
4704 3946
4705 1242
4706 1242
4707 1242
4708 3701
4709 3701
4710 3778
4711 1242
4712 1437
4713 3914
4714 3914
4715 3698
4716 1313
4717 1062
4718 1245
4719 1245
4720 3823
4721 3823
4722 3820
4723 3807
4724 3821
4725 3823
4726 3961
4727 3962
4728 3823
4729 1242
4730 3655
4731 3843
4732 1391
4733 1200
4734 1245
4735 1245
4736 1245
4737 1245
4738 3701
4739 3701
4740 3824
4741 1242
4742 3886
4743 3840
4744 1230
4745 3701
4746 3659
4747 3775
4748 3815
4749 3971
4750 3964
4751 3840
4752 1230
4753 3944
4754 3823
4755 1226
4756 3823
4757 3655
4758 3886
4759 1165
4760 3823
4761 1422
4762 3797
4763 3786
4764 3823
4765 1062
4766 3855
4767 1072
4768 1211
4769 3819
4770 3808
4771 3808
4772 3790
4773 3784
4774 3861
4775 3786
4776 1061
4777 1062
4778 3854
4779 1060
4780 1062
4781 1072
4782 3816
4783 3819
4784 3808
4785 3803
4786 3801
4787 3815
4788 3823
4789 1238
4790 1439
4791 3811
4792 3820
4793 3823
4794 1165
4795 3840
4796 1062
4797 1211
4798 1245
4799 1242
4800 1242
4801 3864
4802 3802
4803 1245
4804 3812
4805 3816
4806 3823
4807 3809
4808 3864
4809 3816
4810 3808
4811 3809
4812 3861
4813 1242
4814 1165
4815 3855
4816 3861
4817 3850
4818 3766
4819 1226
4820 3809
4821 1244
4822 1437
4823 3808
4824 3808
4825 3803
4826 3874
4827 1435
4828 1040
4829 1113
4830 3819
4831 1165
4832 1313
4833 3823
4834 3805
4835 3823
4836 1313
4837 1188
4838 1211
4839 1211
4840 3799
4841 1437
4842 3823
4843 1226
4844 3819
4845 3816
4846 3805
4847 3823
4848 1188
4849 1046
4850 3809
4851 3855
4852 3796
4853 3802
4854 3864
4855 3815
4856 3858
4857 1062
4858 1062
4859 3624
4860 1242
4861 1243
4862 1242
4863 1305
4864 1211
4865 1188
4866 1188
4867 1189
4868 1313
4869 1062
4870 3866
4871 1242
4872 1314
4873 1211
4874 3823
4875 3866
4876 3864
4877 3870
4878 3798
4879 3892
4880 3771
4881 3862
4882 3806
4883 3796
4884 3655
4885 3819
4886 1241
4887 1211
4888 3823
4889 3823
4890 3823
4891 1313
4892 1165
4893 3823
4894 1165
4895 3778
4896 3766
4897 3799
4898 3823
4899 1188
4900 1435
4901 1113
4902 3854
4903 3823
4904 3823
4905 1313
4906 3819
4907 1242
4908 1240
4909 1240
4910 1211
4911 3801
4912 3854
4913 3874
4914 3803
4915 3799
4916 3767
4917 3798
4918 3861
4919 3846
4920 3655
4921 3797
4922 1211
4923 1211
4924 3825
4925 3811
4926 3812
4927 3858
4928 3624
4929 3810
4930 3823
4931 3796
4932 3807
4933 3804
4934 3865
4935 3815
4936 3854
4937 3865
4938 3624
4939 3801
4940 3861
4941 1313
4942 3854
4943 3858
4944 3802
4945 3819
4946 3809
4947 3872
4948 1211
4949 3870
4950 1211
4951 3823
4952 3823
4953 3823
4954 3823
4955 3817
4956 3805
4957 3811
4958 3823
4959 3807
4960 3814
4961 3823
4962 3823
4963 0
4964 116
4965 95
4966 94
4967 94
4968 95
4969 1737
4970 95
4971 95
4972 976
4973 95
4974 0
4975 0
4976 0
4977 0
4978 0
4979 0
4980 0
4981 0
4982 2250
4983 2072
4984 2072
4985 2072
4986 2072
4987 2049
4988 2020
4989 2131
4990 2020
4991 2020
4992 2072
4993 2304
4994 2304
4995 2072
4996 2072
4997 2250
4998 2020
4999 2020
5000 2020
5001 2023
5002 2023
5003 2023
5004 2252
5005 1983
5006 2040
5007 2088
5008 2088
5009 2301
5010 2303
5011 2250
5012 2248
5013 2023
5014 2072
5015 2043
5016 2020
5017 2023
5018 2020
5019 2020
5020 2023
5021 2072
5022 2020
5023 2020
5024 2146
5025 2244
5026 2139
5027 2250
5028 2146
5029 2020
5030 2020
5031 2020
5032 2023
5033 2131
5034 2072
5035 2020
5036 2020
5037 2131
5038 2020
5039 555
5040 555
5041 1727
5042 1727
5043 1727
5044 1727
5045 2633
5046 527
5047 1727
5048 555
5049 1727
5050 5186
5051 555
5052 5186
5053 1746
5054 5186
5055 2442
5056 1644
5057 2072
5058 990
5059 768
5060 788
5061 988
5062 839
5063 978
5064 1180
5065 1364
5066 4893
5067 1364
5068 1180
5069 1798
5070 3277
5071 3221
5072 2458
5073 2460
5074 4999
5075 5153
5076 4639
5077 5153
5078 5153
5079 4694
5080 4599
5081 4560
5082 4560
5083 4560
5084 4503
5085 5153
5086 5153
5087 4735
5088 4503
5089 4758
5090 4759
5091 4797
5092 4795
5093 4804
5094 4804
5095 4796
5096 4795
5097 4792
5098 4686
5099 4845
5100 4844
5101 4594
5102 4638
5103 5153
5104 5153
5105 5153
5106 5153
5107 4804
5108 4797
5109 4503
5110 4560
5111 4560
5112 4560
5113 4560
5114 4541
5115 4560
5116 4804
5117 1084
5118 4943
5119 4943
5120 3165
5121 706
5122 1084
5123 4471
5124 1130
5125 4471
5126 1581
5127 4473
5128 1083
5129 5153
5130 1245
5131 3766
5132 1242
5133 1242
5134 3801
5135 1242
5136 1242
5137 3701
5138 3819
5139 1211
5140 1242
5141 3864
5142 1245
5143 1245
5144 3777
5145 1242
5146 1242
5147 1242
5148 1245
5149 1263
5150 4757
5151 2143
5152 2145
5153 2252
5154 2463
5155 1364
5156 1180
5157 716
5158 1375
5159 1051
5160 1056
5161 2463
5162 1056
5163 1364
5164 1051
5165 1180
5166 1180
5167 2463
5168 1180
5169 1180
5170 1180
5171 2462
5172 1364
5173 1051
5174 2463
5175 2463
5176 1051
5177 1180
5178 1364
5179 1180
5180 1180
5181 715
5182 1180
5183 1180
5184 1180
5185 1180
5186 1180
5187 716
5188 2462
5189 2463
5190 1056
5191 2463
5192 2495
5193 2463
5194 1846
5195 1180
5196 1364
5197 2143
5198 148
5199 169
