0 2561
1 1968
2 650
3 658
4 2819
5 2815
6 2819
7 2809
8 2843
9 2653
10 2819
11 2464
12 2376
13 2405
14 2376
15 2306
16 2306
17 2247
18 2306
19 2292
20 2247
21 2126
22 2126
23 2100
24 2126
25 2033
26 1912
27 1606
28 2401
29 3569
30 2510
31 2510
32 2618
33 2618
34 5107
35 5107
36 5107
37 2510
38 2510
39 2510
40 2510
41 2510
42 2347
43 2495
44 2495
45 2793
46 2793
47 2793
48 2793
49 2793
50 2793
51 2793
52 2793
53 2793
54 2793
55 2793
56 3068
57 3082
58 3807
59 3828
60 3828
61 3828
62 3828
63 3828
64 3828
65 3828
66 3828
67 3828
68 3828
69 3828
70 3828
71 3828
72 3828
73 3828
74 3828
75 3828
76 3828
77 3828
78 3828
79 3828
80 3828
81 3828
82 3828
83 3828
84 3828
85 3828
86 3828
87 3781
88 4354
89 3781
90 4354
91 4354
92 4354
93 4354
94 4354
95 4354
96 4354
97 4354
98 4059
99 410
100 410
101 410
102 502
103 503
104 503
105 507
106 503
107 457
108 457
109 457
110 471
111 547
112 478
113 457
114 507
115 532
116 538
117 507
118 547
119 532
120 507
121 511
122 507
123 507
124 503
125 457
126 532
127 547
128 532
129 547
130 558
131 549
132 559
133 573
134 549
135 538
136 559
137 538
138 503
139 511
140 507
141 511
142 503
143 478
144 503
145 471
146 471
147 457
148 507
149 503
150 511
151 511
152 547
153 532
154 511
155 532
156 538
157 532
158 559
159 552
160 511
161 532
162 1549
163 558
164 1549
165 1542
166 558
167 584
168 573
169 573
170 584
171 593
172 593
173 558
174 584
175 1542
176 532
177 532
178 547
179 1549
180 507
181 4882
182 1528
183 1542
184 1456
185 1549
186 584
187 1574
188 584
189 503
190 503
191 507
192 511
193 507
194 541
195 503
196 4882
197 478
198 4882
199 4614
200 507
201 503
202 507
203 507
204 478
205 507
206 507
207 1253
208 5182
209 507
210 541
211 5182
212 547
213 511
214 511
215 511
216 547
217 511
218 1253
219 1253
220 1253
221 1258
222 1258
223 1456
224 5182
225 1411
226 5182
227 5182
228 1456
229 1549
230 1456
231 1542
232 1456
233 1456
234 593
235 631
236 584
237 606
238 1167
239 1197
240 1173
241 1214
242 1188
243 1264
244 1230
245 468
246 1264
247 1260
248 557
249 468
250 555
251 1727
252 1656
253 512
254 533
255 557
256 1214
257 557
258 557
259 557
260 557
261 557
262 557
263 557
264 555
265 555
266 555
267 1727
268 2249
269 2249
270 2054
271 533
272 1898
273 2223
274 2223
275 2249
276 2283
277 2217
278 512
279 2528
280 2513
281 2539
282 2550
283 2247
284 2381
285 2283
286 2513
287 2465
288 2273
289 2385
290 2273
291 2914
292 2464
293 2997
294 2959
295 533
296 2128
297 533
298 555
299 2178
300 533
301 533
302 2273
303 521
304 533
305 533
306 2998
307 521
308 521
309 521
310 2539
311 2723
312 2842
313 2557
314 2653
315 2801
316 2819
317 2827
318 2827
319 2827
320 2827
321 2783
322 2783
323 2783
324 2819
325 2809
326 2809
327 2819
328 2819
329 2827
330 2827
331 2842
332 2842
333 2819
334 2783
335 2819
336 2819
337 2783
338 2830
339 2827
340 2827
341 2827
342 2843
343 2816
344 2819
345 2816
346 2816
347 2913
348 2879
349 2781
350 2781
351 2781
352 2781
353 2913
354 2997
355 2997
356 2959
357 2959
358 2880
359 2914
360 2913
361 2959
362 2998
363 2998
364 2706
365 2913
366 2879
367 2827
368 2843
369 2816
370 2816
371 2781
372 2913
373 2959
374 2827
375 2843
376 2816
377 2781
378 2781
379 2879
380 2385
381 2913
382 2706
383 2385
384 2959
385 2914
386 2959
387 2959
388 2997
389 2998
390 2997
391 2959
392 2273
393 2273
394 521
395 2998
396 521
397 2273
398 2128
399 521
400 2128
401 2385
402 2912
403 2912
404 2959
405 2385
406 2959
407 2997
408 2273
409 2273
410 2273
411 2306
412 2359
413 3031
414 2385
415 3031
416 3031
417 2997
418 2997
419 2997
420 2273
421 2273
422 2997
423 2273
424 2273
425 2273
426 2217
427 2273
428 2128
429 2128
430 2128
431 2110
432 2128
433 2128
434 2385
435 3031
436 2997
437 2198
438 3132
439 2273
440 2997
441 2273
442 2273
443 2273
444 2223
445 2178
446 2128
447 2273
448 2178
449 2128
450 2082
451 2128
452 2110
453 2089
454 2273
455 2273
456 2716
457 2198
458 2178
459 2716
460 2178
461 2178
462 2178
463 2110
464 1839
465 2089
466 2082
467 2082
468 1961
469 1948
470 2048
471 1961
472 2150
473 2150
474 1948
475 2178
476 2629
477 2554
478 2709
479 1938
480 1938
481 1938
482 1938
483 1938
484 1463
485 2048
486 1839
487 1737
488 1737
489 1747
490 1663
491 1737
492 1737
493 1193
494 1948
495 2575
496 2554
497 2489
498 2478
499 2686
500 2554
501 1938
502 1938
503 1669
504 2717
505 2554
506 1938
507 2554
508 1669
509 1463
510 1463
511 1663
512 1383
513 1383
514 1572
515 1383
516 1669
517 1663
518 1669
519 1669
520 1383
521 1228
522 1383
523 1383
524 2100
525 2501
526 2407
527 2489
528 2422
529 2554
530 2554
531 2554
532 2554
533 2532
534 2532
535 2532
536 2554
537 1669
538 1669
539 2501
540 1669
541 1383
542 1572
543 1383
544 1383
545 1572
546 1669
547 2532
548 1669
549 2509
550 2532
551 1669
552 1669
553 1572
554 1572
555 2441
556 2422
557 2422
558 2422
559 1572
560 2441
561 2401
562 2422
563 2401
564 2384
565 5107
566 2401
567 2401
568 2401
569 2401
570 2422
571 2532
572 2532
573 2532
574 2422
575 2422
576 2401
577 2407
578 2422
579 1572
580 2509
581 2442
582 2532
583 2433
584 2442
585 2441
586 2442
587 2433
588 2433
589 2433
590 2433
591 2422
592 2442
593 2422
594 2490
595 2433
596 2335
597 2433
598 2419
599 1669
600 1383
601 42
602 1383
603 2335
604 42
605 1383
606 1383
607 1228
608 1228
609 1228
610 1383
611 42
612 1383
613 1383
614 42
615 1193
616 1228
617 1228
618 1228
619 1228
620 1383
621 1148
622 1148
623 42
624 1228
625 42
626 1131
627 1193
628 1102
629 42
630 1148
631 1131
632 1079
633 1079
634 1079
635 2170
636 1079
637 1148
638 1148
639 1079
640 1148
641 1148
642 1148
643 1148
644 2105
645 2149
646 2155
647 2105
648 2105
649 1079
650 2734
651 5107
652 5107
653 2418
654 2395
655 2401
656 2395
657 2395
658 2395
659 2340
660 2395
661 2395
662 2418
663 2395
664 2340
665 5107
666 5110
667 2401
668 2340
669 2340
670 2422
671 2384
672 2401
673 2340
674 2340
675 2348
676 2348
677 1606
678 2510
679 2510
680 2510
681 2510
682 2510
683 2510
684 2495
685 2495
686 2432
687 2432
688 2389
689 2510
690 2510
691 2618
692 2618
693 2495
694 2734
695 2734
696 2495
697 2510
698 2495
699 2347
700 5107
701 5110
702 3709
703 5107
704 3709
705 2495
706 2347
707 5107
708 3709
709 5107
710 4383
711 2401
712 2433
713 2396
714 2422
715 2401
716 2401
717 2401
718 2401
719 2396
720 2396
721 2348
722 2348
723 2443
724 2352
725 2793
726 2793
727 2793
728 2793
729 2793
730 2793
731 2793
732 2793
733 2793
734 3162
735 2793
736 3756
737 3162
738 3082
739 3162
740 2793
741 2734
742 2510
743 2510
744 2793
745 2793
746 2793
747 2793
748 2793
749 2793
750 2734
751 2793
752 2347
753 3750
754 3750
755 3770
756 3750
757 3770
758 3699
759 3750
760 3750
761 3770
762 3045
763 3162
764 3045
765 3162
766 2793
767 2793
768 3023
769 2793
770 3630
771 3082
772 3828
773 3828
774 3238
775 3082
776 3692
777 3828
778 3828
779 3082
780 3692
781 3692
782 3682
783 3682
784 3750
785 3682
786 3900
787 3682
788 3682
789 3770
790 3770
791 1247
792 1228
793 1193
794 3828
795 3828
796 3828
797 3828
798 3828
799 3692
800 3828
801 3828
802 3688
803 3692
804 3688
805 3692
806 3692
807 3781
808 3688
809 3692
810 3688
811 3692
812 3692
813 3915
814 3900
815 3915
816 4354
817 4354
818 3898
819 3688
820 4354
821 4059
822 4059
823 3915
824 3932
825 2831
826 2809
827 2830
828 2847
829 3034
830 2921
831 3276
832 3276
833 3427
834 3427
835 3142
836 3401
837 3276
838 3276
839 14
840 14
841 2906
842 2614
843 2572
844 2572
845 2343
846 2084
847 2343
848 2094
849 2151
850 2084
851 2084
852 2071
853 2084
854 2071
855 2872
856 1746
857 3060
858 3172
859 4037
860 5088
861 4065
862 5088
863 4065
864 3839
865 5088
866 3904
867 3866
868 3866
869 3866
870 4540
871 4538
872 3950
873 3950
874 4005
875 4057
876 4057
877 4057
878 4094
879 4094
880 4094
881 4094
882 4094
883 4059
884 4059
885 4059
886 4059
887 4059
888 4059
889 602
890 584
891 606
892 621
893 636
894 617
895 619
896 619
897 670
898 603
899 603
900 607
901 607
902 607
903 615
904 581
905 615
906 581
907 581
908 581
909 607
910 626
911 609
912 633
913 672
914 633
915 638
916 607
917 595
918 607
919 664
920 662
921 638
922 573
923 584
924 561
925 549
926 586
927 597
928 593
929 597
930 581
931 566
932 554
933 556
934 550
935 552
936 529
937 538
938 552
939 556
940 558
941 556
942 554
943 565
944 552
945 565
946 565
947 558
948 565
949 593
950 1549
951 589
952 584
953 584
954 631
955 589
956 584
957 589
958 584
959 631
960 606
961 621
962 581
963 575
964 554
965 581
966 546
967 554
968 554
969 581
970 581
971 554
972 581
973 546
974 591
975 591
976 581
977 591
978 581
979 586
980 566
981 565
982 589
983 586
984 617
985 599
986 591
987 591
988 626
989 652
990 633
991 664
992 664
993 670
994 599
995 642
996 621
997 606
998 593
999 614
1000 597
1001 602
1002 642
1003 642
1004 615
1005 615
1006 547
1007 1258
1008 1268
1009 4866
1010 552
1011 1411
1012 552
1013 1411
1014 1411
1015 1411
1016 558
1017 1549
1018 1456
1019 1456
1020 1549
1021 1549
1022 589
1023 642
1024 681
1025 689
1026 693
1027 696
1028 695
1029 747
1030 756
1031 764
1032 678
1033 654
1034 691
1035 713
1036 700
1037 698
1038 662
1039 664
1040 700
1041 704
1042 739
1043 727
1044 739
1045 739
1046 691
1047 662
1048 689
1049 716
1050 726
1051 767
1052 716
1053 788
1054 754
1055 709
1056 759
1057 732
1058 624
1059 636
1060 636
1061 631
1062 658
1063 650
1064 621
1065 650
1066 696
1067 658
1068 714
1069 645
1070 624
1071 646
1072 646
1073 658
1074 695
1075 756
1076 714
1077 714
1078 742
1079 749
1080 749
1081 760
1082 698
1083 676
1084 678
1085 693
1086 654
1087 691
1088 711
1089 727
1090 671
1091 668
1092 658
1093 696
1094 735
1095 742
1096 749
1097 739
1098 689
1099 716
1100 737
1101 716
1102 767
1103 747
1104 714
1105 737
1106 766
1107 800
1108 800
1109 803
1110 849
1111 873
1112 799
1113 799
1114 795
1115 805
1116 759
1117 754
1118 759
1119 782
1120 771
1121 793
1122 793
1123 812
1124 799
1125 827
1126 842
1127 807
1128 853
1129 829
1130 830
1131 812
1132 813
1133 867
1134 824
1135 841
1136 772
1137 772
1138 800
1139 803
1140 845
1141 860
1142 803
1143 791
1144 791
1145 804
1146 791
1147 795
1148 749
1149 788
1150 773
1151 809
1152 886
1153 839
1154 845
1155 807
1156 809
1157 849
1158 847
1159 863
1160 889
1161 916
1162 934
1163 943
1164 927
1165 976
1166 853
1167 892
1168 959
1169 935
1170 885
1171 867
1172 867
1173 841
1174 851
1175 885
1176 959
1177 892
1178 962
1179 985
1180 983
1181 895
1182 956
1183 892
1184 902
1185 889
1186 896
1187 927
1188 927
1189 938
1190 957
1191 957
1192 889
1193 896
1194 864
1195 842
1196 873
1197 876
1198 916
1199 927
1200 896
1201 943
1202 965
1203 927
1204 957
1205 985
1206 1035
1207 1006
1208 993
1209 988
1210 1046
1211 1012
1212 1056
1213 1051
1214 1039
1215 1032
1216 956
1217 931
1218 1010
1219 983
1220 956
1221 924
1222 974
1223 1007
1224 1061
1225 1001
1226 1003
1227 1003
1228 1038
1229 957
1230 1012
1231 988
1232 1012
1233 1012
1234 988
1235 976
1236 989
1237 1012
1238 988
1239 996
1240 1024
1241 1026
1242 1012
1243 1006
1244 931
1245 948
1246 956
1247 1007
1248 983
1249 948
1250 1010
1251 1010
1252 1038
1253 1092
1254 1049
1255 1081
1256 1104
1257 1072
1258 1109
1259 1103
1260 1145
1261 1136
1262 1158
1263 1197
1264 1160
1265 1161
1266 1136
1267 1147
1268 1186
1269 1104
1270 1129
1271 1133
1272 1133
1273 1089
1274 1129
1275 1129
1276 1172
1277 1151
1278 1056
1279 1051
1280 1063
1281 1076
1282 1074
1283 1094
1284 1071
1285 1068
1286 1100
1287 1109
1288 1068
1289 1109
1290 1085
1291 1095
1292 1092
1293 1066
1294 1066
1295 1038
1296 1087
1297 1066
1298 1038
1299 1066
1300 1054
1301 1032
1302 1054
1303 1054
1304 1054
1305 1068
1306 1095
1307 1042
1308 1039
1309 1051
1310 1044
1311 1069
1312 1071
1313 1100
1314 1056
1315 1051
1316 1094
1317 1141
1318 1141
1319 1136
1320 1107
1321 1079
1322 1111
1323 2145
1324 1079
1325 1140
1326 1125
1327 1131
1328 1131
1329 1131
1330 1148
1331 2145
1332 1148
1333 1140
1334 1116
1335 1118
1336 1118
1337 1118
1338 1104
1339 1072
1340 1104
1341 1092
1342 1103
1343 1133
1344 1129
1345 1124
1346 1103
1347 1137
1348 1145
1349 1103
1350 1079
1351 1111
1352 1111
1353 1097
1354 1109
1355 1103
1356 1097
1357 1137
1358 1081
1359 1001
1360 1024
1361 1061
1362 1061
1363 1092
1364 1161
1365 1177
1366 1186
1367 1160
1368 1210
1369 1230
1370 1210
1371 1227
1372 1230
1373 1230
1374 1186
1375 1164
1376 1210
1377 1227
1378 1177
1379 1216
1380 1164
1381 1172
1382 1129
1383 1172
1384 1151
1385 1151
1386 1164
1387 1203
1388 1172
1389 1172
1390 1149
1391 1322
1392 1337
1393 1322
1394 1216
1395 1216
1396 1337
1397 1337
1398 1216
1399 1476
1400 1675
1401 1782
1402 2193
1403 1675
1404 1243
1405 1422
1406 1233
1407 1203
1408 1164
1409 1169
1410 1177
1411 1169
1412 1205
1413 1233
1414 1233
1415 1186
1416 1125
1417 1148
1418 1140
1419 557
1420 557
1421 1167
1422 1140
1423 1125
1424 1129
1425 1161
1426 1161
1427 1161
1428 1137
1429 1181
1430 1145
1431 1147
1432 1177
1433 1147
1434 1169
1435 1181
1436 1158
1437 1160
1438 1158
1439 557
1440 1193
1441 1188
1442 1173
1443 557
1444 557
1445 1173
1446 477
1447 1181
1448 1210
1449 1186
1450 1160
1451 1163
1452 1230
1453 1230
1454 1186
1455 1188
1456 2326
1457 2249
1458 2321
1459 2244
1460 1675
1461 2523
1462 2212
1463 2300
1464 1422
1465 1935
1466 2573
1467 2167
1468 2434
1469 2380
1470 4601
1471 1720
1472 2596
1473 1650
1474 1675
1475 2244
1476 2212
1477 1675
1478 1337
1479 1270
1480 1422
1481 2249
1482 1233
1483 1293
1484 1650
1485 1233
1486 1186
1487 1216
1488 1227
1489 1704
1490 1233
1491 1227
1492 2535
1493 2577
1494 2577
1495 2620
1496 2516
1497 2637
1498 2444
1499 2576
1500 2779
1501 2625
1502 5
1503 2789
1504 2910
1505 2927
1506 2825
1507 2675
1508 2528
1509 2522
1510 2732
1511 2595
1512 2522
1513 2930
1514 2595
1515 2599
1516 2674
1517 2630
1518 3
1519 2725
1520 2764
1521 2764
1522 2786
1523 3
1524 2955
1525 15
1526 15
1527 3
1528 2972
1529 15
1530 2834
1531 2984
1532 14
1533 0
1534 2414
1535 2855
1536 2984
1537 2504
1538 2596
1539 2504
1540 2855
1541 2504
1542 1704
1543 2993
1544 2504
1545 1704
1546 1233
1547 1704
1548 1227
1549 1227
1550 4626
1551 4626
1552 4626
1553 4646
1554 555
1555 477
1556 1230
1557 555
1558 468
1559 104
1560 1227
1561 1198
1562 1230
1563 1230
1564 4648
1565 487
1566 487
1567 496
1568 504
1569 104
1570 504
1571 1230
1572 4626
1573 72
1574 4646
1575 3005
1576 2895
1577 3009
1578 2786
1579 14
1580 2787
1581 3024
1582 3239
1583 3151
1584 2795
1585 3059
1586 2884
1587 3276
1588 3276
1589 3128
1590 3086
1591 3000
1592 3239
1593 3299
1594 3118
1595 3276
1596 3405
1597 3419
1598 3299
1599 3257
1600 3257
1601 3257
1602 3365
1603 3189
1604 3276
1605 3171
1606 3171
1607 3199
1608 2984
1609 2984
1610 1
1611 14
1612 13
1613 13
1614 13
1615 2664
1616 2723
1617 3020
1618 3123
1619 2973
1620 2809
1621 3123
1622 2809
1623 3000
1624 2921
1625 3365
1626 3401
1627 3386
1628 3034
1629 3034
1630 3276
1631 2783
1632 3276
1633 3276
1634 3276
1635 3128
1636 2848
1637 3276
1638 2847
1639 2809
1640 3276
1641 3386
1642 3299
1643 3419
1644 3299
1645 3257
1646 3199
1647 14
1648 3171
1649 3308
1650 14
1651 14
1652 14
1653 14
1654 2984
1655 16
1656 2504
1657 2953
1658 2504
1659 2993
1660 1704
1661 2568
1662 2906
1663 2906
1664 14
1665 2906
1666 2984
1667 2568
1668 2496
1669 2590
1670 2168
1671 2320
1672 2320
1673 2320
1674 4626
1675 2168
1676 2168
1677 4626
1678 111
1679 2168
1680 111
1681 111
1682 1967
1683 111
1684 2608
1685 2491
1686 2320
1687 2458
1688 1967
1689 2056
1690 2204
1691 2204
1692 2343
1693 2071
1694 2071
1695 2343
1696 2084
1697 2084
1698 2071
1699 2168
1700 2101
1701 1967
1702 2258
1703 2168
1704 521
1705 521
1706 104
1707 516
1708 286
1709 4657
1710 4626
1711 4626
1712 4626
1713 516
1714 71
1715 2110
1716 4626
1717 2188
1718 2172
1719 111
1720 111
1721 111
1722 2056
1723 1967
1724 2204
1725 2204
1726 1967
1727 2071
1728 2258
1729 2168
1730 1967
1731 2056
1732 2204
1733 1967
1734 2056
1735 2204
1736 2147
1737 2151
1738 2084
1739 2071
1740 2071
1741 2084
1742 2071
1743 2101
1744 1967
1745 2258
1746 2131
1747 2110
1748 2188
1749 196
1750 2110
1751 2188
1752 2110
1753 2122
1754 2172
1755 2172
1756 2110
1757 2128
1758 2110
1759 2249
1760 2283
1761 2110
1762 2188
1763 2249
1764 2172
1765 2258
1766 2258
1767 1967
1768 2258
1769 2101
1770 2101
1771 1967
1772 2223
1773 2118
1774 2118
1775 2249
1776 2172
1777 2147
1778 2249
1779 2122
1780 2110
1781 2118
1782 2118
1783 2122
1784 2188
1785 2172
1786 2122
1787 1967
1788 2204
1789 2204
1790 2147
1791 2056
1792 2258
1793 2084
1794 1949
1795 1736
1796 1242
1797 1814
1798 1949
1799 2172
1800 1988
1801 2095
1802 2005
1803 2118
1804 2095
1805 2095
1806 2095
1807 1988
1808 1457
1809 2048
1810 2005
1811 1705
1812 1737
1813 1929
1814 1982
1815 2056
1816 1876
1817 2990
1818 1221
1819 2258
1820 1958
1821 1242
1822 3225
1823 1359
1824 1585
1825 1315
1826 1457
1827 1494
1828 1651
1829 1651
1830 1494
1831 1354
1832 1354
1833 1494
1834 1211
1835 1211
1836 1198
1837 1354
1838 1694
1839 1457
1840 1244
1841 1535
1842 1211
1843 1211
1844 1457
1845 1359
1846 2704
1847 1242
1848 3164
1849 1585
1850 1242
1851 1242
1852 1355
1853 1193
1854 1193
1855 1278
1856 1694
1857 1520
1858 1662
1859 1433
1860 1535
1861 1634
1862 1433
1863 1520
1864 1433
1865 1237
1866 1245
1867 1651
1868 1494
1869 1694
1870 1494
1871 1694
1872 1494
1873 1694
1874 1520
1875 1606
1876 1694
1877 1949
1878 1457
1879 1643
1880 1662
1881 1359
1882 1662
1883 1214
1884 1295
1885 1250
1886 1295
1887 1737
1888 1383
1889 2702
1890 3178
1891 1246
1892 3225
1893 3379
1894 3416
1895 1355
1896 1753
1897 1694
1898 1634
1899 1634
1900 1634
1901 1520
1902 1694
1903 1705
1904 1973
1905 1520
1906 1606
1907 1592
1908 1592
1909 1634
1910 1973
1911 1634
1912 1973
1913 1753
1914 1510
1915 1462
1916 1355
1917 1359
1918 4606
1919 1359
1920 3462
1921 1355
1922 1481
1923 1510
1924 1446
1925 4037
1926 3428
1927 3462
1928 3511
1929 3483
1930 4065
1931 3503
1932 4940
1933 4938
1934 1359
1935 1510
1936 1493
1937 1481
1938 4391
1939 1359
1940 1368
1941 1295
1942 1463
1943 1250
1944 1705
1945 1593
1946 1463
1947 1705
1948 1705
1949 1663
1950 1663
1951 1572
1952 1572
1953 1889
1954 1572
1955 1572
1956 1572
1957 1572
1958 1973
1959 1572
1960 1572
1961 1572
1962 1572
1963 1572
1964 1889
1965 1973
1966 1634
1967 1520
1968 1520
1969 1606
1970 1520
1971 1520
1972 1592
1973 1592
1974 1520
1975 1753
1976 1634
1977 1669
1978 1572
1979 2441
1980 1669
1981 2433
1982 1572
1983 1669
1984 1572
1985 1572
1986 1973
1987 1669
1988 1669
1989 1663
1990 1572
1991 1572
1992 1663
1993 2433
1994 1669
1995 1572
1996 1572
1997 1520
1998 1634
1999 1973
2000 1634
2001 1634
2002 1520
2003 1520
2004 1520
2005 1510
2006 1592
2007 1753
2008 1973
2009 1973
2010 1889
2011 1705
2012 1463
2013 1669
2014 1383
2015 1383
2016 1973
2017 1593
2018 1383
2019 1705
2020 1663
2021 1663
2022 1383
2023 1593
2024 1383
2025 1383
2026 1383
2027 1383
2028 1383
2029 1247
2030 1753
2031 1705
2032 1494
2033 1973
2034 1634
2035 1520
2036 1494
2037 1694
2038 1694
2039 1250
2040 1245
2041 1250
2042 1694
2043 1694
2044 1315
2045 1520
2046 1315
2047 1520
2048 1315
2049 1433
2050 1237
2051 1494
2052 1433
2053 1433
2054 1315
2055 1433
2056 1510
2057 1383
2058 1510
2059 1315
2060 1315
2061 1520
2062 1244
2063 1520
2064 1520
2065 1493
2066 1315
2067 1345
2068 1345
2069 1345
2070 1383
2071 1228
2072 1247
2073 1228
2074 1247
2075 1237
2076 1207
2077 1211
2078 1228
2079 1193
2080 1170
2081 1167
2082 1166
2083 1226
2084 1185
2085 1226
2086 1244
2087 1244
2088 1166
2089 1170
2090 1154
2091 1125
2092 1170
2093 1154
2094 2238
2095 1121
2096 1141
2097 1154
2098 1154
2099 1226
2100 1244
2101 1198
2102 1315
2103 1226
2104 1264
2105 1315
2106 1226
2107 1154
2108 1245
2109 1185
2110 1166
2111 1121
2112 1125
2113 1102
2114 1170
2115 1148
2116 1148
2117 1154
2118 1085
2119 2187
2120 1141
2121 1102
2122 1079
2123 1095
2124 1102
2125 1079
2126 1085
2127 1085
2128 2165
2129 1121
2130 1166
2131 1102
2132 2221
2133 1125
2134 1115
2135 1068
2136 1055
2137 1068
2138 1068
2139 1069
2140 1069
2141 1074
2142 1068
2143 1054
2144 1053
2145 2149
2146 1059
2147 1059
2148 1042
2149 1059
2150 1059
2151 2165
2152 2161
2153 2202
2154 1148
2155 4142
2156 1053
2157 2149
2158 2187
2159 2242
2160 1032
2161 977
2162 2024
2163 2073
2164 980
2165 2091
2166 1977
2167 1014
2168 1014
2169 1014
2170 1017
2171 980
2172 1014
2173 1014
2174 1017
2175 2106
2176 2074
2177 2139
2178 977
2179 977
2180 4070
2181 1042
2182 1014
2183 1014
2184 2161
2185 2113
2186 2016
2187 2139
2188 2161
2189 2074
2190 2069
2191 2139
2192 2074
2193 2024
2194 2073
2195 2024
2196 2024
2197 2073
2198 2091
2199 980
2200 980
2201 2081
2202 2017
2203 2052
2204 2091
2205 1944
2206 2091
2207 938
2208 2039
2209 2052
2210 2074
2211 2139
2212 2107
2213 4070
2214 2025
2215 2025
2216 2024
2217 2091
2218 2091
2219 2024
2220 2075
2221 2024
2222 980
2223 1977
2224 2052
2225 2091
2226 2024
2227 1977
2228 2091
2229 2052
2230 2039
2231 2008
2232 2017
2233 2052
2234 2052
2235 1991
2236 2039
2237 2045
2238 1991
2239 2040
2240 2052
2241 2026
2242 2040
2243 2052
2244 1991
2245 2002
2246 2045
2247 2002
2248 1767
2249 1971
2250 2017
2251 2106
2252 2091
2253 2075
2254 2039
2255 2039
2256 1978
2257 2008
2258 2045
2259 1896
2260 2008
2261 2008
2262 2002
2263 2026
2264 2052
2265 1991
2266 2045
2267 2002
2268 2031
2269 2045
2270 1991
2271 2045
2272 1991
2273 2052
2274 1832
2275 2010
2276 2002
2277 2010
2278 1883
2279 2027
2280 1990
2281 1993
2282 1750
2283 1820
2284 1955
2285 2031
2286 1922
2287 1725
2288 1870
2289 1986
2290 1986
2291 1989
2292 1953
2293 1956
2294 1956
2295 1956
2296 1953
2297 1986
2298 1979
2299 1932
2300 1986
2301 1956
2302 1673
2303 1717
2304 1715
2305 1883
2306 2031
2307 1990
2308 1883
2309 1896
2310 1986
2311 2031
2312 1870
2313 1970
2314 1989
2315 1986
2316 1734
2317 1986
2318 1956
2319 1750
2320 1990
2321 1955
2322 1734
2323 1725
2324 1871
2325 1715
2326 1932
2327 1932
2328 1871
2329 1956
2330 1883
2331 1725
2332 2002
2333 1990
2334 2031
2335 1922
2336 1871
2337 1725
2338 1956
2339 1647
2340 1768
2341 1680
2342 1638
2343 1587
2344 1587
2345 1630
2346 1647
2347 1577
2348 1599
2349 1577
2350 1487
2351 1577
2352 1514
2353 1487
2354 1487
2355 1487
2356 1487
2357 1487
2358 1487
2359 1487
2360 1487
2361 1680
2362 1630
2363 1779
2364 1768
2365 1859
2366 1744
2367 1674
2368 1954
2369 1673
2370 1680
2371 1744
2372 1680
2373 1587
2374 1768
2375 1647
2376 1587
2377 1638
2378 1647
2379 1587
2380 1674
2381 1779
2382 1859
2383 1674
2384 1680
2385 1718
2386 1768
2387 1647
2388 1768
2389 1871
2390 1779
2391 1744
2392 1744
2393 1630
2394 1587
2395 1630
2396 1630
2397 1599
2398 1647
2399 1587
2400 1587
2401 1795
2402 1744
2403 1744
2404 1779
2405 1680
2406 1680
2407 1680
2408 1768
2409 1647
2410 1768
2411 1589
2412 1577
2413 1589
2414 1487
2415 1551
2416 1551
2417 1577
2418 1589
2419 4880
2420 4880
2421 1551
2422 1487
2423 1551
2424 1551
2425 4880
2426 1577
2427 1621
2428 1647
2429 1589
2430 1640
2431 1631
2432 1647
2433 1638
2434 1577
2435 1631
2436 1589
2437 1551
2438 1487
2439 1514
2440 1577
2441 1589
2442 1587
2443 1487
2444 1631
2445 1631
2446 1577
2447 1638
2448 4065
2449 5088
2450 3529
2451 4936
2452 4936
2453 3652
2454 3503
2455 4065
2456 4938
2457 4939
2458 3529
2459 3555
2460 4937
2461 5109
2462 4937
2463 3636
2464 3593
2465 3636
2466 1592
2467 3559
2468 3636
2469 4936
2470 3499
2471 1481
2472 3570
2473 3592
2474 4382
2475 4382
2476 3839
2477 3866
2478 4382
2479 3727
2480 3686
2481 3652
2482 3709
2483 3593
2484 3709
2485 3727
2486 4380
2487 3800
2488 3866
2489 3770
2490 3636
2491 3636
2492 1606
2493 2348
2494 1510
2495 1510
2496 2348
2497 2340
2498 1606
2499 1315
2500 1606
2501 1643
2502 1662
2503 1365
2504 1662
2505 1315
2506 2352
2507 2370
2508 2352
2509 2370
2510 2324
2511 1264
2512 2324
2513 2352
2514 2324
2515 1207
2516 2340
2517 2340
2518 2340
2519 1315
2520 3949
2521 3770
2522 3876
2523 4005
2524 4005
2525 4057
2526 3900
2527 4005
2528 4005
2529 3900
2530 4005
2531 4005
2532 4094
2533 4057
2534 4088
2535 4057
2536 4005
2537 4005
2538 3900
2539 4005
2540 4057
2541 4094
2542 4005
2543 4005
2544 4005
2545 3900
2546 4088
2547 4088
2548 4088
2549 4005
2550 3915
2551 1193
2552 1193
2553 2324
2554 2304
2555 2304
2556 2285
2557 1170
2558 1170
2559 1193
2560 1166
2561 1148
2562 1148
2563 1148
2564 1148
2565 1148
2566 1148
2567 1131
2568 1148
2569 1131
2570 2221
2571 2221
2572 1131
2573 4070
2574 4142
2575 1079
2576 4070
2577 2161
2578 2161
2579 2139
2580 4070
2581 2032
2582 2170
2583 2155
2584 2107
2585 2139
2586 2139
2587 2074
2588 2170
2589 2105
2590 2009
2591 2044
2592 2074
2593 2116
2594 2053
2595 2025
2596 2025
2597 4088
2598 3988
2599 3932
2600 457
2601 457
2602 410
2603 457
2604 410
2605 457
2606 457
2607 410
2608 471
2609 507
2610 503
2611 507
2612 507
2613 503
2614 503
2615 410
2616 457
2617 503
2618 457
2619 457
2620 503
2621 503
2622 471
2623 503
2624 503
2625 503
2626 410
2627 410
2628 503
2629 503
2630 503
2631 471
2632 503
2633 503
2634 471
2635 471
2636 457
2637 471
2638 457
2639 410
2640 4615
2641 457
2642 1255
2643 457
2644 410
2645 410
2646 410
2647 410
2648 410
2649 457
2650 410
2651 457
2652 410
2653 410
2654 457
2655 457
2656 410
2657 410
2658 410
2659 457
2660 410
2661 410
2662 410
2663 410
2664 471
2665 457
2666 457
2667 1255
2668 457
2669 457
2670 1255
2671 4615
2672 4615
2673 1255
2674 457
2675 1255
2676 457
2677 457
2678 4615
2679 457
2680 457
2681 410
2682 410
2683 4615
2684 457
2685 410
2686 457
2687 410
2688 4615
2689 4615
2690 2381
2691 2292
2692 2100
2693 3569
2694 2618
2695 5107
2696 3828
2697 3828
2698 3828
2699 4354
2700 4354
2701 381
2702 359
2703 367
2704 420
2705 4466
2706 4466
2707 369
2708 4924
2709 450
2710 420
2711 352
2712 367
2713 450
2714 4920
2715 371
2716 420
2717 4466
2718 1351
2719 1331
2720 346
2721 5133
2722 1445
2723 5135
2724 476
2725 5136
2726 450
2727 346
2728 367
2729 5135
2730 1377
2731 5135
2732 1543
2733 5131
2734 1544
2735 5136
2736 1544
2737 5138
2738 5136
2739 5131
2740 1776
2741 352
2742 1377
2743 352
2744 450
2745 323
2746 367
2747 1506
2748 323
2749 314
2750 346
2751 314
2752 1543
2753 1362
2754 1543
2755 1790
2756 5157
2757 1570
2758 5135
2759 5136
2760 5136
2761 1432
2762 1506
2763 5135
2764 5135
2765 1432
2766 5136
2767 1544
2768 5131
2769 1465
2770 1432
2771 1483
2772 1483
2773 1483
2774 1637
2775 1544
2776 1608
2777 1544
2778 1342
2779 5135
2780 5135
2781 5135
2782 1309
2783 4945
2784 5140
2785 5131
2786 1418
2787 1608
2788 1544
2789 1635
2790 1544
2791 323
2792 352
2793 1309
2794 1506
2795 4984
2796 4984
2797 352
2798 4984
2799 323
2800 1330
2801 4984
2802 323
2803 4984
2804 4984
2805 323
2806 4984
2807 352
2808 4943
2809 4943
2810 1309
2811 5024
2812 5152
2813 5154
2814 5156
2815 5167
2816 1309
2817 4943
2818 1543
2819 1570
2820 1543
2821 4984
2822 1506
2823 1309
2824 1506
2825 1518
2826 5167
2827 1544
2828 1432
2829 5022
2830 1543
2831 1637
2832 1637
2833 1569
2834 1637
2835 1323
2836 1324
2837 1277
2838 1604
2839 1524
2840 1583
2841 1583
2842 3397
2843 3397
2844 3345
2845 3350
2846 4407
2847 2011
2848 2511
2849 2576
2850 16
2851 2576
2852 1396
2853 1582
2854 1366
2855 1323
2856 1582
2857 1396
2858 2836
2859 2608
2860 2590
2861 2608
2862 2540
2863 2434
2864 2576
2865 2576
2866 2596
2867 2434
2868 2576
2869 2380
2870 2596
2871 2479
2872 2603
2873 2516
2874 2533
2875 2603
2876 2576
2877 2533
2878 2533
2879 2596
2880 2504
2881 2504
2882 16
2883 2504
2884 2540
2885 2504
2886 2504
2887 2608
2888 2596
2889 2608
2890 2540
2891 2511
2892 2512
2893 2636
2894 2491
2895 2577
2896 2603
2897 3064
2898 2830
2899 2830
2900 2943
2901 2723
2902 2609
2903 2472
2904 2603
2905 2533
2906 2380
2907 2596
2908 2615
2909 2596
2910 2513
2911 2415
2912 2470
2913 2472
2914 2465
2915 2535
2916 2376
2917 2381
2918 2321
2919 2366
2920 2460
2921 2511
2922 2360
2923 2523
2924 2484
2925 2484
2926 2512
2927 2471
2928 2504
2929 2540
2930 2360
2931 2429
2932 2386
2933 2511
2934 2355
2935 2460
2936 2321
2937 2392
2938 2287
2939 2523
2940 2615
2941 2408
2942 2615
2943 2484
2944 2511
2945 2355
2946 2381
2947 2247
2948 2321
2949 2344
2950 2392
2951 2287
2952 2484
2953 2338
2954 2596
2955 2504
2956 2615
2957 2408
2958 11
2959 2547
2960 2511
2961 2547
2962 2512
2963 2360
2964 2365
2965 2360
2966 2360
2967 2355
2968 2247
2969 2392
2970 2321
2971 2277
2972 2287
2973 2287
2974 2484
2975 2338
2976 2512
2977 2408
2978 2365
2979 2408
2980 2298
2981 2512
2982 2360
2983 2681
2984 2126
2985 2314
2986 2314
2987 2287
2988 2126
2989 2253
2990 2176
2991 2338
2992 2408
2993 2838
2994 3001
2995 2681
2996 2408
2997 2546
2998 2681
2999 2937
3000 2403
3001 2258
3002 2126
3003 2211
3004 2059
3005 2100
3006 2117
3007 2100
3008 2338
3009 2408
3010 2108
3011 2093
3012 2222
3013 2158
3014 2258
3015 2162
3016 3352
3017 3164
3018 2222
3019 3436
3020 3225
3021 2248
3022 2248
3023 2216
3024 2059
3025 2117
3026 2100
3027 2059
3028 2117
3029 2171
3030 3383
3031 2192
3032 3403
3033 1958
3034 3403
3035 3403
3036 3443
3037 3466
3038 3191
3039 2258
3040 2258
3041 3191
3042 2872
3043 3129
3044 2933
3045 3191
3046 2918
3047 3302
3048 2203
3049 2307
3050 2203
3051 1361
3052 1912
3053 2117
3054 1606
3055 2059
3056 3383
3057 3383
3058 3383
3059 3403
3060 3406
3061 3517
3062 3523
3063 3403
3064 3443
3065 3570
3066 3352
3067 3352
3068 3454
3069 3191
3070 1361
3071 1402
3072 1361
3073 2804
3074 3517
3075 3352
3076 3329
3077 3466
3078 4454
3079 3231
3080 1402
3081 4444
3082 4818
3083 3320
3084 3241
3085 1316
3086 4818
3087 4550
3088 3528
3089 3564
3090 3593
3091 3593
3092 3593
3093 3593
3094 3624
3095 3636
3096 3652
3097 3592
3098 3517
3099 3352
3100 3530
3101 3241
3102 3592
3103 3652
3104 4937
3105 4938
3106 3555
3107 1289
3108 3454
3109 3462
3110 4940
3111 3302
3112 3302
3113 3329
3114 3391
3115 1398
3116 3387
3117 3387
3118 3225
3119 3352
3120 3352
3121 3164
3122 3191
3123 3191
3124 3225
3125 3220
3126 3387
3127 3335
3128 3387
3129 2933
3130 2696
3131 2899
3132 3164
3133 2866
3134 2761
3135 2656
3136 2581
3137 2677
3138 2718
3139 1262
3140 1262
3141 2703
3142 2703
3143 2668
3144 2604
3145 2485
3146 1459
3147 2718
3148 2703
3149 1232
3150 1263
3151 2703
3152 2485
3153 1232
3154 1234
3155 1234
3156 1182
3157 1212
3158 1159
3159 1232
3160 2485
3161 1234
3162 1220
3163 1548
3164 1385
3165 1692
3166 1153
3167 1096
3168 1212
3169 1096
3170 1183
3171 1105
3172 1182
3173 1222
3174 2641
3175 5107
3176 3709
3177 3709
3178 3636
3179 3709
3180 3636
3181 3652
3182 3652
3183 3686
3184 3686
3185 3686
3186 3709
3187 3584
3188 4382
3189 4937
3190 4937
3191 4936
3192 3555
3193 3538
3194 3462
3195 3483
3196 3551
3197 3551
3198 5088
3199 3529
3200 3503
3201 3446
3202 2510
3203 3699
3204 2510
3205 3699
3206 4383
3207 2495
3208 5107
3209 3762
3210 5107
3211 3709
3212 3709
3213 4383
3214 2618
3215 3699
3216 3699
3217 3699
3218 3699
3219 3750
3220 3750
3221 3770
3222 3777
3223 4381
3224 4382
3225 4380
3226 3904
3227 5088
3228 4380
3229 5088
3230 3876
3231 3770
3232 3876
3233 3900
3234 3866
3235 4540
3236 4540
3237 3922
3238 3233
3239 3446
3240 3446
3241 3178
3242 3164
3243 3101
3244 3178
3245 3220
3246 3412
3247 3379
3248 3101
3249 3357
3250 2803
3251 2866
3252 2761
3253 2668
3254 2718
3255 2718
3256 2793
3257 2793
3258 3719
3259 2793
3260 2793
3261 2793
3262 2793
3263 2793
3264 2793
3265 3756
3266 3692
3267 3756
3268 3692
3269 3692
3270 3719
3271 3750
3272 3770
3273 3900
3274 3719
3275 3719
3276 3719
3277 3719
3278 3808
3279 3867
3280 3900
3281 3900
3282 4005
3283 3900
3284 4005
3285 4005
3286 3963
3287 3988
3288 4005
3289 3988
3290 4005
3291 3988
3292 3988
3293 3756
3294 3630
3295 3756
3296 3692
3297 3888
3298 3867
3299 3692
3300 3915
3301 3900
3302 3692
3303 3828
3304 3828
3305 3828
3306 3828
3307 3828
3308 3828
3309 3688
3310 3828
3311 3828
3312 3692
3313 3781
3314 5090
3315 5090
3316 3932
3317 3932
3318 3988
3319 4088
3320 4088
3321 4088
3322 4094
3323 4059
3324 2604
3325 2518
3326 2485
3327 3828
3328 3828
3329 3828
3330 3828
3331 3828
3332 3828
3333 4354
3334 4354
3335 3828
3336 4354
3337 5090
3338 4354
3339 5090
3340 3932
3341 3960
3342 4059
3343 4354
3344 4354
3345 4354
3346 3898
3347 4088
3348 4059
3349 4059
3350 4059
3351 4059
3352 4059
3353 4059
3354 4354
3355 4354
3356 4354
3357 3898
3358 3898
3359 3898
3360 4059
3361 4059
3362 4059
3363 4059
3364 4059
3365 4059
3366 4059
3367 4059
3368 2151
3369 2299
3370 2151
3371 2803
3372 5086
3373 4348
3374 4059
3375 4059
3376 1569
3377 1561
3378 1696
3379 1696
3380 1706
3381 1852
3382 1706
3383 1721
3384 1706
3385 1808
3386 1827
3387 1696
3388 697
3389 1565
3390 682
3391 733
3392 1827
3393 682
3394 682
3395 1879
3396 682
3397 682
3398 1636
3399 1711
3400 1738
3401 4328
3402 768
3403 694
3404 694
3405 744
3406 682
3407 733
3408 2014
3409 752
3410 1608
3411 1483
3412 1637
3413 1544
3414 1432
3415 1544
3416 1637
3417 1637
3418 1635
3419 1443
3420 1534
3421 1761
3422 1805
3423 1776
3424 5167
3425 1532
3426 5167
3427 1805
3428 1591
3429 1544
3430 1805
3431 1635
3432 1608
3433 1465
3434 1635
3435 1635
3436 1483
3437 1696
3438 1696
3439 1561
3440 1696
3441 1561
3442 1696
3443 1707
3444 1561
3445 1561
3446 1712
3447 1561
3448 1695
3449 1712
3450 1619
3451 1443
3452 5189
3453 1443
3454 1755
3455 5189
3456 1842
3457 1777
3458 1777
3459 1777
3460 5189
3461 1879
3462 682
3463 1879
3464 682
3465 5189
3466 1806
3467 1806
3468 1879
3469 1635
3470 1652
3471 1879
3472 1806
3473 682
3474 697
3475 682
3476 690
3477 768
3478 752
3479 843
3480 697
3481 733
3482 768
3483 733
3484 733
3485 752
3486 1939
3487 802
3488 802
3489 768
3490 1800
3491 682
3492 1652
3493 1652
3494 723
3495 2030
3496 2021
3497 682
3498 697
3499 694
3500 5167
3501 5167
3502 1570
3503 1532
3504 1532
3505 1544
3506 1532
3507 1544
3508 1635
3509 1635
3510 1570
3511 5167
3512 1532
3513 1608
3514 1608
3515 2030
3516 4328
3517 4328
3518 4331
3519 4331
3520 4329
3521 4276
3522 4265
3523 4276
3524 4276
3525 2051
3526 4331
3527 4328
3528 4328
3529 843
3530 802
3531 4328
3532 806
3533 4328
3534 4931
3535 4265
3536 4931
3537 4265
3538 4328
3539 4931
3540 843
3541 4265
3542 4265
3543 4276
3544 2132
3545 4196
3546 4265
3547 5100
3548 4276
3549 4276
3550 1712
3551 1738
3552 2030
3553 1712
3554 1696
3555 4331
3556 1738
3557 1712
3558 2037
3559 4331
3560 4331
3561 4328
3562 4328
3563 4331
3564 4331
3565 1711
3566 1695
3567 1974
3568 1852
3569 4331
3570 4265
3571 4290
3572 4329
3573 4329
3574 4265
3575 2061
3576 4276
3577 2134
3578 802
3579 808
3580 843
3581 4931
3582 843
3583 4328
3584 4931
3585 4328
3586 857
3587 4931
3588 4931
3589 4931
3590 5100
3591 4931
3592 4331
3593 2030
3594 4331
3595 4331
3596 4331
3597 2068
3598 1999
3599 2134
3600 2061
3601 5100
3602 4333
3603 4242
3604 4265
3605 5102
3606 4333
3607 4242
3608 2134
3609 2152
3610 2132
3611 4265
3612 4333
3613 4496
3614 4196
3615 2213
3616 2269
3617 4496
3618 2296
3619 2152
3620 2190
3621 2219
3622 2152
3623 2152
3624 4196
3625 2132
3626 2152
3627 2152
3628 2237
3629 2227
3630 2190
3631 2269
3632 2254
3633 2254
3634 2269
3635 2269
3636 2269
3637 2219
3638 2264
3639 2237
3640 4276
3641 4196
3642 2152
3643 4496
3644 2190
3645 2237
3646 2214
3647 2186
3648 2214
3649 2132
3650 4196
3651 4496
3652 4196
3653 2227
3654 4276
3655 4196
3656 2132
3657 2201
3658 4196
3659 2194
3660 2200
3661 2346
3662 2194
3663 2237
3664 2200
3665 2190
3666 2236
3667 2317
3668 2254
3669 2372
3670 2388
3671 2439
3672 2417
3673 2303
3674 2372
3675 2303
3676 2264
3677 2400
3678 2372
3679 2400
3680 2303
3681 2268
3682 2303
3683 2351
3684 2439
3685 2439
3686 1184
3687 2400
3688 2400
3689 969
3690 2372
3691 2254
3692 2303
3693 2264
3694 2400
3695 2358
3696 2431
3697 969
3698 2372
3699 1184
3700 2269
3701 2236
3702 2268
3703 2254
3704 2269
3705 2346
3706 2268
3707 2346
3708 2382
3709 2317
3710 2427
3711 2372
3712 2377
3713 2351
3714 2367
3715 1234
3716 1007
3717 1184
3718 1234
3719 2439
3720 1234
3721 1234
3722 1038
3723 1219
3724 1232
3725 1219
3726 1248
3727 1219
3728 2439
3729 1184
3730 1234
3731 1007
3732 1184
3733 1007
3734 2388
3735 1219
3736 1219
3737 1038
3738 1241
3739 1307
3740 1184
3741 1184
3742 1184
3743 1307
3744 1241
3745 2387
3746 2426
3747 2358
3748 2506
3749 2417
3750 2476
3751 2481
3752 1615
3753 2426
3754 1450
3755 2387
3756 2467
3757 2417
3758 1007
3759 2387
3760 1184
3761 1307
3762 2529
3763 2529
3764 1248
3765 1116
3766 1143
3767 4031
3768 4031
3769 4018
3770 1294
3771 1294
3772 1604
3773 1396
3774 1294
3775 1604
3776 1294
3777 1277
3778 1323
3779 1583
3780 4031
3781 1179
3782 1143
3783 1208
3784 1323
3785 1205
3786 1213
3787 1291
3788 1291
3789 1291
3790 1248
3791 1291
3792 1291
3793 1116
3794 1116
3795 1143
3796 1116
3797 1143
3798 1143
3799 1386
3800 1143
3801 1143
3802 1143
3803 1291
3804 1219
3805 1291
3806 1143
3807 1116
3808 1291
3809 1291
3810 1291
3811 1385
3812 1385
3813 1385
3814 1385
3815 1116
3816 1386
3817 1143
3818 2425
3819 2605
3820 2393
3821 2393
3822 1497
3823 2518
3824 1692
3825 2574
3826 1497
3827 1602
3828 2649
3829 1323
3830 4031
3831 1156
3832 4478
3833 1143
3834 1156
3835 1190
3836 1175
3837 1156
3838 1208
3839 1294
3840 1288
3841 1190
3842 1190
3843 1195
3844 1156
3845 1156
3846 1143
3847 1116
3848 1156
3849 1143
3850 1642
3851 1386
3852 1386
3853 1479
3854 1642
3855 1175
3856 1143
3857 1127
3858 1143
3859 3613
3860 1642
3861 2109
3862 1386
3863 1143
3864 4543
3865 1156
3866 1642
3867 2639
3868 3716
3869 1386
3870 3674
3871 2109
3872 1263
3873 1385
3874 1248
3875 1497
3876 1386
3877 1537
3878 1293
3879 4600
3880 1582
3881 1583
3882 4601
3883 4601
3884 3345
3885 4601
3886 3345
3887 1583
3888 4601
3889 1338
3890 1208
3891 1323
3892 1294
3893 1208
3894 1213
3895 1293
3896 4600
3897 1649
3898 1583
3899 1396
3900 1323
3901 1604
3902 1221
3903 5
3904 2665
3905 3345
3906 5
3907 2576
3908 2434
3909 2434
3910 2434
3911 2434
3912 5
3913 3350
3914 2011
3915 1495
3916 1396
3917 1524
3918 4601
3919 1380
3920 1396
3921 4415
3922 3251
3923 3028
3924 4411
3925 3250
3926 2756
3927 2064
3928 1396
3929 1288
3930 1190
3931 1213
3932 1434
3933 1396
3934 1536
3935 1192
3936 1218
3937 1156
3938 1156
3939 1175
3940 1208
3941 2109
3942 2225
3943 2225
3944 2225
3945 1156
3946 1156
3947 1213
3948 1218
3949 1208
3950 1213
3951 3374
3952 1622
3953 3374
3954 1396
3955 1822
3956 1447
3957 1218
3958 1288
3959 1822
3960 2614
3961 1702
3962 1981
3963 1192
3964 2004
3965 1288
3966 1447
3967 3318
3968 1249
3969 1536
3970 1288
3971 1594
3972 2516
3973 2577
3974 2516
3975 2599
3976 2434
3977 2789
3978 2599
3979 2599
3980 2789
3981 2599
3982 2814
3983 2814
3984 2789
3985 2599
3986 6
3987 2972
3988 2516
3989 2434
3990 2434
3991 5
3992 5
3993 5
3994 5
3995 4416
3996 2954
3997 4411
3998 5
3999 2576
4000 4405
4001 2951
4002 4411
4003 1822
4004 2584
4005 2756
4006 2614
4007 3028
4008 2994
4009 4412
4010 4412
4011 2371
4012 2788
4013 2572
4014 2620
4015 2647
4016 2600
4017 2620
4018 2630
4019 2637
4020 2522
4021 2472
4022 2664
4023 2527
4024 2595
4025 2682
4026 2751
4027 2595
4028 2595
4029 2929
4030 2732
4031 2684
4032 2664
4033 2763
4034 2742
4035 2895
4036 2895
4037 2814
4038 2599
4039 2742
4040 2700
4041 2674
4042 2674
4043 2599
4044 2674
4045 15
4046 2692
4047 2630
4048 2955
4049 13
4050 18
4051 3
4052 3
4053 2764
4054 2725
4055 2764
4056 18
4057 0
4058 0
4059 3013
4060 3100
4061 3151
4062 2821
4063 2732
4064 3024
4065 2739
4066 2786
4067 14
4068 1
4069 13
4070 13
4071 2953
4072 2993
4073 2756
4074 2889
4075 2993
4076 2719
4077 2889
4078 2750
4079 2572
4080 2750
4081 2458
4082 4412
4083 2925
4084 3100
4085 2756
4086 2572
4087 2689
4088 1797
4089 1434
4090 1966
4091 2471
4092 2471
4093 2458
4094 1728
4095 2018
4096 1728
4097 2343
4098 1728
4099 2458
4100 1966
4101 2458
4102 2572
4103 2471
4104 2272
4105 2458
4106 1966
4107 2299
4108 2609
4109 3007
4110 2861
4111 2930
4112 3007
4113 2973
4114 3017
4115 3006
4116 2759
4117 2996
4118 3006
4119 2979
4120 2664
4121 2550
4122 2664
4123 2986
4124 3020
4125 2664
4126 2664
4127 2664
4128 2832
4129 2986
4130 3000
4131 2850
4132 3000
4133 2832
4134 2986
4135 3020
4136 3128
4137 3276
4138 2869
4139 3276
4140 3189
4141 2969
4142 3239
4143 4398
4144 2884
4145 3189
4146 3257
4147 3223
4148 3299
4149 3401
4150 3239
4151 3276
4152 3401
4153 3401
4154 3276
4155 3239
4156 2472
4157 2609
4158 2664
4159 3034
4160 4399
4161 2664
4162 2943
4163 3020
4164 2832
4165 3000
4166 2550
4167 3042
4168 3034
4169 2847
4170 3077
4171 3365
4172 3401
4173 3276
4174 3128
4175 3276
4176 3276
4177 3128
4178 3276
4179 3276
4180 3257
4181 3419
4182 3401
4183 3276
4184 3386
4185 3308
4186 3386
4187 3365
4188 3299
4189 3419
4190 3257
4191 3257
4192 3299
4193 14
4194 3299
4195 3239
4196 3299
4197 3257
4198 3009
4199 3100
4200 1
4201 3257
4202 3299
4203 3257
4204 3257
4205 3257
4206 3171
4207 14
4208 3199
4209 14
4210 14
4211 14
4212 14
4213 3004
4214 3083
4215 2756
4216 2906
4217 2756
4218 2756
4219 2993
4220 2756
4221 14
4222 3142
4223 14
4224 3257
4225 3308
4226 3100
4227 14
4228 2906
4229 2906
4230 2608
4231 2756
4232 3100
4233 2984
4234 2572
4235 2689
4236 2689
4237 2562
4238 2458
4239 2889
4240 2756
4241 2719
4242 2689
4243 2689
4244 2750
4245 2572
4246 2413
4247 2413
4248 2398
4249 2299
4250 2299
4251 2614
4252 2614
4253 2458
4254 2343
4255 2127
4256 2293
4257 2293
4258 2343
4259 2299
4260 2299
4261 2299
4262 2127
4263 2142
4264 2299
4265 2127
4266 2127
4267 2293
4268 2572
4269 2343
4270 2371
4271 2272
4272 1728
4273 2331
4274 2331
4275 2343
4276 2272
4277 2371
4278 2354
4279 2354
4280 2331
4281 2331
4282 2299
4283 2142
4284 2248
4285 2293
4286 2331
4287 2299
4288 2127
4289 2235
4290 2235
4291 2413
4292 2127
4293 2142
4294 2331
4295 2331
4296 2398
4297 2127
4298 2127
4299 2142
4300 2299
4301 2142
4302 2127
4303 1996
4304 2142
4305 2208
4306 2471
4307 2424
4308 2413
4309 2540
4310 2540
4311 2299
4312 2413
4313 2429
4314 2512
4315 2386
4316 2424
4317 2413
4318 2403
4319 2424
4320 2413
4321 2424
4322 2084
4323 2041
4324 1837
4325 2151
4326 2248
4327 2041
4328 2142
4329 2235
4330 2838
4331 25
4332 2424
4333 2398
4334 2398
4335 2398
4336 2413
4337 25
4338 25
4339 2398
4340 2413
4341 2127
4342 2142
4343 2331
4344 2127
4345 2307
4346 1899
4347 2077
4348 2142
4349 2142
4350 2004
4351 1899
4352 1996
4353 2398
4354 2248
4355 2413
4356 2337
4357 2937
4358 2932
4359 2307
4360 2282
4361 1966
4362 4819
4363 25
4364 1995
4365 2282
4366 2262
4367 1289
4368 2047
4369 1996
4370 2262
4371 1458
4372 1317
4373 1996
4374 2307
4375 2282
4376 4828
4377 3026
4378 2225
4379 2248
4380 1995
4381 2225
4382 2146
4383 2262
4384 1987
4385 1850
4386 2146
4387 1996
4388 1317
4389 2654
4390 1317
4391 1413
4392 1317
4393 2676
4394 4197
4395 1661
4396 2225
4397 1987
4398 1850
4399 1850
4400 1850
4401 2060
4402 2146
4403 2136
4404 1850
4405 1960
4406 1850
4407 1850
4408 3646
4409 1850
4410 3629
4411 1850
4412 2203
4413 2136
4414 1361
4415 2203
4416 1361
4417 2687
4418 1317
4419 4097
4420 4037
4421 4025
4422 4197
4423 3629
4424 1850
4425 3646
4426 1369
4427 1783
4428 3629
4429 3629
4430 3629
4431 3629
4432 3646
4433 3629
4434 3629
4435 3629
4436 4037
4437 4097
4438 5078
4439 4097
4440 4037
4441 4037
4442 4097
4443 4097
4444 4197
4445 3629
4446 4197
4447 4097
4448 5078
4449 4197
4450 1296
4451 1987
4452 1850
4453 2136
4454 1339
4455 1850
4456 1316
4457 1305
4458 1676
4459 1850
4460 1369
4461 1735
4462 3112
4463 1735
4464 1783
4465 1709
4466 1850
4467 3112
4468 1369
4469 4457
4470 1735
4471 1339
4472 1346
4473 1850
4474 1709
4475 1850
4476 1745
4477 1850
4478 3629
4479 1745
4480 4444
4481 4818
4482 4464
4483 3330
4484 4457
4485 4457
4486 3112
4487 1369
4488 1369
4489 3330
4490 4444
4491 3184
4492 3330
4493 1346
4494 3629
4495 1745
4496 1850
4497 3629
4498 1752
4499 1850
4500 3112
4501 1735
4502 1388
4503 4457
4504 2695
4505 1735
4506 1388
4507 1316
4508 1339
4509 1339
4510 1339
4511 1318
4512 1289
4513 1308
4514 3112
4515 1289
4516 1709
4517 1752
4518 1676
4519 1339
4520 1339
4521 1289
4522 1752
4523 1752
4524 1752
4525 1745
4526 3112
4527 1850
4528 1676
4529 1676
4530 1850
4531 1850
4532 1703
4533 1752
4534 1703
4535 2199
4536 2563
4537 1752
4538 1752
4539 1752
4540 3629
4541 1752
4542 1752
4543 1752
4544 1289
4545 1266
4546 1272
4547 1272
4548 1272
4549 1308
4550 1360
4551 1296
4552 1262
4553 1296
4554 1262
4555 1262
4556 1262
4557 1262
4558 1296
4559 1290
4560 1850
4561 2199
4562 1317
4563 1413
4564 1752
4565 1752
4566 1960
4567 1752
4568 1752
4569 1960
4570 1745
4571 1238
4572 1238
4573 1240
4574 1240
4575 1290
4576 1238
4577 1459
4578 1232
4579 1459
4580 1624
4581 2035
4582 1888
4583 1813
4584 1875
4585 1784
4586 2060
4587 1752
4588 1752
4589 1813
4590 1813
4591 1752
4592 1752
4593 1752
4594 1813
4595 1875
4596 1784
4597 1784
4598 1232
4599 1263
4600 1240
4601 1232
4602 1888
4603 1263
4604 1234
4605 1692
4606 2035
4607 1875
4608 1692
4609 1220
4610 1263
4611 1212
4612 1267
4613 1263
4614 1235
4615 1875
4616 1692
4617 1875
4618 1284
4619 1692
4620 1692
4621 1875
4622 1875
4623 1692
4624 1223
4625 1182
4626 1212
4627 1196
4628 1223
4629 1202
4630 1223
4631 1271
4632 1178
4633 1340
4634 1196
4635 1153
4636 1096
4637 1155
4638 1153
4639 1114
4640 1279
4641 1187
4642 1112
4643 1202
4644 1615
4645 1340
4646 1327
4647 1692
4648 1548
4649 2485
4650 1157
4651 1225
4652 1251
4653 1157
4654 1112
4655 1098
4656 1037
4657 1037
4658 1023
4659 1041
4660 998
4661 1000
4662 973
4663 1052
4664 1078
4665 1105
4666 1112
4667 1037
4668 1106
4669 1191
4670 1132
4671 1162
4672 1058
4673 1130
4674 1052
4675 1023
4676 1112
4677 1153
4678 1070
4679 1050
4680 1086
4681 1692
4682 1615
4683 1130
4684 1058
4685 1101
4686 1162
4687 1225
4688 1191
4689 1187
4690 1153
4691 1105
4692 1251
4693 1187
4694 1128
4695 1101
4696 1101
4697 1086
4698 1000
4699 998
4700 1029
4701 998
4702 1098
4703 1045
4704 1045
4705 1045
4706 1045
4707 968
4708 968
4709 951
4710 1082
4711 1015
4712 1025
4713 930
4714 1025
4715 1009
4716 1052
4717 1037
4718 1113
4719 1098
4720 1070
4721 1128
4722 1191
4723 1073
4724 1101
4725 1077
4726 1050
4727 1073
4728 1058
4729 1062
4730 1073
4731 1073
4732 1080
4733 1027
4734 1064
4735 1020
4736 1080
4737 1064
4738 1005
4739 1062
4740 1002
4741 908
4742 930
4743 930
4744 949
4745 1062
4746 1020
4747 1020
4748 901
4749 972
4750 898
4751 908
4752 982
4753 1073
4754 898
4755 891
4756 898
4757 872
4758 1062
4759 1073
4760 1080
4761 1062
4762 1005
4763 1020
4764 1022
4765 1002
4766 928
4767 982
4768 1020
4769 972
4770 1002
4771 972
4772 972
4773 955
4774 967
4775 1020
4776 958
4777 958
4778 958
4779 967
4780 967
4781 1002
4782 967
4783 972
4784 933
4785 955
4786 872
4787 877
4788 872
4789 846
4790 846
4791 893
4792 872
4793 877
4794 933
4795 861
4796 856
4797 846
4798 838
4799 861
4800 816
4801 2111
4802 790
4803 861
4804 838
4805 838
4806 826
4807 816
4808 816
4809 861
4810 911
4811 898
4812 958
4813 958
4814 872
4815 933
4816 958
4817 2102
4818 933
4819 933
4820 838
4821 861
4822 911
4823 816
4824 838
4825 2090
4826 929
4827 929
4828 850
4829 840
4830 955
4831 940
4832 933
4833 929
4834 929
4835 838
4836 883
4837 883
4838 850
4839 940
4840 919
4841 940
4842 933
4843 911
4844 929
4845 883
4846 850
4847 850
4848 840
4849 792
4850 784
4851 792
4852 748
4853 775
4854 775
4855 784
4856 743
4857 775
4858 743
4859 731
4860 731
4861 736
4862 731
4863 710
4864 715
4865 710
4866 1918
4867 1918
4868 1892
4869 792
4870 790
4871 792
4872 790
4873 801
4874 816
4875 790
4876 816
4877 801
4878 818
4879 784
4880 779
4881 775
4882 743
4883 1672
4884 792
4885 743
4886 779
4887 821
4888 790
4889 820
4890 1997
4891 820
4892 823
4893 1962
4894 1997
4895 1962
4896 1969
4897 818
4898 790
4899 820
4900 1940
4901 1672
4902 1968
4903 792
4904 814
4905 1919
4906 5112
4907 840
4908 820
4909 840
4910 820
4911 823
4912 823
4913 1968
4914 1968
4915 1939
4916 1968
4917 743
4918 731
4919 731
4920 731
4921 710
4922 1893
4923 715
4924 731
4925 5113
4926 1905
4927 1903
4928 1903
4929 1903
4930 1903
4931 1903
4932 1892
4933 1892
4934 1904
4935 1880
4936 1903
4937 1672
4938 1904
4939 4598
4940 1778
4941 5113
4942 1853
4943 4598
4944 1778
4945 1690
4946 4598
4947 5113
4948 721
4949 1903
4950 4598
4951 1905
4952 5113
4953 1904
4954 5115
4955 1892
4956 5114
4957 5113
4958 4598
4959 1939
4960 4065
4961 5012
4962 5086
4963 4065
4964 4065
4965 4037
4966 4065
4967 4097
4968 4065
4969 4065
4970 4037
4971 3503
4972 4065
4973 4065
4974 4065
4975 4065
4976 3446
4977 4037
4978 4065
4979 4037
4980 4097
4981 4197
4982 4097
4983 4037
4984 5086
4985 5086
4986 3904
4987 3904
4988 5086
4989 5086
4990 5086
4991 5086
4992 5086
4993 5012
4994 5012
4995 5088
4996 5012
4997 5086
4998 5086
4999 5086
5000 4065
5001 5086
5002 5086
5003 3950
5004 3950
5005 4057
5006 4065
5007 4065
5008 4037
5009 4097
5010 4097
5011 3172
5012 2761
5013 4197
5014 4097
5015 4197
5016 2710
5017 1752
5018 4097
5019 2718
5020 2604
5021 2718
5022 2718
5023 1752
5024 1595
5025 1784
5026 2718
5027 2710
5028 2761
5029 2668
5030 2694
5031 4271
5032 3970
5033 3970
5034 3970
5035 4057
5036 4088
5037 4094
5038 4088
5039 4094
5040 4088
5041 4057
5042 4094
5043 4094
5044 4094
5045 4099
5046 4094
5047 4094
5048 4099
5049 4088
5050 4094
5051 4060
5052 4060
5053 4094
5054 3757
5055 4060
5056 4059
5057 4060
5058 3757
5059 4060
5060 4059
5061 4059
5062 3870
5063 2633
5064 2703
5065 2710
5066 2703
5067 2604
5068 1784
5069 2703
5070 2518
5071 2485
5072 2649
5073 1692
5074 2454
5075 2473
5076 1615
5077 2493
5078 1450
5079 1548
5080 1450
5081 1327
5082 1537
5083 1692
5084 1340
5085 1427
5086 1537
5087 1340
5088 1427
5089 1279
5090 1162
5091 1251
5092 1157
5093 1157
5094 1191
5095 1130
5096 1162
5097 1146
5098 1146
5099 1128
5100 1128
5101 1101
5102 1101
5103 1101
5104 1080
5105 4059
5106 4059
5107 3870
5108 4059
5109 367
5110 367
5111 367
5112 350
5113 350
5114 367
5115 1299
5116 417
5117 397
5118 4984
5119 1309
5120 346
5121 315
5122 315
5123 420
5124 367
5125 351
5126 314
5127 352
5128 323
5129 268
5130 333
5131 333
5132 268
5133 352
5134 323
5135 382
5136 359
5137 381
5138 323
5139 323
5140 314
5141 268
5142 268
5143 323
5144 333
5145 333
5146 333
5147 314
5148 314
5149 351
5150 332
5151 332
5152 351
5153 351
5154 351
5155 359
5156 359
5157 359
5158 359
5159 359
5160 350
5161 351
5162 351
5163 350
5164 332
5165 359
5166 332
5167 359
5168 332
5169 359
5170 332
5171 359
5172 359
5173 333
5174 359
5175 351
5176 351
5177 314
5178 359
5179 332
5180 332
5181 350
5182 350
5183 359
5184 382
5185 314
5186 332
5187 359
5188 350
5189 359
5190 332
5191 359
5192 367
5193 381
5194 332
5195 332
5196 332
5197 3276
5198 3034
5199 2921
5200 3034
