0 3314
1 3314
2 2861
3 2744
4 2744
5 2744
6 2744
7 3560
8 1070
9 1070
10 1539
11 1539
12 1432
13 3582
14 4389
15 4664
16 4664
17 3694
18 3694
19 4664
20 4585
21 3816
22 3694
23 4585
24 4585
25 4264
26 3816
27 2984
28 4146
29 4146
30 4420
31 4217
32 4216
33 4218
34 4217
35 4217
36 4217
37 4420
38 4585
39 4664
40 4664
41 3694
42 3816
43 3861
44 3816
45 4264
46 2861
47 2744
48 3263
49 1539
50 1539
51 2007
52 1539
53 3263
54 1070
55 1070
56 4424
57 3560
58 1070
59 2744
60 3694
61 3694
62 1583
63 3816
64 4420
65 4217
66 4217
67 4217
68 4217
69 4217
70 4217
71 3816
72 4420
73 3816
74 3694
75 4664
76 3314
77 3314
78 3314
79 4664
80 3694
81 4664
82 3314
83 4664
84 4146
85 4664
86 3314
87 2861
88 2861
89 2744
90 2744
91 2886
92 4342
93 4217
94 4217
95 4217
96 4217
97 1583
98 4342
99 4217
100 4342
101 4217
102 4217
103 4264
104 4585
105 4264
106 4585
107 4585
108 4664
109 4217
110 3518
111 4217
112 4217
113 4217
114 4217
115 4217
116 4216
117 3314
118 3314
119 4664
120 1583
121 3816
122 3694
123 3518
124 2470
125 4217
126 4217
127 4217
128 4216
129 2861
130 3709
131 3560
132 1017
133 2007
134 1995
135 1995
136 4829
137 1478
138 1478
139 3582
140 2657
141 2657
142 2990
143 4248
144 2956
145 2956
146 1478
147 1995
148 4829
149 4829
150 4831
151 4831
152 4585
153 4264
154 3870
155 3314
156 2861
157 3273
158 4424
159 4260
160 4217
161 2861
162 3694
163 3273
164 3560
165 3518
166 4420
167 4217
168 4217
169 4217
170 4217
171 4216
172 4217
173 4217
174 4217
175 4217
176 4217
177 4146
178 4217
179 4217
180 4217
181 4217
182 4217
183 4217
184 3314
185 3314
186 3922
187 2861
188 2861
189 1583
190 4077
191 4217
192 4217
193 2744
194 2886
195 2886
196 4260
197 1539
198 2007
199 2007
200 4831
201 1995
202 4829
203 1432
204 468
205 1529
206 3133
207 3582
208 4238
209 641
210 692
211 692
212 1047
213 3760
214 3760
215 3582
216 3582
217 4829
218 2007
219 4825
220 4238
221 3709
222 4424
223 4260
224 2007
225 4829
226 3133
227 3582
228 3816
229 3518
230 2984
231 2984
232 4217
233 4664
234 5059
235 4260
236 2007
237 3263
238 1095
239 1095
240 4825
241 5059
242 3263
243 3263
244 4585
245 3694
246 4585
247 4585
248 3314
249 4077
250 3263
251 3314
252 4217
253 4392
254 4217
255 4424
256 4217
257 4260
258 4260
259 4260
260 1539
261 1539
262 1539
263 4217
264 1070
265 3560
266 1539
267 4260
268 4831
269 1529
270 3133
271 3133
272 4825
273 4217
274 4217
275 4217
276 2096
277 2984
278 4263
279 2007
280 4831
281 4260
282 3263
283 3314
284 4664
285 3314
286 4664
287 2886
288 2007
289 4217
290 4260
291 4420
292 4217
293 2861
294 2861
295 3263
296 4217
297 3314
298 4217
299 2861
300 3263
301 4260
302 1583
303 4263
304 1539
305 1432
306 1995
307 4831
308 1995
309 1995
310 4829
311 3816
312 4217
313 4217
314 4217
315 4217
316 4585
317 2861
318 1995
319 2744
320 2886
321 1070
322 4260
323 1539
324 4260
325 1539
326 4420
327 1070
328 3263
329 3314
330 1995
331 4829
332 1539
333 4217
334 4585
335 4420
336 4146
337 4146
338 3694
339 3694
340 4146
341 4146
342 4585
343 4585
344 4664
345 4664
346 3314
347 2007
348 1070
349 3263
350 1995
351 4829
352 4217
353 1539
354 1539
355 4829
356 4264
357 4217
358 1070
359 1070
360 1070
361 4260
362 1539
363 4585
364 3694
365 4585
366 4585
367 4217
368 1995
369 1995
370 1995
371 3314
372 1070
373 1529
374 4585
375 4264
376 4216
377 4217
378 4585
379 4260
380 4420
381 4420
382 4260
383 2007
384 1539
385 1539
386 4260
387 4829
388 4217
389 4829
390 4130
391 3582
392 4389
393 1047
394 1202
395 1202
396 122
397 327
398 2061
399 542
400 1117
401 224
402 2054
403 1826
404 1645
405 1645
406 4134
407 3220
408 4120
409 1846
410 1408
411 2970
412 2970
413 3981
414 1846
415 4264
416 2861
417 3314
418 1478
419 4217
420 1995
421 4829
422 468
423 1529
424 3133
425 3582
426 4238
427 2657
428 3760
429 1047
430 1719
431 3601
432 2721
433 3582
434 4829
435 1070
436 1070
437 1070
438 1070
439 4420
440 4585
441 4420
442 4217
443 4664
444 3263
445 3133
446 4260
447 2956
448 4264
449 4217
450 4217
451 1478
452 3816
453 4664
454 1539
455 4829
456 1478
457 4420
458 2007
459 4829
460 3133
461 3133
462 3133
463 4217
464 3694
465 4585
466 1478
467 2956
468 4420
469 4217
470 1539
471 4260
472 4829
473 4420
474 4146
475 4217
476 4146
477 4420
478 1539
479 2657
480 2657
481 1529
482 2657
483 4248
484 813
485 1047
486 3760
487 3582
488 1995
489 1432
490 1539
491 1432
492 1529
493 3133
494 4449
495 3133
496 4449
497 4449
498 1529
499 1539
500 3133
501 3133
502 1478
503 468
504 2998
505 468
506 3133
507 1529
508 3133
509 3760
510 692
511 1202
512 331
513 530
514 331
515 767
516 530
517 106
518 360
519 2052
520 1565
521 1383
522 1931
523 3506
524 2132
525 1807
526 2135
527 1211
528 3658
529 3296
530 2254
531 1836
532 1612
533 1150
534 1679
535 3544
536 1256
537 1545
538 2099
539 4172
540 2728
541 3352
542 2431
543 2657
544 2657
545 4449
546 4449
547 3133
548 3133
549 3133
550 1529
551 2657
552 4248
553 3133
554 3133
555 4449
556 2657
557 3582
558 2657
559 3582
560 3582
561 4389
562 3760
563 1011
564 2657
565 2657
566 3760
567 4248
568 2657
569 3582
570 3582
571 3582
572 3582
573 2657
574 2657
575 2657
576 1719
577 2657
578 2657
579 2657
580 4248
581 3582
582 2657
583 2657
584 2657
585 2657
586 3760
587 4248
588 4248
589 1047
590 1202
591 1047
592 2032
593 767
594 1077
595 1077
596 1077
597 1077
598 1077
599 1077
600 1077
601 1077
602 1077
603 1077
604 1077
605 1077
606 1077
607 1077
608 1765
609 1094
610 1765
611 1765
612 1094
613 4254
614 4254
615 4254
616 4254
617 2204
618 2204
619 2828
620 4213
621 3918
622 2416
623 2893
624 3497
625 2851
626 2851
627 3349
628 5028
629 5028
630 2844
631 3349
632 3771
633 2851
634 3802
635 3349
636 1417
637 1077
638 1077
639 1077
640 1077
641 1077
642 1077
643 1077
644 1077
645 1077
646 1077
647 1077
648 1077
649 1077
650 1077
651 1077
652 1077
653 1252
654 1077
655 1077
656 1077
657 1252
658 1252
659 3582
660 4238
661 2657
662 1077
663 1077
664 1765
665 1765
666 1765
667 1765
668 1765
669 1765
670 1765
671 1765
672 4254
673 1077
674 1094
675 1094
676 1094
677 1094
678 4045
679 4045
680 4045
681 4349
682 1077
683 1094
684 1077
685 1094
686 1094
687 1094
688 4254
689 4254
690 2695
691 3718
692 2416
693 4238
694 4238
695 4248
696 2032
697 1005
698 855
699 1604
700 1005
701 4566
702 1252
703 1077
704 2657
705 1094
706 1077
707 1077
708 3944
709 4248
710 1077
711 3405
712 1252
713 1094
714 1094
715 1094
716 1094
717 1094
718 1094
719 4389
720 692
721 4389
722 2032
723 995
724 1202
725 1077
726 1077
727 1077
728 1077
729 1077
730 1574
731 1094
732 1574
733 1077
734 1252
735 1077
736 1094
737 1094
738 1094
739 2990
740 4389
741 1094
742 1094
743 1094
744 4254
745 4254
746 2663
747 4254
748 2663
749 1077
750 1077
751 1574
752 1574
753 1574
754 1574
755 1252
756 1252
757 1252
758 4238
759 1094
760 1252
761 1252
762 1252
763 3760
764 3760
765 4389
766 4389
767 3760
768 2990
769 4389
770 995
771 692
772 661
773 1202
774 2024
775 1438
776 1077
777 2240
778 3760
779 1011
780 791
781 1202
782 1094
783 4254
784 3760
785 995
786 543
787 3760
788 1094
789 3454
790 3454
791 1094
792 1574
793 1077
794 1252
795 1252
796 1077
797 1077
798 1077
799 1077
800 1077
801 1077
802 692
803 2024
804 530
805 3760
806 1252
807 1094
808 4254
809 3760
810 3760
811 1011
812 4045
813 4389
814 1252
815 1252
816 3760
817 1094
818 1077
819 1077
820 1077
821 692
822 661
823 1077
824 1252
825 4045
826 1094
827 1094
828 3601
829 1252
830 1252
831 2663
832 4136
833 4358
834 2416
835 2337
836 2559
837 4213
838 3601
839 731
840 1358
841 898
842 776
843 1252
844 1252
845 1252
846 1094
847 4045
848 1094
849 661
850 3760
851 731
852 1574
853 4045
854 3601
855 4254
856 1574
857 1574
858 641
859 3830
860 4213
861 3172
862 4254
863 4254
864 4254
865 1574
866 4045
867 4136
868 641
869 791
870 1202
871 4045
872 4045
873 4254
874 4254
875 4254
876 1765
877 1765
878 1765
879 4136
880 4213
881 1206
882 2032
883 692
884 1047
885 4254
886 4163
887 2828
888 4045
889 692
890 1202
891 82
892 198
893 177
894 153
895 2032
896 767
897 1326
898 28
899 731
900 4213
901 3830
902 3918
903 3172
904 3830
905 3830
906 3830
907 855
908 1206
909 4254
910 1077
911 1077
912 1574
913 1574
914 4254
915 4254
916 2451
917 3172
918 4200
919 4358
920 3918
921 1714
922 1094
923 1574
924 1574
925 891
926 122
927 4358
928 1047
929 543
930 1202
931 1202
932 1202
933 412
934 47
935 331
936 4645
937 4213
938 2559
939 1714
940 1714
941 4358
942 2032
943 767
944 855
945 572
946 345
947 400
948 400
949 400
950 378
951 473
952 3347
953 3201
954 1723
955 125
956 1236
957 262
958 165
959 213
960 872
961 2631
962 1242
963 4189
964 1574
965 1077
966 3718
967 1714
968 2416
969 2451
970 4254
971 2828
972 3172
973 3216
974 4254
975 1574
976 5023
977 3633
978 2851
979 2851
980 2851
981 2851
982 2851
983 2263
984 1417
985 1417
986 2851
987 1714
988 2851
989 2851
990 3113
991 2372
992 3113
993 2337
994 4843
995 3113
996 2607
997 2750
998 2443
999 2607
1000 1652
1001 1652
1002 2038
1003 4933
1004 2958
1005 3795
1006 2568
1007 977
1008 3234
1009 2429
1010 2435
1011 4843
1012 2607
1013 2607
1014 2607
1015 2607
1016 4083
1017 5028
1018 5028
1019 2844
1020 1417
1021 1417
1022 3349
1023 3349
1024 2844
1025 5028
1026 4213
1027 3113
1028 4843
1029 2850
1030 2277
1031 2851
1032 3113
1033 4083
1034 3113
1035 2851
1036 2851
1037 2851
1038 2263
1039 3633
1040 2337
1041 3463
1042 3497
1043 5028
1044 5028
1045 3497
1046 3349
1047 2263
1048 3113
1049 3113
1050 4843
1051 2844
1052 5028
1053 3113
1054 2851
1055 3238
1056 4843
1057 3349
1058 2263
1059 2263
1060 2851
1061 2032
1062 3918
1063 3918
1064 4200
1065 3718
1066 692
1067 661
1068 2372
1069 1652
1070 2372
1071 1652
1072 2844
1073 1652
1074 5063
1075 3917
1076 2372
1077 1728
1078 2844
1079 2844
1080 4280
1081 2083
1082 2001
1083 3795
1084 3006
1085 4052
1086 3264
1087 3264
1088 3746
1089 2258
1090 2757
1091 3795
1092 2509
1093 1673
1094 4935
1095 3349
1096 2893
1097 2851
1098 3918
1099 3172
1100 4200
1101 2204
1102 641
1103 855
1104 2607
1105 2150
1106 1916
1107 1916
1108 2879
1109 1916
1110 2879
1111 4368
1112 3950
1113 1202
1114 1652
1115 4254
1116 4254
1117 4254
1118 4254
1119 3349
1120 2277
1121 3771
1122 2851
1123 1574
1124 1574
1125 1765
1126 1094
1127 1094
1128 4254
1129 1765
1130 1765
1131 1077
1132 1077
1133 1077
1134 1765
1135 1077
1136 661
1137 1652
1138 1652
1139 3830
1140 1358
1141 1358
1142 630
1143 2416
1144 1635
1145 2537
1146 3463
1147 2150
1148 2607
1149 4083
1150 791
1151 2663
1152 4254
1153 2372
1154 2372
1155 1652
1156 2150
1157 4083
1158 2851
1159 3349
1160 3980
1161 2337
1162 1604
1163 3830
1164 976
1165 4843
1166 2607
1167 3157
1168 4843
1169 3497
1170 3349
1171 3349
1172 1635
1173 1652
1174 5028
1175 3463
1176 1714
1177 2416
1178 3718
1179 4358
1180 4358
1181 2111
1182 2263
1183 3349
1184 2372
1185 2893
1186 1652
1187 1417
1188 2791
1189 2416
1190 2337
1191 2451
1192 1574
1193 1765
1194 1574
1195 4254
1196 1652
1197 4254
1198 4349
1199 4213
1200 3844
1201 1652
1202 2844
1203 2038
1204 5164
1205 1751
1206 5028
1207 1714
1208 4254
1209 4280
1210 4858
1211 1580
1212 4886
1213 4143
1214 4933
1215 2372
1216 2607
1217 2607
1218 1417
1219 4083
1220 2337
1221 1635
1222 5164
1223 2607
1224 4459
1225 2348
1226 4398
1227 3051
1228 3075
1229 4422
1230 3600
1231 2215
1232 2889
1233 1309
1234 2489
1235 2604
1236 2609
1237 1587
1238 2813
1239 2813
1240 2842
1241 2429
1242 2084
1243 3182
1244 2236
1245 1535
1246 955
1247 1570
1248 4011
1249 1570
1250 1098
1251 2071
1252 1063
1253 3284
1254 3182
1255 2429
1256 3112
1257 3989
1258 2620
1259 4616
1260 4422
1261 1886
1262 1652
1263 1652
1264 2607
1265 3349
1266 2851
1267 4280
1268 1652
1269 4403
1270 4136
1271 4254
1272 4254
1273 3620
1274 2016
1275 2327
1276 2016
1277 2618
1278 3918
1279 4645
1280 4268
1281 2451
1282 2204
1283 4254
1284 2038
1285 1652
1286 1652
1287 2537
1288 1417
1289 3980
1290 3802
1291 3980
1292 3349
1293 2537
1294 1417
1295 5164
1296 2001
1297 4143
1298 2038
1299 1652
1300 4403
1301 4495
1302 5200
1303 4858
1304 4474
1305 2982
1306 2184
1307 1709
1308 3075
1309 4280
1310 3463
1311 2893
1312 1417
1313 4512
1314 4280
1315 4903
1316 4933
1317 2083
1318 4933
1319 2038
1320 1146
1321 4403
1322 3289
1323 2697
1324 4186
1325 3202
1326 947
1327 1439
1328 3075
1329 1367
1330 2179
1331 2179
1332 3075
1333 3289
1334 3289
1335 3663
1336 2697
1337 5164
1338 4933
1339 1136
1340 1652
1341 1652
1342 4083
1343 4213
1344 3289
1345 3075
1346 3075
1347 1755
1348 3802
1349 3980
1350 2451
1351 3918
1352 3718
1353 1714
1354 3918
1355 4200
1356 3718
1357 2083
1358 2791
1359 2893
1360 4358
1361 3918
1362 4358
1363 3718
1364 1652
1365 3663
1366 4933
1367 2001
1368 2001
1369 3075
1370 4161
1371 1714
1372 2337
1373 2903
1374 1202
1375 3463
1376 3051
1377 3075
1378 3989
1379 1673
1380 2509
1381 2509
1382 2697
1383 4398
1384 4858
1385 4280
1386 3663
1387 855
1388 4136
1389 4441
1390 4645
1391 4933
1392 1417
1393 1714
1394 3289
1395 2277
1396 4213
1397 4153
1398 2179
1399 855
1400 3463
1401 2690
1402 3289
1403 157
1404 2024
1405 3980
1406 3775
1407 2509
1408 5164
1409 2903
1410 412
1411 465
1412 1957
1413 4074
1414 2231
1415 3220
1416 1272
1417 1191
1418 2488
1419 2854
1420 3125
1421 3138
1422 2908
1423 3138
1424 1737
1425 1737
1426 1610
1427 1632
1428 2908
1429 1611
1430 3918
1431 4358
1432 4213
1433 3918
1434 3075
1435 3463
1436 2337
1437 4933
1438 1714
1439 4213
1440 2204
1441 3075
1442 2568
1443 2568
1444 2150
1445 3917
1446 2750
1447 2750
1448 2150
1449 2607
1450 1714
1451 1987
1452 1635
1453 2690
1454 412
1455 1202
1456 412
1457 1202
1458 331
1459 2179
1460 1202
1461 79
1462 1397
1463 1326
1464 810
1465 2607
1466 3980
1467 2851
1468 2434
1469 2277
1470 4161
1471 412
1472 1202
1473 1202
1474 628
1475 225
1476 237
1477 628
1478 1635
1479 3775
1480 1661
1481 2842
1482 2435
1483 2844
1484 1652
1485 3075
1486 2568
1487 2568
1488 2001
1489 4333
1490 3139
1491 1900
1492 2509
1493 2434
1494 1506
1495 978
1496 2082
1497 1481
1498 916
1499 1212
1500 2416
1501 2509
1502 3137
1503 4584
1504 4584
1505 3172
1506 4441
1507 1580
1508 3225
1509 3139
1510 3640
1511 3062
1512 4133
1513 3533
1514 2690
1515 2443
1516 3178
1517 2070
1518 1479
1519 3924
1520 4122
1521 2581
1522 2386
1523 1631
1524 2337
1525 2893
1526 4186
1527 4254
1528 4254
1529 3172
1530 4254
1531 4254
1532 3216
1533 1714
1534 4645
1535 2416
1536 2791
1537 3918
1538 4213
1539 3918
1540 4358
1541 1714
1542 1136
1543 3980
1544 1714
1545 2451
1546 2148
1547 2338
1548 157
1549 1326
1550 133
1551 354
1552 780
1553 780
1554 652
1555 1876
1556 3739
1557 1591
1558 1399
1559 530
1560 2204
1561 767
1562 530
1563 2791
1564 1714
1565 1417
1566 2537
1567 4529
1568 3137
1569 2416
1570 1635
1571 1326
1572 530
1573 1415
1574 2743
1575 2402
1576 147
1577 140
1578 352
1579 1326
1580 445
1581 1879
1582 2092
1583 2896
1584 2381
1585 3118
1586 2527
1587 4254
1588 2277
1589 3349
1590 2204
1591 3497
1592 1612
1593 4696
1594 108
1595 1415
1596 1762
1597 3266
1598 652
1599 1415
1600 4254
1601 4254
1602 4254
1603 4254
1604 4254
1605 4254
1606 122
1607 530
1608 830
1609 1714
1610 2893
1611 2150
1612 2162
1613 2150
1614 2386
1615 3497
1616 1241
1617 2337
1618 1326
1619 445
1620 2345
1621 3343
1622 2260
1623 1143
1624 4161
1625 3980
1626 1498
1627 3349
1628 2277
1629 2277
1630 712
1631 1415
1632 2879
1633 4333
1634 4280
1635 1029
1636 122
1637 225
1638 2607
1639 2607
1640 4333
1641 4333
1642 2879
1643 2879
1644 3646
1645 4333
1646 4368
1647 2184
1648 2850
1649 2554
1650 339
1651 31
1652 53
1653 780
1654 354
1655 4865
1656 2889
1657 652
1658 1748
1659 2074
1660 767
1661 4843
1662 2443
1663 712
1664 2443
1665 2879
1666 354
1667 354
1668 104
1669 780
1670 157
1671 75
1672 75
1673 2150
1674 53
1675 2318
1676 1415
1677 1635
1678 2893
1679 2150
1680 5063
1681 898
1682 104
1683 2607
1684 3027
1685 108
1686 133
1687 3202
1688 3349
1689 2380
1690 2607
1691 2380
1692 2327
1693 3989
1694 3640
1695 1241
1696 445
1697 295
1698 295
1699 239
1700 752
1701 1631
1702 2469
1703 2047
1704 855
1705 855
1706 227
1707 855
1708 2537
1709 3497
1710 2349
1711 1768
1712 1326
1713 82
1714 108
1715 3157
1716 3157
1717 75
1718 1415
1719 1326
1720 3094
1721 1230
1722 652
1723 3463
1724 2879
1725 5063
1726 3950
1727 2750
1728 898
1729 654
1730 3915
1731 3136
1732 2871
1733 3938
1734 3938
1735 3739
1736 3739
1737 1798
1738 1730
1739 3642
1740 1490
1741 2844
1742 2443
1743 2879
1744 2879
1745 2879
1746 3646
1747 2070
1748 2277
1749 2277
1750 3349
1751 1916
1752 2215
1753 1498
1754 947
1755 2607
1756 2607
1757 652
1758 855
1759 1494
1760 1069
1761 62
1762 1624
1763 1569
1764 1490
1765 2773
1766 1715
1767 4157
1768 1169
1769 1122
1770 2381
1771 2983
1772 3363
1773 2074
1774 2074
1775 3648
1776 2348
1777 1326
1778 79
1779 564
1780 325
1781 123
1782 1048
1783 1048
1784 2469
1785 3728
1786 1399
1787 2302
1788 3980
1789 3648
1790 960
1791 2607
1792 855
1793 372
1794 855
1795 2006
1796 1152
1797 3728
1798 3136
1799 2026
1800 2126
1801 2421
1802 3640
1803 752
1804 736
1805 1131
1806 3980
1807 2277
1808 1917
1809 712
1810 1494
1811 2850
1812 3136
1813 3728
1814 2277
1815 2850
1816 79
1817 1212
1818 3950
1819 630
1820 1222
1821 1143
1822 1679
1823 2016
1824 3195
1825 2871
1826 2302
1827 1828
1828 1730
1829 3850
1830 3266
1831 3802
1832 2349
1833 322
1834 928
1835 79
1836 2082
1837 3739
1838 3938
1839 1876
1840 1652
1841 1315
1842 3243
1843 1870
1844 1336
1845 2914
1846 1934
1847 445
1848 372
1849 3938
1850 1399
1851 2607
1852 2750
1853 3917
1854 2607
1855 1029
1856 1069
1857 2074
1858 2554
1859 2909
1860 4099
1861 2390
1862 3074
1863 2502
1864 1068
1865 4327
1866 4172
1867 2349
1868 1521
1869 1587
1870 2757
1871 2561
1872 445
1873 108
1874 465
1875 573
1876 104
1877 1638
1878 2277
1879 322
1880 2348
1881 2873
1882 939
1883 1638
1884 855
1885 1916
1886 2554
1887 2554
1888 79
1889 960
1890 79
1891 616
1892 400
1893 400
1894 122
1895 79
1896 2193
1897 4052
1898 1368
1899 2879
1900 2607
1901 1452
1902 2198
1903 1241
1904 2521
1905 2277
1906 295
1907 2025
1908 3319
1909 2390
1910 2750
1911 2962
1912 816
1913 1957
1914 225
1915 327
1916 1368
1917 3182
1918 1988
1919 1988
1920 4122
1921 3823
1922 5063
1923 1368
1924 1315
1925 1755
1926 509
1927 3950
1928 1916
1929 2521
1930 2879
1931 2568
1932 79
1933 465
1934 2254
1935 1062
1936 1155
1937 804
1938 1689
1939 1762
1940 2618
1941 1068
1942 1916
1943 3778
1944 4018
1945 2529
1946 345
1947 4052
1948 3264
1949 2750
1950 3646
1951 2561
1952 3139
1953 875
1954 723
1955 644
1956 657
1957 220
1958 875
1959 3226
1960 2016
1961 1379
1962 2093
1963 2879
1964 977
1965 1603
1966 1452
1967 3972
1968 2609
1969 2914
1970 1265
1971 1683
1972 1062
1973 977
1974 3746
1975 2035
1976 2896
1977 2521
1978 1755
1979 1542
1980 3561
1981 3332
1982 1058
1983 2521
1984 1248
1985 2914
1986 1000
1987 3965
1988 1125
1989 3972
1990 1689
1991 4544
1992 4966
1993 2561
1994 3989
1995 1988
1996 2624
1997 2187
1998 1351
1999 2025
2000 2805
2001 3190
2002 2896
2003 2906
2004 4981
2005 3465
2006 3924
2007 1008
2008 28
2009 1232
2010 185
2011 2061
2012 1153
2013 1196
2014 1291
2015 1798
2016 345
2017 325
2018 345
2019 2729
2020 2499
2021 484
2022 4272
2023 1850
2024 2499
2025 325
2026 2233
2027 2233
2028 712
2029 372
2030 1521
2031 1106
2032 2224
2033 2914
2034 1860
2035 3746
2036 1755
2037 28
2038 3062
2039 2233
2040 1058
2041 1172
2042 1184
2043 3425
2044 239
2045 3646
2046 2561
2047 1879
2048 62
2049 536
2050 2005
2051 1682
2052 408
2053 3755
2054 1152
2055 2006
2056 3646
2057 2500
2058 1222
2059 3646
2060 2016
2061 3243
2062 1222
2063 2671
2064 2896
2065 77
2066 95
2067 952
2068 3561
2069 2502
2070 2067
2071 2067
2072 2870
2073 4387
2074 4122
2075 4122
2076 3352
2077 3316
2078 2104
2079 2254
2080 1501
2081 380
2082 4088
2083 4052
2084 3150
2085 894
2086 2187
2087 2127
2088 2149
2089 3924
2090 1099
2091 4973
2092 3354
2093 2618
2094 3343
2095 2743
2096 2254
2097 1398
2098 3226
2099 1143
2100 1881
2101 239
2102 1755
2103 1860
2104 2126
2105 1223
2106 2914
2107 4182
2108 1799
2109 964
2110 3965
2111 4182
2112 766
2113 1713
2114 2251
2115 3347
2116 3018
2117 921
2118 921
2119 3018
2120 2410
2121 766
2122 1777
2123 1777
2124 3018
2125 1777
2126 252
2127 2251
2128 2251
2129 3018
2130 3018
2131 416
2132 3018
2133 766
2134 416
2135 816
2136 310
2137 13
2138 2356
2139 2177
2140 4387
2141 1777
2142 554
2143 1398
2144 2127
2145 1184
2146 2604
2147 3018
2148 2251
2149 2251
2150 766
2151 2914
2152 1860
2153 2811
2154 1441
2155 542
2156 407
2157 535
2158 2473
2159 3150
2160 1713
2161 2251
2162 554
2163 1777
2164 778
2165 252
2166 416
2167 3746
2168 616
2169 267
2170 1232
2171 3746
2172 239
2173 554
2174 554
2175 416
2176 416
2177 1777
2178 1777
2179 4123
2180 2729
2181 2356
2182 3561
2183 3018
2184 480
2185 588
2186 981
2187 3018
2188 921
2189 1777
2190 921
2191 400
2192 400
2193 663
2194 470
2195 3465
2196 1058
2197 1760
2198 2429
2199 2228
2200 440
2201 793
2202 793
2203 2614
2204 478
2205 385
2206 1851
2207 544
2208 778
2209 284
2210 4802
2211 154
2212 2251
2213 239
2214 554
2215 440
2216 440
2217 818
2218 3438
2219 2560
2220 793
2221 852
2222 1510
2223 382
2224 676
2225 4028
2226 786
2227 4028
2228 738
2229 544
2230 3153
2231 349
2232 3895
2233 3895
2234 1411
2235 2461
2236 5111
2237 400
2238 554
2239 714
2240 723
2241 216
2242 110
2243 1955
2244 3895
2245 1012
2246 537
2247 738
2248 738
2249 4028
2250 1012
2251 1909
2252 1909
2253 1012
2254 1099
2255 4624
2256 3057
2257 2228
2258 1724
2259 2848
2260 1461
2261 2490
2262 3792
2263 3299
2264 4283
2265 2834
2266 287
2267 615
2268 1115
2269 1666
2270 1589
2271 1167
2272 1204
2273 2461
2274 4834
2275 650
2276 650
2277 418
2278 4028
2279 3867
2280 4028
2281 4028
2282 1204
2283 2914
2284 2914
2285 3952
2286 3416
2287 3952
2288 2270
2289 4049
2290 1115
2291 4802
2292 3018
2293 352
2294 1115
2295 2251
2296 1777
2297 1033
2298 4063
2299 262
2300 588
2301 616
2302 663
2303 2138
2304 2914
2305 1962
2306 1932
2307 2410
2308 1988
2309 2410
2310 778
2311 778
2312 4090
2313 2631
2314 1242
2315 872
2316 810
2317 3465
2318 2499
2319 1165
2320 4314
2321 2251
2322 558
2323 1225
2324 2251
2325 2251
2326 239
2327 378
2328 1723
2329 1244
2330 475
2331 1048
2332 1033
2333 3427
2334 2631
2335 1695
2336 2813
2337 2842
2338 1196
2339 2489
2340 187
2341 2300
2342 1261
2343 97
2344 1589
2345 1430
2346 400
2347 2631
2348 663
2349 2224
2350 949
2351 2729
2352 1429
2353 3446
2354 454
2355 1992
2356 4806
2357 871
2358 588
2359 1236
2360 544
2361 1760
2362 2356
2363 4051
2364 2421
2365 856
2366 23
2367 3594
2368 893
2369 2924
2370 135
2371 440
2372 793
2373 671
2374 671
2375 221
2376 221
2377 221
2378 221
2379 221
2380 23
2381 538
2382 479
2383 2924
2384 1277
2385 943
2386 856
2387 4805
2388 1167
2389 544
2390 2238
2391 3347
2392 1723
2393 4810
2394 125
2395 2251
2396 881
2397 1988
2398 2499
2399 793
2400 4197
2401 2489
2402 1587
2403 3952
2404 544
2405 709
2406 622
2407 3465
2408 2896
2409 1131
2410 924
2411 2714
2412 1587
2413 4314
2414 480
2415 447
2416 544
2417 3573
2418 714
2419 4314
2420 2728
2421 4172
2422 2743
2423 2924
2424 23
2425 472
2426 793
2427 3594
2428 4811
2429 4806
2430 1723
2431 904
2432 267
2433 2402
2434 793
2435 478
2436 3186
2437 266
2438 17
2439 2376
2440 574
2441 298
2442 1863
2443 537
2444 2729
2445 378
2446 337
2447 447
2448 714
2449 4815
2450 3201
2451 535
2452 7
2453 7
2454 1167
2455 1167
2456 3363
2457 4614
2458 123
2459 2489
2460 1305
2461 2813
2462 1196
2463 4812
2464 2848
2465 2848
2466 86
2467 385
2468 4810
2469 872
2470 775
2471 1957
2472 1099
2473 2604
2474 2604
2475 2361
2476 1343
2477 3849
2478 1244
2479 2052
2480 2848
2481 164
2482 2714
2483 4172
2484 3043
2485 2604
2486 2825
2487 3017
2488 2755
2489 13
2490 4197
2491 3312
2492 3071
2493 2813
2494 1955
2495 4307
2496 3895
2497 3338
2498 671
2499 454
2500 479
2501 3117
2502 1313
2503 1048
2504 2604
2505 2604
2506 874
2507 1236
2508 1099
2509 2707
2510 3693
2511 1461
2512 23
2513 23
2514 2134
2515 3338
2516 1335
2517 3972
2518 2604
2519 2604
2520 470
2521 3253
2522 989
2523 2906
2524 3354
2525 2609
2526 2549
2527 3438
2528 2046
2529 3895
2530 4834
2531 3147
2532 3153
2533 283
2534 3484
2535 286
2536 1429
2537 1691
2538 3722
2539 2356
2540 195
2541 171
2542 595
2543 1708
2544 4246
2545 640
2546 244
2547 535
2548 3071
2549 1589
2550 478
2551 397
2552 690
2553 1293
2554 3849
2555 164
2556 310
2557 470
2558 213
2559 2627
2560 3459
2561 4544
2562 943
2563 135
2564 135
2565 192
2566 2848
2567 2848
2568 1851
2569 2609
2570 3284
2571 2329
2572 2071
2573 4049
2574 2013
2575 262
2576 231
2577 1783
2578 590
2579 187
2580 97
2581 86
2582 110
2583 4049
2584 1806
2585 231
2586 671
2587 221
2588 856
2589 1277
2590 3692
2591 33
2592 146
2593 4963
2594 568
2595 690
2596 2013
2597 3569
2598 3569
2599 3153
2600 283
2601 3260
2602 2755
2603 329
2604 2490
2605 2376
2606 574
2607 574
2608 3299
2609 3299
2610 2834
2611 478
2612 216
2613 2435
2614 2604
2615 3118
2616 2924
2617 671
2618 221
2619 221
2620 3480
2621 699
2622 644
2623 165
2624 165
2625 1256
2626 479
2627 679
2628 115
2629 1343
2630 1510
2631 2654
2632 3112
2633 3909
2634 2321
2635 3569
2636 2321
2637 4049
2638 2013
2639 2321
2640 4191
2641 2549
2642 251
2643 191
2644 156
2645 1441
2646 4172
2647 2770
2648 869
2649 2220
2650 4966
2651 478
2652 86
2653 213
2654 989
2655 1334
2656 2288
2657 1261
2658 1393
2659 1925
2660 2532
2661 2231
2662 1441
2663 1582
2664 3325
2665 538
2666 643
2667 4624
2668 2061
2669 135
2670 3117
2671 146
2672 110
2673 88
2674 1834
2675 2906
2676 1493
2677 1448
2678 221
2679 1715
2680 1297
2681 3036
2682 2431
2683 3449
2684 2689
2685 2658
2686 3023
2687 2720
2688 2107
2689 2748
2690 1620
2691 2816
2692 2159
2693 3232
2694 2270
2695 510
2696 645
2697 1469
2698 4636
2699 2421
2700 4220
2701 538
2702 1715
2703 2595
2704 2800
2705 1834
2706 4834
2707 657
2708 254
2709 1411
2710 2627
2711 2315
2712 2363
2713 874
2714 165
2715 4416
2716 69
2717 262
2718 164
2719 542
2720 23
2721 4157
2722 2431
2723 1273
2724 2166
2725 2099
2726 2299
2727 1016
2728 1435
2729 3558
2730 2770
2731 159
2732 3118
2733 23
2734 23
2735 2702
2736 3296
2737 2950
2738 869
2739 1065
2740 2299
2741 1123
2742 3827
2743 1123
2744 3472
2745 310
2746 460
2747 191
2748 499
2749 287
2750 852
2751 66
2752 2576
2753 1889
2754 1743
2755 3123
2756 2389
2757 1285
2758 4974
2759 1297
2760 3117
2761 397
2762 3295
2763 1442
2764 4168
2765 3043
2766 3043
2767 3284
2768 2596
2769 2431
2770 1262
2771 1558
2772 2798
2773 2767
2774 2059
2775 958
2776 1332
2777 3416
2778 4158
2779 1416
2780 2329
2781 3624
2782 2131
2783 1563
2784 1963
2785 2090
2786 1805
2787 3329
2788 1889
2789 2827
2790 671
2791 221
2792 2039
2793 221
2794 2039
2795 3415
2796 1598
2797 289
2798 1735
2799 3693
2800 2651
2801 1193
2802 1449
2803 1483
2804 1027
2805 3827
2806 643
2807 1441
2808 1297
2809 256
2810 2321
2811 3112
2812 4049
2813 4049
2814 2447
2815 3416
2816 2270
2817 2720
2818 2720
2819 2270
2820 2270
2821 3569
2822 1054
2823 3952
2824 2447
2825 3416
2826 3416
2827 2270
2828 2959
2829 2202
2830 4138
2831 4158
2832 2181
2833 3264
2834 3897
2835 3820
2836 2316
2837 3927
2838 3371
2839 1720
2840 1537
2841 1537
2842 460
2843 1807
2844 3244
2845 2983
2846 2039
2847 343
2848 3325
2849 2173
2850 4973
2851 2270
2852 2321
2853 2658
2854 165
2855 2542
2856 3135
2857 1313
2858 1881
2859 1493
2860 4841
2861 2983
2862 3515
2863 2270
2864 3217
2865 3485
2866 2265
2867 3523
2868 3602
2869 2754
2870 1586
2871 2575
2872 2375
2873 2642
2874 3641
2875 4935
2876 2642
2877 4428
2878 2181
2879 3247
2880 3416
2881 262
2882 213
2883 244
2884 1955
2885 2381
2886 3043
2887 4137
2888 287
2889 3117
2890 2166
2891 4082
2892 3416
2893 3416
2894 2567
2895 2689
2896 1962
2897 3244
2898 3244
2899 3479
2900 3592
2901 256
2902 310
2903 251
2904 405
2905 3023
2906 3485
2907 1682
2908 2834
2909 3722
2910 3449
2911 1054
2912 2316
2913 940
2914 334
2915 3112
2916 1575
2917 2112
2918 3135
2919 2906
2920 1598
2921 460
2922 405
2923 4352
2924 4481
2925 2124
2926 1313
2927 1034
2928 4957
2929 2464
2930 3504
2931 1469
2932 287
2933 183
2934 2717
2935 3615
2936 1217
2937 2628
2938 1376
2939 1449
2940 2672
2941 2767
2942 3012
2943 4510
2944 2682
2945 3217
2946 2591
2947 2235
2948 131
2949 405
2950 3820
2951 2181
2952 4236
2953 4971
2954 1410
2955 1477
2956 1700
2957 1596
2958 665
2959 2895
2960 1700
2961 1576
2962 1477
2963 940
2964 940
2965 4352
2966 213
2967 1313
2968 2834
2969 3849
2970 3895
2971 4544
2972 85
2973 156
2974 2986
2975 2754
2976 4415
2977 2754
2978 2316
2979 3241
2980 992
2981 2099
2982 3325
2983 2315
2984 650
2985 4481
2986 3895
2987 3374
2988 2834
2989 798
2990 729
2991 1510
2992 574
2993 3717
2994 165
2995 244
2996 4082
2997 1570
2998 191
2999 4410
3000 966
3001 460
3002 4416
3003 3247
3004 2464
3005 1620
3006 2920
3007 1775
3008 1550
3009 2532
3010 2572
3011 3693
3012 3555
3013 3506
3014 1563
3015 1469
3016 2181
3017 3306
3018 3690
3019 3371
3020 244
3021 4481
3022 326
3023 3374
3024 3299
3025 4650
3026 3895
3027 297
3028 4538
3029 273
3030 2942
3031 2942
3032 2942
3033 4415
3034 2136
3035 300
3036 2638
3037 2834
3038 2834
3039 1962
3040 4352
3041 407
3042 2300
3043 1392
3044 4307
3045 665
3046 224
3047 2209
3048 2506
3049 1261
3050 1383
3051 1258
3052 1477
3053 1016
3054 1116
3055 1510
3056 615
3057 3299
3058 254
3059 353
3060 1117
3061 3820
3062 640
3063 4538
3064 4538
3065 2550
3066 3472
3067 1158
3068 4481
3069 1598
3070 615
3071 1258
3072 2227
3073 1027
3074 300
3075 3515
3076 1863
3077 2793
3078 2268
3079 2575
3080 165
3081 2703
3082 220
3083 1257
3084 738
3085 4028
3086 738
3087 3890
3088 3890
3089 4028
3090 4028
3091 4028
3092 1716
3093 2550
3094 1980
3095 2621
3096 2628
3097 2628
3098 1449
3099 2156
3100 1557
3101 2798
3102 2986
3103 3895
3104 4074
3105 2638
3106 2288
3107 3722
3108 3354
3109 2793
3110 2703
3111 3239
3112 3068
3113 3239
3114 1586
3115 1249
3116 1249
3117 1535
3118 1853
3119 1034
3120 1962
3121 956
3122 3355
3123 2159
3124 491
3125 537
3126 3374
3127 3260
3128 798
3129 4057
3130 2231
3131 2884
3132 2389
3133 3847
3134 3649
3135 798
3136 3895
3137 499
3138 4074
3139 2364
3140 531
3141 2793
3142 3371
3143 2535
3144 3371
3145 2535
3146 3927
3147 298
3148 3755
3149 2793
3150 3871
3151 2660
3152 2705
3153 2669
3154 3327
3155 3081
3156 4030
3157 2151
3158 2242
3159 3340
3160 2838
3161 1333
3162 2632
3163 1885
3164 2779
3165 2632
3166 1509
3167 2425
3168 3193
3169 2704
3170 3355
3171 1084
3172 1260
3173 2747
3174 2747
3175 537
3176 2747
3177 3653
3178 3653
3179 3653
3180 1556
3181 1556
3182 3690
3183 3514
3184 3514
3185 3374
3186 2002
3187 922
3188 3799
3189 3081
3190 3309
3191 1676
3192 2298
3193 3784
3194 3110
3195 3784
3196 3420
3197 2322
3198 3791
3199 2715
3200 2793
3201 1138
3202 3135
3203 798
3204 574
3205 1027
3206 1419
3207 1710
3208 1088
3209 2950
3210 2623
3211 3546
3212 474
3213 1216
3214 1216
3215 3374
3216 4307
3217 1701
3218 1174
3219 393
3220 353
3221 1556
3222 4004
3223 2638
3224 798
3225 3895
3226 999
3227 1216
3228 1483
3229 3653
3230 2659
3231 3374
3232 922
3233 214
3234 2506
3235 3970
3236 1596
3237 4097
3238 1392
3239 2139
3240 3871
3241 1096
3242 1418
3243 2305
3244 2305
3245 1640
3246 2677
3247 3119
3248 1288
3249 1573
3250 1322
3251 3871
3252 3927
3253 1283
3254 391
3255 2983
3256 2802
3257 3653
3258 1012
3259 2268
3260 1556
3261 1556
3262 537
3263 4028
3264 3374
3265 3374
3266 418
3267 1117
3268 297
3269 1775
3270 859
3271 1920
3272 1216
3273 738
3274 4028
3275 4028
3276 738
3277 537
3278 4246
3279 4538
3280 3514
3281 4318
3282 3030
3283 297
3284 1365
3285 1287
3286 1216
3287 1634
3288 738
3289 3774
3290 4081
3291 4028
3292 3869
3293 220
3294 2651
3295 1807
3296 2034
3297 1012
3298 2314
3299 537
3300 4028
3301 786
3302 4028
3303 4028
3304 3274
3305 2730
3306 1720
3307 1537
3308 2385
3309 2738
3310 3119
3311 2677
3312 2425
3313 1585
3314 3719
3315 3165
3316 3519
3317 3420
3318 3420
3319 2535
3320 1720
3321 3799
3322 1281
3323 1322
3324 1215
3325 1334
3326 1984
3327 1787
3328 1371
3329 955
3330 418
3331 3895
3332 1012
3333 4028
3334 3374
3335 3799
3336 3354
3337 1766
3338 1329
3339 4028
3340 786
3341 3374
3342 3788
3343 3374
3344 3867
3345 4028
3346 4028
3347 1012
3348 4028
3349 4028
3350 4028
3351 2730
3352 3514
3353 4318
3354 2704
3355 2299
3356 1508
3357 2543
3358 4307
3359 2747
3360 1708
3361 786
3362 4028
3363 3514
3364 3806
3365 2857
3366 3806
3367 2730
3368 665
3369 3874
3370 5166
3371 2124
3372 2220
3373 3325
3374 1473
3375 2642
3376 3371
3377 786
3378 786
3379 4028
3380 4028
3381 3514
3382 61
3383 2268
3384 2660
3385 2572
3386 2391
3387 3119
3388 3081
3389 2130
3390 1149
3391 2827
3392 2341
3393 4841
3394 2730
3395 1045
3396 1045
3397 3611
3398 3743
3399 2777
3400 1299
3401 1261
3402 1826
3403 2231
3404 1419
3405 1261
3406 2163
3407 3336
3408 1586
3409 3317
3410 1427
3411 4318
3412 4318
3413 1826
3414 4318
3415 1281
3416 3119
3417 1866
3418 1585
3419 2425
3420 2406
3421 2632
3422 2779
3423 2838
3424 3617
3425 2501
3426 3762
3427 1459
3428 3671
3429 2322
3430 3327
3431 2951
3432 2098
3433 3081
3434 2151
3435 2095
3436 2840
3437 1885
3438 3193
3439 3336
3440 3209
3441 2425
3442 2406
3443 4033
3444 1312
3445 2672
3446 2623
3447 1179
3448 2672
3449 1258
3450 1651
3451 3210
3452 2617
3453 1427
3454 2617
3455 1537
3456 3806
3457 2951
3458 1487
3459 3336
3460 2242
3461 2803
3462 2098
3463 3119
3464 3708
3465 2458
3466 2098
3467 1319
3468 1849
3469 1201
3470 1645
3471 4318
3472 3743
3473 3886
3474 2735
3475 955
3476 3301
3477 3371
3478 1281
3479 3011
3480 2169
3481 3011
3482 3165
3483 3327
3484 2242
3485 2754
3486 4074
3487 1721
3488 1474
3489 1159
3490 2506
3491 1826
3492 2002
3493 1280
3494 2315
3495 2920
3496 2981
3497 2981
3498 2462
3499 3209
3500 4109
3501 2446
3502 3340
3503 3324
3504 3981
3505 1004
3506 2621
3507 2688
3508 1771
3509 1623
3510 2132
3511 1585
3512 3011
3513 2830
3514 2804
3515 2095
3516 1365
3517 2543
3518 1473
3519 1376
3520 3799
3521 2347
3522 2507
3523 1883
3524 2446
3525 1970
3526 1654
3527 3578
3528 3799
3529 1970
3530 2838
3531 2911
3532 1088
3533 1537
3534 3464
3535 2103
3536 4006
3537 2305
3538 3641
3539 2322
3540 1211
3541 2135
3542 1084
3543 1645
3544 3461
3545 1623
3546 3336
3547 3165
3548 2322
3549 1287
3550 1651
3551 4006
3552 3799
3553 2819
3554 1883
3555 1866
3556 900
3557 2049
3558 3635
3559 3607
3560 1625
3561 1645
3562 3784
3563 4253
3564 1412
3565 1843
3566 1264
3567 2197
3568 2172
3569 1111
3570 1904
3571 3665
3572 3617
3573 2526
3574 2928
3575 1910
3576 2849
3577 5113
3578 5113
3579 4596
3580 149
3581 838
3582 1275
3583 717
3584 717
3585 717
3586 717
3587 717
3588 717
3589 717
3590 717
3591 3762
3592 2501
3593 3185
3594 1910
3595 2726
3596 1586
3597 1201
3598 4596
3599 36
3600 4596
3601 4596
3602 4596
3603 4628
3604 2995
3605 2995
3606 2995
3607 2605
3608 111
3609 727
3610 838
3611 1275
3612 1275
3613 1275
3614 1275
3615 4596
3616 4596
3617 36
3618 36
3619 4596
3620 36
3621 4628
3622 2995
3623 4362
3624 3855
3625 3212
3626 3022
3627 3777
3628 1660
3629 3777
3630 3762
3631 2501
3632 4596
3633 4596
3634 4596
3635 1275
3636 1275
3637 838
3638 727
3639 727
3640 36
3641 111
3642 727
3643 111
3644 36
3645 36
3646 36
3647 36
3648 36
3649 4596
3650 4596
3651 2672
3652 1532
3653 2050
3654 2231
3655 3578
3656 2385
3657 1986
3658 2929
3659 1625
3660 3110
3661 3548
3662 3617
3663 3617
3664 2526
3665 3617
3666 2928
3667 3548
3668 1459
3669 3762
3670 3617
3671 1459
3672 2726
3673 4596
3674 4596
3675 3110
3676 3506
3677 1963
3678 4596
3679 4628
3680 4362
3681 4202
3682 3634
3683 2501
3684 1459
3685 1459
3686 3546
3687 2095
3688 3165
3689 1071
3690 1281
3691 4285
3692 2760
3693 1749
3694 2777
3695 4596
3696 2605
3697 2346
3698 3610
3699 1369
3700 1894
3701 1865
3702 4477
3703 1359
3704 3420
3705 4596
3706 4596
3707 3022
3708 4253
3709 3076
3710 1365
3711 2136
3712 1474
3713 1281
3714 1201
3715 833
3716 4596
3717 5122
3718 4596
3719 4596
3720 2767
3721 1491
3722 2231
3723 1251
3724 2305
3725 2009
3726 1904
3727 2353
3728 2482
3729 2837
3730 2837
3731 2726
3732 3548
3733 2837
3734 3777
3735 3357
3736 4596
3737 2605
3738 2995
3739 4628
3740 1004
3741 2532
3742 1927
3743 2231
3744 3635
3745 4279
3746 3212
3747 2501
3748 1910
3749 1660
3750 2837
3751 3762
3752 1459
3753 975
3754 1601
3755 2172
3756 2172
3757 2883
3758 1678
3759 2139
3760 3045
3761 3545
3762 3545
3763 4628
3764 4596
3765 4596
3766 1215
3767 3212
3768 2970
3769 3357
3770 4202
3771 3212
3772 4362
3773 2605
3774 4628
3775 2446
3776 3209
3777 2916
3778 4006
3779 1571
3780 1251
3781 2605
3782 2605
3783 2993
3784 3212
3785 1660
3786 4224
3787 2677
3788 2590
3789 1028
3790 2740
3791 3052
3792 4150
3793 1657
3794 1660
3795 3285
3796 2501
3797 3022
3798 3777
3799 2156
3800 4069
3801 1619
3802 1412
3803 3775
3804 3232
3805 2639
3806 2947
3807 1028
3808 3420
3809 2169
3810 4362
3811 4202
3812 2503
3813 3119
3814 3127
3815 4596
3816 111
3817 417
3818 1263
3819 3119
3820 1088
3821 3784
3822 3357
3823 1427
3824 3547
3825 1111
3826 3548
3827 1341
3828 1487
3829 4596
3830 2767
3831 1376
3832 1418
3833 2322
3834 3292
3835 2169
3836 1214
3837 2021
3838 3708
3839 3101
3840 3669
3841 2522
3842 2738
3843 1573
3844 3119
3845 1193
3846 2156
3847 2201
3848 36
3849 36
3850 36
3851 36
3852 36
3853 36
3854 36
3855 36
3856 36
3857 36
3858 36
3859 838
3860 838
3861 1275
3862 1275
3863 838
3864 4596
3865 5114
3866 4596
3867 263
3868 838
3869 838
3870 838
3871 8
3872 838
3873 1275
3874 1275
3875 838
3876 149
3877 4596
3878 4596
3879 3609
3880 3609
3881 3609
3882 3609
3883 3609
3884 4362
3885 4202
3886 3891
3887 4156
3888 5122
3889 4279
3890 4596
3891 36
3892 2786
3893 2628
3894 2505
3895 1193
3896 2769
3897 3557
3898 2639
3899 993
3900 1111
3901 3420
3902 3420
3903 3762
3904 2754
3905 2920
3906 4128
3907 1410
3908 1044
3909 2298
3910 4288
3911 3777
3912 3212
3913 2305
3914 1805
3915 2389
3916 2425
3917 2590
3918 4596
3919 4596
3920 263
3921 1215
3922 2738
3923 1435
3924 1781
3925 1532
3926 2009
3927 3301
3928 2622
3929 4202
3930 2688
3931 2050
3932 3649
3933 1532
3934 774
3935 1435
3936 1263
3937 1112
3938 4362
3939 3762
3940 3022
3941 922
3942 4596
3943 4596
3944 2057
3945 3205
3946 1626
3947 774
3948 1532
3949 703
3950 2389
3951 703
3952 2389
3953 682
3954 682
3955 4119
3956 4596
3957 838
3958 2803
3959 3279
3960 2169
3961 3185
3962 2942
3963 2632
3964 3617
3965 1487
3966 4596
3967 2769
3968 4596
3969 2754
3970 3981
3971 3220
3972 1264
3973 1626
3974 5122
3975 1660
3976 3185
3977 2159
3978 4006
3979 2934
3980 3981
3981 2884
3982 3119
3983 3607
3984 1785
3985 1645
3986 1484
3987 3212
3988 1573
3989 2677
3990 2779
3991 5122
3992 2771
3993 2767
3994 2767
3995 3991
3996 1640
3997 3610
3998 3610
3999 36
4000 36
4001 36
4002 1427
4003 2617
4004 2642
4005 2375
4006 3981
4007 838
4008 1645
4009 727
4010 727
4011 36
4012 111
4013 36
4014 36
4015 1640
4016 1885
4017 2414
4018 682
4019 889
4020 2790
4021 2797
4022 1328
4023 1496
4024 3020
4025 2189
4026 1342
4027 1164
4028 2331
4029 2838
4030 2455
4031 2341
4032 2501
4033 1674
4034 717
4035 717
4036 717
4037 717
4038 1275
4039 1275
4040 1275
4041 1275
4042 1275
4043 1275
4044 516
4045 1275
4046 1275
4047 1275
4048 1275
4049 1275
4050 1275
4051 717
4052 717
4053 717
4054 717
4055 1275
4056 1275
4057 1275
4058 1275
4059 1275
4060 516
4061 1275
4062 717
4063 717
4064 717
4065 717
4066 717
4067 717
4068 717
4069 717
4070 717
4071 717
4072 717
4073 717
4074 717
4075 717
4076 717
4077 717
4078 717
4079 1275
4080 838
4081 1275
4082 1275
4083 838
4084 8
4085 838
4086 111
4087 838
4088 36
4089 838
4090 2849
4091 1418
4092 1459
4093 2501
4094 3762
4095 4596
4096 1275
4097 516
4098 516
4099 717
4100 717
4101 717
4102 717
4103 717
4104 717
4105 717
4106 717
4107 717
4108 1275
4109 1275
4110 1275
4111 1805
4112 1532
4113 3119
4114 2677
4115 3301
4116 2934
4117 2672
4118 1275
4119 717
4120 717
4121 717
4122 717
4123 717
4124 717
4125 717
4126 717
4127 717
4128 717
4129 717
4130 2642
4131 4935
4132 2575
4133 3575
4134 3617
4135 2726
4136 3847
4137 3110
4138 3212
4139 36
4140 4596
4141 4596
4142 516
4143 717
4144 717
4145 717
4146 717
4147 717
4148 516
4149 516
4150 717
4151 717
4152 717
4153 717
4154 717
4155 717
4156 717
4157 1275
4158 3775
4159 2661
4160 1286
4161 2884
4162 4922
4163 2786
4164 2837
4165 3022
4166 3777
4167 1585
4168 4415
4169 3562
4170 1442
4171 2786
4172 3184
4173 717
4174 717
4175 3602
4176 2305
4177 3184
4178 3641
4179 2169
4180 2425
4181 516
4182 3220
4183 3562
4184 2442
4185 1264
4186 1275
4187 3220
4188 1408
4189 2172
4190 3610
4191 3784
4192 2726
4193 36
4194 642
4195 642
4196 3602
4197 838
4198 2462
4199 1676
4200 1208
4201 2425
4202 3184
4203 1910
4204 1586
4205 4355
4206 2786
4207 3420
4208 2726
4209 1561
4210 1561
4211 2538
4212 2115
4213 889
4214 3847
4215 922
4216 1418
4217 1674
4218 1096
4219 4596
4220 149
4221 4596
4222 5114
4223 3641
4224 2136
4225 2305
4226 1573
4227 3847
4228 2597
4229 2628
4230 3847
4231 1640
4232 1509
4233 3726
4234 717
4235 717
4236 717
4237 1532
4238 2389
4239 1418
4240 1585
4241 1640
4242 4128
4243 3110
4244 2575
4245 1459
4246 2137
4247 717
4248 1894
4249 2575
4250 1910
4251 1288
4252 2009
4253 2526
4254 2726
4255 2632
4256 2298
4257 1536
4258 2754
4259 3546
4260 2672
4261 2305
4262 2738
4263 3934
4264 3871
4265 3981
4266 1459
4267 2501
4268 3548
4269 2169
4270 3110
4271 2786
4272 2159
4273 4069
4274 3777
4275 3726
4276 4596
4277 4596
4278 4628
4279 2798
4280 2798
4281 2726
4282 2786
4283 1122
4284 3220
4285 3617
4286 1275
4287 516
4288 2357
4289 2779
4290 3847
4291 2597
4292 2693
4293 3726
4294 2849
4295 3205
4296 3891
4297 3022
4298 3548
4299 2928
4300 36
4301 2767
4302 3119
4303 2462
4304 2406
4305 3719
4306 3119
4307 3119
4308 1640
4309 3784
4310 36
4311 4510
4312 2305
4313 3609
4314 3548
4315 3671
4316 3777
4317 3184
4318 4628
4319 717
4320 717
4321 717
4322 2298
4323 5115
4324 2798
4325 2538
4326 4596
4327 36
4328 8
4329 149
4330 642
4331 1846
4332 2693
4333 1640
4334 1640
4335 2803
4336 3837
4337 3726
4338 1511
4339 1788
4340 2488
4341 2797
4342 1328
4343 2393
4344 2488
4345 2764
4346 2716
4347 2189
4348 2649
4349 4166
4350 2283
4351 3418
4352 4558
4353 4558
4354 3240
4355 2403
4356 2767
4357 2767
4358 4628
4359 4134
4360 1311
4361 4612
4362 717
4363 717
4364 620
4365 1585
4366 1585
4367 4279
4368 36
4369 36
4370 717
4371 1532
4372 3610
4373 2462
4374 717
4375 717
4376 717
4377 717
4378 516
4379 1275
4380 1275
4381 8
4382 838
4383 717
4384 717
4385 717
4386 717
4387 149
4388 4596
4389 36
4390 36
4391 149
4392 838
4393 1275
4394 263
4395 1456
4396 2183
4397 2594
4398 2797
4399 2790
4400 2797
4401 2594
4402 1342
4403 1940
4404 2905
4405 2905
4406 2649
4407 2874
4408 2833
4409 3220
4410 2792
4411 1255
4412 1328
4413 1164
4414 2183
4415 1846
4416 1940
4417 1328
4418 717
4419 2792
4420 2854
4421 2790
4422 717
4423 717
4424 1285
4425 4119
4426 263
4427 838
4428 8
4429 717
4430 717
4431 717
4432 717
4433 717
4434 717
4435 717
4436 717
4437 838
4438 2854
4439 2854
4440 2792
4441 717
4442 2393
4443 2792
4444 2854
4445 2373
4446 1275
4447 1275
4448 2602
4449 2792
4450 3125
4451 3125
4452 1272
4453 2488
4454 1940
4455 1339
4456 1686
4457 2128
4458 1788
4459 717
4460 2331
4461 2764
4462 3811
4463 1681
4464 2649
4465 2856
4466 2792
4467 2792
4468 2854
4469 2373
4470 1275
4471 2488
4472 1164
4473 717
4474 717
4475 717
4476 717
4477 717
4478 717
4479 717
4480 717
4481 516
4482 717
4483 717
4484 1275
4485 1275
4486 1275
4487 1847
4488 2833
4489 3811
4490 717
4491 1275
4492 1191
4493 3786
4494 1788
4495 2854
4496 4120
4497 2393
4498 4120
4499 2393
4500 1947
4501 3811
4502 1191
4503 1255
4504 2716
4505 1947
4506 2562
4507 2833
4508 1496
4509 2833
4510 2905
4511 2189
4512 2562
4513 3786
4514 2874
4515 2562
4516 2833
4517 2874
4518 2569
4519 1671
4520 2478
4521 2649
4522 2488
4523 1339
4524 2189
4525 2189
4526 2562
4527 2488
4528 4166
4529 3008
4530 2433
4531 3549
4532 1407
4533 2974
4534 2520
4535 2294
4536 4857
4537 4857
4538 3183
4539 4857
4540 4862
4541 4617
4542 4180
4543 4617
4544 3435
4545 3435
4546 3435
4547 4406
4548 4721
4549 5073
4550 4653
4551 5187
4552 5187
4553 5187
4554 5036
4555 5036
4556 5036
4557 5146
4558 5146
4559 5146
4560 4708
4561 4708
4562 5187
4563 5145
4564 4458
4565 5094
4566 5187
4567 4401
4568 3801
4569 1518
4570 3138
4571 2541
4572 2869
4573 3448
4574 1737
4575 2541
4576 1985
4577 1671
4578 1632
4579 1940
4580 2833
4581 2189
4582 2905
4583 1671
4584 2541
4585 1737
4586 1428
4587 2905
4588 3008
4589 3559
4590 3549
4591 3805
4592 1999
4593 3418
4594 2433
4595 3125
4596 1814
4597 3975
4598 2649
4599 3801
4600 3008
4601 1985
4602 3801
4603 2908
4604 2905
4605 1518
4606 3008
4607 2562
4608 3811
4609 1632
4610 1960
4611 3394
4612 3418
4613 1611
4614 2562
4615 3404
4616 1903
4617 4148
4618 3183
4619 4857
4620 4862
4621 3435
4622 4406
4623 3955
4624 4721
4625 3333
4626 5074
4627 4732
4628 4364
4629 4458
4630 5083
4631 4736
4632 5187
4633 4535
4634 4526
4635 3863
4636 4535
4637 3337
4638 3364
4639 4598
4640 4862
4641 4617
4642 4354
4643 3418
4644 3502
4645 3008
4646 3008
4647 5048
4648 1737
4649 3490
4650 2433
4651 3418
4652 1610
4653 3443
4654 1610
4655 1610
4656 3517
4657 3949
4658 1819
4659 2856
4660 3008
4661 2905
4662 2649
4663 3517
4664 2520
4665 2283
4666 4492
4667 3163
4668 3448
4669 4180
4670 3448
4671 4558
4672 4243
4673 2874
4674 5036
4675 5036
4676 5187
4677 5036
4678 5036
4679 5187
4680 4739
4681 5137
4682 5152
4683 5036
4684 5146
4685 5036
4686 4703
4687 2326
4688 4704
4689 4703
4690 5139
4691 5146
4692 5036
4693 5036
4694 4458
4695 4732
4696 4721
4697 3008
4698 1632
4699 5187
4700 5036
4701 5036
4702 5036
4703 5032
4704 5036
4705 3863
4706 1764
4707 1871
4708 5032
4709 5032
4710 5032
4711 5036
4712 5036
4713 3183
4714 2125
4715 4558
4716 5036
4717 5187
4718 5032
4719 5032
4720 5032
4721 5032
4722 5032
4723 2649
4724 3008
4725 1384
4726 4058
4727 1985
4728 5146
4729 5036
4730 1348
4731 4857
4732 5187
4733 1671
4734 1764
4735 4274
4736 4458
4737 3448
4738 5036
4739 5146
4740 5146
4741 4364
4742 4631
4743 5160
4744 4535
4745 4631
4746 4703
4747 2283
4748 4697
4749 5036
4750 3183
4751 4857
4752 3448
4753 2869
4754 5146
4755 5036
4756 5187
4757 2387
4758 4243
4759 1908
4760 5036
4761 4354
4762 4558
4763 5145
4764 4558
4765 2294
4766 4354
4767 4857
4768 4857
4769 3008
4770 3576
4771 5187
4772 5072
4773 3932
4774 5094
4775 4535
4776 2326
4777 1316
4778 4857
4779 4699
4780 4703
4781 1381
4782 3448
4783 4862
4784 5136
4785 1737
4786 4857
4787 5187
4788 4721
4789 3364
4790 2008
4791 4406
4792 2520
4793 4857
4794 4857
4795 4180
4796 2283
4797 1981
4798 4617
4799 1999
4800 1981
4801 1632
4802 2283
4803 4721
4804 3955
4805 4406
4806 4598
4807 4617
4808 4862
4809 4682
4810 5187
4811 2125
4812 4721
4813 5160
4814 2326
4815 1183
4816 4558
4817 3517
4818 1981
4819 5187
4820 5187
4821 5036
4822 5036
4823 2520
4824 3435
4825 3435
4826 1183
4827 3955
4828 4721
4829 4732
4830 4737
4831 1871
4832 1183
4833 3955
4834 3955
4835 3333
4836 5036
4837 5187
4838 2520
4839 4180
4840 3576
4841 3949
4842 3949
4843 2294
4844 5187
4845 2008
4846 4406
4847 5187
4848 4730
4849 4406
4850 4598
4851 4682
4852 4406
4853 5036
4854 1737
4855 2143
4856 3404
4857 5186
4858 3932
4859 5073
4860 5074
4861 5074
4862 4737
4863 4737
4864 5088
4865 4739
4866 5186
4867 4526
4868 4617
4869 3711
4870 3364
4871 3955
4872 4721
4873 5048
4874 5073
4875 4274
4876 2120
4877 4354
4878 3576
4879 1820
4880 3435
4881 3435
4882 4862
4883 3072
4884 3517
4885 4354
4886 5036
4887 5187
4888 5187
4889 5187
4890 4733
4891 4739
4892 4739
4893 5100
4894 3932
4895 5048
4896 2143
4897 4682
4898 5036
4899 4733
4900 4739
4901 5073
4902 4406
4903 4406
4904 5187
4905 3435
4906 4857
4907 3240
4908 1965
4909 3949
4910 4492
4911 3364
4912 3364
4913 4736
4914 4714
4915 5090
4916 5081
4917 4737
4918 5074
4919 5074
4920 3955
4921 4857
4922 3183
4923 4740
4924 4737
4925 3435
4926 4274
4927 3448
4928 5073
4929 4714
4930 5074
4931 4704
4932 5187
4933 5187
4934 5187
4935 5095
4936 4862
4937 2008
4938 4721
4939 4406
4940 3448
4941 3517
4942 4558
4943 4857
4944 2294
4945 4558
4946 1316
4947 4733
4948 4739
4949 3364
4950 4704
4951 1776
4952 4721
4953 4617
4954 3183
4955 2520
4956 5048
4957 4857
4958 4719
4959 1776
4960 4721
4961 4598
4962 4862
4963 4857
4964 4862
4965 4354
4966 4862
4967 4180
4968 4857
4969 5073
4970 4180
4971 4936
4972 1183
4973 1776
4974 3364
4975 4739
4976 3955
4977 4406
4978 4721
4979 5074
4980 5048
4981 5074
4982 5074
4983 5074
4984 5088
4985 1227
4986 4714
4987 1227
4988 4740
4989 5090
4990 4420
4991 2861
4992 4217
4993 4217
4994 4217
4995 4217
4996 4217
4997 4217
4998 4217
4999 4217
5000 4217
5001 4217
5002 4392
5003 2096
5004 2984
5005 2096
5006 2096
5007 2984
5008 4146
5009 4254
5010 4254
5011 1574
5012 1077
5013 1077
5014 1077
5015 1077
5016 4254
5017 1252
5018 1252
5019 1765
5020 1077
5021 4254
5022 1077
5023 1077
5024 1765
5025 4254
5026 4254
5027 1077
5028 1077
5029 1765
5030 1765
5031 1765
5032 1765
5033 4254
5034 1077
5035 1574
5036 1094
5037 1094
5038 1765
5039 4254
5040 4254
5041 4254
5042 4254
5043 4254
5044 1077
5045 1077
5046 4254
5047 1765
5048 1765
5049 1765
5050 1077
5051 1077
5052 1077
5053 1077
5054 4254
5055 4254
5056 4254
5057 4254
5058 4254
5059 4254
5060 1077
5061 4254
5062 1077
5063 1765
5064 1765
5065 1765
5066 1077
5067 4254
5068 4254
5069 1202
5070 543
5071 206
5072 3760
5073 1202
5074 661
5075 331
5076 1438
5077 1202
5078 194
5079 2024
5080 630
5081 686
5082 650
5083 385
5084 3147
5085 650
5086 2461
5087 4172
5088 966
5089 956
5090 992
5091 3182
5092 1570
5093 3112
5094 3972
5095 3112
5096 334
5097 353
5098 8
5099 717
5100 717
5101 1275
5102 1275
5103 516
5104 516
5105 516
5106 717
5107 838
5108 4596
5109 1275
5110 36
5111 36
5112 36
5113 36
5114 36
5115 36
5116 36
5117 36
5118 727
5119 727
5120 727
5121 838
5122 838
5123 838
5124 838
5125 4596
5126 717
5127 717
5128 717
5129 36
5130 36
5131 36
5132 717
5133 1275
5134 1275
5135 717
5136 516
5137 516
5138 36
5139 1275
5140 516
5141 516
5142 2797
5143 2797
5144 1170
5145 682
5146 1998
5147 2797
5148 682
5149 3393
5150 682
5151 717
5152 4736
5153 5146
5154 5036
5155 5036
5156 5036
5157 4617
5158 5036
5159 5032
5160 4492
5161 4367
5162 4682
5163 4406
5164 4458
5165 5146
5166 5146
5167 5146
5168 4058
5169 5036
5170 5036
5171 5036
5172 4736
5173 4254
5174 2204
5175 4254
5176 2549
5177 2447
5178 2013
5179 4049
5180 2270
5181 2604
5182 2270
5183 4049
5184 3416
5185 3569
5186 2447
5187 2549
5188 3952
5189 2270
5190 1443
5191 3416
5192 3952
5193 3569
5194 4049
5195 4049
5196 2270
5197 3416
5198 2270
