0 4749
1 4726
2 4843
3 4872
4 4872
5 4881
6 4881
7 411
8 4544
9 644
10 396
11 354
12 725
13 725
14 4749
15 4975
16 4975
17 4975
18 4975
19 4935
20 4886
21 4931
22 4958
23 4958
24 4975
25 4979
26 4939
27 4935
28 4935
29 4893
30 4939
31 4939
32 4931
33 4931
34 3077
35 3077
36 3077
37 4886
38 4923
39 4923
40 4893
41 4975
42 4736
43 4932
44 4935
45 4958
46 4939
47 4749
48 4742
49 4872
50 4509
51 4486
52 396
53 4509
54 4509
55 4509
56 4814
57 4846
58 4939
59 4975
60 4887
61 4963
62 4923
63 4886
64 4931
65 4931
66 3077
67 3077
68 4931
69 3077
70 3077
71 4887
72 4923
73 4958
74 4979
75 4749
76 4746
77 4742
78 4874
79 4874
80 4932
81 4742
82 4746
83 4932
84 4932
85 4833
86 4742
87 4746
88 4729
89 4746
90 4726
91 4872
92 4958
93 4923
94 4958
95 4886
96 4931
97 4931
98 4886
99 4963
100 4931
101 4923
102 4963
103 4886
104 4887
105 4958
106 4959
107 4975
108 4934
109 4979
110 4975
111 4749
112 4886
113 4886
114 4931
115 4931
116 4931
117 4931
118 4931
119 4729
120 4746
121 4874
122 4923
123 4923
124 4893
125 4935
126 4886
127 4931
128 4931
129 4886
130 4931
131 4746
132 4846
133 4813
134 644
135 4558
136 645
137 796
138 730
139 927
140 833
141 315
142 824
143 725
144 796
145 796
146 66
147 4939
148 4958
149 4729
150 4746
151 4813
152 4923
153 4931
154 4931
155 4749
156 4843
157 4509
158 4746
159 4958
160 4931
161 4931
162 4931
163 3077
164 4886
165 4886
166 3077
167 3077
168 4931
169 4923
170 4725
171 2963
172 4886
173 4886
174 4923
175 3077
176 3077
177 3077
178 4931
179 4843
180 4742
181 4843
182 4872
183 4726
184 4848
185 4886
186 4931
187 4931
188 4931
189 4872
190 4749
191 4544
192 4578
193 66
194 421
195 366
196 366
197 731
198 728
199 715
200 722
201 315
202 310
203 164
204 315
205 744
206 741
207 730
208 66
209 3750
210 734
211 4509
212 396
213 796
214 730
215 4814
216 4958
217 4958
218 4886
219 4509
220 4749
221 4872
222 4544
223 4886
224 4544
225 644
226 4509
227 4935
228 4893
229 4893
230 4846
231 4814
232 4958
233 4931
234 4979
235 4931
236 4509
237 411
238 421
239 366
240 637
241 4931
242 4749
243 4814
244 4509
245 3775
246 3615
247 421
248 354
249 730
250 4577
251 644
252 4931
253 4931
254 4923
255 4923
256 4580
257 4537
258 4931
259 4742
260 4742
261 4749
262 4749
263 4814
264 4430
265 4958
266 3750
267 4931
268 4931
269 4742
270 4958
271 4931
272 4931
273 4749
274 4843
275 4509
276 4923
277 4544
278 396
279 645
280 4746
281 421
282 396
283 421
284 421
285 4959
286 4931
287 4931
288 4749
289 645
290 4746
291 4843
292 4791
293 4509
294 4544
295 411
296 637
297 4931
298 4931
299 4509
300 4544
301 421
302 3615
303 4931
304 4931
305 4978
306 4935
307 4749
308 4725
309 4731
310 4975
311 4725
312 4725
313 4749
314 4975
315 4749
316 421
317 4749
318 4349
319 4846
320 4537
321 66
322 421
323 644
324 396
325 4958
326 4887
327 4848
328 4509
329 449
330 421
331 4975
332 4731
333 4725
334 4959
335 3077
336 796
337 796
338 4729
339 4509
340 731
341 4979
342 4958
343 3077
344 3077
345 411
346 644
347 4931
348 4931
349 3614
350 644
351 637
352 3077
353 645
354 931
355 354
356 744
357 162
358 2532
359 2532
360 2531
361 2540
362 2586
363 2705
364 1388
365 2724
366 4666
367 4710
368 4590
369 4723
370 2923
371 1596
372 1696
373 2847
374 2847
375 2916
376 2774
377 4923
378 4742
379 4726
380 4726
381 4931
382 4931
383 66
384 385
385 725
386 889
387 736
388 162
389 2287
390 315
391 897
392 4791
393 4833
394 4791
395 4509
396 743
397 4731
398 4958
399 4923
400 4886
401 4931
402 4509
403 354
404 411
405 354
406 3077
407 3077
408 4931
409 354
410 4886
411 4749
412 637
413 354
414 4923
415 411
416 396
417 731
418 2963
419 796
420 4975
421 4731
422 4886
423 4958
424 354
425 4725
426 4931
427 4886
428 4931
429 411
430 4886
431 4886
432 4931
433 4979
434 2963
435 4923
436 2963
437 2971
438 2975
439 730
440 893
441 421
442 715
443 722
444 308
445 195
446 366
447 366
448 396
449 396
450 728
451 728
452 889
453 737
454 758
455 396
456 725
457 366
458 385
459 366
460 728
461 198
462 1139
463 1197
464 1118
465 2623
466 2572
467 2531
468 176
469 276
470 146
471 74
472 3643
473 4459
474 4645
475 4644
476 3904
477 1481
478 3889
479 1694
480 2076
481 1679
482 1935
483 1517
484 2093
485 2093
486 2070
487 2070
488 2070
489 4906
490 2075
491 2075
492 4906
493 4906
494 4945
495 4945
496 4948
497 4802
498 4801
499 4786
500 1712
501 4740
502 4740
503 4809
504 4785
505 4786
506 4945
507 4941
508 4947
509 1736
510 5080
511 5125
512 1799
513 833
514 354
515 741
516 354
517 731
518 741
519 728
520 725
521 744
522 725
523 741
524 724
525 744
526 915
527 736
528 826
529 741
530 833
531 728
532 928
533 736
534 833
535 741
536 849
537 746
538 725
539 827
540 740
541 833
542 341
543 734
544 744
545 1125
546 162
547 2572
548 728
549 306
550 306
551 306
552 306
553 306
554 306
555 306
556 306
557 306
558 306
559 306
560 306
561 306
562 306
563 306
564 306
565 373
566 373
567 373
568 373
569 373
570 689
571 401
572 779
573 779
574 781
575 811
576 811
577 811
578 811
579 808
580 1035
581 751
582 751
583 1054
584 629
585 668
586 1054
587 984
588 622
589 629
590 668
591 668
592 629
593 306
594 306
595 306
596 306
597 306
598 306
599 306
600 306
601 306
602 306
603 306
604 306
605 306
606 306
607 306
608 306
609 306
610 306
611 306
612 306
613 306
614 306
615 740
616 740
617 306
618 292
619 373
620 373
621 373
622 373
623 750
624 373
625 748
626 306
627 306
628 306
629 306
630 306
631 373
632 306
633 401
634 811
635 306
636 306
637 373
638 373
639 373
640 373
641 373
642 401
643 779
644 779
645 1035
646 751
647 793
648 315
649 194
650 2590
651 2608
652 2613
653 736
654 306
655 306
656 306
657 306
658 306
659 306
660 306
661 306
662 306
663 306
664 715
665 744
666 306
667 306
668 319
669 306
670 373
671 373
672 373
673 401
674 373
675 306
676 373
677 373
678 373
679 1048
680 315
681 722
682 2288
683 2532
684 306
685 306
686 306
687 306
688 306
689 306
690 306
691 306
692 306
693 306
694 306
695 306
696 306
697 306
698 306
699 373
700 373
701 740
702 373
703 373
704 373
705 373
706 373
707 779
708 811
709 779
710 306
711 306
712 306
713 306
714 306
715 306
716 306
717 306
718 292
719 306
720 306
721 306
722 306
723 306
724 306
725 306
726 373
727 306
728 306
729 306
730 721
731 722
732 744
733 373
734 401
735 722
736 315
737 2435
738 162
739 2288
740 2289
741 274
742 306
743 373
744 164
745 2539
746 2288
747 2532
748 1048
749 401
750 779
751 744
752 162
753 306
754 373
755 341
756 373
757 373
758 306
759 306
760 306
761 306
762 306
763 306
764 306
765 306
766 306
767 306
768 306
769 306
770 1105
771 1201
772 1281
773 2585
774 315
775 689
776 401
777 779
778 162
779 744
780 736
781 779
782 306
783 306
784 722
785 373
786 306
787 306
788 306
789 341
790 224
791 1202
792 306
793 306
794 373
795 306
796 306
797 162
798 306
799 779
800 809
801 751
802 751
803 1035
804 162
805 2634
806 2678
807 1200
808 306
809 306
810 306
811 306
812 306
813 306
814 416
815 341
816 1203
817 310
818 306
819 316
820 310
821 779
822 720
823 306
824 306
825 1104
826 2728
827 809
828 779
829 779
830 779
831 306
832 779
833 162
834 2289
835 2600
836 401
837 750
838 401
839 750
840 748
841 750
842 416
843 373
844 1061
845 809
846 306
847 744
848 811
849 779
850 808
851 401
852 1061
853 1203
854 2637
855 2681
856 2589
857 2662
858 2652
859 1061
860 2685
861 2685
862 2668
863 1203
864 808
865 2576
866 811
867 1203
868 2612
869 2652
870 1105
871 811
872 779
873 306
874 306
875 306
876 306
877 292
878 416
879 416
880 811
881 811
882 808
883 808
884 306
885 808
886 1035
887 416
888 416
889 292
890 2634
891 809
892 2288
893 2438
894 2532
895 2532
896 2532
897 2531
898 809
899 809
900 1035
901 751
902 2288
903 2600
904 2734
905 1086
906 212
907 2666
908 2666
909 2705
910 2691
911 2708
912 3762
913 3740
914 3762
915 3553
916 3689
917 2892
918 2773
919 1696
920 2791
921 2760
922 5197
923 5197
924 1478
925 2850
926 1688
927 5175
928 3036
929 306
930 306
931 292
932 1035
933 751
934 807
935 811
936 808
937 809
938 808
939 811
940 292
941 809
942 351
943 668
944 668
945 629
946 362
947 351
948 1035
949 583
950 382
951 984
952 583
953 583
954 4357
955 4357
956 4357
957 4357
958 1217
959 1155
960 1351
961 5103
962 1926
963 1926
964 1926
965 1399
966 583
967 583
968 706
969 583
970 622
971 655
972 658
973 658
974 629
975 1054
976 808
977 351
978 668
979 668
980 583
981 583
982 668
983 351
984 362
985 658
986 652
987 658
988 652
989 583
990 583
991 1054
992 984
993 583
994 583
995 351
996 668
997 668
998 751
999 1035
1000 809
1001 1035
1002 224
1003 2287
1004 583
1005 4357
1006 4357
1007 4357
1008 4357
1009 4357
1010 4357
1011 4357
1012 4357
1013 1155
1014 1155
1015 1283
1016 1155
1017 1283
1018 1283
1019 1351
1020 1348
1021 1283
1022 1283
1023 1283
1024 629
1025 658
1026 1035
1027 808
1028 807
1029 308
1030 2678
1031 382
1032 4357
1033 4357
1034 4357
1035 4522
1036 4357
1037 4357
1038 194
1039 194
1040 351
1041 373
1042 779
1043 779
1044 781
1045 652
1046 629
1047 668
1048 808
1049 416
1050 416
1051 416
1052 416
1053 416
1054 416
1055 416
1056 292
1057 416
1058 292
1059 416
1060 2612
1061 4357
1062 4522
1063 2678
1064 2652
1065 2652
1066 2668
1067 2678
1068 984
1069 1054
1070 4357
1071 583
1072 583
1073 779
1074 401
1075 748
1076 748
1077 811
1078 4357
1079 4357
1080 808
1081 652
1082 984
1083 2539
1084 2685
1085 748
1086 583
1087 4629
1088 583
1089 658
1090 652
1091 622
1092 984
1093 751
1094 751
1095 1035
1096 809
1097 382
1098 668
1099 1104
1100 622
1101 658
1102 751
1103 984
1104 807
1105 807
1106 416
1107 416
1108 416
1109 750
1110 748
1111 748
1112 748
1113 748
1114 4357
1115 748
1116 401
1117 779
1118 811
1119 811
1120 4522
1121 1155
1122 382
1123 751
1124 750
1125 4522
1126 1283
1127 4522
1128 1155
1129 4357
1130 4357
1131 748
1132 4522
1133 583
1134 622
1135 748
1136 1217
1137 4357
1138 5000
1139 1283
1140 5103
1141 5144
1142 5055
1143 5046
1144 5116
1145 5080
1146 1404
1147 1404
1148 1926
1149 1926
1150 1806
1151 1758
1152 1736
1153 4910
1154 4906
1155 4910
1156 5070
1157 5002
1158 5002
1159 5023
1160 5002
1161 5069
1162 5121
1163 5069
1164 4909
1165 1799
1166 1799
1167 1926
1168 5088
1169 5046
1170 5002
1171 748
1172 4522
1173 4357
1174 2683
1175 583
1176 4357
1177 5116
1178 808
1179 779
1180 748
1181 748
1182 5002
1183 4883
1184 4905
1185 4907
1186 748
1187 809
1188 809
1189 811
1190 811
1191 811
1192 811
1193 807
1194 4522
1195 4357
1196 2608
1197 658
1198 629
1199 652
1200 1054
1201 1054
1202 1217
1203 1217
1204 4522
1205 5055
1206 5000
1207 5108
1208 1455
1209 4977
1210 4946
1211 4948
1212 1217
1213 5103
1214 5055
1215 622
1216 658
1217 1217
1218 351
1219 4522
1220 1063
1221 4357
1222 2678
1223 4901
1224 4946
1225 2019
1226 1712
1227 1844
1228 1670
1229 4977
1230 4905
1231 1105
1232 5088
1233 4905
1234 4947
1235 4941
1236 1842
1237 1155
1238 668
1239 4522
1240 629
1241 809
1242 1155
1243 5088
1244 5108
1245 5108
1246 668
1247 4947
1248 781
1249 811
1250 1035
1251 1035
1252 809
1253 1035
1254 5055
1255 1035
1256 809
1257 809
1258 751
1259 5156
1260 583
1261 1283
1262 1283
1263 1670
1264 1035
1265 622
1266 4907
1267 658
1268 1063
1269 1348
1270 5103
1271 1283
1272 809
1273 2531
1274 4357
1275 4977
1276 2678
1277 809
1278 811
1279 2671
1280 658
1281 751
1282 2678
1283 807
1284 4946
1285 2638
1286 1283
1287 4903
1288 2646
1289 2545
1290 5088
1291 1283
1292 781
1293 4977
1294 2532
1295 2293
1296 2298
1297 113
1298 1396
1299 4709
1300 1596
1301 1689
1302 1586
1303 2170
1304 2235
1305 2235
1306 2102
1307 1687
1308 1035
1309 1035
1310 809
1311 1975
1312 5055
1313 809
1314 807
1315 807
1316 1455
1317 5088
1318 4357
1319 4357
1320 4357
1321 4357
1322 4945
1323 984
1324 4907
1325 2532
1326 2531
1327 2531
1328 2532
1329 2531
1330 2293
1331 208
1332 2585
1333 1138
1334 629
1335 809
1336 1842
1337 668
1338 2531
1339 2531
1340 2563
1341 2623
1342 668
1343 1843
1344 1976
1345 1926
1346 1399
1347 1404
1348 5088
1349 5001
1350 1155
1351 1283
1352 808
1353 4977
1354 5115
1355 5020
1356 5125
1357 1862
1358 1844
1359 4894
1360 4917
1361 751
1362 1155
1363 5000
1364 351
1365 808
1366 808
1367 1283
1368 1283
1369 1283
1370 1063
1371 4357
1372 1761
1373 2264
1374 1701
1375 2038
1376 2038
1377 1844
1378 1862
1379 1981
1380 1736
1381 4948
1382 4839
1383 2678
1384 622
1385 4945
1386 811
1387 811
1388 781
1389 808
1390 811
1391 811
1392 811
1393 807
1394 808
1395 1035
1396 1035
1397 984
1398 1035
1399 809
1400 1035
1401 1035
1402 668
1403 809
1404 4522
1405 809
1406 175
1407 1124
1408 2623
1409 1068
1410 176
1411 276
1412 68
1413 4530
1414 4757
1415 4815
1416 4878
1417 807
1418 811
1419 2531
1420 984
1421 751
1422 1054
1423 1155
1424 751
1425 2629
1426 1070
1427 2623
1428 2294
1429 1087
1430 280
1431 2294
1432 2653
1433 2589
1434 223
1435 2662
1436 2652
1437 1060
1438 154
1439 4868
1440 4757
1441 4868
1442 4859
1443 333
1444 4786
1445 811
1446 668
1447 807
1448 5002
1449 4894
1450 4357
1451 207
1452 278
1453 4697
1454 2298
1455 277
1456 811
1457 811
1458 811
1459 811
1460 811
1461 811
1462 811
1463 811
1464 811
1465 811
1466 781
1467 202
1468 2585
1469 622
1470 658
1471 1725
1472 2264
1473 658
1474 4917
1475 984
1476 2426
1477 4562
1478 4865
1479 4805
1480 4878
1481 1063
1482 2018
1483 668
1484 351
1485 277
1486 984
1487 1155
1488 4522
1489 176
1490 276
1491 583
1492 583
1493 4522
1494 4357
1495 4522
1496 4522
1497 1155
1498 351
1499 351
1500 2600
1501 2578
1502 2601
1503 2623
1504 1060
1505 5055
1506 125
1507 142
1508 2623
1509 4357
1510 4357
1511 207
1512 4522
1513 2685
1514 2685
1515 2551
1516 2585
1517 1095
1518 2585
1519 2613
1520 2578
1521 2600
1522 2578
1523 2426
1524 984
1525 4947
1526 4357
1527 2685
1528 2682
1529 2264
1530 2577
1531 1089
1532 4948
1533 629
1534 583
1535 583
1536 1764
1537 1844
1538 1975
1539 2540
1540 1110
1541 2679
1542 2589
1543 4740
1544 2983
1545 4880
1546 706
1547 278
1548 2652
1549 2643
1550 1096
1551 4894
1552 658
1553 4977
1554 1060
1555 2679
1556 2275
1557 583
1558 2600
1559 2577
1560 2623
1561 4786
1562 4786
1563 279
1564 4357
1565 4357
1566 4357
1567 2652
1568 2609
1569 2294
1570 4786
1571 4799
1572 4811
1573 4868
1574 4593
1575 4713
1576 4530
1577 4757
1578 4556
1579 278
1580 4556
1581 4522
1582 4357
1583 4357
1584 4522
1585 4522
1586 668
1587 668
1588 658
1589 4786
1590 245
1591 4946
1592 4357
1593 2578
1594 2652
1595 4809
1596 142
1597 1087
1598 1063
1599 278
1600 68
1601 0
1602 3640
1603 2708
1604 1650
1605 1650
1606 3921
1607 3820
1608 3906
1609 2204
1610 1763
1611 1763
1612 4458
1613 668
1614 5001
1615 1351
1616 2603
1617 2741
1618 2667
1619 2734
1620 1076
1621 2694
1622 4793
1623 4757
1624 4869
1625 4850
1626 1155
1627 2426
1628 2679
1629 4357
1630 2652
1631 2741
1632 4357
1633 4768
1634 4812
1635 4798
1636 4799
1637 4554
1638 4644
1639 3725
1640 4865
1641 2683
1642 4801
1643 4856
1644 668
1645 1670
1646 1712
1647 1712
1648 1713
1649 2264
1650 1124
1651 4824
1652 4614
1653 4804
1654 4816
1655 351
1656 4894
1657 1738
1658 277
1659 4811
1660 4806
1661 1724
1662 4793
1663 5000
1664 4786
1665 4770
1666 4799
1667 4811
1668 4556
1669 4656
1670 4530
1671 5088
1672 2426
1673 4946
1674 2603
1675 1124
1676 4634
1677 4541
1678 4868
1679 4357
1680 4903
1681 5046
1682 5123
1683 1351
1684 2682
1685 4751
1686 4614
1687 4817
1688 4357
1689 4357
1690 4357
1691 1844
1692 2298
1693 2264
1694 4562
1695 4562
1696 4868
1697 4458
1698 4740
1699 4917
1700 4947
1701 4962
1702 5046
1703 4987
1704 1283
1705 1110
1706 2681
1707 2589
1708 1124
1709 2541
1710 4561
1711 668
1712 4722
1713 2019
1714 277
1715 4805
1716 4357
1717 2643
1718 351
1719 4799
1720 2651
1721 1071
1722 212
1723 217
1724 125
1725 1862
1726 1283
1727 1712
1728 4357
1729 5108
1730 4357
1731 4947
1732 4946
1733 2018
1734 4561
1735 351
1736 142
1737 73
1738 4530
1739 4456
1740 4357
1741 104
1742 1087
1743 1119
1744 1076
1745 1121
1746 2019
1747 2038
1748 1862
1749 1976
1750 1981
1751 1736
1752 1736
1753 1761
1754 1981
1755 2662
1756 4357
1757 4522
1758 4948
1759 1841
1760 1761
1761 583
1762 4522
1763 4357
1764 4357
1765 1351
1766 2736
1767 4786
1768 4786
1769 4629
1770 4817
1771 1119
1772 1283
1773 1712
1774 139
1775 2635
1776 1348
1777 131
1778 4522
1779 1283
1780 1155
1781 1283
1782 2735
1783 196
1784 110
1785 3641
1786 2724
1787 1138
1788 4798
1789 4786
1790 4785
1791 4637
1792 4522
1793 5046
1794 1764
1795 1736
1796 1926
1797 1926
1798 1926
1799 1404
1800 1351
1801 4894
1802 1761
1803 5080
1804 2264
1805 4859
1806 3700
1807 4671
1808 4522
1809 4878
1810 4894
1811 1843
1812 4750
1813 5046
1814 1351
1815 1735
1816 1739
1817 146
1818 1761
1819 1758
1820 2019
1821 2038
1822 2018
1823 1862
1824 4947
1825 4941
1826 4945
1827 1748
1828 1351
1829 4905
1830 4947
1831 4905
1832 4962
1833 1738
1834 4948
1835 154
1836 4569
1837 152
1838 150
1839 68
1840 4563
1841 4657
1842 4713
1843 4669
1844 4668
1845 4614
1846 4589
1847 3820
1848 333
1849 4459
1850 4556
1851 4563
1852 4589
1853 4914
1854 4740
1855 1712
1856 4497
1857 4801
1858 2654
1859 1758
1860 5079
1861 1712
1862 1748
1863 4641
1864 4593
1865 1097
1866 1097
1867 1135
1868 4917
1869 4740
1870 146
1871 278
1872 1712
1873 1975
1874 1975
1875 1712
1876 1713
1877 1713
1878 4786
1879 4786
1880 4740
1881 4917
1882 4917
1883 4894
1884 4786
1885 1713
1886 2741
1887 4522
1888 2662
1889 2734
1890 2734
1891 1115
1892 5001
1893 5020
1894 4561
1895 4917
1896 1283
1897 1862
1898 1283
1899 4522
1900 4634
1901 4562
1902 1736
1903 4639
1904 181
1905 2666
1906 1351
1907 74
1908 2563
1909 1119
1910 1090
1911 1076
1912 161
1913 1351
1914 4771
1915 4860
1916 3820
1917 208
1918 1844
1919 2038
1920 4786
1921 2734
1922 5105
1923 1736
1924 4786
1925 1975
1926 2038
1927 4865
1928 2603
1929 1096
1930 1975
1931 1975
1932 4941
1933 4941
1934 4941
1935 4945
1936 2734
1937 279
1938 4437
1939 5088
1940 4941
1941 1861
1942 1736
1943 1736
1944 1926
1945 1926
1946 1806
1947 1926
1948 1926
1949 1668
1950 1738
1951 1844
1952 4880
1953 4785
1954 1351
1955 1146
1956 278
1957 1976
1958 1976
1959 1981
1960 1736
1961 4786
1962 4806
1963 1351
1964 4852
1965 1720
1966 1720
1967 1076
1968 4589
1969 4459
1970 4569
1971 4786
1972 4561
1973 1761
1974 4878
1975 4785
1976 1763
1977 1742
1978 1741
1979 2070
1980 2070
1981 2070
1982 1777
1983 1777
1984 1742
1985 1742
1986 4945
1987 1701
1988 2654
1989 5040
1990 4680
1991 1404
1992 1351
1993 5088
1994 1981
1995 4715
1996 1844
1997 1283
1998 3490
1999 3479
2000 3020
2001 1508
2002 1532
2003 4616
2004 2740
2005 1680
2006 3706
2007 1587
2008 3393
2009 5173
2010 2931
2011 3492
2012 2762
2013 3487
2014 2931
2015 1688
2016 2808
2017 5176
2018 1587
2019 3490
2020 3424
2021 3482
2022 1590
2023 1590
2024 2793
2025 2916
2026 3065
2027 3704
2028 1480
2029 3704
2030 2740
2031 2770
2032 2889
2033 3424
2034 3479
2035 3487
2036 3482
2037 1522
2038 3479
2039 2931
2040 3020
2041 2881
2042 2908
2043 1981
2044 1736
2045 1113
2046 4456
2047 1074
2048 4962
2049 2038
2050 4947
2051 4947
2052 4947
2053 2018
2054 4947
2055 1976
2056 4785
2057 2795
2058 3032
2059 1532
2060 1607
2061 3020
2062 1981
2063 1926
2064 1926
2065 4914
2066 5066
2067 3424
2068 2836
2069 2769
2070 3393
2071 2931
2072 3382
2073 1351
2074 4561
2075 4894
2076 4917
2077 244
2078 160
2079 2713
2080 1388
2081 2705
2082 2692
2083 4
2084 2037
2085 1351
2086 2755
2087 2740
2088 2931
2089 2932
2090 1532
2091 2916
2092 2740
2093 2762
2094 1076
2095 219
2096 212
2097 4771
2098 1351
2099 2692
2100 3065
2101 2755
2102 3065
2103 1532
2104 2908
2105 1522
2106 1532
2107 153
2108 113
2109 1703
2110 4802
2111 1738
2112 1859
2113 4914
2114 4914
2115 4894
2116 2666
2117 213
2118 110
2119 3689
2120 2696
2121 3436
2122 2908
2123 2762
2124 3479
2125 3424
2126 213
2127 110
2128 8
2129 3553
2130 4572
2131 4894
2132 4917
2133 1736
2134 1736
2135 1799
2136 3020
2137 2762
2138 2791
2139 1526
2140 3382
2141 3424
2142 3297
2143 2810
2144 3300
2145 3216
2146 3201
2147 3265
2148 3164
2149 3560
2150 2771
2151 2908
2152 1680
2153 4594
2154 3839
2155 5197
2156 2905
2157 1522
2158 5173
2159 2782
2160 3265
2161 3300
2162 2858
2163 3065
2164 5175
2165 1648
2166 1522
2167 2881
2168 2748
2169 2748
2170 2782
2171 3265
2172 2782
2173 2810
2174 2805
2175 2805
2176 2805
2177 2810
2178 2805
2179 2867
2180 3172
2181 3201
2182 3216
2183 3062
2184 2810
2185 2805
2186 2810
2187 3216
2188 3216
2189 3158
2190 2858
2191 2666
2192 217
2193 5173
2194 2810
2195 217
2196 1135
2197 3707
2198 2767
2199 3037
2200 3449
2201 2806
2202 3416
2203 5173
2204 5175
2205 3416
2206 3416
2207 3416
2208 2806
2209 4801
2210 4839
2211 3820
2212 3848
2213 4616
2214 2774
2215 2773
2216 2910
2217 3391
2218 2858
2219 5173
2220 2748
2221 3307
2222 5197
2223 5174
2224 3092
2225 3300
2226 3172
2227 2782
2228 2896
2229 2867
2230 2748
2231 2896
2232 3065
2233 3149
2234 1404
2235 1327
2236 1352
2237 1352
2238 1399
2239 5174
2240 3860
2241 1591
2242 2703
2243 2666
2244 2808
2245 2916
2246 3265
2247 3020
2248 2769
2249 2903
2250 3032
2251 2773
2252 98
2253 1348
2254 4878
2255 152
2256 4917
2257 2810
2258 1749
2259 1859
2260 1976
2261 1976
2262 1861
2263 2810
2264 3859
2265 1680
2266 3265
2267 2836
2268 5197
2269 1482
2270 2932
2271 1736
2272 4459
2273 4556
2274 4917
2275 3861
2276 1761
2277 4594
2278 4594
2279 3570
2280 3766
2281 3740
2282 3727
2283 3762
2284 4612
2285 2892
2286 4612
2287 3727
2288 3567
2289 2705
2290 1405
2291 3689
2292 1405
2293 1462
2294 1462
2295 3641
2296 2908
2297 2762
2298 2808
2299 3492
2300 4987
2301 1926
2302 1404
2303 1120
2304 2693
2305 2696
2306 4806
2307 2806
2308 3570
2309 8
2310 218
2311 2850
2312 3693
2313 1351
2314 4740
2315 4605
2316 3521
2317 3785
2318 1758
2319 3172
2320 3705
2321 3705
2322 2763
2323 5173
2324 1926
2325 4914
2326 4914
2327 4962
2328 4941
2329 4962
2330 4680
2331 2771
2332 3492
2333 2771
2334 2930
2335 2795
2336 1492
2337 3032
2338 2756
2339 3487
2340 3487
2341 2931
2342 2881
2343 2932
2344 3479
2345 1522
2346 3068
2347 1600
2348 2886
2349 3861
2350 3848
2351 5202
2352 4941
2353 1751
2354 1761
2355 3752
2356 3689
2357 2770
2358 4987
2359 1862
2360 1981
2361 4941
2362 4855
2363 4917
2364 1758
2365 1404
2366 1352
2367 98
2368 3860
2369 2923
2370 4644
2371 3700
2372 2892
2373 1981
2374 1404
2375 3740
2376 1351
2377 3216
2378 5077
2379 213
2380 4905
2381 4911
2382 5118
2383 5118
2384 4905
2385 4465
2386 74
2387 122
2388 2757
2389 3495
2390 2932
2391 3164
2392 3112
2393 2791
2394 3560
2395 1399
2396 3037
2397 161
2398 1526
2399 3487
2400 3899
2401 4590
2402 3732
2403 4723
2404 3883
2405 1648
2406 3479
2407 1648
2408 2774
2409 1710
2410 3422
2411 3416
2412 3693
2413 3689
2414 2763
2415 3330
2416 3561
2417 3738
2418 3766
2419 3732
2420 4723
2421 1761
2422 2703
2423 2770
2424 4917
2425 4945
2426 4917
2427 2692
2428 1926
2429 3216
2430 2940
2431 1799
2432 1926
2433 3706
2434 3566
2435 4541
2436 3727
2437 4947
2438 4947
2439 3756
2440 110
2441 1600
2442 181
2443 4806
2444 1720
2445 3559
2446 1478
2447 71
2448 278
2449 4894
2450 3037
2451 2666
2452 4604
2453 4947
2454 2693
2455 4911
2456 5079
2457 2760
2458 1926
2459 1926
2460 4917
2461 4914
2462 4941
2463 1135
2464 5046
2465 1736
2466 1758
2467 3295
2468 2810
2469 3295
2470 3424
2471 5174
2472 2791
2473 1482
2474 2808
2475 1688
2476 3861
2477 3508
2478 1601
2479 3761
2480 3758
2481 1327
2482 3216
2483 3817
2484 2810
2485 1478
2486 4894
2487 4948
2488 4894
2489 2206
2490 3479
2491 4852
2492 333
2493 1484
2494 3906
2495 3820
2496 3906
2497 1806
2498 1351
2499 1404
2500 3553
2501 2905
2502 4894
2503 3717
2504 4914
2505 2204
2506 3700
2507 1399
2508 1399
2509 2808
2510 3051
2511 3092
2512 2896
2513 3300
2514 3300
2515 3300
2516 3216
2517 3216
2518 3216
2519 3216
2520 3216
2521 3216
2522 3158
2523 3216
2524 3300
2525 2867
2526 3092
2527 2773
2528 2782
2529 5176
2530 5175
2531 2858
2532 5175
2533 5175
2534 4589
2535 4713
2536 4713
2537 4605
2538 3530
2539 3782
2540 1981
2541 2739
2542 3758
2543 3758
2544 4560
2545 4709
2546 3706
2547 2691
2548 1688
2549 4775
2550 1981
2551 74
2552 5173
2553 2805
2554 196
2555 1390
2556 2693
2557 2710
2558 1327
2559 2858
2560 3149
2561 4672
2562 4668
2563 4713
2564 4715
2565 3530
2566 4668
2567 4459
2568 4643
2569 4962
2570 4962
2571 4941
2572 2923
2573 1590
2574 3492
2575 1720
2576 3740
2577 1404
2578 2666
2579 3820
2580 4906
2581 4909
2582 1399
2583 1399
2584 1399
2585 2808
2586 2782
2587 2782
2588 4
2589 4948
2590 196
2591 3738
2592 2738
2593 2709
2594 1399
2595 2782
2596 2781
2597 2781
2598 1688
2599 2786
2600 2931
2601 2806
2602 3858
2603 3894
2604 3706
2605 3727
2606 109
2607 2691
2608 3092
2609 1926
2610 1399
2611 1399
2612 1926
2613 3709
2614 4837
2615 4852
2616 4
2617 4616
2618 3883
2619 3876
2620 1648
2621 1675
2622 3479
2623 5173
2624 333
2625 2712
2626 1404
2627 2782
2628 1724
2629 3169
2630 3406
2631 3479
2632 5173
2633 2858
2634 4894
2635 1763
2636 3738
2637 109
2638 1478
2639 2777
2640 3495
2641 3432
2642 3424
2643 1076
2644 4569
2645 4894
2646 5173
2647 5173
2648 3640
2649 1745
2650 5045
2651 5023
2652 1399
2653 4987
2654 4987
2655 5064
2656 1399
2657 3557
2658 2905
2659 68
2660 4947
2661 4905
2662 4909
2663 3926
2664 2070
2665 1777
2666 1777
2667 4917
2668 4917
2669 4948
2670 3703
2671 3736
2672 3756
2673 2814
2674 4801
2675 4859
2676 4614
2677 3708
2678 1396
2679 1410
2680 3708
2681 2797
2682 2724
2683 3640
2684 72
2685 1415
2686 3112
2687 4914
2688 215
2689 4672
2690 4
2691 2762
2692 2762
2693 4590
2694 3762
2695 3732
2696 2738
2697 2814
2698 4852
2699 3885
2700 3878
2701 160
2702 333
2703 2691
2704 4541
2705 5046
2706 5121
2707 5077
2708 4988
2709 1078
2710 1078
2711 4002
2712 4033
2713 5042
2714 3642
2715 3705
2716 1478
2717 3700
2718 3913
2719 4643
2720 3848
2721 4945
2722 4358
2723 4590
2724 3216
2725 3216
2726 3555
2727 3735
2728 2782
2729 2690
2730 3725
2731 3906
2732 1763
2733 3736
2734 2770
2735 2770
2736 3559
2737 3700
2738 2691
2739 2725
2740 3690
2741 397
2742 4941
2743 5175
2744 4947
2745 4906
2746 4976
2747 4906
2748 1511
2749 1825
2750 1511
2751 1518
2752 1518
2753 1930
2754 1930
2755 1511
2756 1930
2757 1518
2758 1518
2759 1919
2760 1661
2761 1661
2762 1661
2763 1935
2764 3906
2765 2709
2766 122
2767 3495
2768 1409
2769 3640
2770 4906
2771 2075
2772 1825
2773 2070
2774 1511
2775 1511
2776 1518
2777 2087
2778 2087
2779 1782
2780 4906
2781 1805
2782 2087
2783 4976
2784 1690
2785 4535
2786 5176
2787 1408
2788 113
2789 5176
2790 4919
2791 4906
2792 3743
2793 4765
2794 4755
2795 2774
2796 2801
2797 2801
2798 2841
2799 3070
2800 1529
2801 2841
2802 3070
2803 1592
2804 2834
2805 4679
2806 3479
2807 3839
2808 2689
2809 4666
2810 4756
2811 2708
2812 3216
2813 1799
2814 5118
2815 5046
2816 5080
2817 5080
2818 5079
2819 4909
2820 5046
2821 5049
2822 41
2823 3998
2824 4003
2825 4909
2826 41
2827 3516
2828 4075
2829 4909
2830 5046
2831 3700
2832 3524
2833 3782
2834 4767
2835 2892
2836 4780
2837 3022
2838 4572
2839 4559
2840 99
2841 3554
2842 2724
2843 2932
2844 3424
2845 2932
2846 2922
2847 1763
2848 1741
2849 2195
2850 333
2851 3559
2852 3906
2853 4680
2854 1724
2855 2195
2856 1771
2857 1661
2858 2070
2859 1518
2860 1825
2861 1518
2862 1934
2863 1923
2864 1928
2865 4883
2866 4883
2867 4883
2868 4976
2869 1409
2870 3216
2871 4643
2872 5173
2873 2691
2874 4906
2875 3727
2876 5077
2877 5048
2878 5066
2879 3516
2880 41
2881 5068
2882 5066
2883 5064
2884 41
2885 5010
2886 5066
2887 5050
2888 41
2889 3984
2890 4038
2891 4038
2892 4038
2893 3943
2894 4167
2895 4164
2896 3929
2897 1460
2898 3814
2899 3909
2900 333
2901 1484
2902 1484
2903 1679
2904 4616
2905 4594
2906 4906
2907 1484
2908 5133
2909 5039
2910 3216
2911 5125
2912 41
2913 3492
2914 5080
2915 5070
2916 4740
2917 3479
2918 4941
2919 2070
2920 2070
2921 4904
2922 4977
2923 4906
2924 2204
2925 3821
2926 3910
2927 4907
2928 5069
2929 5064
2930 3516
2931 1078
2932 1078
2933 4003
2934 4002
2935 4037
2936 3923
2937 3937
2938 4076
2939 3937
2940 1078
2941 3516
2942 5062
2943 3529
2944 2767
2945 2810
2946 2782
2947 3295
2948 2810
2949 2760
2950 333
2951 3820
2952 4910
2953 3551
2954 1485
2955 2897
2956 4941
2957 5023
2958 5122
2959 4985
2960 5070
2961 5079
2962 3889
2963 3889
2964 3866
2965 3883
2966 4941
2967 4941
2968 1484
2969 4709
2970 3758
2971 3765
2972 5023
2973 3861
2974 3839
2975 1496
2976 333
2977 5121
2978 5122
2979 2782
2980 3055
2981 1724
2982 3563
2983 3782
2984 4906
2985 4906
2986 4906
2987 4941
2988 3782
2989 5069
2990 5023
2991 3756
2992 3736
2993 3300
2994 2750
2995 5176
2996 3295
2997 5175
2998 5173
2999 2806
3000 2750
3001 5173
3002 5046
3003 4908
3004 3384
3005 3913
3006 1078
3007 2782
3008 3295
3009 2782
3010 2881
3011 5173
3012 2932
3013 5176
3014 4645
3015 2714
3016 3736
3017 2065
3018 1923
3019 3986
3020 1930
3021 4003
3022 4003
3023 4033
3024 4070
3025 3923
3026 5174
3027 4917
3028 4904
3029 4904
3030 2070
3031 2070
3032 5050
3033 3516
3034 1078
3035 333
3036 3763
3037 2706
3038 3754
3039 4666
3040 4565
3041 3752
3042 3641
3043 1935
3044 2059
3045 2782
3046 3051
3047 3092
3048 41
3049 2858
3050 4786
3051 3434
3052 3894
3053 1741
3054 2888
3055 2810
3056 1485
3057 4765
3058 5076
3059 4592
3060 1078
3061 4001
3062 4033
3063 41
3064 3821
3065 2688
3066 3906
3067 5076
3068 2940
3069 3432
3070 3400
3071 5173
3072 5173
3073 2810
3074 3295
3075 5174
3076 5173
3077 2858
3078 2750
3079 2771
3080 1790
3081 4594
3082 2773
3083 2774
3084 1648
3085 5002
3086 1478
3087 3171
3088 2195
3089 3743
3090 3172
3091 3055
3092 41
3093 1078
3094 41
3095 4907
3096 1485
3097 1790
3098 1485
3099 1481
3100 1481
3101 3029
3102 1078
3103 3934
3104 1544
3105 1482
3106 2782
3107 2897
3108 3295
3109 2782
3110 3889
3111 2782
3112 2867
3113 3552
3114 4694
3115 4535
3116 3055
3117 4078
3118 4069
3119 4001
3120 4002
3121 2703
3122 113
3123 1
3124 2858
3125 5002
3126 4689
3127 4038
3128 2782
3129 3307
3130 2699
3131 3552
3132 1408
3133 4941
3134 2204
3135 2204
3136 2204
3137 2240
3138 1918
3139 2093
3140 1935
3141 2195
3142 2093
3143 2896
3144 5055
3145 4677
3146 1078
3147 4679
3148 4689
3149 99
3150 2071
3151 3171
3152 3561
3153 1690
3154 2204
3155 1679
3156 1484
3157 1771
3158 5116
3159 5070
3160 5070
3161 5069
3162 1928
3163 5070
3164 4883
3165 3641
3166 5116
3167 5116
3168 5116
3169 5067
3170 1928
3171 4070
3172 4041
3173 2892
3174 3736
3175 2888
3176 3416
3177 5202
3178 5173
3179 5202
3180 2805
3181 3313
3182 5173
3183 3906
3184 2896
3185 2069
3186 1934
3187 1934
3188 1610
3189 1610
3190 2069
3191 1923
3192 5116
3193 3826
3194 1410
3195 1410
3196 1467
3197 1484
3198 4906
3199 1078
3200 3762
3201 4069
3202 4030
3203 3985
3204 41
3205 3926
3206 41
3207 3641
3208 3920
3209 2076
3210 2076
3211 1078
3212 4074
3213 3406
3214 5173
3215 4919
3216 2897
3217 2896
3218 3640
3219 4755
3220 4724
3221 2886
3222 2887
3223 2886
3224 3033
3225 1600
3226 2774
3227 4901
3228 2805
3229 2093
3230 3738
3231 4565
3232 2782
3233 3406
3234 4565
3235 4074
3236 4164
3237 3933
3238 4167
3239 3022
3240 2810
3241 4074
3242 4167
3243 4115
3244 4117
3245 4100
3246 4265
3247 4255
3248 5180
3249 4192
3250 4192
3251 4192
3252 4241
3253 4100
3254 1078
3255 2075
3256 4906
3257 1518
3258 4901
3259 3479
3260 2881
3261 3424
3262 3416
3263 3482
3264 3479
3265 3424
3266 2750
3267 2859
3268 3479
3269 4077
3270 3022
3271 4694
3272 4535
3273 3432
3274 4151
3275 4113
3276 4162
3277 4299
3278 4293
3279 4338
3280 4275
3281 4213
3282 4311
3283 4252
3284 41
3285 1742
3286 5173
3287 4901
3288 1782
3289 1928
3290 2084
3291 2087
3292 1518
3293 1825
3294 1825
3295 1518
3296 1518
3297 1518
3298 1515
3299 2093
3300 1094
3301 1078
3302 2750
3303 5202
3304 3508
3305 3446
3306 3424
3307 2896
3308 2693
3309 3878
3310 5055
3311 4666
3312 3736
3313 1702
3314 3479
3315 3929
3316 1410
3317 1771
3318 4883
3319 1928
3320 2087
3321 2087
3322 1928
3323 3482
3324 1928
3325 1928
3326 4565
3327 2750
3328 2805
3329 3307
3330 4164
3331 2724
3332 1396
3333 4666
3334 3898
3335 3984
3336 3934
3337 3946
3338 4083
3339 4082
3340 4118
3341 4082
3342 4082
3343 4151
3344 3929
3345 1
3346 3920
3347 3881
3348 2070
3349 2070
3350 4883
3351 3416
3352 5173
3353 3422
3354 5173
3355 5197
3356 3758
3357 55
3358 41
3359 1412
3360 5070
3361 1928
3362 5173
3363 2748
3364 2858
3365 2859
3366 4677
3367 3736
3368 3693
3369 3920
3370 2070
3371 1511
3372 2070
3373 2070
3374 2070
3375 2070
3376 2093
3377 2076
3378 2195
3379 1679
3380 1771
3381 3984
3382 4694
3383 4030
3384 5175
3385 2808
3386 1467
3387 2070
3388 1928
3389 2069
3390 2808
3391 5173
3392 2805
3393 2810
3394 2810
3395 4168
3396 4167
3397 4164
3398 4168
3399 4083
3400 4113
3401 4100
3402 4162
3403 4241
3404 4247
3405 4306
3406 4275
3407 4275
3408 4144
3409 4151
3410 4144
3411 1720
3412 1679
3413 1720
3414 1484
3415 3641
3416 2087
3417 1923
3418 1928
3419 1928
3420 1517
3421 2805
3422 2806
3423 3416
3424 2867
3425 3295
3426 4091
3427 3759
3428 2070
3429 1928
3430 5173
3431 2782
3432 2782
3433 2808
3434 2750
3435 5173
3436 3265
3437 2867
3438 2748
3439 5173
3440 2748
3441 3736
3442 4038
3443 1777
3444 3998
3445 2070
3446 4007
3447 2782
3448 4694
3449 2810
3450 2808
3451 2896
3452 4694
3453 4083
3454 4148
3455 4115
3456 4148
3457 2724
3458 4679
3459 3886
3460 4908
3461 1461
3462 2087
3463 2084
3464 2087
3465 1928
3466 2808
3467 2782
3468 2808
3469 2808
3470 4694
3471 4148
3472 4030
3473 1496
3474 2782
3475 4115
3476 4117
3477 3886
3478 3690
3479 3738
3480 2070
3481 2093
3482 4151
3483 2240
3484 2240
3485 1935
3486 2093
3487 2093
3488 2093
3489 2093
3490 2846
3491 2093
3492 4664
3493 4078
3494 3926
3495 3759
3496 4690
3497 1518
3498 2087
3499 2087
3500 4690
3501 4165
3502 3999
3503 3926
3504 1777
3505 1935
3506 4590
3507 4590
3508 4590
3509 4144
3510 4118
3511 4162
3512 4241
3513 4299
3514 4289
3515 4285
3516 4287
3517 4287
3518 4287
3519 4187
3520 4194
3521 4082
3522 4113
3523 4113
3524 4265
3525 4262
3526 4100
3527 4100
3528 4241
3529 4253
3530 2715
3531 4078
3532 55
3533 4780
3534 3986
3535 2070
3536 1679
3537 2240
3538 1679
3539 1489
3540 3929
3541 3929
3542 4030
3543 4115
3544 4117
3545 4265
3546 4262
3547 4117
3548 4117
3549 4117
3550 4118
3551 2087
3552 1679
3553 1935
3554 4689
3555 4666
3556 4265
3557 4677
3558 4090
3559 1490
3560 2087
3561 4590
3562 4168
3563 4262
3564 4306
3565 4247
3566 4082
3567 4265
3568 3866
3569 2070
3570 2070
3571 1518
3572 1825
3573 1518
3574 1825
3575 2195
3576 2093
3577 1935
3578 4679
3579 3738
3580 3732
3581 1078
3582 3813
3583 3782
3584 4664
3585 4030
3586 4100
3587 4117
3588 4037
3589 4252
3590 1413
3591 41
3592 3998
3593 1951
3594 1934
3595 1489
3596 4100
3597 4262
3598 4117
3599 4117
3600 2093
3601 4076
3602 2087
3603 2087
3604 2087
3605 4148
3606 4168
3607 4113
3608 4265
3609 4148
3610 2070
3611 1518
3612 4151
3613 4247
3614 3913
3615 2070
3616 2070
3617 1511
3618 1518
3619 1484
3620 4115
3621 2240
3622 4679
3623 1518
3624 4664
3625 1919
3626 4074
3627 3886
3628 2076
3629 1679
3630 2240
3631 1935
3632 4117
3633 3743
3634 1078
3635 2087
3636 1511
3637 1930
3638 1918
3639 4311
3640 4252
3641 1720
3642 1517
3643 2240
3644 1679
3645 1935
3646 2195
3647 1935
3648 1771
3649 4780
3650 2195
3651 1661
3652 2093
3653 4113
3654 1489
3655 4082
3656 2846
3657 2070
3658 1511
3659 2076
3660 4666
3661 4723
3662 4690
3663 4590
3664 4275
3665 1485
3666 1444
3667 4780
3668 2774
3669 2843
3670 3022
3671 3022
3672 4677
3673 3923
3674 2195
3675 1481
3676 4247
3677 4287
3678 4287
3679 4287
3680 4044
3681 3967
3682 4008
3683 2390
3684 2421
3685 2421
3686 2421
3687 2421
3688 2421
3689 2421
3690 2421
3691 2421
3692 2421
3693 2421
3694 2421
3695 4213
3696 4287
3697 4287
3698 4287
3699 1679
3700 2240
3701 4015
3702 4015
3703 4015
3704 4015
3705 4047
3706 4044
3707 4044
3708 4044
3709 4044
3710 4047
3711 4073
3712 2390
3713 2390
3714 2390
3715 2390
3716 4015
3717 4015
3718 4015
3719 4047
3720 4047
3721 4047
3722 4047
3723 4047
3724 4044
3725 4044
3726 4044
3727 4287
3728 4287
3729 4287
3730 4287
3731 4287
3732 4015
3733 4048
3734 2390
3735 2390
3736 2390
3737 4073
3738 4073
3739 4008
3740 3960
3741 3960
3742 3960
3743 4073
3744 4073
3745 4073
3746 4063
3747 4015
3748 4015
3749 4015
3750 4047
3751 4047
3752 4690
3753 2774
3754 4585
3755 3946
3756 3946
3757 1481
3758 4252
3759 4213
3760 4213
3761 4287
3762 4287
3763 3997
3764 4287
3765 4215
3766 4287
3767 4047
3768 4209
3769 3917
3770 4044
3771 4044
3772 4044
3773 4287
3774 4287
3775 1078
3776 1919
3777 2076
3778 4247
3779 4287
3780 4083
3781 4115
3782 4047
3783 4047
3784 4044
3785 4100
3786 2070
3787 2070
3788 3929
3789 4148
3790 2195
3791 1489
3792 4301
3793 4047
3794 4047
3795 4287
3796 4044
3797 4100
3798 2070
3799 1515
3800 1515
3801 4144
3802 1484
3803 4047
3804 4287
3805 4048
3806 4044
3807 2056
3808 4033
3809 4077
3810 4115
3811 4082
3812 1489
3813 3849
3814 3782
3815 4287
3816 4286
3817 4287
3818 4287
3819 4287
3820 4044
3821 4044
3822 4044
3823 4044
3824 3926
3825 3986
3826 4765
3827 2070
3828 1696
3829 3870
3830 4044
3831 4287
3832 4287
3833 4287
3834 4287
3835 4287
3836 3933
3837 3929
3838 4030
3839 4167
3840 4037
3841 4091
3842 4044
3843 3967
3844 4015
3845 1517
3846 3999
3847 1935
3848 1935
3849 4044
3850 4044
3851 4044
3852 4265
3853 2847
3854 4693
3855 3923
3856 1610
3857 4044
3858 4044
3859 4044
3860 4287
3861 4118
3862 2070
3863 1649
3864 1661
3865 1481
3866 1544
3867 2195
3868 2195
3869 2195
3870 1517
3871 1661
3872 4299
3873 1489
3874 1490
3875 4287
3876 4044
3877 4287
3878 3926
3879 3986
3880 3926
3881 3985
3882 3985
3883 4767
3884 1484
3885 3889
3886 1481
3887 4275
3888 4301
3889 4044
3890 4044
3891 3986
3892 1919
3893 1481
3894 4268
3895 4073
3896 2390
3897 1484
3898 2093
3899 1771
3900 5207
3901 4287
3902 3929
3903 4765
3904 1797
3905 2093
3906 2093
3907 4287
3908 1484
3909 1935
3910 3926
3911 4047
3912 4003
3913 4165
3914 4222
3915 5180
3916 4296
3917 4164
3918 4151
3919 4144
3920 3934
3921 4126
3922 4083
3923 4082
3924 2070
3925 3926
3926 3926
3927 2724
3928 4015
3929 4015
3930 4015
3931 4015
3932 4015
3933 4015
3934 4015
3935 4015
3936 4047
3937 4015
3938 4016
3939 4054
3940 4073
3941 4008
3942 3960
3943 3960
3944 3960
3945 3960
3946 2402
3947 2402
3948 2390
3949 2390
3950 3947
3951 3967
3952 3947
3953 2406
3954 2402
3955 2390
3956 3960
3957 2402
3958 2390
3959 2390
3960 4073
3961 4047
3962 3967
3963 3967
3964 3967
3965 3967
3966 3967
3967 4044
3968 3967
3969 4287
3970 3967
3971 3967
3972 3967
3973 3967
3974 3947
3975 1951
3976 1934
3977 1934
3978 1518
3979 4822
3980 3070
3981 4595
3982 4755
3983 1484
3984 1489
3985 2093
3986 2195
3987 4287
3988 4187
3989 4287
3990 4033
3991 4033
3992 2740
3993 3926
3994 4255
3995 4047
3996 4083
3997 4823
3998 4724
3999 2886
4000 2841
4001 2841
4002 4241
4003 1918
4004 1918
4005 3967
4006 1493
4007 4115
4008 2093
4009 2774
4010 4779
4011 4858
4012 4117
4013 3926
4014 3926
4015 4044
4016 1951
4017 4765
4018 1596
4019 2887
4020 2887
4021 4015
4022 1696
4023 3967
4024 4287
4025 4287
4026 2070
4027 4044
4028 4077
4029 4612
4030 3898
4031 4756
4032 2886
4033 3890
4034 2886
4035 2886
4036 3483
4037 3483
4038 3483
4039 3503
4040 3503
4041 2887
4042 3483
4043 3483
4044 3391
4045 2206
4046 2214
4047 4073
4048 4252
4049 5207
4050 4287
4051 2070
4052 4187
4053 3967
4054 2069
4055 2887
4056 4015
4057 1515
4058 1518
4059 1413
4060 4679
4061 2774
4062 2847
4063 3967
4064 4287
4065 3967
4066 4167
4067 4767
4068 4755
4069 4767
4070 4612
4071 1919
4072 4616
4073 4723
4074 2070
4075 1934
4076 4765
4077 4115
4078 4724
4079 4755
4080 4264
4081 4287
4082 3929
4083 4003
4084 3926
4085 4117
4086 4117
4087 4047
4088 4015
4089 4015
4090 4015
4091 4030
4092 3946
4093 3937
4094 4590
4095 2390
4096 4767
4097 1930
4098 4073
4099 2390
4100 4015
4101 4073
4102 4015
4103 4192
4104 4767
4105 3483
4106 3483
4107 2841
4108 2910
4109 3483
4110 3503
4111 3391
4112 3448
4113 2933
4114 3314
4115 3311
4116 2194
4117 1586
4118 1696
4119 2214
4120 2801
4121 4247
4122 1919
4123 2764
4124 4780
4125 4287
4126 2421
4127 2421
4128 2421
4129 2421
4130 2421
4131 2390
4132 2390
4133 2390
4134 2421
4135 2421
4136 2390
4137 2390
4138 2390
4139 2390
4140 2390
4141 2390
4142 2390
4143 2390
4144 2421
4145 2421
4146 2421
4147 2421
4148 2390
4149 2390
4150 2390
4151 2390
4152 2390
4153 2421
4154 2421
4155 2421
4156 2421
4157 2421
4158 2421
4159 2390
4160 2421
4161 2421
4162 2421
4163 2421
4164 2421
4165 2421
4166 2390
4167 2390
4168 2390
4169 2390
4170 2402
4171 4059
4172 2390
4173 2402
4174 2402
4175 2402
4176 4073
4177 4073
4178 2390
4179 4115
4180 4187
4181 4144
4182 4287
4183 4287
4184 2390
4185 2421
4186 2421
4187 2421
4188 2421
4189 2421
4190 2421
4191 2421
4192 2421
4193 2421
4194 2421
4195 2421
4196 2421
4197 4723
4198 4767
4199 4118
4200 4151
4201 4767
4202 2421
4203 2421
4204 2421
4205 2421
4206 2421
4207 2421
4208 2421
4209 2421
4210 2421
4211 2421
4212 2421
4213 2421
4214 4077
4215 3983
4216 3967
4217 4287
4218 4611
4219 4709
4220 4199
4221 4047
4222 4047
4223 4051
4224 3967
4225 2421
4226 2421
4227 2421
4228 2421
4229 2421
4230 2421
4231 2421
4232 2421
4233 2421
4234 2421
4235 2421
4236 2421
4237 2421
4238 2421
4239 2421
4240 2421
4241 4070
4242 4144
4243 1930
4244 1518
4245 1518
4246 4164
4247 1518
4248 3986
4249 4825
4250 4287
4251 4241
4252 3985
4253 3943
4254 4030
4255 4003
4256 4117
4257 2421
4258 2421
4259 4765
4260 4241
4261 4168
4262 4299
4263 3967
4264 4616
4265 4765
4266 1934
4267 4616
4268 2390
4269 3883
4270 4151
4271 4275
4272 4612
4273 4287
4274 4015
4275 4063
4276 4051
4277 3967
4278 4073
4279 4002
4280 4241
4281 4299
4282 4241
4283 4241
4284 4287
4285 3983
4286 3986
4287 4285
4288 4287
4289 4294
4290 4299
4291 3896
4292 2924
4293 3923
4294 4164
4295 4144
4296 4008
4297 4047
4298 3923
4299 3982
4300 4144
4301 4115
4302 2841
4303 2841
4304 2841
4305 2841
4306 2841
4307 4115
4308 3986
4309 4774
4310 4755
4311 4755
4312 4301
4313 3967
4314 2421
4315 2421
4316 2421
4317 2421
4318 4033
4319 2801
4320 4151
4321 4117
4322 4162
4323 3967
4324 3927
4325 3070
4326 2841
4327 1530
4328 4118
4329 2421
4330 4117
4331 4287
4332 4666
4333 4287
4334 4287
4335 4289
4336 4051
4337 4047
4338 4003
4339 2058
4340 4073
4341 4117
4342 3933
4343 4167
4344 3896
4345 4287
4346 4264
4347 3967
4348 1930
4349 4858
4350 4774
4351 3070
4352 4287
4353 3967
4354 4051
4355 3967
4356 3986
4357 3986
4358 3986
4359 4858
4360 2843
4361 2843
4362 1488
4363 4287
4364 2421
4365 4003
4366 4289
4367 1529
4368 3070
4369 1596
4370 4338
4371 3967
4372 3967
4373 4287
4374 4287
4375 4287
4376 4287
4377 4051
4378 4003
4379 4115
4380 4299
4381 4033
4382 4287
4383 4117
4384 4187
4385 2421
4386 4241
4387 3967
4388 4187
4389 4287
4390 4100
4391 3967
4392 2421
4393 2421
4394 2421
4395 2421
4396 3985
4397 4033
4398 4338
4399 3967
4400 4058
4401 3960
4402 3947
4403 2923
4404 3986
4405 4117
4406 5207
4407 3967
4408 2950
4409 2241
4410 3340
4411 3448
4412 1675
4413 2241
4414 1586
4415 1707
4416 1586
4417 2194
4418 1569
4419 1569
4420 1926
4421 1926
4422 1929
4423 5190
4424 4113
4425 3967
4426 1488
4427 4063
4428 4063
4429 4073
4430 2421
4431 2421
4432 3453
4433 2203
4434 4162
4435 3967
4436 3967
4437 3947
4438 4058
4439 2421
4440 3897
4441 4241
4442 2421
4443 2421
4444 2390
4445 2390
4446 2390
4447 2390
4448 1593
4449 2421
4450 2421
4451 2421
4452 2421
4453 3494
4454 2421
4455 3947
4456 2390
4457 2390
4458 2402
4459 3962
4460 3484
4461 3449
4462 1577
4463 1586
4464 3391
4465 3448
4466 3449
4467 3503
4468 3391
4469 1675
4470 1519
4471 3311
4472 2170
4473 2194
4474 2194
4475 3341
4476 3448
4477 3442
4478 3449
4479 1613
4480 1577
4481 3448
4482 2214
4483 2194
4484 3960
4485 2421
4486 2421
4487 1577
4488 2885
4489 3442
4490 2421
4491 2421
4492 2923
4493 3960
4494 3960
4495 2421
4496 2421
4497 2421
4498 2421
4499 2421
4500 2421
4501 2402
4502 3442
4503 1586
4504 2421
4505 1593
4506 1586
4507 3340
4508 2203
4509 2390
4510 2390
4511 2390
4512 3341
4513 3184
4514 3311
4515 2194
4516 2241
4517 3311
4518 2923
4519 3055
4520 2421
4521 1613
4522 1586
4523 3341
4524 2170
4525 1586
4526 1586
4527 2421
4528 2390
4529 2390
4530 1586
4531 2241
4532 2390
4533 2421
4534 2390
4535 2421
4536 2390
4537 2421
4538 2421
4539 1577
4540 2421
4541 2390
4542 2390
4543 2421
4544 2390
4545 2390
4546 2390
4547 2390
4548 1586
4549 3311
4550 2421
4551 2390
4552 2419
4553 1704
4554 1608
4555 1577
4556 1689
4557 1634
4558 2203
4559 1586
4560 1577
4561 2198
4562 2241
4563 1689
4564 1586
4565 2157
4566 1586
4567 2194
4568 1577
4569 2170
4570 2157
4571 3340
4572 2235
4573 2194
4574 2203
4575 1586
4576 3311
4577 2194
4578 2090
4579 2086
4580 2084
4581 2084
4582 1929
4583 1926
4584 5098
4585 5098
4586 1926
4587 1446
4588 1371
4589 1371
4590 1414
4591 1446
4592 1446
4593 509
4594 540
4595 541
4596 537
4597 537
4598 537
4599 537
4600 541
4601 541
4602 540
4603 540
4604 541
4605 1381
4606 2235
4607 3311
4608 1687
4609 1929
4610 1963
4611 2090
4612 1945
4613 2235
4614 1564
4615 2157
4616 1586
4617 1689
4618 2090
4619 2001
4620 2089
4621 2168
4622 2094
4623 2086
4624 1929
4625 5189
4626 2157
4627 2168
4628 1687
4629 1564
4630 3311
4631 3311
4632 2235
4633 1586
4634 2157
4635 2252
4636 2090
4637 2102
4638 2023
4639 5189
4640 2086
4641 2001
4642 1929
4643 5030
4644 1371
4645 1306
4646 1306
4647 505
4648 505
4649 540
4650 544
4651 1306
4652 541
4653 1306
4654 541
4655 541
4656 541
4657 1306
4658 1306
4659 1306
4660 1306
4661 1446
4662 1446
4663 1414
4664 5030
4665 1933
4666 1687
4667 2086
4668 581
4669 1586
4670 1929
4671 1687
4672 1687
4673 1945
4674 1926
4675 2168
4676 1641
4677 1957
4678 1945
4679 1933
4680 1446
4681 1945
4682 1371
4683 1926
4684 1926
4685 2157
4686 1381
4687 1381
4688 541
4689 537
4690 537
4691 537
4692 537
4693 541
4694 541
4695 541
4696 537
4697 1306
4698 1306
4699 1306
4700 544
4701 541
4702 541
4703 544
4704 1306
4705 1306
4706 1933
4707 541
4708 541
4709 541
4710 541
4711 541
4712 541
4713 1306
4714 1945
4715 1926
4716 541
4717 1381
4718 1926
4719 2168
4720 1631
4721 541
4722 541
4723 541
4724 541
4725 537
4726 2252
4727 2168
4728 1933
4729 2157
4730 541
4731 541
4732 1926
4733 541
4734 541
4735 2083
4736 1371
4737 1383
4738 541
4739 537
4740 537
4741 1306
4742 1446
4743 549
4744 540
4745 1306
4746 1306
4747 1381
4748 1933
4749 1929
4750 541
4751 541
4752 541
4753 1933
4754 1926
4755 1968
4756 5098
4757 2157
4758 1926
4759 1926
4760 1371
4761 1371
4762 2086
4763 5030
4764 544
4765 540
4766 541
4767 568
4768 1926
4769 5098
4770 541
4771 568
4772 2083
4773 1371
4774 541
4775 1982
4776 1687
4777 541
4778 1306
4779 1306
4780 1306
4781 1446
4782 5098
4783 1414
4784 1371
4785 2086
4786 1687
4787 1306
4788 1414
4789 541
4790 2086
4791 1306
4792 509
4793 509
4794 509
4795 1446
4796 537
4797 1446
4798 1446
4799 1414
4800 541
4801 5189
4802 541
4803 537
4804 537
4805 537
4806 1446
4807 1446
4808 1446
4809 505
4810 541
4811 1926
4812 1306
4813 1446
4814 1371
4815 537
4816 537
4817 541
4818 2083
4819 5098
4820 1926
4821 1926
4822 541
4823 1306
4824 1306
4825 1371
4826 541
4827 1446
4828 509
4829 537
4830 5190
4831 1687
4832 1446
4833 541
4834 541
4835 541
4836 541
4837 540
4838 540
4839 541
4840 540
4841 541
4842 541
4843 541
4844 537
4845 581
4846 2086
4847 540
4848 505
4849 505
4850 568
4851 2083
4852 1371
4853 5030
4854 509
4855 509
4856 509
4857 509
4858 509
4859 1929
4860 1926
4861 537
4862 537
4863 537
4864 537
4865 541
4866 537
4867 541
4868 540
4869 540
4870 1446
4871 509
4872 541
4873 537
4874 541
4875 1446
4876 509
4877 1371
4878 1414
4879 1926
4880 1926
4881 1371
4882 1933
4883 505
4884 537
4885 541
4886 540
4887 568
4888 540
4889 540
4890 541
4891 568
4892 541
4893 1926
4894 1926
4895 1926
4896 540
4897 1945
4898 1926
4899 568
4900 540
4901 568
4902 509
4903 537
4904 537
4905 537
4906 1414
4907 509
4908 549
4909 1446
4910 1955
4911 1926
4912 1371
4913 5098
4914 1926
4915 1955
4916 537
4917 537
4918 1926
4919 549
4920 500
4921 509
4922 1926
4923 549
4924 1371
4925 549
4926 549
4927 509
4928 509
4929 509
4930 1446
4931 1371
4932 541
4933 541
4934 1414
4935 541
4936 500
4937 505
4938 541
4939 505
4940 509
4941 541
4942 541
4943 581
4944 500
4945 541
4946 568
4947 549
4948 568
4949 3077
4950 4742
4951 3077
4952 4931
4953 4931
4954 3077
4955 3077
4956 3077
4957 4931
4958 3077
4959 4509
4960 3077
4961 3077
4962 4881
4963 4931
4964 4923
4965 4923
4966 4923
4967 4954
4968 4978
4969 811
4970 781
4971 416
4972 292
4973 306
4974 306
4975 306
4976 373
4977 779
4978 811
4979 306
4980 306
4981 306
4982 416
4983 306
4984 306
4985 779
4986 779
4987 779
4988 811
4989 306
4990 811
4991 807
4992 306
4993 306
4994 306
4995 416
4996 416
4997 416
4998 416
4999 811
5000 781
5001 373
5002 373
5003 779
5004 401
5005 779
5006 781
5007 401
5008 401
5009 779
5010 779
5011 811
5012 811
5013 811
5014 306
5015 306
5016 306
5017 748
5018 416
5019 373
5020 373
5021 811
5022 292
5023 306
5024 779
5025 781
5026 811
5027 373
5028 781
5029 811
5030 292
5031 781
5032 306
5033 373
5034 373
5035 373
5036 306
5037 781
5038 306
5039 2532
5040 2532
5041 2556
5042 315
5043 2289
5044 2600
5045 2572
5046 1201
5047 1197
5048 282
5049 2613
5050 2646
5051 306
5052 1135
5053 3300
5054 3211
5055 3216
5056 3300
5057 3216
5058 3300
5059 3216
5060 3300
5061 3216
5062 3216
5063 4905
5064 5069
5065 5023
5066 5023
5067 1981
5068 1926
5069 1926
5070 5023
5071 4905
5072 1926
5073 1926
5074 1926
5075 1806
5076 1806
5077 3740
5078 5173
5079 4565
5080 2421
5081 3960
5082 4015
5083 2421
5084 3960
5085 2390
5086 2390
5087 2421
5088 2421
5089 2421
5090 2421
5091 4015
5092 2390
5093 4063
5094 4015
5095 4015
5096 4015
5097 4015
5098 4015
5099 4015
5100 4054
5101 3960
5102 4008
5103 2390
5104 2402
5105 2390
5106 2402
5107 4015
5108 2421
5109 2421
5110 2421
5111 2421
5112 4015
5113 4015
5114 2390
5115 2390
5116 2421
5117 2421
5118 4073
5119 4073
5120 2421
5121 2421
5122 2076
5123 1577
5124 3391
5125 3448
5126 3503
5127 3483
5128 3434
5129 2928
5130 1613
5131 3442
5132 3483
5133 1533
5134 2886
5135 3493
5136 2775
5137 2421
5138 2421
5139 541
5140 541
5141 537
5142 537
5143 537
5144 1926
5145 541
5146 1446
5147 1381
5148 537
5149 537
5150 537
5151 541
5152 537
5153 4015
5154 4015
5155 748
5156 748
5157 748
5158 401
5159 781
5160 781
5161 779
5162 781
5163 1399
5164 5128
5165 1399
5166 1399
5167 5043
5168 1404
5169 5045
5170 1926
5171 5039
5172 5030
5173 1926
5174 5128
5175 5048
5176 5030
5177 5042
5178 1399
5179 5066
5180 1926
5181 5041
5182 1399
5183 1399
5184 1399
5185 1399
5186 1399
5187 5130
5188 1399
5189 1399
5190 1399
5191 5039
5192 1399
5193 1399
5194 984
5195 622
5196 655
5197 984
