0 2164
1 2181
2 2125
3 2117
4 2126
5 2126
6 2119
7 1993
8 2010
9 2708
10 2010
11 1993
12 26
13 26
14 357
15 341
16 2118
17 1993
18 1993
19 2118
20 2124
21 2181
22 2126
23 2126
24 2118
25 1993
26 2165
27 2165
28 2125
29 2125
30 2124
31 2124
32 2164
33 2162
34 2165
35 2164
36 2124
37 2181
38 2126
39 2187
40 2716
41 2009
42 2698
43 2716
44 2117
45 2714
46 2010
47 1991
48 2010
49 357
50 31
51 357
52 17
53 339
54 339
55 3555
56 3560
57 339
58 339
59 47
60 47
61 46
62 46
63 2716
64 2716
65 2716
66 2714
67 2716
68 2716
69 2716
70 2716
71 2716
72 2716
73 2716
74 2716
75 2716
76 2716
77 2716
78 2714
79 2716
80 2714
81 2714
82 2714
83 2714
84 2716
85 2716
86 2716
87 2718
88 2716
89 321
90 2725
91 2720
92 332
93 31
94 31
95 2010
96 332
97 2725
98 31
99 31
100 357
101 275
102 3557
103 3557
104 2126
105 2126
106 2126
107 2126
108 2126
109 2126
110 2117
111 2164
112 2164
113 1993
114 2164
115 2118
116 2125
117 2125
118 2126
119 2126
120 2181
121 2165
122 2126
123 2126
124 2126
125 2126
126 2145
127 2145
128 2145
129 2145
130 2145
131 2145
132 2117
133 2125
134 1993
135 2705
136 2705
137 357
138 339
139 339
140 8
141 8
142 3774
143 3774
144 3773
145 3773
146 155
147 3520
148 3668
149 3520
150 3608
151 3527
152 3527
153 3757
154 339
155 2699
156 1993
157 2716
158 2759
159 2699
160 2759
161 2759
162 2759
163 2705
164 2705
165 2759
166 6249
167 6249
168 6249
169 6249
170 3683
171 6249
172 3773
173 3776
174 3757
175 3668
176 3683
177 6249
178 3682
179 3683
180 6249
181 6248
182 3683
183 3683
184 385
185 3764
186 3764
187 385
188 2165
189 2125
190 2125
191 2119
192 1993
193 1991
194 2759
195 2734
196 6249
197 3641
198 6249
199 6249
200 385
201 3523
202 3668
203 385
204 3691
205 3690
206 3757
207 3524
208 3608
209 3757
210 3757
211 4022
212 3899
213 3757
214 3608
215 3611
216 3611
217 3527
218 3608
219 3608
220 274
221 249
222 3608
223 3523
224 3668
225 3764
226 3695
227 2165
228 2126
229 2145
230 2145
231 2145
232 2126
233 2126
234 2126
235 2126
236 2698
237 1993
238 2010
239 2716
240 2125
241 2125
242 2125
243 2720
244 31
245 2748
246 1993
247 2759
248 2705
249 3683
250 3683
251 3683
252 3781
253 3781
254 3782
255 3693
256 4022
257 3865
258 2119
259 2125
260 2699
261 2708
262 1991
263 1991
264 2714
265 2724
266 26
267 357
268 193
269 6249
270 3683
271 3683
272 3683
273 6249
274 3683
275 1993
276 1993
277 2118
278 332
279 332
280 31
281 31
282 3949
283 3552
284 3608
285 3608
286 2125
287 2125
288 2165
289 2165
290 2716
291 1991
292 1991
293 2010
294 2698
295 3668
296 3749
297 3527
298 3757
299 3668
300 3766
301 3690
302 3690
303 3695
304 3695
305 3691
306 3552
307 3599
308 3599
309 3749
310 2165
311 2165
312 2164
313 2162
314 2164
315 2164
316 2164
317 2125
318 2165
319 2124
320 2124
321 2124
322 2125
323 2162
324 2162
325 2162
326 2124
327 2124
328 2126
329 2126
330 2126
331 2187
332 2124
333 3599
334 3600
335 2125
336 2126
337 2716
338 2126
339 1993
340 2164
341 1994
342 2118
343 2165
344 2126
345 2126
346 2145
347 2145
348 2126
349 2126
350 2126
351 2181
352 2125
353 2126
354 2124
355 2181
356 2126
357 2117
358 2119
359 2117
360 3644
361 250
362 164
363 160
364 160
365 164
366 3641
367 6249
368 3641
369 3641
370 3641
371 3641
372 3641
373 3641
374 3641
375 3641
376 3641
377 2716
378 2748
379 3641
380 2734
381 160
382 164
383 171
384 3781
385 3781
386 3786
387 3786
388 3675
389 6259
390 3781
391 3781
392 2747
393 329
394 274
395 3786
396 3762
397 3677
398 3784
399 3692
400 3692
401 132
402 134
403 164
404 164
405 30
406 5
407 2126
408 2126
409 2126
410 2126
411 3683
412 2759
413 3683
414 3683
415 47
416 46
417 1993
418 1993
419 1993
420 1993
421 2145
422 3693
423 3766
424 3889
425 3608
426 4022
427 2117
428 2117
429 2124
430 2698
431 2164
432 2164
433 2164
434 2117
435 2181
436 2126
437 2124
438 2124
439 2124
440 3611
441 3527
442 1991
443 2010
444 2705
445 3692
446 3692
447 3641
448 3641
449 3641
450 3641
451 3608
452 3564
453 3898
454 2164
455 2125
456 2145
457 3781
458 2725
459 2716
460 3766
461 3599
462 2165
463 3693
464 3641
465 3641
466 3641
467 3641
468 3641
469 3641
470 3641
471 3641
472 3641
473 3641
474 3641
475 3641
476 3641
477 3641
478 3641
479 3641
480 3641
481 3641
482 3641
483 3641
484 133
485 235
486 3641
487 3641
488 3641
489 3641
490 3641
491 3641
492 3641
493 3947
494 338
495 335
496 3641
497 3641
498 3641
499 3641
500 3641
501 3641
502 3641
503 3641
504 2788
505 2788
506 3641
507 344
508 3916
509 3641
510 3641
511 3947
512 338
513 3947
514 3916
515 3641
516 3641
517 2788
518 3947
519 3163
520 133
521 132
522 164
523 164
524 3641
525 3641
526 132
527 3641
528 3916
529 344
530 3641
531 259
532 132
533 132
534 259
535 3916
536 3916
537 3641
538 3916
539 3916
540 3916
541 3641
542 3641
543 3947
544 3641
545 3641
546 3641
547 3641
548 3641
549 3641
550 3641
551 3641
552 3641
553 3641
554 3641
555 3641
556 3641
557 3641
558 3641
559 3641
560 3641
561 3641
562 3641
563 3641
564 3641
565 3641
566 3641
567 3641
568 3641
569 3641
570 3902
571 3525
572 3527
573 3525
574 3641
575 3641
576 3641
577 3641
578 3641
579 3641
580 3641
581 3641
582 3641
583 3641
584 3684
585 3684
586 3869
587 3869
588 3807
589 3816
590 298
591 3807
592 298
593 153
594 1215
595 1308
596 702
597 1215
598 1436
599 1834
600 1437
601 1253
602 6352
603 6448
604 6448
605 139
606 6493
607 3566
608 3660
609 3657
610 930
611 698
612 3066
613 3066
614 3065
615 3065
616 2854
617 1350
618 6281
619 4882
620 4882
621 4883
622 710
623 710
624 710
625 710
626 4791
627 4881
628 6280
629 6281
630 1257
631 1257
632 4738
633 6498
634 6354
635 6354
636 49
637 6358
638 5324
639 6469
640 5325
641 4722
642 4268
643 1646
644 1646
645 4267
646 4883
647 4854
648 4782
649 4721
650 4721
651 4722
652 1253
653 750
654 4828
655 3498
656 3498
657 3063
658 2857
659 2852
660 2857
661 597
662 3063
663 4826
664 3063
665 4428
666 440
667 440
668 1436
669 1436
670 594
671 931
672 4123
673 5335
674 6358
675 4830
676 4740
677 3063
678 4737
679 4737
680 1315
681 1311
682 789
683 1315
684 2997
685 1436
686 1834
687 2997
688 2857
689 597
690 2852
691 2997
692 1436
693 440
694 702
695 3817
696 3687
697 3687
698 3817
699 3718
700 3718
701 3684
702 3869
703 6468
704 5333
705 3063
706 174
707 174
708 174
709 5284
710 3654
711 6493
712 6446
713 6446
714 6440
715 6446
716 6436
717 6440
718 6439
719 6433
720 4825
721 1423
722 4877
723 1675
724 1607
725 4883
726 4294
727 4294
728 5282
729 4198
730 174
731 298
732 3807
733 3807
734 174
735 5282
736 1724
737 1608
738 1695
739 627
740 1695
741 1390
742 3885
743 3887
744 3867
745 3887
746 3867
747 303
748 303
749 6465
750 2931
751 6456
752 4216
753 1315
754 788
755 6439
756 2821
757 1310
758 1315
759 1675
760 1315
761 629
762 1673
763 1608
764 1608
765 4240
766 1236
767 4718
768 4240
769 4905
770 627
771 4904
772 5305
773 6358
774 6358
775 6358
776 6358
777 1390
778 1719
779 1390
780 1393
781 3161
782 3161
783 6493
784 789
785 1311
786 1377
787 1695
788 4791
789 4881
790 1724
791 1672
792 1608
793 1607
794 4267
795 1671
796 6478
797 6477
798 1349
799 6478
800 4740
801 4828
802 4828
803 3611
804 3613
805 3867
806 3611
807 6289
808 6289
809 4144
810 4144
811 3867
812 3866
813 3613
814 3867
815 6331
816 4148
817 3867
818 3867
819 3868
820 3869
821 3869
822 4957
823 4144
824 3608
825 3608
826 3611
827 4014
828 3732
829 3898
830 4428
831 4428
832 4354
833 5262
834 4355
835 4355
836 5261
837 4354
838 4355
839 5262
840 4144
841 6289
842 6289
843 4144
844 4740
845 4428
846 4428
847 4355
848 4352
849 4352
850 4355
851 4352
852 6877
853 4352
854 4353
855 691
856 2871
857 691
858 685
859 1348
860 6331
861 685
862 858
863 1335
864 1335
865 858
866 4144
867 4103
868 4104
869 4144
870 4352
871 4983
872 4355
873 4647
874 4647
875 4353
876 4352
877 4647
878 865
879 3096
880 1807
881 5267
882 6379
883 6570
884 5261
885 6570
886 4428
887 3063
888 6487
889 6477
890 6477
891 931
892 3066
893 5229
894 1395
895 4294
896 5282
897 6877
898 4973
899 4949
900 4984
901 4973
902 4352
903 4973
904 6504
905 4949
906 4645
907 4362
908 4366
909 4757
910 4362
911 4645
912 3501
913 6566
914 3500
915 4143
916 4737
917 4737
918 4737
919 4429
920 4179
921 3497
922 6315
923 4827
924 3497
925 2852
926 6310
927 1236
928 750
929 1253
930 440
931 702
932 4143
933 6555
934 4973
935 4646
936 4366
937 1348
938 3063
939 4737
940 1671
941 1671
942 1834
943 2997
944 4355
945 4361
946 4361
947 4443
948 4443
949 4838
950 4628
951 4628
952 4395
953 4444
954 4464
955 4467
956 4444
957 6504
958 4443
959 4359
960 4361
961 4443
962 4973
963 4365
964 4971
965 4391
966 4358
967 4360
968 4443
969 4335
970 4363
971 4363
972 4335
973 4361
974 4443
975 4463
976 4447
977 4447
978 4464
979 4460
980 4447
981 4444
982 4446
983 4444
984 4431
985 4444
986 4446
987 4446
988 4444
989 4444
990 4446
991 4463
992 4447
993 4447
994 4460
995 4489
996 4521
997 4520
998 4494
999 4524
1000 4519
1001 4655
1002 4523
1003 4656
1004 4524
1005 4524
1006 4655
1007 4656
1008 4526
1009 4512
1010 4526
1011 4512
1012 4525
1013 4523
1014 4522
1015 4490
1016 4490
1017 4523
1018 4487
1019 4499
1020 4523
1021 4474
1022 4471
1023 4470
1024 4470
1025 4461
1026 4461
1027 4517
1028 4468
1029 4655
1030 4654
1031 4469
1032 4472
1033 4475
1034 4476
1035 4476
1036 4476
1037 4476
1038 4508
1039 4510
1040 4507
1041 4655
1042 4509
1043 4499
1044 4499
1045 4512
1046 4527
1047 4484
1048 4484
1049 4487
1050 4487
1051 4502
1052 4484
1053 4992
1054 4484
1055 4992
1056 4555
1057 4555
1058 4538
1059 4491
1060 4536
1061 4492
1062 4488
1063 4536
1064 4485
1065 4537
1066 4485
1067 4544
1068 4993
1069 4992
1070 4543
1071 4664
1072 4542
1073 4543
1074 4574
1075 4640
1076 4572
1077 4574
1078 4664
1079 4664
1080 4556
1081 4843
1082 4564
1083 4565
1084 4542
1085 4542
1086 4941
1087 4668
1088 4942
1089 4582
1090 4570
1091 4571
1092 4571
1093 4570
1094 4575
1095 4575
1096 4638
1097 4638
1098 4663
1099 4996
1100 4638
1101 4998
1102 4661
1103 4996
1104 4599
1105 4599
1106 4561
1107 4943
1108 4582
1109 4946
1110 4938
1111 4582
1112 4591
1113 4591
1114 4572
1115 4572
1116 4592
1117 4591
1118 4572
1119 4846
1120 4847
1121 4643
1122 4601
1123 4598
1124 4614
1125 4947
1126 4945
1127 4612
1128 4944
1129 4612
1130 4612
1131 4945
1132 4612
1133 4612
1134 4944
1135 5002
1136 4590
1137 6564
1138 6561
1139 3148
1140 3148
1141 4431
1142 4839
1143 4464
1144 4445
1145 4517
1146 4523
1147 4655
1148 4495
1149 4538
1150 4555
1151 4661
1152 4664
1153 4661
1154 4586
1155 4585
1156 4603
1157 4561
1158 4604
1159 5262
1160 1806
1161 3116
1162 4399
1163 3082
1164 3143
1165 3143
1166 3144
1167 4478
1168 4466
1169 4467
1170 4466
1171 4655
1172 4509
1173 4472
1174 4468
1175 4664
1176 4664
1177 4661
1178 4995
1179 4995
1180 4995
1181 4666
1182 4556
1183 4565
1184 4445
1185 4464
1186 4464
1187 4447
1188 1350
1189 1423
1190 3064
1191 2855
1192 3031
1193 1672
1194 1734
1195 931
1196 4877
1197 628
1198 5305
1199 4904
1200 4718
1201 4240
1202 893
1203 6331
1204 1334
1205 1335
1206 858
1207 1206
1208 913
1209 3082
1210 3082
1211 6475
1212 3014
1213 3687
1214 298
1215 257
1216 257
1217 829
1218 829
1219 3732
1220 3738
1221 3143
1222 3143
1223 884
1224 6562
1225 4398
1226 3143
1227 3149
1228 4354
1229 4423
1230 4352
1231 6281
1232 4883
1233 6280
1234 4870
1235 4187
1236 6273
1237 3684
1238 102
1239 3046
1240 142
1241 144
1242 142
1243 148
1244 142
1245 55
1246 4153
1247 4153
1248 4379
1249 4380
1250 3497
1251 6484
1252 4185
1253 5357
1254 2970
1255 3028
1256 2965
1257 2965
1258 4901
1259 4901
1260 1580
1261 1580
1262 5262
1263 4354
1264 1732
1265 1705
1266 1423
1267 1671
1268 4883
1269 4882
1270 4883
1271 2821
1272 2821
1273 6436
1274 4952
1275 5264
1276 6382
1277 3143
1278 3143
1279 3867
1280 3867
1281 1392
1282 789
1283 789
1284 789
1285 627
1286 627
1287 1311
1288 1315
1289 711
1290 819
1291 153
1292 586
1293 1319
1294 440
1295 452
1296 440
1297 3685
1298 3811
1299 3811
1300 3811
1301 303
1302 3887
1303 3161
1304 3887
1305 829
1306 3815
1307 3869
1308 445
1309 3738
1310 4791
1311 4881
1312 3611
1313 3867
1314 4277
1315 4881
1316 144
1317 144
1318 144
1319 3867
1320 3867
1321 5260
1322 5260
1323 1423
1324 1349
1325 2852
1326 6315
1327 6315
1328 3065
1329 4718
1330 4240
1331 3608
1332 4740
1333 6477
1334 2853
1335 4740
1336 600
1337 600
1338 3153
1339 2922
1340 4873
1341 4819
1342 4873
1343 4977
1344 3506
1345 4740
1346 5305
1347 1314
1348 752
1349 2971
1350 2965
1351 2971
1352 2965
1353 3081
1354 3143
1355 629
1356 629
1357 1557
1358 1557
1359 1540
1360 3149
1361 4692
1362 4349
1363 4692
1364 4983
1365 4362
1366 4645
1367 4839
1368 4391
1369 4484
1370 4994
1371 4996
1372 4589
1373 4560
1374 4602
1375 4846
1376 4277
1377 4277
1378 4881
1379 4881
1380 1723
1381 4854
1382 4854
1383 1646
1384 4882
1385 4854
1386 6281
1387 4116
1388 4878
1389 4881
1390 4116
1391 4277
1392 4116
1393 4881
1394 4881
1395 6281
1396 4854
1397 4854
1398 6281
1399 4880
1400 4873
1401 5292
1402 5293
1403 6446
1404 4912
1405 6282
1406 6282
1407 4880
1408 4880
1409 1593
1410 4888
1411 1734
1412 1608
1413 1675
1414 4901
1415 629
1416 629
1417 5304
1418 1393
1419 1390
1420 694
1421 3495
1422 1608
1423 1608
1424 694
1425 3495
1426 2852
1427 3737
1428 4889
1429 4816
1430 1678
1431 1310
1432 1315
1433 4980
1434 5333
1435 5359
1436 5359
1437 5356
1438 1692
1439 629
1440 4977
1441 4917
1442 4917
1443 4873
1444 4880
1445 4873
1446 5234
1447 4808
1448 2870
1449 4737
1450 4144
1451 3082
1452 1807
1453 4971
1454 3500
1455 4431
1456 4838
1457 4335
1458 4359
1459 4359
1460 4335
1461 4363
1462 4335
1463 4464
1464 4638
1465 4575
1466 4578
1467 4638
1468 4565
1469 4638
1470 4575
1471 4946
1472 4595
1473 4641
1474 4595
1475 3148
1476 6510
1477 5260
1478 4354
1479 6572
1480 6566
1481 4826
1482 4826
1483 1350
1484 2853
1485 2853
1486 3033
1487 1732
1488 1660
1489 1623
1490 1948
1491 1659
1492 1706
1493 3065
1494 6311
1495 3032
1496 2854
1497 3152
1498 3143
1499 4298
1500 4354
1501 4354
1502 627
1503 6440
1504 6446
1505 4880
1506 4880
1507 1310
1508 4917
1509 6354
1510 4977
1511 4953
1512 4808
1513 4143
1514 882
1515 3105
1516 1805
1517 4464
1518 4445
1519 4468
1520 4509
1521 4522
1522 4489
1523 4491
1524 4535
1525 4661
1526 4664
1527 4661
1528 4942
1529 4943
1530 4941
1531 4947
1532 4619
1533 3143
1534 3146
1535 148
1536 627
1537 627
1538 4123
1539 5266
1540 5260
1541 6282
1542 6282
1543 627
1544 4904
1545 4904
1546 5058
1547 5432
1548 5432
1549 5058
1550 5058
1551 5432
1552 5058
1553 5432
1554 5432
1555 5058
1556 5432
1557 5432
1558 5432
1559 5432
1560 5058
1561 5061
1562 5061
1563 5058
1564 5211
1565 4114
1566 5041
1567 5066
1568 5069
1569 5407
1570 5060
1571 5069
1572 5069
1573 5039
1574 5161
1575 5069
1576 5039
1577 5039
1578 5058
1579 5407
1580 5060
1581 5058
1582 5432
1583 5432
1584 5432
1585 5432
1586 5432
1587 5432
1588 5432
1589 5432
1590 5432
1591 5432
1592 5432
1593 5069
1594 5061
1595 5061
1596 5069
1597 5069
1598 5407
1599 5058
1600 5060
1601 5060
1602 5058
1603 2060
1604 5060
1605 5060
1606 5069
1607 2108
1608 5039
1609 2060
1610 5070
1611 2108
1612 5069
1613 5086
1614 5066
1615 5066
1616 5086
1617 5066
1618 5086
1619 4276
1620 4276
1621 4276
1622 4276
1623 1943
1624 5039
1625 5039
1626 1943
1627 1940
1628 1943
1629 1943
1630 2286
1631 4869
1632 4868
1633 4868
1634 4868
1635 4868
1636 4868
1637 4869
1638 4868
1639 4790
1640 4276
1641 4276
1642 4276
1643 1940
1644 1940
1645 4115
1646 4114
1647 4276
1648 4115
1649 4115
1650 4276
1651 4276
1652 4115
1653 4276
1654 4276
1655 5086
1656 1937
1657 1940
1658 1937
1659 1937
1660 1940
1661 4114
1662 4114
1663 4114
1664 4276
1665 4114
1666 5086
1667 4869
1668 4871
1669 4871
1670 4868
1671 4871
1672 4871
1673 4117
1674 4871
1675 4869
1676 4868
1677 4868
1678 4869
1679 4871
1680 4871
1681 4790
1682 5109
1683 4868
1684 4276
1685 5058
1686 5432
1687 5432
1688 5058
1689 5432
1690 5432
1691 5407
1692 5058
1693 5432
1694 4114
1695 5211
1696 4276
1697 4790
1698 4276
1699 1943
1700 1940
1701 5066
1702 5066
1703 4115
1704 4868
1705 4790
1706 4276
1707 4868
1708 4868
1709 4871
1710 5149
1711 4790
1712 4868
1713 4276
1714 4871
1715 4868
1716 4869
1717 4868
1718 4871
1719 4871
1720 4868
1721 5058
1722 5060
1723 2286
1724 1943
1725 4114
1726 5058
1727 5432
1728 2060
1729 5407
1730 5069
1731 4115
1732 4114
1733 4276
1734 4871
1735 4868
1736 1940
1737 4883
1738 1940
1739 4276
1740 1937
1741 5432
1742 5069
1743 5211
1744 5211
1745 4868
1746 4868
1747 4115
1748 4868
1749 4868
1750 5432
1751 4115
1752 5066
1753 213
1754 3687
1755 3734
1756 4267
1757 2852
1758 1671
1759 1393
1760 1392
1761 4905
1762 4905
1763 1675
1764 6249
1765 6249
1766 6249
1767 1254
1768 600
1769 688
1770 3641
1771 3641
1772 3641
1773 3641
1774 3641
1775 6249
1776 6248
1777 3947
1778 3641
1779 4752
1780 4893
1781 4893
1782 4752
1783 2871
1784 4893
1785 2871
1786 6331
1787 4179
1788 4179
1789 6331
1790 4429
1791 4179
1792 4429
1793 1254
1794 4175
1795 4737
1796 691
1797 1348
1798 3079
1799 4958
1800 3079
1801 4899
1802 2845
1803 924
1804 2823
1805 2823
1806 2823
1807 1335
1808 298
1809 3867
1810 3161
1811 3615
1812 295
1813 295
1814 3045
1815 282
1816 3869
1817 3867
1818 3161
1819 226
1820 226
1821 102
1822 103
1823 55
1824 55
1825 148
1826 283
1827 295
1828 295
1829 49
1830 6354
1831 6354
1832 49
1833 55
1834 4187
1835 4187
1836 6502
1837 5344
1838 5333
1839 6470
1840 6448
1841 363
1842 6354
1843 6358
1844 6358
1845 6440
1846 6446
1847 6446
1848 6446
1849 102
1850 96
1851 96
1852 49
1853 49
1854 98
1855 96
1856 49
1857 49
1858 6446
1859 6446
1860 4917
1861 141
1862 142
1863 144
1864 140
1865 1311
1866 789
1867 1315
1868 6441
1869 2821
1870 5335
1871 4918
1872 140
1873 139
1874 4917
1875 4977
1876 6359
1877 6440
1878 6440
1879 6440
1880 6446
1881 141
1882 96
1883 6358
1884 54
1885 55
1886 55
1887 100
1888 97
1889 97
1890 140
1891 54
1892 6440
1893 144
1894 295
1895 295
1896 139
1897 139
1898 4912
1899 174
1900 1937
1901 6359
1902 6359
1903 1678
1904 6282
1905 332
1906 31
1907 1993
1908 1993
1909 4276
1910 1940
1911 5039
1912 5039
1913 5069
1914 5039
1915 5039
1916 5039
1917 5039
1918 2623
1919 2622
1920 2622
1921 2623
1922 2619
1923 2622
1924 2619
1925 2618
1926 2619
1927 2619
1928 2618
1929 2623
1930 2620
1931 2623
1932 2623
1933 2623
1934 2623
1935 2619
1936 2623
1937 2618
1938 2619
1939 2623
1940 2622
1941 2618
1942 2610
1943 2619
1944 2622
1945 2619
1946 5432
1947 5432
1948 5432
1949 2623
1950 2623
1951 2610
1952 2610
1953 5432
1954 5432
1955 5432
1956 2623
1957 2610
1958 2623
1959 2623
1960 2623
1961 2622
1962 2622
1963 2623
1964 5432
1965 5432
1966 5432
1967 2623
1968 5432
1969 2619
1970 2619
1971 5432
1972 2610
1973 5432
1974 5432
1975 2610
1976 5432
1977 5432
1978 5432
1979 2619
1980 5432
1981 2576
1982 2562
1983 2576
1984 2560
1985 2524
1986 2526
1987 2523
1988 2501
1989 2461
1990 2576
1991 2461
1992 2452
1993 2452
1994 2445
1995 2452
1996 2461
1997 2561
1998 2450
1999 2450
2000 2560
2001 2563
2002 2523
2003 2526
2004 2461
2005 2560
2006 2572
2007 2569
2008 2524
2009 2563
2010 2461
2011 2461
2012 2576
2013 2676
2014 2676
2015 2687
2016 2644
2017 2676
2018 2675
2019 2643
2020 2675
2021 2680
2022 2515
2023 2680
2024 2524
2025 2643
2026 2675
2027 5913
2028 5886
2029 5909
2030 5913
2031 2644
2032 2643
2033 2643
2034 2675
2035 2676
2036 2676
2037 5913
2038 5909
2039 5909
2040 5913
2041 2461
2042 2465
2043 2445
2044 2445
2045 2452
2046 2452
2047 2461
2048 2465
2049 2563
2050 2576
2051 2559
2052 2559
2053 2562
2054 2562
2055 2445
2056 2445
2057 2445
2058 2445
2059 2640
2060 2636
2061 2559
2062 2461
2063 2461
2064 2559
2065 2675
2066 2644
2067 5912
2068 5913
2069 2524
2070 2679
2071 2676
2072 2675
2073 2643
2074 2445
2075 2563
2076 2526
2077 2526
2078 2560
2079 2523
2080 2524
2081 2572
2082 2562
2083 2563
2084 2572
2085 2563
2086 2560
2087 2644
2088 2643
2089 2640
2090 2515
2091 2515
2092 2680
2093 2676
2094 2524
2095 2526
2096 2515
2097 2675
2098 2643
2099 2643
2100 2640
2101 2640
2102 2640
2103 2640
2104 2641
2105 2641
2106 2640
2107 2643
2108 2640
2109 2640
2110 2640
2111 2643
2112 2640
2113 2560
2114 2559
2115 2576
2116 2559
2117 2445
2118 2445
2119 2445
2120 2680
2121 2679
2122 2445
2123 5873
2124 5826
2125 5826
2126 5873
2127 2445
2128 5826
2129 5838
2130 2445
2131 2445
2132 2445
2133 2445
2134 2451
2135 2445
2136 2461
2137 2452
2138 2452
2139 2445
2140 2445
2141 2445
2142 2445
2143 2523
2144 2524
2145 5886
2146 5913
2147 2641
2148 2641
2149 2559
2150 2559
2151 2526
2152 2445
2153 2445
2154 2445
2155 2445
2156 5889
2157 5913
2158 5913
2159 5873
2160 2445
2161 2445
2162 2445
2163 2445
2164 2445
2165 5851
2166 5909
2167 5853
2168 5826
2169 5877
2170 2515
2171 2523
2172 2515
2173 2451
2174 2465
2175 2559
2176 2523
2177 2445
2178 2445
2179 2445
2180 2526
2181 5855
2182 2675
2183 2676
2184 2676
2185 2675
2186 5852
2187 5852
2188 2445
2189 2445
2190 2445
2191 2445
2192 2517
2193 2465
2194 2465
2195 2676
2196 2675
2197 2679
2198 2445
2199 2501
2200 2679
2201 2675
2202 2675
2203 2675
2204 5873
2205 5913
2206 2640
2207 2643
2208 2640
2209 2643
2210 2679
2211 2679
2212 2524
2213 2525
2214 2445
2215 5905
2216 5905
2217 5912
2218 5912
2219 5913
2220 5912
2221 2523
2222 2445
2223 2515
2224 2524
2225 2560
2226 2679
2227 2676
2228 2643
2229 2675
2230 2640
2231 2524
2232 5905
2233 5905
2234 2643
2235 2640
2236 2572
2237 2524
2238 2525
2239 2565
2240 2515
2241 2640
2242 2620
2243 2620
2244 2619
2245 5905
2246 2445
2247 2445
2248 2526
2249 2572
2250 2559
2251 2570
2252 2526
2253 2559
2254 2515
2255 2679
2256 2515
2257 2515
2258 2445
2259 2445
2260 2445
2261 5826
2262 2445
2263 2445
2264 2525
2265 2680
2266 2563
2267 2563
2268 2452
2269 2445
2270 2445
2271 2445
2272 5905
2273 5905
2274 2445
2275 2452
2276 2445
2277 2445
2278 2450
2279 2643
2280 5912
2281 5905
2282 5905
2283 5905
2284 2676
2285 2524
2286 2620
2287 2560
2288 2576
2289 2445
2290 2452
2291 2445
2292 2445
2293 2445
2294 2445
2295 5905
2296 5905
2297 5905
2298 5905
2299 5905
2300 5905
2301 5905
2302 5905
2303 5905
2304 5905
2305 5905
2306 5905
2307 5905
2308 5905
2309 3266
2310 3266
2311 3266
2312 5905
2313 3266
2314 3266
2315 3266
2316 5905
2317 5905
2318 3266
2319 3266
2320 3266
2321 3266
2322 5905
2323 5905
2324 3266
2325 3266
2326 5905
2327 3266
2328 3266
2329 5905
2330 3266
2331 5905
2332 5905
2333 3266
2334 3266
2335 3266
2336 3266
2337 5905
2338 3266
2339 3266
2340 3266
2341 5905
2342 5905
2343 5905
2344 5905
2345 5905
2346 5905
2347 5905
2348 5905
2349 3266
2350 3266
2351 3266
2352 3266
2353 3266
2354 3266
2355 3266
2356 3266
2357 5905
2358 5905
2359 5905
2360 5905
2361 5905
2362 5905
2363 5905
2364 5905
2365 5905
2366 5905
2367 5913
2368 5857
2369 5826
2370 5913
2371 5826
2372 5826
2373 5905
2374 5905
2375 5913
2376 5905
2377 5905
2378 5913
2379 5838
2380 5851
2381 5826
2382 5913
2383 5853
2384 5853
2385 5913
2386 5913
2387 5913
2388 5913
2389 5913
2390 5905
2391 5905
2392 5905
2393 5905
2394 5905
2395 5905
2396 5905
2397 5905
2398 5905
2399 5905
2400 5853
2401 5905
2402 5905
2403 5905
2404 5905
2405 5905
2406 5905
2407 3266
2408 3266
2409 3266
2410 3266
2411 3266
2412 3266
2413 3266
2414 3266
2415 3266
2416 3266
2417 3266
2418 3266
2419 3266
2420 3266
2421 3266
2422 3266
2423 3266
2424 3266
2425 3266
2426 3266
2427 3266
2428 3266
2429 3266
2430 3266
2431 3266
2432 3266
2433 3266
2434 3266
2435 3266
2436 3266
2437 3266
2438 3266
2439 3266
2440 3266
2441 3266
2442 3266
2443 3266
2444 3266
2445 3266
2446 3266
2447 3266
2448 3266
2449 3266
2450 3266
2451 3266
2452 3266
2453 3266
2454 3266
2455 3266
2456 3266
2457 3266
2458 3266
2459 3266
2460 3266
2461 3266
2462 3266
2463 3266
2464 3266
2465 3266
2466 3266
2467 3266
2468 3266
2469 5905
2470 5913
2471 5913
2472 5912
2473 5905
2474 5913
2475 5913
2476 5905
2477 5905
2478 5909
2479 5852
2480 5826
2481 5826
2482 5877
2483 5913
2484 5905
2485 5868
2486 5913
2487 5913
2488 5873
2489 2445
2490 2445
2491 5826
2492 5873
2493 5826
2494 5826
2495 5868
2496 5884
2497 5892
2498 5886
2499 5852
2500 5909
2501 5905
2502 5905
2503 5913
2504 5912
2505 5909
2506 5912
2507 5905
2508 5905
2509 5905
2510 5826
2511 2445
2512 5905
2513 5905
2514 5913
2515 5905
2516 5905
2517 5905
2518 5905
2519 5905
2520 5905
2521 5905
2522 5905
2523 5905
2524 5905
2525 5905
2526 5905
2527 5905
2528 3266
2529 3266
2530 3266
2531 3266
2532 5905
2533 5905
2534 3266
2535 5905
2536 3266
2537 3266
2538 3266
2539 5905
2540 3266
2541 3266
2542 5905
2543 5905
2544 3266
2545 3266
2546 3266
2547 3266
2548 3266
2549 3266
2550 5905
2551 3266
2552 5905
2553 5905
2554 3266
2555 3266
2556 3266
2557 3266
2558 3266
2559 3266
2560 3266
2561 3266
2562 3266
2563 3266
2564 5905
2565 5905
2566 5905
2567 5905
2568 5905
2569 5905
2570 5905
2571 5905
2572 3266
2573 3266
2574 3266
2575 3266
2576 3266
2577 3266
2578 3266
2579 3266
2580 2445
2581 5867
2582 5826
2583 5826
2584 5853
2585 5867
2586 5826
2587 5826
2588 5867
2589 5867
2590 5826
2591 2445
2592 2445
2593 2445
2594 2445
2595 2452
2596 2445
2597 2445
2598 2452
2599 5826
2600 5867
2601 2445
2602 2445
2603 2445
2604 2445
2605 2452
2606 2445
2607 2445
2608 2445
2609 2445
2610 2445
2611 2452
2612 2452
2613 2445
2614 2445
2615 2445
2616 2445
2617 2445
2618 5826
2619 5868
2620 5852
2621 5853
2622 5867
2623 2445
2624 5867
2625 5852
2626 5868
2627 5868
2628 2452
2629 5868
2630 5868
2631 5853
2632 5852
2633 5868
2634 5868
2635 5884
2636 5877
2637 5884
2638 5884
2639 5877
2640 5877
2641 5877
2642 5892
2643 5887
2644 5913
2645 5905
2646 5905
2647 5913
2648 5913
2649 5913
2650 5913
2651 5913
2652 5913
2653 5905
2654 5913
2655 5913
2656 5913
2657 5905
2658 5905
2659 5913
2660 5913
2661 5913
2662 5905
2663 5905
2664 5913
2665 5913
2666 5905
2667 5913
2668 5913
2669 5909
2670 5884
2671 5905
2672 5905
2673 5905
2674 5905
2675 5913
2676 5913
2677 5913
2678 5913
2679 5905
2680 5905
2681 5877
2682 5892
2683 5884
2684 5913
2685 5884
2686 5886
2687 5913
2688 5913
2689 5913
2690 5913
2691 5913
2692 5913
2693 5905
2694 5905
2695 5913
2696 5913
2697 2452
2698 2461
2699 2461
2700 2461
2701 2563
2702 2563
2703 2563
2704 2563
2705 2461
2706 2461
2707 2563
2708 2465
2709 2465
2710 2450
2711 2450
2712 2450
2713 2465
2714 2465
2715 2450
2716 2452
2717 2452
2718 2445
2719 2445
2720 2445
2721 2445
2722 2452
2723 2452
2724 2445
2725 2452
2726 2445
2727 2452
2728 2445
2729 2445
2730 2445
2731 2445
2732 2452
2733 2465
2734 2452
2735 2445
2736 2445
2737 2452
2738 2445
2739 2445
2740 2452
2741 2452
2742 2465
2743 2465
2744 2445
2745 2445
2746 2445
2747 2452
2748 2445
2749 2445
2750 2452
2751 2445
2752 2445
2753 2445
2754 2461
2755 2450
2756 2465
2757 2452
2758 2465
2759 2452
2760 2452
2761 2452
2762 2452
2763 2452
2764 2452
2765 2445
2766 2445
2767 2445
2768 2445
2769 2445
2770 2450
2771 2465
2772 2562
2773 2572
2774 2526
2775 2559
2776 2562
2777 2465
2778 2560
2779 2126
2780 2126
2781 2125
2782 2181
2783 2126
2784 2126
2785 2126
2786 2126
2787 2145
2788 2145
2789 2145
2790 2126
2791 2145
2792 2125
2793 2125
2794 2181
2795 2126
2796 2125
2797 2125
2798 2145
2799 2126
2800 2126
2801 2126
2802 2126
2803 2145
2804 2145
2805 2126
2806 2126
2807 2126
2808 2145
2809 2145
2810 2125
2811 2125
2812 3687
2813 3934
2814 2126
2815 2125
2816 2181
2817 2181
2818 2125
2819 4879
2820 4901
2821 6282
2822 6282
2823 4826
2824 2854
2825 2953
2826 6310
2827 4380
2828 1697
2829 1423
2830 1350
2831 6477
2832 2853
2833 6482
2834 2854
2835 2854
2836 1350
2837 4380
2838 6311
2839 4871
2840 4871
2841 1668
2842 1671
2843 2857
2844 724
2845 2852
2846 893
2847 1668
2848 6310
2849 1235
2850 2907
2851 4882
2852 1753
2853 708
2854 708
2855 5222
2856 1213
2857 706
2858 1826
2859 589
2860 699
2861 5333
2862 700
2863 5358
2864 627
2865 1673
2866 1314
2867 627
2868 698
2869 6273
2870 6410
2871 2932
2872 3723
2873 5069
2874 2623
2875 303
2876 829
2877 829
2878 829
2879 3614
2880 3614
2881 3614
2882 303
2883 3039
2884 3807
2885 3661
2886 3795
2887 3795
2888 102
2889 102
2890 56
2891 56
2892 55
2893 137
2894 49
2895 4880
2896 4880
2897 4880
2898 4880
2899 4880
2900 4816
2901 788
2902 6440
2903 6440
2904 6440
2905 6359
2906 4875
2907 5304
2908 5014
2909 4175
2910 4174
2911 4429
2912 4175
2913 4211
2914 6487
2915 4737
2916 1254
2917 4173
2918 4737
2919 4737
2920 6331
2921 2871
2922 652
2923 652
2924 3076
2925 652
2926 685
2927 685
2928 4428
2929 4428
2930 6487
2931 4781
2932 3171
2933 4782
2934 4723
2935 4723
2936 3171
2937 3171
2938 5314
2939 782
2940 6447
2941 6352
2942 363
2943 363
2944 139
2945 244
2946 98
2947 49
2948 606
2949 5284
2950 4724
2951 3062
2952 1734
2953 1719
2954 1390
2955 1674
2956 1707
2957 1675
2958 1311
2959 788
2960 6467
2961 4123
2962 3078
2963 6502
2964 5324
2965 5285
2966 5285
2967 5285
2968 5282
2969 153
2970 4723
2971 5285
2972 3887
2973 3887
2974 626
2975 1691
2976 788
2977 6358
2978 1691
2979 629
2980 1691
2981 626
2982 1691
2983 629
2984 1691
2985 4873
2986 4873
2987 4873
2988 96
2989 629
2990 1692
2991 6358
2992 6358
2993 6358
2994 629
2995 6358
2996 244
2997 3067
2998 3067
2999 148
3000 139
3001 49
3002 49
3003 139
3004 144
3005 782
3006 5285
3007 1214
3008 4912
3009 139
3010 139
3011 138
3012 3738
3013 4276
3014 6456
3015 3029
3016 4239
3017 4238
3018 6482
3019 4210
3020 4379
3021 4752
3022 4211
3023 4379
3024 4380
3025 6476
3026 4217
3027 731
3028 1427
3029 4074
3030 2934
3031 2965
3032 2967
3033 2971
3034 2970
3035 2872
3036 592
3037 2970
3038 2872
3039 6456
3040 2997
3041 2997
3042 2997
3043 2931
3044 2931
3045 3949
3046 3557
3047 2716
3048 2716
3049 3599
3050 3608
3051 47
3052 46
3053 2164
3054 2117
3055 1991
3056 2698
3057 3608
3058 3599
3059 3732
3060 3732
3061 3902
3062 3737
3063 2965
3064 4698
3065 1753
3066 4074
3067 3813
3068 3608
3069 321
3070 31
3071 1993
3072 1993
3073 3810
3074 3934
3075 709
3076 2997
3077 2931
3078 3944
3079 752
3080 5260
3081 5261
3082 5264
3083 6572
3084 4143
3085 4144
3086 4103
3087 5264
3088 6566
3089 5260
3090 4103
3091 4144
3092 4345
3093 4402
3094 6385
3095 6566
3096 4346
3097 4175
3098 4959
3099 4959
3100 4429
3101 4175
3102 4346
3103 4406
3104 3501
3105 4405
3106 4144
3107 4958
3108 4953
3109 4953
3110 4955
3111 4148
3112 4104
3113 4899
3114 4148
3115 4144
3116 4152
3117 4820
3118 4820
3119 4820
3120 4953
3121 4105
3122 4174
3123 4175
3124 6477
3125 4447
3126 3089
3127 884
3128 6380
3129 5260
3130 5259
3131 3082
3132 864
3133 6566
3134 5261
3135 3143
3136 4143
3137 4143
3138 4152
3139 4345
3140 3501
3141 3501
3142 3160
3143 1804
3144 3152
3145 2922
3146 1804
3147 3160
3148 863
3149 1206
3150 3079
3151 1348
3152 3477
3153 3477
3154 2871
3155 2845
3156 1348
3157 2871
3158 4103
3159 6342
3160 3477
3161 3557
3162 3949
3163 2164
3164 3889
3165 2126
3166 2716
3167 2165
3168 3732
3169 3738
3170 3143
3171 3737
3172 3095
3173 3505
3174 4618
3175 4618
3176 6584
3177 6588
3178 4616
3179 4620
3180 4611
3181 4611
3182 6578
3183 6578
3184 4611
3185 6579
3186 4611
3187 5003
3188 6579
3189 4609
3190 6577
3191 4644
3192 4621
3193 6587
3194 6583
3195 6583
3196 6584
3197 4618
3198 6605
3199 6605
3200 6594
3201 6581
3202 6721
3203 6595
3204 6721
3205 6721
3206 6579
3207 6595
3208 6597
3209 6605
3210 6582
3211 6664
3212 6664
3213 6664
3214 6664
3215 6701
3216 6701
3217 6626
3218 6626
3219 6661
3220 6664
3221 6664
3222 6664
3223 6696
3224 6696
3225 6680
3226 6680
3227 6664
3228 6664
3229 6664
3230 6664
3231 6690
3232 6680
3233 6689
3234 6626
3235 6689
3236 6697
3237 6680
3238 6689
3239 6690
3240 6626
3241 6626
3242 6701
3243 6664
3244 6664
3245 6664
3246 6664
3247 6626
3248 6661
3249 6626
3250 6701
3251 6661
3252 6701
3253 6664
3254 6664
3255 6664
3256 6664
3257 6664
3258 6664
3259 6664
3260 6664
3261 6664
3262 6664
3263 6664
3264 6664
3265 6664
3266 6664
3267 6696
3268 6689
3269 6664
3270 6664
3271 6661
3272 6664
3273 6664
3274 6664
3275 6664
3276 6664
3277 6689
3278 6664
3279 6716
3280 6697
3281 6697
3282 6715
3283 6697
3284 6680
3285 6680
3286 6680
3287 6697
3288 6680
3289 6716
3290 6697
3291 6716
3292 6715
3293 6626
3294 6762
3295 6626
3296 6697
3297 6762
3298 6680
3299 6664
3300 6701
3301 6664
3302 6661
3303 6689
3304 6626
3305 6664
3306 6664
3307 6661
3308 6664
3309 6664
3310 6697
3311 6697
3312 6664
3313 6715
3314 6680
3315 6758
3316 6755
3317 6680
3318 6753
3319 6587
3320 4622
3321 4622
3322 6589
3323 6574
3324 6605
3325 6582
3326 6576
3327 6593
3328 6720
3329 6720
3330 6720
3331 6722
3332 6603
3333 6600
3334 6601
3335 6601
3336 6756
3337 6748
3338 6767
3339 6769
3340 6837
3341 6765
3342 6806
3343 6765
3344 6806
3345 6807
3346 6806
3347 6807
3348 6797
3349 6807
3350 6748
3351 6819
3352 6763
3353 6769
3354 6748
3355 6769
3356 6844
3357 6806
3358 6838
3359 6769
3360 6837
3361 6843
3362 6837
3363 6843
3364 6774
3365 6800
3366 6800
3367 6805
3368 6831
3369 6830
3370 6733
3371 6788
3372 6810
3373 6788
3374 6815
3375 6732
3376 6732
3377 6817
3378 6817
3379 6834
3380 6724
3381 6598
3382 6780
3383 6728
3384 6728
3385 6780
3386 6788
3387 6793
3388 6790
3389 6785
3390 6604
3391 6724
3392 6604
3393 6835
3394 6791
3395 6607
3396 6784
3397 6821
3398 6845
3399 6733
3400 6728
3401 6869
3402 6779
3403 6853
3404 6780
3405 6778
3406 6772
3407 6853
3408 6857
3409 6781
3410 6779
3411 6781
3412 6779
3413 6784
3414 6791
3415 6608
3416 6607
3417 6725
3418 6727
3419 6808
3420 6831
3421 6796
3422 6795
3423 6788
3424 6788
3425 6788
3426 6785
3427 6784
3428 6775
3429 6775
3430 6782
3431 6775
3432 6602
3433 6602
3434 6600
3435 6722
3436 6723
3437 6772
3438 6807
3439 6847
3440 6848
3441 6856
3442 6849
3443 6850
3444 6851
3445 6828
3446 6862
3447 6855
3448 6865
3449 6826
3450 6867
3451 6828
3452 6789
3453 6812
3454 6827
3455 6825
3456 6825
3457 6813
3458 6813
3459 6813
3460 6775
3461 6782
3462 6782
3463 6789
3464 6827
3465 6789
3466 6789
3467 6775
3468 6775
3469 6723
3470 3732
3471 4314
3472 4993
3473 4635
3474 4993
3475 4346
3476 4828
3477 6315
3478 6477
3479 5260
3480 3044
3481 858
3482 4294
3483 637
3484 4144
3485 3641
3486 3641
3487 3641
3488 3641
3489 3641
3490 3641
3491 3641
3492 3641
3493 3641
3494 3641
3495 4074
3496 6343
3497 1754
3498 2949
3499 2747
3500 600
3501 4682
3502 6486
3503 652
3504 4825
3505 3508
3506 3029
3507 652
3508 3482
3509 2853
3510 861
3511 6311
3512 2164
3513 2118
3514 2165
3515 2181
3516 2125
3517 2126
3518 2705
3519 2118
3520 2743
3521 2705
3522 2740
3523 2768
3524 26
3525 113
3526 113
3527 26
3528 2117
3529 2117
3530 1993
3531 1993
3532 2165
3533 2124
3534 2181
3535 2165
3536 2117
3537 1991
3538 2164
3539 2118
3540 2165
3541 2125
3542 2125
3543 2165
3544 2118
3545 2164
3546 2164
3547 2164
3548 2165
3549 2124
3550 2126
3551 2124
3552 2719
3553 2768
3554 2716
3555 2716
3556 2117
3557 2716
3558 2010
3559 1991
3560 2714
3561 357
3562 339
3563 357
3564 31
3565 339
3566 3560
3567 3555
3568 46
3569 47
3570 3560
3571 47
3572 46
3573 46
3574 47
3575 2769
3576 2716
3577 2769
3578 2768
3579 2768
3580 2768
3581 2768
3582 2768
3583 2768
3584 2768
3585 2768
3586 2719
3587 2747
3588 2716
3589 2716
3590 2747
3591 2768
3592 2716
3593 2716
3594 2769
3595 2768
3596 332
3597 2768
3598 2719
3599 332
3600 31
3601 31
3602 2719
3603 321
3604 31
3605 31
3606 31
3607 2716
3608 31
3609 31
3610 31
3611 418
3612 275
3613 419
3614 3555
3615 3557
3616 2181
3617 2126
3618 2181
3619 2126
3620 2126
3621 2125
3622 1993
3623 2705
3624 2117
3625 2118
3626 2118
3627 2165
3628 2165
3629 2117
3630 2125
3631 2164
3632 2165
3633 2181
3634 2126
3635 2126
3636 2126
3637 2126
3638 2126
3639 2126
3640 2126
3641 2126
3642 2126
3643 2126
3644 2117
3645 2705
3646 2125
3647 2705
3648 2755
3649 3789
3650 339
3651 357
3652 3522
3653 3750
3654 3774
3655 3773
3656 3522
3657 3690
3658 3523
3659 3667
3660 3764
3661 3668
3662 3777
3663 3757
3664 3898
3665 3777
3666 3751
3667 2740
3668 350
3669 2705
3670 3683
3671 3683
3672 6250
3673 2759
3674 6250
3675 3683
3676 2755
3677 2705
3678 3683
3679 3683
3680 5240
3681 5240
3682 3683
3683 5240
3684 385
3685 3891
3686 3668
3687 3668
3688 5240
3689 3683
3690 5240
3691 3683
3692 5240
3693 5240
3694 3782
3695 5240
3696 385
3697 3692
3698 3695
3699 3764
3700 2162
3701 2118
3702 2164
3703 2125
3704 2755
3705 1993
3706 6250
3707 3683
3708 5243
3709 5243
3710 3683
3711 5240
3712 385
3713 3764
3714 3691
3715 5242
3716 3695
3717 3691
3718 3899
3719 3890
3720 4019
3721 4021
3722 3899
3723 3890
3724 3766
3725 3889
3726 3608
3727 3777
3728 3524
3729 3527
3730 4022
3731 3889
3732 3786
3733 3786
3734 3898
3735 3690
3736 3891
3737 3695
3738 3695
3739 2164
3740 2126
3741 2126
3742 2126
3743 2126
3744 2126
3745 2126
3746 2126
3747 2126
3748 2763
3749 2744
3750 2711
3751 2010
3752 2164
3753 2165
3754 2164
3755 31
3756 26
3757 227
3758 1993
3759 2759
3760 2705
3761 3683
3762 5240
3763 3782
3764 3782
3765 3781
3766 3781
3767 3692
3768 3766
3769 3889
3770 2119
3771 2125
3772 2734
3773 2768
3774 2768
3775 2715
3776 2715
3777 227
3778 113
3779 3843
3780 3776
3781 5240
3782 5240
3783 5240
3784 5240
3785 5240
3786 5240
3787 1993
3788 2117
3789 2010
3790 31
3791 31
3792 31
3793 31
3794 3552
3795 3552
3796 3608
3797 3777
3798 2162
3799 2164
3800 2162
3801 2165
3802 2768
3803 1991
3804 2714
3805 2698
3806 1991
3807 3668
3808 3777
3809 3757
3810 3899
3811 3766
3812 3690
3813 3690
3814 3690
3815 3695
3816 3757
3817 3777
3818 3552
3819 3552
3820 2162
3821 2164
3822 2164
3823 2165
3824 2164
3825 2118
3826 2164
3827 2164
3828 2165
3829 2125
3830 2124
3831 2125
3832 2165
3833 2164
3834 2164
3835 2164
3836 2125
3837 2165
3838 2126
3839 3599
3840 3599
3841 2768
3842 2126
3843 2705
3844 2118
3845 2164
3846 2117
3847 1993
3848 2126
3849 2126
3850 2126
3851 2126
3852 2126
3853 2126
3854 2126
3855 2165
3856 2125
3857 2125
3858 2181
3859 2125
3860 2164
3861 1993
3862 2117
3863 1993
3864 413
3865 3679
3866 414
3867 414
3868 274
3869 274
3870 5243
3871 5243
3872 5243
3873 5243
3874 5243
3875 5243
3876 5243
3877 5243
3878 5243
3879 3880
3880 5243
3881 6250
3882 6251
3883 3683
3884 3618
3885 414
3886 3776
3887 413
3888 3781
3889 3784
3890 3683
3891 3683
3892 3781
3893 3781
3894 3930
3895 3624
3896 3784
3897 3784
3898 3683
3899 3683
3900 3692
3901 3692
3902 3693
3903 3670
3904 414
3905 414
3906 414
3907 3705
3908 3846
3909 2126
3910 46
3911 47
3912 1993
3913 1993
3914 1993
3915 1993
3916 2126
3917 3693
3918 3766
3919 3889
3920 3898
3921 3898
3922 2117
3923 2117
3924 2165
3925 2716
3926 2164
3927 2118
3928 2164
3929 2117
3930 2125
3931 2126
3932 2125
3933 2124
3934 3777
3935 3777
3936 2698
3937 1991
3938 3682
3939 3683
3940 3683
3941 3682
3942 3608
3943 3898
3944 3898
3945 2164
3946 2164
3947 2126
3948 332
3949 2716
3950 3597
3951 2165
3952 5243
3953 3683
3954 3683
3955 3880
3956 5243
3957 5243
3958 5243
3959 5243
3960 3880
3961 3683
3962 5243
3963 5243
3964 5243
3965 5243
3966 5243
3967 5243
3968 5243
3969 5243
3970 5243
3971 5243
3972 3670
3973 3670
3974 5243
3975 5243
3976 3683
3977 5243
3978 3683
3979 3683
3980 3680
3981 3683
3982 3679
3983 3680
3984 5243
3985 5243
3986 5243
3987 5243
3988 3683
3989 3683
3990 3683
3991 3683
3992 3679
3993 3682
3994 3682
3995 3682
3996 3679
3997 3682
3998 3679
3999 3679
4000 3682
4001 3679
4002 3682
4003 3679
4004 3679
4005 3682
4006 3670
4007 3683
4008 3679
4009 3670
4010 414
4011 414
4012 5243
4013 3683
4014 3670
4015 3683
4016 3680
4017 3679
4018 3683
4019 3670
4020 3670
4021 3670
4022 3670
4023 3679
4024 3680
4025 3682
4026 3683
4027 3679
4028 3682
4029 3682
4030 3683
4031 3682
4032 3683
4033 3683
4034 3683
4035 3683
4036 3683
4037 3683
4038 3683
4039 3683
4040 3683
4041 3683
4042 3683
4043 5243
4044 5243
4045 5243
4046 5243
4047 5243
4048 3683
4049 3683
4050 5243
4051 5243
4052 5243
4053 5243
4054 5243
4055 5243
4056 5243
4057 3880
4058 3732
4059 3732
4060 3611
4061 3896
4062 5243
4063 3683
4064 5243
4065 3683
4066 3683
4067 3683
4068 3683
4069 3683
4070 3683
4071 3683
4072 3697
4073 3696
4074 3696
4075 3699
4076 3718
4077 4312
4078 3470
4079 3470
4080 1220
4081 4786
4082 1213
4083 1213
4084 1213
4085 4698
4086 2931
4087 4237
4088 1834
4089 2932
4090 2884
4091 2889
4092 1244
4093 1213
4094 4315
4095 4315
4096 3723
4097 3944
4098 667
4099 4184
4100 4080
4101 6410
4102 4229
4103 4226
4104 2856
4105 4252
4106 2863
4107 1389
4108 1395
4109 2869
4110 1216
4111 1215
4112 1217
4113 1216
4114 1904
4115 1390
4116 2901
4117 2901
4118 1423
4119 1423
4120 1423
4121 6328
4122 5312
4123 5312
4124 5312
4125 5312
4126 4381
4127 3482
4128 1213
4129 3482
4130 1904
4131 2901
4132 2975
4133 2901
4134 628
4135 1389
4136 3482
4137 1213
4138 1215
4139 1753
4140 4718
4141 749
4142 4131
4143 6488
4144 6325
4145 6325
4146 4240
4147 4718
4148 6365
4149 6365
4150 6488
4151 6488
4152 4828
4153 4828
4154 1302
4155 4270
4156 1834
4157 4907
4158 1235
4159 6466
4160 2965
4161 3482
4162 1886
4163 1891
4164 4733
4165 4683
4166 5223
4167 4157
4168 2993
4169 2979
4170 774
4171 774
4172 2997
4173 2997
4174 1834
4175 3508
4176 4246
4177 4248
4178 4718
4179 3007
4180 3026
4181 4198
4182 6343
4183 4762
4184 4762
4185 3810
4186 3810
4187 3718
4188 3718
4189 3699
4190 3696
4191 6426
4192 6429
4193 5223
4194 744
4195 608
4196 1819
4197 1817
4198 4315
4199 3718
4200 1852
4201 1852
4202 1882
4203 1882
4204 1438
4205 2986
4206 2990
4207 1439
4208 1492
4209 1423
4210 762
4211 1418
4212 786
4213 753
4214 4294
4215 4270
4216 4270
4217 4762
4218 3730
4219 4312
4220 3720
4221 3808
4222 4294
4223 821
4224 2901
4225 2900
4226 2974
4227 2978
4228 2974
4229 2981
4230 3699
4231 3737
4232 3944
4233 829
4234 829
4235 829
4236 829
4237 3029
4238 696
4239 6456
4240 6456
4241 2993
4242 2985
4243 2990
4244 2985
4245 774
4246 2993
4247 2979
4248 2979
4249 757
4250 2901
4251 2975
4252 2977
4253 4239
4254 4239
4255 4238
4256 4238
4257 2996
4258 3002
4259 1848
4260 1877
4261 1439
4262 2895
4263 2990
4264 1439
4265 2974
4266 2977
4267 2975
4268 2975
4269 4313
4270 3725
4271 4315
4272 2993
4273 1869
4274 1273
4275 773
4276 2901
4277 4171
4278 2901
4279 2901
4280 1432
4281 2975
4282 738
4283 1258
4284 1490
4285 1758
4286 1194
4287 1423
4288 1757
4289 1758
4290 690
4291 3896
4292 3896
4293 3697
4294 3696
4295 3475
4296 1980
4297 906
4298 1796
4299 3738
4300 3738
4301 3896
4302 3896
4303 1793
4304 1796
4305 3732
4306 3697
4307 3696
4308 3732
4309 3732
4310 3475
4311 1796
4312 3733
4313 3896
4314 3896
4315 3732
4316 677
4317 3502
4318 1205
4319 6571
4320 5268
4321 5268
4322 6382
4323 5268
4324 863
4325 3160
4326 6306
4327 6306
4328 4103
4329 4103
4330 660
4331 3154
4332 1192
4333 1228
4334 947
4335 1365
4336 1160
4337 902
4338 849
4339 849
4340 902
4341 4179
4342 685
4343 685
4344 685
4345 691
4346 2871
4347 1348
4348 2925
4349 917
4350 1335
4351 1335
4352 937
4353 1795
4354 2919
4355 2919
4356 6569
4357 4350
4358 1446
4359 5263
4360 1321
4361 1229
4362 1205
4363 1480
4364 3130
4365 863
4366 863
4367 3103
4368 858
4369 1769
4370 3507
4371 858
4372 1489
4373 940
4374 6498
4375 1196
4376 6325
4377 3015
4378 1236
4379 4910
4380 6390
4381 4270
4382 4294
4383 4398
4384 4352
4385 4366
4386 4368
4387 902
4388 902
4389 902
4390 902
4391 1228
4392 3129
4393 1228
4394 1161
4395 1516
4396 4647
4397 4366
4398 855
4399 1335
4400 2926
4401 2925
4402 4682
4403 4737
4404 4893
4405 4428
4406 4428
4407 2852
4408 4380
4409 6315
4410 6315
4411 3505
4412 6366
4413 4238
4414 1253
4415 4718
4416 4270
4417 6343
4418 3475
4419 4758
4420 4693
4421 4646
4422 4646
4423 846
4424 4683
4425 4678
4426 4770
4427 4129
4428 2997
4429 2932
4430 1022
4431 902
4432 852
4433 851
4434 849
4435 4646
4436 4322
4437 4323
4438 4707
4439 4384
4440 4356
4441 1514
4442 4419
4443 1229
4444 852
4445 852
4446 902
4447 902
4448 832
4449 4365
4450 1207
4451 4324
4452 4707
4453 4757
4454 4757
4455 1230
4456 1230
4457 849
4458 833
4459 849
4460 1230
4461 899
4462 899
4463 962
4464 962
4465 898
4466 897
4467 897
4468 898
4469 898
4470 897
4471 897
4472 900
4473 871
4474 1361
4475 1362
4476 900
4477 4837
4478 4837
4479 4356
4480 4384
4481 1040
4482 1040
4483 4420
4484 4419
4485 4419
4486 4419
4487 4420
4488 4420
4489 4419
4490 4419
4491 4421
4492 4421
4493 4421
4494 4419
4495 4421
4496 4419
4497 4419
4498 1521
4499 989
4500 1040
4501 1040
4502 989
4503 1169
4504 1169
4505 1521
4506 1521
4507 1458
4508 967
4509 934
4510 934
4511 4623
4512 4623
4513 4623
4514 4623
4515 989
4516 1460
4517 967
4518 990
4519 4623
4520 4626
4521 4623
4522 4626
4523 4626
4524 4626
4525 4626
4526 4626
4527 4626
4528 4626
4529 1521
4530 1169
4531 1038
4532 1521
4533 1062
4534 1061
4535 1521
4536 1522
4537 995
4538 1061
4539 1061
4540 1063
4541 1062
4542 1063
4543 998
4544 995
4545 1063
4546 1063
4547 1061
4548 997
4549 997
4550 1061
4551 1060
4552 1060
4553 1524
4554 1062
4555 1524
4556 1524
4557 1151
4558 1524
4559 1151
4560 1474
4561 1110
4562 1126
4563 1113
4564 1078
4565 1078
4566 1524
4567 1524
4568 1527
4569 1151
4570 1078
4571 1527
4572 1074
4573 1074
4574 1087
4575 1371
4576 1151
4577 1151
4578 1087
4579 1087
4580 1110
4581 1466
4582 1528
4583 1089
4584 1155
4585 1155
4586 1466
4587 1466
4588 1527
4589 1466
4590 1112
4591 1373
4592 1373
4593 1117
4594 1074
4595 1089
4596 1373
4597 1373
4598 1127
4599 1126
4600 1126
4601 1375
4602 1130
4603 1126
4604 1127
4605 3181
4606 3180
4607 1130
4608 1135
4609 1133
4610 1133
4611 1129
4612 1128
4613 1128
4614 1375
4615 1105
4616 1124
4617 1532
4618 1123
4619 1375
4620 1532
4621 1120
4622 3180
4623 883
4624 3143
4625 884
4626 6561
4627 4322
4628 4365
4629 1514
4630 1361
4631 4623
4632 990
4633 1169
4634 997
4635 1050
4636 1524
4637 1153
4638 1153
4639 1175
4640 1074
4641 1103
4642 1373
4643 1119
4644 1120
4645 823
4646 863
4647 1205
4648 858
4649 3082
4650 3080
4651 3080
4652 3143
4653 990
4654 933
4655 933
4656 933
4657 990
4658 1458
4659 1458
4660 990
4661 1151
4662 1527
4663 1175
4664 1078
4665 1078
4666 1078
4667 1153
4668 1153
4669 1524
4670 852
4671 852
4672 898
4673 898
4674 1197
4675 644
4676 4155
4677 4245
4678 4248
4679 4246
4680 4155
4681 4184
4682 4184
4683 4155
4684 1848
4685 1888
4686 4239
4687 4240
4688 4718
4689 2871
4690 2823
4691 2925
4692 1335
4693 863
4694 4240
4695 4718
4696 3808
4697 3687
4698 4314
4699 829
4700 829
4701 4314
4702 3732
4703 3738
4704 3143
4705 3143
4706 3143
4707 3130
4708 3082
4709 3080
4710 913
4711 1322
4712 947
4713 862
4714 1258
4715 1904
4716 1261
4717 1261
4718 3029
4719 6430
4720 3699
4721 4312
4722 4291
4723 4312
4724 3734
4725 1816
4726 814
4727 814
4728 2972
4729 4953
4730 4953
4731 4379
4732 4210
4733 4380
4734 4380
4735 3028
4736 6456
4737 3028
4738 3029
4739 3029
4740 3028
4741 1378
4742 2981
4743 2976
4744 1378
4745 948
4746 1478
4747 1737
4748 1737
4749 1763
4750 1763
4751 1389
4752 1388
4753 1261
4754 2990
4755 2985
4756 2985
4757 913
4758 3153
4759 3153
4760 3143
4761 4014
4762 3733
4763 2981
4764 2978
4765 2981
4766 2979
4767 774
4768 2980
4769 2993
4770 2981
4771 1216
4772 1218
4773 747
4774 1819
4775 6336
4776 1304
4777 1220
4778 1302
4779 3723
4780 3723
4781 4315
4782 3944
4783 3815
4784 829
4785 829
4786 3815
4787 3896
4788 3696
4789 3696
4790 2901
4791 4171
4792 3896
4793 3733
4794 4171
4795 2901
4796 4291
4797 4312
4798 5277
4799 3896
4800 3732
4801 948
4802 1322
4803 5226
4804 5226
4805 2852
4806 6315
4807 3527
4808 6487
4809 4825
4810 2853
4811 6477
4812 4893
4813 600
4814 858
4815 858
4816 1445
4817 6461
4818 6461
4819 6404
4820 6487
4821 6491
4822 4215
4823 5299
4824 4237
4825 3028
4826 3029
4827 4381
4828 4215
4829 3143
4830 1883
4831 1852
4832 1883
4833 1439
4834 3148
4835 837
4836 4350
4837 4349
4838 4758
4839 1228
4840 835
4841 834
4842 1061
4843 1524
4844 1465
4845 1118
4846 1113
4847 1130
4848 1120
4849 2901
4850 5229
4851 1378
4852 2901
4853 2900
4854 2901
4855 1389
4856 1261
4857 1389
4858 1258
4859 1261
4860 1904
4861 1904
4862 2901
4863 2900
4864 2900
4865 1378
4866 1378
4867 2900
4868 1389
4869 1389
4870 1261
4871 2901
4872 6462
4873 6404
4874 1884
4875 1853
4876 1850
4877 1891
4878 4204
4879 6362
4880 6362
4881 4756
4882 753
4883 1430
4884 1288
4885 2979
4886 785
4887 757
4888 1439
4889 774
4890 6395
4891 2977
4892 2979
4893 6417
4894 6274
4895 4242
4896 1288
4897 6274
4898 1437
4899 6365
4900 3699
4901 1505
4902 773
4903 1878
4904 1892
4905 1892
4906 2902
4907 896
4908 2935
4909 6466
4910 6410
4911 1443
4912 6404
4913 5311
4914 1854
4915 6405
4916 6461
4917 6404
4918 6462
4919 1980
4920 906
4921 4678
4922 4087
4923 924
4924 863
4925 3103
4926 6552
4927 946
4928 4707
4929 4324
4930 4322
4931 839
4932 837
4933 4322
4934 834
4935 835
4936 899
4937 1528
4938 1110
4939 1528
4940 1089
4941 1528
4942 1527
4943 1110
4944 1373
4945 1373
4946 1089
4947 1373
4948 3143
4949 1205
4950 1802
4951 855
4952 1203
4953 6482
4954 6485
4955 6321
4956 4228
4957 6323
4958 6484
4959 5227
4960 1737
4961 2826
4962 5227
4963 1493
4964 1423
4965 4380
4966 4228
4967 4252
4968 6475
4969 3153
4970 3080
4971 1805
4972 3153
4973 3153
4974 2979
4975 1850
4976 1882
4977 5353
4978 5338
4979 2992
4980 6405
4981 5350
4982 5318
4983 1328
4984 3475
4985 1335
4986 3096
4987 1204
4988 4384
4989 4419
4990 4623
4991 4626
4992 989
4993 1040
4994 998
4995 1061
4996 1151
4997 1151
4998 1524
4999 1087
5000 1074
5001 1373
5002 1128
5003 1133
5004 3143
5005 4815
5006 4312
5007 1877
5008 1892
5009 3029
5010 1311
5011 4204
5012 2902
5013 2946
5014 2946
5015 6374
5016 6374
5017 6374
5018 6374
5019 2909
5020 5218
5021 937
5022 1797
5023 869
5024 869
5025 5077
5026 5257
5027 6374
5028 6374
5029 937
5030 2909
5031 2909
5032 1797
5033 690
5034 1487
5035 1193
5036 1659
5037 2911
5038 2911
5039 6371
5040 6371
5041 1793
5042 1793
5043 659
5044 658
5045 5105
5046 5105
5047 2909
5048 2909
5049 1793
5050 1793
5051 5077
5052 5077
5053 869
5054 869
5055 5257
5056 869
5057 869
5058 5077
5059 6374
5060 5218
5061 5218
5062 1793
5063 1793
5064 1797
5065 1797
5066 5105
5067 2911
5068 6374
5069 6374
5070 6371
5071 6371
5072 2911
5073 2911
5074 2909
5075 2909
5076 658
5077 690
5078 1793
5079 1793
5080 658
5081 658
5082 1659
5083 1659
5084 1660
5085 1660
5086 1660
5087 1659
5088 1706
5089 1706
5090 1659
5091 1659
5092 658
5093 690
5094 658
5095 5105
5096 796
5097 797
5098 658
5099 690
5100 1233
5101 1233
5102 1763
5103 1763
5104 1763
5105 1387
5106 1387
5107 1763
5108 1395
5109 1395
5110 1395
5111 1395
5112 1660
5113 1659
5114 1196
5115 1763
5116 1659
5117 1194
5118 1763
5119 1705
5120 1706
5121 1706
5122 1706
5123 1706
5124 1659
5125 1706
5126 1659
5127 1659
5128 1706
5129 1659
5130 1659
5131 1194
5132 1706
5133 797
5134 1763
5135 1659
5136 1395
5137 1387
5138 1395
5139 1395
5140 1258
5141 1233
5142 1387
5143 1387
5144 1395
5145 1395
5146 1387
5147 1395
5148 740
5149 740
5150 1395
5151 1261
5152 1197
5153 1763
5154 2909
5155 2909
5156 5218
5157 5218
5158 5077
5159 5033
5160 2909
5161 1793
5162 5077
5163 1706
5164 1659
5165 1697
5166 1720
5167 1719
5168 1660
5169 1660
5170 1660
5171 1659
5172 1703
5173 1703
5174 1395
5175 1395
5176 1387
5177 1395
5178 1904
5179 1395
5180 1719
5181 1904
5182 1719
5183 1904
5184 1387
5185 740
5186 1387
5187 1387
5188 1390
5189 1389
5190 2909
5191 2909
5192 1487
5193 690
5194 1194
5195 937
5196 869
5197 1793
5198 3154
5199 2911
5200 1763
5201 1763
5202 1659
5203 1388
5204 1233
5205 1659
5206 1389
5207 1659
5208 1706
5209 1719
5210 4425
5211 2911
5212 1659
5213 796
5214 1706
5215 1233
5216 2952
5217 1395
5218 1763
5219 869
5220 1763
5221 1660
5222 3720
5223 4170
5224 6416
5225 6416
5226 2993
5227 2902
5228 1892
5229 2991
5230 6363
5231 5243
5232 3683
5233 5243
5234 4682
5235 3683
5236 3683
5237 3683
5238 3683
5239 3683
5240 5243
5241 3683
5242 3683
5243 5243
5244 4107
5245 4107
5246 4893
5247 4893
5248 2871
5249 866
5250 3475
5251 869
5252 1796
5253 1796
5254 937
5255 1796
5256 677
5257 688
5258 4180
5259 6331
5260 677
5261 846
5262 2919
5263 2845
5264 4330
5265 924
5266 2845
5267 2823
5268 2823
5269 3470
5270 829
5271 3944
5272 4315
5273 804
5274 4702
5275 4312
5276 4793
5277 3944
5278 3737
5279 829
5280 829
5281 829
5282 4312
5283 805
5284 803
5285 218
5286 1811
5287 2879
5288 2888
5289 1811
5290 5312
5291 5312
5292 5312
5293 5312
5294 1816
5295 3029
5296 4381
5297 4381
5298 1852
5299 1852
5300 2947
5301 1887
5302 1852
5303 1887
5304 1245
5305 5312
5306 1852
5307 1852
5308 1852
5309 1882
5310 4313
5311 5312
5312 1849
5313 1849
5314 1824
5315 1824
5316 1849
5317 2889
5318 1824
5319 1852
5320 1886
5321 6405
5322 818
5323 743
5324 817
5325 5277
5326 774
5327 1892
5328 2993
5329 1439
5330 2984
5331 1891
5332 1854
5333 6349
5334 743
5335 6405
5336 5312
5337 1882
5338 1882
5339 2986
5340 1439
5341 1882
5342 818
5343 5311
5344 1862
5345 2879
5346 782
5347 1816
5348 2879
5349 2893
5350 1853
5351 2888
5352 2888
5353 1851
5354 6431
5355 1816
5356 1816
5357 1849
5358 1811
5359 2889
5360 2972
5361 1706
5362 1892
5363 773
5364 2895
5365 1378
5366 31
5367 321
5368 1993
5369 1993
5370 1706
5371 1659
5372 5105
5373 2911
5374 5105
5375 658
5376 658
5377 659
5378 658
5379 5197
5380 5197
5381 5198
5382 5198
5383 5195
5384 5195
5385 5198
5386 5195
5387 5198
5388 5195
5389 5195
5390 5198
5391 5198
5392 5197
5393 5198
5394 5198
5395 5197
5396 5195
5397 5195
5398 5198
5399 5198
5400 5197
5401 5197
5402 5198
5403 5198
5404 5195
5405 5195
5406 5198
5407 5077
5408 5257
5409 5077
5410 5197
5411 5077
5412 5077
5413 5197
5414 5077
5415 5077
5416 5077
5417 5197
5418 5077
5419 5197
5420 5198
5421 5197
5422 5197
5423 5198
5424 5198
5425 5077
5426 5077
5427 5257
5428 5197
5429 5077
5430 5195
5431 5195
5432 5257
5433 5197
5434 5197
5435 5077
5436 5077
5437 5193
5438 5257
5439 5077
5440 5195
5441 5077
5442 1046
5443 1031
5444 1032
5445 1046
5446 961
5447 948
5448 961
5449 3125
5450 1044
5451 1032
5452 1043
5453 3474
5454 1070
5455 5704
5456 5393
5457 5704
5458 5393
5459 5393
5460 5703
5461 5703
5462 5394
5463 5399
5464 5393
5465 5393
5466 1029
5467 978
5468 978
5469 1029
5470 1032
5471 1031
5472 1029
5473 1029
5474 961
5475 960
5476 960
5477 948
5478 960
5479 960
5480 1501
5481 957
5482 960
5483 960
5484 948
5485 961
5486 960
5487 948
5488 5698
5489 5698
5490 5715
5491 5715
5492 948
5493 961
5494 5416
5495 960
5496 961
5497 3125
5498 5698
5499 5698
5500 5715
5501 5716
5502 3474
5503 1054
5504 5563
5505 5704
5506 1070
5507 1085
5508 5703
5509 5393
5510 5393
5511 5703
5512 5393
5513 5703
5514 5703
5515 5393
5516 5563
5517 5521
5518 5549
5519 5566
5520 5219
5521 5219
5522 5394
5523 5393
5524 5703
5525 5704
5526 948
5527 5416
5528 5467
5529 5726
5530 948
5531 958
5532 960
5533 960
5534 1501
5535 5747
5536 1019
5537 1029
5538 5395
5539 5395
5540 5395
5541 5393
5542 5393
5543 5393
5544 5703
5545 5703
5546 1031
5547 978
5548 948
5549 960
5550 5219
5551 3125
5552 948
5553 959
5554 3125
5555 977
5556 961
5557 976
5558 960
5559 906
5560 906
5561 906
5562 5219
5563 1501
5564 1501
5565 5054
5566 5054
5567 5054
5568 5054
5569 5219
5570 1501
5571 1501
5572 1501
5573 1501
5574 977
5575 976
5576 978
5577 978
5578 5563
5579 1085
5580 1085
5581 3125
5582 3125
5583 5563
5584 5474
5585 5474
5586 5486
5587 5486
5588 5561
5589 5566
5590 5486
5591 5549
5592 5562
5593 5566
5594 5563
5595 5396
5596 5703
5597 5703
5598 5704
5599 5747
5600 5563
5601 5563
5602 5563
5603 5747
5604 5395
5605 5395
5606 5698
5607 5715
5608 5054
5609 5054
5610 5393
5611 5393
5612 5395
5613 5566
5614 5609
5615 5521
5616 5521
5617 5715
5618 5496
5619 5726
5620 5698
5621 5563
5622 5563
5623 5521
5624 5521
5625 1082
5626 5521
5627 5726
5628 5715
5629 5549
5630 5548
5631 5395
5632 5395
5633 5395
5634 5394
5635 5747
5636 5396
5637 5395
5638 5561
5639 5561
5640 5561
5641 5395
5642 5474
5643 960
5644 960
5645 961
5646 948
5647 5474
5648 5487
5649 5566
5650 5521
5651 5521
5652 5561
5653 5395
5654 5396
5655 5396
5656 977
5657 977
5658 948
5659 5563
5660 5395
5661 977
5662 948
5663 5416
5664 5416
5665 5496
5666 5698
5667 5219
5668 5054
5669 5054
5670 5219
5671 977
5672 977
5673 5395
5674 5395
5675 5396
5676 6161
5677 5612
5678 5574
5679 6161
5680 5698
5681 5468
5682 1031
5683 5566
5684 977
5685 1031
5686 976
5687 960
5688 948
5689 906
5690 960
5691 5054
5692 3125
5693 5577
5694 5577
5695 5219
5696 5054
5697 978
5698 978
5699 978
5700 5395
5701 5395
5702 5054
5703 5195
5704 5195
5705 5195
5706 5612
5707 5549
5708 5549
5709 961
5710 977
5711 978
5712 977
5713 977
5714 977
5715 3125
5716 977
5717 5395
5718 5395
5719 5563
5720 5563
5721 5566
5722 5549
5723 5521
5724 5486
5725 959
5726 3125
5727 1032
5728 1032
5729 5704
5730 5562
5731 5561
5732 5563
5733 5576
5734 5577
5735 5566
5736 5747
5737 5561
5738 5549
5739 5704
5740 5219
5741 5467
5742 5576
5743 6161
5744 5541
5745 3125
5746 978
5747 5195
5748 976
5749 978
5750 5566
5751 5563
5752 5566
5753 5561
5754 5521
5755 5549
5756 6201
5757 6201
5758 6217
5759 6203
5760 6161
5761 6202
5762 6201
5763 6203
5764 6207
5765 6207
5766 6207
5767 6207
5768 6207
5769 6207
5770 5535
5771 5535
5772 6207
5773 6207
5774 6207
5775 5535
5776 5535
5777 6207
5778 6207
5779 5535
5780 5535
5781 5535
5782 5535
5783 6202
5784 6207
5785 6207
5786 5535
5787 6207
5788 6207
5789 5535
5790 6207
5791 6207
5792 6201
5793 6201
5794 5535
5795 5535
5796 6207
5797 5535
5798 6207
5799 5535
5800 5535
5801 5535
5802 6161
5803 6215
5804 6201
5805 6207
5806 6202
5807 6228
5808 6207
5809 6207
5810 5535
5811 6207
5812 6207
5813 5535
5814 5535
5815 5535
5816 5535
5817 5535
5818 6206
5819 5580
5820 6187
5821 6193
5822 6206
5823 5506
5824 6194
5825 6220
5826 5506
5827 6221
5828 5537
5829 5466
5830 5548
5831 5548
5832 5548
5833 5548
5834 6206
5835 6177
5836 5611
5837 5611
5838 6209
5839 6209
5840 5549
5841 5548
5842 5549
5843 5611
5844 5464
5845 5548
5846 5487
5847 5712
5848 5711
5849 5459
5850 5537
5851 6187
5852 5622
5853 5580
5854 5580
5855 5622
5856 6187
5857 5506
5858 5622
5859 5622
5860 5504
5861 5487
5862 5504
5863 5504
5864 5580
5865 5622
5866 5622
5867 5504
5868 5588
5869 5588
5870 5589
5871 5589
5872 5621
5873 5588
5874 5588
5875 5588
5876 5591
5877 5591
5878 5830
5879 5591
5880 5842
5881 5830
5882 5591
5883 5591
5884 5591
5885 5842
5886 5842
5887 5830
5888 5830
5889 5591
5890 5830
5891 5830
5892 5591
5893 5591
5894 5591
5895 5842
5896 5830
5897 5591
5898 5842
5899 5830
5900 5591
5901 5842
5902 5591
5903 5591
5904 5830
5905 5830
5906 5830
5907 5830
5908 5842
5909 5830
5910 5842
5911 5830
5912 5830
5913 5830
5914 5589
5915 5589
5916 5591
5917 5591
5918 5591
5919 5591
5920 5591
5921 5591
5922 5842
5923 5842
5924 5842
5925 5830
5926 5830
5927 5830
5928 5830
5929 5830
5930 6177
5931 6169
5932 5471
5933 5611
5934 6220
5935 6193
5936 6159
5937 5471
5938 5472
5939 5537
5940 5698
5941 5467
5942 5548
5943 5548
5944 6193
5945 6159
5946 5555
5947 5531
5948 5749
5949 5711
5950 5548
5951 5548
5952 5548
5953 5698
5954 5726
5955 5487
5956 5487
5957 5685
5958 5531
5959 5714
5960 5715
5961 5547
5962 5580
5963 6170
5964 6171
5965 5580
5966 5547
5967 6170
5968 5580
5969 5506
5970 5580
5971 5548
5972 5548
5973 5580
5974 5580
5975 6171
5976 5506
5977 5580
5978 5506
5979 5504
5980 5504
5981 5504
5982 5504
5983 5579
5984 5504
5985 5579
5986 5579
5987 5622
5988 5621
5989 5591
5990 5591
5991 5591
5992 5591
5993 5621
5994 5588
5995 5589
5996 5591
5997 5591
5998 5591
5999 5591
6000 5589
6001 5591
6002 5591
6003 5621
6004 5622
6005 5624
6006 5591
6007 5591
6008 5588
6009 5591
6010 5591
6011 5589
6012 5591
6013 5622
6014 5622
6015 5591
6016 5591
6017 5591
6018 5591
6019 5624
6020 5591
6021 5588
6022 5591
6023 5591
6024 5591
6025 5579
6026 5579
6027 5504
6028 5621
6029 5504
6030 5622
6031 5589
6032 5621
6033 5591
6034 5591
6035 5591
6036 5591
6037 5591
6038 5591
6039 5591
6040 5591
6041 5492
6042 5684
6043 5530
6044 5482
6045 5688
6046 5484
6047 5447
6048 5688
6049 5482
6050 5484
6051 5482
6052 5494
6053 5492
6054 5550
6055 5608
6056 5396
6057 5396
6058 5566
6059 5566
6060 5447
6061 5482
6062 5533
6063 5664
6064 5645
6065 5645
6066 5563
6067 5563
6068 5561
6069 5609
6070 5562
6071 5690
6072 5643
6073 5566
6074 5566
6075 5493
6076 5643
6077 5687
6078 5495
6079 5482
6080 5692
6081 5530
6082 5530
6083 5692
6084 5645
6085 5530
6086 5692
6087 5692
6088 5531
6089 5566
6090 5531
6091 5531
6092 5530
6093 5692
6094 5692
6095 5531
6096 5748
6097 5547
6098 5712
6099 5547
6100 5713
6101 5714
6102 5714
6103 5714
6104 5749
6105 6164
6106 6201
6107 6194
6108 6194
6109 6201
6110 6168
6111 6172
6112 6172
6113 6194
6114 6204
6115 6201
6116 6201
6117 6159
6118 6224
6119 6224
6120 6164
6121 5749
6122 6204
6123 6201
6124 6228
6125 6171
6126 6201
6127 6224
6128 6159
6129 6201
6130 5712
6131 5711
6132 6221
6133 6228
6134 6224
6135 6224
6136 6171
6137 6201
6138 6172
6139 6194
6140 6224
6141 6224
6142 5714
6143 5714
6144 5748
6145 6164
6146 5748
6147 5748
6148 6168
6149 6168
6150 6194
6151 6194
6152 6194
6153 6201
6154 6221
6155 6221
6156 6201
6157 6201
6158 5563
6159 1031
6160 1032
6161 978
6162 1031
6163 978
6164 978
6165 978
6166 1032
6167 1031
6168 978
6169 1032
6170 1032
6171 1031
6172 1031
6173 1031
6174 1032
6175 1030
6176 1032
6177 1046
6178 1046
6179 1043
6180 1046
6181 1046
6182 1043
6183 1029
6184 1046
6185 1046
6186 1043
6187 1043
6188 1043
6189 1043
6190 1043
6191 1043
6192 1043
6193 1046
6194 1030
6195 1046
6196 1043
6197 1043
6198 1046
6199 1043
6200 1043
6201 1046
6202 1043
6203 1032
6204 1032
6205 1043
6206 1019
6207 1019
6208 1043
6209 1043
6210 1043
6211 1046
6212 1043
6213 1019
6214 1019
6215 1031
6216 1032
6217 1030
6218 1046
6219 1029
6220 1029
6221 1046
6222 1046
6223 1043
6224 1043
6225 1043
6226 1043
6227 1019
6228 1043
6229 1043
6230 1043
6231 5704
6232 5747
6233 5394
6234 5393
6235 5393
6236 5393
6237 5703
6238 5396
6239 5393
6240 2125
6241 2126
6242 2125
6243 2165
6244 2181
6245 2125
6246 2126
6247 2126
6248 2126
6249 2126
6250 2126
6251 2126
6252 2126
6253 2164
6254 2165
6255 2125
6256 2126
6257 2162
6258 2164
6259 2126
6260 2126
6261 2181
6262 2126
6263 2126
6264 2126
6265 2126
6266 2125
6267 2126
6268 2181
6269 2126
6270 2126
6271 2165
6272 2162
6273 3810
6274 4762
6275 2125
6276 2165
6277 2125
6278 2125
6279 2165
6280 1288
6281 1903
6282 4204
6283 6362
6284 6482
6285 1398
6286 5007
6287 3505
6288 6310
6289 5227
6290 5227
6291 6315
6292 3497
6293 6486
6294 2853
6295 621
6296 4891
6297 4379
6298 3505
6299 4380
6300 4766
6301 1233
6302 1388
6303 4229
6304 4735
6305 4240
6306 6310
6307 4240
6308 4766
6309 3505
6310 4237
6311 3508
6312 1388
6313 1754
6314 1213
6315 3482
6316 3482
6317 1213
6318 3482
6319 1754
6320 3482
6321 708
6322 4216
6323 2949
6324 6393
6325 4186
6326 6421
6327 6363
6328 4081
6329 6395
6330 6393
6331 2931
6332 6410
6333 3718
6334 1793
6335 5197
6336 829
6337 829
6338 4315
6339 4315
6340 3944
6341 3944
6342 4229
6343 3720
6344 4314
6345 4314
6346 4300
6347 4302
6348 4301
6349 1816
6350 1816
6351 606
6352 6351
6353 744
6354 6404
6355 5338
6356 1505
6357 4204
6358 2822
6359 2981
6360 2979
6361 1438
6362 1882
6363 1438
6364 2986
6365 2902
6366 6394
6367 5297
6368 617
6369 2914
6370 1192
6371 2847
6372 6487
6373 6487
6374 846
6375 1192
6376 2919
6377 1797
6378 6331
6379 1348
6380 1348
6381 652
6382 652
6383 3077
6384 652
6385 1348
6386 1348
6387 6491
6388 4134
6389 940
6390 2949
6391 4217
6392 3482
6393 731
6394 3482
6395 734
6396 730
6397 1833
6398 4381
6399 1886
6400 1245
6401 2891
6402 2891
6403 2891
6404 1887
6405 2890
6406 1824
6407 1823
6408 1214
6409 6343
6410 6343
6411 1867
6412 753
6413 1430
6414 2975
6415 2974
6416 2977
6417 2987
6418 1356
6419 3002
6420 1858
6421 896
6422 728
6423 4381
6424 731
6425 731
6426 3061
6427 4270
6428 4294
6429 6343
6430 1214
6431 3737
6432 3738
6433 2986
6434 2895
6435 2993
6436 1506
6437 1505
6438 1444
6439 2895
6440 2895
6441 2895
6442 2990
6443 1445
6444 2990
6445 5353
6446 1438
6447 2893
6448 1883
6449 1440
6450 1852
6451 1882
6452 2990
6453 1438
6454 1882
6455 1852
6456 731
6457 1754
6458 1245
6459 1824
6460 1245
6461 2893
6462 2889
6463 2889
6464 2889
6465 6343
6466 731
6467 6351
6468 6349
6469 6351
6470 6351
6471 1763
6472 4379
6473 4210
6474 4212
6475 3508
6476 2949
6477 4215
6478 3028
6479 2968
6480 2949
6481 3028
6482 4215
6483 2949
6484 3029
6485 6465
6486 3029
6487 6410
6488 6410
6489 6410
6490 6456
6491 6456
6492 3949
6493 3557
6494 2747
6495 2716
6496 3737
6497 3525
6498 3029
6499 1755
6500 6343
6501 4074
6502 829
6503 2949
6504 1976
6505 3128
6506 1477
6507 5256
6508 1477
6509 906
6510 3133
6511 3503
6512 3503
6513 1336
6514 3133
6515 932
6516 5259
6517 1446
6518 5259
6519 3503
6520 1204
6521 4140
6522 6342
6523 6331
6524 1795
6525 846
6526 1802
6527 858
6528 3501
6529 4412
6530 1332
6531 4820
6532 4805
6533 2919
6534 1448
6535 925
6536 3477
6537 1426
6538 6368
6539 4820
6540 917
6541 4820
6542 4899
6543 4140
6544 4893
6545 6316
6546 962
6547 3143
6548 4815
6549 5260
6550 948
6551 945
6552 1206
6553 1159
6554 2925
6555 858
6556 3082
6557 869
6558 869
6559 1767
6560 3501
6561 3501
6562 1204
6563 3153
6564 3153
6565 1205
6566 1348
6567 2845
6568 2845
6569 2845
6570 6289
6571 2845
6572 6289
6573 1348
6574 3181
6575 3183
6576 3320
6577 3181
6578 3181
6579 3181
6580 3197
6581 3195
6582 3195
6583 3197
6584 3197
6585 3195
6586 3195
6587 3197
6588 3197
6589 3320
6590 3195
6591 3320
6592 3186
6593 3183
6594 3195
6595 3320
6596 3181
6597 3320
6598 3319
6599 3319
6600 3319
6601 3319
6602 3319
6603 3319
6604 3201
6605 3195
6606 3201
6607 3201
6608 3202
6609 3202
6610 3319
6611 3315
6612 3315
6613 3315
6614 3315
6615 3360
6616 3360
6617 3360
6618 3360
6619 3316
6620 3315
6621 3315
6622 3316
6623 3360
6624 3360
6625 3360
6626 3360
6627 3315
6628 3315
6629 3315
6630 3315
6631 3360
6632 3360
6633 3360
6634 3360
6635 3360
6636 3360
6637 3360
6638 3360
6639 3360
6640 3360
6641 3360
6642 3316
6643 3315
6644 3315
6645 3315
6646 3316
6647 3316
6648 3360
6649 3360
6650 3316
6651 3316
6652 3316
6653 3316
6654 3315
6655 3315
6656 3315
6657 3315
6658 3316
6659 3315
6660 3315
6661 3315
6662 3316
6663 3315
6664 3315
6665 3315
6666 3315
6667 3360
6668 3315
6669 3315
6670 3360
6671 3315
6672 3315
6673 3315
6674 3315
6675 3315
6676 3315
6677 3315
6678 3360
6679 3360
6680 3360
6681 3360
6682 3360
6683 3360
6684 3360
6685 3360
6686 3360
6687 3360
6688 3360
6689 3360
6690 3360
6691 3363
6692 3360
6693 3360
6694 3363
6695 3360
6696 3360
6697 3363
6698 3360
6699 3315
6700 3316
6701 3316
6702 3316
6703 3360
6704 3316
6705 3315
6706 3315
6707 3316
6708 3315
6709 3315
6710 3360
6711 3360
6712 3315
6713 3360
6714 3360
6715 3363
6716 3363
6717 3360
6718 3348
6719 3320
6720 3206
6721 3320
6722 3206
6723 3206
6724 3202
6725 3202
6726 3202
6727 3435
6728 3204
6729 3204
6730 3205
6731 3204
6732 3208
6733 3204
6734 3328
6735 3436
6736 3419
6737 3420
6738 3420
6739 3440
6740 3420
6741 3440
6742 3441
6743 3440
6744 3441
6745 3439
6746 3441
6747 3439
6748 3441
6749 3440
6750 3419
6751 3420
6752 3440
6753 3420
6754 3440
6755 3441
6756 3419
6757 3440
6758 3440
6759 3441
6760 3440
6761 3441
6762 3440
6763 3419
6764 3453
6765 3457
6766 3457
6767 3454
6768 3451
6769 3451
6770 3375
6771 3457
6772 3457
6773 3375
6774 3424
6775 3380
6776 3385
6777 3424
6778 3375
6779 3381
6780 3329
6781 3329
6782 3375
6783 3375
6784 3380
6785 3381
6786 3381
6787 3375
6788 3381
6789 3375
6790 3329
6791 3329
6792 3329
6793 3328
6794 3328
6795 3381
6796 3375
6797 3453
6798 3452
6799 3380
6800 3380
6801 3380
6802 3376
6803 3423
6804 3385
6805 3375
6806 3445
6807 3423
6808 3424
6809 3375
6810 3380
6811 3375
6812 3380
6813 3380
6814 3375
6815 3328
6816 3328
6817 3328
6818 3327
6819 3445
6820 3454
6821 3457
6822 3424
6823 3424
6824 3385
6825 3375
6826 3375
6827 3375
6828 3375
6829 3375
6830 3424
6831 3375
6832 3204
6833 3204
6834 3204
6835 3205
6836 3205
6837 3445
6838 3445
6839 3445
6840 3445
6841 3454
6842 3454
6843 3452
6844 3453
6845 3453
6846 3453
6847 3453
6848 3423
6849 3423
6850 3423
6851 3457
6852 3457
6853 3424
6854 3424
6855 3424
6856 3424
6857 3424
6858 3375
6859 3385
6860 3375
6861 3385
6862 3424
6863 3424
6864 3424
6865 3424
6866 3424
6867 3385
6868 3385
6869 3436
6870 1524
6871 1524
6872 1524
6873 856
6874 6315
6875 3497
6876 6315
6877 3150
6878 4226
6879 1754
6880 3683
6881 3683
6882 3683
6883 3683
6884 3683
6885 3683
6886 3683
6887 3683
6888 3683
6889 3683
