0 127
1 127
2 127
3 127
4 127
5 127
6 127
7 2788
8 237
9 239
10 238
11 343
12 137
13 100
14 57
15 57
16 331
17 275
18 275
19 331
20 329
21 128
22 128
23 409
24 331
25 275
26 330
27 330
28 330
29 330
30 330
31 330
32 331
33 331
34 331
35 331
36 330
37 329
38 329
39 330
40 5367
41 6495
42 6495
43 3499
44 331
45 3499
46 3047
47 3056
48 3048
49 3911
50 100
51 3911
52 62
53 416
54 103
55 3046
56 103
57 3910
58 3910
59 3910
60 3910
61 3910
62 3910
63 1905
64 6494
65 3499
66 3499
67 1905
68 5367
69 6494
70 6494
71 6494
72 5367
73 1905
74 3793
75 3793
76 3793
77 5367
78 1905
79 3499
80 3499
81 3047
82 3499
83 3499
84 1905
85 5367
86 5367
87 5366
88 3793
89 100
90 3793
91 5366
92 5366
93 3911
94 100
95 3048
96 5366
97 94
98 100
99 3911
100 3911
101 3910
102 3046
103 3614
104 128
105 127
106 127
107 127
108 127
109 128
110 127
111 127
112 127
113 31
114 128
115 127
116 127
117 128
118 128
119 128
120 128
121 128
122 128
123 128
124 128
125 128
126 128
127 128
128 128
129 128
130 128
131 128
132 127
133 127
134 127
135 0
136 163
137 3911
138 416
139 3910
140 55
141 103
142 142
143 3046
144 145
145 145
146 146
147 146
148 148
149 146
150 153
151 151
152 152
153 153
154 141
155 193
156 3
157 265
158 249
159 250
160 177
161 249
162 250
163 0
164 247
165 250
166 249
167 274
168 274
169 249
170 274
171 249
172 145
173 149
174 174
175 175
176 274
177 249
178 253
179 254
180 254
181 384
182 457
183 384
184 422
185 185
186 304
187 463
188 127
189 127
190 127
191 127
192 123
193 134
194 177
195 249
196 274
197 274
198 254
199 254
200 226
201 201
202 202
203 186
204 302
205 204
206 174
207 207
208 208
209 209
210 210
211 3164
212 257
213 213
214 451
215 216
216 441
217 217
218 218
219 218
220 255
221 399
222 222
223 423
224 223
225 3737
226 463
227 330
228 128
229 128
230 128
231 128
232 128
233 128
234 128
235 128
236 3047
237 275
238 3056
239 1905
240 127
241 127
242 127
243 5366
244 100
245 13
246 123
247 250
248 127
249 274
250 249
251 253
252 457
253 457
254 253
255 422
256 3164
257 3768
258 127
259 127
260 162
261 40
262 275
263 47
264 3047
265 94
266 53
267 139
268 141
269 254
270 254
271 254
272 254
273 254
274 254
275 275
276 47
277 332
278 5366
279 5366
280 3911
281 3911
282 3162
283 283
284 334
285 153
286 330
287 330
288 331
289 331
290 3499
291 3056
292 3056
293 3047
294 3047
295 295
296 174
297 152
298 298
299 299
300 3812
301 301
302 302
303 3815
304 3737
305 302
306 306
307 461
308 333
309 174
310 331
311 331
312 331
313 331
314 331
315 331
316 331
317 330
318 331
319 330
320 330
321 330
322 330
323 331
324 331
325 331
326 330
327 330
328 409
329 409
330 329
331 330
332 330
333 3049
334 451
335 128
336 128
337 1905
338 128
339 275
340 330
341 332
342 330
343 409
344 128
345 128
346 128
347 128
348 128
349 128
350 128
351 127
352 127
353 128
354 409
355 128
356 128
357 332
358 127
359 127
360 398
361 364
362 173
363 173
364 173
365 3868
366 274
367 274
368 274
369 274
370 274
371 274
372 274
373 274
374 274
375 249
376 274
377 377
378 179
379 274
380 176
381 173
382 363
383 3868
384 457
385 254
386 400
387 446
388 253
389 253
390 446
391 446
392 405
393 534
394 399
395 445
396 398
397 391
398 399
399 422
400 445
401 383
402 364
403 364
404 364
405 266
406 522
407 128
408 128
409 128
410 128
411 249
412 250
413 385
414 274
415 3910
416 3910
417 275
418 275
419 3806
420 3806
421 128
422 463
423 423
424 3164
425 426
426 426
427 332
428 332
429 330
430 3499
431 331
432 331
433 331
434 332
435 128
436 128
437 330
438 330
439 330
440 440
441 441
442 3056
443 3047
444 127
445 422
446 445
447 251
448 182
449 251
450 251
451 451
452 441
453 3944
454 127
455 127
456 128
457 446
458 3793
459 5367
460 460
461 3058
462 331
463 304
464 274
465 274
466 251
467 251
468 274
469 274
470 274
471 274
472 274
473 274
474 274
475 274
476 274
477 274
478 274
479 274
480 274
481 274
482 254
483 254
484 383
485 523
486 254
487 254
488 254
489 254
490 253
491 253
492 391
493 391
494 398
495 398
496 274
497 254
498 274
499 274
500 251
501 254
502 251
503 251
504 396
505 396
506 252
507 361
508 390
509 390
510 252
511 390
512 361
513 390
514 390
515 390
516 252
517 386
518 390
519 383
520 398
521 383
522 364
523 364
524 254
525 384
526 364
527 253
528 391
529 398
530 391
531 383
532 383
533 383
534 383
535 391
536 390
537 390
538 390
539 390
540 390
541 390
542 252
543 390
544 253
545 384
546 251
547 252
548 253
549 253
550 253
551 254
552 254
553 254
554 254
555 254
556 254
557 254
558 254
559 254
560 254
561 254
562 274
563 274
564 274
565 274
566 274
567 274
568 254
569 254
570 819
571 1320
572 1320
573 573
574 254
575 254
576 254
577 254
578 254
579 254
580 254
581 251
582 251
583 252
584 584
585 585
586 820
587 586
588 588
589 589
590 590
591 591
592 592
593 593
594 594
595 595
596 596
597 597
598 598
599 599
600 600
601 601
602 602
603 640
604 1898
605 605
606 782
607 1810
608 608
609 609
610 610
611 611
612 612
613 613
614 2883
615 615
616 616
617 617
618 618
619 619
620 620
621 621
622 622
623 623
624 624
625 625
626 788
627 627
628 628
629 629
630 633
631 631
632 632
633 633
634 635
635 635
636 1852
637 1853
638 638
639 2859
640 640
641 2859
642 642
643 643
644 1412
645 645
646 646
647 647
648 648
649 649
650 650
651 651
652 652
653 653
654 677
655 631
656 656
657 676
658 658
659 1757
660 660
661 660
662 656
663 656
664 664
665 938
666 666
667 667
668 1421
669 669
670 670
671 671
672 1346
673 673
674 674
675 675
676 676
677 677
678 830
679 939
680 2978
681 2978
682 2978
683 2978
684 684
685 685
686 686
687 599
688 688
689 688
690 1192
691 691
692 692
693 693
694 694
695 695
696 696
697 696
698 698
699 699
700 700
701 584
702 586
703 703
704 3038
705 830
706 706
707 1242
708 708
709 709
710 710
711 781
712 1858
713 1846
714 1847
715 1858
716 2979
717 2994
718 718
719 2974
720 720
721 721
722 722
723 723
724 724
725 725
726 727
727 727
728 895
729 729
730 730
731 731
732 732
733 1814
734 734
735 735
736 1412
737 737
738 1281
739 1282
740 740
741 741
742 743
743 743
744 744
745 1809
746 1809
747 1809
748 1809
749 749
750 750
751 751
752 752
753 2978
754 775
755 2979
756 2982
757 1902
758 1287
759 2901
760 1903
761 761
762 762
763 763
764 1388
765 765
766 766
767 767
768 768
769 769
770 770
771 771
772 772
773 774
774 1356
775 2987
776 2987
777 777
778 778
779 778
780 780
781 781
782 782
783 781
784 1282
785 785
786 786
787 787
788 788
789 789
790 790
791 737
792 792
793 1388
794 794
795 795
796 796
797 797
798 1491
799 799
800 800
801 799
802 655
803 804
804 804
805 805
806 804
807 809
808 809
809 809
810 810
811 811
812 812
813 804
814 814
815 815
816 816
817 804
818 818
819 819
820 820
821 819
822 822
823 809
824 1312
825 826
826 827
827 828
828 4315
829 3944
830 830
831 846
832 832
833 833
834 834
835 835
836 836
837 837
838 838
839 839
840 840
841 3158
842 840
843 843
844 831
845 720
846 846
847 847
848 848
849 849
850 850
851 851
852 852
853 853
854 854
855 855
856 856
857 939
858 858
859 859
860 860
861 861
862 862
863 863
864 864
865 865
866 822
867 937
868 868
869 823
870 870
871 871
872 872
873 848
874 874
875 875
876 872
877 877
878 878
879 879
880 880
881 881
882 882
883 883
884 884
885 885
886 886
887 796
888 888
889 889
890 890
891 891
892 892
893 893
894 894
895 895
896 2968
897 897
898 898
899 899
900 900
901 945
902 902
903 903
904 904
905 905
906 957
907 906
908 908
909 909
910 910
911 911
912 912
913 1480
914 914
915 915
916 916
917 917
918 918
919 919
920 920
921 921
922 922
923 923
924 924
925 925
926 925
927 927
928 928
929 929
930 693
931 931
932 809
933 933
934 934
935 935
936 936
937 937
938 676
939 939
940 940
941 941
942 942
943 3042
944 944
945 960
946 946
947 974
948 958
949 967
950 950
951 950
952 952
953 953
954 991
955 991
956 956
957 904
958 958
959 959
960 959
961 958
962 962
963 963
964 1453
965 965
966 966
967 966
968 968
969 969
970 970
971 958
972 972
973 973
974 974
975 975
976 976
977 977
978 975
979 975
980 976
981 975
982 980
983 979
984 984
985 985
986 986
987 990
988 989
989 989
990 990
991 991
992 992
993 993
994 994
995 1015
996 996
997 997
998 995
999 999
1000 1000
1001 1001
1002 1005
1003 1009
1004 1008
1005 1008
1006 1009
1007 1009
1008 1008
1009 1009
1010 1010
1011 1011
1012 1012
1013 1014
1014 1014
1015 1015
1016 1015
1017 1013
1018 1148
1019 1016
1020 1020
1021 1021
1022 1021
1023 1021
1024 1022
1025 1025
1026 1026
1027 1519
1028 1519
1029 1030
1030 1167
1031 1021
1032 1031
1033 1033
1034 1033
1035 1033
1036 1036
1037 1035
1038 1038
1039 1039
1040 1040
1041 1520
1042 1520
1043 1044
1044 1044
1045 1011
1046 1045
1047 1047
1048 1058
1049 1051
1050 1050
1051 1069
1052 1052
1053 1053
1054 1054
1055 1055
1056 1057
1057 1057
1058 1058
1059 1059
1060 1056
1061 1059
1062 1062
1063 1060
1064 1066
1065 1065
1066 1068
1067 1067
1068 1067
1069 1053
1070 1070
1071 1071
1072 1072
1073 1073
1074 1074
1075 1075
1076 1076
1077 1077
1078 1078
1079 1079
1080 1080
1081 1079
1082 1082
1083 1083
1084 1084
1085 1085
1086 1086
1087 1087
1088 1087
1089 1086
1090 1090
1091 1091
1092 1528
1093 1093
1094 1094
1095 1095
1096 1096
1097 1097
1098 1098
1099 1099
1100 1100
1101 1101
1102 1102
1103 1371
1104 1531
1105 1105
1106 1106
1107 1107
1108 1111
1109 1529
1110 1107
1111 1530
1112 1112
1113 1113
1114 1115
1115 1115
1116 1117
1117 1112
1118 1115
1119 1105
1120 1123
1121 1136
1122 1532
1123 1532
1124 1127
1125 1531
1126 1126
1127 1130
1128 1134
1129 1133
1130 1130
1131 1128
1132 1133
1133 1133
1134 1134
1135 1132
1136 1135
1137 4704
1138 1138
1139 933
1140 1140
1141 1141
1142 952
1143 994
1144 956
1145 1025
1146 1014
1147 1042
1148 1015
1149 1149
1150 1150
1151 1151
1152 1079
1153 1153
1154 1086
1155 1087
1156 1105
1157 1157
1158 1122
1159 1159
1160 1160
1161 1161
1162 1499
1163 1163
1164 1163
1165 1165
1166 1166
1167 1167
1168 1168
1169 1169
1170 1170
1171 1039
1172 1029
1173 1032
1174 1026
1175 1175
1176 1176
1177 1153
1178 1178
1179 1179
1180 1180
1181 1181
1182 1180
1183 1183
1184 1184
1185 1186
1186 1463
1187 976
1188 1188
1189 1265
1190 1194
1191 1193
1192 940
1193 1193
1194 1194
1195 1196
1196 1196
1197 1197
1198 1198
1199 1199
1200 927
1201 1202
1202 1202
1203 1203
1204 1204
1205 1205
1206 1206
1207 1207
1208 1208
1209 1363
1210 1163
1211 1211
1212 2843
1213 1213
1214 731
1215 2885
1216 1215
1217 1218
1218 2882
1219 1219
1220 1220
1221 4704
1222 4704
1223 1223
1224 1224
1225 1225
1226 3131
1227 1227
1228 1228
1229 1229
1230 1230
1231 1231
1232 1233
1233 1233
1234 1234
1235 1235
1236 1236
1237 1237
1238 1824
1239 2889
1240 1240
1241 1824
1242 1823
1243 1824
1244 2889
1245 1823
1246 1246
1247 1247
1248 1248
1249 1249
1250 1250
1251 1251
1252 1252
1253 1253
1254 1254
1255 1255
1256 1256
1257 1257
1258 1258
1259 1388
1260 1260
1261 1261
1262 1262
1263 1263
1264 2851
1265 1265
1266 1266
1267 1267
1268 1268
1269 1269
1270 1381
1271 2984
1272 2984
1273 2985
1274 1366
1275 1275
1276 1276
1277 4829
1278 1278
1279 1279
1280 1279
1281 2955
1282 1282
1283 1282
1284 2975
1285 1284
1286 784
1287 2899
1288 2975
1289 650
1290 1290
1291 1291
1292 1292
1293 1293
1294 1294
1295 1295
1296 1296
1297 1297
1298 1298
1299 1298
1300 3067
1301 1301
1302 2973
1303 747
1304 745
1305 1305
1306 1306
1307 819
1308 819
1309 702
1310 1310
1311 1311
1312 1313
1313 817
1314 1376
1315 1379
1316 1316
1317 1893
1318 1239
1319 1319
1320 1320
1321 1321
1322 1322
1323 1323
1324 1323
1325 1325
1326 1326
1327 1327
1328 1328
1329 1329
1330 1201
1331 3068
1332 1332
1333 1333
1334 1334
1335 1335
1336 1336
1337 1337
1338 1338
1339 1339
1340 1408
1341 1341
1342 1443
1343 1443
1344 664
1345 1345
1346 1417
1347 2907
1348 1348
1349 1349
1350 1350
1351 1351
1352 1352
1353 4829
1354 4704
1355 1355
1356 2990
1357 1358
1358 1358
1359 936
1360 933
1361 1362
1362 1363
1363 1363
1364 1364
1365 1365
1366 1366
1367 1367
1368 1368
1369 1149
1370 1150
1371 1087
1372 1154
1373 1157
1374 1123
1375 1105
1376 1376
1377 1376
1378 1377
1379 1379
1380 1380
1381 1381
1382 1382
1383 642
1384 1384
1385 1231
1386 1386
1387 1387
1388 1388
1389 1389
1390 788
1391 1376
1392 1392
1393 1393
1394 1377
1395 1395
1396 1397
1397 1382
1398 1737
1399 2895
1400 1443
1401 1401
1402 1402
1403 1403
1404 1404
1405 1311
1406 1315
1407 1505
1408 1408
1409 1412
1410 1410
1411 1411
1412 1412
1413 1260
1414 1388
1415 1415
1416 1416
1417 2864
1418 780
1419 2953
1420 1420
1421 1421
1422 1422
1423 1423
1424 1195
1425 1195
1426 1426
1427 584
1428 1428
1429 1429
1430 786
1431 786
1432 1432
1433 1433
1434 1434
1435 1435
1436 1436
1437 1437
1438 2990
1439 1439
1440 1440
1441 1441
1442 1440
1443 1443
1444 2895
1445 2987
1446 1446
1447 1447
1448 939
1449 939
1450 1513
1451 1451
1452 1452
1453 1453
1454 1454
1455 965
1456 966
1457 1457
1458 1458
1459 1458
1460 1457
1461 1461
1462 1462
1463 978
1464 1464
1465 1095
1466 1466
1467 1467
1468 1468
1469 1096
1470 1470
1471 1471
1472 1114
1473 1095
1474 1114
1475 1475
1476 1476
1477 1322
1478 1229
1479 1479
1480 1480
1481 2832
1482 1481
1483 1483
1484 2829
1485 2829
1486 2828
1487 1490
1488 1490
1489 1490
1490 2840
1491 1489
1492 1323
1493 1493
1494 1494
1495 2825
1496 1496
1497 1497
1498 1165
1499 1499
1500 1500
1501 1229
1502 1282
1503 1503
1504 1504
1505 1505
1506 1506
1507 1507
1508 1874
1509 634
1510 1874
1511 1513
1512 1512
1513 1513
1514 4649
1515 4986
1516 1516
1517 991
1518 1518
1519 1519
1520 1520
1521 1521
1522 1015
1523 1523
1524 1057
1525 1525
1526 1078
1527 1153
1528 1088
1529 1107
1530 1089
1531 1531
1532 1127
1533 4704
1534 4706
1535 1535
1536 1536
1537 1537
1538 1538
1539 1539
1540 1540
1541 1378
1542 1542
1543 1543
1544 1544
1545 1545
1546 1546
1547 1582
1548 1547
1549 1549
1550 1550
1551 1551
1552 1726
1553 1553
1554 1554
1555 1552
1556 1693
1557 1587
1558 1587
1559 1559
1560 1726
1561 1729
1562 1729
1563 1560
1564 1567
1565 1566
1566 1566
1567 1567
1568 1568
1569 1570
1570 1570
1571 1571
1572 1572
1573 1608
1574 1608
1575 1575
1576 1912
1577 1912
1578 1578
1579 1579
1580 1729
1581 1726
1582 1588
1583 1553
1584 1584
1585 1586
1586 1586
1587 1554
1588 1586
1589 1693
1590 1547
1591 1547
1592 1592
1593 1593
1594 1729
1595 1594
1596 1596
1597 1571
1598 1691
1599 1602
1600 1600
1601 1601
1602 1602
1603 1568
1604 1600
1605 1605
1606 1603
1607 1608
1608 1608
1609 1593
1610 1610
1611 1610
1612 1593
1613 1618
1614 1614
1615 1752
1616 1618
1617 1752
1618 1618
1619 1619
1620 1620
1621 1620
1622 1619
1623 1617
1624 1624
1625 1625
1626 1626
1627 1567
1628 1724
1629 1629
1630 1567
1631 1633
1632 1684
1633 1648
1634 1638
1635 1648
1636 1648
1637 1648
1638 1638
1639 1713
1640 1739
1641 1739
1642 1681
1643 1643
1644 1564
1645 1648
1646 1646
1647 1647
1648 1648
1649 1751
1650 1566
1651 1651
1652 1652
1653 1653
1654 1620
1655 1620
1656 1740
1657 1910
1658 1666
1659 1620
1660 1738
1661 1566
1662 1723
1663 1566
1664 1646
1665 1665
1666 1620
1667 1667
1668 1667
1669 1669
1670 1748
1671 1671
1672 1671
1673 1631
1674 1634
1675 1631
1676 1648
1677 1677
1678 1678
1679 1682
1680 1682
1681 1681
1682 1682
1683 1645
1684 1648
1685 1688
1686 1551
1687 1553
1688 1560
1689 1553
1690 1586
1691 1579
1692 1692
1693 1693
1694 1694
1695 1567
1696 1619
1697 1739
1698 1739
1699 1699
1700 1738
1701 1752
1702 1752
1703 1620
1704 1705
1705 1739
1706 1619
1707 1707
1708 1708
1709 1682
1710 1682
1711 1681
1712 1681
1713 1681
1714 1710
1715 1681
1716 1716
1717 1717
1718 1718
1719 1719
1720 1712
1721 1560
1722 1594
1723 1723
1724 1567
1725 1646
1726 1726
1727 1553
1728 1593
1729 1729
1730 1568
1731 1566
1732 1566
1733 1566
1734 1674
1735 1638
1736 1738
1737 1737
1738 1738
1739 1739
1740 1619
1741 1948
1742 1742
1743 1743
1744 1567
1745 1745
1746 1704
1747 1733
1748 1648
1749 1677
1750 1586
1751 1647
1752 1752
1753 732
1754 1754
1755 1753
1756 1756
1757 1757
1758 1758
1759 1543
1760 1760
1761 1761
1762 1762
1763 1763
1764 254
1765 254
1766 254
1767 1767
1768 1768
1769 1769
1770 254
1771 384
1772 251
1773 254
1774 254
1775 274
1776 253
1777 390
1778 274
1779 1779
1780 1780
1781 1781
1782 1782
1783 6522
1784 5246
1785 1785
1786 1786
1787 1796
1788 1794
1789 816
1790 1795
1791 1794
1792 2924
1793 1795
1794 815
1795 1795
1796 1796
1797 1796
1798 867
1799 1799
1800 867
1801 1801
1802 1802
1803 1803
1804 1805
1805 1805
1806 1806
1807 4350
1808 1808
1809 1809
1810 1810
1811 1811
1812 1244
1813 1813
1814 2888
1815 2889
1816 743
1817 1809
1818 1811
1819 1811
1820 1818
1821 1824
1822 1823
1823 1823
1824 1824
1825 1833
1826 1886
1827 1886
1828 1826
1829 1852
1830 1830
1831 1850
1832 1853
1833 2890
1834 1834
1835 1835
1836 1836
1837 1837
1838 1838
1839 1839
1840 1841
1841 3002
1842 1842
1843 1843
1844 1404
1845 1358
1846 1845
1847 1358
1848 2996
1849 2889
1850 1850
1851 1851
1852 1852
1853 1853
1854 1854
1855 1854
1856 1852
1857 1852
1858 2996
1859 1889
1860 1875
1861 2891
1862 1823
1863 1863
1864 1886
1865 1340
1866 2975
1867 2975
1868 1356
1869 2978
1870 1870
1871 1871
1872 1872
1873 1873
1874 1875
1875 1875
1876 1876
1877 1878
1878 1355
1879 1878
1880 2995
1881 2891
1882 1882
1883 1882
1884 1887
1885 1886
1886 1886
1887 1887
1888 1889
1889 1882
1890 1887
1891 1884
1892 1357
1893 1893
1894 1894
1895 1895
1896 1896
1897 1897
1898 1898
1899 1899
1900 1657
1901 2905
1902 1902
1903 1903
1904 1541
1905 5366
1906 3911
1907 275
1908 3806
1909 1620
1910 1618
1911 1912
1912 1912
1913 1571
1914 1576
1915 1573
1916 1608
1917 1917
1918 1918
1919 1923
1920 1923
1921 1918
1922 1924
1923 1923
1924 1926
1925 1925
1926 1926
1927 1927
1928 1928
1929 1929
1930 1930
1931 1956
1932 1931
1933 1933
1934 1934
1935 1979
1936 1937
1937 1937
1938 1979
1939 1939
1940 1940
1941 1941
1942 1939
1943 1979
1944 1940
1945 1943
1946 1946
1947 1946
1948 1948
1949 1949
1950 2874
1951 1951
1952 1951
1953 1586
1954 1957
1955 1957
1956 1956
1957 1957
1958 1931
1959 1959
1960 1960
1961 1962
1962 1944
1963 1963
1964 1957
1965 1947
1966 1971
1967 1967
1968 1965
1969 1924
1970 1924
1971 1946
1972 1958
1973 1957
1974 1957
1975 1958
1976 1559
1977 1952
1978 1957
1979 1979
1980 1948
1981 1982
1982 1991
1983 1990
1984 1984
1985 2022
1986 1987
1987 1987
1988 2022
1989 1991
1990 2267
1991 2714
1992 1993
1993 1993
1994 2117
1995 2117
1996 1993
1997 2150
1998 2134
1999 1999
2000 2003
2001 2061
2002 2176
2003 2002
2004 2001
2005 2006
2006 1981
2007 2007
2008 2008
2009 2699
2010 2714
2011 2714
2012 2012
2013 2034
2014 2014
2015 2097
2016 2025
2017 2023
2018 2023
2019 2019
2020 2018
2021 2023
2022 2022
2023 2023
2024 1987
2025 2032
2026 2031
2027 2039
2028 2159
2029 2039
2030 2068
2031 2031
2032 2032
2033 2033
2034 2034
2035 2035
2036 2035
2037 2038
2038 2159
2039 2123
2040 2039
2041 1993
2042 1993
2043 2118
2044 2118
2045 2117
2046 2117
2047 2134
2048 2117
2049 2042
2050 2075
2051 2000
2052 2081
2053 2001
2054 2136
2055 2127
2056 2055
2057 2380
2058 2128
2059 2060
2060 2060
2061 2064
2062 2063
2063 2082
2064 2081
2065 2034
2066 2033
2067 2040
2068 2039
2069 1987
2070 2022
2071 2023
2072 2023
2073 2073
2074 2118
2075 1996
2076 2005
2077 2176
2078 2171
2079 2143
2080 2143
2081 2081
2082 2061
2083 2061
2084 2081
2085 2266
2086 2086
2087 2031
2088 2032
2089 2060
2090 2254
2091 2091
2092 2071
2093 2093
2094 2094
2095 2069
2096 2022
2097 2020
2098 2073
2099 2109
2100 2101
2101 2060
2102 2112
2103 2110
2104 2104
2105 2106
2106 2108
2107 2060
2108 2108
2109 2112
2110 2112
2111 2073
2112 2112
2113 2248
2114 2114
2115 2115
2116 2249
2117 2117
2118 2118
2119 2118
2120 2035
2121 2035
2122 2118
2123 2126
2124 2165
2125 2165
2126 2181
2127 2165
2128 2165
2129 2165
2130 2164
2131 2605
2132 2597
2133 2259
2134 2117
2135 2118
2136 2047
2137 2138
2138 2074
2139 2118
2140 2118
2141 2164
2142 2164
2143 2143
2144 2144
2145 2123
2146 2039
2147 2108
2148 2108
2149 2149
2150 1996
2151 2151
2152 2596
2153 2593
2154 2593
2155 2597
2156 2159
2157 2040
2158 2038
2159 2186
2160 2119
2161 2165
2162 2165
2163 2119
2164 2118
2165 2165
2166 2169
2167 2168
2168 2168
2169 2204
2170 2172
2171 2176
2172 2192
2173 2278
2174 2062
2175 2061
2176 2144
2177 2165
2178 2165
2179 2165
2180 2180
2181 2181
2182 2018
2183 2023
2184 2184
2185 2185
2186 2181
2187 2181
2188 2611
2189 2597
2190 2592
2191 2592
2192 2256
2193 2194
2194 2278
2195 2035
2196 2065
2197 2195
2198 2605
2199 2172
2200 2256
2201 2065
2202 2033
2203 2066
2204 2126
2205 2038
2206 2108
2207 2107
2208 2106
2209 2107
2210 2210
2211 2211
2212 2212
2213 2213
2214 2214
2215 2282
2216 2282
2217 2220
2218 2067
2219 2068
2220 2037
2221 2221
2222 2164
2223 2223
2224 2224
2225 2225
2226 2022
2227 2023
2228 2073
2229 2018
2230 2112
2231 2024
2232 2245
2233 2067
2234 2073
2235 2112
2236 2252
2237 2239
2238 2239
2239 2192
2240 2256
2241 2208
2242 1930
2243 2286
2244 1945
2245 2067
2246 2369
2247 2369
2248 1987
2249 2249
2250 2250
2251 1987
2252 1987
2253 2249
2254 2254
2255 2197
2256 2256
2257 2256
2258 2164
2259 2164
2260 2118
2261 2165
2262 2165
2263 2165
2264 2264
2265 2021
2266 2705
2267 2010
2268 2044
2269 2369
2270 2124
2271 2164
2272 2067
2273 2067
2274 2164
2275 2062
2276 2168
2277 2609
2278 2063
2279 2230
2280 2037
2281 2273
2282 2273
2283 2245
2284 2035
2285 2238
2286 1979
2287 2251
2288 2288
2289 2165
2290 2611
2291 2246
2292 2609
2293 2597
2294 2168
2295 2297
2296 2295
2297 2298
2298 2283
2299 2273
2300 2322
2301 2295
2302 2297
2303 2311
2304 2311
2305 2320
2306 2319
2307 2320
2308 2317
2309 2319
2310 2319
2311 2319
2312 2320
2313 2319
2314 2319
2315 2319
2316 2320
2317 2312
2318 2319
2319 2319
2320 2319
2321 2319
2322 2295
2323 2320
2324 2319
2325 2319
2326 2311
2327 2319
2328 2319
2329 2320
2330 2319
2331 2298
2332 2297
2333 2319
2334 2319
2335 2319
2336 2319
2337 2319
2338 2319
2339 2319
2340 2319
2341 2273
2342 2283
2343 2297
2344 2320
2345 2317
2346 2312
2347 2319
2348 2319
2349 2319
2350 2319
2351 2319
2352 2319
2353 2319
2354 2319
2355 2319
2356 2319
2357 2322
2358 2245
2359 2232
2360 2308
2361 2282
2362 2067
2363 2067
2364 2283
2365 2297
2366 2220
2367 2169
2368 2168
2369 2165
2370 2169
2371 2181
2372 2168
2373 2067
2374 2298
2375 2626
2376 2473
2377 2358
2378 2498
2379 2165
2380 2165
2381 2165
2382 2634
2383 2181
2384 2181
2385 2205
2386 2038
2387 2027
2388 2146
2389 2038
2390 2273
2391 2456
2392 2463
2393 2515
2394 2515
2395 2473
2396 2300
2397 2439
2398 2573
2399 2407
2400 2167
2401 2319
2402 2410
2403 2509
2404 2456
2405 2579
2406 2409
2407 2445
2408 2445
2409 2445
2410 2446
2411 2444
2412 2445
2413 2445
2414 2445
2415 2445
2416 2445
2417 2445
2418 2445
2419 2445
2420 2445
2421 2445
2422 2445
2423 2445
2424 2445
2425 2445
2426 2445
2427 2445
2428 2445
2429 2445
2430 2445
2431 2445
2432 2445
2433 2445
2434 2445
2435 2445
2436 2445
2437 2445
2438 2445
2439 2445
2440 2445
2441 2445
2442 2445
2443 2445
2444 2445
2445 2445
2446 2445
2447 2445
2448 2445
2449 2445
2450 2445
2451 2445
2452 2445
2453 2444
2454 2444
2455 2445
2456 2445
2457 2445
2458 2445
2459 2445
2460 2445
2461 2445
2462 2445
2463 2445
2464 2445
2465 2445
2466 2445
2467 2445
2468 2445
2469 2643
2470 2627
2471 2627
2472 2643
2473 2475
2474 2633
2475 2626
2476 2470
2477 2643
2478 2496
2479 2159
2480 2167
2481 2167
2482 2156
2483 2627
2484 2643
2485 2622
2486 2633
2487 2626
2488 2622
2489 2489
2490 2168
2491 2168
2492 2622
2493 2610
2494 2601
2495 2621
2496 2156
2497 2581
2498 2581
2499 2587
2500 2620
2501 2525
2502 2525
2503 2643
2504 2643
2505 2619
2506 2643
2507 2525
2508 2565
2509 2502
2510 2480
2511 2610
2512 2565
2513 2565
2514 2643
2515 2525
2516 2525
2517 2502
2518 2579
2519 2579
2520 2579
2521 2573
2522 2571
2523 2573
2524 2573
2525 2560
2526 2443
2527 2444
2528 2445
2529 2445
2530 2445
2531 2445
2532 2445
2533 2444
2534 2445
2535 2445
2536 2445
2537 2445
2538 2445
2539 2444
2540 2445
2541 2445
2542 2444
2543 2443
2544 2445
2545 2445
2546 2445
2547 2445
2548 2445
2549 2445
2550 2444
2551 2445
2552 2443
2553 2456
2554 2445
2555 2445
2556 2445
2557 2445
2558 2445
2559 2445
2560 2445
2561 2445
2562 2445
2563 2445
2564 2560
2565 2571
2566 2456
2567 2444
2568 2456
2569 2463
2570 2444
2571 2444
2572 2445
2573 2445
2574 2445
2575 2445
2576 2445
2577 2445
2578 2445
2579 2445
2580 2490
2581 2621
2582 2623
2583 2623
2584 2583
2585 2621
2586 2623
2587 2623
2588 2621
2589 2583
2590 2623
2591 2613
2592 2597
2593 2607
2594 2613
2595 2278
2596 2611
2597 2596
2598 2278
2599 2623
2600 2621
2601 2610
2602 2623
2603 2623
2604 2610
2605 2194
2606 2597
2607 2597
2608 2611
2609 2597
2610 2610
2611 2611
2612 2611
2613 2610
2614 2613
2615 2610
2616 2613
2617 2610
2618 2623
2619 2581
2620 2622
2621 2602
2622 2602
2623 2616
2624 2583
2625 2581
2626 2600
2627 2620
2628 2611
2629 2620
2630 2620
2631 2602
2632 2584
2633 2581
2634 2600
2635 2642
2636 2633
2637 2642
2638 2642
2639 2633
2640 2619
2641 2619
2642 2620
2643 2640
2644 2686
2645 2690
2646 2690
2647 2677
2648 2687
2649 2643
2650 2686
2651 2687
2652 2643
2653 2690
2654 2677
2655 2687
2656 2643
2657 2678
2658 2678
2659 2686
2660 2686
2661 2687
2662 2690
2663 2678
2664 2644
2665 2690
2666 2678
2667 2643
2668 2677
2669 2641
2670 2642
2671 2690
2672 2678
2673 2678
2674 2678
2675 2644
2676 2677
2677 2643
2678 2677
2679 2689
2680 2689
2681 2619
2682 2619
2683 2633
2684 2686
2685 2633
2686 2633
2687 2643
2688 2643
2689 2677
2690 2677
2691 2677
2692 2690
2693 2689
2694 2678
2695 2690
2696 2690
2697 2278
2698 2759
2699 2759
2700 2700
2701 2701
2702 2702
2703 2703
2704 2704
2705 2759
2706 2700
2707 2701
2708 2758
2709 2709
2710 2710
2711 2711
2712 2712
2713 2709
2714 2759
2715 2713
2716 2716
2717 2750
2718 2735
2719 2735
2720 2735
2721 2735
2722 2721
2723 1263
2724 2735
2725 2721
2726 2720
2727 2734
2728 2735
2729 2731
2730 2731
2731 2731
2732 1263
2733 1263
2734 2734
2735 2735
2736 2731
2737 2734
2738 2735
2739 2731
2740 1263
2741 2735
2742 2742
2743 2711
2744 2718
2745 2731
2746 2731
2747 2722
2748 2718
2749 2719
2750 2750
2751 2766
2752 2719
2753 2719
2754 2754
2755 2713
2756 2758
2757 2760
2758 2758
2759 2759
2760 2760
2761 2760
2762 2748
2763 2721
2764 2720
2765 2719
2766 2719
2767 2718
2768 2718
2769 2719
2770 2063
2771 2062
2772 2061
2773 2081
2774 2176
2775 2081
2776 2082
2777 2278
2778 2002
2779 128
2780 127
2781 127
2782 128
2783 128
2784 128
2785 128
2786 128
2787 128
2788 128
2789 128
2790 128
2791 128
2792 127
2793 127
2794 127
2795 128
2796 127
2797 127
2798 128
2799 128
2800 128
2801 128
2802 128
2803 128
2804 128
2805 127
2806 128
2807 128
2808 128
2809 128
2810 127
2811 127
2812 2812
2813 695
2814 127
2815 127
2816 127
2817 127
2818 127
2819 2819
2820 2820
2821 2822
2822 2822
2823 2823
2824 2824
2825 2825
2826 2826
2827 2827
2828 1490
2829 1490
2830 617
2831 2831
2832 633
2833 2833
2834 2834
2835 2835
2836 2836
2837 2837
2838 2838
2839 2840
2840 2840
2841 2841
2842 2842
2843 2843
2844 2844
2845 2845
2846 2846
2847 2839
2848 926
2849 2849
2850 892
2851 2851
2852 3065
2853 3498
2854 2854
2855 2855
2856 2856
2857 2857
2858 3483
2859 2859
2860 2859
2861 2861
2862 2862
2863 2868
2864 2864
2865 2865
2866 2866
2867 2867
2868 611
2869 611
2870 2870
2871 2871
2872 3067
2873 1593
2874 1918
2875 747
2876 2875
2877 1217
2878 2878
2879 782
2880 2879
2881 2880
2882 2881
2883 941
2884 732
2885 2886
2886 2886
2887 2888
2888 2888
2889 2889
2890 1823
2891 2891
2892 2892
2893 2893
2894 2894
2895 2895
2896 2896
2897 2822
2898 2822
2899 2822
2900 2900
2901 2900
2902 2902
2903 1878
2904 1877
2905 2905
2906 2906
2907 2907
2908 2908
2909 2909
2910 2910
2911 2911
2912 2912
2913 2913
2914 2914
2915 2915
2916 2919
2917 2916
2918 2917
2919 2919
2920 2920
2921 1795
2922 2922
2923 2922
2924 2924
2925 2925
2926 2926
2927 939
2928 2928
2929 2929
2930 2930
2931 2931
2932 2932
2933 2933
2934 2934
2935 2935
2936 2936
2937 2937
2938 2938
2939 2939
2940 2940
2941 2941
2942 2942
2943 3001
2944 1854
2945 1889
2946 1854
2947 1856
2948 2948
2949 2949
2950 3006
2951 2950
2952 2952
2953 2953
2954 778
2955 777
2956 2956
2957 786
2958 2958
2959 2959
2960 2960
2961 2961
2962 2962
2963 2963
2964 2964
2965 2965
2966 2966
2967 2967
2968 735
2969 2969
2970 2934
2971 2971
2972 744
2973 744
2974 2984
2975 2897
2976 2975
2977 2984
2978 2896
2979 2987
2980 2896
2981 2984
2982 2896
2983 2985
2984 2896
2985 2985
2986 2985
2987 2987
2988 1882
2989 2989
2990 2990
2991 1358
2992 1355
2993 2986
2994 2990
2995 2989
2996 1889
2997 2997
2998 2998
2999 3003
3000 1856
3001 1855
3002 1854
3003 1857
3004 1884
3005 1890
3006 3006
3007 3007
3008 3008
3009 2893
3010 2893
3011 2893
3012 811
3013 1646
3014 3014
3015 3015
3016 3016
3017 3017
3018 3018
3019 3019
3020 3020
3021 5245
3022 6373
3023 3023
3024 6299
3025 3025
3026 3026
3027 3027
3028 2950
3029 729
3030 3037
3031 3031
3032 3032
3033 3033
3034 611
3035 3035
3036 3036
3037 611
3038 3038
3039 611
3040 3040
3041 3041
3042 3042
3043 612
3044 3044
3045 3162
3046 3046
3047 3793
3048 1905
3049 3049
3050 3050
3051 3910
3052 3910
3053 331
3054 332
3055 3056
3056 3499
3057 3942
3058 3058
3059 3059
3060 573
3061 3168
3062 1427
3063 3063
3064 3064
3065 3065
3066 3066
3067 3067
3068 4807
3069 5366
3070 3911
3071 3915
3072 3806
3073 3073
3074 3074
3075 3498
3076 3076
3077 3077
3078 3067
3079 3079
3080 3080
3081 3081
3082 3082
3083 3083
3084 3084
3085 810
3086 807
3087 3087
3088 3088
3089 3089
3090 3090
3091 3091
3092 3092
3093 3093
3094 3094
3095 3095
3096 3096
3097 3097
3098 3098
3099 3099
3100 1790
3101 3101
3102 3102
3103 3103
3104 3104
3105 3105
3106 3106
3107 3110
3108 3108
3109 3109
3110 3110
3111 3111
3112 3112
3113 3113
3114 3114
3115 3115
3116 3116
3117 3118
3118 3118
3119 3119
3120 3120
3121 3098
3122 3122
3123 3123
3124 3124
3125 976
3126 3126
3127 1140
3128 1454
3129 3129
3130 3129
3131 1451
3132 3132
3133 1454
3134 3479
3135 1165
3136 3136
3137 3137
3138 3138
3139 3140
3140 3140
3141 3141
3142 3142
3143 3143
3144 3143
3145 3145
3146 3146
3147 3147
3148 3148
3149 6565
3150 3150
3151 3151
3152 3152
3153 3153
3154 1795
3155 3155
3156 1796
3157 1796
3158 3158
3159 3159
3160 3160
3161 6493
3162 3162
3163 127
3164 3164
3165 128
3166 5367
3167 331
3168 3168
3169 6496
3170 4704
3171 3171
3172 6547
3173 3173
3174 3197
3175 3179
3176 3195
3177 3195
3178 1374
3179 1374
3180 1158
3181 1121
3182 3174
3183 3174
3184 1121
3185 3191
3186 3181
3187 3184
3188 3321
3189 3186
3190 3182
3191 3175
3192 3175
3193 3196
3194 3174
3195 3174
3196 3192
3197 3178
3198 3319
3199 3200
3200 3177
3201 3177
3202 3176
3203 3176
3204 3177
3205 3176
3206 3174
3207 3323
3208 3322
3209 3201
3210 3193
3211 3306
3212 3306
3213 3306
3214 3306
3215 3306
3216 3306
3217 3306
3218 3306
3219 3306
3220 3306
3221 3306
3222 3306
3223 3306
3224 3212
3225 3212
3226 3258
3227 3306
3228 3306
3229 3306
3230 3306
3231 3306
3232 3305
3233 3306
3234 3306
3235 3305
3236 3218
3237 3305
3238 3306
3239 3305
3240 3306
3241 3306
3242 3306
3243 3306
3244 3306
3245 3306
3246 3306
3247 3306
3248 3306
3249 3306
3250 3306
3251 3306
3252 3306
3253 3306
3254 3306
3255 3306
3256 3306
3257 3306
3258 3306
3259 3306
3260 3306
3261 3306
3262 3306
3263 3306
3264 3306
3265 3306
3266 3306
3267 3212
3268 3306
3269 3306
3270 3306
3271 3306
3272 3306
3273 3306
3274 3306
3275 3306
3276 3306
3277 3306
3278 3306
3279 3284
3280 3269
3281 3271
3282 3283
3283 3271
3284 3309
3285 3258
3286 3272
3287 3271
3288 3212
3289 3268
3290 3269
3291 3213
3292 3236
3293 3306
3294 3292
3295 3306
3296 3305
3297 3236
3298 3306
3299 3306
3300 3306
3301 3306
3302 3306
3303 3306
3304 3306
3305 3306
3306 3306
3307 3306
3308 3306
3309 3306
3310 3304
3311 3269
3312 3306
3313 3284
3314 3312
3315 3315
3316 3316
3317 3212
3318 3318
3319 3196
3320 3175
3321 3175
3322 3176
3323 3196
3324 3201
3325 3201
3326 3201
3327 3207
3328 3207
3329 3210
3330 3198
3331 3198
3332 3435
3333 3434
3334 3434
3335 3434
3336 3336
3337 3340
3338 3339
3339 3339
3340 3340
3341 3338
3342 3340
3343 3398
3344 3342
3345 3398
3346 3346
3347 3437
3348 3348
3349 3349
3350 3352
3351 3353
3352 3352
3353 3353
3354 3354
3355 3355
3356 3406
3357 3346
3358 3358
3359 3355
3360 3358
3361 3359
3362 3340
3363 3406
3364 3364
3365 3407
3366 3407
3367 3407
3368 3369
3369 3369
3370 3387
3371 3455
3372 3450
3373 3427
3374 3394
3375 3416
3376 3383
3377 3394
3378 3388
3379 3416
3380 3433
3381 3331
3382 3388
3383 3416
3384 3416
3385 3388
3386 3394
3387 3416
3388 3417
3389 3394
3390 3435
3391 3436
3392 3434
3393 3434
3394 3417
3395 3434
3396 3414
3397 3406
3398 3398
3399 3387
3400 3394
3401 3394
3402 3448
3403 3407
3404 3396
3405 3456
3406 3406
3407 3407
3408 3449
3409 3394
3410 3428
3411 3388
3412 3396
3413 3396
3414 3394
3415 3433
3416 3433
3417 3395
3418 3415
3419 3419
3420 3447
3421 3456
3422 3427
3423 3394
3424 3394
3425 3394
3426 3394
3427 3414
3428 3396
3429 3396
3430 3428
3431 3428
3432 3199
3433 3199
3434 3198
3435 3198
3436 3198
3437 3406
3438 3437
3439 3437
3440 3439
3441 3407
3442 3407
3443 3444
3444 3444
3445 3456
3446 3449
3447 3449
3448 3449
3449 3462
3450 3462
3451 3462
3452 3428
3453 3427
3454 3428
3455 3428
3456 3428
3457 3427
3458 3427
3459 3427
3460 3427
3461 3428
3462 3428
3463 3427
3464 3428
3465 3427
3466 3427
3467 3427
3468 3427
3469 3328
3470 3470
3471 1216
3472 3472
3473 3472
3474 3474
3475 3475
3476 2831
3477 2830
3478 3478
3479 1322
3480 3480
3481 3481
3482 4382
3483 2859
3484 4729
3485 251
3486 251
3487 251
3488 251
3489 251
3490 252
3491 251
3492 254
3493 251
3494 251
3495 6501
3496 6500
3497 3497
3498 3498
3499 5366
3500 3500
3501 1767
3502 6473
3503 3503
3504 3504
3505 3505
3506 6498
3507 3507
3508 3026
3509 3509
3510 3510
3511 3511
3512 128
3513 3641
3514 128
3515 128
3516 128
3517 128
3518 6248
3519 3638
3520 3537
3521 3536
3522 3537
3523 3749
3524 60
3525 3650
3526 416
3527 3911
3528 331
3529 331
3530 3915
3531 3787
3532 329
3533 409
3534 128
3535 409
3536 332
3537 3559
3538 331
3539 331
3540 330
3541 330
3542 330
3543 330
3544 331
3545 331
3546 331
3547 331
3548 330
3549 329
3550 329
3551 330
3552 1906
3553 3793
3554 3499
3555 3499
3556 332
3557 6494
3558 3047
3559 3805
3560 3499
3561 3911
3562 3910
3563 3911
3564 3911
3565 3910
3566 3614
3567 3614
3568 3910
3569 3910
3570 3614
3571 3910
3572 3910
3573 3910
3574 3910
3575 3793
3576 5367
3577 5367
3578 3793
3579 3793
3580 3793
3581 3793
3582 3793
3583 3793
3584 3793
3585 3793
3586 3793
3587 5366
3588 5367
3589 5367
3590 5366
3591 5367
3592 5367
3593 3587
3594 5367
3595 5367
3596 5366
3597 3793
3598 5366
3599 5366
3600 5366
3601 3613
3602 5366
3603 5366
3604 3911
3605 3911
3606 5366
3607 3499
3608 3613
3609 5366
3610 3911
3611 3911
3612 3910
3613 3910
3614 3614
3615 3046
3616 128
3617 128
3618 128
3619 128
3620 128
3621 128
3622 3550
3623 3556
3624 3742
3625 3642
3626 329
3627 128
3628 3638
3629 331
3630 128
3631 409
3632 128
3633 128
3634 128
3635 128
3636 128
3637 128
3638 128
3639 128
3640 128
3641 128
3642 128
3643 128
3644 128
3645 128
3646 128
3647 3641
3648 3514
3649 103
3650 3910
3651 416
3652 3615
3653 3046
3654 3654
3655 3655
3656 3653
3657 3657
3658 3658
3659 3660
3660 3713
3661 3661
3662 3721
3663 3810
3664 3731
3665 3665
3666 3570
3667 3751
3668 3749
3669 3846
3670 3762
3671 3762
3672 3674
3673 3759
3674 250
3675 3761
3676 3641
3677 127
3678 413
3679 413
3680 385
3681 385
3682 413
3683 385
3684 3698
3685 3685
3686 3686
3687 3686
3688 274
3689 249
3690 384
3691 384
3692 385
3693 384
3694 457
3695 384
3696 3697
3697 463
3698 3815
3699 3815
3700 128
3701 3638
3702 3638
3703 128
3704 3519
3705 6252
3706 3682
3707 3762
3708 385
3709 3786
3710 384
3711 385
3712 3699
3713 3737
3714 3714
3715 3715
3716 302
3717 3814
3718 3719
3719 3719
3720 3725
3721 3721
3722 3769
3723 3768
3724 3768
3725 3725
3726 3942
3727 3728
3728 3728
3729 4807
3730 3943
3731 3920
3732 3902
3733 3767
3734 3734
3735 3735
3736 3812
3737 3737
3738 304
3739 330
3740 128
3741 128
3742 128
3743 128
3744 128
3745 128
3746 128
3747 128
3748 3587
3749 280
3750 3804
3751 3789
3752 3638
3753 3638
3754 3638
3755 100
3756 101
3757 3611
3758 3550
3759 250
3760 127
3761 249
3762 274
3763 384
3764 384
3765 457
3766 457
3767 422
3768 3768
3769 3919
3770 127
3771 128
3772 3648
3773 3749
3774 5367
3775 3789
3776 3789
3777 5366
3778 3565
3779 3650
3780 3656
3781 385
3782 385
3783 385
3784 385
3785 385
3786 254
3787 3914
3788 332
3789 3805
3790 5366
3791 3911
3792 3911
3793 100
3794 3162
3795 3058
3796 3726
3797 3797
3798 331
3799 331
3800 331
3801 330
3802 5367
3803 3805
3804 3499
3805 3499
3806 3805
3807 3807
3808 3808
3809 3734
3810 3810
3811 3735
3812 3812
3813 3814
3814 302
3815 3737
3816 3050
3817 3050
3818 3050
3819 3049
3820 331
3821 331
3822 331
3823 331
3824 331
3825 331
3826 331
3827 331
3828 331
3829 330
3830 330
3831 330
3832 331
3833 331
3834 331
3835 331
3836 330
3837 330
3838 409
3839 3942
3840 3050
3841 3793
3842 128
3843 3789
3844 331
3845 329
3846 331
3847 3929
3848 128
3849 128
3850 128
3851 128
3852 128
3853 128
3854 128
3855 128
3856 128
3857 128
3858 128
3859 128
3860 329
3861 3053
3862 3642
3863 3551
3864 3868
3865 3867
3866 3868
3867 3868
3868 3780
3869 3780
3870 385
3871 385
3872 385
3873 385
3874 3786
3875 385
3876 3786
3877 3786
3878 3786
3879 3786
3880 3786
3881 3881
3882 3781
3883 3763
3884 3981
3885 3868
3886 3868
3887 3780
3888 446
3889 457
3890 3893
3891 3765
3892 446
3893 446
3894 3524
3895 4009
3896 3901
3897 3902
3898 3900
3899 3893
3900 445
3901 445
3902 422
3903 3868
3904 3868
3905 3868
3906 3868
3907 3886
3908 3651
3909 128
3910 3910
3911 3910
3912 3915
3913 3806
3914 3806
3915 275
3916 128
3917 304
3918 3918
3919 3919
3920 3920
3921 3921
3922 332
3923 332
3924 330
3925 1905
3926 331
3927 331
3928 331
3929 332
3930 128
3931 128
3932 330
3933 330
3934 3934
3935 3935
3936 3047
3937 3805
3938 4017
3939 3763
3940 3694
3941 3892
3942 3942
3943 3943
3944 3944
3945 3642
3946 3642
3947 128
3948 5366
3949 3793
3950 3049
3951 331
3952 385
3953 3764
3954 3763
3955 385
3956 385
3957 3786
3958 385
3959 385
3960 385
3961 3763
3962 3786
3963 385
3964 385
3965 3786
3966 385
3967 385
3968 385
3969 385
3970 385
3971 385
3972 3867
3973 3867
3974 384
3975 384
3976 384
3977 384
3978 3765
3979 3765
3980 3893
3981 3893
3982 3867
3983 3900
3984 385
3985 385
3986 385
3987 385
3988 384
3989 3765
3990 384
3991 384
3992 3892
3993 3896
3994 4009
3995 4009
3996 3896
3997 3896
3998 3892
3999 3896
4000 4009
4001 3896
4002 3896
4003 3896
4004 3892
4005 4009
4006 3867
4007 3896
4008 3867
4009 3866
4010 3868
4011 3868
4012 384
4013 384
4014 3868
4015 3892
4016 3893
4017 4014
4018 3893
4019 3866
4020 3867
4021 3866
4022 3866
4023 3896
4024 3893
4025 3896
4026 3893
4027 3896
4028 4014
4029 3896
4030 3892
4031 3896
4032 3892
4033 3765
4034 384
4035 384
4036 3892
4037 3765
4038 3765
4039 384
4040 384
4041 384
4042 384
4043 384
4044 384
4045 385
4046 384
4047 3764
4048 384
4049 384
4050 385
4051 385
4052 385
4053 385
4054 385
4055 385
4056 385
4057 3764
4058 4799
4059 4799
4060 4060
4061 4800
4062 385
4063 3764
4064 385
4065 384
4066 384
4067 384
4068 384
4069 3765
4070 3765
4071 3892
4072 4075
4073 4074
4074 4074
4075 4075
4076 4188
4077 4779
4078 4079
4079 4079
4080 4080
4081 4081
4082 4082
4083 6314
4084 4182
4085 4085
4086 4898
4087 4087
4088 4088
4089 4898
4090 4090
4091 4091
4092 4092
4093 4090
4094 4094
4095 4095
4096 4096
4097 4232
4098 4100
4099 4898
4100 4100
4101 4101
4102 4102
4103 6290
4104 6290
4105 4105
4106 4106
4107 4752
4108 4108
4109 4109
4110 4111
4111 4111
4112 4112
4113 4113
4114 4864
4115 4858
4116 4117
4117 4117
4118 4120
4119 4119
4120 4120
4121 4164
4122 5293
4123 5343
4124 4124
4125 5293
4126 4191
4127 6320
4128 4128
4129 4129
4130 4130
4131 4131
4132 4854
4133 4883
4134 4106
4135 4135
4136 4127
4137 4110
4138 4113
4139 4138
4140 4176
4141 4176
4142 4164
4143 4165
4144 4120
4145 4120
4146 4102
4147 4147
4148 4177
4149 4149
4150 4193
4151 4425
4152 4193
4153 4164
4154 4154
4155 4155
4156 4156
4157 4157
4158 4157
4159 4156
4160 4191
4161 4161
4162 4162
4163 4163
4164 4164
4165 4165
4166 4332
4167 4425
4168 4168
4169 4169
4170 4768
4171 4168
4172 4172
4173 4173
4174 4174
4175 4175
4176 4176
4177 4177
4178 4176
4179 4179
4180 4180
4181 4416
4182 4417
4183 4183
4184 4184
4185 4185
4186 4185
4187 4187
4188 4188
4189 4072
4190 4074
4191 4191
4192 4192
4193 4316
4194 4194
4195 4195
4196 4196
4197 4197
4198 4269
4199 4199
4200 4200
4201 4201
4202 4202
4203 5309
4204 4754
4205 4168
4206 4754
4207 4207
4208 4120
4209 4208
4210 4210
4211 4751
4212 4212
4213 4213
4214 4382
4215 4215
4216 4216
4217 4382
4218 4218
4219 4219
4220 4220
4221 4221
4222 4222
4223 4223
4224 4250
4225 4225
4226 4227
4227 4227
4228 4227
4229 4892
4230 4232
4231 4231
4232 4232
4233 5270
4234 4235
4235 5271
4236 5270
4237 4237
4238 4238
4239 4240
4240 4240
4241 4768
4242 4755
4243 4207
4244 4754
4245 4244
4246 4246
4247 4272
4248 4272
4249 4267
4250 4278
4251 4280
4252 4265
4253 4253
4254 4254
4255 4255
4256 4255
4257 5229
4258 4258
4259 4259
4260 4767
4261 4263
4262 6437
4263 4263
4264 4263
4265 6414
4266 4265
4267 4267
4268 4224
4269 4269
4270 4724
4271 4269
4272 4272
4273 4887
4274 4885
4275 4272
4276 4850
4277 4794
4278 4225
4279 4279
4280 4280
4281 4250
4282 4282
4283 4283
4284 4164
4285 4208
4286 4208
4287 4119
4288 4165
4289 4165
4290 4165
4291 4291
4292 4292
4293 4294
4294 4294
4295 4295
4296 4296
4297 4297
4298 4298
4299 4300
4300 4293
4301 4301
4302 4302
4303 4298
4304 4298
4305 4294
4306 4231
4307 4307
4308 4305
4309 4761
4310 4297
4311 4311
4312 4312
4313 4313
4314 4313
4315 4315
4316 4316
4317 4317
4318 4746
4319 4746
4320 4320
4321 4321
4322 4322
4323 4323
4324 4320
4325 4319
4326 4729
4327 4327
4328 6536
4329 4329
4330 4316
4331 4316
4332 4332
4333 4334
4334 4334
4335 4335
4336 4335
4337 4335
4338 4334
4339 4339
4340 4336
4341 4342
4342 6383
4343 4343
4344 4344
4345 4345
4346 4689
4347 4347
4348 4348
4349 4349
4350 4351
4351 4351
4352 4311
4353 4311
4354 4354
4355 4298
4356 4356
4357 4357
4358 4335
4359 4333
4360 4336
4361 4361
4362 4363
4363 4333
4364 1476
4365 4365
4366 4366
4367 4364
4368 4368
4369 4369
4370 4370
4371 4368
4372 4288
4373 4317
4374 4288
4375 4121
4376 4284
4377 4378
4378 4378
4379 4379
4380 4380
4381 4382
4382 4382
4383 4383
4384 4384
4385 4385
4386 4387
4387 4387
4388 4388
4389 4335
4390 4390
4391 4390
4392 4390
4393 4392
4394 4835
4395 4394
4396 4397
4397 4926
4398 4398
4399 4983
4400 4400
4401 4400
4402 4402
4403 4403
4404 4341
4405 4406
4406 4151
4407 4407
4408 4408
4409 6876
4410 4410
4411 4411
4412 4412
4413 4413
4414 4414
4415 4415
4416 4416
4417 4417
4418 4296
4419 4419
4420 4420
4421 4421
4422 4422
4423 4298
4424 4316
4425 4425
4426 4426
4427 4427
4428 4428
4429 4898
4430 4334
4431 4459
4432 4460
4433 4438
4434 4840
4435 4435
4436 4435
4437 4438
4438 4438
4439 4439
4440 4439
4441 4441
4442 4441
4443 4390
4444 4444
4445 4444
4446 4459
4447 4459
4448 4387
4449 4449
4450 4835
4451 4437
4452 4452
4453 4454
4454 4454
4455 4456
4456 4456
4457 4457
4458 4457
4459 4459
4460 4460
4461 4465
4462 4461
4463 4464
4464 4464
4465 4465
4466 4466
4467 4467
4468 4468
4469 4469
4470 4470
4471 4470
4472 4472
4473 4470
4474 4474
4475 4476
4476 4472
4477 4989
4478 4478
4479 4479
4480 4439
4481 4481
4482 4482
4483 4488
4484 4484
4485 4486
4486 4491
4487 4490
4488 4489
4489 4489
4490 4490
4491 4491
4492 4492
4493 4492
4494 4489
4495 4495
4496 4496
4497 4496
4498 4498
4499 4499
4500 4500
4501 4500
4502 4499
4503 4633
4504 4503
4505 4506
4506 4506
4507 4507
4508 4507
4509 4509
4510 4510
4511 4514
4512 4512
4513 4513
4514 4513
4515 4657
4516 4659
4517 4508
4518 4518
4519 4519
4520 4520
4521 4521
4522 4522
4523 4521
4524 4521
4525 4525
4526 4527
4527 4527
4528 4528
4529 4505
4530 4633
4531 4531
4532 4532
4533 4534
4534 4534
4535 4537
4536 4536
4537 4537
4538 4538
4539 4539
4540 4540
4541 4533
4542 4545
4543 4543
4544 4544
4545 4545
4546 4546
4547 4552
4548 4548
4549 4549
4550 4552
4551 4552
4552 4552
4553 4553
4554 4554
4555 4555
4556 4553
4557 4663
4558 4558
4559 4559
4560 4560
4561 4561
4562 4603
4563 4642
4564 4639
4565 4564
4566 4566
4567 4665
4568 4568
4569 4569
4570 4570
4571 4942
4572 4572
4573 4573
4574 4575
4575 4641
4576 4668
4577 4577
4578 4578
4579 4939
4580 4583
4581 4581
4582 4941
4583 4946
4584 4588
4585 4585
4586 4586
4587 4589
4588 4588
4589 4589
4590 5002
4591 4591
4592 4592
4593 4590
4594 4940
4595 4594
4596 4944
4597 4947
4598 4601
4599 4945
4600 4947
4601 4619
4602 4604
4603 4599
4604 4598
4605 4622
4606 4848
4607 4643
4608 5003
4609 5003
4610 4616
4611 4616
4612 4615
4613 4615
4614 4619
4615 4615
4616 4616
4617 4620
4618 4620
4619 4619
4620 4616
4621 4618
4622 4621
4623 4625
4624 4623
4625 4834
4626 4626
4627 4438
4628 4435
4629 4441
4630 4439
4631 4513
4632 4632
4633 4633
4634 4634
4635 4842
4636 4636
4637 4637
4638 4638
4639 4639
4640 4640
4641 4641
4642 4642
4643 4593
4644 4608
4645 4645
4646 4646
4647 4647
4648 4648
4649 4649
4650 4651
4651 4651
4652 4705
4653 4519
4654 4509
4655 4509
4656 4654
4657 4632
4658 4631
4659 4631
4660 4632
4661 4661
4662 4662
4663 4663
4664 4664
4665 4665
4666 4666
4667 4668
4668 4942
4669 4665
4670 4439
4671 4440
4672 4441
4673 4441
4674 4963
4675 4963
4676 4676
4677 4677
4678 4678
4679 4679
4680 4680
4681 4681
4682 5230
4683 4895
4684 4684
4685 4259
4686 4686
4687 1330
4688 4688
4689 4343
4690 4690
4691 4691
4692 4692
4693 4693
4694 4968
4695 4695
4696 4221
4697 4696
4698 4698
4699 4699
4700 4700
4701 4701
4702 4702
4703 4299
4704 4706
4705 4705
4706 4624
4707 4707
4708 4834
4709 4709
4710 4710
4711 4712
4712 4712
4713 4339
4714 4857
4715 5206
4716 4716
4717 4859
4718 5295
4719 4719
4720 4720
4721 5284
4722 4722
4723 4723
4724 5282
4725 5294
4726 5284
4727 5284
4728 4725
4729 4729
4730 4352
4731 4732
4732 6294
4733 6297
4734 4734
4735 4735
4736 4736
4737 4740
4738 4738
4739 4739
4740 4740
4741 6280
4742 4902
4743 4743
4744 4886
4745 4745
4746 4711
4747 4747
4748 4748
4749 4750
4750 4961
4751 4751
4752 4752
4753 4753
4754 4754
4755 4168
4756 4168
4757 4757
4758 4987
4759 4759
4760 4704
4761 4761
4762 4761
4763 4766
4764 4887
4765 4766
4766 4228
4767 4766
4768 4770
4769 4768
4770 4272
4771 4772
4772 4772
4773 4773
4774 4774
4775 4775
4776 4776
4777 4777
4778 4773
4779 4779
4780 4779
4781 4781
4782 4781
4783 4783
4784 4784
4785 4785
4786 4236
4787 4761
4788 4799
4789 4073
4790 4850
4791 4850
4792 4792
4793 3943
4794 4850
4795 4850
4796 4796
4797 4797
4798 4798
4799 4799
4800 4800
4801 4801
4802 4801
4803 4119
4804 4963
4805 1325
4806 4806
4807 4807
4808 4808
4809 4809
4810 4810
4811 4811
4812 4812
4813 4813
4814 4814
4815 4815
4816 4816
4817 4872
4818 4918
4819 4917
4820 4821
4821 4821
4822 4822
4823 4823
4824 4824
4825 4828
4826 4826
4827 4826
4828 4828
4829 4829
4830 4911
4831 6448
4832 4913
4833 4911
4834 4834
4835 4835
4836 4836
4837 4837
4838 4396
4839 4395
4840 4436
4841 4438
4842 4842
4843 4843
4844 4844
4845 4640
4846 4846
4847 4643
4848 4644
4849 4850
4850 4850
4851 4850
4852 4850
4853 4225
4854 4854
4855 4855
4856 4856
4857 4857
4858 5206
4859 4856
4860 5206
4861 4791
4862 4862
4863 4716
4864 4850
4865 4851
4866 4865
4867 4791
4868 5206
4869 4857
4870 4855
4871 4871
4872 4918
4873 4917
4874 4874
4875 4875
4876 4876
4877 4877
4878 6282
4879 4978
4880 4978
4881 6282
4882 4882
4883 4883
4884 4884
4885 4885
4886 4886
4887 4887
4888 4816
4889 4902
4890 4890
4891 4268
4892 4227
4893 4897
4894 4898
4895 4131
4896 4896
4897 4897
4898 4898
4899 4105
4900 4072
4901 4879
4902 4902
4903 4903
4904 4904
4905 4247
4906 4743
4907 4907
4908 4908
4909 4909
4910 4910
4911 6449
4912 4912
4913 5335
4914 4914
4915 5335
4916 4918
4917 4917
4918 4918
4919 4297
4920 4920
4921 4425
4922 6375
4923 4923
4924 1476
4925 4925
4926 4926
4927 4920
4928 4435
4929 4438
4930 4452
4931 4456
4932 4457
4933 4933
4934 4456
4935 4457
4936 4936
4937 4939
4938 4946
4939 4939
4940 4946
4941 4941
4942 4942
4943 4943
4944 4947
4945 4947
4946 4946
4947 4947
4948 4623
4949 4711
4950 4950
4951 4951
4952 4952
4953 4164
4954 4120
4955 6289
4956 6289
4957 4963
4958 4208
4959 4959
4960 4960
4961 4962
4962 6289
4963 4963
4964 4963
4965 6286
4966 4748
4967 6286
4968 4968
4969 4969
4970 4970
4971 4971
4972 4973
4973 4711
4974 4766
4975 4975
4976 4976
4977 4917
4978 4978
4979 4979
4980 5321
4981 5321
4982 5335
4983 4983
4984 4297
4985 4296
4986 4986
4987 4987
4988 4439
4989 4441
4990 4513
4991 4527
4992 4502
4993 4500
4994 4543
4995 4542
4996 4638
4997 4997
4998 4565
4999 4999
5000 5000
5001 5001
5002 4612
5003 4616
5004 4704
5005 6547
5006 5006
5007 5007
5008 4767
5009 5009
5010 5010
5011 6283
5012 5012
5013 5014
5014 5014
5015 5016
5016 5016
5017 5060
5018 5018
5019 5016
5020 5018
5021 5195
5022 5021
5023 5196
5024 5196
5025 5162
5026 5025
5027 5057
5028 5018
5029 5195
5030 5195
5031 5032
5032 5032
5033 5192
5034 5193
5035 5035
5036 5035
5037 5038
5038 5038
5039 5039
5040 5039
5041 5042
5042 5042
5043 5076
5044 5076
5045 5045
5046 5045
5047 5019
5048 5021
5049 5049
5050 5050
5051 5051
5052 5051
5053 5196
5054 5196
5055 5051
5056 5051
5057 5057
5058 5052
5059 5058
5060 5060
5061 5061
5062 5062
5063 5062
5064 5064
5065 5198
5066 5038
5067 5039
5068 5069
5069 5016
5070 5039
5071 5039
5072 5199
5073 6334
5074 5032
5075 5071
5076 5076
5077 5077
5078 5078
5079 5197
5080 5081
5081 5081
5082 5087
5083 5087
5084 5221
5085 5221
5086 5221
5087 5087
5088 5208
5089 5123
5090 5135
5091 5135
5092 5099
5093 5193
5094 5081
5095 5095
5096 5192
5097 5034
5098 5076
5099 5193
5100 5100
5101 5101
5102 5153
5103 5153
5104 5153
5105 5204
5106 5204
5107 5153
5108 5150
5109 5150
5110 5209
5111 5209
5112 5096
5113 5096
5114 5114
5115 5152
5116 5117
5117 5194
5118 5119
5119 5122
5120 5135
5121 6471
5122 5122
5123 5123
5124 5135
5125 5135
5126 5113
5127 5171
5128 5128
5129 5129
5130 5131
5131 5035
5132 5132
5133 5133
5134 5116
5135 5135
5136 5100
5137 5100
5138 5141
5139 5141
5140 5141
5141 5141
5142 5203
5143 5203
5144 5203
5145 5178
5146 5176
5147 5106
5148 5178
5149 5151
5150 5150
5151 5151
5152 5152
5153 5153
5154 5069
5155 5068
5156 5156
5157 5018
5158 5219
5159 5196
5160 5016
5161 5039
5162 5162
5163 5163
5164 5221
5165 5123
5166 5109
5167 5150
5168 5112
5169 5169
5170 5169
5171 5171
5172 5214
5173 5123
5174 5166
5175 5106
5176 5150
5177 5209
5178 4849
5179 5149
5180 5149
5181 5181
5182 5182
5183 4849
5184 5151
5185 5178
5186 5136
5187 5184
5188 5188
5189 5141
5190 5195
5191 5032
5192 5034
5193 5193
5194 5194
5195 5195
5196 5196
5197 5197
5198 5198
5199 5038
5200 5114
5201 5152
5202 5117
5203 5203
5204 5204
5205 5113
5206 5206
5207 5087
5208 5123
5209 5209
5210 5058
5211 5038
5212 5192
5213 5192
5214 5114
5215 5101
5216 5153
5217 5217
5218 5104
5219 5219
5220 5152
5221 5169
5222 5222
5223 5223
5224 5224
5225 5225
5226 5226
5227 4266
5228 5228
5229 5229
5230 5230
5231 385
5232 384
5233 385
5234 5234
5235 384
5236 3765
5237 384
5238 384
5239 3764
5240 385
5241 3765
5242 3892
5243 3786
5244 4373
5245 6388
5246 6544
5247 6371
5248 6543
5249 4298
5250 4298
5251 5255
5252 5258
5253 5257
5254 5251
5255 5255
5256 5256
5257 5257
5258 5258
5259 5259
5260 5260
5261 5260
5262 6510
5263 5263
5264 5260
5265 5265
5266 4295
5267 5267
5268 5268
5269 5269
5270 4232
5271 4232
5272 5272
5273 4728
5274 4727
5275 5275
5276 5276
5277 5272
5278 5270
5279 4271
5280 6338
5281 6338
5282 5284
5283 5284
5284 5284
5285 5284
5286 5348
5287 5351
5288 5351
5289 5348
5290 5290
5291 5291
5292 5292
5293 5293
5294 6350
5295 5295
5296 5296
5297 6394
5298 5298
5299 5299
5300 6422
5301 5301
5302 5302
5303 5303
5304 5304
5305 6467
5306 5306
5307 5307
5308 5306
5309 5308
5310 5310
5311 5311
5312 5312
5313 5312
5314 5314
5315 5314
5316 5313
5317 5311
5318 5314
5319 5319
5320 5320
5321 5335
5322 6470
5323 5322
5324 5324
5325 5342
5326 5326
5327 5327
5328 4770
5329 4207
5330 4768
5331 5331
5332 4981
5333 5333
5334 5334
5335 5335
5336 5336
5337 5337
5338 5338
5339 5339
5340 5341
5341 5309
5342 5342
5343 5343
5344 5344
5345 5346
5346 6351
5347 6351
5348 5346
5349 5344
5350 4914
5351 5351
5352 5316
5353 6450
5354 5354
5355 5355
5356 5269
5357 5357
5358 5358
5359 5359
5360 5269
5361 5133
5362 5362
5363 4889
5364 6437
5365 5365
5366 3911
5367 100
5368 3806
5369 275
5370 5128
5371 5171
5372 5372
5373 5038
5374 5045
5375 5045
5376 5045
5377 5076
5378 5081
5379 6335
5380 5380
5381 5391
5382 5390
5383 5747
5384 5747
5385 5399
5386 5747
5387 5420
5388 5747
5389 5747
5390 5420
5391 5420
5392 5433
5393 5420
5394 5420
5395 5433
5396 5747
5397 5747
5398 5399
5399 5420
5400 5401
5401 5392
5402 5390
5403 5399
5404 5747
5405 5440
5406 5403
5407 5052
5408 5438
5409 5425
5410 5433
5411 5411
5412 5412
5413 5395
5414 5219
5415 5425
5416 5425
5417 5433
5418 5425
5419 5433
5420 5420
5421 5428
5422 5428
5423 5403
5424 5391
5425 5425
5426 5438
5427 5438
5428 5434
5429 5438
5430 5747
5431 5747
5432 5432
5433 5433
5434 5433
5435 5425
5436 5436
5437 5162
5438 5425
5439 5425
5440 5747
5441 5052
5442 5612
5443 5674
5444 5641
5445 5458
5446 5554
5447 5530
5448 5726
5449 5485
5450 5523
5451 6235
5452 5611
5453 5463
5454 5463
5455 5655
5456 5611
5457 5525
5458 5637
5459 5604
5460 5522
5461 5522
5462 5458
5463 5523
5464 5682
5465 5674
5466 5539
5467 5632
5468 5660
5469 5539
5470 5547
5471 5685
5472 5458
5473 6239
5474 5662
5475 5549
5476 5549
5477 5483
5478 5481
5479 5476
5480 5571
5481 5558
5482 5552
5483 5687
5484 5688
5485 5726
5486 5486
5487 5492
5488 5939
5489 5933
5490 5958
5491 5947
5492 5492
5493 5492
5494 5495
5495 5569
5496 5645
5497 5645
5498 5932
5499 5948
5500 5947
5501 5958
5502 5462
5503 5523
5504 5675
5505 5524
5506 5525
5507 5655
5508 5523
5509 5633
5510 5464
5511 5463
5512 6235
5513 5523
5514 5523
5515 6235
5516 5675
5517 5737
5518 5737
5519 5751
5520 5521
5521 5561
5522 5464
5523 6235
5524 5462
5525 5463
5526 5493
5527 5494
5528 5849
5529 5961
5530 5482
5531 5718
5532 5478
5533 5476
5534 5571
5535 5525
5536 6235
5537 5674
5538 5539
5539 5631
5540 5660
5541 5674
5542 6235
5543 6235
5544 5523
5545 5522
5546 5537
5547 5682
5548 5492
5549 5486
5550 5561
5551 5661
5552 5532
5553 5646
5554 5661
5555 5554
5556 5530
5557 5698
5558 5475
5559 5562
5560 5560
5561 5561
5562 5561
5563 5565
5564 5565
5565 5565
5566 5565
5567 5566
5568 5565
5569 5521
5570 5565
5571 5559
5572 5565
5573 5609
5574 5448
5575 5449
5576 5574
5577 5449
5578 5675
5579 5655
5580 5525
5581 5657
5582 5656
5583 5675
5584 6085
5585 6085
5586 5754
5587 5754
5588 6089
5589 6089
5590 5754
5591 5737
5592 5752
5593 5751
5594 5751
5595 5636
5596 5462
5597 5523
5598 5524
5599 5525
5600 5655
5601 5675
5602 5675
5603 5525
5604 5660
5605 5673
5606 5961
5607 5947
5608 5565
5609 5565
5610 5637
5611 5637
5612 5673
5613 5751
5614 6089
5615 5737
5616 5737
5617 5959
5618 5647
5619 5939
5620 5933
5621 6089
5622 6089
5623 5737
5624 5737
5625 6089
5626 5737
5627 5939
5628 5947
5629 5950
5630 5950
5631 5672
5632 5672
5633 5673
5634 5458
5635 5524
5636 5525
5637 5673
5638 5737
5639 5737
5640 5737
5641 5673
5642 6045
5643 5494
5644 5494
5645 5662
5646 5526
5647 6043
5648 6043
5649 5751
5650 5752
5651 5737
5652 6089
5653 5671
5654 5525
5655 5525
5656 5497
5657 5497
5658 5493
5659 5675
5660 5717
5661 5656
5662 5658
5663 5494
5664 5644
5665 6042
5666 5948
5667 5521
5668 5568
5669 5568
5670 5521
5671 5657
5672 5661
5673 5632
5674 5632
5675 5655
5676 5859
5677 5820
5678 5820
5679 5859
5680 5945
5681 5944
5682 5631
5683 6089
5684 5657
5685 5674
5686 5653
5687 5526
5688 5497
5689 5667
5690 5494
5691 5568
5692 5653
5693 5792
5694 5819
5695 5521
5696 5568
5697 5468
5698 5717
5699 5653
5700 5672
5701 5554
5702 5568
5703 5747
5704 5747
5705 5747
5706 5820
5707 5737
5708 5737
5709 5485
5710 5449
5711 5449
5712 5449
5713 5485
5714 5485
5715 5657
5716 5661
5717 5671
5718 5672
5719 6089
5720 5675
5721 6089
5722 5950
5723 5752
5724 5737
5725 5553
5726 5715
5727 6235
5728 5547
5729 5524
5730 5737
5731 5737
5732 5655
5733 5818
5734 5803
5735 5737
5736 5524
5737 5752
5738 5737
5739 5524
5740 5521
5741 5931
5742 5860
5743 5860
5744 5974
5745 5645
5746 5653
5747 5747
5748 5467
5749 5713
5750 6089
5751 5636
5752 6089
5753 5737
5754 5737
5755 5737
5756 5900
5757 5882
5758 5914
5759 5858
5760 5791
5761 5900
5762 5882
5763 5902
5764 5905
5765 5905
5766 5905
5767 5905
5768 5905
5769 5905
5770 5905
5771 5905
5772 5905
5773 5905
5774 5905
5775 5905
5776 5905
5777 5905
5778 5905
5779 5905
5780 5905
5781 5905
5782 5905
5783 5897
5784 5905
5785 5905
5786 5905
5787 5905
5788 5905
5789 5905
5790 5905
5791 5905
5792 5902
5793 5902
5794 5905
5795 5905
5796 5905
5797 5905
5798 5905
5799 5905
5800 5905
5801 5905
5802 5791
5803 5859
5804 5882
5805 5905
5806 5901
5807 5905
5808 5905
5809 5905
5810 5905
5811 5905
5812 5905
5813 5905
5814 5905
5815 5905
5816 5905
5817 5905
5818 5892
5819 5884
5820 5867
5821 6025
5822 5918
5823 5869
5824 5818
5825 5854
5826 5892
5827 5977
5828 5837
5829 5836
5830 5754
5831 5754
5832 5754
5833 5755
5834 5918
5835 5976
5836 5930
5837 5856
5838 5979
5839 6026
5840 5737
5841 5737
5842 5737
5843 5849
5844 5843
5845 5950
5846 5952
5847 5848
5848 5838
5849 5838
5850 5850
5851 5977
5852 5907
5853 5877
5854 5885
5855 5907
5856 5977
5857 5892
5858 5907
5859 5907
5860 5907
5861 5950
5862 5907
5863 5907
5864 5884
5865 5907
5866 5907
5867 5907
5868 5907
5869 5907
5870 5907
5871 5907
5872 5907
5873 5907
5874 5907
5875 5907
5876 5907
5877 5907
5878 5907
5879 5907
5880 5907
5881 5907
5882 5907
5883 5907
5884 5907
5885 5907
5886 5907
5887 5907
5888 5907
5889 5907
5890 5907
5891 5907
5892 5907
5893 5907
5894 5907
5895 5907
5896 5907
5897 5907
5898 5907
5899 5907
5900 5907
5901 5907
5902 5907
5903 5907
5904 5907
5905 5907
5906 5907
5907 5907
5908 5907
5909 5907
5910 5907
5911 5907
5912 5907
5913 5907
5914 5907
5915 5907
5916 5907
5917 5907
5918 5907
5919 5907
5920 5907
5921 5907
5922 5907
5923 5907
5924 5907
5925 5907
5926 5907
5927 5907
5928 5907
5929 5907
5930 5853
5931 5838
5932 5937
5933 5945
5934 5857
5935 5853
5936 5934
5937 5843
5938 5839
5939 5939
5940 6046
5941 5953
5942 5950
5943 5754
5944 5853
5945 5934
5946 5954
5947 5940
5948 5948
5949 5939
5950 5754
5951 5755
5952 5754
5953 5954
5954 6060
5955 5950
5956 5755
5957 5957
5958 5947
5959 5941
5960 6060
5961 5939
5962 5913
5963 5839
5964 5839
5965 5887
5966 5939
5967 5839
5968 5913
5969 5913
5970 5913
5971 5950
5972 5755
5973 5907
5974 5907
5975 5839
5976 5885
5977 5913
5978 5889
5979 5907
5980 5907
5981 5907
5982 5907
5983 5907
5984 5907
5985 5907
5986 5907
5987 5907
5988 5907
5989 5907
5990 5907
5991 5907
5992 5907
5993 5907
5994 5907
5995 5907
5996 5907
5997 5907
5998 5907
5999 5907
6000 5907
6001 5907
6002 5907
6003 5907
6004 5907
6005 5907
6006 5907
6007 5907
6008 5907
6009 5907
6010 5907
6011 5907
6012 5907
6013 5907
6014 5907
6015 5907
6016 5907
6017 5907
6018 5907
6019 5907
6020 5907
6021 5907
6022 5907
6023 5907
6024 5907
6025 5907
6026 5907
6027 5907
6028 5907
6029 5907
6030 5907
6031 5907
6032 5907
6033 5907
6034 5907
6035 5907
6036 5907
6037 5907
6038 5907
6039 5907
6040 5907
6041 5755
6042 6051
6043 6065
6044 5942
6045 6052
6046 6051
6047 6049
6048 6065
6049 6052
6050 6051
6051 6052
6052 5952
6053 5952
6054 5737
6055 6089
6056 5525
6057 5525
6058 5675
6059 5675
6060 6049
6061 6065
6062 5755
6063 5755
6064 5942
6065 5942
6066 5525
6067 5655
6068 6089
6069 6089
6070 6089
6071 5754
6072 5755
6073 5675
6074 5675
6075 5952
6076 5950
6077 5950
6078 5755
6079 5942
6080 6085
6081 6065
6082 6065
6083 6085
6084 5942
6085 6051
6086 6083
6087 6042
6088 6083
6089 5751
6090 5954
6091 5940
6092 6065
6093 6085
6094 6060
6095 6060
6096 6103
6097 6096
6098 6096
6099 6143
6100 6103
6101 5954
6102 5954
6103 5954
6104 6100
6105 6105
6106 6133
6107 6124
6108 6134
6109 6133
6110 6148
6111 6114
6112 6136
6113 6157
6114 6156
6115 6133
6116 6133
6117 6128
6118 6119
6119 6119
6120 6105
6121 6105
6122 6134
6123 6119
6124 6119
6125 6156
6126 6133
6127 6133
6128 6128
6129 6133
6130 6142
6131 6130
6132 6133
6133 6119
6134 6119
6135 6119
6136 6151
6137 6133
6138 6136
6139 6124
6140 6133
6141 6119
6142 5954
6143 5954
6144 6103
6145 6145
6146 6103
6147 6103
6148 6149
6149 6149
6150 6155
6151 6157
6152 6127
6153 6133
6154 6133
6155 6133
6156 6133
6157 6133
6158 5525
6159 5712
6160 5577
6161 5710
6162 5575
6163 5697
6164 5697
6165 5697
6166 5575
6167 5710
6168 5697
6169 6165
6170 5576
6171 5576
6172 5575
6173 5575
6174 5576
6175 6165
6176 5576
6177 6172
6178 6204
6179 6194
6180 6204
6181 6194
6182 6194
6183 6172
6184 6204
6185 6194
6186 6194
6187 6194
6188 6194
6189 6194
6190 6201
6191 6201
6192 6201
6193 6172
6194 6163
6195 6204
6196 6194
6197 6201
6198 6172
6199 6194
6200 6201
6201 6172
6202 6194
6203 6165
6204 6165
6205 6194
6206 6201
6207 6201
6208 6194
6209 6201
6210 6201
6211 6194
6212 6201
6213 6201
6214 6201
6215 5576
6216 5576
6217 6163
6218 6172
6219 6161
6220 6161
6221 6204
6222 6204
6223 6194
6224 6194
6225 6194
6226 6201
6227 6201
6228 6201
6229 6194
6230 6201
6231 5463
6232 5524
6233 5523
6234 5612
6235 5674
6236 5612
6237 5523
6238 5524
6239 5539
6240 128
6241 128
6242 128
6243 128
6244 128
6245 128
6246 128
6247 128
6248 128
6249 128
6250 128
6251 128
6252 128
6253 3638
6254 128
6255 128
6256 128
6257 3638
6258 3638
6259 128
6260 128
6261 128
6262 128
6263 128
6264 128
6265 128
6266 128
6267 128
6268 128
6269 128
6270 128
6271 128
6272 3638
6273 6273
6274 3074
6275 128
6276 128
6277 128
6278 128
6279 128
6280 6280
6281 6281
6282 6282
6283 4978
6284 6874
6285 4960
6286 6286
6287 6287
6288 6288
6289 4963
6290 6290
6291 4120
6292 4963
6293 4119
6294 4286
6295 4208
6296 6289
6297 6297
6298 6287
6299 6299
6300 6300
6301 6301
6302 6302
6303 6303
6304 6304
6305 6305
6306 4103
6307 6307
6308 4960
6309 3511
6310 6310
6311 6310
6312 6312
6313 6313
6314 6314
6315 6315
6316 6316
6317 6315
6318 6318
6319 6319
6320 6320
6321 6879
6322 4192
6323 6484
6324 6324
6325 6325
6326 6326
6327 6327
6328 6328
6329 4101
6330 6324
6331 6331
6332 6332
6333 3067
6334 5079
6335 5392
6336 6336
6337 6337
6338 4269
6339 4269
6340 6339
6341 6341
6342 4427
6343 6343
6344 6344
6345 6345
6346 6348
6347 6348
6348 5310
6349 6350
6350 6350
6351 6351
6352 6352
6353 6350
6354 4917
6355 4917
6356 6356
6357 6357
6358 6358
6359 6359
6360 6359
6361 6361
6362 5341
6363 6363
6364 6361
6365 6365
6366 6326
6367 5230
6368 5253
6369 5253
6370 5257
6371 6376
6372 4372
6373 6387
6374 5257
6375 5257
6376 5257
6377 5257
6378 6378
6379 5258
6380 6566
6381 6384
6382 6382
6383 6383
6384 6384
6385 6383
6386 5255
6387 4288
6388 4317
6389 4317
6390 6390
6391 6392
6392 6392
6393 6393
6394 6430
6395 6395
6396 6396
6397 6397
6398 6398
6399 6399
6400 6400
6401 6401
6402 6402
6403 6403
6404 6404
6405 5344
6406 5315
6407 6463
6408 6408
6409 6409
6410 6409
6411 4854
6412 4133
6413 4224
6414 4224
6415 4887
6416 4906
6417 6417
6418 6418
6419 6419
6420 6420
6421 6421
6422 4090
6423 6423
6424 6424
6425 6425
6426 6427
6427 6427
6428 4221
6429 4216
6430 6409
6431 4231
6432 4231
6433 6437
6434 4889
6435 4889
6436 4889
6437 6354
6438 6453
6439 6437
6440 6354
6441 4916
6442 4916
6443 4918
6444 6445
6445 6445
6446 6445
6447 5344
6448 4914
6449 6449
6450 6455
6451 4833
6452 6438
6453 6449
6454 6449
6455 6448
6456 6456
6457 6409
6458 6459
6459 6459
6460 5318
6461 5349
6462 5317
6463 6463
6464 6463
6465 4216
6466 6456
6467 6467
6468 5290
6469 5291
6470 6470
6471 5152
6472 6472
6473 6474
6474 4376
6475 6475
6476 6476
6477 4828
6478 4828
6479 4827
6480 6479
6481 6481
6482 6478
6483 6479
6484 6484
6485 6485
6486 6486
6487 6487
6488 6489
6489 6489
6490 6490
6491 6490
6492 3162
6493 3046
6494 5366
6495 5367
6496 6496
6497 6497
6498 6498
6499 3497
6500 6500
6501 4416
6502 4900
6503 3498
6504 6504
6505 4712
6506 6506
6507 6506
6508 6508
6509 4297
6510 4295
6511 6511
6512 6512
6513 4371
6514 4295
6515 6515
6516 6516
6517 6517
6518 6518
6519 6516
6520 6520
6521 6369
6522 6522
6523 6525
6524 5253
6525 5256
6526 6526
6527 6527
6528 6528
6529 6532
6530 6538
6531 6538
6532 6534
6533 4298
6534 6534
6535 6533
6536 4298
6537 5256
6538 6538
6539 6559
6540 6559
6541 6541
6542 5256
6543 5259
6544 6371
6545 4284
6546 4466
6547 4623
6548 6547
6549 4920
6550 4801
6551 4920
6552 1476
6553 4709
6554 4927
6555 6555
6556 4948
6557 6557
6558 6557
6559 6515
6560 6560
6561 6561
6562 6562
6563 4814
6564 6564
6565 6565
6566 5260
6567 6567
6568 6568
6569 6568
6570 5255
6571 5263
6572 5255
6573 5258
6574 6577
6575 6576
6576 6595
6577 6579
6578 6583
6579 6583
6580 6583
6581 6605
6582 6605
6583 6583
6584 6583
6585 6582
6586 6585
6587 6588
6588 6583
6589 6589
6590 6590
6591 6719
6592 6574
6593 6593
6594 6605
6595 6594
6596 6579
6597 6595
6598 6610
6599 6609
6600 6600
6601 6600
6602 6603
6603 6603
6604 6606
6605 6605
6606 6603
6607 6603
6608 6604
6609 6609
6610 6600
6611 6666
6612 6666
6613 6666
6614 6666
6615 6706
6616 6654
6617 6705
6618 6706
6619 6666
6620 6666
6621 6666
6622 6666
6623 6669
6624 6678
6625 6678
6626 6668
6627 6666
6628 6666
6629 6666
6630 6666
6631 6618
6632 6706
6633 6619
6634 6638
6635 6636
6636 6695
6637 6638
6638 6638
6639 6706
6640 6695
6641 6706
6642 6666
6643 6666
6644 6666
6645 6666
6646 6666
6647 6666
6648 6706
6649 6706
6650 6666
6651 6666
6652 6666
6653 6666
6654 6666
6655 6666
6656 6666
6657 6666
6658 6666
6659 6666
6660 6666
6661 6666
6662 6666
6663 6666
6664 6666
6665 6666
6666 6666
6667 6668
6668 6627
6669 6627
6670 6669
6671 6666
6672 6627
6673 6666
6674 6666
6675 6666
6676 6666
6677 6627
6678 6627
6679 6680
6680 6680
6681 6714
6682 6714
6683 6623
6684 6714
6685 6678
6686 6623
6687 6681
6688 6623
6689 6624
6690 6680
6691 6716
6692 6692
6693 6654
6694 6716
6695 6706
6696 6638
6697 6694
6698 6695
6699 6666
6700 6666
6701 6666
6702 6666
6703 6672
6704 6669
6705 6666
6706 6666
6707 6627
6708 6666
6709 6666
6710 6714
6711 6680
6712 6666
6713 6680
6714 6678
6715 6715
6716 6715
6717 6668
6718 6715
6719 6592
6720 6593
6721 6719
6722 6723
6723 6720
6724 6609
6725 6724
6726 6609
6727 6728
6728 6728
6729 6730
6730 6836
6731 6836
6732 6832
6733 6832
6734 6732
6735 6869
6736 6754
6737 6751
6738 6737
6739 6754
6740 6738
6741 6741
6742 6748
6743 6743
6744 6756
6745 6743
6746 6756
6747 6743
6748 6756
6749 6749
6750 6752
6751 6753
6752 6754
6753 6753
6754 6758
6755 6753
6756 6756
6757 6760
6758 6758
6759 6753
6760 6758
6761 6753
6762 6758
6763 6763
6764 6797
6765 6765
6766 6765
6767 6768
6768 6769
6769 6819
6770 6799
6771 6771
6772 6820
6773 6773
6774 6774
6775 6785
6776 6783
6777 6773
6778 6785
6779 6791
6780 6781
6781 6735
6782 6787
6783 6782
6784 6785
6785 6779
6786 6779
6787 6787
6788 6786
6789 6787
6790 6781
6791 6781
6792 6781
6793 6781
6794 6735
6795 6786
6796 6789
6797 6806
6798 6806
6799 6779
6800 6799
6801 6799
6802 6802
6803 6807
6804 6804
6805 6810
6806 6837
6807 6844
6808 6848
6809 6814
6810 6795
6811 6789
6812 6788
6813 6788
6814 6796
6815 6734
6816 6734
6817 6815
6818 6817
6819 6839
6820 6768
6821 6821
6822 6822
6823 6824
6824 6826
6825 6827
6826 6826
6827 6796
6828 6828
6829 6829
6830 6862
6831 6829
6832 6836
6833 6834
6834 6836
6835 6836
6836 6836
6837 6838
6838 6742
6839 6742
6840 6839
6841 6769
6842 6769
6843 6769
6844 6797
6845 6820
6846 6847
6847 6807
6848 6847
6849 6849
6850 6850
6851 6850
6852 6851
6853 6863
6854 6855
6855 6855
6856 6856
6857 6867
6858 6828
6859 6858
6860 6828
6861 6829
6862 6862
6863 6862
6864 6861
6865 6862
6866 6861
6867 6860
6868 6860
6869 6727
6870 6871
6871 6871
6872 6870
6873 4927
6874 4142
6875 6875
6876 6876
6877 4802
6878 4960
6879 6319
6880 3763
6881 384
6882 384
6883 3765
6884 3765
6885 3892
6886 384
6887 384
6888 384
6889 384
