0 3638
1 3638
2 3638
3 3638
4 3638
5 5670
6 3638
7 126
8 331
9 312
10 331
11 126
12 5367
13 3604
14 3612
15 3612
16 5017
17 5069
18 5069
19 5017
20 5017
21 5670
22 5670
23 5670
24 5017
25 5069
26 5017
27 5017
28 5017
29 5017
30 5017
31 5017
32 5017
33 5017
34 5017
35 5017
36 5017
37 5670
38 5670
39 5427
40 276
41 3951
42 439
43 275
44 5017
45 428
46 5070
47 5069
48 5070
49 3611
50 3604
51 3613
52 3612
53 3911
54 3910
55 3794
56 3161
57 3052
58 3052
59 3612
60 3911
61 3910
62 3910
63 275
64 275
65 275
66 275
67 275
68 3789
69 275
70 275
71 275
72 3789
73 275
74 3787
75 3804
76 3804
77 275
78 275
79 275
80 275
81 3951
82 428
83 428
84 275
85 47
86 3789
87 6494
88 3804
89 3604
90 3589
91 6494
92 6494
93 3604
94 3604
95 439
96 6494
97 3589
98 3604
99 3611
100 3613
101 3612
102 3794
103 3794
104 5670
105 5670
106 5670
107 5670
108 5670
109 5670
110 126
111 3638
112 3638
113 126
114 5017
115 126
116 3638
117 3638
118 5670
119 5670
120 5670
121 5017
122 5670
123 5670
124 5670
125 5670
126 5532
127 5532
128 5532
129 5532
130 5687
131 5532
132 3638
133 3638
134 3638
135 3638
136 126
137 3612
138 3052
139 3052
140 3615
141 3161
142 3687
143 3795
144 3661
145 3654
146 3566
147 3566
148 3687
149 3570
150 4294
151 4306
152 4306
153 4291
154 3052
155 330
156 126
157 44
158 128
159 3641
160 126
161 128
162 3641
163 3641
164 3641
165 3640
166 232
167 444
168 412
169 232
170 412
171 444
172 3661
173 3910
174 3817
175 3808
176 412
177 444
178 272
179 250
180 247
181 411
182 183
183 249
184 3649
185 3653
186 3656
187 3649
188 3638
189 3638
190 3638
191 3638
192 126
193 126
194 126
195 128
196 444
197 232
198 247
199 247
200 3566
201 3661
202 3661
203 3910
204 3658
205 142
206 3664
207 4308
208 4294
209 3664
210 4291
211 4305
212 3808
213 4792
214 5272
215 5272
216 6348
217 4231
218 5272
219 5272
220 3613
221 3611
222 4231
223 3819
224 3058
225 3655
226 3656
227 5017
228 5670
229 5670
230 5532
231 5670
232 3638
233 5670
234 5670
235 3638
236 428
237 5069
238 439
239 276
240 3638
241 3638
242 3638
243 6494
244 3604
245 238
246 126
247 3641
248 3641
249 411
250 444
251 249
252 3764
253 385
254 413
255 3649
256 4292
257 3687
258 3638
259 3638
260 126
261 277
262 330
263 331
264 277
265 3589
266 3604
267 3613
268 3565
269 247
270 411
271 411
272 411
273 247
274 411
275 5069
276 5069
277 5017
278 3601
279 3601
280 3604
281 3604
282 3818
283 3808
284 4232
285 4231
286 5017
287 5017
288 5017
289 5017
290 275
291 5069
292 5069
293 5070
294 5070
295 3808
296 3664
297 4306
298 3664
299 3687
300 306
301 3795
302 142
303 3657
304 3657
305 3658
306 4291
307 4305
308 4294
309 4305
310 5017
311 5017
312 5017
313 5017
314 5017
315 5017
316 5017
317 5017
318 5017
319 5017
320 5017
321 5059
322 5017
323 5017
324 5017
325 5017
326 5017
327 5017
328 5670
329 5670
330 5670
331 5427
332 5059
333 4294
334 4232
335 3638
336 3638
337 275
338 5670
339 330
340 5017
341 5069
342 5017
343 5017
344 5670
345 5670
346 5670
347 5670
348 5670
349 5670
350 5670
351 3638
352 3638
353 5670
354 5017
355 5670
356 5670
357 126
358 3638
359 3638
360 6494
361 3610
362 3604
363 3613
364 3613
365 3604
366 444
367 444
368 258
369 258
370 133
371 232
372 235
373 133
374 232
375 421
376 234
377 39
378 342
379 234
380 127
381 3613
382 3604
383 3613
384 385
385 413
386 388
387 3898
388 3692
389 160
390 3766
391 3766
392 277
393 47
394 3525
395 3525
396 3899
397 6494
398 3733
399 3780
400 3733
401 3608
402 3604
403 3604
404 3604
405 3589
406 6494
407 5670
408 5670
409 5670
410 5670
411 444
412 3641
413 411
414 411
415 3911
416 3910
417 5069
418 5069
419 5069
420 5069
421 5687
422 3656
423 3816
424 3662
425 4231
426 4294
427 5017
428 5017
429 5017
430 428
431 5017
432 5017
433 5017
434 5017
435 5670
436 5670
437 5017
438 5017
439 5017
440 5272
441 4231
442 5069
443 5070
444 3641
445 3780
446 3888
447 359
448 113
449 132
450 133
451 5272
452 5272
453 4300
454 3638
455 3638
456 5532
457 3766
458 3589
459 3787
460 174
461 4291
462 5017
463 3649
464 258
465 258
466 258
467 258
468 235
469 133
470 133
471 235
472 235
473 133
474 133
475 133
476 133
477 133
478 133
479 133
480 258
481 444
482 248
483 248
484 6494
485 6494
486 248
487 247
488 247
489 162
490 113
491 262
492 263
493 263
494 6495
495 6494
496 258
497 248
498 444
499 133
500 163
501 248
502 163
503 164
504 3056
505 3056
506 339
507 6495
508 3056
509 3056
510 263
511 3056
512 6494
513 3056
514 3056
515 3056
516 263
517 3056
518 3056
519 6494
520 6494
521 3608
522 3604
523 3604
524 247
525 159
526 3604
527 263
528 3166
529 6495
530 263
531 6494
532 3604
533 3608
534 6494
535 3056
536 3166
537 263
538 3056
539 3166
540 3166
541 263
542 263
543 3056
544 263
545 164
546 163
547 113
548 159
549 113
550 263
551 163
552 247
553 248
554 248
555 248
556 248
557 248
558 248
559 248
560 248
561 248
562 133
563 133
564 133
565 133
566 258
567 133
568 258
569 258
570 1319
571 5272
572 6339
573 6339
574 258
575 258
576 258
577 248
578 248
579 248
580 248
581 359
582 113
583 339
584 1308
585 1308
586 4072
587 4072
588 1300
589 700
590 3073
591 1300
592 2812
593 697
594 595
595 3066
596 3028
597 595
598 2850
599 598
600 598
601 894
602 6482
603 6324
604 6323
605 4127
606 4796
607 4796
608 3171
609 4188
610 2871
611 4179
612 2871
613 3077
614 2846
615 2827
616 2837
617 1250
618 4816
619 4816
620 4816
621 4816
622 6314
623 4182
624 4182
625 6314
626 4115
627 6281
628 4879
629 4858
630 2845
631 924
632 924
633 4285
634 4902
635 4902
636 4823
637 4823
638 6488
639 4898
640 6478
641 4739
642 5206
643 4109
644 4109
645 4116
646 4901
647 4816
648 4825
649 4827
650 6317
651 4739
652 767
653 768
654 924
655 1248
656 1248
657 3019
658 3173
659 2826
660 3173
661 768
662 3019
663 1248
664 3019
665 3022
666 6465
667 6409
668 686
669 2850
670 685
671 692
672 5230
673 6327
674 6415
675 6329
676 3018
677 3019
678 2914
679 2914
680 4895
681 4895
682 4895
683 4895
684 1236
685 891
686 2850
687 1236
688 661
689 927
690 2826
691 3041
692 891
693 6409
694 3028
695 4216
696 700
697 700
698 4216
699 1299
700 1300
701 1308
702 4075
703 4898
704 4159
705 3018
706 4183
707 4081
708 4085
709 4182
710 4777
711 6401
712 4224
713 4884
714 4886
715 4224
716 6411
717 4854
718 6411
719 4896
720 924
721 4957
722 4109
723 3046
724 4918
725 4816
726 3029
727 3029
728 6457
729 728
730 3073
731 699
732 1300
733 6333
734 4184
735 4182
736 4857
737 5206
738 4106
739 5223
740 4106
741 4426
742 4199
743 5286
744 5274
745 5273
746 4728
747 5273
748 5273
749 3014
750 3505
751 1236
752 1235
753 4895
754 4717
755 6411
756 4896
757 4854
758 4895
759 5223
760 4895
761 5206
762 4106
763 5206
764 5206
765 1211
766 766
767 4253
768 1211
769 4895
770 5223
771 4895
772 4897
773 4132
774 4132
775 4717
776 4717
777 4108
778 4109
779 4426
780 4108
781 6401
782 6401
783 5360
784 5223
785 4895
786 4106
787 4106
788 5142
789 4716
790 4857
791 4426
792 5206
793 4901
794 4816
795 4109
796 1251
797 3020
798 2845
799 1251
800 3018
801 1251
802 1251
803 6348
804 6348
805 5274
806 6348
807 6543
808 6543
809 5251
810 6385
811 6346
812 6347
813 6348
814 5274
815 6371
816 6543
817 4198
818 4199
819 4072
820 4072
821 4072
822 6368
823 5251
824 6348
825 6348
826 5272
827 5270
828 6431
829 4702
830 3022
831 3124
832 6526
833 4919
834 4919
835 4919
836 3119
837 6509
838 4919
839 4297
840 6542
841 6543
842 6543
843 6542
844 3019
845 3022
846 3022
847 4920
848 4801
849 6550
850 4920
851 6550
852 4745
853 4927
854 4920
855 1782
856 1779
857 1782
858 1332
859 705
860 1344
861 1332
862 1803
863 3158
864 2922
865 3110
866 5251
867 5248
868 6522
869 6570
870 6550
871 6516
872 4920
873 4801
874 4801
875 4920
876 4920
877 4801
878 3089
879 3147
880 883
881 3095
882 6529
883 4729
884 6541
885 4729
886 3022
887 3502
888 3502
889 3020
890 3023
891 652
892 893
893 4147
894 4149
895 4181
896 4417
897 4745
898 4430
899 4430
900 6550
901 4430
902 6550
903 4712
904 4430
905 4430
906 4430
907 4430
908 1476
909 4384
910 4713
911 4324
912 4326
913 4729
914 6571
915 6572
916 923
917 923
918 2914
919 2914
920 1782
921 2827
922 1250
923 1250
924 2837
925 2827
926 1494
927 1212
928 768
929 1212
930 6410
931 3028
932 4304
933 4325
934 4339
935 4339
936 1476
937 6521
938 3019
939 2913
940 5206
941 5206
942 2850
943 1236
944 4920
945 4387
946 4387
947 4934
948 4459
949 4453
950 4456
951 4447
952 4932
953 4467
954 4468
955 4465
956 4467
957 4430
958 4459
959 4387
960 4387
961 4934
962 4430
963 1476
964 4384
965 4455
966 4388
967 4387
968 4459
969 4935
970 4389
971 4389
972 4935
973 4387
974 4459
975 4477
976 4473
977 4471
978 4989
979 4478
980 4474
981 4466
982 4456
983 4466
984 4456
985 4466
986 4456
987 4456
988 4467
989 4466
990 4460
991 4469
992 4470
993 4460
994 4466
995 4491
996 4490
997 4487
998 4486
999 4496
1000 4519
1001 4519
1002 4499
1003 4528
1004 4499
1005 4499
1006 4528
1007 4632
1008 4633
1009 4632
1010 4503
1011 4657
1012 4503
1013 4494
1014 4489
1015 4492
1016 4492
1017 4515
1018 4493
1019 4501
1020 4515
1021 4673
1022 4441
1023 4442
1024 4442
1025 4509
1026 4465
1027 4507
1028 4510
1029 4516
1030 4659
1031 4672
1032 4936
1033 4631
1034 4513
1035 4513
1036 4507
1037 4514
1038 4507
1039 4521
1040 4522
1041 4520
1042 4520
1043 4531
1044 4504
1045 4657
1046 4657
1047 4506
1048 4532
1049 4500
1050 4500
1051 4500
1052 4506
1053 4506
1054 4506
1055 4505
1056 4551
1057 4551
1058 4554
1059 4537
1060 4550
1061 4537
1062 4535
1063 4550
1064 4635
1065 4539
1066 4635
1067 4542
1068 4842
1069 4634
1070 6871
1071 4664
1072 4664
1073 6871
1074 5000
1075 4591
1076 4561
1077 5000
1078 4669
1079 4669
1080 4669
1081 4669
1082 4661
1083 4663
1084 4843
1085 4843
1086 4594
1087 4939
1088 4939
1089 4594
1090 4576
1091 4585
1092 4579
1093 4667
1094 4589
1095 4589
1096 4662
1097 4588
1098 4638
1099 4641
1100 4588
1101 4661
1102 4638
1103 4641
1104 4612
1105 4612
1106 4947
1107 4597
1108 4586
1109 4561
1110 4597
1111 4594
1112 4563
1113 4563
1114 4560
1115 4560
1116 5002
1117 4563
1118 4560
1119 5002
1120 4616
1121 5003
1122 4602
1123 4602
1124 4604
1125 4562
1126 4562
1127 4604
1128 4563
1129 4847
1130 4598
1131 4563
1132 4847
1133 4643
1134 4846
1135 4847
1136 4607
1137 4365
1138 884
1139 4366
1140 4364
1141 4447
1142 4388
1143 6546
1144 4467
1145 4514
1146 4494
1147 4519
1148 4492
1149 4554
1150 4552
1151 4667
1152 4665
1153 4667
1154 4940
1155 4939
1156 4615
1157 4947
1158 4616
1159 4399
1160 3140
1161 3095
1162 4920
1163 3149
1164 1224
1165 4693
1166 3149
1167 4631
1168 4442
1169 4465
1170 4442
1171 4516
1172 4516
1173 4936
1174 4936
1175 4639
1176 4666
1177 4577
1178 4843
1179 4843
1180 4553
1181 4570
1182 4553
1183 4569
1184 4467
1185 6546
1186 6546
1187 4444
1188 1250
1189 4103
1190 927
1191 927
1192 1200
1193 4109
1194 4426
1195 1348
1196 4426
1197 4414
1198 4895
1199 4895
1200 1212
1201 2844
1202 2844
1203 845
1204 841
1205 3158
1206 3090
1207 3144
1208 3142
1209 881
1210 3149
1211 6298
1212 768
1213 699
1214 699
1215 3171
1216 1215
1217 1217
1218 4195
1219 6339
1220 6345
1221 878
1222 3149
1223 1208
1224 839
1225 3102
1226 3149
1227 1364
1228 6509
1229 4296
1230 4927
1231 4858
1232 4816
1233 6281
1234 5203
1235 4737
1236 1254
1237 4781
1238 4775
1239 4775
1240 4775
1241 4775
1242 4771
1243 4138
1244 4975
1245 4092
1246 3159
1247 3159
1248 2837
1249 2827
1250 2827
1251 1250
1252 4172
1253 4179
1254 3030
1255 751
1256 3031
1257 3031
1258 4879
1259 4816
1260 4901
1261 4901
1262 4297
1263 6509
1264 6455
1265 6461
1266 4103
1267 4103
1268 4816
1269 4816
1270 4816
1271 4895
1272 4895
1273 5230
1274 6511
1275 6540
1276 1246
1277 878
1278 1224
1279 4094
1280 4094
1281 4108
1282 5223
1283 5223
1284 5223
1285 5223
1286 5223
1287 4895
1288 4895
1289 6318
1290 4181
1291 4181
1292 4416
1293 4416
1294 4181
1295 3074
1296 4416
1297 821
1298 821
1299 821
1300 821
1301 6345
1302 5273
1303 5273
1304 5273
1305 2875
1306 1303
1307 4072
1308 4072
1309 4189
1310 5142
1311 4115
1312 5272
1313 4094
1314 5142
1315 4115
1316 4138
1317 4138
1318 4775
1319 4096
1320 4198
1321 6541
1322 6541
1323 4104
1324 926
1325 2825
1326 1496
1327 1496
1328 2825
1329 1212
1330 2844
1331 6348
1332 798
1333 1248
1334 1248
1335 798
1336 887
1337 887
1338 3107
1339 1804
1340 5206
1341 4901
1342 5206
1343 5206
1344 3018
1345 3018
1346 4897
1347 5223
1348 891
1349 3037
1350 3031
1351 3037
1352 3031
1353 878
1354 878
1355 4891
1356 4891
1357 4891
1358 4891
1359 4647
1360 4837
1361 6519
1362 6562
1363 884
1364 6520
1365 4430
1366 4745
1367 4387
1368 4934
1369 4554
1370 6870
1371 4579
1372 4594
1373 4947
1374 4616
1375 4615
1376 4276
1377 4860
1378 4850
1379 4858
1380 4109
1381 4116
1382 4116
1383 4109
1384 4878
1385 6281
1386 4878
1387 5203
1388 4117
1389 4117
1390 5203
1391 4114
1392 5203
1393 4115
1394 4115
1395 4858
1396 6281
1397 6281
1398 4117
1399 4116
1400 5206
1401 6328
1402 5230
1403 6324
1404 4268
1405 4116
1406 4116
1407 4116
1408 4116
1409 5206
1410 5206
1411 4426
1412 5206
1413 5206
1414 4901
1415 4891
1416 5206
1417 4680
1418 4108
1419 4426
1420 652
1421 685
1422 5206
1423 5206
1424 685
1425 652
1426 2826
1427 1308
1428 5206
1429 4901
1430 4857
1431 4717
1432 4895
1433 4854
1434 4173
1435 4158
1436 4158
1437 4088
1438 4817
1439 4891
1440 4902
1441 4744
1442 4744
1443 4901
1444 4116
1445 4873
1446 6533
1447 6533
1448 3021
1449 2914
1450 5251
1451 6562
1452 883
1453 4713
1454 6533
1455 4456
1456 4933
1457 4458
1458 4389
1459 4389
1460 4458
1461 4389
1462 4935
1463 4477
1464 4568
1465 4589
1466 5000
1467 4662
1468 4663
1469 4662
1470 4589
1471 4561
1472 4561
1473 4844
1474 4560
1475 4367
1476 6560
1477 6541
1478 4296
1479 3120
1480 4729
1481 1248
1482 1248
1483 1250
1484 3023
1485 925
1486 1426
1487 6461
1488 6461
1489 6455
1490 4816
1491 6461
1492 6461
1493 2827
1494 2838
1495 928
1496 4733
1497 3108
1498 3149
1499 6513
1500 4296
1501 4296
1502 5223
1503 4854
1504 6324
1505 4116
1506 4978
1507 4717
1508 5206
1509 4902
1510 5206
1511 6572
1512 6533
1513 6573
1514 837
1515 3146
1516 3105
1517 4468
1518 4467
1519 4510
1520 4520
1521 4489
1522 4491
1523 4537
1524 4551
1525 4667
1526 4669
1527 4667
1528 4937
1529 4597
1530 4594
1531 4562
1532 4604
1533 3149
1534 4693
1535 4080
1536 4106
1537 5223
1538 5230
1539 6509
1540 6539
1541 6282
1542 4878
1543 4106
1544 4895
1545 4895
1546 5414
1547 5395
1548 5416
1549 5414
1550 5414
1551 5395
1552 5414
1553 5395
1554 5395
1555 5414
1556 5420
1557 5395
1558 5395
1559 5420
1560 5414
1561 5195
1562 5195
1563 5414
1564 5034
1565 5133
1566 5035
1567 5193
1568 5197
1569 5195
1570 5195
1571 5197
1572 5197
1573 5077
1574 5076
1575 5197
1576 5077
1577 5077
1578 5414
1579 5195
1580 5021
1581 5414
1582 5420
1583 5416
1584 5416
1585 5420
1586 5420
1587 5395
1588 5420
1589 5420
1590 5416
1591 5395
1592 5420
1593 5197
1594 5195
1595 5195
1596 5197
1597 5197
1598 5195
1599 5414
1600 5195
1601 5195
1602 5414
1603 5197
1604 5195
1605 5195
1606 5197
1607 5077
1608 5077
1609 5197
1610 5077
1611 5077
1612 5197
1613 5036
1614 5034
1615 5034
1616 5036
1617 5034
1618 5036
1619 5115
1620 5036
1621 5152
1622 5104
1623 5193
1624 5077
1625 5077
1626 5034
1627 5035
1628 5034
1629 5193
1630 5034
1631 5142
1632 5101
1633 5101
1634 5141
1635 5142
1636 5100
1637 5142
1638 5142
1639 5105
1640 5107
1641 5115
1642 5105
1643 5036
1644 5036
1645 5105
1646 5152
1647 5152
1648 5204
1649 5105
1650 5152
1651 5133
1652 5104
1653 5115
1654 5133
1655 5036
1656 5115
1657 5036
1658 5152
1659 5152
1660 5036
1661 5036
1662 5036
1663 5133
1664 5152
1665 5117
1666 5036
1667 5142
1668 5203
1669 5203
1670 5141
1671 5203
1672 5203
1673 5203
1674 5203
1675 5142
1676 5142
1677 5141
1678 5142
1679 5143
1680 5143
1681 5204
1682 5143
1683 5101
1684 5104
1685 5414
1686 5416
1687 5416
1688 5196
1689 5416
1690 5419
1691 5195
1692 5414
1693 5420
1694 5133
1695 5034
1696 5115
1697 5107
1698 5105
1699 5033
1700 5036
1701 5034
1702 5193
1703 5104
1704 5105
1705 5105
1706 5115
1707 5106
1708 5105
1709 5143
1710 5143
1711 5204
1712 5204
1713 5105
1714 5143
1715 5106
1716 5142
1717 5141
1718 5142
1719 5142
1720 5141
1721 5414
1722 5195
1723 5034
1724 5076
1725 5036
1726 5414
1727 5395
1728 5197
1729 5195
1730 5197
1731 5104
1732 5133
1733 5115
1734 4277
1735 5142
1736 5036
1737 4879
1738 5036
1739 5104
1740 5115
1741 5420
1742 5197
1743 5034
1744 5034
1745 5101
1746 5101
1747 5104
1748 5100
1749 5204
1750 5420
1751 5204
1752 5034
1753 1300
1754 588
1755 1299
1756 4816
1757 1202
1758 4109
1759 4106
1760 4426
1761 4895
1762 4895
1763 103
1764 247
1765 247
1766 247
1767 923
1768 887
1769 705
1770 248
1771 113
1772 248
1773 258
1774 132
1775 444
1776 263
1777 263
1778 133
1779 3022
1780 3021
1781 888
1782 4376
1783 2928
1784 888
1785 1779
1786 6370
1787 5244
1788 1782
1789 6371
1790 2914
1791 1782
1792 2914
1793 3022
1794 1779
1795 2914
1796 2929
1797 6521
1798 1783
1799 5257
1800 5248
1801 6522
1802 6522
1803 6542
1804 3099
1805 3114
1806 4813
1807 2922
1808 4183
1809 5286
1810 5287
1811 5287
1812 4186
1813 4185
1814 6333
1815 4777
1816 4197
1817 5286
1818 5287
1819 4195
1820 4195
1821 4774
1822 4090
1823 4092
1824 4092
1825 4113
1826 4138
1827 4137
1828 4110
1829 4823
1830 4902
1831 4902
1832 4823
1833 4128
1834 6498
1835 4740
1836 4740
1837 6329
1838 4428
1839 6487
1840 6322
1841 4126
1842 4902
1843 4823
1844 6415
1845 6413
1846 4884
1847 4224
1848 4884
1849 4774
1850 5007
1851 4229
1852 4248
1853 4248
1854 4229
1855 4229
1856 4275
1857 4248
1858 6322
1859 6322
1860 5206
1861 4128
1862 4775
1863 4138
1864 4128
1865 4895
1866 5223
1867 4895
1868 4854
1869 4895
1870 6327
1871 4902
1872 4127
1873 4127
1874 5206
1875 4902
1876 4717
1877 6280
1878 4132
1879 4854
1880 4854
1881 4128
1882 4763
1883 4891
1884 4241
1885 4128
1886 4128
1887 4248
1888 4763
1889 4763
1890 4127
1891 4128
1892 4132
1893 4138
1894 4112
1895 4110
1896 4127
1897 4127
1898 4823
1899 4183
1900 5152
1901 4717
1902 4717
1903 4717
1904 4879
1905 3601
1906 3604
1907 5069
1908 5069
1909 5152
1910 5036
1911 5077
1912 5077
1913 5197
1914 5077
1915 5077
1916 5077
1917 5077
1918 5561
1919 5487
1920 5487
1921 5561
1922 5745
1923 5487
1924 5745
1925 5548
1926 5745
1927 5745
1928 5548
1929 5486
1930 5474
1931 5565
1932 5565
1933 5486
1934 5486
1935 5745
1936 5486
1937 5548
1938 5745
1939 5565
1940 5487
1941 5486
1942 5565
1943 5581
1944 5487
1945 5581
1946 5704
1947 5704
1948 5420
1949 5561
1950 5561
1951 5747
1952 5747
1953 5420
1954 5704
1955 5747
1956 5565
1957 5747
1958 5565
1959 5486
1960 5561
1961 5487
1962 5487
1963 5561
1964 5704
1965 5704
1966 5747
1967 5561
1968 5704
1969 5581
1970 5581
1971 5704
1972 5565
1973 5704
1974 5704
1975 5565
1976 5419
1977 5704
1978 5704
1979 5745
1980 5420
1981 6238
1982 6067
1983 6238
1984 6231
1985 6233
1986 6231
1987 5545
1988 6233
1989 6073
1990 6238
1991 6073
1992 6069
1993 5737
1994 5517
1995 5737
1996 6059
1997 6238
1998 5752
1999 5593
2000 6238
2001 5732
2002 6231
2003 6232
2004 5593
2005 6232
2006 6238
2007 6231
2008 6233
2009 6067
2010 6067
2011 6067
2012 6238
2013 6235
2014 6235
2015 5467
2016 5746
2017 5612
2018 5540
2019 5746
2020 5540
2021 6236
2022 5543
2023 6235
2024 6233
2025 5699
2026 5540
2027 6011
2028 5965
2029 6025
2030 6005
2031 5467
2032 5698
2033 5746
2034 5468
2035 5537
2036 6235
2037 6008
2038 6025
2039 6025
2040 6011
2041 6073
2042 5752
2043 5832
2044 5832
2045 5737
2046 5737
2047 6073
2048 6069
2049 5732
2050 6238
2051 6238
2052 6238
2053 6067
2054 6067
2055 5755
2056 5950
2057 5846
2058 5833
2059 5701
2060 5701
2061 6238
2062 5593
2063 6067
2064 6238
2065 5540
2066 5467
2067 5893
2068 5983
2069 6233
2070 6236
2071 6235
2072 5540
2073 5746
2074 5517
2075 6238
2076 6231
2077 6231
2078 6231
2079 6231
2080 6233
2081 6238
2082 6067
2083 6067
2084 6238
2085 6066
2086 6238
2087 5467
2088 5701
2089 5701
2090 5543
2091 5543
2092 6235
2093 6235
2094 6233
2095 6231
2096 5543
2097 5467
2098 5701
2099 5701
2100 5701
2101 5701
2102 5715
2103 5715
2104 5715
2105 5715
2106 5715
2107 5698
2108 5715
2109 5701
2110 5715
2111 5699
2112 5701
2113 6232
2114 6238
2115 6238
2116 6238
2117 5517
2118 5832
2119 5832
2120 6239
2121 6236
2122 5832
2123 6127
2124 5960
2125 5960
2126 5975
2127 5846
2128 5960
2129 6060
2130 5833
2131 5738
2132 5833
2133 5832
2134 5752
2135 5832
2136 6067
2137 6069
2138 6055
2139 5738
2140 5517
2141 5832
2142 5832
2143 5545
2144 6233
2145 5970
2146 6011
2147 5715
2148 5715
2149 6238
2150 6238
2151 6231
2152 5832
2153 5833
2154 5833
2155 5832
2156 5968
2157 6004
2158 5981
2159 5975
2160 5833
2161 6061
2162 6092
2163 5833
2164 5833
2165 6092
2166 6025
2167 5954
2168 5960
2169 5968
2170 5510
2171 6231
2172 5510
2173 5737
2174 5752
2175 6238
2176 6233
2177 6044
2178 6045
2179 6045
2180 6231
2181 6128
2182 5468
2183 5612
2184 5537
2185 5468
2186 5932
2187 6128
2188 5950
2189 5832
2190 5833
2191 5833
2192 6234
2193 5752
2194 5752
2195 6235
2196 5612
2197 6239
2198 5832
2199 6233
2200 6236
2201 5612
2202 5468
2203 5468
2204 6152
2205 6014
2206 5715
2207 5746
2208 5715
2209 5746
2210 6236
2211 6236
2212 6233
2213 6233
2214 5517
2215 5905
2216 5905
2217 5879
2218 5917
2219 5872
2220 6010
2221 6231
2222 5833
2223 5510
2224 6233
2225 6232
2226 6236
2227 5537
2228 5746
2229 5540
2230 5701
2231 6233
2232 5905
2233 5905
2234 5746
2235 5701
2236 6238
2237 6233
2238 6233
2239 6233
2240 5543
2241 5701
2242 5474
2243 5474
2244 5745
2245 5905
2246 6045
2247 6045
2248 6231
2249 6238
2250 6238
2251 6231
2252 6231
2253 6238
2254 6234
2255 6236
2256 6234
2257 5543
2258 5833
2259 5846
2260 5832
2261 5960
2262 6045
2263 6044
2264 6233
2265 6236
2266 6066
2267 6066
2268 5737
2269 5846
2270 5846
2271 5517
2272 5905
2273 5905
2274 5846
2275 5752
2276 6045
2277 5833
2278 5593
2279 5746
2280 6010
2281 5905
2282 5905
2283 5905
2284 6235
2285 6233
2286 5474
2287 6232
2288 6238
2289 5833
2290 5737
2291 6044
2292 5833
2293 5832
2294 6045
2295 5905
2296 5905
2297 5905
2298 5905
2299 5905
2300 5905
2301 5905
2302 5905
2303 5905
2304 5905
2305 5905
2306 5905
2307 5905
2308 5905
2309 5905
2310 5905
2311 5905
2312 5905
2313 5905
2314 5905
2315 5905
2316 5905
2317 5905
2318 5905
2319 5905
2320 5905
2321 5905
2322 5905
2323 5905
2324 5905
2325 5905
2326 5905
2327 5905
2328 5905
2329 5905
2330 5905
2331 5905
2332 5905
2333 5905
2334 5905
2335 5905
2336 5905
2337 5905
2338 5905
2339 5905
2340 5905
2341 5905
2342 5905
2343 5905
2344 5905
2345 5905
2346 5905
2347 5905
2348 5905
2349 5905
2350 5905
2351 5905
2352 5905
2353 5905
2354 5905
2355 5905
2356 5905
2357 5905
2358 5905
2359 5905
2360 5905
2361 5905
2362 5905
2363 5905
2364 5905
2365 5905
2366 5905
2367 5903
2368 5960
2369 5960
2370 5882
2371 5960
2372 5960
2373 5905
2374 5905
2375 5897
2376 5905
2377 5905
2378 5882
2379 5960
2380 6092
2381 5960
2382 5882
2383 5954
2384 6088
2385 5903
2386 5916
2387 5879
2388 5879
2389 5903
2390 5905
2391 5905
2392 5905
2393 5905
2394 5905
2395 5905
2396 5905
2397 5905
2398 5905
2399 5905
2400 5954
2401 5905
2402 5905
2403 5905
2404 5905
2405 5905
2406 5905
2407 5905
2408 5905
2409 5905
2410 5905
2411 5905
2412 5905
2413 5905
2414 5905
2415 5905
2416 5905
2417 5905
2418 5905
2419 5905
2420 5905
2421 5905
2422 5905
2423 5905
2424 5905
2425 5905
2426 5905
2427 5905
2428 5905
2429 5905
2430 5905
2431 5905
2432 5905
2433 5905
2434 5905
2435 5905
2436 5905
2437 5905
2438 5905
2439 5905
2440 5905
2441 5905
2442 5905
2443 5905
2444 5905
2445 5905
2446 5905
2447 5905
2448 5905
2449 5905
2450 5905
2451 5905
2452 5905
2453 5905
2454 5905
2455 5905
2456 5905
2457 5905
2458 5905
2459 5905
2460 5905
2461 5905
2462 5905
2463 5905
2464 5905
2465 5905
2466 5905
2467 5905
2468 5905
2469 5905
2470 5914
2471 5859
2472 5879
2473 5899
2474 5859
2475 5893
2476 5905
2477 5901
2478 6025
2479 5932
2480 5960
2481 5960
2482 5834
2483 5903
2484 5905
2485 5975
2486 5986
2487 5863
2488 5931
2489 5960
2490 6092
2491 5960
2492 5931
2493 5960
2494 5960
2495 5933
2496 5968
2497 5944
2498 5968
2499 5932
2500 6025
2501 5905
2502 5905
2503 5897
2504 5882
2505 6025
2506 5897
2507 5905
2508 5905
2509 5905
2510 5960
2511 6092
2512 5905
2513 5905
2514 5893
2515 5905
2516 5905
2517 5905
2518 5905
2519 5905
2520 5905
2521 5905
2522 5905
2523 5905
2524 5905
2525 5905
2526 5905
2527 5905
2528 5905
2529 5905
2530 5905
2531 5905
2532 5905
2533 5905
2534 5905
2535 5905
2536 5905
2537 5905
2538 5905
2539 5905
2540 5905
2541 5905
2542 5905
2543 5905
2544 5905
2545 5905
2546 5905
2547 5905
2548 5905
2549 5905
2550 5905
2551 5905
2552 5905
2553 5905
2554 5905
2555 5905
2556 5905
2557 5905
2558 5905
2559 5905
2560 5905
2561 5905
2562 5905
2563 5905
2564 5905
2565 5905
2566 5905
2567 5905
2568 5905
2569 5905
2570 5905
2571 5905
2572 5905
2573 5905
2574 5905
2575 5905
2576 5905
2577 5905
2578 5905
2579 5905
2580 6048
2581 6142
2582 5960
2583 5960
2584 6103
2585 6142
2586 5960
2587 5960
2588 6100
2589 6142
2590 5960
2591 6061
2592 5832
2593 5832
2594 6045
2595 6069
2596 5517
2597 5517
2598 6055
2599 5960
2600 6100
2601 5846
2602 5960
2603 5960
2604 6044
2605 5737
2606 5950
2607 5832
2608 5517
2609 5832
2610 5846
2611 5737
2612 5737
2613 5846
2614 6045
2615 6045
2616 6045
2617 5846
2618 5960
2619 6128
2620 6128
2621 6103
2622 6142
2623 5960
2624 6142
2625 6128
2626 6125
2627 6125
2628 5737
2629 6152
2630 6152
2631 6091
2632 6128
2633 6125
2634 6125
2635 5968
2636 5838
2637 5968
2638 5968
2639 6133
2640 6133
2641 6124
2642 6124
2643 6025
2644 5983
2645 6007
2646 6007
2647 6005
2648 6008
2649 6004
2650 6027
2651 6008
2652 6004
2653 6007
2654 6010
2655 6008
2656 6004
2657 5897
2658 5897
2659 5983
2660 5983
2661 6008
2662 6007
2663 5897
2664 6011
2665 6010
2666 5897
2667 6004
2668 6015
2669 5968
2670 5968
2671 6007
2672 5897
2673 5897
2674 5897
2675 5872
2676 6015
2677 5872
2678 6009
2679 5897
2680 5897
2681 6134
2682 6124
2683 5968
2684 6013
2685 5968
2686 5968
2687 6014
2688 6013
2689 6012
2690 6035
2691 6012
2692 6007
2693 6007
2694 5897
2695 6007
2696 6007
2697 5752
2698 6073
2699 6073
2700 6073
2701 6067
2702 6066
2703 6066
2704 6067
2705 6073
2706 6067
2707 6067
2708 6059
2709 5593
2710 6059
2711 6073
2712 6073
2713 5593
2714 5593
2715 6059
2716 6069
2717 5737
2718 5651
2719 5651
2720 5651
2721 5737
2722 5737
2723 6055
2724 5651
2725 5737
2726 5651
2727 5737
2728 5651
2729 5651
2730 5651
2731 5651
2732 6055
2733 6069
2734 6068
2735 5651
2736 5651
2737 6055
2738 5651
2739 5651
2740 6055
2741 5651
2742 6059
2743 6059
2744 5651
2745 5651
2746 5517
2747 5651
2748 5651
2749 5651
2750 5737
2751 5651
2752 5517
2753 5517
2754 6073
2755 6059
2756 5593
2757 6055
2758 6069
2759 6069
2760 5737
2761 6068
2762 5651
2763 5651
2764 5651
2765 5651
2766 5651
2767 5651
2768 5651
2769 5651
2770 5593
2771 5593
2772 6067
2773 6238
2774 6231
2775 6238
2776 6067
2777 5752
2778 6232
2779 5670
2780 5670
2781 3638
2782 3638
2783 5670
2784 5670
2785 5670
2786 5670
2787 5532
2788 5532
2789 5532
2790 5670
2791 5532
2792 3638
2793 3638
2794 3638
2795 5670
2796 3638
2797 3638
2798 5687
2799 5670
2800 5670
2801 5670
2802 5670
2803 5670
2804 5532
2805 5670
2806 5670
2807 5670
2808 5532
2809 5670
2810 3638
2811 3638
2812 4214
2813 3029
2814 5670
2815 3638
2816 3638
2817 3638
2818 3638
2819 4816
2820 4816
2821 4116
2822 4880
2823 2835
2824 1249
2825 4146
2826 2838
2827 2826
2828 6461
2829 4104
2830 1250
2831 1248
2832 1248
2833 1250
2834 2837
2835 1249
2836 1250
2837 2826
2838 2838
2839 4816
2840 4816
2841 621
2842 4109
2843 1329
2844 4415
2845 2827
2846 1211
2847 621
2848 1494
2849 691
2850 652
2851 4816
2852 2997
2853 2858
2854 2858
2855 595
2856 2858
2857 594
2858 597
2859 3498
2860 4739
2861 4173
2862 4738
2863 4088
2864 4678
2865 5223
2866 5223
2867 4678
2868 4179
2869 4172
2870 1236
2871 3041
2872 584
2873 5197
2874 5565
2875 5273
2876 4219
2877 1218
2878 2876
2879 6400
2880 6400
2881 6400
2882 4195
2883 1330
2884 1300
2885 3171
2886 4078
2887 4078
2888 6401
2889 4200
2890 4092
2891 4128
2892 4128
2893 4128
2894 4128
2895 4873
2896 4879
2897 4880
2898 4116
2899 4116
2900 4116
2901 4857
2902 4854
2903 6412
2904 4854
2905 4717
2906 4678
2907 4679
2908 4148
2909 5246
2910 5245
2911 3021
2912 1779
2913 6294
2914 1251
2915 2913
2916 3022
2917 3022
2918 2913
2919 2914
2920 1780
2921 1779
2922 1449
2923 4812
2924 3021
2925 4812
2926 1782
2927 1782
2928 3022
2929 3022
2930 3502
2931 2855
2932 3498
2933 6316
2934 4826
2935 4826
2936 6316
2937 6316
2938 6482
2939 6879
2940 6483
2941 4827
2942 6323
2943 6323
2944 4126
2945 4823
2946 6415
2947 6415
2948 4111
2949 4182
2950 931
2951 2997
2952 4426
2953 4109
2954 4426
2955 4426
2956 5223
2957 5223
2958 4680
2959 6412
2960 4893
2961 5230
2962 4428
2963 4740
2964 4828
2965 4827
2966 4827
2967 4827
2968 4182
2969 6274
2970 6499
2971 6313
2972 4728
2973 5273
2974 5206
2975 4818
2976 4857
2977 4886
2978 4901
2979 4891
2980 4901
2981 5206
2982 4872
2983 4891
2984 4872
2985 4872
2986 4872
2987 4872
2988 4763
2989 4891
2990 4817
2991 6413
2992 4268
2993 4717
2994 4891
2995 4266
2996 5012
2997 3508
2998 2852
2999 6323
3000 4127
3001 4127
3002 6415
3003 4127
3004 4137
3005 4111
3006 6313
3007 2933
3008 4823
3009 4127
3010 4128
3011 4128
3012 6345
3013 5115
3014 1236
3015 1235
3016 765
3017 766
3018 3023
3019 1250
3020 3024
3021 4376
3022 6294
3023 3024
3024 2826
3025 2850
3026 1834
3027 2933
3028 2997
3029 2950
3030 3037
3031 3031
3032 3031
3033 3037
3034 1351
3035 1349
3036 1256
3037 3033
3038 1257
3039 687
3040 1236
3041 3042
3042 1236
3043 3025
3044 3025
3045 3818
3046 3794
3047 3589
3048 275
3049 4294
3050 4294
3051 3911
3052 3910
3053 5017
3054 5017
3055 5069
3056 5070
3057 4232
3058 4291
3059 4236
3060 5272
3061 1302
3062 744
3063 3036
3064 2950
3065 2998
3066 3028
3067 819
3068 6348
3069 3604
3070 3604
3071 5069
3072 5069
3073 4214
3074 729
3075 2858
3076 1236
3077 2850
3078 747
3079 891
3080 6541
3081 3119
3082 6540
3083 3120
3084 6572
3085 6542
3086 6521
3087 6540
3088 4729
3089 6539
3090 6521
3091 6542
3092 4326
3093 4326
3094 6514
3095 4729
3096 6530
3097 1779
3098 6371
3099 6371
3100 2913
3101 5246
3102 6531
3103 6533
3104 6533
3105 6533
3106 6542
3107 6524
3108 6537
3109 3159
3110 6369
3111 6543
3112 6369
3113 6522
3114 6543
3115 6542
3116 6535
3117 3158
3118 3158
3119 3158
3120 3159
3121 6543
3122 3021
3123 1779
3124 3020
3125 4471
3126 4693
3127 1208
3128 6510
3129 6541
3130 4729
3131 3149
3132 3087
3133 4729
3134 6541
3135 1224
3136 5252
3137 5252
3138 6535
3139 4327
3140 4327
3141 6569
3142 1338
3143 862
3144 1246
3145 1205
3146 862
3147 1338
3148 1338
3149 3144
3150 3123
3151 5248
3152 1792
3153 1792
3154 1779
3155 1792
3156 1785
3157 1784
3158 6368
3159 6371
3160 1792
3161 3794
3162 3818
3163 3638
3164 308
3165 5670
3166 3787
3167 5017
3168 6347
3169 1303
3170 3149
3171 2875
3172 6562
3173 3173
3174 4605
3175 4622
3176 6591
3177 6591
3178 4621
3179 4622
3180 4621
3181 4644
3182 6592
3183 6587
3184 4644
3185 6719
3186 4644
3187 4644
3188 6719
3189 4606
3190 6721
3191 4605
3192 4605
3193 6591
3194 6589
3195 6589
3196 6589
3197 4622
3198 6722
3199 6600
3200 6590
3201 6590
3202 6586
3203 6586
3204 6720
3205 6593
3206 6592
3207 6720
3208 6722
3209 6600
3210 6722
3211 6627
3212 6627
3213 6627
3214 6627
3215 6630
3216 6627
3217 6627
3218 6630
3219 6627
3220 6627
3221 6627
3222 6627
3223 6616
3224 6616
3225 6635
3226 6635
3227 6627
3228 6627
3229 6627
3230 6627
3231 6678
3232 6681
3233 6628
3234 6627
3235 6677
3236 6680
3237 6690
3238 6677
3239 6678
3240 6630
3241 6630
3242 6627
3243 6627
3244 6627
3245 6627
3246 6627
3247 6627
3248 6627
3249 6630
3250 6630
3251 6627
3252 6627
3253 6627
3254 6627
3255 6627
3256 6627
3257 6627
3258 6627
3259 6627
3260 6627
3261 6627
3262 6627
3263 6627
3264 6627
3265 6627
3266 6627
3267 6616
3268 6657
3269 6627
3270 6627
3271 6627
3272 6627
3273 6627
3274 6627
3275 6627
3276 6627
3277 6630
3278 6627
3279 6697
3280 6637
3281 6638
3282 6694
3283 6638
3284 6637
3285 6636
3286 6637
3287 6638
3288 6635
3289 6697
3290 6637
3291 6680
3292 6718
3293 6630
3294 6716
3295 6630
3296 6680
3297 6716
3298 6625
3299 6627
3300 6630
3301 6627
3302 6627
3303 6669
3304 6627
3305 6627
3306 6627
3307 6627
3308 6627
3309 6627
3310 6692
3311 6637
3312 6627
3313 6697
3314 6635
3315 6715
3316 6754
3317 6633
3318 6739
3319 6595
3320 6579
3321 6596
3322 6595
3323 6591
3324 6600
3325 6722
3326 6601
3327 6599
3328 6609
3329 6598
3330 6604
3331 6604
3332 6835
3333 6835
3334 6835
3335 6725
3336 6747
3337 6743
3338 6746
3339 6763
3340 6749
3341 6740
3342 6753
3343 6740
3344 6753
3345 6838
3346 6753
3347 6838
3348 6753
3349 6837
3350 6760
3351 6763
3352 6758
3353 6763
3354 6760
3355 6763
3356 6740
3357 6753
3358 6749
3359 6755
3360 6749
3361 6759
3362 6749
3363 6738
3364 6767
3365 6765
3366 6802
3367 6765
3368 6807
3369 6807
3370 6817
3371 6805
3372 6802
3373 6805
3374 6795
3375 6817
3376 6818
3377 6812
3378 6813
3379 6734
3380 6733
3381 6834
3382 6812
3383 6780
3384 6817
3385 6812
3386 6787
3387 6780
3388 6786
3389 6826
3390 6727
3391 6729
3392 6729
3393 6869
3394 6786
3395 6727
3396 6826
3397 6769
3398 6819
3399 6817
3400 6780
3401 6779
3402 6773
3403 6772
3404 6778
3405 6822
3406 6840
3407 6845
3408 6821
3409 6785
3410 6824
3411 6785
3412 6783
3413 6824
3414 6786
3415 6869
3416 6727
3417 6816
3418 6790
3419 6797
3420 6807
3421 6856
3422 6828
3423 6827
3424 6827
3425 6827
3426 6826
3427 6824
3428 6857
3429 6853
3430 6822
3431 6857
3432 6731
3433 6835
3434 6725
3435 6604
3436 6608
3437 6840
3438 6838
3439 6806
3440 6798
3441 6807
3442 6844
3443 6843
3444 6841
3445 6849
3446 6848
3447 6847
3448 6821
3449 6852
3450 6851
3451 6850
3452 6856
3453 6862
3454 6855
3455 6854
3456 6854
3457 6861
3458 6859
3459 6867
3460 6857
3461 6853
3462 6853
3463 6853
3464 6854
3465 6863
3466 6865
3467 6865
3468 6857
3469 6725
3470 5277
3471 2881
3472 4540
3473 4540
3474 4842
3475 6530
3476 1251
3477 1249
3478 3020
3479 6541
3480 1426
3481 4327
3482 729
3483 597
3484 6542
3485 258
3486 132
3487 132
3488 163
3489 113
3490 263
3491 248
3492 248
3493 132
3494 132
3495 6457
3496 2997
3497 2933
3498 2858
3499 3589
3500 887
3501 923
3502 1250
3503 1449
3504 2836
3505 2849
3506 3036
3507 1449
3508 3483
3509 3020
3510 3153
3511 1494
3512 3638
3513 3638
3514 3638
3515 3638
3516 3638
3517 3638
3518 3638
3519 3638
3520 3550
3521 3638
3522 3550
3523 3531
3524 3610
3525 3565
3526 3612
3527 3610
3528 5017
3529 3642
3530 330
3531 331
3532 5017
3533 5670
3534 5670
3535 5017
3536 5017
3537 331
3538 5017
3539 5017
3540 5017
3541 5017
3542 5017
3543 5017
3544 5017
3545 5017
3546 5017
3547 5017
3548 5017
3549 5017
3550 5670
3551 5427
3552 3589
3553 3789
3554 3787
3555 3787
3556 5017
3557 3787
3558 5070
3559 5069
3560 428
3561 3613
3562 3565
3563 3613
3564 3604
3565 3565
3566 3910
3567 3795
3568 3910
3569 3911
3570 6493
3571 3911
3572 3910
3573 3910
3574 3911
3575 3789
3576 3789
3577 3787
3578 3789
3579 3789
3580 3789
3581 3789
3582 3804
3583 3789
3584 3804
3585 3789
3586 3589
3587 3589
3588 3787
3589 3787
3590 3589
3591 3787
3592 3787
3593 3787
3594 3787
3595 3789
3596 3589
3597 3789
3598 3589
3599 3589
3600 3601
3601 3604
3602 3589
3603 6494
3604 3604
3605 3604
3606 3601
3607 427
3608 3604
3609 3601
3610 3604
3611 3611
3612 3612
3613 3612
3614 3795
3615 3794
3616 3638
3617 3638
3618 3638
3619 3638
3620 3638
3621 3638
3622 3638
3623 3642
3624 3638
3625 3638
3626 3638
3627 3638
3628 3638
3629 3638
3630 3638
3631 3638
3632 3638
3633 3638
3634 3638
3635 3638
3636 3638
3637 3638
3638 5663
3639 5663
3640 5663
3641 5663
3642 5663
3643 5670
3644 3638
3645 3638
3646 3638
3647 3641
3648 3641
3649 3052
3650 3052
3651 3612
3652 3658
3653 3161
3654 3687
3655 3795
3656 3655
3657 148
3658 3661
3659 3570
3660 3652
3661 3807
3662 150
3663 3809
3664 285
3665 214
3666 3910
3667 3641
3668 3522
3669 3638
3670 3641
3671 3745
3672 3641
3673 3641
3674 3641
3675 3641
3676 3641
3677 3641
3678 411
3679 412
3680 411
3681 411
3682 412
3683 411
3684 3910
3685 3795
3686 3687
3687 296
3688 411
3689 412
3690 3786
3691 3688
3692 3761
3693 3762
3694 3763
3695 414
3696 3666
3697 3666
3698 3656
3699 3570
3700 3638
3701 3638
3702 3638
3703 3638
3704 3638
3705 3638
3706 3641
3707 3759
3708 3761
3709 3761
3710 3688
3711 3761
3712 3568
3713 3570
3714 3658
3715 3658
3716 3657
3717 3657
3718 296
3719 296
3720 3840
3721 3050
3722 3050
3723 3058
3724 296
3725 150
3726 4294
3727 4308
3728 4306
3729 4306
3730 3839
3731 150
3732 3525
3733 3864
3734 4702
3735 3661
3736 3795
3737 3657
3738 3656
3739 5017
3740 3638
3741 5670
3742 5663
3743 5670
3744 3638
3745 3638
3746 3638
3747 5670
3748 3787
3749 3555
3750 3951
3751 331
3752 3638
3753 3638
3754 3638
3755 3604
3756 3604
3757 3749
3758 3638
3759 3641
3760 3641
3761 412
3762 411
3763 414
3764 413
3765 385
3766 3764
3767 3780
3768 174
3769 150
3770 3638
3771 3638
3772 3641
3773 3531
3774 3789
3775 3550
3776 3550
3777 3552
3778 3613
3779 3612
3780 3568
3781 3761
3782 3761
3783 411
3784 411
3785 3761
3786 411
3787 5069
3788 5017
3789 5070
3790 3604
3791 3604
3792 3604
3793 3601
3794 3818
3795 3818
3796 4294
3797 3935
3798 5017
3799 5017
3800 5017
3801 5017
3802 3789
3803 5069
3804 428
3805 3951
3806 5069
3807 3808
3808 150
3809 284
3810 296
3811 306
3812 3685
3813 148
3814 148
3815 3657
3816 3664
3817 285
3818 4291
3819 4291
3820 5017
3821 5017
3822 5017
3823 5017
3824 5017
3825 5017
3826 5017
3827 5017
3828 5017
3829 5017
3830 5059
3831 5017
3832 5017
3833 5017
3834 5017
3835 5017
3836 5017
3837 5017
3838 5670
3839 4294
3840 4294
3841 3804
3842 3638
3843 3550
3844 3642
3845 3638
3846 3642
3847 3643
3848 3638
3849 5670
3850 5670
3851 5670
3852 5670
3853 5670
3854 5670
3855 3638
3856 3638
3857 5670
3858 3638
3859 3638
3860 3638
3861 3642
3862 3638
3863 3638
3864 4014
3865 5242
3866 3611
3867 3611
3868 3612
3869 3612
3870 3761
3871 3761
3872 3761
3873 3761
3874 3761
3875 3761
3876 3761
3877 3761
3878 3761
3879 3761
3880 3761
3881 3676
3882 3759
3883 3761
3884 3688
3885 3611
3886 3612
3887 3613
3888 3694
3889 3694
3890 3692
3891 3781
3892 3766
3893 3766
3894 3774
3895 5241
3896 3733
3897 3733
3898 5242
3899 5242
3900 3733
3901 3888
3902 3780
3903 3610
3904 3611
3905 3611
3906 3610
3907 3865
3908 3527
3909 5670
3910 3910
3911 3911
3912 5069
3913 5069
3914 5069
3915 5069
3916 3638
3917 3656
3918 174
3919 150
3920 4702
3921 3470
3922 5017
3923 5017
3924 5017
3925 275
3926 5017
3927 5017
3928 5017
3929 5017
3930 3638
3931 3638
3932 5017
3933 5017
3934 4761
3935 3726
3936 3951
3937 5069
3938 3680
3939 3689
3940 3688
3941 3782
3942 4231
3943 285
3944 4702
3945 3638
3946 3638
3947 3638
3948 6494
3949 3789
3950 4291
3951 5017
3952 3761
3953 3761
3954 3761
3955 3761
3956 3761
3957 3761
3958 3761
3959 3761
3960 3761
3961 3761
3962 3761
3963 3761
3964 3761
3965 3761
3966 3761
3967 3761
3968 3761
3969 3761
3970 3761
3971 3761
3972 5242
3973 5242
3974 3688
3975 3688
3976 3688
3977 3688
3978 3781
3979 3683
3980 5232
3981 3692
3982 5241
3983 5241
3984 3761
3985 3761
3986 3761
3987 3761
3988 3688
3989 3688
3990 3688
3991 3688
3992 3692
3993 5232
3994 5241
3995 5241
3996 5232
3997 5241
3998 3711
3999 5241
4000 5241
4001 5241
4002 5241
4003 5232
4004 5232
4005 5232
4006 5242
4007 5232
4008 5242
4009 3865
4010 3611
4011 3611
4012 3689
4013 3688
4014 3604
4015 3782
4016 5241
4017 5241
4018 3711
4019 5242
4020 5242
4021 4019
4022 3604
4023 5241
4024 5232
4025 5241
4026 5232
4027 5241
4028 5241
4029 5241
4030 3711
4031 5232
4032 3782
4033 3680
4034 3688
4035 3688
4036 3711
4037 3683
4038 3683
4039 3688
4040 3688
4041 3688
4042 3688
4043 3688
4044 3688
4045 3761
4046 3688
4047 3689
4048 3688
4049 3689
4050 3761
4051 3761
4052 3761
4053 3761
4054 3761
4055 3761
4056 3761
4057 3761
4058 4786
4059 5270
4060 5272
4061 572
4062 3761
4063 3761
4064 3761
4065 3688
4066 3689
4067 3688
4068 3688
4069 3680
4070 3782
4071 3711
4072 817
4073 1306
4074 1301
4075 805
4076 2886
4077 2886
4078 730
4079 730
4080 734
4081 2969
4082 2933
4083 2932
4084 3508
4085 2966
4086 3025
4087 891
4088 598
4089 598
4090 1897
4091 1890
4092 2942
4093 604
4094 1809
4095 1818
4096 743
4097 744
4098 2906
4099 2908
4100 1346
4101 1436
4102 1194
4103 1193
4104 2841
4105 2842
4106 1423
4107 645
4108 646
4109 1423
4110 2964
4111 623
4112 2967
4113 2949
4114 1383
4115 1412
4116 1380
4117 1380
4118 6289
4119 4956
4120 6289
4121 1489
4122 2893
4123 2894
4124 2892
4125 2893
4126 674
4127 674
4128 1836
4129 602
4130 644
4131 722
4132 779
4133 644
4134 2952
4135 645
4136 1836
4137 1836
4138 1290
4139 650
4140 613
4141 891
4142 1489
4143 1489
4144 2839
4145 2839
4146 2844
4147 1212
4148 2844
4149 2842
4150 1489
4151 4408
4152 1265
4153 1265
4154 709
4155 2950
4156 2908
4157 894
4158 894
4159 3025
4160 2960
4161 674
4162 1840
4163 713
4164 4957
4165 1488
4166 1323
4167 1323
4168 1445
4169 2895
4170 1287
4171 1430
4172 1236
4173 1236
4174 598
4175 2850
4176 1197
4177 1197
4178 613
4179 1236
4180 891
4181 2950
4182 2998
4183 729
4184 6409
4185 4214
4186 4214
4187 1299
4188 1237
4189 805
4190 1306
4191 675
4192 675
4193 1324
4194 1243
4195 708
4196 708
4197 1243
4198 1818
4199 2879
4200 1892
4201 1892
4202 774
4203 2996
4204 775
4205 2984
4206 2986
4207 1355
4208 620
4209 6289
4210 795
4211 1422
4212 2952
4213 2865
4214 728
4215 2950
4216 3006
4217 728
4218 1813
4219 711
4220 608
4221 730
4222 735
4223 709
4224 778
4225 644
4226 1341
4227 2955
4228 1260
4229 1444
4230 805
4231 744
4232 744
4233 1303
4234 1817
4235 1817
4236 1303
4237 3035
4238 3035
4239 3040
4240 1236
4241 1445
4242 2975
4243 1438
4244 2979
4245 2987
4246 1443
4247 1416
4248 1416
4249 1543
4250 644
4251 2953
4252 1413
4253 765
4254 765
4255 766
4256 766
4257 755
4258 1879
4259 1545
4260 1865
4261 1355
4262 2982
4263 2986
4264 1355
4265 2956
4266 739
4267 779
4268 2953
4269 2879
4270 2879
4271 1811
4272 1416
4273 1283
4274 1502
4275 1430
4276 2820
4277 1429
4278 2952
4279 1410
4280 723
4281 1410
4282 6286
4283 5224
4284 4957
4285 631
4286 620
4287 4103
4288 846
4289 631
4290 2919
4291 3012
4292 4783
4293 1301
4294 1301
4295 3133
4296 875
4297 873
4298 868
4299 1303
4300 1303
4301 1301
4302 4236
4303 1798
4304 868
4305 4703
4306 1301
4307 1301
4308 4703
4309 4703
4310 1512
4311 4303
4312 4299
4313 4703
4314 4703
4315 6432
4316 2924
4317 4316
4318 6515
4319 4351
4320 1497
4321 1497
4322 3116
4323 6559
4324 3145
4325 3116
4326 6542
4327 1792
4328 2909
4329 6368
4330 2919
4331 1664
4332 631
4333 1500
4334 958
4335 877
4336 1477
4337 905
4338 877
4339 877
4340 905
4341 802
4342 631
4343 631
4344 1332
4345 663
4346 665
4347 705
4348 3153
4349 3153
4350 3155
4351 3155
4352 867
4353 1797
4354 6385
4355 6383
4356 3139
4357 6516
4358 1516
4359 3134
4360 1516
4361 3083
4362 3133
4363 1338
4364 3142
4365 1338
4366 1338
4367 3142
4368 4327
4369 6529
4370 3108
4371 4327
4372 4120
4373 4118
4374 4119
4375 4804
4376 2839
4377 4256
4378 1421
4379 2864
4380 4256
4381 3006
4382 728
4383 3102
4384 4951
4385 1540
4386 834
4387 905
4388 905
4389 905
4390 905
4391 1159
4392 3142
4393 4401
4394 1207
4395 3081
4396 834
4397 1539
4398 1786
4399 3151
4400 3155
4401 1802
4402 923
4403 923
4404 632
4405 1492
4406 1489
4407 2825
4408 2825
4409 1496
4410 1496
4411 1494
4412 1494
4413 1212
4414 894
4415 2843
4416 6457
4417 2997
4418 1513
4419 4322
4420 1476
4421 4836
4422 4356
4423 6385
4424 1492
4425 631
4426 1196
4427 1196
4428 1236
4429 598
4430 1022
4431 851
4432 852
4433 901
4434 854
4435 4419
4436 4836
4437 4420
4438 4421
4439 4436
4440 4835
4441 899
4442 4628
4443 1159
4444 1461
4445 1461
4446 853
4447 851
4448 838
4449 4648
4450 1364
4451 4421
4452 4421
4453 4384
4454 4385
4455 901
4456 901
4457 853
4458 853
4459 853
4460 1461
4461 1457
4462 1457
4463 1453
4464 898
4465 1458
4466 898
4467 964
4468 1458
4469 1458
4470 4834
4471 4834
4472 1458
4473 898
4474 933
4475 935
4476 1459
4477 966
4478 899
4479 899
4480 4436
4481 995
4482 1522
4483 1039
4484 1039
4485 995
4486 995
4487 1039
4488 1039
4489 1039
4490 1039
4491 1522
4492 1522
4493 1523
4494 1039
4495 1523
4496 996
4497 996
4498 1056
4499 1039
4500 1058
4501 1061
4502 1039
4503 996
4504 996
4505 1056
4506 1056
4507 1455
4508 965
4509 1455
4510 1455
4511 968
4512 968
4513 968
4514 968
4515 1038
4516 965
4517 965
4518 1025
4519 965
4520 968
4521 965
4522 968
4523 968
4524 965
4525 968
4526 968
4527 968
4528 968
4529 1056
4530 996
4531 995
4532 1056
4533 1526
4534 1526
4535 1056
4536 1056
4537 1079
4538 1526
4539 1526
4540 1526
4541 1078
4542 1153
4543 1056
4544 1079
4545 1153
4546 1090
4547 1526
4548 1056
4549 1056
4550 1526
4551 1153
4552 1153
4553 1092
4554 1078
4555 1525
4556 1092
4557 1089
4558 1528
4559 1089
4560 1133
4561 1127
4562 3181
4563 3181
4564 1088
4565 1088
4566 1528
4567 1528
4568 1107
4569 1089
4570 1530
4571 1107
4572 1116
4573 1117
4574 1373
4575 1373
4576 1089
4577 1074
4578 1373
4579 1373
4580 1127
4581 1531
4582 1373
4583 1375
4584 1529
4585 1529
4586 1531
4587 1531
4588 1472
4589 1134
4590 3189
4591 1121
4592 1121
4593 3191
4594 1116
4595 1116
4596 1121
4597 1120
4598 3195
4599 3180
4600 3180
4601 3321
4602 3195
4603 3181
4604 3195
4605 3201
4606 3202
4607 3183
4608 3323
4609 3323
4610 3323
4611 3176
4612 3192
4613 3191
4614 3321
4615 3192
4616 3176
4617 3176
4618 3193
4619 3321
4620 3193
4621 3322
4622 3202
4623 837
4624 3149
4625 4364
4626 837
4627 897
4628 1230
4629 1456
4630 898
4631 968
4632 1169
4633 1039
4634 1523
4635 1079
4636 1527
4637 1114
4638 1074
4639 1473
4640 1116
4641 1373
4642 1120
4643 3321
4644 3322
4645 932
4646 1338
4647 862
4648 1806
4649 3149
4650 1452
4651 1452
4652 3149
4653 968
4654 1456
4655 1456
4656 1455
4657 1026
4658 993
4659 993
4660 1026
4661 1074
4662 1114
4663 1111
4664 1088
4665 1088
4666 1088
4667 1089
4668 1089
4669 1088
4670 1461
4671 1461
4672 1459
4673 1459
4674 620
4675 6308
4676 2868
4677 1763
4678 1197
4679 1763
4680 723
4681 761
4682 761
4683 761
4684 1271
4685 716
4686 2844
4687 2844
4688 1212
4689 665
4690 2920
4691 3153
4692 1787
4693 1339
4694 4254
4695 4253
4696 730
4697 726
4698 2881
4699 1218
4700 1218
4701 2881
4702 5277
4703 1303
4704 878
4705 1224
4706 3149
4707 3142
4708 881
4709 880
4710 3143
4711 1477
4712 958
4713 3083
4714 645
4715 1383
4716 1412
4717 645
4718 3035
4719 3034
4720 1301
4721 782
4722 2888
4723 782
4724 2879
4725 1244
4726 2888
4727 2888
4728 1815
4729 3159
4730 3159
4731 4733
4732 6297
4733 2827
4734 1495
4735 1252
4736 2906
4737 750
4738 3036
4739 1235
4740 3037
4741 1541
4742 1506
4743 1428
4744 1541
4745 961
4746 1477
4747 646
4748 6342
4749 6878
4750 620
4751 645
4752 646
4753 645
4754 2986
4755 2987
4756 2987
4757 1161
4758 1806
4759 1806
4760 4693
4761 4293
4762 4299
4763 1261
4764 1428
4765 1260
4766 1416
4767 1284
4768 2896
4769 1445
4770 1444
4771 2938
4772 2967
4773 707
4774 708
4775 2967
4776 709
4777 706
4778 709
4779 821
4780 821
4781 821
4782 744
4783 1303
4784 2875
4785 2875
4786 1303
4787 1220
4788 1306
4789 4783
4790 2820
4791 1505
4792 813
4793 4300
4794 1505
4795 2819
4796 2888
4797 782
4798 2888
4799 216
4800 572
4801 959
4802 1477
4803 619
4804 619
4805 2825
4806 1496
4807 5270
4808 2836
4809 2836
4810 3020
4811 1266
4812 887
4813 887
4814 3110
4815 3110
4816 1438
4817 2989
4818 1882
4819 1440
4820 1491
4821 1491
4822 1435
4823 1870
4824 891
4825 750
4826 3031
4827 3031
4828 3037
4829 878
4830 1889
4831 2946
4832 2988
4833 1355
4834 4367
4835 4986
4836 4368
4837 6562
4838 834
4839 3080
4840 834
4841 1230
4842 1526
4843 1092
4844 1134
4845 1129
4846 3184
4847 3206
4848 3202
4849 1259
4850 1542
4851 1542
4852 1259
4853 644
4854 644
4855 645
4856 645
4857 645
4858 645
4859 2952
4860 1383
4861 1259
4862 1259
4863 1259
4864 1259
4865 1542
4866 1542
4867 1259
4868 645
4869 645
4870 2952
4871 2952
4872 1853
4873 1440
4874 712
4875 1848
4876 712
4877 713
4878 2980
4879 1442
4880 2982
4881 2980
4882 1410
4883 1410
4884 2955
4885 1286
4886 722
4887 1543
4888 1876
4889 1430
4890 2907
4891 738
4892 739
4893 2868
4894 2908
4895 2865
4896 1760
4897 761
4898 2908
4899 2842
4900 804
4901 1445
4902 1284
4903 1288
4904 683
4905 683
4906 762
4907 673
4908 2907
4909 1253
4910 704
4911 1358
4912 1831
4913 1853
4914 1854
4915 1853
4916 1882
4917 1440
4918 1853
4919 873
4920 877
4921 631
4922 631
4923 1795
4924 1338
4925 3142
4926 4836
4927 945
4928 4385
4929 4839
4930 900
4931 897
4932 870
4933 4836
4934 4710
4935 1361
4936 1457
4937 1373
4938 1127
4939 1373
4940 1375
4941 1373
4942 1107
4943 1127
4944 1120
4945 1120
4946 1156
4947 1120
4948 1224
4949 1206
4950 1511
4951 3153
4952 1803
4953 1266
4954 1264
4955 1192
4956 1193
4957 2851
4958 2851
4959 618
4960 618
4961 4674
4962 618
4963 4964
4964 620
4965 6288
4966 6296
4967 4966
4968 6298
4969 1806
4970 881
4971 1497
4972 932
4973 1513
4974 1286
4975 1877
4976 774
4977 1438
4978 2984
4979 1761
4980 1853
4981 1853
4982 2893
4983 2921
4984 1513
4985 1800
4986 6562
4987 1205
4988 4435
4989 4628
4990 968
4991 968
4992 1039
4993 1061
4994 1056
4995 1526
4996 1074
4997 1074
4998 1528
4999 1373
5000 1116
5001 1121
5002 3189
5003 3188
5004 3149
5005 3149
5006 2887
5007 1866
5008 1761
5009 1401
5010 1505
5011 2980
5012 1282
5013 1879
5014 1879
5015 1701
5016 1752
5017 1610
5018 1610
5019 1724
5020 1911
5021 1567
5022 1744
5023 1608
5024 1608
5025 1728
5026 1728
5027 1607
5028 1607
5029 1724
5030 1724
5031 1665
5032 1665
5033 1638
5034 620
5035 620
5036 620
5037 1650
5038 1651
5039 1626
5040 1725
5041 1664
5042 1648
5043 1683
5044 1683
5045 1684
5046 1684
5047 1744
5048 1744
5049 1647
5050 1725
5051 1593
5052 1728
5053 1607
5054 1608
5055 1728
5056 1596
5057 1607
5058 1603
5059 1603
5060 1911
5061 1911
5062 1648
5063 1648
5064 1647
5065 1665
5066 1664
5067 1725
5068 1701
5069 1701
5070 1626
5071 1626
5072 1650
5073 1664
5074 1723
5075 1723
5076 1637
5077 1638
5078 1664
5079 1664
5080 1636
5081 1635
5082 1734
5083 1672
5084 1638
5085 1638
5086 1639
5087 1672
5088 788
5089 788
5090 1672
5091 1672
5092 1683
5093 1637
5094 1684
5095 1684
5096 1638
5097 1674
5098 1637
5099 1637
5100 646
5101 6342
5102 620
5103 1269
5104 620
5105 646
5106 646
5107 1269
5108 628
5109 628
5110 628
5111 628
5112 1735
5113 1673
5114 620
5115 1269
5116 620
5117 620
5118 1269
5119 1395
5120 1395
5121 1269
5122 788
5123 788
5124 1672
5125 1672
5126 1734
5127 1734
5128 1672
5129 1734
5130 1734
5131 620
5132 1398
5133 1674
5134 1269
5135 1672
5136 646
5137 647
5138 645
5139 645
5140 646
5141 646
5142 646
5143 646
5144 645
5145 736
5146 647
5147 646
5148 736
5149 736
5150 1233
5151 736
5152 620
5153 620
5154 1724
5155 1724
5156 1625
5157 1911
5158 1603
5159 1607
5160 1567
5161 1725
5162 1728
5163 1734
5164 1638
5165 788
5166 1376
5167 628
5168 1735
5169 1633
5170 1683
5171 1672
5172 1395
5173 1386
5174 628
5175 725
5176 1396
5177 725
5178 1232
5179 1233
5180 1233
5181 627
5182 1376
5183 736
5184 1233
5185 736
5186 1396
5187 1396
5188 1232
5189 1385
5190 1724
5191 1723
5192 620
5193 1638
5194 620
5195 1567
5196 1608
5197 1636
5198 1665
5199 1650
5200 1269
5201 1269
5202 1734
5203 646
5204 646
5205 1734
5206 645
5207 1672
5208 1714
5209 1376
5210 1603
5211 1664
5212 1638
5213 1638
5214 1398
5215 1268
5216 1269
5217 647
5218 1269
5219 1596
5220 1269
5221 1639
5222 732
5223 1763
5224 1190
5225 1196
5226 770
5227 1282
5228 1761
5229 1271
5230 761
5231 3761
5232 3688
5233 3761
5234 923
5235 3689
5236 3683
5237 3688
5238 3761
5239 3761
5240 3761
5241 3683
5242 5232
5243 3761
5244 6372
5245 4376
5246 888
5247 801
5248 845
5249 1513
5250 1565
5251 866
5252 1798
5253 1797
5254 867
5255 1797
5256 6378
5257 4317
5258 6375
5259 938
5260 6378
5261 6378
5262 6385
5263 1790
5264 6378
5265 3156
5266 1792
5267 3114
5268 2920
5269 1813
5270 1817
5271 1809
5272 1809
5273 1815
5274 782
5275 782
5276 783
5277 1809
5278 748
5279 1817
5280 2875
5281 1817
5282 782
5283 2888
5284 2889
5285 1849
5286 1243
5287 1825
5288 1826
5289 1245
5290 2892
5291 2891
5292 2894
5293 2893
5294 1244
5295 1835
5296 1434
5297 674
5298 712
5299 712
5300 717
5301 1848
5302 2945
5303 2944
5304 2999
5305 2894
5306 1892
5307 1892
5308 1892
5309 2996
5310 2879
5311 2894
5312 2890
5313 1886
5314 1887
5315 1887
5316 1890
5317 1890
5318 1891
5319 1892
5320 2944
5321 1853
5322 2889
5323 1245
5324 2889
5325 2888
5326 1287
5327 1761
5328 1445
5329 1355
5330 2975
5331 713
5332 1878
5333 1886
5334 1245
5335 1853
5336 2893
5337 774
5338 774
5339 2986
5340 1355
5341 774
5342 2889
5343 2894
5344 1852
5345 1242
5346 1245
5347 1244
5348 1242
5349 1857
5350 2945
5351 1826
5352 1826
5353 1892
5354 1849
5355 1244
5356 1244
5357 1890
5358 1243
5359 1890
5360 1244
5361 1398
5362 680
5363 1445
5364 2979
5365 1541
5366 3604
5367 3601
5368 5069
5369 5069
5370 1672
5371 1672
5372 1684
5373 1651
5374 1684
5375 1636
5376 1635
5377 1637
5378 1636
5379 1552
5380 1552
5381 1558
5382 1558
5383 1588
5384 1588
5385 1558
5386 1588
5387 1558
5388 1588
5389 1980
5390 1553
5391 1554
5392 1555
5393 1553
5394 1558
5395 1555
5396 1559
5397 1559
5398 1558
5399 1558
5400 1552
5401 1552
5402 1558
5403 1558
5404 1559
5405 1559
5406 1558
5407 1603
5408 1595
5409 1595
5410 1555
5411 1595
5412 1595
5413 1555
5414 1596
5415 1580
5416 1580
5417 1555
5418 1595
5419 1555
5420 1558
5421 1552
5422 1552
5423 1558
5424 1558
5425 1595
5426 1594
5427 1604
5428 1552
5429 1594
5430 1559
5431 1559
5432 1595
5433 1552
5434 1552
5435 1595
5436 1595
5437 1603
5438 1595
5439 1594
5440 1559
5441 1603
5442 2242
5443 1925
5444 1029
5445 2242
5446 961
5447 961
5448 947
5449 977
5450 2105
5451 1029
5452 2105
5453 2098
5454 2088
5455 2182
5456 1924
5457 2182
5458 2105
5459 1924
5460 2025
5461 2088
5462 2101
5463 2088
5464 1930
5465 2242
5466 2242
5467 1928
5468 1928
5469 2242
5470 1029
5471 1032
5472 2242
5473 1045
5474 947
5475 960
5476 960
5477 961
5478 960
5479 960
5480 957
5481 960
5482 960
5483 961
5484 961
5485 977
5486 946
5487 947
5488 2714
5489 2714
5490 2701
5491 2266
5492 1931
5493 1931
5494 1972
5495 1972
5496 1956
5497 1956
5498 2714
5499 2714
5500 2702
5501 2706
5502 2088
5503 2208
5504 2184
5505 2182
5506 2182
5507 2184
5508 2088
5509 2105
5510 2105
5511 2182
5512 2105
5513 2025
5514 2025
5515 2206
5516 2211
5517 2199
5518 2213
5519 2211
5520 1952
5521 1952
5522 2089
5523 2103
5524 2031
5525 2026
5526 1931
5527 1972
5528 2759
5529 2699
5530 961
5531 977
5532 960
5533 960
5534 1954
5535 2184
5536 2105
5537 2242
5538 2286
5539 2286
5540 2286
5541 2242
5542 2148
5543 2148
5544 2025
5545 2033
5546 1032
5547 1031
5548 1931
5549 1972
5550 1955
5551 3125
5552 961
5553 961
5554 3125
5555 977
5556 961
5557 978
5558 960
5559 960
5560 957
5561 960
5562 1955
5563 1978
5564 1978
5565 1978
5566 1978
5567 1978
5568 1978
5569 1952
5570 1978
5571 1978
5572 1978
5573 1978
5574 977
5575 978
5576 1463
5577 1031
5578 2184
5579 2184
5580 2182
5581 1956
5582 1956
5583 2197
5584 2225
5585 2225
5586 2199
5587 2213
5588 2223
5589 2210
5590 2213
5591 2212
5592 2199
5593 2210
5594 2197
5595 2184
5596 2025
5597 2088
5598 2201
5599 2201
5600 2184
5601 2211
5602 2197
5603 2184
5604 2286
5605 2286
5606 2714
5607 2266
5608 1978
5609 1978
5610 2105
5611 2105
5612 2286
5613 2210
5614 2210
5615 2213
5616 2213
5617 2266
5618 2150
5619 2699
5620 2714
5621 2211
5622 2211
5623 2199
5624 2199
5625 2211
5626 2199
5627 2699
5628 2150
5629 2221
5630 2225
5631 1928
5632 1928
5633 2286
5634 2089
5635 2196
5636 2201
5637 2286
5638 2199
5639 2223
5640 2199
5641 2286
5642 2225
5643 946
5644 1972
5645 1931
5646 948
5647 2225
5648 2225
5649 2210
5650 2199
5651 2199
5652 2170
5653 1933
5654 2184
5655 2184
5656 1959
5657 1959
5658 1931
5659 2197
5660 1928
5661 1959
5662 1931
5663 1972
5664 1972
5665 2225
5666 2714
5667 1952
5668 1978
5669 1974
5670 1952
5671 1959
5672 1959
5673 2286
5674 1925
5675 2036
5676 2746
5677 2762
5678 2760
5679 2746
5680 2759
5681 2716
5682 1925
5683 2210
5684 1187
5685 1928
5686 1463
5687 946
5688 961
5689 1955
5690 960
5691 1978
5692 977
5693 2762
5694 2766
5695 1955
5696 1974
5697 1463
5698 1933
5699 1933
5700 1933
5701 1933
5702 1974
5703 1980
5704 1980
5705 1559
5706 2762
5707 2212
5708 2212
5709 977
5710 977
5711 978
5712 978
5713 977
5714 977
5715 3125
5716 1959
5717 1933
5718 1933
5719 2211
5720 2184
5721 2211
5722 2212
5723 2199
5724 2199
5725 961
5726 977
5727 1029
5728 1029
5729 2196
5730 2199
5731 2199
5732 2197
5733 2766
5734 2766
5735 2210
5736 2184
5737 2199
5738 2212
5739 2196
5740 1952
5741 2759
5742 2766
5743 2753
5744 2766
5745 1956
5746 1929
5747 1559
5748 978
5749 1031
5750 2210
5751 2211
5752 2210
5753 2199
5754 2213
5755 2212
5756 2259
5757 2259
5758 2746
5759 2746
5760 2746
5761 2259
5762 2259
5763 2746
5764 2261
5765 2261
5766 2261
5767 2380
5768 2261
5769 2261
5770 2168
5771 2168
5772 2261
5773 2261
5774 2261
5775 2168
5776 2168
5777 2261
5778 2380
5779 2168
5780 2168
5781 2168
5782 2368
5783 2259
5784 2261
5785 2261
5786 2168
5787 2261
5788 2261
5789 2168
5790 2261
5791 2261
5792 2746
5793 2746
5794 2168
5795 2168
5796 2261
5797 2168
5798 2261
5799 2168
5800 2168
5801 2168
5802 2753
5803 2746
5804 2259
5805 2261
5806 2274
5807 2380
5808 2261
5809 2261
5810 2168
5811 2168
5812 2168
5813 2168
5814 2168
5815 2168
5816 2168
5817 2168
5818 2369
5819 2369
5820 2274
5821 2259
5822 2369
5823 2369
5824 2260
5825 2259
5826 2369
5827 2259
5828 2762
5829 2762
5830 2221
5831 2225
5832 2002
5833 2225
5834 2369
5835 2259
5836 2753
5837 2753
5838 2274
5839 2274
5840 2212
5841 2002
5842 2221
5843 2745
5844 2766
5845 2225
5846 2225
5847 2762
5848 2762
5849 2766
5850 2762
5851 2274
5852 2630
5853 2369
5854 2369
5855 2630
5856 2274
5857 2369
5858 2630
5859 2630
5860 2630
5861 2225
5862 2630
5863 2630
5864 2369
5865 2630
5866 2630
5867 2630
5868 2637
5869 2637
5870 2637
5871 2638
5872 2630
5873 2637
5874 2637
5875 2637
5876 2649
5877 2649
5878 2674
5879 2651
5880 2674
5881 2674
5882 2649
5883 2651
5884 2651
5885 2674
5886 2674
5887 2674
5888 2674
5889 2651
5890 2674
5891 2674
5892 2650
5893 2659
5894 2651
5895 2674
5896 2674
5897 2649
5898 2674
5899 2674
5900 2649
5901 2674
5902 2637
5903 2637
5904 2674
5905 2674
5906 2674
5907 2674
5908 2651
5909 2674
5910 2651
5911 2674
5912 2674
5913 2674
5914 2630
5915 2638
5916 2637
5917 2651
5918 2637
5919 2659
5920 2651
5921 2651
5922 2674
5923 2674
5924 2674
5925 2674
5926 2674
5927 2674
5928 2674
5929 2674
5930 2259
5931 2260
5932 2766
5933 2753
5934 2259
5935 2259
5936 2746
5937 2766
5938 2135
5939 2760
5940 2699
5941 2134
5942 2225
5943 2221
5944 2259
5945 2746
5946 2699
5947 2699
5948 2751
5949 2762
5950 2221
5951 2002
5952 2002
5953 2715
5954 2011
5955 2225
5956 2225
5957 2760
5958 1998
5959 2134
5960 2266
5961 2760
5962 2369
5963 2135
5964 2135
5965 2369
5966 2760
5967 2260
5968 2369
5969 2369
5970 2586
5971 2002
5972 2002
5973 2586
5974 2586
5975 2135
5976 2369
5977 2586
5978 2369
5979 2585
5980 2630
5981 2585
5982 2585
5983 2585
5984 2585
5985 2585
5986 2585
5987 2630
5988 2630
5989 2650
5990 2637
5991 2637
5992 2650
5993 2630
5994 2637
5995 2637
5996 2637
5997 2637
5998 2659
5999 2650
6000 2638
6001 2650
6002 2650
6003 2630
6004 2630
6005 2637
6006 2650
6007 2650
6008 2637
6009 2659
6010 2650
6011 2638
6012 2637
6013 2630
6014 2630
6015 2659
6016 2650
6017 2650
6018 2650
6019 2637
6020 2659
6021 2637
6022 2637
6023 2650
6024 2650
6025 2585
6026 2585
6027 2634
6028 2630
6029 2634
6030 2630
6031 2638
6032 2630
6033 2637
6034 2637
6035 2637
6036 2659
6037 2650
6038 2650
6039 2659
6040 2659
6041 2221
6042 2150
6043 2150
6044 2225
6045 2225
6046 2150
6047 2150
6048 2225
6049 2225
6050 2150
6051 2225
6052 2221
6053 2002
6054 2199
6055 2172
6056 2184
6057 2036
6058 2211
6059 2211
6060 2150
6061 2225
6062 2212
6063 2221
6064 2225
6065 2225
6066 2197
6067 2211
6068 2170
6069 2210
6070 2199
6071 2212
6072 2221
6073 2211
6074 2211
6075 2002
6076 2221
6077 2002
6078 2221
6079 2225
6080 2698
6081 1997
6082 1997
6083 2706
6084 2225
6085 2150
6086 2715
6087 2698
6088 2714
6089 2211
6090 2714
6091 2714
6092 1997
6093 2706
6094 2715
6095 2714
6096 2716
6097 2760
6098 2760
6099 2760
6100 2716
6101 2759
6102 2759
6103 2759
6104 2751
6105 2753
6106 2259
6107 2746
6108 2746
6109 2259
6110 2753
6111 2746
6112 2746
6113 2746
6114 2746
6115 2259
6116 2259
6117 2746
6118 2259
6119 2259
6120 2753
6121 2766
6122 2746
6123 2259
6124 2259
6125 2746
6126 2259
6127 2259
6128 2753
6129 2746
6130 2760
6131 2751
6132 2259
6133 2259
6134 2259
6135 2259
6136 2746
6137 2259
6138 2746
6139 2746
6140 2259
6141 2259
6142 2759
6143 2759
6144 2760
6145 2753
6146 2760
6147 2760
6148 2753
6149 2753
6150 2746
6151 2746
6152 2746
6153 2259
6154 2259
6155 2259
6156 2259
6157 2259
6158 2036
6159 1030
6160 1030
6161 1031
6162 1030
6163 1031
6164 1031
6165 1031
6166 1029
6167 1032
6168 1031
6169 1029
6170 1030
6171 1030
6172 1032
6173 1032
6174 1029
6175 1029
6176 1029
6177 1043
6178 1043
6179 1067
6180 1055
6181 1052
6182 1067
6183 1046
6184 1052
6185 1052
6186 1052
6187 1052
6188 1067
6189 1067
6190 1067
6191 1067
6192 1067
6193 1043
6194 1029
6195 1043
6196 1067
6197 1067
6198 1043
6199 1052
6200 1067
6201 1043
6202 1052
6203 1029
6204 1030
6205 1067
6206 1067
6207 1067
6208 1052
6209 1067
6210 1067
6211 1052
6212 1067
6213 1067
6214 1067
6215 1032
6216 1030
6217 1029
6218 1043
6219 1045
6220 1046
6221 1055
6222 1043
6223 1067
6224 1067
6225 1052
6226 1067
6227 1067
6228 1067
6229 1067
6230 1067
6231 2196
6232 2201
6233 2088
6234 2105
6235 2242
6236 2105
6237 2025
6238 2184
6239 1924
6240 3638
6241 3638
6242 3638
6243 3638
6244 3638
6245 3638
6246 3638
6247 3638
6248 5663
6249 5663
6250 5663
6251 5670
6252 3638
6253 3638
6254 3638
6255 3638
6256 3638
6257 3638
6258 3638
6259 3638
6260 3638
6261 3638
6262 3638
6263 3638
6264 5670
6265 3638
6266 3638
6267 3638
6268 3638
6269 3638
6270 5663
6271 3638
6272 3638
6273 726
6274 6409
6275 3638
6276 3638
6277 3638
6278 3638
6279 3638
6280 763
6281 2956
6282 2980
6283 1445
6284 1266
6285 4960
6286 1193
6287 6298
6288 6287
6289 940
6290 940
6291 1496
6292 2825
6293 619
6294 4674
6295 4104
6296 940
6297 6297
6298 3173
6299 2826
6300 1756
6301 646
6302 646
6303 4748
6304 6298
6305 4254
6306 1494
6307 2844
6308 1756
6309 1494
6310 2850
6311 2850
6312 646
6313 2933
6314 2933
6315 1836
6316 1836
6317 1836
6318 1836
6319 604
6320 674
6321 1836
6322 675
6323 674
6324 3038
6325 2906
6326 1198
6327 761
6328 761
6329 1436
6330 2862
6331 3025
6332 750
6333 1299
6334 1664
6335 1552
6336 2875
6337 2875
6338 1818
6339 2880
6340 1809
6341 747
6342 1194
6343 608
6344 2880
6345 2880
6346 2879
6347 2879
6348 782
6349 1244
6350 1244
6351 2890
6352 2890
6353 2889
6354 1831
6355 2984
6356 1445
6357 1445
6358 2980
6359 2897
6360 2895
6361 775
6362 774
6363 775
6364 2986
6365 762
6366 4282
6367 6305
6368 830
6369 6374
6370 4316
6371 4316
6372 2836
6373 1189
6374 3154
6375 4317
6376 3154
6377 867
6378 938
6379 705
6380 705
6381 1449
6382 1449
6383 4316
6384 1449
6385 846
6386 705
6387 1489
6388 1323
6389 4289
6390 1836
6391 1836
6392 1836
6393 2934
6394 1836
6395 604
6396 1897
6397 2942
6398 1832
6399 1840
6400 2999
6401 2944
6402 2944
6403 2944
6404 2945
6405 1856
6406 1891
6407 2939
6408 2970
6409 2998
6410 2998
6411 739
6412 741
6413 779
6414 2953
6415 1418
6416 2895
6417 2982
6418 683
6419 716
6420 1871
6421 1435
6422 1844
6423 1434
6424 1898
6425 1290
6426 2970
6427 3006
6428 896
6429 2970
6430 2933
6431 1817
6432 1303
6433 2985
6434 2987
6435 1445
6436 2987
6437 1445
6438 1356
6439 2987
6440 2987
6441 2987
6442 1438
6443 1439
6444 1438
6445 1439
6446 1440
6447 1852
6448 2988
6449 1358
6450 1892
6451 1355
6452 1439
6453 1439
6454 1888
6455 3002
6456 2933
6457 2933
6458 2999
6459 2999
6460 3003
6461 3001
6462 1890
6463 1890
6464 1890
6465 2970
6466 2933
6467 2892
6468 2890
6469 1823
6470 1823
6471 620
6472 3024
6473 1250
6474 1266
6475 2850
6476 1836
6477 3037
6478 1252
6479 3031
6480 674
6481 1252
6482 3038
6483 674
6484 3035
6485 1436
6486 3035
6487 1236
6488 1236
6489 1236
6490 1236
6491 1236
6492 3818
6493 3794
6494 3589
6495 3787
6496 819
6497 6347
6498 3036
6499 2933
6500 2997
6501 6457
6502 1817
6503 2858
6504 1477
6505 1160
6506 3134
6507 1480
6508 3479
6509 877
6510 3128
6511 1205
6512 843
6513 3107
6514 3133
6515 1513
6516 914
6517 1454
6518 1512
6519 843
6520 3133
6521 845
6522 6371
6523 845
6524 1797
6525 6378
6526 1511
6527 3152
6528 1802
6529 3159
6530 841
6531 3111
6532 1796
6533 6385
6534 1796
6535 1792
6536 1795
6537 2919
6538 867
6539 3158
6540 1786
6541 3158
6542 1449
6543 845
6544 633
6545 4287
6546 898
6547 878
6548 3149
6549 1446
6550 959
6551 957
6552 1339
6553 880
6554 869
6555 1803
6556 3149
6557 869
6558 869
6559 1802
6560 1802
6561 1802
6562 1205
6563 1806
6564 1205
6565 862
6566 705
6567 1790
6568 1792
6569 1792
6570 6375
6571 1790
6572 6374
6573 705
6574 3208
6575 3330
6576 3330
6577 3207
6578 3201
6579 3205
6580 3210
6581 3435
6582 3435
6583 3210
6584 3210
6585 3434
6586 3434
6587 3198
6588 3210
6589 3199
6590 3434
6591 3199
6592 3326
6593 3434
6594 3330
6595 3330
6596 3207
6597 3330
6598 3392
6599 3381
6600 3392
6601 3390
6602 3395
6603 3392
6604 3395
6605 3435
6606 3395
6607 3416
6608 3416
6609 3393
6610 3392
6611 3306
6612 3306
6613 3306
6614 3306
6615 3306
6616 3306
6617 3306
6618 3306
6619 3306
6620 3306
6621 3306
6622 3306
6623 3306
6624 3306
6625 3306
6626 3306
6627 3306
6628 3306
6629 3306
6630 3306
6631 3306
6632 3306
6633 3306
6634 3306
6635 3306
6636 3306
6637 3306
6638 3266
6639 3306
6640 3306
6641 3306
6642 3306
6643 3306
6644 3306
6645 3306
6646 3306
6647 3306
6648 3306
6649 3306
6650 3306
6651 3306
6652 3306
6653 3306
6654 3306
6655 3306
6656 3306
6657 3306
6658 3306
6659 3306
6660 3306
6661 3306
6662 3306
6663 3306
6664 3306
6665 3306
6666 3306
6667 3306
6668 3306
6669 3306
6670 3306
6671 3306
6672 3306
6673 3306
6674 3306
6675 3306
6676 3306
6677 3306
6678 3306
6679 3306
6680 3264
6681 3306
6682 3306
6683 3306
6684 3306
6685 3306
6686 3306
6687 3306
6688 3306
6689 3306
6690 3264
6691 3271
6692 3306
6693 3306
6694 3268
6695 3306
6696 3264
6697 3300
6698 3306
6699 3306
6700 3306
6701 3306
6702 3306
6703 3306
6704 3306
6705 3306
6706 3306
6707 3306
6708 3306
6709 3306
6710 3306
6711 3264
6712 3306
6713 3306
6714 3306
6715 3296
6716 3239
6717 3306
6718 3300
6719 3199
6720 3434
6721 3199
6722 3433
6723 3433
6724 3395
6725 3416
6726 3416
6727 3388
6728 3387
6729 3387
6730 3417
6731 3383
6732 3387
6733 3383
6734 3394
6735 3394
6736 3313
6737 3318
6738 3318
6739 3291
6740 3350
6741 3297
6742 3350
6743 3297
6744 3350
6745 3297
6746 3350
6747 3297
6748 3352
6749 3297
6750 3282
6751 3318
6752 3297
6753 3316
6754 3297
6755 3315
6756 3352
6757 3297
6758 3297
6759 3352
6760 3297
6761 3352
6762 3297
6763 3352
6764 3348
6765 3339
6766 3351
6767 3353
6768 3353
6769 3358
6770 3447
6771 3437
6772 3355
6773 3444
6774 3437
6775 3450
6776 3443
6777 3443
6778 3447
6779 3462
6780 3389
6781 3389
6782 3447
6783 3443
6784 3455
6785 3462
6786 3461
6787 3447
6788 3464
6789 3447
6790 3386
6791 3389
6792 3386
6793 3382
6794 3382
6795 3455
6796 3447
6797 3348
6798 3357
6799 3448
6800 3447
6801 3446
6802 3440
6803 3356
6804 3440
6805 3443
6806 3360
6807 3359
6808 3438
6809 3419
6810 3447
6811 3443
6812 3450
6813 3455
6814 3443
6815 3382
6816 3382
6817 3386
6818 3459
6819 3358
6820 3353
6821 3437
6822 3437
6823 3443
6824 3443
6825 3443
6826 3443
6827 3443
6828 3443
6829 3443
6830 3439
6831 3443
6832 3379
6833 3383
6834 3417
6835 3417
6836 3417
6837 3358
6838 3358
6839 3358
6840 3358
6841 3353
6842 3353
6843 3353
6844 3353
6845 3355
6846 3355
6847 3359
6848 3363
6849 3438
6850 3437
6851 3437
6852 3437
6853 3437
6854 3437
6855 3439
6856 3439
6857 3443
6858 3443
6859 3443
6860 3443
6861 3443
6862 3440
6863 3439
6864 3443
6865 3439
6866 3443
6867 3443
6868 3443
6869 3394
6870 1525
6871 1525
6872 1525
6873 807
6874 1496
6875 2825
6876 1493
6877 1803
6878 1756
6879 604
6880 3761
6881 3689
6882 3688
6883 3688
6884 3782
6885 3782
6886 3688
6887 3689
6888 3689
6889 3689
