0 2636
1 2636
2 2636
3 834
4 2636
5 2636
6 923
7 4091
8 4267
9 4267
10 1788
11 1788
12 2636
13 2618
14 2636
15 1788
16 4091
17 4091
18 111
19 123
20 161
21 153
22 830
23 123
24 133
25 2636
26 2636
27 2636
28 132
29 3066
30 2769
31 82
32 104
33 19
34 2636
35 2636
36 4267
37 113
38 2555
39 816
40 1619
41 123
42 2618
43 2636
44 1781
45 2636
46 123
47 2555
48 188
49 166
50 2561
51 4091
52 808
53 4090
54 807
55 138
56 830
57 808
58 2636
59 2636
60 808
61 2618
62 2618
63 2636
64 2636
65 2636
66 2636
67 2636
68 923
69 4267
70 82
71 4090
72 2636
73 2636
74 4090
75 1781
76 1781
77 810
78 195
79 2652
80 4923
81 202
82 113
83 162
84 148
85 202
86 104
87 1781
88 921
89 9
90 4091
91 3414
92 70
93 1781
94 4267
95 2555
96 2429
97 9
98 1781
99 2636
100 2636
101 2636
102 2636
103 67
104 1476
105 2618
106 829
107 2618
108 2636
109 2636
110 9
111 1620
112 2636
113 70
114 1781
115 138
116 123
117 186
118 801
119 2652
120 113
121 2752
122 61
123 4267
124 2636
125 2636
126 2636
127 1781
128 1781
129 1781
130 4091
131 70
132 514
133 514
134 808
135 2636
136 2636
137 2636
138 1781
139 2636
140 2636
141 2636
142 4091
143 2636
144 2636
145 2636
146 2636
147 2636
148 2636
149 113
150 113
151 2636
152 2636
153 2636
154 113
155 202
156 82
157 82
158 4090
159 3414
160 202
161 202
162 3414
163 2636
164 2636
165 2636
166 82
167 82
168 202
169 202
170 113
171 113
172 113
173 2636
174 2636
175 202
176 82
177 4090
178 113
179 202
180 113
181 113
182 2636
183 2636
184 2636
185 2636
186 2636
187 2636
188 113
189 182
190 113
191 113
192 3066
193 504
194 1793
195 1408
196 4786
197 3001
198 2500
199 2473
200 229
201 1545
202 478
203 2223
204 521
205 1525
206 2355
207 3072
208 1485
209 2491
210 1793
211 3066
212 284
213 2400
214 1545
215 478
216 1499
217 479
218 1619
219 2472
220 1532
221 1389
222 2355
223 4786
224 2413
225 3962
226 2446
227 913
228 477
229 269
230 4104
231 4103
232 1619
233 2752
234 2772
235 1619
236 238
237 4099
238 2767
239 4127
240 4127
241 4243
242 4994
243 4099
244 4112
245 2820
246 2798
247 4217
248 4771
249 811
250 238
251 268
252 2804
253 2985
254 2805
255 3083
256 3083
257 4127
258 4782
259 4226
260 2801
261 2402
262 4213
263 2821
264 3082
265 4847
266 4104
267 1761
268 1501
269 3185
270 3083
271 530
272 4810
273 4811
274 3085
275 4151
276 2814
277 3085
278 3099
279 2852
280 3037
281 3099
282 3037
283 2852
284 2852
285 3083
286 4817
287 4127
288 4127
289 4127
290 2832
291 4129
292 2832
293 4128
294 2815
295 2815
296 2815
297 4151
298 4817
299 2911
300 2929
301 2843
302 3036
303 2843
304 2843
305 2911
306 3136
307 3099
308 4798
309 4794
310 3102
311 4794
312 4794
313 4798
314 1812
315 2381
316 2937
317 1812
318 1813
319 2381
320 2380
321 4701
322 4160
323 4171
324 2929
325 2929
326 2847
327 2853
328 3094
329 2852
330 403
331 2852
332 2852
333 2837
334 2837
335 4794
336 2858
337 2837
338 4794
339 4702
340 1814
341 4702
342 3167
343 1817
344 2916
345 4160
346 3043
347 4798
348 2916
349 2916
350 3043
351 4153
352 4830
353 4202
354 3170
355 4161
356 4202
357 4161
358 2919
359 4161
360 4190
361 4275
362 4203
363 3112
364 4191
365 2884
366 2902
367 4831
368 4462
369 3121
370 4462
371 4831
372 4864
373 4454
374 4865
375 4301
376 4301
377 4275
378 4479
379 4290
380 4290
381 4869
382 4290
383 4290
384 4292
385 4684
386 4866
387 4863
388 4684
389 585
390 2782
391 587
392 2832
393 4126
394 2832
395 2832
396 4121
397 3037
398 2852
399 3037
400 2852
401 2928
402 3037
403 3099
404 2852
405 2852
406 2852
407 2852
408 401
409 2934
410 3094
411 1817
412 1815
413 1812
414 1815
415 1807
416 2381
417 2381
418 2381
419 2381
420 2381
421 4203
422 4193
423 4191
424 3114
425 2902
426 4279
427 4479
428 4296
429 2979
430 4099
431 4798
432 4794
433 2924
434 4792
435 2934
436 3167
437 2934
438 1979
439 3167
440 2855
441 2382
442 3167
443 2916
444 4161
445 2916
446 3109
447 2381
448 4167
449 2939
450 4167
451 2880
452 2880
453 2918
454 4191
455 3113
456 4199
457 4852
458 4191
459 3036
460 4716
461 229
462 1500
463 1536
464 1590
465 4703
466 3141
467 4217
468 2420
469 484
470 1618
471 1408
472 3010
473 2775
474 3185
475 3185
476 1371
477 3066
478 2412
479 1772
480 257
481 913
482 3185
483 2266
484 2275
485 478
486 1532
487 1536
488 3010
489 4217
490 4224
491 4224
492 2856
493 2913
494 3148
495 4847
496 2821
497 2955
498 2952
499 1589
500 1549
501 1549
502 1536
503 1408
504 3066
505 4094
506 504
507 4094
508 1564
509 2744
510 2744
511 1476
512 1371
513 1371
514 836
515 828
516 3185
517 2858
518 2837
519 828
520 3139
521 4900
522 1545
523 3877
524 628
525 4127
526 2986
527 3148
528 4704
529 3148
530 2821
531 4238
532 4236
533 4238
534 587
535 4127
536 4713
537 4713
538 4146
539 3099
540 2853
541 2852
542 3099
543 2852
544 2852
545 2934
546 2934
547 2840
548 3167
549 1800
550 3167
551 2855
552 2382
553 2934
554 2106
555 1813
556 1816
557 2382
558 1813
559 2381
560 2381
561 2882
562 2381
563 2381
564 4171
565 2381
566 4167
567 4156
568 2939
569 4167
570 3106
571 4203
572 4830
573 4856
574 4191
575 4795
576 4275
577 4454
578 4693
579 2450
580 575
581 1371
582 1371
583 1543
584 575
585 4900
586 4786
587 3970
588 3970
589 4900
590 1545
591 1532
592 1532
593 1408
594 242
595 1476
596 477
597 4012
598 472
599 2413
600 4881
601 2781
602 2821
603 3310
604 4771
605 3970
606 4127
607 4848
608 4213
609 315
610 4129
611 2832
612 2822
613 3085
614 3085
615 3138
616 3086
617 4708
618 4817
619 4127
620 4817
621 3135
622 4709
623 4702
624 1818
625 1823
626 2873
627 1817
628 2929
629 3036
630 3036
631 3036
632 4792
633 2837
634 3105
635 4852
636 4795
637 4862
638 2897
639 4462
640 3121
641 4462
642 4461
643 4864
644 4864
645 4276
646 4454
647 4461
648 4301
649 4864
650 4299
651 4300
652 2782
653 2782
654 4238
655 4704
656 4881
657 4221
658 1634
659 4225
660 2837
661 2924
662 1800
663 1800
664 404
665 403
666 2855
667 404
668 4729
669 4127
670 4121
671 1769
672 1396
673 2955
674 3010
675 4098
676 4098
677 4704
678 3185
679 3148
680 2355
681 575
682 4900
683 4900
684 1371
685 2413
686 2781
687 4224
688 4771
689 3099
690 3099
691 2928
692 3165
693 3037
694 2852
695 3037
696 2852
697 2852
698 2852
699 2840
700 3094
701 2934
702 3094
703 2855
704 4702
705 4702
706 2855
707 4187
708 4702
709 2878
710 4184
711 4165
712 2895
713 4867
714 4295
715 3148
716 3082
717 2986
718 3148
719 585
720 535
721 2752
722 253
723 1536
724 1590
725 4012
726 2782
727 3185
728 3185
729 2820
730 1526
731 4900
732 2355
733 3901
734 3901
735 3901
736 3207
737 552
738 3901
739 3255
740 3909
741 3207
742 3901
743 3207
744 4055
745 552
746 552
747 552
748 658
749 3155
750 658
751 552
752 3847
753 1359
754 1371
755 658
756 3847
757 658
758 1371
759 1366
760 1359
761 1371
762 1371
763 3901
764 1577
765 3909
766 658
767 552
768 1371
769 552
770 658
771 658
772 1371
773 1371
774 1371
775 3420
776 3901
777 3196
778 3207
779 552
780 552
781 1371
782 3847
783 3255
784 3196
785 1371
786 1371
787 3207
788 552
789 658
790 658
791 1359
792 658
793 1371
794 3901
795 1371
796 552
797 3155
798 1371
799 658
800 3155
801 4969
802 1501
803 1590
804 2450
805 248
806 1590
807 1549
808 759
809 3207
810 477
811 2636
812 113
813 2636
814 4090
815 82
816 829
817 4091
818 4728
819 202
820 2636
821 2636
822 2744
823 3066
824 1793
825 2782
826 2782
827 2636
828 2636
829 2636
830 82
831 113
832 2636
833 113
834 3986
835 4252
836 4242
837 3071
838 3071
839 2516
840 4267
841 514
842 3009
843 3009
844 70
845 808
846 1781
847 4090
848 3066
849 3066
850 242
851 1590
852 1537
853 2413
854 1593
855 2354
856 1474
857 1474
858 4004
859 4900
860 1590
861 2355
862 1590
863 1590
864 1548
865 2488
866 1590
867 1548
868 1590
869 1590
870 1590
871 1590
872 1549
873 4900
874 2355
875 2355
876 2355
877 2355
878 4037
879 3963
880 1526
881 4786
882 2355
883 2355
884 2355
885 1548
886 2319
887 2488
888 3970
889 1474
890 1536
891 1549
892 4037
893 4013
894 4786
895 1526
896 1793
897 4013
898 3971
899 4900
900 1590
901 1590
902 1548
903 1514
904 2446
905 913
906 914
907 658
908 575
909 1371
910 658
911 4267
912 4267
913 552
914 552
915 552
916 3227
917 3227
918 552
919 3227
920 776
921 776
922 776
923 3227
924 3431
925 3954
926 3201
927 3518
928 3539
929 3909
930 3930
931 3431
932 3431
933 3431
934 3201
935 3201
936 3954
937 3201
938 3930
939 3201
940 3204
941 3930
942 3930
943 3557
944 3620
945 3611
946 3599
947 3478
948 3544
949 3772
950 3502
951 3820
952 3835
953 3623
954 3556
955 3620
956 3772
957 3557
958 3562
959 3623
960 3476
961 3658
962 3544
963 3557
964 3772
965 3528
966 3491
967 3491
968 3618
969 3818
970 1862
971 3619
972 3599
973 3660
974 3491
975 3656
976 3536
977 1862
978 1963
979 3557
980 3623
981 1963
982 1877
983 1963
984 3476
985 3604
986 3656
987 3819
988 3530
989 3662
990 1862
991 3491
992 3530
993 3619
994 1877
995 3656
996 3507
997 3658
998 3819
999 3502
1000 1877
1001 3555
1002 3502
1003 3539
1004 3511
1005 3511
1006 3539
1007 3511
1008 1877
1009 3620
1010 3498
1011 3567
1012 3619
1013 1830
1014 1963
1015 3662
1016 1830
1017 1836
1018 2190
1019 1862
1020 1877
1021 3619
1022 1963
1023 3658
1024 1963
1025 3536
1026 1877
1027 1877
1028 3627
1029 3604
1030 1877
1031 3557
1032 3528
1033 3819
1034 3557
1035 3539
1036 3511
1037 3799
1038 3624
1039 3504
1040 3687
1041 3608
1042 1877
1043 3528
1044 3818
1045 3660
1046 1877
1047 3617
1048 3930
1049 1877
1050 3681
1051 1963
1052 1877
1053 1877
1054 1877
1055 1877
1056 1877
1057 1877
1058 1877
1059 1877
1060 1877
1061 1877
1062 1877
1063 1877
1064 1877
1065 1877
1066 1877
1067 1877
1068 1877
1069 1877
1070 1877
1071 3627
1072 3624
1073 2190
1074 1963
1075 2190
1076 3624
1077 3619
1078 1877
1079 1877
1080 1963
1081 3627
1082 1838
1083 1877
1084 1877
1085 1877
1086 1877
1087 1877
1088 1862
1089 1963
1090 1862
1091 1877
1092 1877
1093 1877
1094 1877
1095 1877
1096 1830
1097 1836
1098 1877
1099 1877
1100 1877
1101 1877
1102 1877
1103 1877
1104 1877
1105 1877
1106 1877
1107 1877
1108 1877
1109 1877
1110 1877
1111 1877
1112 1877
1113 1877
1114 1877
1115 1877
1116 1877
1117 1877
1118 1877
1119 1963
1120 1877
1121 1830
1122 1963
1123 1963
1124 1877
1125 1963
1126 1963
1127 1877
1128 1963
1129 3687
1130 3608
1131 3620
1132 1877
1133 1862
1134 1963
1135 1862
1136 1836
1137 1877
1138 1877
1139 1877
1140 1877
1141 1877
1142 1963
1143 1877
1144 1877
1145 1877
1146 1877
1147 1877
1148 1877
1149 1877
1150 1963
1151 1877
1152 1877
1153 1877
1154 1877
1155 1877
1156 1877
1157 1877
1158 1877
1159 1877
1160 1877
1161 1877
1162 1877
1163 1877
1164 1877
1165 1877
1166 1877
1167 1877
1168 1877
1169 1877
1170 1877
1171 1963
1172 1963
1173 1862
1174 1862
1175 1963
1176 1963
1177 3608
1178 1830
1179 1963
1180 3617
1181 3619
1182 3676
1183 1963
1184 2190
1185 1963
1186 3617
1187 3623
1188 2190
1189 1963
1190 1963
1191 3604
1192 1830
1193 3608
1194 1836
1195 1862
1196 1838
1197 1838
1198 1838
1199 1838
1200 1862
1201 1838
1202 1838
1203 1838
1204 1838
1205 1836
1206 1838
1207 1838
1208 1877
1209 1838
1210 3619
1211 3676
1212 3681
1213 3623
1214 3623
1215 3619
1216 3597
1217 3556
1218 3597
1219 3556
1220 3594
1221 3656
1222 3656
1223 3597
1224 3529
1225 3529
1226 3604
1227 3604
1228 3604
1229 3612
1230 3604
1231 3604
1232 3604
1233 3612
1234 3612
1235 3604
1236 3604
1237 3604
1238 3597
1239 3604
1240 3612
1241 3604
1242 3604
1243 3612
1244 3604
1245 3604
1246 3604
1247 3662
1248 2190
1249 3624
1250 3624
1251 3604
1252 3611
1253 3557
1254 3620
1255 3503
1256 3660
1257 3619
1258 3504
1259 3604
1260 3478
1261 3799
1262 3611
1263 3611
1264 3597
1265 3656
1266 3660
1267 3620
1268 3555
1269 3567
1270 3656
1271 3545
1272 3502
1273 3772
1274 3766
1275 3528
1276 3773
1277 3502
1278 3662
1279 3507
1280 3528
1281 3555
1282 3656
1283 2636
1284 2636
1285 1408
1286 1781
1287 3414
1288 113
1289 797
1290 202
1291 1543
1292 1371
1293 1371
1294 1371
1295 1543
1296 1371
1297 575
1298 1372
1299 846
1300 3970
1301 1371
1302 1543
1303 914
1304 1371
1305 2413
1306 3970
1307 3970
1308 2446
1309 3970
1310 2413
1311 3970
1312 2413
1313 1526
1314 913
1315 1769
1316 4074
1317 3011
1318 642
1319 476
1320 1598
1321 1396
1322 1392
1323 1769
1324 1597
1325 1396
1326 2470
1327 479
1328 2486
1329 479
1330 479
1331 1605
1332 524
1333 552
1334 776
1335 759
1336 3155
1337 3227
1338 3227
1339 3227
1340 3847
1341 552
1342 740
1343 3207
1344 4055
1345 3207
1346 776
1347 3207
1348 3207
1349 3207
1350 3207
1351 3901
1352 3420
1353 3901
1354 3901
1355 3255
1356 3909
1357 3255
1358 3901
1359 3909
1360 3901
1361 3204
1362 3901
1363 3901
1364 3901
1365 3909
1366 3909
1367 3201
1368 3930
1369 3909
1370 3201
1371 3201
1372 3930
1373 3201
1374 3201
1375 3954
1376 3201
1377 3954
1378 3954
1379 110
1380 3539
1381 3518
1382 3518
1383 3954
1384 110
1385 1563
1386 4268
1387 2744
1388 1476
1389 504
1390 2752
1391 1408
1392 1483
1393 1501
1394 1483
1395 1392
1396 2504
1397 1397
1398 1545
1399 1549
1400 2319
1401 2413
1402 2413
1403 575
1404 2446
1405 1545
1406 1532
1407 478
1408 1392
1409 1483
1410 269
1411 3986
1412 823
1413 3988
1414 3990
1415 278
1416 913
1417 1534
1418 1545
1419 1592
1420 479
1421 479
1422 479
1423 479
1424 1499
1425 1545
1426 1545
1427 232
1428 232
1429 1532
1430 1532
1431 1532
1432 472
1433 2487
1434 2503
1435 1408
1436 913
1437 2413
1438 2488
1439 913
1440 1593
1441 2354
1442 1545
1443 1534
1444 472
1445 2488
1446 4899
1447 4013
1448 1536
1449 1549
1450 4004
1451 4037
1452 1478
1453 1536
1454 1590
1455 1793
1456 1408
1457 241
1458 658
1459 1359
1460 658
1461 1359
1462 658
1463 3847
1464 658
1465 658
1466 3847
1467 552
1468 658
1469 552
1470 658
1471 552
1472 552
1473 2354
1474 1534
1475 2506
1476 1597
1477 642
1478 4116
1479 4074
1480 4979
1481 1597
1482 2504
1483 1593
1484 1591
1485 4096
1486 1526
1487 4786
1488 2355
1489 2355
1490 2320
1491 4267
1492 1788
1493 828
1494 4091
1495 1788
1496 1619
1497 1619
1498 4267
1499 241
1500 1793
1501 4802
1502 2772
1503 4843
1504 3071
1505 4845
1506 2772
1507 4099
1508 4861
1509 4099
1510 4881
1511 4104
1512 3071
1513 4104
1514 4099
1515 4228
1516 4104
1517 821
1518 2502
1519 3083
1520 3083
1521 2843
1522 4813
1523 4822
1524 3136
1525 4813
1526 4813
1527 2832
1528 4848
1529 2814
1530 3086
1531 4128
1532 4817
1533 2911
1534 2911
1535 4848
1536 4128
1537 4127
1538 4128
1539 4128
1540 2832
1541 4708
1542 4813
1543 4813
1544 4813
1545 4127
1546 4713
1547 4817
1548 2911
1549 4128
1550 4144
1551 2815
1552 4813
1553 3136
1554 2832
1555 3136
1556 3099
1557 2846
1558 4708
1559 4729
1560 3136
1561 2928
1562 3035
1563 3137
1564 4813
1565 2832
1566 3136
1567 4813
1568 2832
1569 3136
1570 2846
1571 2928
1572 4143
1573 4810
1574 4123
1575 4847
1576 4127
1577 4713
1578 4127
1579 2911
1580 3083
1581 4817
1582 2911
1583 4127
1584 4127
1585 4708
1586 2911
1587 4208
1588 3121
1589 3172
1590 4452
1591 4452
1592 4454
1593 4831
1594 4277
1595 4455
1596 4277
1597 4795
1598 2897
1599 4461
1600 4795
1601 2897
1602 4457
1603 4208
1604 3113
1605 3113
1606 3112
1607 4202
1608 4856
1609 3171
1610 4856
1611 4208
1612 4197
1613 4199
1614 2919
1615 3112
1616 2918
1617 3113
1618 4191
1619 4864
1620 4459
1621 4282
1622 4456
1623 4454
1624 4461
1625 4449
1626 4282
1627 4465
1628 4480
1629 4867
1630 4461
1631 4867
1632 4275
1633 4864
1634 4453
1635 4867
1636 4301
1637 4777
1638 675
1639 4780
1640 2979
1641 2979
1642 4780
1643 4762
1644 2775
1645 2979
1646 535
1647 675
1648 4228
1649 4228
1650 4107
1651 4239
1652 1756
1653 4239
1654 3148
1655 3148
1656 1754
1657 1761
1658 4240
1659 4254
1660 4907
1661 4254
1662 1769
1663 1388
1664 1388
1665 476
1666 1396
1667 4979
1668 4103
1669 4111
1670 4111
1671 4103
1672 3323
1673 4103
1674 821
1675 4091
1676 1619
1677 2636
1678 133
1679 2582
1680 2636
1681 2636
1682 2618
1683 1788
1684 1619
1685 1619
1686 4074
1687 4272
1688 4690
1689 4686
1690 4475
1691 4688
1692 4593
1693 4688
1694 4688
1695 4693
1696 4681
1697 4688
1698 4593
1699 4689
1700 4589
1701 4589
1702 4687
1703 4536
1704 4536
1705 4595
1706 4529
1707 4589
1708 4589
1709 4591
1710 4569
1711 4599
1712 4529
1713 4529
1714 4689
1715 4304
1716 4304
1717 4354
1718 4354
1719 4354
1720 4304
1721 4304
1722 4304
1723 4354
1724 4354
1725 4354
1726 4354
1727 4354
1728 4304
1729 4304
1730 4304
1731 4354
1732 4304
1733 4304
1734 4304
1735 4304
1736 4354
1737 4354
1738 4354
1739 4354
1740 4304
1741 4354
1742 4354
1743 4304
1744 4304
1745 4354
1746 4354
1747 4354
1748 4354
1749 4304
1750 4354
1751 4304
1752 4304
1753 4304
1754 4354
1755 4304
1756 4304
1757 4304
1758 4354
1759 4354
1760 4354
1761 4304
1762 4304
1763 4354
1764 4304
1765 4304
1766 4304
1767 4304
1768 4304
1769 4354
1770 4354
1771 4304
1772 4304
1773 4354
1774 4304
1775 4304
1776 4304
1777 4354
1778 4304
1779 4304
1780 4304
1781 4304
1782 4354
1783 4304
1784 4354
1785 4354
1786 4304
1787 4354
1788 4304
1789 4304
1790 4304
1791 4354
1792 4354
1793 4354
1794 4304
1795 4304
1796 4354
1797 4304
1798 4304
1799 4354
1800 4354
1801 4304
1802 4304
1803 4304
1804 4304
1805 4304
1806 4304
1807 4304
1808 4354
1809 4304
1810 4354
1811 4304
1812 4304
1813 4304
1814 4354
1815 4354
1816 4304
1817 4304
1818 4304
1819 4304
1820 4354
1821 4304
1822 4304
1823 4304
1824 4354
1825 4304
1826 4304
1827 4304
1828 4304
1829 4304
1830 4354
1831 4354
1832 4354
1833 4354
1834 4304
1835 4304
1836 4432
1837 4354
1838 4689
1839 4693
1840 4688
1841 4869
1842 4596
1843 4474
1844 4292
1845 4475
1846 4692
1847 4684
1848 4686
1849 4686
1850 4681
1851 4868
1852 4475
1853 4688
1854 4478
1855 4569
1856 4589
1857 4526
1858 4567
1859 4873
1860 4531
1861 4540
1862 4548
1863 4517
1864 4590
1865 4687
1866 4589
1867 4475
1868 4432
1869 4345
1870 4485
1871 4345
1872 4487
1873 4670
1874 4482
1875 4345
1876 4485
1877 4482
1878 4672
1879 4308
1880 4308
1881 4482
1882 4494
1883 4345
1884 4311
1885 4308
1886 4345
1887 4493
1888 4676
1889 4484
1890 4507
1891 4489
1892 4487
1893 4489
1894 4487
1895 4484
1896 4487
1897 4510
1898 4511
1899 4551
1900 4546
1901 4507
1902 4551
1903 4613
1904 4618
1905 4612
1906 4551
1907 4560
1908 4550
1909 4549
1910 4624
1911 4624
1912 4629
1913 4624
1914 4626
1915 4625
1916 4632
1917 4641
1918 4631
1919 4638
1920 4630
1921 4576
1922 4576
1923 4485
1924 4490
1925 4484
1926 4552
1927 4510
1928 4510
1929 4511
1930 4511
1931 4510
1932 4511
1933 4509
1934 4508
1935 4487
1936 4511
1937 4509
1938 4551
1939 4576
1940 4549
1941 4549
1942 4550
1943 4510
1944 4510
1945 4490
1946 4484
1947 4603
1948 4608
1949 4547
1950 4615
1951 4620
1952 4612
1953 4618
1954 4622
1955 4622
1956 4624
1957 4622
1958 4622
1959 4550
1960 4550
1961 4517
1962 4549
1963 4517
1964 4523
1965 4532
1966 4581
1967 4581
1968 4580
1969 4581
1970 4638
1971 4633
1972 4558
1973 4499
1974 4485
1975 4485
1976 4499
1977 4500
1978 4495
1979 4500
1980 4499
1981 4559
1982 4611
1983 4605
1984 4608
1985 4559
1986 4605
1987 4611
1988 4606
1989 4604
1990 4613
1991 4570
1992 4570
1993 4570
1994 4570
1995 4620
1996 4615
1997 4615
1998 4613
1999 4613
2000 4615
2001 4614
2002 4612
2003 4614
2004 4614
2005 4622
2006 4622
2007 4614
2008 4622
2009 4354
2010 4304
2011 4354
2012 4354
2013 4366
2014 4304
2015 4304
2016 4304
2017 4304
2018 4354
2019 4304
2020 4304
2021 4354
2022 4354
2023 4304
2024 4304
2025 4354
2026 4306
2027 4354
2028 4670
2029 4672
2030 4674
2031 4354
2032 4354
2033 4354
2034 4354
2035 4432
2036 4354
2037 4354
2038 4354
2039 4354
2040 4354
2041 4354
2042 4354
2043 4873
2044 4543
2045 4535
2046 4548
2047 4687
2048 4548
2049 4517
2050 4549
2051 4558
2052 4569
2053 4548
2054 4548
2055 2355
2056 4786
2057 242
2058 4161
2059 4197
2060 4197
2061 4202
2062 1508
2063 4127
2064 3083
2065 4228
2066 4120
2067 4713
2068 4173
2069 2937
2070 4152
2071 4167
2072 2880
2073 2935
2074 3092
2075 3036
2076 4104
2077 3094
2078 2934
2079 3042
2080 2861
2081 1768
2082 3185
2083 1394
2084 4127
2085 4708
2086 2911
2087 4098
2088 3322
2089 229
2090 4101
2091 2798
2092 3083
2093 3083
2094 4713
2095 3036
2096 2858
2097 2924
2098 2916
2099 3103
2100 4794
2101 2929
2102 2924
2103 4881
2104 3185
2105 4228
2106 4752
2107 1508
2108 4817
2109 3036
2110 4780
2111 1386
2112 4853
2113 3106
2114 4203
2115 2274
2116 2274
2117 3184
2118 4108
2119 4099
2120 4881
2121 4881
2122 4881
2123 587
2124 4843
2125 2775
2126 4099
2127 4802
2128 4099
2129 675
2130 2979
2131 2979
2132 675
2133 4843
2134 4881
2135 4099
2136 4099
2137 1499
2138 3185
2139 1481
2140 4127
2141 2911
2142 4794
2143 2858
2144 3170
2145 4292
2146 3311
2147 4202
2148 4771
2149 2951
2150 3185
2151 232
2152 4809
2153 479
2154 4127
2155 4810
2156 2832
2157 4708
2158 4810
2159 3138
2160 3083
2161 4708
2162 2896
2163 4273
2164 4455
2165 2782
2166 1502
2167 2484
2168 3037
2169 3099
2170 3037
2171 3099
2172 2928
2173 2928
2174 2852
2175 2852
2176 2852
2177 2852
2178 3167
2179 3094
2180 3167
2181 3167
2182 2934
2183 3167
2184 2855
2185 2869
2186 1812
2187 2869
2188 3170
2189 4154
2190 2896
2191 4795
2192 4278
2193 2509
2194 1549
2195 1549
2196 1594
2197 1501
2198 1766
2199 2353
2200 1397
2201 2446
2202 4802
2203 4881
2204 4110
2205 229
2206 2846
2207 3136
2208 3099
2209 4813
2210 2832
2211 4128
2212 4810
2213 4128
2214 4143
2215 4848
2216 4127
2217 4713
2218 4462
2219 4457
2220 4208
2221 2886
2222 4275
2223 4451
2224 4228
2225 1771
2226 4681
2227 4598
2228 4539
2229 4539
2230 4689
2231 4471
2232 4543
2233 4521
2234 4624
2235 4631
2236 4621
2237 4622
2238 4581
2239 4614
2240 4614
2241 4526
2242 4238
2243 241
2244 4038
2245 4270
2246 1394
2247 4901
2248 2491
2249 3017
2250 2301
2251 2744
2252 3001
2253 2516
2254 1619
2255 2735
2256 4969
2257 1408
2258 3988
2259 1545
2260 1604
2261 3159
2262 2953
2263 4908
2264 4100
2265 2636
2266 2636
2267 2636
2268 2636
2269 2636
2270 2636
2271 2636
2272 2636
2273 2636
2274 3414
2275 3414
2276 82
2277 82
2278 797
2279 1545
2280 2506
2281 2405
2282 2472
2283 1406
2284 2412
2285 836
2286 2473
2287 1549
2288 2484
2289 2472
2290 1545
2291 1487
2292 4037
2293 1487
2294 1476
2295 4902
2296 2509
2297 2354
2298 479
2299 479
2300 1545
2301 2484
2302 479
2303 479
2304 479
2305 479
2306 1534
2307 1534
2308 1532
2309 1605
2310 2354
2311 2471
2312 1793
2313 479
2314 2472
2315 479
2316 1390
2317 4117
2318 3072
2319 1389
2320 4074
2321 2504
2322 2504
2323 3322
2324 1593
2325 1593
2326 1754
2327 3139
2328 4994
2329 4756
2330 2636
2331 2618
2332 2636
2333 2636
2334 2636
2335 2636
2336 2636
2337 1781
2338 4267
2339 1788
2340 2636
2341 2636
2342 2618
2343 2618
2344 4091
2345 4267
2346 3009
2347 2618
2348 2555
2349 2555
2350 1788
2351 830
2352 2618
2353 2615
2354 2636
2355 2555
2356 1616
2357 808
2358 514
2359 1781
2360 4267
2361 829
2362 153
2363 2618
2364 2636
2365 2636
2366 3304
2367 133
2368 1476
2369 2618
2370 2618
2371 2636
2372 1788
2373 2618
2374 2555
2375 2555
2376 2555
2377 2528
2378 3304
2379 2636
2380 4091
2381 3414
2382 808
2383 829
2384 829
2385 70
2386 2636
2387 2636
2388 808
2389 2618
2390 2618
2391 4267
2392 9
2393 2636
2394 2618
2395 2636
2396 2636
2397 125
2398 4267
2399 2618
2400 2618
2401 2636
2402 4267
2403 2618
2404 2618
2405 2528
2406 4916
2407 4923
2408 2636
2409 2596
2410 2636
2411 61
2412 3320
2413 4091
2414 125
2415 9
2416 1781
2417 9
2418 2636
2419 125
2420 2636
2421 2555
2422 3304
2423 9
2424 2636
2425 2636
2426 4267
2427 2618
2428 2708
2429 153
2430 2618
2431 514
2432 2618
2433 2636
2434 2636
2435 1617
2436 828
2437 2636
2438 70
2439 4259
2440 3009
2441 2555
2442 3320
2443 2614
2444 4916
2445 514
2446 3066
2447 2636
2448 1616
2449 2636
2450 2636
2451 162
2452 4091
2453 1616
2454 4091
2455 807
2456 514
2457 2574
2458 2636
2459 2636
2460 2636
2461 4267
2462 2636
2463 2636
2464 2636
2465 2618
2466 2618
2467 2618
2468 2618
2469 2618
2470 2618
2471 2618
2472 2618
2473 2636
2474 2636
2475 2636
2476 2618
2477 2618
2478 2618
2479 2636
2480 2636
2481 2636
2482 2636
2483 2636
2484 3414
2485 2636
2486 2636
2487 2618
2488 2618
2489 2618
2490 2618
2491 2636
2492 2636
2493 2636
2494 2636
2495 2636
2496 2636
2497 2636
2498 2636
2499 2636
2500 2636
2501 2636
2502 125
2503 2636
2504 2636
2505 2636
2506 2636
2507 2636
2508 2618
2509 2618
2510 2618
2511 2618
2512 2618
2513 2618
2514 2636
2515 2636
2516 2636
2517 2636
2518 2636
2519 807
2520 1476
2521 1476
2522 2470
2523 2464
2524 253
2525 4073
2526 561
2527 264
2528 4885
2529 2498
2530 4097
2531 1408
2532 2468
2533 2495
2534 284
2535 4973
2536 1621
2537 1408
2538 242
2539 3066
2540 4096
2541 2444
2542 3066
2543 2777
2544 4969
2545 4885
2546 1476
2547 1408
2548 2398
2549 3019
2550 1794
2551 876
2552 889
2553 1476
2554 1557
2555 1355
2556 1376
2557 2731
2558 4094
2559 4844
2560 4258
2561 2744
2562 4115
2563 1619
2564 2774
2565 3125
2566 3126
2567 4103
2568 323
2569 302
2570 4889
2571 2265
2572 280
2573 3125
2574 649
2575 2303
2576 631
2577 631
2578 487
2579 485
2580 485
2581 3310
2582 2808
2583 1618
2584 319
2585 2228
2586 2228
2587 302
2588 2238
2589 2238
2590 2248
2591 2250
2592 286
2593 455
2594 286
2595 2808
2596 3875
2597 4115
2598 649
2599 2228
2600 465
2601 4258
2602 2809
2603 302
2604 302
2605 2249
2606 319
2607 325
2608 447
2609 435
2610 2256
2611 346
2612 378
2613 2248
2614 2248
2615 1645
2616 2252
2617 323
2618 302
2619 2366
2620 591
2621 1656
2622 352
2623 602
2624 2338
2625 593
2626 2253
2627 2241
2628 1645
2629 980
2630 980
2631 980
2632 354
2633 980
2634 980
2635 428
2636 980
2637 980
2638 346
2639 428
2640 436
2641 2256
2642 436
2643 428
2644 355
2645 2256
2646 343
2647 2259
2648 436
2649 2255
2650 390
2651 390
2652 390
2653 390
2654 390
2655 390
2656 390
2657 614
2658 1685
2659 614
2660 614
2661 1685
2662 1342
2663 2256
2664 1342
2665 346
2666 346
2667 1706
2668 372
2669 1706
2670 1707
2671 1697
2672 1697
2673 1342
2674 1342
2675 1009
2676 1009
2677 389
2678 390
2679 383
2680 1707
2681 1681
2682 390
2683 390
2684 383
2685 1697
2686 390
2687 390
2688 390
2689 390
2690 1685
2691 1685
2692 390
2693 390
2694 614
2695 1685
2696 614
2697 390
2698 1693
2699 390
2700 390
2701 1681
2702 390
2703 614
2704 390
2705 1685
2706 1685
2707 387
2708 387
2709 387
2710 387
2711 1685
2712 2344
2713 614
2714 614
2715 390
2716 1693
2717 390
2718 383
2719 2367
2720 2331
2721 1278
2722 1035
2723 1295
2724 988
2725 435
2726 435
2727 365
2728 436
2729 1296
2730 437
2731 1296
2732 2344
2733 609
2734 393
2735 609
2736 667
2737 1250
2738 665
2739 428
2740 666
2741 665
2742 2338
2743 432
2744 1250
2745 1458
2746 1469
2747 952
2748 952
2749 1440
2750 1240
2751 1444
2752 339
2753 591
2754 326
2755 591
2756 591
2757 1072
2758 1451
2759 1451
2760 1440
2761 1440
2762 1440
2763 458
2764 646
2765 2315
2766 325
2767 2267
2768 354
2769 2256
2770 2254
2771 2260
2772 377
2773 1342
2774 2256
2775 1683
2776 1683
2777 614
2778 614
2779 614
2780 1693
2781 614
2782 1713
2783 1295
2784 1296
2785 1247
2786 1072
2787 644
2788 456
2789 1009
2790 1009
2791 1009
2792 1697
2793 1707
2794 1706
2795 991
2796 378
2797 1706
2798 1697
2799 1695
2800 390
2801 1697
2802 1342
2803 1009
2804 1685
2805 614
2806 1693
2807 387
2808 387
2809 387
2810 387
2811 1680
2812 960
2813 1690
2814 389
2815 390
2816 390
2817 388
2818 1697
2819 1707
2820 377
2821 378
2822 980
2823 517
2824 4984
2825 2509
2826 2497
2827 2468
2828 500
2829 1794
2830 455
2831 286
2832 484
2833 485
2834 485
2835 291
2836 291
2837 3877
2838 1408
2839 2981
2840 1754
2841 1754
2842 649
2843 1364
2844 2756
2845 504
2846 2767
2847 4096
2848 1376
2849 2250
2850 2777
2851 4757
2852 4097
2853 4969
2854 4973
2855 3130
2856 487
2857 487
2858 377
2859 372
2860 2228
2861 2228
2862 2228
2863 2228
2864 291
2865 2315
2866 2315
2867 843
2868 2494
2869 2464
2870 242
2871 2491
2872 3066
2873 3066
2874 1476
2875 1619
2876 3066
2877 253
2878 807
2879 2744
2880 3066
2881 3066
2882 1355
2883 1364
2884 253
2885 807
2886 4220
2887 2735
2888 1685
2889 3013
2890 3066
2891 644
2892 890
2893 2498
2894 4982
2895 458
2896 887
2897 631
2898 485
2899 630
2900 630
2901 2263
2902 465
2903 628
2904 675
2905 4238
2906 649
2907 323
2908 325
2909 2252
2910 980
2911 517
2912 980
2913 1342
2914 1694
2915 1009
2916 614
2917 1685
2918 1685
2919 387
2920 387
2921 1680
2922 611
2923 1691
2924 1295
2925 1713
2926 1713
2927 1440
2928 1364
2929 1376
2930 1365
2931 1364
2932 1376
2933 1379
2934 890
2935 876
2936 576
2937 889
2938 1376
2939 2498
2940 2509
2941 1591
2942 1793
2943 1619
2944 1476
2945 4097
2946 890
2947 887
2948 845
2949 4258
2950 4747
2951 286
2952 649
2953 485
2954 845
2955 2228
2956 631
2957 2777
2958 339
2959 1656
2960 591
2961 1656
2962 339
2963 2366
2964 2366
2965 1656
2966 602
2967 2366
2968 339
2969 602
2970 1656
2971 1660
2972 2241
2973 2342
2974 428
2975 666
2976 357
2977 1342
2978 1342
2979 1685
2980 1009
2981 390
2982 390
2983 980
2984 980
2985 980
2986 980
2987 346
2988 365
2989 435
2990 346
2991 346
2992 436
2993 2272
2994 365
2995 2312
2996 388
2997 390
2998 390
2999 390
3000 390
3001 390
3002 390
3003 390
3004 393
3005 609
3006 393
3007 2312
3008 365
3009 2221
3010 355
3011 436
3012 355
3013 428
3014 436
3015 428
3016 346
3017 2272
3018 436
3019 435
3020 346
3021 980
3022 988
3023 1713
3024 1296
3025 952
3026 1469
3027 602
3028 602
3029 339
3030 602
3031 1656
3032 339
3033 602
3034 339
3035 602
3036 666
3037 665
3038 2338
3039 488
3040 1296
3041 1458
3042 1458
3043 1072
3044 1656
3045 339
3046 326
3047 1754
3048 485
3049 3125
3050 4238
3051 3129
3052 455
3053 286
3054 644
3055 454
3056 454
3057 487
3058 1342
3059 1009
3060 1707
3061 1009
3062 1707
3063 377
3064 390
3065 1697
3066 383
3067 591
3068 1656
3069 602
3070 2338
3071 602
3072 1656
3073 3011
3074 4756
3075 455
3076 2280
3077 2800
3078 2407
3079 3129
3080 630
3081 2303
3082 649
3083 1623
3084 876
3085 889
3086 890
3087 890
3088 2417
3089 1560
3090 2808
3091 286
3092 675
3093 454
3094 428
3095 346
3096 436
3097 436
3098 428
3099 1707
3100 377
3101 435
3102 377
3103 1707
3104 1697
3105 390
3106 390
3107 390
3108 390
3109 390
3110 1693
3111 614
3112 1693
3113 1697
3114 390
3115 443
3116 1707
3117 377
3118 377
3119 365
3120 346
3121 435
3122 665
3123 665
3124 665
3125 432
3126 665
3127 465
3128 646
3129 646
3130 628
3131 2955
3132 675
3133 807
3134 2744
3135 1472
3136 4891
3137 2495
3138 4891
3139 890
3140 2782
3141 3184
3142 649
3143 630
3144 3129
3145 890
3146 890
3147 876
3148 703
3149 703
3150 1425
3151 768
3152 735
3153 764
3154 697
3155 703
3156 1577
3157 1577
3158 708
3159 741
3160 512
3161 512
3162 767
3163 741
3164 228
3165 741
3166 1358
3167 768
3168 725
3169 558
3170 1367
3171 558
3172 228
3173 1355
3174 1355
3175 1355
3176 1367
3177 1364
3178 698
3179 697
3180 703
3181 725
3182 741
3183 1358
3184 228
3185 1358
3186 558
3187 228
3188 558
3189 1355
3190 777
3191 703
3192 703
3193 707
3194 228
3195 741
3196 1364
3197 228
3198 1577
3199 703
3200 1355
3201 558
3202 1355
3203 510
3204 771
3205 1358
3206 228
3207 1358
3208 1358
3209 1357
3210 703
3211 1355
3212 741
3213 228
3214 725
3215 558
3216 741
3217 1618
3218 4982
3219 4973
3220 1376
3221 2509
3222 2398
3223 768
3224 1582
3225 4984
3226 2618
3227 2618
3228 2771
3229 2618
3230 3009
3231 829
3232 4091
3233 2808
3234 2636
3235 2636
3236 2636
3237 2618
3238 2618
3239 807
3240 2752
3241 242
3242 2782
3243 2979
3244 2618
3245 2618
3246 2636
3247 125
3248 2636
3249 2618
3250 2636
3251 4860
3252 4861
3253 4861
3254 1775
3255 2265
3256 2403
3257 807
3258 514
3259 3009
3260 70
3261 4091
3262 1788
3263 9
3264 1476
3265 504
3266 4094
3267 242
3268 2503
3269 4094
3270 4097
3271 264
3272 4094
3273 2495
3274 890
3275 1476
3276 4950
3277 3390
3278 4950
3279 894
3280 4973
3281 500
3282 4950
3283 500
3284 4891
3285 4950
3286 894
3287 4950
3288 894
3289 500
3290 890
3291 2464
3292 2464
3293 876
3294 876
3295 2467
3296 2400
3297 2464
3298 2464
3299 890
3300 2464
3301 894
3302 894
3303 4973
3304 4973
3305 893
3306 500
3307 1559
3308 242
3309 501
3310 501
3311 2400
3312 890
3313 2464
3314 890
3315 1793
3316 1477
3317 890
3318 890
3319 4950
3320 894
3321 4973
3322 2468
3323 889
3324 889
3325 1355
3326 558
3327 887
3328 1376
3329 228
3330 4267
3331 1781
3332 741
3333 741
3334 741
3335 1583
3336 735
3337 741
3338 735
3339 709
3340 715
3341 1583
3342 764
3343 3939
3344 3436
3345 3436
3346 3441
3347 3441
3348 1425
3349 1428
3350 3441
3351 3954
3352 1425
3353 3953
3354 3922
3355 3951
3356 754
3357 1441
3358 3921
3359 704
3360 3954
3361 697
3362 3817
3363 3784
3364 3487
3365 3494
3366 3790
3367 3528
3368 3562
3369 3830
3370 3827
3371 3798
3372 3720
3373 3497
3374 3507
3375 3499
3376 3661
3377 3819
3378 3765
3379 3505
3380 3507
3381 3506
3382 3827
3383 3539
3384 3765
3385 3505
3386 1193
3387 3732
3388 3730
3389 3808
3390 1192
3391 3661
3392 3798
3393 3730
3394 1193
3395 3817
3396 3493
3397 3720
3398 1193
3399 1193
3400 3545
3401 3661
3402 3530
3403 3798
3404 3505
3405 3830
3406 3501
3407 3505
3408 3726
3409 1130
3410 3452
3411 3735
3412 3499
3413 3505
3414 3506
3415 1216
3416 3501
3417 3493
3418 3518
3419 3518
3420 3518
3421 3539
3422 3518
3423 3951
3424 1216
3425 3765
3426 3493
3427 3730
3428 1193
3429 1193
3430 3794
3431 3726
3432 1192
3433 3735
3434 1214
3435 1130
3436 3758
3437 1193
3438 3661
3439 1193
3440 3491
3441 1126
3442 1126
3443 1193
3444 3758
3445 1130
3446 3602
3447 3539
3448 3528
3449 3447
3450 3539
3451 3518
3452 3789
3453 3720
3454 3674
3455 3798
3456 3720
3457 1130
3458 3528
3459 3499
3460 3482
3461 1192
3462 3674
3463 754
3464 3491
3465 3720
3466 1193
3467 1218
3468 1130
3469 1155
3470 1155
3471 1155
3472 1154
3473 1154
3474 1155
3475 1222
3476 1155
3477 1130
3478 1154
3479 1217
3480 1154
3481 1154
3482 1155
3483 1155
3484 1155
3485 1193
3486 1193
3487 1193
3488 1193
3489 1214
3490 1193
3491 1214
3492 1222
3493 1214
3494 1193
3495 1216
3496 1193
3497 1192
3498 1193
3499 1130
3500 1216
3501 1155
3502 1155
3503 1216
3504 1192
3505 1193
3506 1155
3507 1130
3508 1222
3509 1155
3510 1155
3511 1193
3512 1155
3513 1193
3514 1222
3515 1155
3516 1155
3517 1155
3518 1155
3519 1155
3520 1155
3521 1155
3522 1155
3523 1155
3524 1155
3525 1155
3526 1155
3527 1155
3528 1155
3529 1155
3530 1155
3531 1155
3532 1155
3533 1155
3534 1155
3535 1155
3536 1193
3537 1193
3538 1130
3539 1192
3540 1193
3541 1192
3542 1193
3543 1193
3544 1192
3545 1193
3546 3720
3547 3494
3548 1216
3549 1193
3550 1130
3551 1193
3552 1193
3553 1214
3554 1155
3555 1192
3556 1155
3557 1193
3558 1193
3559 1222
3560 1130
3561 1130
3562 1216
3563 1192
3564 1155
3565 1155
3566 1222
3567 1216
3568 1130
3569 1155
3570 1155
3571 1155
3572 1155
3573 1155
3574 1155
3575 1155
3576 1155
3577 1155
3578 1155
3579 1155
3580 1155
3581 1155
3582 1155
3583 1155
3584 1155
3585 1155
3586 1155
3587 1155
3588 1155
3589 1155
3590 1193
3591 1214
3592 1193
3593 1214
3594 3720
3595 1193
3596 3720
3597 1193
3598 1193
3599 3602
3600 3720
3601 3460
3602 3602
3603 3720
3604 1193
3605 3800
3606 3492
3607 3727
3608 1193
3609 3727
3610 3756
3611 1193
3612 3800
3613 1193
3614 1193
3615 1214
3616 1214
3617 1214
3618 1214
3619 1192
3620 1214
3621 1214
3622 1192
3623 1214
3624 1214
3625 1192
3626 1192
3627 1192
3628 3460
3629 3674
3630 3460
3631 3492
3632 3674
3633 3720
3634 3794
3635 3790
3636 3794
3637 3794
3638 3794
3639 3789
3640 3794
3641 3794
3642 3794
3643 3794
3644 3723
3645 3564
3646 3723
3647 3794
3648 3564
3649 3564
3650 3564
3651 3723
3652 3723
3653 3564
3654 3755
3655 3755
3656 3794
3657 3723
3658 3723
3659 3564
3660 3564
3661 3564
3662 3755
3663 3564
3664 3501
3665 1193
3666 3736
3667 3602
3668 3530
3669 3662
3670 3766
3671 3808
3672 3661
3673 3492
3674 3758
3675 3661
3676 3818
3677 3808
3678 3661
3679 3487
3680 3794
3681 3765
3682 3562
3683 3452
3684 3818
3685 3818
3686 3562
3687 3495
3688 3830
3689 3496
3690 3797
3691 3505
3692 3505
3693 3528
3694 3511
3695 3506
3696 3788
3697 2636
3698 2636
3699 1408
3700 4267
3701 4267
3702 2636
3703 2636
3704 2636
3705 1376
3706 1376
3707 1376
3708 1376
3709 1364
3710 1376
3711 1376
3712 1365
3713 1376
3714 1376
3715 1355
3716 1376
3717 1364
3718 889
3719 684
3720 3343
3721 890
3722 563
3723 576
3724 1558
3725 886
3726 889
3727 1559
3728 1559
3729 3011
3730 4245
3731 4757
3732 2735
3733 2739
3734 1772
3735 1794
3736 4756
3737 2505
3738 4757
3739 1618
3740 525
3741 2469
3742 2471
3743 4988
3744 1407
3745 4096
3746 741
3747 735
3748 767
3749 1583
3750 764
3751 741
3752 735
3753 741
3754 510
3755 735
3756 767
3757 707
3758 1583
3759 703
3760 1577
3761 1577
3762 708
3763 1577
3764 707
3765 1577
3766 1582
3767 708
3768 1415
3769 1425
3770 703
3771 703
3772 703
3773 1415
3774 703
3775 697
3776 703
3777 703
3778 3921
3779 3232
3780 1425
3781 3921
3782 3192
3783 704
3784 704
3785 3939
3786 3921
3787 3921
3788 3939
3789 3441
3790 3953
3791 3436
3792 3937
3793 3937
3794 3954
3795 3937
3796 3937
3797 3954
3798 3951
3799 253
3800 3066
3801 4094
3802 2744
3803 1476
3804 504
3805 807
3806 242
3807 2809
3808 3964
3809 4756
3810 2809
3811 1794
3812 4982
3813 4981
3814 2503
3815 2467
3816 894
3817 1376
3818 1376
3819 877
3820 500
3821 2494
3822 4885
3823 4931
3824 4756
3825 3011
3826 3989
3827 2774
3828 1509
3829 1509
3830 1776
3831 576
3832 4068
3833 4969
3834 501
3835 1618
3836 4093
3837 1618
3838 1618
3839 1618
3840 4969
3841 241
3842 4068
3843 2741
3844 2741
3845 3892
3846 4885
3847 4093
3848 1618
3849 4969
3850 1793
3851 1376
3852 877
3853 898
3854 868
3855 887
3856 1407
3857 2494
3858 2498
3859 4093
3860 4969
3861 2442
3862 890
3863 2464
3864 2467
3865 2398
3866 2400
3867 502
3868 3893
3869 4981
3870 242
3871 504
3872 242
3873 1793
3874 241
3875 725
3876 725
3877 771
3878 725
3879 1358
3880 228
3881 771
3882 512
3883 512
3884 771
3885 725
3886 725
3887 720
3888 725
3889 771
3890 771
3891 4989
3892 4988
3893 1597
3894 2506
3895 1794
3896 4728
3897 1795
3898 4074
3899 4979
3900 2505
3901 4982
3902 1591
3903 4988
3904 4885
3905 1559
3906 4950
3907 3390
3908 1559
3909 808
3910 1617
3911 70
3912 808
3913 509
3914 2509
3915 1476
3916 2491
3917 241
3918 1622
3919 1623
3920 4844
3921 2359
3922 4107
3923 4258
3924 4110
3925 1630
3926 3321
3927 3310
3928 3310
3929 4881
3930 296
3931 4110
3932 3322
3933 279
3934 685
3935 4100
3936 4230
3937 4253
3938 2808
3939 2249
3940 2248
3941 2248
3942 2252
3943 2252
3944 2269
3945 2253
3946 320
3947 323
3948 323
3949 2252
3950 2252
3951 592
3952 2228
3953 1672
3954 592
3955 666
3956 665
3957 432
3958 355
3959 2338
3960 665
3961 1664
3962 447
3963 356
3964 323
3965 323
3966 2252
3967 2227
3968 323
3969 2251
3970 332
3971 447
3972 302
3973 2267
3974 2252
3975 2251
3976 355
3977 665
3978 352
3979 350
3980 602
3981 325
3982 319
3983 325
3984 591
3985 592
3986 666
3987 355
3988 665
3989 488
3990 665
3991 488
3992 325
3993 325
3994 357
3995 352
3996 2338
3997 323
3998 1664
3999 447
4000 320
4001 1672
4002 592
4003 591
4004 1670
4005 665
4006 488
4007 665
4008 665
4009 2338
4010 665
4011 1692
4012 1701
4013 1061
4014 1326
4015 2256
4016 2256
4017 355
4018 346
4019 436
4020 1295
4021 1296
4022 1285
4023 2344
4024 1295
4025 609
4026 2344
4027 609
4028 1693
4029 610
4030 381
4031 2344
4032 2344
4033 2344
4034 609
4035 2344
4036 346
4037 428
4038 428
4039 2256
4040 428
4041 346
4042 365
4043 435
4044 346
4045 435
4046 2342
4047 667
4048 988
4049 1296
4050 437
4051 1282
4052 610
4053 2256
4054 2256
4055 346
4056 428
4057 355
4058 611
4059 393
4060 1680
4061 388
4062 388
4063 1693
4064 1707
4065 377
4066 1706
4067 1681
4068 1681
4069 1693
4070 1693
4071 614
4072 387
4073 387
4074 387
4075 393
4076 387
4077 387
4078 387
4079 387
4080 1707
4081 991
4082 991
4083 991
4084 1002
4085 390
4086 390
4087 388
4088 388
4089 387
4090 387
4091 1706
4092 377
4093 1707
4094 390
4095 390
4096 614
4097 952
4098 952
4099 2344
4100 999
4101 1250
4102 602
4103 339
4104 602
4105 602
4106 1296
4107 1030
4108 956
4109 956
4110 605
4111 368
4112 605
4113 1458
4114 2344
4115 368
4116 665
4117 355
4118 665
4119 355
4120 666
4121 666
4122 665
4123 2338
4124 665
4125 666
4126 665
4127 488
4128 339
4129 665
4130 1296
4131 1296
4132 339
4133 602
4134 339
4135 644
4136 644
4137 2315
4138 4229
4139 4764
4140 1754
4141 286
4142 286
4143 644
4144 644
4145 456
4146 487
4147 2955
4148 2968
4149 4844
4150 2423
4151 454
4152 487
4153 1755
4154 1755
4155 650
4156 628
4157 3322
4158 2774
4159 4990
4160 1763
4161 4241
4162 2735
4163 2735
4164 3139
4165 2731
4166 2735
4167 4254
4168 4106
4169 2245
4170 1775
4171 4256
4172 4253
4173 4091
4174 2618
4175 2636
4176 127
4177 2555
4178 2636
4179 2636
4180 2618
4181 4091
4182 504
4183 1793
4184 4074
4185 4074
4186 4272
4187 1427
4188 326
4189 694
4190 1677
4191 1427
4192 3210
4193 1440
4194 3274
4195 1427
4196 1427
4197 1427
4198 702
4199 3085
4200 1427
4201 1427
4202 702
4203 4060
4204 1427
4205 4060
4206 3213
4207 4060
4208 1427
4209 1427
4210 2381
4211 4167
4212 1812
4213 4167
4214 4156
4215 2882
4216 2880
4217 2880
4218 4167
4219 4167
4220 4167
4221 2381
4222 2381
4223 2381
4224 2381
4225 2381
4226 2381
4227 2381
4228 2381
4229 2381
4230 2381
4231 2381
4232 2381
4233 2381
4234 2381
4235 2381
4236 1812
4237 1812
4238 1812
4239 1812
4240 1812
4241 1812
4242 4167
4243 2381
4244 2381
4245 4167
4246 4171
4247 4156
4248 2939
4249 2942
4250 4156
4251 2880
4252 2381
4253 2381
4254 2381
4255 2381
4256 2381
4257 2381
4258 2381
4259 2381
4260 2381
4261 2381
4262 2381
4263 2381
4264 2381
4265 2381
4266 2381
4267 2381
4268 2381
4269 2381
4270 2381
4271 2381
4272 2381
4273 2381
4274 2381
4275 2381
4276 2381
4277 1812
4278 1812
4279 1812
4280 2381
4281 2381
4282 2381
4283 2381
4284 2381
4285 1812
4286 1812
4287 2381
4288 1812
4289 1812
4290 1812
4291 1812
4292 1812
4293 2381
4294 2381
4295 2381
4296 4167
4297 2880
4298 2381
4299 2381
4300 2381
4301 2381
4302 2381
4303 2381
4304 2381
4305 2381
4306 2381
4307 1812
4308 2381
4309 2381
4310 1812
4311 1812
4312 4167
4313 4171
4314 4156
4315 2381
4316 2381
4317 2381
4318 2381
4319 2381
4320 2381
4321 2381
4322 2880
4323 2381
4324 2381
4325 2381
4326 2381
4327 2381
4328 1812
4329 2381
4330 2381
4331 1812
4332 1812
4333 1812
4334 3213
4335 1440
4336 4060
4337 1444
4338 1440
4339 694
4340 694
4341 1440
4342 694
4343 1440
4344 1440
4345 1444
4346 1444
4347 1427
4348 3210
4349 3426
4350 3274
4351 4060
4352 4051
4353 4051
4354 702
4355 3085
4356 3085
4357 3085
4358 4051
4359 3037
4360 4049
4361 3213
4362 3210
4363 2869
4364 4702
4365 4855
4366 4702
4367 2381
4368 4794
4369 4702
4370 4702
4371 2855
4372 2855
4373 3167
4374 1990
4375 1818
4376 2379
4377 1817
4378 2382
4379 1823
4380 1818
4381 2855
4382 4702
4383 2381
4384 1823
4385 1815
4386 1817
4387 1807
4388 1823
4389 2855
4390 1807
4391 1807
4392 1799
4393 4702
4394 2855
4395 2855
4396 2858
4397 3100
4398 2855
4399 3167
4400 3167
4401 2934
4402 4826
4403 2852
4404 2852
4405 3094
4406 3094
4407 3037
4408 3164
4409 2832
4410 4813
4411 4813
4412 3165
4413 2925
4414 3136
4415 3164
4416 2832
4417 3098
4418 4811
4419 4810
4420 3085
4421 4810
4422 2814
4423 4811
4424 4811
4425 3086
4426 4810
4427 3086
4428 4810
4429 4810
4430 3086
4431 3085
4432 2814
4433 3086
4434 3085
4435 4810
4436 3085
4437 3089
4438 2855
4439 2854
4440 2855
4441 3167
4442 2852
4443 2835
4444 2836
4445 2854
4446 2923
4447 2840
4448 2934
4449 2934
4450 2934
4451 3094
4452 3094
4453 2852
4454 2852
4455 2852
4456 2852
4457 2852
4458 1799
4459 1800
4460 1800
4461 404
4462 2840
4463 1800
4464 403
4465 2840
4466 2852
4467 2852
4468 3037
4469 2852
4470 3099
4471 2928
4472 3136
4473 3085
4474 2832
4475 4813
4476 4813
4477 2928
4478 2928
4479 4813
4480 2928
4481 3099
4482 3099
4483 3037
4484 2852
4485 2852
4486 2934
4487 3167
4488 3094
4489 2852
4490 3099
4491 3136
4492 3136
4493 2928
4494 2832
4495 2832
4496 2832
4497 3085
4498 2814
4499 3085
4500 2823
4501 2832
4502 2928
4503 3136
4504 3099
4505 3037
4506 2835
4507 2852
4508 2912
4509 3037
4510 3099
4511 2928
4512 3098
4513 2832
4514 2814
4515 3085
4516 4810
4517 3085
4518 4810
4519 4810
4520 2823
4521 3098
4522 1800
4523 1800
4524 1807
4525 2108
4526 3167
4527 1800
4528 1799
4529 1800
4530 1800
4531 1800
4532 3167
4533 2934
4534 2855
4535 3167
4536 2934
4537 2852
4538 3094
4539 2852
4540 3094
4541 3094
4542 2840
4543 2934
4544 1978
4545 403
4546 3094
4547 403
4548 403
4549 403
4550 3094
4551 1978
4552 403
4553 3037
4554 2852
4555 3037
4556 2852
4557 2852
4558 2852
4559 3037
4560 2852
4561 2852
4562 2852
4563 2852
4564 2852
4565 2840
4566 2852
4567 2928
4568 3099
4569 3037
4570 3099
4571 3099
4572 3099
4573 2928
4574 3099
4575 2928
4576 3136
4577 3136
4578 3099
4579 4813
4580 4813
4581 4813
4582 2832
4583 3136
4584 3136
4585 2832
4586 3136
4587 2832
4588 3085
4589 3085
4590 4813
4591 4129
4592 2381
4593 2381
4594 2379
4595 2381
4596 4171
4597 2381
4598 2381
4599 2381
4600 2381
4601 2381
4602 2381
4603 2381
4604 2381
4605 1812
4606 1812
4607 1812
4608 1812
4609 1812
4610 1812
4611 1814
4612 1812
4613 1812
4614 1812
4615 1814
4616 1823
4617 1823
4618 4702
4619 1817
4620 2381
4621 1816
4622 2381
4623 2381
4624 2869
4625 2381
4626 2381
4627 2381
4628 2381
4629 2938
4630 4701
4631 2937
4632 3085
4633 3085
4634 1427
4635 3085
4636 4051
4637 702
4638 4060
4639 2849
4640 2851
4641 3136
4642 2928
4643 4051
4644 4049
4645 894
4646 876
4647 2491
4648 1685
4649 387
4650 387
4651 2777
4652 284
4653 631
4654 630
4655 631
4656 631
4657 649
4658 649
4659 286
4660 2267
4661 2249
4662 1685
4663 1685
4664 1685
4665 1009
4666 1342
4667 1338
4668 1338
4669 2265
4670 1342
4671 980
4672 1009
4673 1685
4674 286
4675 4728
4676 2261
4677 3129
4678 2303
4679 1776
4680 302
4681 649
4682 2248
4683 2252
4684 345
4685 2407
4686 2800
4687 2735
4688 2808
4689 2265
4690 2238
4691 2303
4692 302
4693 2249
4694 2251
4695 302
4696 345
4697 345
4698 1342
4699 1685
4700 1685
4701 1685
4702 1685
4703 284
4704 980
4705 1342
4706 2780
4707 4756
4708 649
4709 286
4710 3326
4711 1775
4712 2249
4713 323
4714 2252
4715 517
4716 286
4717 4728
4718 1685
4719 1685
4720 4756
4721 3011
4722 454
4723 3157
4724 2950
4725 628
4726 675
4727 4764
4728 458
4729 2315
4730 1623
4731 1754
4732 515
4733 2800
4734 2800
4735 485
4736 454
4737 628
4738 4107
4739 4107
4740 2407
4741 644
4742 2407
4743 4969
4744 1623
4745 2739
4746 2228
4747 323
4748 2342
4749 428
4750 436
4751 436
4752 436
4753 390
4754 390
4755 1697
4756 1697
4757 389
4758 383
4759 390
4760 390
4761 1656
4762 591
4763 485
4764 378
4765 1706
4766 991
4767 1707
4768 1697
4769 1681
4770 1697
4771 383
4772 485
4773 484
4774 485
4775 2250
4776 3892
4777 485
4778 631
4779 2250
4780 649
4781 1673
4782 593
4783 1658
4784 2269
4785 378
4786 435
4787 980
4788 346
4789 1061
4790 991
4791 1296
4792 1295
4793 1061
4794 991
4795 1250
4796 667
4797 432
4798 291
4799 485
4800 485
4801 516
4802 346
4803 435
4804 2256
4805 365
4806 377
4807 365
4808 435
4809 1697
4810 1697
4811 1705
4812 388
4813 388
4814 390
4815 390
4816 390
4817 1693
4818 614
4819 614
4820 1697
4821 1697
4822 1707
4823 1707
4824 1706
4825 435
4826 436
4827 435
4828 665
4829 432
4830 602
4831 1072
4832 591
4833 2398
4834 2503
4835 896
4836 1794
4837 3322
4838 4904
4839 2444
4840 889
4841 889
4842 2305
4843 4231
4844 4845
4845 2253
4846 593
4847 332
4848 356
4849 325
4850 319
4851 325
4852 665
4853 665
4854 339
4855 357
4856 343
4857 666
4858 666
4859 355
4860 428
4861 436
4862 2256
4863 988
4864 988
4865 999
4866 2254
4867 1697
4868 1707
4869 1706
4870 1706
4871 1706
4872 378
4873 390
4874 614
4875 388
4876 602
4877 602
4878 602
4879 602
4880 602
4881 3325
4882 3011
4883 1444
4884 694
4885 1427
4886 1427
4887 1427
4888 1444
4889 702
4890 3089
4891 4121
4892 2815
4893 4813
4894 4813
4895 2832
4896 2832
4897 3085
4898 4813
4899 2832
4900 2816
4901 4813
4902 2832
4903 702
4904 4231
4905 485
4906 1398
4907 508
4908 4094
4909 3011
4910 4901
4911 455
4912 1793
4913 454
4914 644
4915 644
4916 2744
4917 826
4918 1472
4919 242
4920 4969
4921 2503
4922 4756
4923 2491
4924 242
4925 1407
4926 1754
4927 2246
4928 2246
4929 4104
4930 2636
4931 2636
4932 2618
4933 2618
4934 2618
4935 2618
4936 2636
4937 2636
4938 2636
4939 2636
4940 2636
4941 2636
4942 3414
4943 2636
4944 9
4945 2636
4946 2636
4947 241
4948 4982
4949 2492
4950 2503
4951 1406
4952 1476
4953 1398
4954 1398
4955 2498
4956 1794
4957 4097
4958 242
4959 242
4960 1473
4961 242
4962 1473
4963 1476
4964 2408
4965 2509
4966 2470
4967 1398
4968 1794
4969 2497
4970 4093
4971 4093
4972 4093
4973 4093
4974 4093
4975 4969
4976 4093
4977 1406
4978 4969
4979 2491
4980 2497
4981 2496
4982 242
4983 2469
4984 4756
4985 2731
4986 4788
4987 1406
4988 1389
4989 1389
4990 1597
4991 2504
4992 4075
4993 1596
4994 3990
4995 4240
4996 1754
4997 2739
4998 3071
4999 390
