0 431
1 345
2 345
3 310
4 310
5 310
6 345
7 48
8 48
9 448
10 194
11 451
12 458
13 478
14 410
15 410
16 411
17 411
18 443
19 326
20 166
21 166
22 166
23 454
24 454
25 443
26 454
27 454
28 326
29 166
30 166
31 166
32 166
33 166
34 166
35 443
36 81
37 5
38 443
39 328
40 454
41 443
42 435
43 431
44 310
45 491
46 196
47 192
48 192
49 49
50 481
51 491
52 481
53 449
54 253
55 443
56 410
57 454
58 328
59 326
60 326
61 166
62 166
63 166
64 4963
65 4963
66 4963
67 4963
68 166
69 166
70 166
71 326
72 454
73 435
74 435
75 343
76 410
77 81
78 328
79 431
80 5
81 328
82 326
83 344
84 430
85 435
86 435
87 431
88 50
89 253
90 328
91 454
92 328
93 326
94 166
95 166
96 326
97 328
98 326
99 328
100 328
101 328
102 328
103 443
104 454
105 454
106 454
107 454
108 344
109 344
110 328
111 328
112 328
113 326
114 166
115 166
116 326
117 326
118 344
119 51
120 454
121 328
122 328
123 81
124 443
125 326
126 326
127 328
128 328
129 328
130 430
131 491
132 49
133 450
134 451
135 472
136 458
137 550
138 2526
139 2314
140 573
141 457
142 458
143 451
144 468
145 458
146 468
147 328
148 454
149 454
150 430
151 345
152 50
153 48
154 365
155 328
156 454
157 328
158 435
159 310
160 50
161 431
162 345
163 328
164 326
165 326
166 326
167 166
168 166
169 166
170 4963
171 166
172 166
173 166
174 4963
175 4963
176 4963
177 166
178 4963
179 4963
180 345
181 435
182 310
183 50
184 309
185 310
186 328
187 328
188 326
189 166
190 166
191 309
192 343
193 491
194 189
195 365
196 450
197 497
198 450
199 489
200 489
201 497
202 451
203 489
204 451
205 457
206 131
207 551
208 769
209 568
210 560
211 538
212 472
213 497
214 194
215 538
216 477
217 450
218 493
219 486
220 481
221 454
222 328
223 328
224 49
225 328
226 344
227 253
228 481
229 49
230 194
231 326
232 449
233 194
234 450
235 477
236 48
237 454
238 81
239 454
240 454
241 462
242 477
243 430
244 328
245 48
246 328
247 326
248 477
249 477
250 365
251 192
252 450
253 365
254 326
255 326
256 166
257 491
258 497
259 451
260 134
261 956
262 2540
263 497
264 166
265 166
266 328
267 194
268 448
269 326
270 166
271 431
272 435
273 429
274 454
275 344
276 365
277 326
278 477
279 326
280 326
281 166
282 166
283 430
284 431
285 189
286 166
287 344
288 345
289 448
290 449
291 326
292 49
293 489
294 450
295 468
296 497
297 468
298 472
299 472
300 166
301 166
302 4963
303 344
304 454
305 497
306 430
307 345
308 310
309 253
310 479
311 197
312 494
313 328
314 326
315 480
316 430
317 458
318 194
319 326
320 166
321 326
322 326
323 166
324 326
325 326
326 166
327 326
328 326
329 410
330 410
331 344
332 429
333 194
334 450
335 462
336 481
337 253
338 451
339 166
340 195
341 468
342 344
343 253
344 462
345 49
346 450
347 443
348 81
349 454
350 326
351 166
352 468
353 468
354 550
355 344
356 462
357 328
358 166
359 4963
360 326
361 197
362 489
363 166
364 49
365 192
366 497
367 477
368 477
369 4963
370 4963
371 472
372 473
373 2253
374 889
375 2049
376 2049
377 2533
378 2840
379 2841
380 3784
381 3022
382 3736
383 5120
384 5120
385 3990
386 4382
387 4379
388 3995
389 5118
390 3995
391 4369
392 166
393 343
394 51
395 430
396 572
397 4963
398 365
399 458
400 572
401 2540
402 2753
403 1338
404 892
405 1338
406 956
407 2253
408 253
409 462
410 310
411 481
412 468
413 166
414 326
415 166
416 4963
417 4963
418 411
419 49
420 134
421 477
422 4963
423 4963
424 4963
425 134
426 4963
427 454
428 197
429 468
430 166
431 196
432 497
433 468
434 458
435 468
436 443
437 166
438 166
439 166
440 538
441 4963
442 166
443 4963
444 166
445 468
446 4963
447 166
448 166
449 166
450 4963
451 194
452 2254
453 451
454 472
455 957
456 499
457 133
458 133
459 489
460 450
461 450
462 192
463 498
464 458
465 457
466 2527
467 458
468 468
469 194
470 497
471 486
472 450
473 497
474 472
475 134
476 560
477 133
478 1354
479 1639
480 1654
481 2050
482 2756
483 3039
484 3039
485 1526
486 1889
487 1554
488 1670
489 3435
490 3696
491 520
492 3580
493 3412
494 1695
495 1694
496 1725
497 1867
498 2321
499 1888
500 1888
501 1843
502 2089
503 1987
504 1786
505 3140
506 3140
507 2091
508 2762
509 2834
510 3581
511 3539
512 3726
513 2802
514 2875
515 2917
516 579
517 451
518 134
519 458
520 468
521 468
522 2669
523 451
524 2526
525 493
526 493
527 538
528 560
529 551
530 2364
531 2540
532 2314
533 134
534 2254
535 486
536 538
537 2254
538 1833
539 2540
540 538
541 577
542 131
543 538
544 486
545 578
546 573
547 499
548 538
549 2669
550 2139
551 837
552 2139
553 2781
554 4118
555 4014
556 4118
557 4118
558 4118
559 4014
560 4014
561 4014
562 4014
563 4118
564 4118
565 4118
566 4118
567 4014
568 4014
569 4014
570 4118
571 4118
572 4118
573 4118
574 4118
575 5078
576 3610
577 4110
578 3875
579 3874
580 3820
581 3988
582 3733
583 3749
584 3780
585 3751
586 3816
587 3816
588 3918
589 3779
590 3918
591 3779
592 3817
593 3725
594 3624
595 3257
596 3837
597 3965
598 4066
599 4235
600 3257
601 3683
602 3965
603 3259
604 3942
605 4118
606 4118
607 4014
608 4014
609 4014
610 4014
611 4014
612 4014
613 4014
614 4014
615 4014
616 4014
617 4014
618 4014
619 4014
620 4014
621 4014
622 4014
623 4014
624 4014
625 4014
626 4014
627 4014
628 4014
629 4014
630 4014
631 134
632 4118
633 4118
634 4014
635 4120
636 4081
637 5083
638 3983
639 3665
640 4063
641 5095
642 3973
643 4118
644 4118
645 4118
646 4118
647 4118
648 4205
649 4120
650 4182
651 3878
652 4118
653 4118
654 4205
655 4096
656 4194
657 4114
658 4089
659 4161
660 3774
661 3911
662 3607
663 3605
664 3686
665 4201
666 558
667 1749
668 837
669 890
670 2139
671 896
672 1833
673 890
674 2253
675 4118
676 4118
677 4014
678 4118
679 4118
680 4118
681 4118
682 4014
683 4014
684 4014
685 560
686 862
687 4118
688 4014
689 4014
690 4205
691 4205
692 4195
693 4089
694 3876
695 4205
696 4205
697 4205
698 4205
699 4120
700 4088
701 133
702 1338
703 889
704 4014
705 4014
706 4014
707 4014
708 4014
709 4014
710 4014
711 4014
712 4118
713 4118
714 4014
715 4014
716 4014
717 4014
718 4118
719 4118
720 4205
721 4089
722 538
723 4195
724 4180
725 3610
726 4161
727 3875
728 3877
729 3925
730 3878
731 4014
732 4014
733 4014
734 4014
735 4014
736 4014
737 4014
738 4014
739 4014
740 4014
741 4014
742 4014
743 4014
744 4014
745 538
746 4161
747 4014
748 4014
749 131
750 558
751 568
752 3875
753 558
754 1338
755 838
756 838
757 1354
758 4014
759 577
760 837
761 922
762 3875
763 3876
764 3877
765 551
766 4014
767 4088
768 133
769 3874
770 3876
771 4014
772 4014
773 4014
774 4014
775 4014
776 4014
777 4014
778 4014
779 4014
780 4014
781 4014
782 133
783 847
784 1354
785 1279
786 1354
787 1354
788 888
789 1627
790 1654
791 4014
792 3876
793 3876
794 3911
795 3911
796 568
797 1338
798 4182
799 3607
800 4014
801 4014
802 4014
803 3875
804 4014
805 4014
806 4014
807 551
808 825
809 4014
810 4014
811 3610
812 3611
813 4118
814 4195
815 4014
816 4014
817 3607
818 4249
819 3802
820 3685
821 3759
822 568
823 1338
824 1833
825 1749
826 903
827 806
828 4014
829 4014
830 4014
831 4014
832 3874
833 206
834 836
835 568
836 757
837 4014
838 4182
839 3780
840 3751
841 4014
842 4014
843 206
844 1338
845 3878
846 3773
847 3773
848 3786
849 3773
850 4014
851 3925
852 1626
853 2139
854 889
855 890
856 4181
857 4180
858 3668
859 3857
860 5091
861 3665
862 5101
863 4061
864 3821
865 3605
866 892
867 4015
868 568
869 3773
870 3787
871 3605
872 3865
873 133
874 806
875 1279
876 1279
877 893
878 799
879 5055
880 1280
881 836
882 1749
883 1749
884 1749
885 903
886 836
887 836
888 836
889 897
890 897
891 893
892 3760
893 837
894 3760
895 3877
896 1338
897 1833
898 1833
899 1833
900 1338
901 3771
902 3771
903 4014
904 4014
905 4014
906 4014
907 4014
908 3616
909 3760
910 3771
911 3817
912 3732
913 4014
914 1861
915 3759
916 3615
917 4049
918 4014
919 836
920 836
921 836
922 806
923 895
924 2067
925 922
926 4261
927 3703
928 3759
929 2490
930 2139
931 2139
932 2139
933 896
934 892
935 1833
936 1749
937 1750
938 1767
939 1767
940 1767
941 1767
942 1750
943 1750
944 806
945 806
946 836
947 902
948 902
949 902
950 902
951 2083
952 2164
953 2566
954 2564
955 2701
956 3110
957 2581
958 2582
959 2436
960 2597
961 2597
962 2597
963 2283
964 2283
965 2283
966 4291
967 4446
968 2283
969 3760
970 4014
971 4014
972 3759
973 4261
974 3744
975 3686
976 3779
977 3778
978 3790
979 3752
980 3918
981 3918
982 3878
983 806
984 3252
985 4227
986 3941
987 3837
988 4156
989 3260
990 4261
991 3555
992 3453
993 3688
994 3462
995 3555
996 3555
997 3359
998 3555
999 4155
1000 3738
1001 3512
1002 3280
1003 3296
1004 3103
1005 3898
1006 2802
1007 2801
1008 3076
1009 3798
1010 3252
1011 3453
1012 3505
1013 3908
1014 3896
1015 3257
1016 4066
1017 3258
1018 3683
1019 4027
1020 3555
1021 3470
1022 3513
1023 3252
1024 3908
1025 3260
1026 4085
1027 3965
1028 3685
1029 4066
1030 3837
1031 3741
1032 4156
1033 3942
1034 3908
1035 3908
1036 3741
1037 3703
1038 3908
1039 3453
1040 3947
1041 3947
1042 3941
1043 3759
1044 3904
1045 3760
1046 769
1047 3301
1048 3359
1049 3301
1050 3737
1051 3847
1052 3468
1053 3738
1054 3452
1055 3737
1056 3718
1057 3531
1058 2884
1059 3368
1060 3297
1061 3423
1062 3176
1063 3341
1064 2887
1065 3356
1066 4265
1067 3837
1068 3653
1069 3904
1070 3779
1071 551
1072 1833
1073 3453
1074 3427
1075 3406
1076 3370
1077 3711
1078 3451
1079 3466
1080 3220
1081 3359
1082 3852
1083 3714
1084 3749
1085 3816
1086 3259
1087 3259
1088 3252
1089 3790
1090 4436
1091 4025
1092 4024
1093 4026
1094 5102
1095 4024
1096 4024
1097 4049
1098 4117
1099 4014
1100 4117
1101 4014
1102 4048
1103 836
1104 847
1105 836
1106 3905
1107 3847
1108 1833
1109 1338
1110 1833
1111 1749
1112 1750
1113 1750
1114 1750
1115 3688
1116 3603
1117 3741
1118 3741
1119 4084
1120 3908
1121 889
1122 3866
1123 3974
1124 3973
1125 3973
1126 4155
1127 3738
1128 3555
1129 3947
1130 3942
1131 4235
1132 2139
1133 1626
1134 896
1135 3798
1136 836
1137 5090
1138 3798
1139 3576
1140 3535
1141 3837
1142 3837
1143 4084
1144 3897
1145 3603
1146 3654
1147 3688
1148 4246
1149 3259
1150 3708
1151 3359
1152 1626
1153 4155
1154 3837
1155 3603
1156 3817
1157 3779
1158 4023
1159 4038
1160 4076
1161 4036
1162 3667
1163 5090
1164 3974
1165 5090
1166 3974
1167 3974
1168 3452
1169 3973
1170 3973
1171 4289
1172 3804
1173 3817
1174 3739
1175 3905
1176 3555
1177 3685
1178 5101
1179 3905
1180 3728
1181 3738
1182 3559
1183 3553
1184 3453
1185 3908
1186 3973
1187 4156
1188 3533
1189 3685
1190 3667
1191 3453
1192 3009
1193 3243
1194 3717
1195 3008
1196 3550
1197 3416
1198 3112
1199 2807
1200 2985
1201 2948
1202 2870
1203 2903
1204 2718
1205 2965
1206 2369
1207 1297
1208 1429
1209 1429
1210 1321
1211 1429
1212 1429
1213 1647
1214 1337
1215 1337
1216 1647
1217 1418
1218 1418
1219 1647
1220 1647
1221 2546
1222 2856
1223 2903
1224 2859
1225 3009
1226 3008
1227 3417
1228 3569
1229 3427
1230 3453
1231 3453
1232 3252
1233 4217
1234 3417
1235 3606
1236 5090
1237 3946
1238 3973
1239 3717
1240 3417
1241 2931
1242 3273
1243 3833
1244 3460
1245 3778
1246 3817
1247 3817
1248 3918
1249 3918
1250 3737
1251 3465
1252 3359
1253 3257
1254 3569
1255 3577
1256 4144
1257 3741
1258 3695
1259 3555
1260 3531
1261 3451
1262 3847
1263 3417
1264 836
1265 3680
1266 3550
1267 3807
1268 4149
1269 3009
1270 3835
1271 4169
1272 4169
1273 3741
1274 3905
1275 4142
1276 3728
1277 3553
1278 3437
1279 836
1280 836
1281 3531
1282 3735
1283 4149
1284 3385
1285 3439
1286 3001
1287 3727
1288 3727
1289 1280
1290 3009
1291 3727
1292 3539
1293 2724
1294 3552
1295 3947
1296 3452
1297 3683
1298 3652
1299 3728
1300 3717
1301 3511
1302 3248
1303 3965
1304 3749
1305 3779
1306 3743
1307 3803
1308 3725
1309 3904
1310 3512
1311 3803
1312 3652
1313 3654
1314 3008
1315 3576
1316 3553
1317 3553
1318 3160
1319 4223
1320 3944
1321 3486
1322 3258
1323 3210
1324 3717
1325 3355
1326 3356
1327 3439
1328 3718
1329 3727
1330 921
1331 1833
1332 1833
1333 4252
1334 3953
1335 3826
1336 892
1337 3744
1338 836
1339 3513
1340 3685
1341 4244
1342 2139
1343 3741
1344 3210
1345 1142
1346 921
1347 1040
1348 1040
1349 4166
1350 3531
1351 3918
1352 3439
1353 2756
1354 2756
1355 1737
1356 3922
1357 5120
1358 3995
1359 4461
1360 4470
1361 4566
1362 1378
1363 1377
1364 1377
1365 4765
1366 3743
1367 3725
1368 3531
1369 3745
1370 3552
1371 3803
1372 3817
1373 3214
1374 3717
1375 3009
1376 3467
1377 3221
1378 3428
1379 903
1380 3001
1381 3746
1382 3417
1383 1857
1384 3727
1385 1529
1386 2049
1387 889
1388 2139
1389 2841
1390 3560
1391 3804
1392 3539
1393 3160
1394 2781
1395 2050
1396 2707
1397 2050
1398 2707
1399 3511
1400 2720
1401 2868
1402 2917
1403 3356
1404 3485
1405 3728
1406 3288
1407 3752
1408 1626
1409 3827
1410 3808
1411 3823
1412 3213
1413 3004
1414 2834
1415 3654
1416 3746
1417 3394
1418 3486
1419 3259
1420 3778
1421 3918
1422 3341
1423 3322
1424 3305
1425 3369
1426 3727
1427 3359
1428 524
1429 3385
1430 2504
1431 3160
1432 2855
1433 4149
1434 3944
1435 3553
1436 3918
1437 3918
1438 3816
1439 3817
1440 3918
1441 3918
1442 3918
1443 3918
1444 3790
1445 3803
1446 3744
1447 3744
1448 3744
1449 3743
1450 3652
1451 3691
1452 3515
1453 3790
1454 4142
1455 3691
1456 2048
1457 2067
1458 2756
1459 2204
1460 2422
1461 2588
1462 1969
1463 2746
1464 3432
1465 3918
1466 3918
1467 3918
1468 3746
1469 3744
1470 4169
1471 3214
1472 3746
1473 1655
1474 1655
1475 2767
1476 2969
1477 1653
1478 921
1479 1121
1480 1749
1481 1749
1482 1749
1483 2756
1484 1734
1485 2422
1486 2543
1487 1504
1488 521
1489 3580
1490 3777
1491 3918
1492 3544
1493 3918
1494 3835
1495 3575
1496 3737
1497 1779
1498 2107
1499 1779
1500 1779
1501 3918
1502 3918
1503 3918
1504 3918
1505 3918
1506 3918
1507 3779
1508 3918
1509 3918
1510 3918
1511 3918
1512 3779
1513 3918
1514 2187
1515 2707
1516 2139
1517 2139
1518 3746
1519 3837
1520 3539
1521 1786
1522 4172
1523 3962
1524 2187
1525 2205
1526 2422
1527 3083
1528 1742
1529 3138
1530 3434
1531 3483
1532 3214
1533 3683
1534 3259
1535 3544
1536 2756
1537 3219
1538 3409
1539 4149
1540 2187
1541 3576
1542 3908
1543 3353
1544 3737
1545 3299
1546 3381
1547 3381
1548 4085
1549 3493
1550 1654
1551 1655
1552 2067
1553 3417
1554 2767
1555 2205
1556 2781
1557 3260
1558 4155
1559 1779
1560 2781
1561 1280
1562 836
1563 836
1564 1627
1565 1651
1566 799
1567 1627
1568 799
1569 799
1570 1632
1571 1632
1572 2080
1573 1779
1574 3602
1575 3969
1576 3505
1577 836
1578 798
1579 3555
1580 1632
1581 2756
1582 3569
1583 3908
1584 3470
1585 4214
1586 3160
1587 3969
1588 1653
1589 1632
1590 1627
1591 1833
1592 2080
1593 2099
1594 2827
1595 2080
1596 896
1597 837
1598 1833
1599 1338
1600 3962
1601 4066
1602 3550
1603 3969
1604 3252
1605 1655
1606 3470
1607 4227
1608 1654
1609 1654
1610 1654
1611 1655
1612 3069
1613 3069
1614 3458
1615 3219
1616 3505
1617 3222
1618 1749
1619 1750
1620 1750
1621 526
1622 526
1623 2634
1624 2588
1625 2543
1626 2588
1627 2422
1628 2545
1629 2377
1630 2767
1631 2377
1632 3847
1633 3426
1634 3219
1635 3556
1636 1779
1637 3708
1638 3364
1639 3569
1640 3426
1641 3808
1642 3539
1643 3908
1644 1734
1645 1833
1646 2091
1647 2827
1648 524
1649 3417
1650 2744
1651 2744
1652 3185
1653 3757
1654 3697
1655 2683
1656 3572
1657 2558
1658 1506
1659 2032
1660 1580
1661 1931
1662 1789
1663 2377
1664 3837
1665 3144
1666 2533
1667 2071
1668 836
1669 1767
1670 1767
1671 1767
1672 1750
1673 1750
1674 1750
1675 1749
1676 1749
1677 1121
1678 1121
1679 1121
1680 2083
1681 903
1682 2588
1683 2634
1684 2055
1685 3305
1686 524
1687 889
1688 896
1689 3727
1690 1749
1691 1749
1692 1833
1693 1833
1694 1750
1695 1750
1696 1833
1697 1833
1698 3576
1699 2634
1700 2542
1701 2634
1702 2422
1703 3592
1704 2942
1705 2545
1706 838
1707 2410
1708 3729
1709 3577
1710 2071
1711 2694
1712 2442
1713 1653
1714 2099
1715 3515
1716 2091
1717 2634
1718 3470
1719 3807
1720 3426
1721 2266
1722 2089
1723 526
1724 3273
1725 3539
1726 2588
1727 2142
1728 2055
1729 2377
1730 1777
1731 3708
1732 3555
1733 3439
1734 4173
1735 2049
1736 3314
1737 1734
1738 2422
1739 3369
1740 4155
1741 2922
1742 3006
1743 4214
1744 3396
1745 3823
1746 798
1747 1750
1748 1833
1749 1750
1750 2542
1751 2055
1752 3453
1753 3498
1754 3505
1755 3376
1756 1779
1757 836
1758 2542
1759 2542
1760 1969
1761 2410
1762 3264
1763 3807
1764 3416
1765 2880
1766 2884
1767 1653
1768 2756
1769 3039
1770 836
1771 1749
1772 3535
1773 2746
1774 3234
1775 2968
1776 2099
1777 1777
1778 3464
1779 3528
1780 889
1781 890
1782 837
1783 2575
1784 2180
1785 2204
1786 2049
1787 3297
1788 1882
1789 4310
1790 2422
1791 3490
1792 4214
1793 4191
1794 3539
1795 3807
1796 3969
1797 3711
1798 3518
1799 1779
1800 2204
1801 2421
1802 2543
1803 2767
1804 2968
1805 2533
1806 2187
1807 2896
1808 2795
1809 2840
1810 2896
1811 2071
1812 2599
1813 2504
1814 3065
1815 2717
1816 5066
1817 3065
1818 1750
1819 1750
1820 2422
1821 3089
1822 3962
1823 3727
1824 3243
1825 1833
1826 1833
1827 1833
1828 3711
1829 3220
1830 4155
1831 2542
1832 2139
1833 3069
1834 3777
1835 3477
1836 1833
1837 1833
1838 2969
1839 3423
1840 2442
1841 1626
1842 2367
1843 3273
1844 1749
1845 1750
1846 1750
1847 3556
1848 3555
1849 3507
1850 3251
1851 2572
1852 2573
1853 3377
1854 3199
1855 890
1856 3052
1857 1742
1858 3347
1859 1770
1860 1750
1861 1833
1862 3433
1863 3005
1864 4191
1865 4191
1866 3726
1867 4130
1868 4130
1869 2802
1870 2917
1871 3438
1872 3234
1873 1779
1874 2724
1875 3217
1876 2911
1877 3083
1878 3359
1879 2932
1880 3060
1881 2969
1882 2959
1883 3831
1884 3295
1885 3005
1886 3439
1887 4259
1888 3734
1889 3044
1890 2071
1891 2071
1892 2483
1893 2483
1894 1285
1895 527
1896 3305
1897 3726
1898 3439
1899 4191
1900 4234
1901 3539
1902 4191
1903 3539
1904 3539
1905 3969
1906 2377
1907 1554
1908 2744
1909 2205
1910 2205
1911 2421
1912 1662
1913 3811
1914 521
1915 1634
1916 2366
1917 3586
1918 3586
1919 3140
1920 1280
1921 3187
1922 2781
1923 3069
1924 2919
1925 893
1926 2648
1927 2542
1928 1749
1929 1750
1930 1750
1931 1767
1932 1767
1933 1750
1934 1767
1935 1767
1936 1767
1937 1767
1938 1749
1939 1749
1940 1801
1941 2834
1942 3235
1943 2023
1944 2071
1945 2023
1946 2442
1947 2022
1948 2189
1949 2694
1950 2023
1951 2022
1952 2189
1953 2694
1954 836
1955 3368
1956 1749
1957 902
1958 1750
1959 1750
1960 1833
1961 1750
1962 1750
1963 3234
1964 3295
1965 2377
1966 2422
1967 3295
1968 2503
1969 3298
1970 1750
1971 3368
1972 2410
1973 2544
1974 2422
1975 1750
1976 1750
1977 806
1978 1749
1979 836
1980 3299
1981 3296
1982 2767
1983 3162
1984 3039
1985 2051
1986 3248
1987 1954
1988 1506
1989 3556
1990 3425
1991 1985
1992 2189
1993 836
1994 1750
1995 1750
1996 1750
1997 3823
1998 2422
1999 3962
2000 2599
2001 2588
2002 2055
2003 1632
2004 1985
2005 1985
2006 1882
2007 1985
2008 847
2009 2982
2010 1921
2011 2504
2012 3306
2013 3818
2014 3439
2015 3439
2016 3726
2017 3726
2018 2802
2019 4130
2020 2591
2021 5066
2022 2189
2023 523
2024 3140
2025 902
2026 3507
2027 3566
2028 3375
2029 2717
2030 2718
2031 2694
2032 2022
2033 2827
2034 2746
2035 1845
2036 1539
2037 2503
2038 2542
2039 2377
2040 2767
2041 3909
2042 3084
2043 2746
2044 1770
2045 1843
2046 1867
2047 1867
2048 2023
2049 1121
2050 3764
2051 3438
2052 3740
2053 2932
2054 3769
2055 3296
2056 2559
2057 3909
2058 2589
2059 3296
2060 4291
2061 4291
2062 4291
2063 4291
2064 4291
2065 4295
2066 3270
2067 2453
2068 4446
2069 4446
2070 4449
2071 4449
2072 4291
2073 4291
2074 4291
2075 4446
2076 4446
2077 4446
2078 4449
2079 4449
2080 4449
2081 4291
2082 4291
2083 4291
2084 4449
2085 4291
2086 4427
2087 4427
2088 3238
2089 3270
2090 3143
2091 3062
2092 3070
2093 4449
2094 4449
2095 4449
2096 4449
2097 4291
2098 4449
2099 4449
2100 4291
2101 4291
2102 4291
2103 4291
2104 3439
2105 3439
2106 2768
2107 3051
2108 3197
2109 502
2110 2634
2111 2503
2112 1785
2113 2483
2114 2504
2115 4446
2116 4291
2117 4291
2118 4295
2119 4291
2120 3297
2121 3726
2122 4244
2123 3726
2124 4130
2125 3439
2126 3439
2127 3823
2128 4449
2129 4446
2130 4427
2131 3270
2132 3283
2133 4449
2134 4291
2135 4291
2136 2107
2137 3890
2138 1728
2139 3989
2140 3594
2141 3021
2142 1141
2143 1121
2144 1121
2145 2483
2146 3306
2147 4291
2148 2453
2149 4446
2150 4291
2151 3271
2152 4427
2153 2453
2154 4291
2155 4291
2156 1767
2157 1767
2158 1767
2159 1749
2160 2574
2161 3187
2162 3306
2163 902
2164 847
2165 4427
2166 4427
2167 4427
2168 4427
2169 4291
2170 4291
2171 4291
2172 2744
2173 3801
2174 2694
2175 1217
2176 4291
2177 3969
2178 806
2179 4291
2180 1750
2181 1750
2182 2561
2183 2961
2184 1834
2185 1749
2186 902
2187 4446
2188 4446
2189 4427
2190 4291
2191 4291
2192 2013
2193 2679
2194 2605
2195 2962
2196 2466
2197 3069
2198 3757
2199 2023
2200 3734
2201 2855
2202 4291
2203 4291
2204 4291
2205 4449
2206 4446
2207 4418
2208 4000
2209 4000
2210 4000
2211 4427
2212 3062
2213 4291
2214 4425
2215 4317
2216 902
2217 4457
2218 4446
2219 4291
2220 4418
2221 2283
2222 2283
2223 2283
2224 2283
2225 4291
2226 4291
2227 4291
2228 4291
2229 2289
2230 2289
2231 2289
2232 2289
2233 2289
2234 2289
2235 2943
2236 2943
2237 2289
2238 2289
2239 2289
2240 2289
2241 4418
2242 4000
2243 4000
2244 4000
2245 2283
2246 2597
2247 2945
2248 2945
2249 2283
2250 4000
2251 4000
2252 4000
2253 4446
2254 1767
2255 2013
2256 2113
2257 2180
2258 4446
2259 2774
2260 2679
2261 2575
2262 2962
2263 2615
2264 2582
2265 2647
2266 2647
2267 2706
2268 2387
2269 2647
2270 2706
2271 2943
2272 2943
2273 2647
2274 2387
2275 2647
2276 3204
2277 2834
2278 1506
2279 3270
2280 3062
2281 200
2282 755
2283 810
2284 2239
2285 2289
2286 2289
2287 2289
2288 4449
2289 4291
2290 4446
2291 4418
2292 4000
2293 2283
2294 2283
2295 3390
2296 3390
2297 2945
2298 2289
2299 2289
2300 2289
2301 4449
2302 3831
2303 3015
2304 2934
2305 2985
2306 2866
2307 2866
2308 2866
2309 4446
2310 4427
2311 4291
2312 836
2313 902
2314 902
2315 4449
2316 2453
2317 2283
2318 4295
2319 4317
2320 3062
2321 2396
2322 2575
2323 3295
2324 3571
2325 3969
2326 4418
2327 4418
2328 2504
2329 2712
2330 2667
2331 4418
2332 4427
2333 3086
2334 4446
2335 4291
2336 2283
2337 2709
2338 3726
2339 3777
2340 2022
2341 3086
2342 3500
2343 2453
2344 3062
2345 3062
2346 2672
2347 1121
2348 2453
2349 3143
2350 1750
2351 1532
2352 2306
2353 1834
2354 2561
2355 3166
2356 2083
2357 2560
2358 2164
2359 2560
2360 3033
2361 4446
2362 3206
2363 3438
2364 2801
2365 3712
2366 3326
2367 2768
2368 3374
2369 3891
2370 1736
2371 4291
2372 2932
2373 2700
2374 2679
2375 3283
2376 2605
2377 3205
2378 3021
2379 2912
2380 1894
2381 3167
2382 1121
2383 1121
2384 1121
2385 2672
2386 2566
2387 3062
2388 2283
2389 2802
2390 2896
2391 518
2392 2263
2393 2289
2394 2239
2395 3379
2396 2395
2397 755
2398 4291
2399 2289
2400 2289
2401 2289
2402 3386
2403 2289
2404 2239
2405 3392
2406 3400
2407 2655
2408 3237
2409 4446
2410 4000
2411 2911
2412 2946
2413 2774
2414 2605
2415 3167
2416 3102
2417 3726
2418 3726
2419 3807
2420 2619
2421 2071
2422 3521
2423 3048
2424 2807
2425 4000
2426 2775
2427 3134
2428 3275
2429 2812
2430 3062
2431 2667
2432 2805
2433 2962
2434 4000
2435 4000
2436 2283
2437 3433
2438 2620
2439 4191
2440 3726
2441 3539
2442 1526
2443 3425
2444 2240
2445 2289
2446 3379
2447 3419
2448 2565
2449 3405
2450 2283
2451 2283
2452 2707
2453 3051
2454 4291
2455 3110
2456 2566
2457 2481
2458 2450
2459 2450
2460 2615
2461 2614
2462 2581
2463 2439
2464 2189
2465 2605
2466 4000
2467 3137
2468 2283
2469 2283
2470 2574
2471 2564
2472 3111
2473 2450
2474 2605
2475 2041
2476 2060
2477 4000
2478 2021
2479 1882
2480 2023
2481 921
2482 2914
2483 4000
2484 3134
2485 2283
2486 2283
2487 3005
2488 3894
2489 2565
2490 2564
2491 3166
2492 2504
2493 3166
2494 3101
2495 3237
2496 3508
2497 1507
2498 4000
2499 2283
2500 3005
2501 1889
2502 3310
2503 1121
2504 1732
2505 3543
2506 2510
2507 1217
2508 1431
2509 2283
2510 2802
2511 3586
2512 3310
2513 1431
2514 2717
2515 2718
2516 2903
2517 2283
2518 2597
2519 2945
2520 2945
2521 2658
2522 2943
2523 2706
2524 2945
2525 2945
2526 3729
2527 4449
2528 2453
2529 2696
2530 2733
2531 2696
2532 798
2533 3048
2534 3294
2535 4000
2536 2467
2537 2283
2538 2283
2539 2597
2540 3917
2541 3849
2542 3393
2543 2289
2544 1506
2545 1507
2546 1507
2547 1507
2548 2032
2549 2716
2550 2856
2551 2856
2552 3831
2553 3294
2554 2597
2555 3890
2556 1505
2557 1968
2558 1696
2559 1929
2560 2868
2561 3433
2562 2283
2563 2283
2564 2283
2565 2283
2566 2283
2567 2283
2568 2283
2569 2283
2570 2283
2571 2283
2572 2283
2573 2283
2574 2283
2575 2283
2576 2283
2577 2283
2578 2988
2579 3036
2580 2597
2581 2283
2582 1662
2583 1898
2584 3592
2585 3696
2586 1672
2587 1531
2588 2574
2589 3377
2590 3377
2591 3377
2592 2450
2593 1280
2594 2283
2595 3439
2596 2968
2597 4446
2598 3033
2599 941
2600 2509
2601 3052
2602 3294
2603 2616
2604 1731
2605 1662
2606 1662
2607 1762
2608 512
2609 1552
2610 1552
2611 1552
2612 3237
2613 3392
2614 2438
2615 2289
2616 1845
2617 2903
2618 2597
2619 4446
2620 2138
2621 1984
2622 1418
2623 2536
2624 5177
2625 2948
2626 2950
2627 2283
2628 2283
2629 2283
2630 2283
2631 3756
2632 1882
2633 2041
2634 2141
2635 2164
2636 2852
2637 2917
2638 3100
2639 2283
2640 2597
2641 2283
2642 2289
2643 2289
2644 3086
2645 499
2646 3110
2647 2566
2648 2693
2649 3021
2650 2283
2651 2859
2652 5177
2653 2870
2654 5067
2655 2283
2656 3083
2657 3263
2658 3039
2659 3062
2660 2448
2661 2626
2662 2460
2663 2388
2664 488
2665 3352
2666 4446
2667 2702
2668 2881
2669 2805
2670 3434
2671 3825
2672 2239
2673 3386
2674 4291
2675 2289
2676 2080
2677 2605
2678 5156
2679 3377
2680 2791
2681 2790
2682 2791
2683 2945
2684 2945
2685 2597
2686 2597
2687 1554
2688 2969
2689 4291
2690 4446
2691 2289
2692 3390
2693 2358
2694 1291
2695 1291
2696 2523
2697 2292
2698 1854
2699 2322
2700 1197
2701 1197
2702 2868
2703 3027
2704 3208
2705 1889
2706 3539
2707 2810
2708 3439
2709 3581
2710 3969
2711 4149
2712 4446
2713 2395
2714 2572
2715 2283
2716 2597
2717 2283
2718 2817
2719 3598
2720 3989
2721 3960
2722 3796
2723 3960
2724 4128
2725 3989
2726 3171
2727 2768
2728 3131
2729 3131
2730 3310
2731 2260
2732 1658
2733 1552
2734 3235
2735 3379
2736 3391
2737 2618
2738 2561
2739 3024
2740 2572
2741 2791
2742 2597
2743 2597
2744 3729
2745 3729
2746 2289
2747 3080
2748 1507
2749 3508
2750 2450
2751 1295
2752 1647
2753 1198
2754 1337
2755 1197
2756 1197
2757 1337
2758 1337
2759 1442
2760 1547
2761 1192
2762 1195
2763 1293
2764 2547
2765 3377
2766 2457
2767 2481
2768 1662
2769 3799
2770 1662
2771 2240
2772 3801
2773 1288
2774 2450
2775 3027
2776 2283
2777 3377
2778 3377
2779 2283
2780 2283
2781 2283
2782 3696
2783 1506
2784 2024
2785 2775
2786 2958
2787 2450
2788 2436
2789 3592
2790 3587
2791 3573
2792 3310
2793 3419
2794 3383
2795 1507
2796 1337
2797 2597
2798 3390
2799 1804
2800 1286
2801 1286
2802 1286
2803 1649
2804 1649
2805 1649
2806 1384
2807 2541
2808 1922
2809 3082
2810 3082
2811 3136
2812 3082
2813 3136
2814 3480
2815 1541
2816 3336
2817 3336
2818 1506
2819 2574
2820 3587
2821 3587
2822 3393
2823 3393
2824 2956
2825 1650
2826 1287
2827 1434
2828 1888
2829 2541
2830 1922
2831 2541
2832 1470
2833 1470
2834 1470
2835 1649
2836 1649
2837 1804
2838 1434
2839 1434
2840 1286
2841 1434
2842 1649
2843 1297
2844 1297
2845 1297
2846 1321
2847 3377
2848 2509
2849 3029
2850 3377
2851 2289
2852 2289
2853 1650
2854 1446
2855 2683
2856 3079
2857 3698
2858 3698
2859 3990
2860 3994
2861 5118
2862 5127
2863 5127
2864 4353
2865 3995
2866 4381
2867 4379
2868 3215
2869 2234
2870 3349
2871 3390
2872 2683
2873 2683
2874 2686
2875 2283
2876 2451
2877 3049
2878 2800
2879 3049
2880 3726
2881 2951
2882 1978
2883 1989
2884 1873
2885 1241
2886 2428
2887 2155
2888 2054
2889 1391
2890 3049
2891 3182
2892 4191
2893 1551
2894 3813
2895 3171
2896 3171
2897 2813
2898 3796
2899 3990
2900 4065
2901 2072
2902 3597
2903 3891
2904 3418
2905 3386
2906 2239
2907 3352
2908 2696
2909 2705
2910 1694
2911 1694
2912 1507
2913 521
2914 1558
2915 2834
2916 2834
2917 4149
2918 2675
2919 3373
2920 1384
2921 1434
2922 1804
2923 1286
2924 1286
2925 1286
2926 1286
2927 1286
2928 1286
2929 2283
2930 3909
2931 3263
2932 2289
2933 2683
2934 1297
2935 2566
2936 2934
2937 2973
2938 2934
2939 2973
2940 1831
2941 2168
2942 1332
2943 1547
2944 1442
2945 1442
2946 1199
2947 1444
2948 1962
2949 2029
2950 2951
2951 1853
2952 1865
2953 2406
2954 2029
2955 2061
2956 1989
2957 1305
2958 1183
2959 1391
2960 1815
2961 1258
2962 1181
2963 1278
2964 1258
2965 1278
2966 3052
2967 521
2968 3571
2969 3580
2970 2481
2971 2460
2972 3184
2973 1297
2974 1895
2975 2485
2976 2430
2977 2283
2978 2283
2979 2283
2980 2406
2981 2029
2982 2945
2983 2945
2984 2806
2985 3386
2986 1693
2987 1285
2988 1757
2989 1894
2990 2891
2991 1418
2992 1418
2993 1321
2994 1321
2995 1854
2996 1223
2997 1442
2998 1261
2999 1221
3000 1919
3001 1066
3002 1439
3003 1761
3004 1938
3005 1391
3006 1333
3007 1076
3008 1391
3009 2336
3010 2283
3011 3037
3012 2581
3013 2428
3014 2597
3015 2945
3016 2945
3017 2597
3018 2840
3019 3799
3020 3439
3021 3894
3022 3697
3023 2289
3024 3390
3025 1197
3026 1198
3027 1647
3028 1223
3029 2065
3030 2406
3031 2973
3032 521
3033 2289
3034 1672
3035 2032
3036 2450
3037 3377
3038 1854
3039 1199
3040 1337
3041 1337
3042 3586
3043 499
3044 3435
3045 1507
3046 1647
3047 1647
3048 1198
3049 2283
3050 2597
3051 2973
3052 3909
3053 3593
3054 3397
3055 1650
3056 2558
3057 3397
3058 1647
3059 2573
3060 3029
3061 2283
3062 2945
3063 2945
3064 2945
3065 2945
3066 2945
3067 2791
3068 2945
3069 3726
3070 2395
3071 2956
3072 3377
3073 1332
3074 2945
3075 2597
3076 2945
3077 2945
3078 2945
3079 2945
3080 3383
3081 2460
3082 1547
3083 1442
3084 1418
3085 1288
3086 3586
3087 3557
3088 1547
3089 1547
3090 1919
3091 1439
3092 1183
3093 1356
3094 3182
3095 1576
3096 1672
3097 3024
3098 3207
3099 1193
3100 2436
3101 1552
3102 3171
3103 3079
3104 4068
3105 2687
3106 3783
3107 3168
3108 4008
3109 1799
3110 1799
3111 1799
3112 2283
3113 2283
3114 2283
3115 2481
3116 2945
3117 208
3118 810
3119 1286
3120 2646
3121 2945
3122 3696
3123 2618
3124 1647
3125 3377
3126 1261
3127 1332
3128 1436
3129 1437
3130 2029
3131 2655
3132 3080
3133 1418
3134 1429
3135 1418
3136 2437
3137 2945
3138 2945
3139 2945
3140 2945
3141 2945
3142 2289
3143 2289
3144 2289
3145 488
3146 1799
3147 1508
3148 2481
3149 2450
3150 2626
3151 1198
3152 1647
3153 1198
3154 2437
3155 814
3156 1773
3157 3052
3158 2450
3159 2791
3160 1919
3161 1989
3162 1989
3163 3439
3164 3079
3165 2834
3166 2580
3167 3429
3168 3170
3169 2626
3170 1077
3171 1182
3172 2696
3173 2643
3174 2945
3175 2289
3176 2289
3177 2289
3178 2626
3179 3390
3180 2450
3181 3377
3182 3377
3183 3028
3184 2945
3185 1972
3186 999
3187 1815
3188 2793
3189 3754
3190 2784
3191 2289
3192 1895
3193 1647
3194 3377
3195 3377
3196 1077
3197 2387
3198 3906
3199 3964
3200 5120
3201 2810
3202 3580
3203 3123
3204 3825
3205 4149
3206 2289
3207 755
3208 2580
3209 3377
3210 3377
3211 3024
3212 3523
3213 488
3214 1647
3215 1418
3216 2519
3217 1320
3218 3390
3219 1931
3220 2829
3221 1694
3222 1648
3223 1648
3224 1286
3225 1297
3226 1297
3227 1804
3228 1286
3229 1286
3230 1648
3231 1648
3232 1648
3233 1321
3234 1321
3235 1648
3236 1286
3237 2481
3238 1183
3239 1077
3240 3377
3241 3022
3242 2943
3243 2826
3244 2943
3245 2658
3246 2943
3247 2289
3248 2289
3249 2234
3250 2289
3251 1647
3252 1291
3253 1435
3254 3581
3255 3373
3256 2529
3257 1473
3258 1283
3259 1648
3260 3377
3261 3597
3262 3892
3263 3698
3264 682
3265 1755
3266 1281
3267 3377
3268 1066
3269 1988
3270 1815
3271 2029
3272 3413
3273 2800
3274 3793
3275 755
3276 2032
3277 1760
3278 1223
3279 1263
3280 2437
3281 2945
3282 2945
3283 2945
3284 2289
3285 2289
3286 2289
3287 3593
3288 3079
3289 3922
3290 4128
3291 3990
3292 5118
3293 3990
3294 810
3295 1648
3296 2941
3297 1694
3298 2819
3299 3390
3300 2398
3301 1077
3302 1180
3303 1182
3304 1278
3305 2616
3306 2945
3307 998
3308 1087
3309 1041
3310 1136
3311 1006
3312 1025
3313 627
3314 1139
3315 1419
3316 1419
3317 977
3318 990
3319 1475
3320 3539
3321 1650
3322 2321
3323 1650
3324 1429
3325 2581
3326 2696
3327 2582
3328 2733
3329 2581
3330 2397
3331 2582
3332 2582
3333 2437
3334 2439
3335 2581
3336 1281
3337 2581
3338 3022
3339 2943
3340 2658
3341 1387
3342 1061
3343 1184
3344 1143
3345 1605
3346 1138
3347 1139
3348 1079
3349 627
3350 1025
3351 2874
3352 4149
3353 2289
3354 1286
3355 1286
3356 1804
3357 1804
3358 1804
3359 1804
3360 1434
3361 1434
3362 1804
3363 1384
3364 2541
3365 2541
3366 2541
3367 1922
3368 1922
3369 2321
3370 1922
3371 2008
3372 3081
3373 3262
3374 3825
3375 1442
3376 1223
3377 2388
3378 2487
3379 2581
3380 2945
3381 2945
3382 2782
3383 520
3384 1286
3385 1286
3386 1434
3387 4157
3388 3783
3389 2397
3390 2582
3391 1278
3392 2784
3393 1680
3394 1804
3395 1804
3396 1434
3397 1649
3398 1384
3399 1384
3400 1649
3401 1649
3402 1804
3403 1804
3404 1649
3405 1804
3406 1804
3407 1434
3408 1649
3409 3022
3410 2696
3411 2283
3412 2706
3413 2945
3414 1181
3415 3906
3416 3784
3417 5127
3418 3995
3419 1439
3420 997
3421 995
3422 1301
3423 1041
3424 994
3425 1055
3426 1173
3427 996
3428 3906
3429 1804
3430 2956
3431 3171
3432 2436
3433 2706
3434 2706
3435 2582
3436 2733
3437 2943
3438 2945
3439 2658
3440 2945
3441 2945
3442 2945
3443 2945
3444 3022
3445 3029
3446 1000
3447 3078
3448 3891
3449 1286
3450 1649
3451 2387
3452 2706
3453 2289
3454 2706
3455 2388
3456 3574
3457 2945
3458 1815
3459 3397
3460 2541
3461 2321
3462 2008
3463 3081
3464 2831
3465 2831
3466 2317
3467 2317
3468 3274
3469 3519
3470 1076
3471 3029
3472 3022
3473 2943
3474 3022
3475 1384
3476 1286
3477 1804
3478 2289
3479 2289
3480 2438
3481 2943
3482 2943
3483 2706
3484 2289
3485 2945
3486 1260
3487 1278
3488 1278
3489 1260
3490 1097
3491 1041
3492 1010
3493 985
3494 627
3495 1138
3496 1138
3497 1260
3498 1119
3499 1278
3500 3777
3501 3586
3502 2813
3503 1649
3504 1446
3505 1429
3506 1297
3507 1648
3508 3390
3509 2289
3510 2706
3511 2706
3512 2387
3513 2943
3514 1260
3515 3439
3516 3969
3517 3989
3518 1804
3519 2289
3520 2289
3521 2289
3522 2388
3523 2387
3524 2945
3525 2289
3526 2706
3527 2706
3528 2943
3529 1179
3530 3736
3531 3696
3532 1418
3533 2890
3534 1076
3535 2289
3536 2289
3537 2706
3538 3022
3539 1185
3540 1057
3541 1260
3542 3431
3543 5118
3544 2800
3545 3807
3546 2813
3547 1649
3548 1649
3549 1384
3550 1649
3551 2289
3552 2289
3553 2289
3554 2289
3555 2289
3556 1057
3557 997
3558 3435
3559 1057
3560 1134
3561 1009
3562 3799
3563 2978
3564 2978
3565 1922
3566 2831
3567 1181
3568 3777
3569 2001
3570 3698
3571 2890
3572 3022
3573 1972
3574 2029
3575 2688
3576 3922
3577 2541
3578 1649
3579 1649
3580 2541
3581 1470
3582 4128
3583 1053
3584 3580
3585 2541
3586 2541
3587 2008
3588 1180
3589 3850
3590 3022
3591 1260
3592 1185
3593 1009
3594 1136
3595 1006
3596 1025
3597 1079
3598 981
3599 1032
3600 1028
3601 1139
3602 1185
3603 1041
3604 987
3605 1019
3606 977
3607 1025
3608 1010
3609 1053
3610 1019
3611 5125
3612 3906
3613 1919
3614 2029
3615 2688
3616 1922
3617 1922
3618 2008
3619 3274
3620 2317
3621 2317
3622 2040
3623 1281
3624 1281
3625 1183
3626 1278
3627 990
3628 1010
3629 1387
3630 1143
3631 1136
3632 1185
3633 1018
3634 987
3635 2810
3636 1470
3637 2829
3638 4128
3639 3736
3640 3022
3641 1006
3642 3736
3643 996
3644 3796
3645 1434
3646 1384
3647 4065
3648 1352
3649 1025
3650 1139
3651 627
3652 977
3653 1006
3654 3934
3655 3593
3656 3081
3657 3081
3658 3081
3659 3081
3660 3123
3661 3594
3662 5120
3663 5119
3664 987
3665 521
3666 1261
3667 3782
3668 3915
3669 1053
3670 1143
3671 1043
3672 1136
3673 5127
3674 3439
3675 1873
3676 1391
3677 1649
3678 521
3679 2893
3680 977
3681 1185
3682 1043
3683 4149
3684 1077
3685 1470
3686 2541
3687 1493
3688 1384
3689 1181
3690 1181
3691 1041
3692 990
3693 627
3694 2938
3695 3079
3696 4151
3697 1179
3698 1184
3699 3777
3700 2541
3701 3082
3702 521
3703 1041
3704 2688
3705 1922
3706 3336
3707 1057
3708 1134
3709 3729
3710 3274
3711 5120
3712 2683
3713 4068
3714 1922
3715 1922
3716 2831
3717 1139
3718 1139
3719 3274
3720 2834
3721 2978
3722 2688
3723 3336
3724 3736
3725 521
3726 3078
3727 1888
3728 2541
3729 3799
3730 5120
3731 3935
3732 3906
3733 1138
3734 3698
3735 3989
3736 3960
3737 3994
3738 5127
3739 5127
3740 4065
3741 4356
3742 4353
3743 4382
3744 2818
3745 1183
3746 2317
3747 3923
3748 1101
3749 630
3750 1127
3751 1011
3752 1125
3753 984
3754 861
3755 841
3756 841
3757 645
3758 645
3759 645
3760 645
3761 645
3762 645
3763 645
3764 645
3765 645
3766 981
3767 1149
3768 1127
3769 1033
3770 3895
3771 880
3772 861
3773 880
3774 670
3775 910
3776 923
3777 1125
3778 1125
3779 910
3780 880
3781 828
3782 823
3783 841
3784 746
3785 828
3786 670
3787 876
3788 857
3789 856
3790 856
3791 938
3792 832
3793 1126
3794 1017
3795 1127
3796 1127
3797 1032
3798 1149
3799 876
3800 876
3801 815
3802 841
3803 844
3804 823
3805 884
3806 848
3807 815
3808 808
3809 880
3810 880
3811 670
3812 857
3813 880
3814 876
3815 856
3816 4068
3817 3696
3818 3922
3819 1180
3820 1180
3821 2831
3822 3736
3823 1101
3824 1172
3825 630
3826 981
3827 981
3828 1172
3829 1032
3830 630
3831 1033
3832 670
3833 2813
3834 2813
3835 856
3836 974
3837 1011
3838 1149
3839 630
3840 1261
3841 2831
3842 3736
3843 1043
3844 1172
3845 1226
3846 994
3847 856
3848 923
3849 984
3850 1056
3851 3969
3852 1278
3853 1119
3854 2317
3855 520
3856 670
3857 876
3858 876
3859 1127
3860 1978
3861 3171
3862 2831
3863 3081
3864 1260
3865 3923
3866 521
3867 832
3868 910
3869 833
3870 3586
3871 1221
3872 1183
3873 1135
3874 1185
3875 1079
3876 1066
3877 1149
3878 1172
3879 1028
3880 1127
3881 1011
3882 856
3883 984
3884 1125
3885 1011
3886 3807
3887 2683
3888 2813
3889 3397
3890 3799
3891 1160
3892 1127
3893 1011
3894 1029
3895 1761
3896 1955
3897 1955
3898 1314
3899 1938
3900 1011
3901 1125
3902 876
3903 880
3904 3580
3905 2834
3906 624
3907 974
3908 984
3909 1143
3910 3994
3911 5118
3912 1077
3913 1975
3914 984
3915 1126
3916 1126
3917 624
3918 1157
3919 3171
3920 2892
3921 3171
3922 3371
3923 3372
3924 1019
3925 521
3926 3801
3927 1149
3928 1011
3929 624
3930 3413
3931 2810
3932 1827
3933 3439
3934 3171
3935 3593
3936 521
3937 1126
3938 3696
3939 626
3940 1126
3941 832
3942 3807
3943 3081
3944 3696
3945 815
3946 884
3947 965
3948 1989
3949 4149
3950 1032
3951 1288
3952 2008
3953 3698
3954 3274
3955 625
3956 1067
3957 1024
3958 856
3959 1261
3960 1179
3961 1139
3962 627
3963 3119
3964 1592
3965 1593
3966 1613
3967 1248
3968 1120
3969 3557
3970 3581
3971 3557
3972 5118
3973 857
3974 857
3975 857
3976 857
3977 857
3978 857
3979 670
3980 880
3981 880
3982 808
3983 884
3984 822
3985 723
3986 884
3987 984
3988 670
3989 828
3990 844
3991 823
3992 884
3993 844
3994 841
3995 724
3996 828
3997 861
3998 832
3999 1126
4000 974
4001 974
4002 1126
4003 1011
4004 1160
4005 1126
4006 938
4007 833
4008 857
4009 1332
4010 1669
4011 3082
4012 3079
4013 3796
4014 3796
4015 3698
4016 3412
4017 3120
4018 1172
4019 1138
4020 1972
4021 1988
4022 4382
4023 3413
4024 1043
4025 624
4026 1087
4027 3989
4028 3922
4029 3990
4030 2784
4031 1053
4032 876
4033 965
4034 3580
4035 1227
4036 4356
4037 5127
4038 5127
4039 5127
4040 5127
4041 5127
4042 3807
4043 3586
4044 832
4045 1221
4046 4202
4047 4368
4048 4128
4049 3119
4050 3580
4051 1125
4052 1028
4053 1160
4054 1019
4055 1339
4056 5120
4057 5127
4058 2831
4059 3990
4060 4128
4061 3960
4062 4128
4063 3990
4064 5125
4065 4065
4066 3891
4067 3907
4068 4382
4069 4368
4070 4368
4071 861
4072 844
4073 977
4074 627
4075 1972
4076 2105
4077 1018
4078 857
4079 3593
4080 876
4081 3480
4082 5127
4083 4348
4084 4379
4085 5118
4086 624
4087 1127
4088 1331
4089 3990
4090 5127
4091 4068
4092 5125
4093 884
4094 3698
4095 5118
4096 1067
4097 5120
4098 4128
4099 3922
4100 1185
4101 1043
4102 1613
4103 1989
4104 1919
4105 1981
4106 1150
4107 1184
4108 857
4109 857
4110 1180
4111 1180
4112 1333
4113 3907
4114 725
4115 3922
4116 844
4117 844
4118 828
4119 880
4120 670
4121 987
4122 3593
4123 3796
4124 3907
4125 5118
4126 3994
4127 5127
4128 3994
4129 4356
4130 5127
4131 5127
4132 3995
4133 4348
4134 4379
4135 4461
4136 4478
4137 1374
4138 4563
4139 4461
4140 3990
4141 3993
4142 3907
4143 2784
4144 3266
4145 1919
4146 1034
4147 1149
4148 645
4149 645
4150 645
4151 645
4152 645
4153 723
4154 724
4155 782
4156 841
4157 841
4158 801
4159 724
4160 823
4161 823
4162 740
4163 841
4164 645
4165 841
4166 841
4167 841
4168 824
4169 844
4170 724
4171 645
4172 645
4173 645
4174 645
4175 645
4176 645
4177 645
4178 645
4179 645
4180 645
4181 645
4182 841
4183 841
4184 841
4185 841
4186 841
4187 801
4188 722
4189 823
4190 667
4191 786
4192 667
4193 667
4194 828
4195 880
4196 841
4197 1621
4198 1138
4199 5127
4200 1032
4201 923
4202 841
4203 841
4204 645
4205 645
4206 645
4207 645
4208 645
4209 645
4210 841
4211 841
4212 841
4213 841
4214 3922
4215 5118
4216 1399
4217 1274
4218 5127
4219 1296
4220 841
4221 841
4222 645
4223 645
4224 645
4225 645
4226 645
4227 645
4228 645
4229 1519
4230 1078
4231 3848
4232 625
4233 4353
4234 4353
4235 1138
4236 857
4237 937
4238 856
4239 645
4240 645
4241 645
4242 645
4243 841
4244 645
4245 645
4246 645
4247 645
4248 645
4249 645
4250 841
4251 645
4252 645
4253 1192
4254 1064
4255 5118
4256 990
4257 2675
4258 3557
4259 1919
4260 5074
4261 1032
4262 1017
4263 841
4264 1064
4265 1955
4266 3922
4267 1989
4268 1175
4269 645
4270 841
4271 1181
4272 990
4273 1042
4274 985
4275 1543
4276 1134
4277 3586
4278 4348
4279 5127
4280 841
4281 3995
4282 1063
4283 1101
4284 5118
4285 4353
4286 857
4287 857
4288 856
4289 857
4290 1815
4291 1010
4292 1022
4293 1190
4294 1139
4295 1938
4296 999
4297 3807
4298 1079
4299 1172
4300 1101
4301 1435
4302 5127
4303 1824
4304 1314
4305 1274
4306 828
4307 876
4308 1006
4309 1172
4310 1301
4311 1087
4312 5118
4313 5127
4314 4356
4315 3995
4316 4353
4317 3995
4318 1301
4319 1719
4320 5127
4321 4356
4322 5127
4323 977
4324 938
4325 645
4326 645
4327 645
4328 3995
4329 1181
4330 1009
4331 1938
4332 910
4333 1439
4334 3994
4335 5127
4336 5127
4337 5127
4338 1087
4339 1592
4340 1709
4341 1128
4342 630
4343 978
4344 1143
4345 857
4346 1437
4347 1388
4348 1135
4349 1613
4350 1824
4351 3996
4352 625
4353 1104
4354 1291
4355 1127
4356 5127
4357 910
4358 984
4359 856
4360 832
4361 1295
4362 630
4363 1197
4364 4353
4365 3995
4366 4348
4367 981
4368 977
4369 1194
4370 5127
4371 1873
4372 3995
4373 4348
4374 1993
4375 832
4376 1127
4377 1028
4378 1172
4379 1056
4380 857
4381 1237
4382 1053
4383 1006
4384 1226
4385 1029
4386 1157
4387 857
4388 1453
4389 1043
4390 625
4391 1160
4392 1056
4393 645
4394 645
4395 645
4396 645
4397 723
4398 994
4399 1828
4400 626
4401 876
4402 828
4403 815
4404 815
4405 856
4406 1241
4407 1055
4408 1043
4409 984
4410 4369
4411 4461
4412 4369
4413 4348
4414 4348
4415 4461
4416 4461
4417 4474
4418 1374
4419 4765
4420 4765
4421 4691
4422 4709
4423 1238
4424 1060
4425 965
4426 4369
4427 670
4428 974
4429 645
4430 841
4431 4379
4432 1993
4433 1190
4434 1157
4435 857
4436 880
4437 815
4438 645
4439 645
4440 1184
4441 880
4442 645
4443 841
4444 841
4445 841
4446 841
4447 4379
4448 645
4449 645
4450 645
4451 645
4452 876
4453 645
4454 880
4455 4348
4456 782
4457 822
4458 815
4459 4368
4460 4368
4461 4461
4462 4474
4463 4347
4464 4353
4465 4347
4466 4368
4467 4379
4468 4368
4469 4369
4470 4353
4471 3995
4472 3995
4473 4461
4474 4470
4475 1374
4476 4625
4477 1377
4478 4625
4479 1374
4480 4460
4481 4461
4482 4348
4483 4454
4484 4379
4485 4379
4486 4478
4487 815
4488 808
4489 645
4490 841
4491 4478
4492 4574
4493 4379
4494 645
4495 645
4496 4369
4497 4369
4498 828
4499 841
4500 841
4501 841
4502 645
4503 645
4504 4474
4505 4474
4506 841
4507 4474
4508 4465
4509 4379
4510 746
4511 841
4512 841
4513 4478
4514 4470
4515 4574
4516 4369
4517 4474
4518 4478
4519 4369
4520 4379
4521 4454
4522 4563
4523 4566
4524 4465
4525 4478
4526 841
4527 722
4528 782
4529 4474
4530 4474
4531 645
4532 841
4533 841
4534 841
4535 841
4536 841
4537 645
4538 645
4539 841
4540 841
4541 801
4542 782
4543 740
4544 782
4545 1374
4546 841
4547 841
4548 801
4549 4474
4550 1374
4551 4478
4552 4454
4553 4454
4554 1374
4555 4470
4556 4474
4557 4474
4558 4478
4559 4470
4560 4563
4561 4566
4562 4461
4563 4470
4564 4474
4565 4566
4566 4625
4567 4625
4568 4478
4569 1374
4570 4474
4571 1377
4572 4709
4573 4648
4574 4709
4575 4691
4576 4692
4577 4692
4578 4692
4579 4766
4580 4766
4581 4710
4582 4766
4583 4778
4584 4787
4585 4665
4586 4520
4587 4683
4588 4683
4589 4683
4590 4683
4591 4683
4592 4683
4593 4683
4594 4683
4595 4683
4596 4683
4597 4683
4598 4683
4599 1377
4600 4765
4601 4709
4602 4648
4603 1378
4604 4709
4605 4625
4606 1377
4607 4478
4608 4478
4609 4478
4610 4765
4611 4765
4612 4566
4613 1377
4614 4765
4615 4648
4616 4765
4617 1374
4618 4765
4619 4478
4620 4543
4621 4566
4622 1374
4623 4625
4624 4625
4625 4765
4626 4478
4627 4625
4628 4765
4629 4709
4630 4563
4631 4709
4632 4730
4633 4710
4634 4786
4635 4787
4636 4608
4637 4685
4638 4678
4639 4520
4640 4683
4641 4683
4642 4520
4643 4683
4644 4683
4645 4683
4646 4520
4647 4678
4648 4520
4649 4520
4650 4520
4651 4674
4652 4609
4653 4786
4654 4710
4655 4692
4656 4765
4657 4712
4658 4519
4659 4765
4660 4709
4661 4757
4662 4757
4663 4648
4664 1377
4665 4566
4666 4730
4667 4691
4668 4730
4669 4648
4670 4692
4671 4691
4672 4730
4673 1374
4674 4520
4675 4683
4676 4683
4677 4683
4678 4683
4679 4683
4680 4683
4681 4683
4682 4683
4683 4683
4684 4683
4685 4683
4686 4683
4687 4728
4688 4689
4689 4683
4690 4683
4691 4683
4692 4683
4693 4683
4694 4520
4695 4520
4696 4691
4697 4683
4698 4683
4699 4683
4700 4683
4701 4683
4702 4683
4703 4520
4704 4709
4705 4683
4706 4683
4707 4683
4708 4692
4709 4712
4710 4625
4711 4683
4712 4683
4713 4683
4714 4683
4715 4566
4716 4566
4717 4751
4718 1374
4719 4683
4720 4757
4721 4730
4722 4683
4723 4683
4724 1377
4725 4683
4726 4765
4727 4520
4728 4520
4729 4520
4730 4520
4731 4683
4732 4683
4733 4683
4734 4696
4735 4696
4736 4520
4737 4683
4738 4520
4739 4520
4740 4520
4741 4683
4742 4683
4743 4757
4744 4765
4745 4683
4746 4683
4747 4683
4748 4683
4749 4757
4750 4757
4751 4683
4752 4730
4753 4683
4754 4730
4755 4710
4756 4710
4757 4765
4758 4710
4759 4683
4760 4683
4761 4683
4762 4683
4763 4691
4764 4692
4765 4683
4766 4683
4767 4709
4768 4683
4769 4683
4770 4680
4771 4692
4772 4683
4773 4683
4774 4728
4775 4608
4776 5138
4777 4692
4778 4710
4779 4710
4780 4712
4781 4691
4782 4778
4783 4766
4784 4625
4785 1378
4786 5138
4787 4801
4788 4609
4789 4787
4790 4778
4791 4520
4792 4683
4793 4606
4794 4728
4795 4683
4796 4730
4797 4765
4798 4683
4799 4683
4800 4683
4801 4730
4802 4787
4803 4787
4804 5138
4805 4680
4806 4683
4807 4766
4808 4728
4809 4771
4810 4609
4811 4683
4812 4683
4813 4683
4814 4683
4815 1378
4816 4692
4817 4692
4818 4746
4819 4683
4820 4683
4821 4609
4822 4683
4823 4683
4824 4787
4825 4801
4826 4787
4827 4709
4828 1378
4829 4709
4830 1377
4831 4683
4832 4520
4833 4680
4834 4678
4835 4521
4836 4520
4837 4680
4838 4684
4839 4680
4840 4683
4841 4746
4842 4765
4843 4683
4844 4609
4845 4674
4846 4678
4847 4765
4848 4710
4849 4692
4850 4692
4851 4812
4852 4787
4853 4786
4854 4766
4855 4709
4856 4746
4857 4683
4858 4683
4859 4683
4860 4683
4861 4680
4862 4680
4863 4683
4864 4683
4865 4520
4866 4678
4867 4765
4868 4812
4869 4683
4870 4683
4871 4680
4872 4609
4873 4787
4874 4786
4875 4710
4876 4709
4877 4691
4878 4730
4879 4674
4880 4771
4881 4680
4882 4678
4883 4678
4884 4728
4885 4521
4886 4680
4887 4678
4888 5138
4889 4692
4890 4757
4891 4680
4892 4765
4893 4680
4894 4680
4895 4678
4896 4665
4897 4683
4898 4683
4899 4683
4900 4786
4901 4766
4902 5141
4903 4757
4904 4683
4905 4692
4906 4709
4907 4757
4908 4680
4909 4680
4910 4692
4911 4730
4912 4665
4913 4766
4914 4746
4915 4730
4916 4728
4917 4665
4918 4674
4919 4766
4920 4786
4921 4710
4922 4786
4923 4710
4924 4710
4925 4680
4926 4680
4927 4766
4928 4680
4929 4801
4930 4680
4931 4771
4932 4680
4933 4609
4934 4608
4935 4678
4936 4674
4937 4521
4938 4678
4939 4685
4940 4665
4941 166
4942 4963
4943 345
4944 4963
4945 4963
4946 4963
4947 4963
4948 4963
4949 435
4950 4963
4951 49
4952 435
4953 4963
4954 310
4955 328
4956 328
4957 328
4958 328
4959 3918
4960 3918
4961 5084
4962 4117
4963 4014
4964 4014
4965 4014
4966 4014
4967 4014
4968 3816
4969 3918
4970 4014
4971 4014
4972 4014
4973 4040
4974 4014
4975 3910
4976 3911
4977 3911
4978 4014
4979 3918
4980 4014
4981 4074
4982 3779
4983 4014
4984 4014
4985 4014
4986 4038
4987 4036
4988 5084
4989 4117
4990 3918
4991 3816
4992 3816
4993 3918
4994 3876
4995 4181
4996 3774
4997 3911
4998 4014
4999 3632
5000 3647
5001 3750
5002 3918
5003 3918
5004 3918
5005 5084
5006 4014
5007 4014
5008 3852
5009 4118
5010 4041
5011 4014
5012 4035
5013 3918
5014 4014
5015 4014
5016 3751
5017 3751
5018 3918
5019 3750
5020 4180
5021 3918
5022 4014
5023 4014
5024 3816
5025 4014
5026 4205
5027 4205
5028 4194
5029 4014
5030 3816
5031 3816
5032 4014
5033 893
5034 1279
5035 133
5036 1654
5037 1832
5038 888
5039 838
5040 1627
5041 1354
5042 893
5043 1833
5044 1750
5045 3033
5046 4000
5047 4000
5048 2283
5049 2283
5050 2283
5051 2283
5052 2283
5053 4000
5054 4418
5055 1979
5056 1418
5057 1418
5058 1418
5059 3726
5060 4130
5061 4236
5062 1647
5063 1647
5064 2801
5065 2485
5066 3181
5067 3181
5068 4130
5069 2973
5070 2801
5071 2597
5072 3523
5073 645
5074 828
5075 856
5076 645
5077 815
5078 815
5079 815
5080 841
5081 645
5082 645
5083 645
5084 880
5085 880
5086 824
5087 857
5088 670
5089 670
5090 670
5091 880
5092 880
5093 848
5094 828
5095 828
5096 822
5097 670
5098 645
5099 645
5100 645
5101 645
5102 645
5103 857
5104 670
5105 841
5106 841
5107 645
5108 645
5109 645
5110 841
5111 841
5112 645
5113 4454
5114 4356
5115 4353
5116 4065
5117 5118
5118 5118
5119 4356
5120 4065
5121 4379
5122 4461
5123 5118
5124 4356
5125 3891
5126 4353
5127 5118
5128 5127
5129 4065
5130 841
5131 4680
5132 4730
5133 4683
5134 4766
5135 4683
5136 4683
5137 4683
5138 4802
5139 4683
5140 4520
5141 4683
5142 4683
5143 4683
5144 4765
5145 857
5146 3973
5147 5090
5148 3973
5149 3647
5150 3751
5151 3633
5152 3749
5153 2876
5154 2430
5155 2973
5156 2485
5157 2485
5158 1979
5159 2973
5160 2807
5161 2866
5162 3712
5163 2430
5164 2973
5165 2430
5166 2866
5167 2865
5168 2973
5169 2985
5170 2865
5171 2917
5172 2934
5173 2934
5174 2851
5175 2851
5176 2934
5177 2934
5178 2985
5179 1286
5180 1286
5181 1286
5182 1286
5183 1286
5184 1286
5185 2387
5186 1286
5187 2388
5188 1286
5189 2706
5190 2706
5191 2289
5192 2289
5193 2289
5194 1648
5195 2289
5196 2706
5197 2706
5198 2706
5199 2387
5200 1286
5201 1286
5202 1286
5203 2289
5204 2943
5205 2289
5206 1648
