0 600
1 2197
2 2197
3 1973
4 2197
5 2192
6 1935
7 1973
8 2225
9 1978
10 1978
11 1929
12 2192
13 2197
14 2197
15 2197
16 1978
17 2197
18 1929
19 2179
20 1934
21 1935
22 1978
23 2197
24 2197
25 1964
26 2180
27 1978
28 1929
29 1978
30 1929
31 2180
32 2192
33 2198
34 1929
35 1929
36 1924
37 1929
38 2221
39 2197
40 2197
41 2197
42 2197
43 2192
44 1964
45 2192
46 2197
47 2197
48 2198
49 2198
50 2197
51 2197
52 1973
53 2197
54 2192
55 1936
56 2221
57 1964
58 1978
59 1924
60 1929
61 2198
62 2198
63 2192
64 2197
65 2197
66 1929
67 2192
68 2197
69 2197
70 2197
71 1973
72 2197
73 2198
74 1973
75 1964
76 2179
77 1924
78 1929
79 1978
80 2198
81 2192
82 2221
83 2197
84 2197
85 2197
86 2192
87 1924
88 2192
89 2179
90 1929
91 1978
92 1924
93 2197
94 2197
95 2197
96 2179
97 1924
98 1973
99 1924
100 2179
101 2192
102 2192
103 2192
104 1922
105 2197
106 2197
107 2180
108 2221
109 1929
110 1978
111 1977
112 2066
113 2066
114 2066
115 1625
116 1532
117 1625
118 1433
119 1616
120 1440
121 1440
122 1432
123 1432
124 1348
125 1349
126 1501
127 1500
128 1570
129 1510
130 1582
131 1348
132 1349
133 1349
134 1349
135 1349
136 903
137 936
138 905
139 2560
140 2560
141 2769
142 2408
143 2408
144 2479
145 853
146 914
147 853
148 2752
149 1596
150 3555
151 3619
152 3417
153 2405
154 1498
155 1498
156 1326
157 1330
158 1498
159 1283
160 1283
161 1330
162 1498
163 1326
164 1498
165 1498
166 1487
167 1467
168 1589
169 1497
170 1507
171 1487
172 1498
173 1498
174 1498
175 1498
176 1498
177 1326
178 1199
179 1204
180 1566
181 1423
182 1566
183 1423
184 1210
185 1423
186 1204
187 1199
188 1204
189 1112
190 1394
191 1599
192 1599
193 3535
194 923
195 923
196 3661
197 3661
198 3661
199 3661
200 3661
201 4745
202 4745
203 4745
204 4745
205 4948
206 3661
207 4745
208 4948
209 3661
210 2779
211 905
212 844
213 923
214 2623
215 2623
216 2623
217 2698
218 3683
219 3661
220 3661
221 4745
222 3661
223 3661
224 3661
225 3661
226 3683
227 3683
228 3661
229 3683
230 3683
231 5068
232 3683
233 3683
234 3683
235 2769
236 1415
237 1441
238 1698
239 1332
240 1332
241 1332
242 1340
243 1277
244 1332
245 1332
246 1269
247 3390
248 1698
249 1403
250 1623
251 1623
252 1623
253 2779
254 2618
255 2790
256 2779
257 2405
258 2779
259 2618
260 2619
261 2560
262 2769
263 2615
264 682
265 2483
266 2479
267 2429
268 1453
269 3551
270 1596
271 1498
272 1498
273 1498
274 1498
275 1283
276 1273
277 1326
278 1330
279 1498
280 1498
281 1498
282 1210
283 1199
284 1455
285 1423
286 1423
287 1430
288 1423
289 1424
290 1430
291 1453
292 1571
293 1727
294 1599
295 3390
296 1594
297 1112
298 1368
299 1436
300 1368
301 1269
302 1348
303 1596
304 1510
305 1467
306 1340
307 1332
308 1242
309 1598
310 1599
311 1497
312 1496
313 1496
314 1496
315 1497
316 1498
317 1497
318 1497
319 1269
320 1349
321 1683
322 2429
323 2779
324 1599
325 1561
326 1533
327 1326
328 1283
329 1262
330 1326
331 1498
332 1326
333 1326
334 1265
335 1285
336 1265
337 1262
338 1265
339 1285
340 1426
341 1423
342 1616
343 1625
344 1427
345 1432
346 1402
347 1727
348 3555
349 1383
350 1348
351 1269
352 1496
353 1496
354 1487
355 1487
356 1507
357 1496
358 1510
359 1602
360 1729
361 1713
362 909
363 682
364 2701
365 2702
366 2701
367 2702
368 2621
369 2623
370 2698
371 2558
372 2780
373 2429
374 2561
375 2618
376 2621
377 909
378 861
379 3682
380 3661
381 3683
382 3683
383 3683
384 3682
385 3682
386 682
387 909
388 3683
389 3683
390 3683
391 3683
392 3683
393 3683
394 3683
395 3682
396 923
397 923
398 923
399 2623
400 2768
401 1301
402 2790
403 1301
404 1420
405 2405
406 2405
407 3683
408 5068
409 909
410 909
411 909
412 909
413 5068
414 5068
415 4948
416 3667
417 4948
418 4951
419 3683
420 4854
421 5041
422 4747
423 4948
424 4854
425 4854
426 4948
427 5019
428 4863
429 5017
430 4948
431 5017
432 4854
433 5041
434 5017
435 5041
436 4854
437 4854
438 4854
439 5041
440 5041
441 5041
442 5041
443 5041
444 5041
445 5041
446 5041
447 5041
448 5041
449 5041
450 5041
451 5041
452 5041
453 5041
454 5041
455 5041
456 5041
457 5041
458 5041
459 5041
460 5041
461 5041
462 4854
463 4854
464 5041
465 4947
466 5000
467 4948
468 4947
469 4860
470 4951
471 4951
472 4860
473 4860
474 4854
475 4860
476 5041
477 4912
478 4854
479 4854
480 4854
481 4854
482 4854
483 4854
484 4854
485 4860
486 4912
487 4854
488 4854
489 4854
490 4854
491 4860
492 4860
493 4860
494 4860
495 4860
496 923
497 923
498 923
499 909
500 923
501 3682
502 914
503 923
504 909
505 914
506 3683
507 3683
508 3683
509 3683
510 3683
511 3683
512 3683
513 3683
514 3661
515 3683
516 3683
517 3661
518 3661
519 3661
520 3661
521 3661
522 3661
523 4745
524 3661
525 3661
526 3661
527 4948
528 4948
529 4948
530 4863
531 4948
532 4948
533 4948
534 3661
535 4745
536 4948
537 4948
538 4747
539 4948
540 4747
541 4948
542 4948
543 4948
544 4863
545 4934
546 5035
547 4934
548 4863
549 4948
550 4747
551 3661
552 3682
553 3661
554 923
555 923
556 909
557 909
558 914
559 914
560 2752
561 2752
562 2752
563 914
564 853
565 853
566 914
567 3683
568 3683
569 3683
570 909
571 923
572 909
573 3661
574 4951
575 4860
576 1500
577 1340
578 1340
579 1501
580 1340
581 1501
582 1277
583 1249
584 1498
585 1498
586 1500
587 1501
588 1326
589 1283
590 1262
591 1262
592 1283
593 1281
594 1287
595 1262
596 1283
597 1262
598 1282
599 1282
600 1256
601 1283
602 1430
603 1589
604 1277
605 1589
606 1500
607 1334
608 1344
609 1332
610 1347
611 1344
612 1332
613 1344
614 1332
615 1332
616 1334
617 1332
618 1630
619 1467
620 1423
621 1436
622 1424
623 1455
624 1423
625 1423
626 1566
627 1423
628 1423
629 1210
630 1199
631 1204
632 1423
633 1204
634 1430
635 1424
636 1529
637 1566
638 1627
639 1628
640 1436
641 1775
642 1775
643 1821
644 1269
645 1340
646 1332
647 1332
648 1269
649 1340
650 2017
651 2017
652 1356
653 2019
654 2019
655 2017
656 2017
657 2017
658 2019
659 2017
660 2017
661 1313
662 1349
663 1313
664 1313
665 1313
666 1313
667 1349
668 1313
669 1349
670 1313
671 1313
672 1313
673 1313
674 1313
675 1313
676 1313
677 1356
678 1357
679 1313
680 1357
681 1313
682 1355
683 1355
684 1356
685 1356
686 1356
687 1357
688 1356
689 1356
690 1313
691 1348
692 1349
693 1313
694 1356
695 1355
696 1313
697 1349
698 1313
699 2019
700 2019
701 2019
702 2019
703 2019
704 2019
705 2019
706 2019
707 2056
708 2019
709 2058
710 2058
711 2058
712 1313
713 1357
714 1349
715 1467
716 1340
717 1332
718 1332
719 1332
720 1340
721 1340
722 1341
723 1249
724 3075
725 582
726 2945
727 3075
728 3075
729 2945
730 2945
731 2945
732 3075
733 2945
734 3075
735 2945
736 582
737 2945
738 2945
739 3075
740 582
741 3075
742 3683
743 3683
744 3683
745 3683
746 3683
747 3683
748 3683
749 3683
750 3661
751 4948
752 4745
753 3661
754 3661
755 4948
756 3661
757 3661
758 3661
759 3661
760 4948
761 4948
762 3661
763 4746
764 3661
765 3661
766 4863
767 4863
768 4745
769 4934
770 4948
771 5017
772 5041
773 5017
774 4863
775 5017
776 4948
777 4863
778 4863
779 4948
780 4863
781 4863
782 4863
783 5035
784 5041
785 4863
786 5017
787 4863
788 5041
789 4863
790 5041
791 5041
792 5041
793 5041
794 5041
795 5041
796 5041
797 5001
798 5041
799 5000
800 3667
801 3682
802 3667
803 3682
804 3682
805 3666
806 3666
807 3075
808 3075
809 3083
810 3075
811 3075
812 3075
813 3075
814 3075
815 3075
816 3075
817 3075
818 3075
819 3075
820 3075
821 3075
822 3075
823 3075
824 3083
825 3083
826 3083
827 3083
828 3083
829 3083
830 3075
831 3075
832 3075
833 3075
834 3075
835 3075
836 3075
837 3075
838 3075
839 3083
840 3083
841 4860
842 4860
843 4860
844 4860
845 4860
846 4860
847 4912
848 4860
849 4912
850 4912
851 4912
852 4912
853 4912
854 4912
855 4912
856 2124
857 4912
858 4912
859 4912
860 4860
861 4912
862 4860
863 4860
864 4285
865 4364
866 4860
867 4860
868 4860
869 4912
870 2124
871 4912
872 2102
873 4912
874 2102
875 2124
876 2124
877 4285
878 4285
879 2124
880 2102
881 4285
882 4860
883 4860
884 3083
885 3083
886 4285
887 3083
888 3083
889 4285
890 3085
891 4285
892 3075
893 5111
894 3083
895 3083
896 5111
897 3083
898 3083
899 3083
900 582
901 582
902 582
903 582
904 582
905 582
906 582
907 582
908 582
909 582
910 582
911 582
912 582
913 582
914 582
915 582
916 582
917 582
918 582
919 582
920 582
921 582
922 582
923 582
924 582
925 582
926 582
927 582
928 582
929 582
930 582
931 582
932 582
933 40
934 40
935 582
936 582
937 582
938 582
939 582
940 40
941 582
942 40
943 582
944 40
945 40
946 582
947 40
948 40
949 3083
950 3083
951 4285
952 4285
953 3083
954 3083
955 3075
956 923
957 909
958 3683
959 4948
960 4948
961 4947
962 4860
963 4860
964 4860
965 4860
966 4860
967 4951
968 923
969 3683
970 4860
971 4912
972 3085
973 4285
974 3075
975 3075
976 3075
977 2945
978 4951
979 4936
980 4860
981 4860
982 3075
983 3075
984 3075
985 582
986 582
987 582
988 582
989 582
990 582
991 3083
992 4860
993 4860
994 4860
995 4854
996 4912
997 5041
998 5041
999 5041
1000 5041
1001 5041
1002 5041
1003 5041
1004 5041
1005 5041
1006 4912
1007 4854
1008 4912
1009 2124
1010 4912
1011 4912
1012 4912
1013 4912
1014 4912
1015 2124
1016 1055
1017 4860
1018 5041
1019 5041
1020 5041
1021 5041
1022 5041
1023 4747
1024 5035
1025 5035
1026 5044
1027 5035
1028 5044
1029 5044
1030 5044
1031 5041
1032 5041
1033 4934
1034 4747
1035 5035
1036 4747
1037 4746
1038 4745
1039 3661
1040 4745
1041 4745
1042 4747
1043 3661
1044 3661
1045 3661
1046 3661
1047 4747
1048 4747
1049 4745
1050 3683
1051 3661
1052 3683
1053 3661
1054 3683
1055 3661
1056 3661
1057 3661
1058 3661
1059 3661
1060 3661
1061 3661
1062 3661
1063 3661
1064 3683
1065 3683
1066 3683
1067 3683
1068 3683
1069 3683
1070 3661
1071 3661
1072 3661
1073 3661
1074 3661
1075 3661
1076 4854
1077 4860
1078 5001
1079 4747
1080 3682
1081 3682
1082 3682
1083 923
1084 3682
1085 923
1086 923
1087 923
1088 1953
1089 1960
1090 1960
1091 1905
1092 1914
1093 1914
1094 2233
1095 2231
1096 2210
1097 2179
1098 2210
1099 2216
1100 2217
1101 2230
1102 2217
1103 2221
1104 2180
1105 2198
1106 3220
1107 3174
1108 3174
1109 3210
1110 2192
1111 2199
1112 2199
1113 2228
1114 2228
1115 2228
1116 2228
1117 2199
1118 2228
1119 2199
1120 2199
1121 2197
1122 2199
1123 2230
1124 1929
1125 2212
1126 2223
1127 2224
1128 2155
1129 2155
1130 2223
1131 2217
1132 2228
1133 2227
1134 2228
1135 2221
1136 2228
1137 3210
1138 2230
1139 2228
1140 2230
1141 2230
1142 2228
1143 1950
1144 1950
1145 1950
1146 1950
1147 1950
1148 1960
1149 1960
1150 1950
1151 1960
1152 3252
1153 3247
1154 1960
1155 1914
1156 3247
1157 1950
1158 3247
1159 3247
1160 3247
1161 1967
1162 1950
1163 3247
1164 3418
1165 1950
1166 1960
1167 1957
1168 1957
1169 2214
1170 1957
1171 1953
1172 1898
1173 1953
1174 1898
1175 1957
1176 1953
1177 2214
1178 1957
1179 1957
1180 1898
1181 1957
1182 1898
1183 1967
1184 1967
1185 1967
1186 1967
1187 1967
1188 1967
1189 1967
1190 1953
1191 1967
1192 1967
1193 1967
1194 1953
1195 2214
1196 1957
1197 2210
1198 1967
1199 1957
1200 1953
1201 1967
1202 1936
1203 1935
1204 3216
1205 1964
1206 2221
1207 1964
1208 3247
1209 1971
1210 3244
1211 1924
1212 1971
1213 1973
1214 1977
1215 1922
1216 1922
1217 1905
1218 3216
1219 1914
1220 3418
1221 1914
1222 3418
1223 3418
1224 1914
1225 3419
1226 3420
1227 1914
1228 3420
1229 3382
1230 3417
1231 1219
1232 1914
1233 1219
1234 1914
1235 3419
1236 3419
1237 3382
1238 3382
1239 3420
1240 3382
1241 3618
1242 3420
1243 3619
1244 3390
1245 3618
1246 3417
1247 3619
1248 1313
1249 1356
1250 1356
1251 2056
1252 2053
1253 2017
1254 2017
1255 2019
1256 2058
1257 2058
1258 1348
1259 1349
1260 1356
1261 1356
1262 2019
1263 2019
1264 1332
1265 1334
1266 1348
1267 1313
1268 1356
1269 2017
1270 2019
1271 2058
1272 1344
1273 1348
1274 1312
1275 1313
1276 1356
1277 1312
1278 2017
1279 2019
1280 2007
1281 1347
1282 1313
1283 1349
1284 1356
1285 1355
1286 2017
1287 2017
1288 2019
1289 1357
1290 1356
1291 2019
1292 1356
1293 1356
1294 2019
1295 2066
1296 2066
1297 2066
1298 2058
1299 2066
1300 2066
1301 2052
1302 2058
1303 2050
1304 2027
1305 2007
1306 2027
1307 2051
1308 2027
1309 2007
1310 2027
1311 2027
1312 2056
1313 2027
1314 2007
1315 2027
1316 2027
1317 2007
1318 2007
1319 2027
1320 40
1321 40
1322 40
1323 40
1324 40
1325 40
1326 1332
1327 1332
1328 1500
1329 1348
1330 1347
1331 1332
1332 1340
1333 1340
1334 1340
1335 1348
1336 1344
1337 1277
1338 1332
1339 1256
1340 1292
1341 1265
1342 1265
1343 1285
1344 1565
1345 1256
1346 1276
1347 1282
1348 1271
1349 1286
1350 1283
1351 1283
1352 1283
1353 1283
1354 1283
1355 1265
1356 1566
1357 1291
1358 1291
1359 1276
1360 1566
1361 1265
1362 1291
1363 1566
1364 1291
1365 1276
1366 1291
1367 1291
1368 1276
1369 1283
1370 1283
1371 1283
1372 1276
1373 1291
1374 1276
1375 1330
1376 1276
1377 1348
1378 1347
1379 1292
1380 1256
1381 1330
1382 1330
1383 1282
1384 1280
1385 1282
1386 1330
1387 1249
1388 1498
1389 1498
1390 1498
1391 1326
1392 1498
1393 1498
1394 1498
1395 1498
1396 1498
1397 1497
1398 1498
1399 1497
1400 1497
1401 1496
1402 1496
1403 1467
1404 1510
1405 1510
1406 1510
1407 1510
1408 1499
1409 1601
1410 1601
1411 1596
1412 1510
1413 1569
1414 1510
1415 3551
1416 3619
1417 3618
1418 3542
1419 3618
1420 1599
1421 1601
1422 1596
1423 1599
1424 1599
1425 3619
1426 3417
1427 3618
1428 2405
1429 1415
1430 1383
1431 1585
1432 1604
1433 1604
1434 1601
1435 1510
1436 1510
1437 1510
1438 1601
1439 1727
1440 1713
1441 1729
1442 1737
1443 1394
1444 1474
1445 1508
1446 1506
1447 1507
1448 1507
1449 1507
1450 1601
1451 1510
1452 1729
1453 1709
1454 1496
1455 1496
1456 1385
1457 1695
1458 1683
1459 1734
1460 1199
1461 1199
1462 1368
1463 1192
1464 1112
1465 1209
1466 1209
1467 1206
1468 1112
1469 1206
1470 1449
1471 1451
1472 1450
1473 1450
1474 1452
1475 1396
1476 1566
1477 1566
1478 1276
1479 1291
1480 1276
1481 1276
1482 1527
1483 1279
1484 1291
1485 1566
1486 1566
1487 1566
1488 1276
1489 1291
1490 1276
1491 1276
1492 1276
1493 1283
1494 1283
1495 1291
1496 1276
1497 1265
1498 1536
1499 1265
1500 1283
1501 1283
1502 1285
1503 1283
1504 1265
1505 1281
1506 1265
1507 1433
1508 1281
1509 1265
1510 1433
1511 1432
1512 1625
1513 1625
1514 1291
1515 1529
1516 1497
1517 1497
1518 1498
1519 1497
1520 1498
1521 1497
1522 1498
1523 1497
1524 1497
1525 1498
1526 1498
1527 1497
1528 1498
1529 1540
1530 1495
1531 1536
1532 1452
1533 1433
1534 1420
1535 1441
1536 1301
1537 2560
1538 1623
1539 2560
1540 1403
1541 2618
1542 1403
1543 1397
1544 2405
1545 2405
1546 2790
1547 2405
1548 2779
1549 2790
1550 2790
1551 2790
1552 1301
1553 2790
1554 2400
1555 1441
1556 2400
1557 1441
1558 1623
1559 1441
1560 1582
1561 1585
1562 1394
1563 1371
1564 1507
1565 1604
1566 1698
1567 1585
1568 2408
1569 2429
1570 1398
1571 1392
1572 905
1573 857
1574 2624
1575 2615
1576 2623
1577 909
1578 684
1579 844
1580 2623
1581 2561
1582 2616
1583 2615
1584 903
1585 923
1586 923
1587 4852
1588 1405
1589 1582
1590 1582
1591 2408
1592 2429
1593 2429
1594 2400
1595 2779
1596 2779
1597 2618
1598 2779
1599 2618
1600 2618
1601 2558
1602 2617
1603 2617
1604 2558
1605 2558
1606 2313
1607 2779
1608 2618
1609 2558
1610 2560
1611 2560
1612 2561
1613 2561
1614 2621
1615 2621
1616 2769
1617 2624
1618 2623
1619 2624
1620 2779
1621 2779
1622 2623
1623 2623
1624 680
1625 684
1626 2616
1627 2618
1628 2561
1629 2618
1630 2779
1631 2560
1632 4951
1633 2623
1634 861
1635 680
1636 914
1637 916
1638 3682
1639 855
1640 909
1641 923
1642 3683
1643 3682
1644 4860
1645 4747
1646 3683
1647 3661
1648 3683
1649 3683
1650 3683
1651 3667
1652 4796
1653 936
1654 916
1655 845
1656 857
1657 857
1658 844
1659 687
1660 686
1661 2533
1662 2624
1663 2533
1664 2701
1665 2702
1666 2534
1667 2707
1668 2758
1669 2753
1670 2692
1671 2752
1672 2752
1673 2752
1674 2756
1675 2752
1676 2752
1677 853
1678 689
1679 2752
1680 2752
1681 2752
1682 5041
1683 4854
1684 5041
1685 5041
1686 5041
1687 5041
1688 5041
1689 5041
1690 5041
1691 5041
1692 4947
1693 4951
1694 4860
1695 4860
1696 4860
1697 4860
1698 4860
1699 4285
1700 3083
1701 3083
1702 3075
1703 2945
1704 3075
1705 4285
1706 3083
1707 3075
1708 4285
1709 3083
1710 3083
1711 3075
1712 2945
1713 2945
1714 3083
1715 3075
1716 3083
1717 3075
1718 3075
1719 3075
1720 2124
1721 2102
1722 2102
1723 4285
1724 4285
1725 3083
1726 3083
1727 3083
1728 3083
1729 3083
1730 3083
1731 3075
1732 3075
1733 582
1734 3075
1735 3075
1736 2945
1737 2945
1738 4860
1739 1598
1740 1599
1741 582
1742 582
1743 582
1744 582
1745 40
1746 582
1747 582
1748 582
1749 582
1750 40
1751 40
1752 582
1753 582
1754 582
1755 582
1756 40
1757 40
1758 40
1759 582
1760 582
1761 582
1762 582
1763 40
1764 582
1765 582
1766 582
1767 40
1768 582
1769 40
1770 40
1771 40
1772 40
1773 582
1774 582
1775 582
1776 40
1777 582
1778 40
1779 40
1780 40
1781 40
1782 40
1783 3083
1784 3075
1785 3083
1786 3083
1787 4364
1788 4285
1789 4285
1790 3083
1791 3083
1792 3083
1793 4860
1794 4860
1795 4860
1796 4860
1797 4364
1798 4860
1799 1055
1800 4285
1801 1055
1802 4285
1803 2102
1804 4285
1805 2109
1806 4285
1807 4285
1808 4285
1809 4285
1810 4285
1811 4285
1812 4285
1813 4285
1814 3083
1815 4285
1816 5111
1817 4285
1818 4285
1819 4285
1820 4285
1821 4364
1822 4860
1823 2058
1824 2066
1825 2053
1826 2058
1827 1709
1828 1638
1829 1418
1830 2197
1831 2228
1832 2199
1833 2197
1834 2192
1835 2197
1836 2197
1837 2197
1838 1914
1839 1922
1840 1914
1841 1922
1842 1922
1843 1929
1844 1924
1845 2221
1846 1929
1847 2221
1848 2199
1849 2197
1850 2197
1851 2197
1852 2192
1853 2197
1854 2197
1855 2197
1856 2221
1857 1924
1858 1905
1859 1973
1860 1960
1861 1967
1862 1957
1863 1698
1864 1399
1865 1400
1866 1623
1867 1420
1868 1420
1869 1440
1870 1623
1871 1441
1872 1623
1873 1441
1874 1301
1875 1441
1876 2776
1877 2405
1878 2405
1879 2405
1880 2405
1881 2405
1882 2405
1883 2405
1884 1623
1885 1441
1886 1402
1887 1402
1888 1450
1889 1724
1890 1599
1891 1596
1892 1510
1893 1510
1894 1602
1895 1602
1896 1505
1897 1393
1898 1582
1899 1693
1900 1578
1901 1399
1902 1397
1903 1415
1904 1415
1905 1623
1906 1623
1907 1420
1908 1440
1909 1440
1910 1432
1911 1433
1912 1440
1913 1440
1914 1440
1915 1402
1916 1400
1917 1694
1918 1694
1919 1418
1920 1415
1921 1415
1922 2405
1923 1441
1924 2790
1925 1301
1926 1420
1927 2790
1928 2790
1929 2790
1930 2790
1931 2790
1932 2619
1933 2790
1934 2618
1935 2618
1936 2618
1937 2790
1938 2618
1939 2790
1940 2790
1941 2790
1942 2790
1943 2776
1944 2790
1945 2790
1946 2776
1947 2405
1948 2405
1949 2405
1950 1415
1951 2558
1952 2620
1953 2619
1954 2619
1955 2558
1956 2790
1957 1301
1958 2406
1959 2618
1960 2400
1961 2400
1962 2400
1963 2400
1964 2400
1965 1582
1966 1582
1967 1579
1968 1584
1969 1599
1970 1602
1971 1510
1972 1487
1973 1380
1974 1499
1975 1487
1976 1380
1977 1371
1978 1387
1979 2560
1980 2769
1981 2623
1982 2701
1983 936
1984 903
1985 923
1986 923
1987 923
1988 3683
1989 1418
1990 1582
1991 1698
1992 1694
1993 1399
1994 1694
1995 1727
1996 1727
1997 3555
1998 1695
1999 1727
2000 600
2001 600
2002 600
2003 600
2004 600
2005 600
2006 600
2007 600
2008 600
2009 600
2010 600
2011 600
2012 600
2013 600
2014 600
2015 600
2016 600
2017 600
2018 600
2019 600
2020 600
2021 600
2022 600
2023 600
2024 600
2025 600
2026 600
2027 600
2028 600
2029 600
2030 600
2031 600
2032 600
2033 600
2034 600
2035 26
2036 600
2037 600
2038 26
2039 26
2040 26
2041 26
2042 600
2043 600
2044 38
2045 40
2046 40
2047 40
2048 38
2049 600
2050 600
2051 600
2052 600
2053 600
2054 600
2055 600
2056 600
2057 600
2058 600
2059 600
2060 600
2061 600
2062 600
2063 600
2064 600
2065 600
2066 600
2067 600
2068 26
2069 600
2070 600
2071 600
2072 600
2073 600
2074 600
2075 600
2076 600
2077 600
2078 26
2079 600
2080 600
2081 600
2082 600
2083 600
2084 600
2085 600
2086 600
2087 600
2088 600
2089 600
2090 600
2091 600
2092 600
2093 600
2094 600
2095 600
2096 600
2097 600
2098 600
2099 600
2100 600
2101 600
2102 600
2103 600
2104 600
2105 600
2106 600
2107 600
2108 600
2109 600
2110 600
2111 600
2112 600
2113 600
2114 600
2115 600
2116 600
2117 600
2118 600
2119 600
2120 600
2121 600
2122 600
2123 600
2124 600
2125 600
2126 600
2127 600
2128 600
2129 600
2130 600
2131 600
2132 600
2133 600
2134 600
2135 600
2136 600
2137 600
2138 600
2139 38
2140 38
2141 38
2142 38
2143 600
2144 600
2145 600
2146 600
2147 56
2148 56
2149 56
2150 56
2151 38
2152 56
2153 38
2154 56
2155 600
2156 600
2157 600
2158 600
2159 600
2160 600
2161 600
2162 26
2163 38
2164 38
2165 38
2166 600
2167 600
2168 600
2169 56
2170 600
2171 38
2172 38
2173 38
2174 38
2175 40
2176 38
2177 38
2178 38
2179 38
2180 38
2181 38
2182 38
2183 26
2184 38
2185 38
2186 38
2187 38
2188 38
2189 38
2190 38
2191 38
2192 38
2193 56
2194 56
2195 38
2196 38
2197 38
2198 38
2199 38
2200 600
2201 26
2202 26
2203 40
2204 40
2205 40
2206 40
2207 40
2208 40
2209 40
2210 40
2211 40
2212 40
2213 26
2214 38
2215 40
2216 38
2217 40
2218 26
2219 26
2220 600
2221 40
2222 26
2223 40
2224 40
2225 40
2226 40
2227 40
2228 38
2229 38
2230 38
2231 38
2232 38
2233 38
2234 600
2235 600
2236 600
2237 600
2238 600
2239 600
2240 600
2241 600
2242 600
2243 600
2244 600
2245 600
2246 600
2247 600
2248 909
2249 909
2250 909
2251 909
2252 5068
2253 909
2254 853
2255 914
2256 914
2257 914
2258 914
2259 3683
2260 3683
2261 5068
2262 3683
2263 3683
2264 3683
2265 2066
2266 1929
2267 3083
2268 38
2269 473
2270 3184
2271 3236
2272 3180
2273 3236
2274 3235
2275 3230
2276 3180
2277 3183
2278 3180
2279 3230
2280 3183
2281 3184
2282 3184
2283 3184
2284 3230
2285 3235
2286 3230
2287 3230
2288 3228
2289 3230
2290 3230
2291 3236
2292 3236
2293 3228
2294 3235
2295 3202
2296 3228
2297 3230
2298 3183
2299 3235
2300 3228
2301 3230
2302 3228
2303 3180
2304 3228
2305 3183
2306 3184
2307 3236
2308 3236
2309 3184
2310 3184
2311 3230
2312 3236
2313 3236
2314 3235
2315 3184
2316 3236
2317 3236
2318 3236
2319 3180
2320 3236
2321 3235
2322 3180
2323 3183
2324 3228
2325 3202
2326 3228
2327 3230
2328 3184
2329 3183
2330 3184
2331 3184
2332 3184
2333 3228
2334 3236
2335 3236
2336 3236
2337 3236
2338 3180
2339 3236
2340 3236
2341 3230
2342 3180
2343 3183
2344 3228
2345 3180
2346 3230
2347 3230
2348 3183
2349 3183
2350 3235
2351 3184
2352 3184
2353 3184
2354 3202
2355 3236
2356 3228
2357 3230
2358 3230
2359 3180
2360 3202
2361 3236
2362 3236
2363 3236
2364 3230
2365 3202
2366 3180
2367 3180
2368 3228
2369 3228
2370 3235
2371 3235
2372 3180
2373 3236
2374 3235
2375 3228
2376 3228
2377 3228
2378 3230
2379 3180
2380 2279
2381 2372
2382 2279
2383 3640
2384 3441
2385 3435
2386 3438
2387 3641
2388 3011
2389 3450
2390 3642
2391 2459
2392 2473
2393 3144
2394 3130
2395 1721
2396 3458
2397 1638
2398 3044
2399 2465
2400 3044
2401 2459
2402 2460
2403 2459
2404 860
2405 2766
2406 2478
2407 2482
2408 2769
2409 2479
2410 2408
2411 2479
2412 853
2413 2752
2414 2751
2415 2752
2416 3451
2417 3383
2418 3383
2419 3536
2420 1698
2421 3120
2422 3160
2423 3119
2424 3160
2425 3119
2426 3119
2427 3126
2428 3126
2429 3126
2430 3126
2431 3144
2432 3144
2433 3127
2434 3126
2435 3125
2436 3137
2437 3141
2438 3136
2439 3144
2440 3455
2441 3119
2442 3160
2443 3160
2444 3160
2445 3119
2446 3160
2447 3119
2448 3578
2449 3474
2450 3487
2451 3487
2452 3484
2453 3475
2454 3432
2455 3483
2456 3640
2457 1664
2458 3542
2459 3556
2460 1671
2461 1715
2462 909
2463 3661
2464 3661
2465 3661
2466 3661
2467 3661
2468 3661
2469 3661
2470 4745
2471 4948
2472 4745
2473 3661
2474 4948
2475 3661
2476 3661
2477 3661
2478 2478
2479 2678
2480 2772
2481 923
2482 2777
2483 2314
2484 2313
2485 3661
2486 3661
2487 3661
2488 3661
2489 3661
2490 3661
2491 3683
2492 3661
2493 3661
2494 3683
2495 3683
2496 3683
2497 3683
2498 3683
2499 3683
2500 3683
2501 923
2502 2777
2503 1741
2504 1705
2505 3027
2506 3037
2507 3026
2508 3033
2509 3440
2510 3022
2511 3034
2512 3022
2513 3026
2514 3551
2515 1696
2516 1701
2517 1701
2518 1742
2519 2405
2520 2405
2521 2405
2522 2405
2523 2405
2524 2405
2525 2405
2526 2779
2527 2405
2528 2618
2529 2543
2530 2624
2531 2483
2532 2483
2533 2483
2534 1656
2535 3008
2536 3548
2537 3448
2538 3127
2539 3144
2540 3126
2541 3126
2542 3126
2543 3126
2544 3126
2545 3126
2546 3126
2547 3126
2548 3160
2549 3126
2550 3474
2551 3475
2552 3442
2553 3485
2554 3487
2555 3484
2556 3494
2557 3441
2558 3494
2559 3437
2560 3442
2561 3642
2562 1668
2563 3390
2564 3535
2565 3618
2566 1664
2567 3435
2568 3438
2569 3481
2570 3020
2571 3034
2572 2459
2573 3448
2574 3561
2575 3137
2576 3143
2577 3037
2578 3044
2579 3451
2580 3445
2581 3455
2582 3430
2583 3123
2584 3125
2585 3125
2586 3125
2587 3125
2588 3144
2589 3034
2590 2459
2591 1683
2592 2478
2593 2478
2594 3451
2595 3640
2596 3435
2597 3126
2598 3126
2599 3144
2600 3126
2601 3144
2602 3144
2603 3144
2604 3144
2605 3436
2606 3144
2607 3138
2608 3440
2609 3144
2610 3521
2611 3441
2612 3436
2613 3437
2614 3436
2615 3450
2616 1656
2617 1719
2618 3619
2619 3552
2620 2459
2621 3033
2622 3026
2623 3144
2624 3125
2625 3144
2626 3144
2627 3430
2628 3430
2629 3453
2630 3452
2631 3006
2632 1716
2633 915
2634 2624
2635 2602
2636 2777
2637 2616
2638 2561
2639 2698
2640 2621
2641 2313
2642 2482
2643 2478
2644 2383
2645 2313
2646 2560
2647 2553
2648 2772
2649 3683
2650 3683
2651 3683
2652 3683
2653 3683
2654 3683
2655 682
2656 914
2657 3683
2658 3683
2659 3683
2660 3683
2661 3683
2662 3683
2663 3683
2664 923
2665 854
2666 2621
2667 2618
2668 1757
2669 1411
2670 1411
2671 1624
2672 2405
2673 2405
2674 5068
2675 5068
2676 909
2677 914
2678 909
2679 909
2680 5068
2681 5068
2682 3682
2683 2749
2684 3683
2685 3683
2686 3683
2687 4747
2688 3661
2689 4956
2690 4854
2691 5035
2692 4747
2693 5017
2694 4863
2695 5017
2696 5041
2697 5017
2698 5017
2699 4863
2700 5041
2701 4854
2702 4854
2703 4854
2704 5041
2705 5041
2706 5041
2707 5041
2708 5041
2709 5041
2710 5041
2711 5041
2712 5041
2713 5041
2714 5041
2715 5041
2716 5041
2717 5041
2718 5041
2719 5041
2720 5041
2721 5041
2722 5041
2723 5041
2724 5041
2725 5041
2726 5041
2727 5041
2728 5041
2729 5041
2730 4956
2731 3661
2732 2744
2733 5035
2734 3672
2735 3677
2736 4935
2737 4852
2738 4850
2739 4858
2740 4860
2741 5017
2742 4912
2743 4854
2744 5041
2745 4854
2746 4854
2747 4854
2748 4854
2749 4854
2750 4912
2751 4912
2752 4854
2753 5041
2754 4854
2755 5041
2756 4860
2757 4860
2758 5041
2759 4854
2760 5035
2761 854
2762 682
2763 683
2764 683
2765 2754
2766 2687
2767 914
2768 909
2769 909
2770 914
2771 3683
2772 3683
2773 5068
2774 5068
2775 3683
2776 3683
2777 3683
2778 3683
2779 3683
2780 3683
2781 3683
2782 3683
2783 3683
2784 3661
2785 3661
2786 3683
2787 3661
2788 3661
2789 4745
2790 3661
2791 3661
2792 4948
2793 4745
2794 4948
2795 4948
2796 4948
2797 4948
2798 3661
2799 4745
2800 4948
2801 4948
2802 4948
2803 4948
2804 4745
2805 4948
2806 4948
2807 4948
2808 4948
2809 4934
2810 4863
2811 4934
2812 4948
2813 4863
2814 4948
2815 4747
2816 3661
2817 3661
2818 3661
2819 923
2820 923
2821 909
2822 914
2823 914
2824 2751
2825 2752
2826 689
2827 689
2828 852
2829 853
2830 5068
2831 5068
2832 5068
2833 909
2834 909
2835 5068
2836 909
2837 3683
2838 3683
2839 4860
2840 3020
2841 3026
2842 3027
2843 3130
2844 3027
2845 3020
2846 3143
2847 3137
2848 3140
2849 3137
2850 3020
2851 3144
2852 3144
2853 3144
2854 3131
2855 3126
2856 3144
2857 3029
2858 3439
2859 3126
2860 3144
2861 3440
2862 3140
2863 3440
2864 3130
2865 3440
2866 3440
2867 3020
2868 3132
2869 3130
2870 3044
2871 3043
2872 3037
2873 3037
2874 3044
2875 3037
2876 3037
2877 3044
2878 3037
2879 3037
2880 2472
2881 3044
2882 3037
2883 3132
2884 3494
2885 3495
2886 3494
2887 3494
2888 3495
2889 3587
2890 3587
2891 3495
2892 3484
2893 3484
2894 3483
2895 3432
2896 3474
2897 3475
2898 3584
2899 3442
2900 3442
2901 3485
2902 3144
2903 3440
2904 3132
2905 3440
2906 3440
2907 3440
2908 3133
2909 3440
2910 3133
2911 3022
2912 3065
2913 3034
2914 3034
2915 3033
2916 3130
2917 3027
2918 2267
2919 2456
2920 2456
2921 2453
2922 2267
2923 2456
2924 2267
2925 2267
2926 2456
2927 2267
2928 2453
2929 2460
2930 2460
2931 2460
2932 2459
2933 2460
2934 2460
2935 2459
2936 2460
2937 2452
2938 2460
2939 2452
2940 2460
2941 2458
2942 2460
2943 2452
2944 2458
2945 2458
2946 2458
2947 2452
2948 2458
2949 2452
2950 2456
2951 2456
2952 2458
2953 2456
2954 2458
2955 2458
2956 2458
2957 2456
2958 2472
2959 2460
2960 2465
2961 2458
2962 2452
2963 2460
2964 2460
2965 2459
2966 2270
2967 2270
2968 2270
2969 2270
2970 2270
2971 2270
2972 2270
2973 2270
2974 2270
2975 2270
2976 2275
2977 2275
2978 2278
2979 2460
2980 2452
2981 2460
2982 3137
2983 3020
2984 3026
2985 3044
2986 3033
2987 3143
2988 3137
2989 3141
2990 2941
2991 2975
2992 2978
2993 2946
2994 2978
2995 2978
2996 2946
2997 2978
2998 2946
2999 2978
3000 2946
3001 2975
3002 2978
3003 2941
3004 2969
3005 2946
3006 2997
3007 2978
3008 909
3009 5068
3010 3683
3011 3683
3012 3683
3013 3683
3014 3683
3015 3683
3016 3683
3017 3661
3018 4745
3019 3661
3020 3661
3021 4948
3022 3683
3023 3683
3024 3661
3025 3661
3026 4948
3027 4745
3028 4948
3029 4746
3030 3661
3031 3661
3032 4948
3033 4948
3034 4745
3035 4948
3036 4934
3037 4948
3038 5017
3039 5017
3040 5041
3041 5041
3042 5017
3043 4934
3044 4948
3045 4948
3046 4863
3047 4863
3048 4863
3049 5035
3050 4863
3051 5044
3052 5035
3053 4863
3054 5017
3055 4863
3056 4863
3057 5041
3058 5041
3059 5041
3060 5041
3061 5041
3062 5041
3063 4747
3064 3661
3065 4747
3066 3682
3067 3661
3068 914
3069 689
3070 2613
3071 2613
3072 2613
3073 2746
3074 2969
3075 2969
3076 2979
3077 2979
3078 2975
3079 2991
3080 2975
3081 2975
3082 2975
3083 2975
3084 2991
3085 2975
3086 2979
3087 2969
3088 2979
3089 2979
3090 2947
3091 2954
3092 2954
3093 2954
3094 2954
3095 2993
3096 2965
3097 2954
3098 2954
3099 2954
3100 2954
3101 2882
3102 2954
3103 2882
3104 2954
3105 2947
3106 2947
3107 4860
3108 4860
3109 4860
3110 4853
3111 1236
3112 1236
3113 1984
3114 1984
3115 5041
3116 2124
3117 4912
3118 4860
3119 4854
3120 4912
3121 2124
3122 2124
3123 4912
3124 2124
3125 2124
3126 2124
3127 2124
3128 4860
3129 4860
3130 2947
3131 4285
3132 1984
3133 4860
3134 1337
3135 1984
3136 2124
3137 2124
3138 2124
3139 2102
3140 2124
3141 2124
3142 2102
3143 2102
3144 2124
3145 2124
3146 2124
3147 2124
3148 2124
3149 2124
3150 4285
3151 2947
3152 2843
3153 2843
3154 2954
3155 2843
3156 2843
3157 2843
3158 2843
3159 2843
3160 2843
3161 3085
3162 3085
3163 3085
3164 2843
3165 2947
3166 2799
3167 2817
3168 2817
3169 2817
3170 2817
3171 2796
3172 2817
3173 2817
3174 2796
3175 2801
3176 2799
3177 2817
3178 2801
3179 2801
3180 2817
3181 2799
3182 2987
3183 2946
3184 2987
3185 2946
3186 2799
3187 2990
3188 2987
3189 2987
3190 2988
3191 2990
3192 2946
3193 2987
3194 2990
3195 2987
3196 2987
3197 2946
3198 943
3199 943
3200 2801
3201 943
3202 943
3203 2801
3204 938
3205 943
3206 938
3207 938
3208 943
3209 938
3210 347
3211 943
3212 943
3213 938
3214 2947
3215 2949
3216 2947
3217 2947
3218 2947
3219 2969
3220 2979
3221 683
3222 2613
3223 843
3224 3683
3225 3694
3226 4935
3227 5035
3228 1337
3229 1236
3230 4935
3231 5068
3232 2749
3233 2613
3234 1236
3235 1984
3236 2843
3237 2843
3238 2975
3239 2953
3240 2946
3241 2941
3242 5068
3243 4935
3244 4852
3245 2124
3246 2975
3247 2991
3248 2978
3249 2990
3250 2987
3251 2817
3252 2987
3253 2988
3254 2965
3255 2954
3256 4860
3257 4860
3258 4860
3259 4854
3260 4854
3261 4912
3262 5041
3263 5041
3264 5041
3265 5041
3266 5041
3267 5041
3268 4854
3269 5041
3270 4854
3271 5041
3272 4912
3273 2124
3274 2124
3275 4912
3276 4912
3277 4912
3278 4912
3279 2124
3280 4912
3281 2124
3282 5041
3283 5041
3284 5041
3285 5041
3286 5041
3287 5041
3288 5035
3289 5035
3290 5035
3291 5041
3292 5044
3293 5035
3294 4747
3295 5041
3296 5035
3297 5041
3298 5041
3299 4747
3300 4747
3301 4934
3302 4747
3303 4747
3304 4747
3305 4745
3306 3661
3307 4745
3308 3661
3309 4747
3310 4745
3311 4745
3312 3661
3313 3661
3314 4747
3315 4747
3316 4747
3317 3683
3318 3683
3319 3683
3320 3661
3321 3661
3322 3683
3323 3661
3324 3661
3325 3661
3326 3661
3327 3661
3328 3661
3329 3661
3330 3661
3331 3661
3332 3661
3333 3683
3334 3683
3335 3683
3336 3683
3337 3683
3338 3661
3339 3661
3340 3661
3341 3661
3342 3661
3343 5035
3344 5041
3345 4745
3346 3661
3347 3683
3348 3661
3349 923
3350 923
3351 923
3352 909
3353 923
3354 909
3355 3253
3356 3256
3357 3209
3358 3251
3359 3251
3360 2156
3361 3257
3362 2213
3363 3257
3364 2212
3365 3262
3366 2156
3367 3208
3368 3237
3369 3208
3370 3237
3371 3237
3372 3179
3373 3179
3374 3180
3375 3219
3376 3235
3377 3236
3378 3235
3379 3235
3380 3235
3381 3235
3382 3235
3383 3235
3384 3235
3385 3235
3386 3235
3387 3235
3388 3235
3389 3235
3390 3179
3391 3179
3392 3180
3393 2224
3394 2224
3395 2226
3396 3220
3397 2224
3398 3201
3399 2222
3400 3225
3401 3235
3402 2222
3403 3208
3404 3180
3405 3180
3406 3179
3407 3179
3408 3179
3409 3235
3410 3179
3411 3248
3412 1950
3413 3249
3414 3252
3415 1960
3416 1967
3417 3249
3418 1960
3419 3251
3420 3247
3421 3249
3422 3247
3423 3247
3424 3256
3425 3251
3426 3247
3427 3258
3428 3256
3429 3247
3430 3258
3431 3418
3432 3418
3433 3253
3434 3262
3435 2214
3436 2213
3437 2214
3438 1957
3439 3257
3440 3253
3441 3257
3442 1957
3443 1957
3444 3257
3445 2213
3446 2214
3447 3257
3448 3262
3449 1953
3450 1967
3451 1967
3452 1967
3453 1967
3454 1967
3455 1967
3456 1953
3457 1967
3458 1967
3459 1967
3460 1953
3461 3262
3462 3257
3463 2220
3464 3257
3465 1957
3466 3253
3467 3253
3468 3257
3469 3260
3470 3219
3471 3179
3472 3219
3473 3228
3474 3181
3475 3230
3476 3219
3477 3202
3478 3418
3479 3180
3480 3181
3481 3219
3482 3219
3483 3251
3484 3219
3485 3219
3486 3181
3487 3258
3488 3419
3489 3419
3490 3247
3491 3419
3492 3419
3493 3419
3494 3258
3495 3420
3496 3382
3497 3417
3498 3216
3499 3381
3500 3216
3501 3419
3502 3419
3503 3381
3504 3383
3505 3419
3506 3287
3507 3381
3508 3381
3509 3382
3510 3417
3511 3383
3512 3417
3513 3416
3514 3287
3515 2458
3516 2456
3517 2456
3518 2267
3519 2278
3520 2456
3521 2270
3522 2270
3523 2372
3524 2459
3525 2473
3526 2459
3527 2458
3528 2267
3529 2270
3530 2278
3531 3037
3532 3044
3533 2459
3534 2457
3535 2458
3536 2456
3537 2270
3538 2275
3539 3044
3540 2472
3541 2452
3542 2460
3543 2458
3544 2458
3545 2456
3546 2267
3547 2459
3548 2473
3549 2452
3550 2460
3551 2458
3552 2456
3553 2453
3554 2270
3555 2270
3556 2458
3557 2456
3558 2456
3559 2458
3560 2267
3561 2275
3562 2279
3563 2278
3564 2278
3565 2279
3566 2279
3567 2278
3568 2275
3569 2279
3570 2275
3571 2275
3572 2275
3573 2275
3574 2275
3575 2275
3576 2275
3577 2275
3578 2275
3579 2270
3580 2275
3581 2275
3582 2275
3583 2275
3584 2275
3585 2372
3586 350
3587 943
3588 943
3589 350
3590 943
3591 3037
3592 3033
3593 3027
3594 3130
3595 2459
3596 3037
3597 3033
3598 3027
3599 3130
3600 2457
3601 3037
3602 3044
3603 3022
3604 3037
3605 3440
3606 3160
3607 3144
3608 3440
3609 3132
3610 3119
3611 3131
3612 3440
3613 3140
3614 3440
3615 3140
3616 3440
3617 3126
3618 3144
3619 3126
3620 3126
3621 3126
3622 3131
3623 3144
3624 3492
3625 3496
3626 3159
3627 3496
3628 3159
3629 3119
3630 3160
3631 3159
3632 3157
3633 3496
3634 3159
3635 3159
3636 3126
3637 3126
3638 3126
3639 3119
3640 3157
3641 3119
3642 3157
3643 2473
3644 3044
3645 3069
3646 3027
3647 3144
3648 3131
3649 3440
3650 3440
3651 3144
3652 3131
3653 3160
3654 3120
3655 3125
3656 3121
3657 3144
3658 3121
3659 3144
3660 3125
3661 3121
3662 3125
3663 3125
3664 3125
3665 3144
3666 3123
3667 3130
3668 3453
3669 3562
3670 3448
3671 3430
3672 3130
3673 3458
3674 3449
3675 3556
3676 3531
3677 3438
3678 3457
3679 3533
3680 3533
3681 3537
3682 3536
3683 3383
3684 3543
3685 3451
3686 3543
3687 3451
3688 3533
3689 3383
3690 3381
3691 3416
3692 1409
3693 1408
3694 1741
3695 1741
3696 1660
3697 1673
3698 3003
3699 3458
3700 3531
3701 3562
3702 3458
3703 3557
3704 3000
3705 3554
3706 3007
3707 1656
3708 3015
3709 3435
3710 3142
3711 3129
3712 3141
3713 3561
3714 3456
3715 1667
3716 1736
3717 3455
3718 3430
3719 3454
3720 1673
3721 3006
3722 1643
3723 1736
3724 3456
3725 3432
3726 3444
3727 3442
3728 3432
3729 3432
3730 3456
3731 3444
3732 3640
3733 3432
3734 3640
3735 3640
3736 3642
3737 3636
3738 1672
3739 1656
3740 3496
3741 3159
3742 3494
3743 3492
3744 3160
3745 3496
3746 3159
3747 3159
3748 3494
3749 3492
3750 3159
3751 3496
3752 3159
3753 3157
3754 3159
3755 3126
3756 3157
3757 3119
3758 3157
3759 3160
3760 3441
3761 3441
3762 3126
3763 3126
3764 3126
3765 3119
3766 3126
3767 3144
3768 3144
3769 3437
3770 3144
3771 3441
3772 3435
3773 3011
3774 3435
3775 3440
3776 3441
3777 3125
3778 3125
3779 3120
3780 3120
3781 3125
3782 3125
3783 3144
3784 3121
3785 3125
3786 3121
3787 3120
3788 3125
3789 3125
3790 3455
3791 3142
3792 3142
3793 3434
3794 3435
3795 3438
3796 3641
3797 3641
3798 1664
3799 1741
3800 1752
3801 2482
3802 1701
3803 2478
3804 1701
3805 2482
3806 1701
3807 1701
3808 1410
3809 2405
3810 2405
3811 2405
3812 2405
3813 2479
3814 1411
3815 1409
3816 1741
3817 1409
3818 1705
3819 1701
3820 1705
3821 1705
3822 1705
3823 1705
3824 1696
3825 1579
3826 3014
3827 3552
3828 3457
3829 1673
3830 3006
3831 1696
3832 2482
3833 2479
3834 1762
3835 3006
3836 2772
3837 2624
3838 2543
3839 2314
3840 2754
3841 2678
3842 2623
3843 2616
3844 2313
3845 2383
3846 2543
3847 860
3848 909
3849 843
3850 4852
3851 1582
3852 1405
3853 1638
3854 1638
3855 1759
3856 1759
3857 1759
3858 2478
3859 2481
3860 1759
3861 2478
3862 2478
3863 2479
3864 2418
3865 2779
3866 2618
3867 2479
3868 2482
3869 2482
3870 2483
3871 2482
3872 2479
3873 2313
3874 2483
3875 2313
3876 2482
3877 2483
3878 2618
3879 2621
3880 2483
3881 2482
3882 2558
3883 2698
3884 2544
3885 2752
3886 2779
3887 2313
3888 2558
3889 2618
3890 2779
3891 2560
3892 3683
3893 2616
3894 2687
3895 2685
3896 2752
3897 853
3898 2613
3899 853
3900 909
3901 2544
3902 909
3903 3683
3904 909
3905 4745
3906 3683
3907 3683
3908 5068
3909 5068
3910 5068
3911 3683
3912 3682
3913 909
3914 682
3915 854
3916 2624
3917 2624
3918 2624
3919 2621
3920 2700
3921 2623
3922 2769
3923 2623
3924 2623
3925 2621
3926 2772
3927 2698
3928 2758
3929 2694
3930 2685
3931 2752
3932 2756
3933 2752
3934 2752
3935 2752
3936 2751
3937 2752
3938 2752
3939 5041
3940 5041
3941 4854
3942 5041
3943 5041
3944 5041
3945 5041
3946 5041
3947 5041
3948 5041
3949 5041
3950 5041
3951 3672
3952 3672
3953 4935
3954 4860
3955 4860
3956 4860
3957 4860
3958 2124
3959 2947
3960 2947
3961 2979
3962 2969
3963 2975
3964 4285
3965 2947
3966 2954
3967 2947
3968 2947
3969 2947
3970 2969
3971 2975
3972 2978
3973 2947
3974 2843
3975 2947
3976 2947
3977 2972
3978 2946
3979 2978
3980 2124
3981 2124
3982 2124
3983 2102
3984 2102
3985 3085
3986 3085
3987 3085
3988 3085
3989 2882
3990 2947
3991 2969
3992 2954
3993 2978
3994 2975
3995 2979
3996 2979
3997 2975
3998 4860
3999 2124
4000 3557
4001 3548
4002 2946
4003 2990
4004 2987
4005 2799
4006 943
4007 2799
4008 2946
4009 2817
4010 943
4011 943
4012 943
4013 350
4014 2946
4015 2801
4016 2817
4017 938
4018 350
4019 943
4020 943
4021 2801
4022 2817
4023 2987
4024 943
4025 943
4026 2946
4027 2817
4028 2799
4029 2801
4030 943
4031 943
4032 943
4033 943
4034 2817
4035 938
4036 943
4037 943
4038 2801
4039 943
4040 943
4041 943
4042 943
4043 943
4044 2947
4045 2972
4046 2957
4047 2947
4048 2124
4049 4285
4050 2949
4051 2947
4052 2972
4053 2972
4054 2949
4055 2124
4056 2124
4057 2124
4058 2124
4059 2124
4060 2124
4061 2124
4062 2124
4063 2124
4064 2124
4065 2124
4066 2843
4067 2124
4068 2103
4069 3085
4070 2843
4071 2102
4072 3085
4073 3085
4074 3085
4075 3085
4076 3085
4077 2843
4078 4285
4079 2843
4080 2843
4081 4285
4082 4285
4083 2124
4084 2124
4085 2275
4086 2278
4087 2278
4088 3390
4089 3000
4090 1638
4091 1408
4092 3236
4093 3236
4094 3235
4095 3235
4096 3236
4097 3235
4098 3236
4099 3236
4100 3247
4101 3219
4102 3219
4103 3219
4104 3219
4105 3219
4106 3180
4107 3230
4108 3228
4109 3228
4110 3228
4111 3236
4112 3235
4113 3235
4114 3236
4115 3236
4116 3236
4117 3236
4118 3235
4119 3230
4120 3219
4121 3219
4122 3211
4123 1967
4124 3257
4125 1691
4126 1686
4127 1686
4128 1722
4129 3636
4130 1703
4131 1656
4132 1655
4133 1705
4134 1701
4135 1611
4136 1757
4137 2405
4138 2479
4139 2405
4140 2405
4141 2405
4142 2405
4143 2405
4144 1415
4145 1415
4146 1741
4147 1654
4148 3642
4149 1668
4150 3640
4151 1666
4152 3447
4153 3562
4154 3444
4155 3445
4156 3458
4157 1719
4158 1655
4159 1705
4160 1693
4161 1641
4162 1701
4163 1705
4164 1705
4165 1742
4166 1700
4167 1700
4168 1655
4169 1655
4170 3010
4171 3636
4172 1672
4173 3011
4174 1656
4175 1656
4176 1722
4177 1721
4178 1643
4179 1686
4180 1757
4181 1757
4182 1624
4183 1409
4184 1409
4185 1415
4186 1411
4187 1411
4188 2405
4189 2479
4190 1415
4191 1415
4192 1411
4193 2479
4194 2479
4195 1415
4196 2479
4197 2405
4198 2405
4199 2405
4200 2405
4201 2405
4202 2405
4203 2405
4204 2405
4205 2405
4206 1415
4207 1415
4208 2405
4209 1415
4210 1415
4211 1415
4212 1411
4213 1409
4214 1626
4215 2405
4216 2405
4217 2479
4218 2479
4219 2479
4220 1757
4221 2478
4222 1757
4223 1741
4224 1741
4225 1741
4226 1758
4227 1758
4228 1693
4229 1638
4230 1693
4231 1582
4232 1717
4233 3452
4234 3453
4235 3141
4236 3137
4237 3141
4238 3132
4239 3435
4240 3435
4241 3015
4242 2479
4243 2483
4244 2543
4245 2615
4246 910
4247 909
4248 923
4249 923
4250 923
4251 1626
4252 1757
4253 1685
4254 1678
4255 1696
4256 1684
4257 3555
4258 1735
4259 3554
4260 3005
4261 3554
4262 473
4263 473
4264 473
4265 473
4266 473
4267 473
4268 473
4269 473
4270 473
4271 473
4272 473
4273 473
4274 473
4275 473
4276 473
4277 473
4278 473
4279 473
4280 473
4281 473
4282 473
4283 473
4284 473
4285 473
4286 473
4287 473
4288 473
4289 473
4290 473
4291 473
4292 473
4293 473
4294 392
4295 392
4296 392
4297 392
4298 392
4299 392
4300 392
4301 392
4302 392
4303 392
4304 392
4305 442
4306 442
4307 442
4308 442
4309 442
4310 443
4311 350
4312 350
4313 350
4314 445
4315 444
4316 392
4317 392
4318 392
4319 392
4320 392
4321 392
4322 392
4323 392
4324 473
4325 473
4326 392
4327 473
4328 473
4329 392
4330 392
4331 392
4332 392
4333 392
4334 443
4335 392
4336 392
4337 360
4338 392
4339 392
4340 442
4341 392
4342 473
4343 442
4344 392
4345 473
4346 473
4347 473
4348 473
4349 473
4350 473
4351 473
4352 473
4353 473
4354 473
4355 473
4356 473
4357 473
4358 473
4359 473
4360 473
4361 473
4362 473
4363 473
4364 473
4365 473
4366 473
4367 473
4368 473
4369 473
4370 473
4371 473
4372 473
4373 473
4374 473
4375 473
4376 473
4377 473
4378 473
4379 473
4380 473
4381 473
4382 473
4383 473
4384 473
4385 473
4386 473
4387 473
4388 473
4389 473
4390 473
4391 473
4392 392
4393 392
4394 392
4395 392
4396 473
4397 473
4398 473
4399 473
4400 473
4401 473
4402 473
4403 473
4404 473
4405 473
4406 442
4407 445
4408 442
4409 350
4410 443
4411 392
4412 392
4413 392
4414 443
4415 392
4416 392
4417 443
4418 392
4419 443
4420 443
4421 392
4422 392
4423 392
4424 392
4425 392
4426 392
4427 443
4428 392
4429 392
4430 442
4431 442
4432 392
4433 392
4434 392
4435 392
4436 392
4437 443
4438 350
4439 444
4440 445
4441 350
4442 444
4443 348
4444 350
4445 445
4446 445
4447 444
4448 445
4449 348
4450 442
4451 445
4452 442
4453 442
4454 442
4455 442
4456 445
4457 445
4458 445
4459 442
4460 442
4461 442
4462 442
4463 442
4464 348
4465 350
4466 392
4467 392
4468 442
4469 943
4470 350
4471 350
4472 350
4473 350
4474 350
4475 350
4476 943
4477 348
4478 348
4479 350
4480 445
4481 350
4482 350
4483 350
4484 350
4485 445
4486 445
4487 442
4488 445
4489 350
4490 350
4491 943
4492 350
4493 350
4494 350
4495 350
4496 445
4497 445
4498 442
4499 442
4500 442
4501 473
4502 473
4503 473
4504 473
4505 473
4506 473
4507 473
4508 473
4509 473
4510 473
4511 473
4512 473
4513 473
4514 473
4515 473
4516 473
4517 5068
4518 909
4519 909
4520 909
4521 909
4522 909
4523 914
4524 853
4525 852
4526 909
4527 689
4528 3683
4529 3683
4530 3683
4531 3683
4532 5068
4533 5068
4534 5068
4535 5068
4536 1683
4537 923
4538 2947
4539 759
4540 731
4541 2346
4542 2346
4543 759
4544 759
4545 710
4546 759
4547 759
4548 700
4549 710
4550 757
4551 757
4552 757
4553 757
4554 759
4555 759
4556 759
4557 759
4558 759
4559 759
4560 759
4561 759
4562 759
4563 759
4564 757
4565 759
4566 757
4567 757
4568 2341
4569 673
4570 710
4571 2341
4572 700
4573 759
4574 757
4575 757
4576 759
4577 759
4578 757
4579 757
4580 723
4581 757
4582 789
4583 757
4584 723
4585 742
4586 742
4587 758
4588 742
4589 742
4590 758
4591 758
4592 748
4593 748
4594 748
4595 748
4596 748
4597 742
4598 742
4599 742
4600 742
4601 742
4602 742
4603 742
4604 742
4605 742
4606 748
4607 748
4608 748
4609 748
4610 723
4611 759
4612 759
4613 723
4614 723
4615 758
4616 699
4617 2341
4618 2345
4619 757
4620 700
4621 2345
4622 2346
4623 2348
4624 2248
4625 2248
4626 2349
4627 2349
4628 2378
4629 2248
4630 2349
4631 2280
4632 2347
4633 2342
4634 700
4635 757
4636 742
4637 742
4638 759
4639 759
4640 748
4641 748
4642 759
4643 759
4644 758
4645 758
4646 758
4647 758
4648 758
4649 748
4650 748
4651 748
4652 742
4653 742
4654 742
4655 742
4656 742
4657 742
4658 742
4659 748
4660 748
4661 748
4662 748
4663 748
4664 759
4665 759
4666 759
4667 757
4668 759
4669 759
4670 759
4671 757
4672 759
4673 700
4674 2347
4675 2347
4676 2342
4677 678
4678 757
4679 757
4680 699
4681 757
4682 710
4683 2348
4684 759
4685 757
4686 2342
4687 757
4688 757
4689 700
4690 757
4691 757
4692 757
4693 700
4694 757
4695 710
4696 2348
4697 2346
4698 700
4699 2346
4700 2341
4701 2346
4702 757
4703 757
4704 700
4705 2347
4706 2346
4707 2336
4708 2348
4709 2346
4710 2346
4711 708
4712 2349
4713 757
4714 757
4715 757
4716 700
4717 673
4718 700
4719 2336
4720 710
4721 2347
4722 2344
4723 731
4724 731
4725 758
4726 748
4727 742
4728 742
4729 758
4730 758
4731 748
4732 748
4733 748
4734 748
4735 748
4736 742
4737 742
4738 742
4739 731
4740 731
4741 731
4742 731
4743 731
4744 731
4745 731
4746 731
4747 731
4748 742
4749 742
4750 742
4751 742
4752 742
4753 759
4754 759
4755 759
4756 759
4757 759
4758 759
4759 758
4760 748
4761 2306
4762 2306
4763 2306
4764 2382
4765 2360
4766 2382
4767 2382
4768 2360
4769 2361
4770 2360
4771 2360
4772 2360
4773 2306
4774 2360
4775 2360
4776 2360
4777 2306
4778 2306
4779 2360
4780 2306
4781 2381
4782 2381
4783 2382
4784 2382
4785 2382
4786 2345
4787 2345
4788 2345
4789 2345
4790 2381
4791 2345
4792 2344
4793 2344
4794 2344
4795 2349
4796 2349
4797 2345
4798 2345
4799 2345
4800 2381
4801 2381
4802 2350
4803 2279
4804 2279
4805 2279
4806 2349
4807 2248
4808 2248
4809 2280
4810 2350
4811 2349
4812 2344
4813 2344
4814 2349
4815 2345
4816 2381
4817 2279
4818 710
4819 2342
4820 2350
4821 2346
4822 2378
4823 2349
4824 2347
4825 2280
4826 2280
4827 2346
4828 790
4829 710
4830 700
4831 2348
4832 673
4833 2346
4834 2279
4835 2349
4836 673
4837 2346
4838 2336
4839 2347
4840 2345
4841 2248
4842 2350
4843 2248
4844 2248
4845 2349
4846 2345
4847 757
4848 710
4849 2347
4850 2252
4851 2248
4852 2350
4853 2280
4854 2280
4855 2344
4856 2248
4857 2350
4858 2350
4859 2350
4860 2279
4861 2280
4862 2350
4863 4315
4864 2076
4865 2071
4866 4204
4867 4204
4868 2079
4869 2079
4870 4198
4871 2079
4872 2080
4873 4026
4874 4026
4875 4026
4876 2084
4877 4026
4878 4198
4879 4198
4880 4198
4881 4204
4882 4204
4883 4198
4884 4204
4885 4204
4886 4204
4887 4204
4888 4026
4889 4026
4890 4198
4891 4026
4892 2071
4893 2080
4894 2080
4895 2080
4896 4198
4897 4198
4898 4198
4899 4204
4900 4198
4901 4204
4902 4204
4903 4198
4904 4204
4905 4026
4906 4026
4907 4198
4908 4315
4909 4315
4910 4315
4911 4315
4912 4315
4913 4315
4914 4315
4915 4315
4916 4315
4917 4315
4918 4315
4919 4315
4920 4315
4921 4315
4922 4315
4923 4315
4924 4315
4925 4315
4926 4315
4927 4315
4928 4315
4929 4315
4930 4315
4931 4315
4932 4315
4933 4315
4934 4315
4935 4204
4936 4211
4937 4204
4938 4204
4939 4204
4940 4209
4941 4315
4942 2076
4943 4026
4944 2134
4945 2136
4946 4026
4947 2135
4948 2134
4949 2071
4950 2133
4951 2072
4952 2135
4953 2135
4954 2072
4955 2134
4956 2071
4957 2068
4958 2079
4959 4026
4960 4026
4961 2080
4962 4315
4963 4315
4964 4318
4965 4318
4966 4315
4967 4315
4968 4318
4969 4318
4970 4315
4971 4315
4972 4315
4973 4318
4974 4315
4975 4315
4976 4315
4977 4315
4978 4315
4979 4315
4980 4315
4981 4315
4982 4315
4983 4315
4984 4315
4985 4315
4986 4315
4987 4315
4988 4315
4989 4315
4990 4315
4991 4204
4992 4204
4993 4204
4994 4204
4995 4204
4996 4204
4997 4318
4998 4198
4999 4198
5000 4198
5001 2071
5002 2134
5003 2134
5004 2076
5005 4026
5006 4198
5007 4026
5008 4198
5009 4026
5010 4026
5011 2080
5012 4198
5013 4026
5014 4198
5015 4198
5016 4198
5017 4026
5018 2084
5019 4026
5020 4026
5021 4026
5022 4198
5023 4026
5024 2134
5025 2071
5026 2071
5027 2071
5028 2071
5029 2071
5030 4198
5031 4026
5032 2071
5033 2071
5034 2071
5035 2134
5036 2134
5037 2071
5038 2079
5039 2134
5040 2071
5041 4026
5042 4026
5043 4026
5044 4198
5045 2079
5046 2071
5047 2080
5048 2134
5049 2128
5050 2128
5051 4315
5052 4315
5053 4315
5054 4315
5055 4315
5056 4315
5057 4318
5058 4315
5059 4315
5060 4315
5061 4315
5062 4315
5063 4315
5064 4315
5065 4315
5066 4315
5067 4315
5068 4315
5069 4315
5070 4315
5071 4315
5072 4315
5073 4315
5074 4315
5075 4315
5076 4315
5077 4315
5078 4315
5079 4315
5080 4315
5081 4318
5082 4204
5083 4318
5084 4204
5085 4204
5086 4318
5087 4204
5088 4318
5089 4315
5090 2076
5091 2076
5092 2076
5093 2071
5094 2074
5095 2071
5096 2074
5097 2077
5098 2071
5099 2074
5100 2076
5101 2077
5102 2077
5103 2077
5104 2077
5105 2076
5106 2076
5107 2076
5108 2076
5109 2076
5110 2076
5111 2074
5112 2074
5113 2071
5114 2077
5115 2134
5116 2135
5117 2134
5118 2135
5119 2134
5120 2134
5121 2135
5122 2129
5123 2136
5124 2136
5125 2129
5126 2135
5127 2135
5128 2129
5129 2135
5130 2135
5131 2068
5132 2149
5133 2068
5134 2068
5135 2129
5136 2136
5137 2136
5138 2149
5139 2149
5140 2136
5141 2135
5142 2136
5143 2129
5144 2134
5145 2071
5146 2068
5147 2136
5148 2071
5149 2135
5150 2080
5151 2136
5152 2135
5153 2135
5154 2149
5155 2149
5156 2071
5157 4026
5158 4026
5159 4026
5160 2080
5161 2135
5162 2077
5163 2135
5164 2129
5165 2071
5166 2071
5167 2079
5168 2071
5169 2135
5170 2136
5171 2149
5172 2149
5173 2131
5174 2136
5175 2135
5176 4198
5177 4026
5178 2071
5179 2129
5180 2136
5181 2149
5182 2068
5183 2149
5184 2131
5185 2149
5186 2149
5187 2149
5188 2131
5189 2068
5190 2149
5191 3269
5192 3485
5193 853
5194 853
5195 853
5196 3483
5197 3587
5198 3584
5199 853
5200 853
