0 1895
1 1914
2 1835
3 1835
4 2783
5 1912
6 1915
7 2659
8 3223
9 1895
10 1835
11 3898
12 1895
13 2432
14 397
15 1915
16 3567
17 1912
18 1835
19 2748
20 396
21 3978
22 4019
23 5144
24 4019
25 4019
26 5143
27 3948
28 4019
29 3952
30 3134
31 3236
32 1978
33 3852
34 3849
35 3852
36 3641
37 4151
38 5100
39 5100
40 5100
41 5100
42 3921
43 3921
44 3921
45 3921
46 3921
47 3921
48 3921
49 3852
50 4041
51 5100
52 5100
53 5100
54 5100
55 5100
56 522
57 522
58 3715
59 3921
60 3921
61 3921
62 5067
63 1283
64 1283
65 522
66 522
67 3852
68 5117
69 4064
70 4151
71 5100
72 5100
73 5100
74 3921
75 3921
76 3921
77 3921
78 3921
79 3921
80 3921
81 5100
82 5100
83 5100
84 5100
85 5100
86 5100
87 3727
88 3715
89 3921
90 3921
91 3921
92 3921
93 3921
94 3921
95 3921
96 3921
97 1603
98 1283
99 522
100 522
101 3852
102 3852
103 3852
104 4151
105 4151
106 5100
107 5100
108 5100
109 5100
110 5100
111 5100
112 4151
113 3850
114 4064
115 4151
116 4151
117 5100
118 5100
119 5100
120 5100
121 5100
122 3921
123 3921
124 3921
125 3921
126 3921
127 3921
128 1603
129 522
130 522
131 1283
132 3715
133 1603
134 1283
135 1283
136 522
137 522
138 5043
139 5043
140 3921
141 3921
142 3921
143 3921
144 3921
145 5067
146 5043
147 3852
148 4151
149 5100
150 5100
151 5100
152 5100
153 5100
154 5100
155 5100
156 5100
157 5100
158 5100
159 5100
160 5100
161 5100
162 5100
163 4056
164 5100
165 5100
166 4041
167 3852
168 3852
169 5121
170 4151
171 5100
172 5100
173 5100
174 5100
175 3921
176 3921
177 3921
178 5067
179 5067
180 5043
181 1603
182 1283
183 522
184 522
185 3727
186 1603
187 522
188 522
189 1283
190 5043
191 3921
192 3921
193 3921
194 3921
195 5043
196 5100
197 3852
198 3852
199 3618
200 3602
201 4151
202 4151
203 5100
204 5100
205 5100
206 5100
207 1603
208 1603
209 1603
210 1603
211 1283
212 522
213 1283
214 3921
215 3921
216 3921
217 3921
218 5100
219 5139
220 3852
221 3618
222 4040
223 5100
224 3618
225 3943
226 5100
227 5100
228 5100
229 5100
230 5100
231 3727
232 3921
233 3921
234 3921
235 5043
236 1603
237 522
238 522
239 4041
240 1283
241 522
242 1283
243 1283
244 3921
245 3921
246 3921
247 5043
248 5100
249 5130
250 3852
251 3618
252 3602
253 4039
254 5100
255 5100
256 522
257 522
258 5043
259 3921
260 3921
261 5067
262 3852
263 3618
264 5117
265 4151
266 5100
267 1283
268 522
269 1603
270 5067
271 1603
272 5100
273 4013
274 3618
275 3602
276 5117
277 5100
278 5100
279 522
280 522
281 1283
282 3921
283 1603
284 3854
285 3618
286 4009
287 5139
288 5100
289 4013
290 3943
291 4151
292 5067
293 1603
294 1283
295 1283
296 522
297 1283
298 1283
299 1283
300 3921
301 1283
302 3854
303 3618
304 4009
305 4009
306 5100
307 522
308 1603
309 5043
310 3854
311 3603
312 3599
313 5100
314 3869
315 522
316 1283
317 5043
318 4151
319 3943
320 4009
321 5107
322 5100
323 3869
324 1283
325 1283
326 4009
327 4109
328 4109
329 3602
330 3696
331 3695
332 4447
333 3861
334 1283
335 1603
336 1283
337 3943
338 4337
339 3869
340 1283
341 1283
342 3615
343 5100
344 3602
345 3696
346 522
347 3607
348 3602
349 4337
350 3861
351 3869
352 522
353 1283
354 3602
355 3602
356 3696
357 3696
358 4009
359 3869
360 3870
361 1283
362 3603
363 4233
364 3918
365 3607
366 3602
367 522
368 3870
369 522
370 1283
371 1283
372 4233
373 3745
374 3615
375 3870
376 4141
377 1283
378 3602
379 3622
380 4337
381 3870
382 3861
383 3870
384 522
385 3737
386 4233
387 4361
388 3918
389 1283
390 4195
391 1283
392 4337
393 4233
394 3745
395 4327
396 4426
397 1283
398 3603
399 4233
400 4233
401 4361
402 522
403 4426
404 619
405 619
406 4233
407 4233
408 4361
409 3918
410 4326
411 522
412 1283
413 4337
414 4233
415 3882
416 4361
417 4327
418 3870
419 4141
420 1283
421 4233
422 4233
423 4361
424 3762
425 3871
426 4327
427 522
428 619
429 4233
430 3762
431 4233
432 4141
433 973
434 4233
435 4233
436 3576
437 522
438 522
439 4361
440 3882
441 3882
442 3762
443 522
444 973
445 4361
446 3882
447 3881
448 3784
449 522
450 522
451 522
452 3882
453 3888
454 522
455 522
456 522
457 973
458 3882
459 3888
460 3880
461 522
462 522
463 522
464 3882
465 3887
466 522
467 522
468 3888
469 3881
470 522
471 620
472 3882
473 3888
474 3887
475 3882
476 522
477 3888
478 3050
479 620
480 3882
481 3887
482 4316
483 3881
484 522
485 522
486 3888
487 4274
488 3050
489 620
490 3887
491 4274
492 3748
493 3050
494 522
495 3050
496 3887
497 3748
498 522
499 620
500 3976
501 3887
502 620
503 620
504 3887
505 3887
506 3050
507 3050
508 3976
509 3050
510 620
511 621
512 3750
513 3748
514 3050
515 620
516 4274
517 3666
518 3748
519 3050
520 621
521 4274
522 3050
523 3976
524 3575
525 3050
526 621
527 4165
528 3666
529 3050
530 620
531 3976
532 3050
533 3976
534 3050
535 3575
536 3976
537 3050
538 1540
539 3940
540 3050
541 621
542 3666
543 621
544 3591
545 3630
546 3050
547 3050
548 4094
549 3676
550 1540
551 3939
552 1179
553 3630
554 3050
555 4094
556 3676
557 3796
558 3676
559 1178
560 3903
561 1178
562 3592
563 3676
564 4093
565 3676
566 1178
567 3631
568 3676
569 3747
570 3796
571 1178
572 3747
573 1544
574 4245
575 3676
576 3668
577 3676
578 3671
579 3683
580 3668
581 3676
582 4245
583 1544
584 1544
585 3752
586 1544
587 3671
588 1544
589 1544
590 3671
591 1544
592 3664
593 1393
594 3671
595 1544
596 3752
597 1544
598 4192
599 1544
600 4281
601 3671
602 1393
603 1544
604 3664
605 1544
606 1393
607 1544
608 3672
609 1393
610 3662
611 1544
612 3672
613 4134
614 1393
615 1393
616 3672
617 1609
618 3672
619 1609
620 3731
621 1609
622 3731
623 1609
624 1609
625 3731
626 1609
627 3731
628 4281
629 1609
630 3731
631 1609
632 3964
633 1609
634 3663
635 3670
636 622
637 3663
638 1609
639 3424
640 1609
641 3663
642 622
643 1609
644 3661
645 622
646 622
647 3667
648 4134
649 3572
650 1563
651 3964
652 622
653 3670
654 622
655 622
656 622
657 3732
658 1563
659 3826
660 1563
661 4268
662 1563
663 3704
664 622
665 1563
666 3826
667 3667
668 1563
669 3808
670 622
671 1563
672 1563
673 4207
674 3196
675 3196
676 1563
677 3901
678 1563
679 4309
680 3826
681 1563
682 3808
683 1563
684 4309
685 3318
686 1617
687 1563
688 3814
689 1617
690 4137
691 1563
692 3195
693 1617
694 3821
695 1617
696 1617
697 4137
698 1563
699 3814
700 1617
701 3704
702 3814
703 1617
704 1617
705 3675
706 3197
707 1617
708 3197
709 1617
710 3197
711 1372
712 3809
713 1617
714 1372
715 3197
716 1372
717 1617
718 1617
719 3548
720 1372
721 3480
722 1617
723 3809
724 1617
725 3675
726 1372
727 1617
728 3833
729 1617
730 3809
731 3960
732 1372
733 4211
734 1372
735 1372
736 4029
737 1610
738 3960
739 1372
740 1610
741 3688
742 1610
743 3959
744 3548
745 4029
746 1372
747 1678
748 3990
749 1723
750 3480
751 1610
752 3316
753 3688
754 1610
755 623
756 1372
757 1610
758 3316
759 1610
760 1678
761 3688
762 1610
763 3316
764 1610
765 3316
766 1678
767 1678
768 3423
769 3571
770 3316
771 1678
772 1678
773 1400
774 1400
775 3990
776 1678
777 3198
778 1566
779 3958
780 1678
781 1566
782 1610
783 3159
784 3198
785 3159
786 1566
787 3161
788 1678
789 3963
790 3479
791 1566
792 3481
793 1566
794 3198
795 1566
796 3514
797 1566
798 4016
799 1678
800 1708
801 3158
802 3162
803 1312
804 1312
805 1566
806 3165
807 1566
808 3162
809 1708
810 3479
811 3501
812 1708
813 1565
814 3198
815 1708
816 4016
817 3909
818 3199
819 1615
820 4016
821 3524
822 1312
823 3775
824 1708
825 3775
826 3687
827 1709
828 3484
829 1709
830 1565
831 3191
832 1312
833 3775
834 1709
835 3191
836 1709
837 3440
838 3501
839 1709
840 4232
841 1312
842 1046
843 3775
844 1709
845 624
846 3499
847 1045
848 1709
849 1046
850 4305
851 1688
852 3442
853 1709
854 1046
855 3515
856 3435
857 3442
858 3499
859 1709
860 1688
861 3499
862 1709
863 635
864 1057
865 3776
866 1291
867 1046
868 3419
869 1688
870 3443
871 3687
872 3546
873 632
874 4200
875 1750
876 632
877 3498
878 1023
879 4257
880 4257
881 1688
882 3443
883 4172
884 1291
885 1159
886 1627
887 3498
888 1688
889 632
890 4257
891 3418
892 1289
893 3459
894 3167
895 1806
896 1047
897 4180
898 3167
899 1405
900 3439
901 3418
902 1291
903 4198
904 4180
905 3916
906 1466
907 4177
908 3511
909 1405
910 3697
911 3441
912 1291
913 1348
914 3697
915 1291
916 1047
917 3419
918 3697
919 4317
920 3418
921 1625
922 1348
923 3418
924 1290
925 4167
926 4160
927 1038
928 3438
929 3441
930 3458
931 1290
932 4167
933 4167
934 1625
935 1349
936 4172
937 4015
938 1348
939 3313
940 4177
941 1625
942 3916
943 1625
944 1348
945 4167
946 4015
947 4190
948 634
949 3997
950 3313
951 3500
952 3503
953 1543
954 1120
955 3997
956 1543
957 1831
958 3698
959 1543
960 1120
961 3458
962 1543
963 3828
964 3311
965 1395
966 3531
967 3997
968 3500
969 1831
970 3787
971 3996
972 3998
973 3417
974 1748
975 4231
976 1588
977 1158
978 3996
979 3388
980 1395
981 3531
982 4231
983 1748
984 3245
985 1748
986 3787
987 3926
988 1749
989 1030
990 3433
991 3819
992 3417
993 1749
994 3926
995 3457
996 1649
997 3483
998 3431
999 3926
1000 3431
1001 1814
1002 3245
1003 1749
1004 3787
1005 3819
1006 1807
1007 1807
1008 4252
1009 3311
1010 1030
1011 4252
1012 1542
1013 3431
1014 1858
1015 3819
1016 3989
1017 1542
1018 3725
1019 1858
1020 3311
1021 1469
1022 3483
1023 3431
1024 1649
1025 4113
1026 1858
1027 3989
1028 1814
1029 4246
1030 3364
1031 3483
1032 1878
1033 3153
1034 3154
1035 1542
1036 3483
1037 3398
1038 1878
1039 1168
1040 1661
1041 3456
1042 1811
1043 4113
1044 1165
1045 4312
1046 1814
1047 4246
1048 3398
1049 1661
1050 3398
1051 1149
1052 3398
1053 1815
1054 1661
1055 1689
1056 1168
1057 3534
1058 3472
1059 1886
1060 3153
1061 1168
1062 4246
1063 1661
1064 4251
1065 3398
1066 1661
1067 3534
1068 1815
1069 1715
1070 3472
1071 1755
1072 1854
1073 3398
1074 1691
1075 3366
1076 1661
1077 3153
1078 3472
1079 1167
1080 3366
1081 1691
1082 3153
1083 1167
1084 3152
1085 1689
1086 3472
1087 1716
1088 3398
1089 1689
1090 3398
1091 1689
1092 1167
1093 3839
1094 1691
1095 1755
1096 3365
1097 1756
1098 3367
1099 3398
1100 1689
1101 3922
1102 1854
1103 1852
1104 1639
1105 3472
1106 4159
1107 1167
1108 3365
1109 1167
1110 4159
1111 1465
1112 3305
1113 3464
1114 3305
1115 999
1116 1167
1117 3188
1118 1851
1119 3922
1120 1167
1121 1852
1122 1683
1123 3713
1124 1854
1125 1949
1126 3520
1127 999
1128 3713
1129 1854
1130 3250
1131 1852
1132 3713
1133 999
1134 3520
1135 4091
1136 1851
1137 997
1138 3464
1139 3394
1140 1949
1141 1852
1142 3832
1143 999
1144 3525
1145 1949
1146 3304
1147 1852
1148 1910
1149 999
1150 3406
1151 1910
1152 3365
1153 3406
1154 1900
1155 2839
1156 1900
1157 3304
1158 997
1159 4091
1160 1900
1161 1910
1162 3304
1163 1446
1164 1900
1165 2838
1166 1910
1167 1447
1168 3406
1169 998
1170 1664
1171 3455
1172 1664
1173 1446
1174 3222
1175 1448
1176 3525
1177 1448
1178 3144
1179 1910
1180 3320
1181 1447
1182 3474
1183 3455
1184 3941
1185 1448
1186 1262
1187 3018
1188 1262
1189 3222
1190 1448
1191 3222
1192 1853
1193 1262
1194 3182
1195 1853
1196 3474
1197 1910
1198 1262
1199 3304
1200 3406
1201 1853
1202 3723
1203 1853
1204 3222
1205 1664
1206 3017
1207 1664
1208 1262
1209 3187
1210 1448
1211 1726
1212 3142
1213 1112
1214 1262
1215 3143
1216 1742
1217 3151
1218 1853
1219 4264
1220 3182
1221 1927
1222 3151
1223 2026
1224 1664
1225 3017
1226 1664
1227 1927
1228 1262
1229 2026
1230 1927
1231 3019
1232 3282
1233 1741
1234 3841
1235 1085
1236 1927
1237 1741
1238 3282
1239 1085
1240 3806
1241 1085
1242 1885
1243 1853
1244 1001
1245 1853
1246 1741
1247 1741
1248 2039
1249 1741
1250 1002
1251 2838
1252 2059
1253 646
1254 2838
1255 4719
1256 4719
1257 646
1258 646
1259 646
1260 1927
1261 1262
1262 3754
1263 2107
1264 1262
1265 1109
1266 3492
1267 2093
1268 646
1269 1927
1270 1109
1271 2107
1272 3383
1273 646
1274 646
1275 646
1276 646
1277 1885
1278 1340
1279 3182
1280 4719
1281 648
1282 646
1283 1885
1284 2039
1285 4719
1286 646
1287 648
1288 1885
1289 3186
1290 3754
1291 3149
1292 4719
1293 1927
1294 1942
1295 1885
1296 3753
1297 2171
1298 4719
1299 4719
1300 648
1301 648
1302 646
1303 1942
1304 1899
1305 3252
1306 3186
1307 2171
1308 3186
1309 4719
1310 4719
1311 4719
1312 648
1313 648
1314 648
1315 1899
1316 3149
1317 3186
1318 1633
1319 4719
1320 4719
1321 4719
1322 1262
1323 1885
1324 1942
1325 1899
1326 3252
1327 1277
1328 1947
1329 4719
1330 4719
1331 4719
1332 648
1333 648
1334 648
1335 648
1336 648
1337 1927
1338 1942
1339 3252
1340 2107
1341 4719
1342 4719
1343 4719
1344 1743
1345 1655
1346 3252
1347 2039
1348 4719
1349 4719
1350 4719
1351 4719
1352 648
1353 648
1354 1634
1355 1885
1356 1942
1357 1743
1358 1942
1359 1963
1360 3252
1361 2107
1362 4719
1363 648
1364 755
1365 1286
1366 1634
1367 1899
1368 1899
1369 3149
1370 3492
1371 1993
1372 4719
1373 4719
1374 4719
1375 4719
1376 4719
1377 4719
1378 648
1379 818
1380 1743
1381 1743
1382 1899
1383 1885
1384 3252
1385 2045
1386 1985
1387 1950
1388 3169
1389 4719
1390 4719
1391 4719
1392 755
1393 650
1394 818
1395 755
1396 1743
1397 1743
1398 1922
1399 1922
1400 1802
1401 3538
1402 1993
1403 4719
1404 4719
1405 4719
1406 4719
1407 648
1408 650
1409 648
1410 755
1411 818
1412 3252
1413 3252
1414 4719
1415 4719
1416 4719
1417 4719
1418 4719
1419 4719
1420 1633
1421 1489
1422 1942
1423 798
1424 755
1425 755
1426 3252
1427 2109
1428 4638
1429 4703
1430 4719
1431 4719
1432 4674
1433 1646
1434 1743
1435 648
1436 650
1437 648
1438 755
1439 755
1440 755
1441 755
1442 4719
1443 4638
1444 4719
1445 4719
1446 1489
1447 1963
1448 1899
1449 3252
1450 2107
1451 2102
1452 1633
1453 798
1454 798
1455 3285
1456 650
1457 1110
1458 3252
1459 3252
1460 1489
1461 1993
1462 1950
1463 1655
1464 4790
1465 4688
1466 4815
1467 4719
1468 4719
1469 4719
1470 4719
1471 650
1472 650
1473 755
1474 755
1475 755
1476 1634
1477 1633
1478 3238
1479 2171
1480 1489
1481 1952
1482 4688
1483 4717
1484 4719
1485 4719
1486 823
1487 3544
1488 755
1489 755
1490 755
1491 798
1492 4791
1493 1993
1494 1836
1495 1743
1496 3169
1497 1984
1498 1952
1499 755
1500 755
1501 755
1502 755
1503 4809
1504 4791
1505 4710
1506 4719
1507 4719
1508 4791
1509 1490
1510 1005
1511 1963
1512 3238
1513 1087
1514 818
1515 843
1516 4809
1517 4719
1518 4719
1519 4719
1520 1083
1521 1633
1522 2171
1523 1490
1524 1347
1525 1005
1526 3285
1527 755
1528 798
1529 4809
1530 4809
1531 4809
1532 4711
1533 4719
1534 4696
1535 1083
1536 1489
1537 2107
1538 1347
1539 1406
1540 843
1541 843
1542 798
1543 4719
1544 4719
1545 4791
1546 1406
1547 1406
1548 2109
1549 798
1550 843
1551 755
1552 2039
1553 1489
1554 3238
1555 1978
1556 1087
1557 1406
1558 1406
1559 4809
1560 5162
1561 4638
1562 4719
1563 4719
1564 4815
1565 5162
1566 755
1567 843
1568 818
1569 5162
1570 4719
1571 4719
1572 1568
1573 2109
1574 818
1575 843
1576 843
1577 755
1578 818
1579 5162
1580 4719
1581 4719
1582 2084
1583 1978
1584 1406
1585 2039
1586 1277
1587 755
1588 843
1589 755
1590 4719
1591 4557
1592 1406
1593 1899
1594 1490
1595 2107
1596 1979
1597 755
1598 843
1599 843
1600 818
1601 1489
1602 2109
1603 1985
1604 2084
1605 1486
1606 1486
1607 4540
1608 4688
1609 4740
1610 4824
1611 755
1612 843
1613 755
1614 755
1615 1984
1616 2171
1617 4824
1618 4708
1619 4846
1620 843
1621 755
1622 1490
1623 1084
1624 1834
1625 2032
1626 1486
1627 4783
1628 4862
1629 4824
1630 843
1631 755
1632 1087
1633 2304
1634 1776
1635 4696
1636 4620
1637 5163
1638 843
1639 843
1640 755
1641 1490
1642 2109
1643 1487
1644 4783
1645 5156
1646 755
1647 843
1648 2102
1649 2171
1650 2349
1651 1655
1652 4807
1653 4557
1654 4902
1655 843
1656 1802
1657 1277
1658 1087
1659 1952
1660 2109
1661 1841
1662 2171
1663 1485
1664 4846
1665 5156
1666 843
1667 1490
1668 2032
1669 1789
1670 4975
1671 4678
1672 4807
1673 843
1674 843
1675 1947
1676 1978
1677 1776
1678 4541
1679 4975
1680 843
1681 843
1682 1952
1683 1978
1684 1087
1685 1901
1686 1259
1687 4975
1688 4975
1689 4986
1690 4925
1691 1502
1692 3812
1693 1383
1694 1944
1695 4731
1696 4540
1697 4985
1698 5157
1699 843
1700 843
1701 843
1702 2102
1703 2108
1704 1841
1705 1229
1706 4541
1707 5163
1708 4986
1709 2072
1710 1383
1711 4786
1712 4541
1713 4624
1714 4846
1715 843
1716 843
1717 843
1718 843
1719 1834
1720 2109
1721 4731
1722 4624
1723 5162
1724 843
1725 843
1726 843
1727 1347
1728 1978
1729 1901
1730 1383
1731 4925
1732 4834
1733 843
1734 843
1735 2108
1736 2109
1737 1453
1738 4786
1739 4902
1740 4834
1741 4846
1742 4786
1743 843
1744 843
1745 2032
1746 1753
1747 1832
1748 4903
1749 4543
1750 843
1751 2108
1752 2109
1753 1409
1754 4949
1755 4623
1756 4959
1757 4986
1758 4623
1759 4975
1760 4985
1761 4834
1762 4834
1763 4623
1764 4902
1765 843
1766 843
1767 976
1768 843
1769 843
1770 843
1771 2108
1772 1834
1773 1229
1774 4620
1775 5152
1776 4975
1777 4902
1778 4543
1779 843
1780 843
1781 843
1782 2084
1783 2108
1784 3812
1785 4786
1786 4770
1787 4868
1788 4623
1789 4986
1790 5152
1791 4985
1792 4544
1793 843
1794 976
1795 843
1796 843
1797 1978
1798 2648
1799 1753
1800 4868
1801 4960
1802 4985
1803 4975
1804 4959
1805 4623
1806 4974
1807 4794
1808 4770
1809 843
1810 843
1811 843
1812 2107
1813 3812
1814 1834
1815 4770
1816 4868
1817 4959
1818 4806
1819 843
1820 871
1821 843
1822 2072
1823 1635
1824 4839
1825 4959
1826 4623
1827 4543
1828 843
1829 843
1830 843
1831 843
1832 976
1833 843
1834 843
1835 843
1836 2032
1837 2032
1838 1409
1839 1229
1840 4794
1841 4806
1842 4623
1843 4622
1844 843
1845 867
1846 843
1847 1776
1848 2072
1849 2032
1850 1979
1851 1635
1852 4750
1853 4544
1854 4547
1855 4925
1856 4794
1857 4770
1858 843
1859 843
1860 843
1861 2032
1862 1834
1863 4713
1864 4839
1865 4925
1866 4925
1867 843
1868 843
1869 843
1870 871
1871 843
1872 843
1873 843
1874 2032
1875 2648
1876 1409
1877 4618
1878 4936
1879 4939
1880 4939
1881 4839
1882 843
1883 871
1884 843
1885 843
1886 2032
1887 2349
1888 3542
1889 1753
1890 4751
1891 4795
1892 4622
1893 4622
1894 4543
1895 843
1896 976
1897 843
1898 1832
1899 1834
1900 4794
1901 4839
1902 4925
1903 4547
1904 4925
1905 4936
1906 4750
1907 843
1908 843
1909 867
1910 843
1911 843
1912 2109
1913 2032
1914 1635
1915 4671
1916 4536
1917 4795
1918 4544
1919 4794
1920 843
1921 843
1922 871
1923 843
1924 843
1925 843
1926 843
1927 2171
1928 2109
1929 1323
1930 1841
1931 4536
1932 843
1933 843
1934 843
1935 2032
1936 2032
1937 1635
1938 1753
1939 4794
1940 4793
1941 4751
1942 843
1943 843
1944 900
1945 843
1946 843
1947 843
1948 1398
1949 1687
1950 4618
1951 4536
1952 4750
1953 843
1954 843
1955 871
1956 843
1957 843
1958 1979
1959 2335
1960 2939
1961 1491
1962 4794
1963 843
1964 843
1965 2032
1966 1841
1967 1747
1968 4536
1969 4536
1970 976
1971 900
1972 2939
1973 1323
1974 4750
1975 4750
1976 843
1977 900
1978 867
1979 843
1980 2109
1981 2031
1982 1687
1983 4671
1984 4671
1985 867
1986 843
1987 1901
1988 1687
1989 843
1990 976
1991 867
1992 900
1993 871
1994 2031
1995 1841
1996 4115
1997 4750
1998 4618
1999 4668
2000 871
2001 900
2002 976
2003 1841
2004 1687
2005 1635
2006 4671
2007 4840
2008 867
2009 900
2010 976
2011 2109
2012 1635
2013 4668
2014 4750
2015 4657
2016 900
2017 900
2018 2031
2019 2648
2020 4618
2021 4618
2022 4657
2023 4671
2024 900
2025 900
2026 867
2027 976
2028 2939
2029 4663
2030 4838
2031 976
2032 900
2033 2109
2034 1841
2035 2648
2036 4663
2037 4657
2038 4618
2039 900
2040 867
2041 533
2042 4668
2043 4668
2044 124
2045 867
2046 1841
2047 2939
2048 1323
2049 4838
2050 4657
2051 4657
2052 900
2053 124
2054 2109
2055 3812
2056 1747
2057 4816
2058 124
2059 2109
2060 3710
2061 4730
2062 4838
2063 900
2064 2109
2065 1753
2066 4668
2067 4816
2068 4663
2069 124
2070 1901
2071 1703
2072 4715
2073 900
2074 900
2075 900
2076 1901
2077 3710
2078 4730
2079 4816
2080 124
2081 900
2082 1753
2083 1901
2084 1863
2085 4816
2086 4816
2087 124
2088 124
2089 1834
2090 4816
2091 900
2092 124
2093 1901
2094 2732
2095 1747
2096 4816
2097 4816
2098 4730
2099 124
2100 1901
2101 1747
2102 4617
2103 4670
2104 4670
2105 900
2106 900
2107 124
2108 1834
2109 3710
2110 1624
2111 4668
2112 4816
2113 124
2114 124
2115 124
2116 900
2117 1901
2118 1687
2119 4663
2120 124
2121 1901
2122 1747
2123 4617
2124 4670
2125 114
2126 1834
2127 2096
2128 1624
2129 4663
2130 124
2131 3209
2132 4616
2133 4663
2134 4616
2135 124
2136 3710
2137 4616
2138 4663
2139 124
2140 124
2141 1834
2142 1863
2143 4663
2144 4663
2145 114
2146 2939
2147 1523
2148 4653
2149 124
2150 1834
2151 2444
2152 4592
2153 4653
2154 4653
2155 124
2156 114
2157 124
2158 1635
2159 4531
2160 4616
2161 124
2162 2648
2163 1703
2164 4616
2165 124
2166 114
2167 1635
2168 1784
2169 4653
2170 124
2171 3542
2172 1522
2173 4653
2174 124
2175 114
2176 1834
2177 1721
2178 1635
2179 4653
2180 4531
2181 114
2182 2255
2183 2524
2184 4592
2185 4653
2186 4531
2187 124
2188 1747
2189 4616
2190 4531
2191 124
2192 2255
2193 1517
2194 4531
2195 4616
2196 4616
2197 114
2198 1624
2199 3395
2200 4531
2201 4531
2202 124
2203 3710
2204 1810
2205 4616
2206 114
2207 94
2208 1829
2209 4616
2210 94
2211 1635
2212 531
2213 4531
2214 4531
2215 94
2216 1923
2217 1747
2218 4592
2219 4531
2220 114
2221 124
2222 3710
2223 1523
2224 94
2225 3395
2226 1517
2227 4531
2228 94
2229 114
2230 3395
2231 531
2232 4592
2233 94
2234 114
2235 1805
2236 4733
2237 4531
2238 114
2239 1860
2240 1687
2241 4531
2242 114
2243 1687
2244 1784
2245 4531
2246 114
2247 1980
2248 3936
2249 1523
2250 4531
2251 94
2252 1687
2253 531
2254 4733
2255 4531
2256 94
2257 114
2258 2497
2259 1762
2260 4531
2261 94
2262 3936
2263 531
2264 4698
2265 4531
2266 94
2267 3689
2268 4698
2269 4593
2270 94
2271 1687
2272 2034
2273 1546
2274 4531
2275 94
2276 3936
2277 531
2278 4698
2279 4593
2280 94
2281 1546
2282 1805
2283 1523
2284 4531
2285 94
2286 94
2287 1786
2288 1762
2289 4733
2290 4593
2291 94
2292 1526
2293 2034
2294 1546
2295 4651
2296 4600
2297 94
2298 2497
2299 2034
2300 1786
2301 4600
2302 4593
2303 4600
2304 94
2305 94
2306 1526
2307 3689
2308 531
2309 4698
2310 4593
2311 94
2312 1592
2313 2732
2314 1762
2315 1762
2316 4593
2317 4593
2318 94
2319 2521
2320 1740
2321 1762
2322 4600
2323 4593
2324 94
2325 1863
2326 1822
2327 1421
2328 4733
2329 94
2330 1516
2331 1774
2332 1784
2333 4593
2334 4593
2335 94
2336 1546
2337 3689
2338 1825
2339 4593
2340 94
2341 94
2342 1523
2343 1740
2344 1822
2345 4698
2346 4350
2347 94
2348 94
2349 1592
2350 1826
2351 4604
2352 94
2353 1747
2354 1774
2355 1822
2356 1720
2357 4698
2358 4601
2359 1675
2360 3390
2361 1774
2362 4698
2363 94
2364 99
2365 1774
2366 1762
2367 4604
2368 4611
2369 4611
2370 94
2371 1774
2372 4604
2373 94
2374 1592
2375 1703
2376 1810
2377 4600
2378 94
2379 94
2380 2536
2381 1786
2382 4510
2383 94
2384 99
2385 531
2386 1774
2387 4517
2388 4601
2389 94
2390 99
2391 3658
2392 1825
2393 4408
2394 4604
2395 99
2396 99
2397 1614
2398 1774
2399 4517
2400 4517
2401 99
2402 94
2403 3658
2404 1774
2405 1810
2406 4605
2407 123
2408 1774
2409 4600
2410 123
2411 123
2412 1684
2413 1722
2414 2022
2415 2055
2416 4604
2417 4517
2418 123
2419 99
2420 4408
2421 4604
2422 123
2423 94
2424 1722
2425 4408
2426 4601
2427 4514
2428 1798
2429 1676
2430 4517
2431 4604
2432 123
2433 123
2434 1829
2435 1839
2436 4500
2437 4516
2438 4604
2439 4517
2440 123
2441 123
2442 123
2443 94
2444 531
2445 1837
2446 4500
2447 4408
2448 4517
2449 4517
2450 123
2451 99
2452 3658
2453 4500
2454 4408
2455 4601
2456 4500
2457 123
2458 3338
2459 2022
2460 1658
2461 4408
2462 4601
2463 121
2464 1810
2465 1883
2466 4500
2467 4500
2468 121
2469 121
2470 531
2471 1765
2472 1659
2473 4500
2474 4517
2475 4514
2476 4500
2477 121
2478 121
2479 1810
2480 4601
2481 4408
2482 121
2483 121
2484 3703
2485 4500
2486 4517
2487 4517
2488 123
2489 121
2490 123
2491 2629
2492 4500
2493 4500
2494 121
2495 123
2496 2629
2497 1659
2498 4408
2499 4500
2500 121
2501 121
2502 123
2503 3567
2504 1765
2505 4517
2506 4517
2507 4505
2508 121
2509 121
2510 121
2511 3658
2512 2601
2513 1828
2514 4517
2515 121
2516 1830
2517 2629
2518 4500
2519 121
2520 103
2521 121
2522 1810
2523 2022
2524 4408
2525 123
2526 24
2527 1839
2528 1774
2529 4500
2530 4505
2531 121
2532 103
2533 1774
2534 3788
2535 1659
2536 4517
2537 121
2538 103
2539 1826
2540 3014
2541 3217
2542 4505
2543 121
2544 103
2545 103
2546 3338
2547 3385
2548 4500
2549 121
2550 1762
2551 2783
2552 4500
2553 4420
2554 24
2555 121
2556 2783
2557 1839
2558 4500
2559 121
2560 24
2561 1839
2562 3567
2563 4439
2564 4506
2565 24
2566 103
2567 1839
2568 1768
2569 4505
2570 121
2571 121
2572 2783
2573 2022
2574 4505
2575 22
2576 1879
2577 1739
2578 4505
2579 4439
2580 121
2581 4439
2582 103
2583 152
2584 3338
2585 3788
2586 4439
2587 4468
2588 162
2589 1833
2590 3898
2591 4506
2592 121
2593 22
2594 24
2595 1658
2596 1768
2597 4500
2598 22
2599 1658
2600 2070
2601 24
2602 24
2603 2629
2604 4439
2605 4505
2606 24
2607 152
2608 3898
2609 1757
2610 4439
2611 4506
2612 24
2613 22
2614 2783
2615 1768
2616 1990
2617 4505
2618 24
2619 3557
2620 2070
2621 4506
2622 162
2623 22
2624 3898
2625 2702
2626 1857
2627 4468
2628 4489
2629 117
2630 1906
2631 3447
2632 1990
2633 4439
2634 4438
2635 1497
2636 3898
2637 2071
2638 4438
2639 4489
2640 162
2641 22
2642 1659
2643 4504
2644 22
2645 1619
2646 2071
2647 1939
2648 1760
2649 4506
2650 82
2651 1554
2652 3447
2653 1760
2654 4440
2655 4438
2656 4344
2657 162
2658 162
2659 517
2660 3557
2661 1630
2662 4439
2663 117
2664 1760
2665 1816
2666 3467
2667 1875
2668 4438
2669 117
2670 162
2671 2753
2672 1598
2673 4439
2674 1906
2675 1971
2676 4440
2677 4344
2678 117
2679 22
2680 4401
2681 2756
2682 1971
2683 1468
2684 1906
2685 184
2686 82
2687 4442
2688 4401
2689 2756
2690 2680
2691 1462
2692 1636
2693 186
2694 4504
2695 4339
2696 4401
2697 1414
2698 1571
2699 1462
2700 1579
2701 184
2702 4442
2703 4439
2704 4442
2705 2756
2706 1630
2707 75
2708 186
2709 82
2710 4471
2711 4022
2712 3467
2713 1462
2714 117
2715 2
2716 186
2717 82
2718 4504
2719 1414
2720 3391
2721 2753
2722 2488
2723 1856
2724 1462
2725 1636
2726 82
2727 2
2728 186
2729 4227
2730 1571
2731 1462
2732 1636
2733 1636
2734 75
2735 2
2736 186
2737 1326
2738 1553
2739 1835
2740 1835
2741 3326
2742 2488
2743 4424
2744 4471
2745 2
2746 187
2747 1460
2748 1553
2749 1553
2750 2756
2751 1875
2752 4424
2753 187
2754 187
2755 1414
2756 3949
2757 2808
2758 1460
2759 516
2760 1559
2761 4413
2762 1606
2763 1553
2764 1553
2765 1835
2766 4018
2767 3391
2768 4425
2769 4424
2770 1468
2771 117
2772 1402
2773 82
2774 516
2775 1559
2776 1414
2777 3951
2778 3391
2779 2808
2780 1663
2781 1553
2782 4401
2783 1365
2784 1606
2785 1559
2786 1559
2787 1835
2788 3951
2789 2471
2790 1571
2791 516
2792 4424
2793 82
2794 516
2795 516
2796 1559
2797 396
2798 2756
2799 3981
2800 2579
2801 1856
2802 514
2803 4498
2804 4339
2805 186
2806 82
2807 1468
2808 1468
2809 785
2810 930
2811 1553
2812 1559
2813 2756
2814 3129
2815 1718
2816 1653
2817 5149
2818 1418
2819 1460
2820 1559
2821 1835
2822 396
2823 4227
2824 3981
2825 2961
2826 1698
2827 1571
2828 4401
2829 1493
2830 785
2831 930
2832 930
2833 516
2834 1559
2835 396
2836 1414
2837 4227
2838 5144
2839 3391
2840 2961
2841 2066
2842 1856
2843 1571
2844 1553
2845 4339
2846 1402
2847 930
2848 930
2849 785
2850 1471
2851 1559
2852 4018
2853 3652
2854 3981
2855 3535
2856 3130
2857 2999
2858 2900
2859 2553
2860 2553
2861 2052
2862 1571
2863 1550
2864 1653
2865 5073
2866 4498
2867 82
2868 1468
2869 935
2870 396
2871 3652
2872 4020
2873 5142
2874 2900
2875 2553
2876 1698
2877 1809
2878 1550
2879 514
2880 514
2881 1493
2882 1365
2883 186
2884 516
2885 4227
2886 4227
2887 3543
2888 3652
2889 3543
2890 3535
2891 3535
2892 3074
2893 2960
2894 2553
2895 898
2896 1572
2897 1460
2898 393
2899 4339
2900 82
2901 184
2902 1559
2903 1559
2904 3950
2905 3947
2906 3722
2907 2999
2908 2900
2909 2553
2910 2081
2911 1697
2912 514
2913 514
2914 514
2915 514
2916 5073
2917 1460
2918 5148
2919 1468
2920 771
2921 771
2922 1559
2923 4018
2924 3652
2925 3543
2926 3489
2927 2999
2928 2900
2929 893
2930 2050
2931 5073
2932 5148
2933 4445
2934 187
2935 515
2936 396
2937 5146
2938 3132
2939 4412
2940 3652
2941 3489
2942 2553
2943 892
2944 5073
2945 1493
2946 2
2947 2
2948 393
2949 396
2950 3536
2951 3652
2952 3543
2953 3074
2954 3074
2955 2999
2956 1576
2957 2037
2958 1698
2959 5073
2960 5073
2961 5073
2962 393
2963 4399
2964 184
2965 4020
2966 5142
2967 1493
2968 771
2969 515
2970 3947
2971 3402
2972 3074
2973 1847
2974 2021
2975 5073
2976 931
2977 771
2978 1365
2979 1471
2980 1463
2981 3132
2982 2957
2983 2958
2984 3137
2985 1387
2986 1847
2987 931
2988 931
2989 4339
2990 4424
2991 393
2992 4339
2993 2958
2994 2960
2995 2594
2996 898
2997 5073
2998 773
2999 785
3000 771
3001 4227
3002 3947
3003 4371
3004 2958
3005 841
3006 1103
3007 1320
3008 1719
3009 1895
3010 1493
3011 1493
3012 4442
3013 3137
3014 2594
3015 2037
3016 1387
3017 841
3018 1103
3019 926
3020 897
3021 892
3022 1697
3023 2
3024 1914
3025 3967
3026 5149
3027 4371
3028 2958
3029 1387
3030 1103
3031 513
3032 931
3033 393
3034 393
3035 3973
3036 1468
3037 1895
3038 2011
3039 4445
3040 1387
3041 1387
3042 897
3043 5073
3044 1468
3045 186
3046 1493
3047 778
3048 4445
3049 2958
3050 1728
3051 1387
3052 1320
3053 897
3054 771
3055 771
3056 1468
3057 1365
3058 778
3059 515
3060 4445
3061 3132
3062 1387
3063 1320
3064 1872
3065 785
3066 393
3067 1365
3068 187
3069 392
3070 3953
3071 3237
3072 3219
3073 2999
3074 1387
3075 1103
3076 1320
3077 897
3078 897
3079 773
3080 771
3081 265
3082 1493
3083 2719
3084 4018
3085 3137
3086 1103
3087 1714
3088 5070
3089 393
3090 187
3091 1365
3092 3954
3093 3952
3094 1819
3095 1103
3096 1455
3097 393
3098 778
3099 425
3100 3967
3101 4424
3102 3132
3103 2958
3104 1320
3105 773
3106 785
3107 1365
3108 1365
3109 392
3110 4227
3111 2756
3112 4424
3113 1387
3114 1103
3115 393
3116 778
3117 426
3118 1895
3119 4019
3120 3219
3121 3219
3122 2594
3123 897
3124 771
3125 1468
3126 1497
3127 426
3128 784
3129 407
3130 3743
3131 2554
3132 5078
3133 1612
3134 4187
3135 3219
3136 2155
3137 1103
3138 393
3139 426
3140 1468
3141 392
3142 2719
3143 2958
3144 1103
3145 2065
3146 566
3147 1365
3148 392
3149 392
3150 3413
3151 397
3152 4331
3153 3653
3154 1387
3155 426
3156 560
3157 392
3158 4018
3159 4182
3160 3405
3161 804
3162 2308
3163 425
3164 3955
3165 2921
3166 841
3167 5070
3168 426
3169 2308
3170 552
3171 1464
3172 4364
3173 3743
3174 2594
3175 426
3176 426
3177 4019
3178 4331
3179 1387
3180 774
3181 392
3182 426
3183 426
3184 4182
3185 2958
3186 426
3187 426
3188 552
3189 432
3190 3234
3191 4182
3192 3219
3193 1142
3194 429
3195 269
3196 552
3197 2136
3198 552
3199 398
3200 3561
3201 2458
3202 392
3203 427
3204 427
3205 3945
3206 3138
3207 891
3208 288
3209 427
3210 552
3211 4227
3212 405
3213 2540
3214 1873
3215 2308
3216 426
3217 552
3218 1414
3219 3561
3220 3955
3221 431
3222 426
3223 398
3224 3561
3225 4188
3226 3561
3227 1728
3228 350
3229 426
3230 2668
3231 404
3232 4008
3233 4182
3234 405
3235 3138
3236 1103
3237 427
3238 2308
3239 1464
3240 3496
3241 3497
3242 4331
3243 1728
3244 425
3245 389
3246 426
3247 426
3248 3561
3249 3561
3250 4008
3251 4008
3252 404
3253 2458
3254 269
3255 389
3256 813
3257 398
3258 3983
3259 3945
3260 926
3261 425
3262 425
3263 425
3264 427
3265 407
3266 404
3267 3137
3268 1667
3269 425
3270 427
3271 2136
3272 2708
3273 4182
3274 350
3275 427
3276 661
3277 3497
3278 406
3279 4008
3280 2959
3281 1713
3282 392
3283 425
3284 391
3285 3368
3286 4188
3287 4008
3288 3497
3289 1894
3290 425
3291 3235
3292 3980
3293 4008
3294 840
3295 425
3296 425
3297 694
3298 558
3299 398
3300 3496
3301 3497
3302 3945
3303 4008
3304 2672
3305 425
3306 389
3307 215
3308 1890
3309 4182
3310 2544
3311 1700
3312 778
3313 425
3314 425
3315 425
3316 269
3317 215
3318 543
3319 2668
3320 3497
3321 4182
3322 4008
3323 3497
3324 1889
3325 425
3326 389
3327 208
3328 3049
3329 3497
3330 4008
3331 907
3332 425
3333 215
3334 215
3335 3497
3336 4008
3337 1729
3338 425
3339 2998
3340 3983
3341 1888
3342 425
3343 208
3344 139
3345 1954
3346 3980
3347 1780
3348 479
3349 208
3350 1955
3351 3497
3352 4008
3353 2478
3354 389
3355 139
3356 1706
3357 3945
3358 2621
3359 661
3360 425
3361 139
3362 2668
3363 2696
3364 574
3365 945
3366 2622
3367 3945
3368 269
3369 270
3370 2695
3371 3945
3372 2547
3373 144
3374 139
3375 3352
3376 2994
3377 556
3378 355
3379 4008
3380 2017
3381 582
3382 3027
3383 2901
3384 2331
3385 269
3386 1706
3387 403
3388 2186
3389 355
3390 1891
3391 3983
3392 418
3393 1926
3394 403
3395 945
3396 433
3397 2302
3398 4008
3399 2621
3400 543
3401 582
3402 2994
3403 2546
3404 447
3405 1890
3406 3412
3407 583
3408 2557
3409 2697
3410 1932
3411 946
3412 4008
3413 2809
3414 583
3415 583
3416 403
3417 2029
3418 447
3419 1926
3420 4008
3421 2191
3422 1937
3423 1706
3424 2503
3425 2328
3426 583
3427 946
3428 2995
3429 955
3430 139
3431 2567
3432 2330
3433 2503
3434 269
3435 2184
3436 2995
3437 2809
3438 355
3439 2995
3440 2468
3441 144
3442 947
3443 2697
3444 546
3445 2018
3446 2697
3447 952
3448 2301
3449 2995
3450 2415
3451 482
3452 387
3453 946
3454 3002
3455 2566
3456 577
3457 946
3458 2995
3459 2017
3460 144
3461 1893
3462 2697
3463 2933
3464 144
3465 947
3466 2605
3467 2415
3468 508
3469 144
3470 2716
3471 2192
3472 136
3473 577
3474 2995
3475 2415
3476 508
3477 144
3478 2242
3479 2995
3480 1893
3481 508
3482 136
3483 2697
3484 2415
3485 955
3486 508
3487 508
3488 370
3489 2466
3490 2437
3491 508
3492 144
3493 2300
3494 2447
3495 2357
3496 508
3497 144
3498 2506
3499 2899
3500 493
3501 145
3502 2567
3503 2995
3504 508
3505 508
3506 1893
3507 2590
3508 2357
3509 138
3510 2300
3511 2995
3512 2127
3513 460
3514 493
3515 493
3516 555
3517 2995
3518 2321
3519 2358
3520 555
3521 331
3522 502
3523 2430
3524 2469
3525 2237
3526 460
3527 145
3528 2430
3529 2995
3530 3024
3531 460
3532 2392
3533 2590
3534 2447
3535 460
3536 498
3537 145
3538 2933
3539 2590
3540 2357
3541 2394
3542 502
3543 508
3544 2185
3545 2325
3546 955
3547 507
3548 498
3549 502
3550 947
3551 3015
3552 2395
3553 498
3554 1892
3555 2933
3556 2325
3557 507
3558 502
3559 2469
3560 2357
3561 955
3562 502
3563 145
3564 2429
3565 2469
3566 2321
3567 498
3568 947
3569 2356
3570 2907
3571 2127
3572 2127
3573 507
3574 460
3575 2394
3576 2469
3577 2127
3578 507
3579 2395
3580 2321
3581 550
3582 550
3583 502
3584 2847
3585 963
3586 963
3587 2357
3588 955
3589 507
3590 493
3591 508
3592 2469
3593 2357
3594 2314
3595 550
3596 550
3597 498
3598 2133
3599 550
3600 550
3601 550
3602 550
3603 550
3604 550
3605 507
3606 460
3607 493
3608 955
3609 963
3610 2208
3611 550
3612 550
3613 550
3614 550
3615 550
3616 203
3617 550
3618 550
3619 493
3620 2591
3621 2315
3622 460
3623 493
3624 2447
3625 2112
3626 203
3627 550
3628 550
3629 460
3630 489
3631 203
3632 550
3633 493
3634 493
3635 1892
3636 2315
3637 963
3638 507
3639 460
3640 508
3641 2332
3642 2314
3643 2132
3644 962
3645 489
3646 460
3647 2185
3648 963
3649 2315
3650 2315
3651 493
3652 2469
3653 2315
3654 2315
3655 2332
3656 2314
3657 550
3658 460
3659 2395
3660 2315
3661 2315
3662 962
3663 491
3664 203
3665 203
3666 203
3667 203
3668 460
3669 2300
3670 2315
3671 2315
3672 2315
3673 2173
3674 203
3675 203
3676 460
3677 2357
3678 2315
3679 2315
3680 203
3681 2315
3682 2307
3683 489
3684 203
3685 460
3686 2314
3687 2315
3688 454
3689 203
3690 203
3691 2394
3692 454
3693 203
3694 203
3695 550
3696 507
3697 2394
3698 2295
3699 2307
3700 489
3701 491
3702 204
3703 203
3704 203
3705 507
3706 2300
3707 955
3708 2324
3709 2334
3710 962
3711 204
3712 507
3713 2229
3714 204
3715 204
3716 550
3717 507
3718 2300
3719 2325
3720 2324
3721 961
3722 2217
3723 52
3724 204
3725 204
3726 203
3727 2177
3728 962
3729 52
3730 204
3731 203
3732 2358
3733 955
3734 2217
3735 2229
3736 491
3737 491
3738 2123
3739 2177
3740 2177
3741 2313
3742 962
3743 2467
3744 454
3745 204
3746 2325
3747 2112
3748 2217
3749 2217
3750 2750
3751 491
3752 204
3753 204
3754 962
3755 2229
3756 323
3757 489
3758 491
3759 962
3760 2217
3761 2229
3762 2206
3763 323
3764 454
3765 2325
3766 2123
3767 2313
3768 2313
3769 962
3770 2551
3771 51
3772 489
3773 2177
3774 2132
3775 2133
3776 2217
3777 2217
3778 2568
3779 2206
3780 2750
3781 354
3782 489
3783 491
3784 491
3785 2177
3786 2133
3787 2132
3788 2177
3789 2112
3790 962
3791 2217
3792 2217
3793 2568
3794 489
3795 2132
3796 962
3797 962
3798 2217
3799 2229
3800 2206
3801 454
3802 454
3803 489
3804 2177
3805 2112
3806 2389
3807 470
3808 2991
3809 470
3810 2132
3811 2120
3812 2229
3813 470
3814 454
3815 489
3816 489
3817 489
3818 2188
3819 2217
3820 2229
3821 323
3822 470
3823 52
3824 52
3825 2187
3826 962
3827 323
3828 470
3829 489
3830 2132
3831 2187
3832 2217
3833 2206
3834 324
3835 324
3836 454
3837 2187
3838 2187
3839 2229
3840 2205
3841 444
3842 51
3843 499
3844 2187
3845 2307
3846 2217
3847 2217
3848 2389
3849 361
3850 444
3851 470
3852 354
3853 52
3854 499
3855 2120
3856 2120
3857 2651
3858 2307
3859 2454
3860 2467
3861 2552
3862 52
3863 2187
3864 2187
3865 2307
3866 2984
3867 3025
3868 324
3869 444
3870 470
3871 52
3872 499
3873 2120
3874 2307
3875 2221
3876 3025
3877 499
3878 2750
3879 324
3880 324
3881 438
3882 262
3883 52
3884 2984
3885 323
3886 470
3887 3330
3888 2991
3889 324
3890 324
3891 470
3892 328
3893 262
3894 3330
3895 3025
3896 324
3897 438
3898 444
3899 3343
3900 3025
3901 323
3902 3341
3903 3341
3904 3330
3905 3330
3906 470
3907 438
3908 438
3909 444
3910 444
3911 470
3912 262
3913 3341
3914 3341
3915 3025
3916 3330
3917 3025
3918 435
3919 328
3920 324
3921 323
3922 3330
3923 3331
3924 444
3925 444
3926 3025
3927 3025
3928 444
3929 328
3930 3330
3931 3330
3932 3330
3933 470
3934 7
3935 372
3936 328
3937 444
3938 3025
3939 7
3940 438
3941 444
3942 444
3943 3341
3944 3025
3945 3025
3946 7
3947 438
3948 444
3949 262
3950 3331
3951 435
3952 444
3953 3341
3954 3025
3955 7
3956 435
3957 438
3958 438
3959 444
3960 324
3961 470
3962 3330
3963 3331
3964 3331
3965 438
3966 437
3967 438
3968 444
3969 444
3970 3331
3971 3331
3972 3331
3973 7
3974 320
3975 470
3976 3330
3977 3331
3978 320
3979 7
3980 435
3981 444
3982 3330
3983 324
3984 7
3985 435
3986 435
3987 324
3988 470
3989 3331
3990 3331
3991 320
3992 435
3993 444
3994 3341
3995 3331
3996 435
3997 435
3998 437
3999 3330
4000 3331
4001 3331
4002 3331
4003 7
4004 7
4005 361
4006 3720
4007 320
4008 7
4009 7
4010 444
4011 2940
4012 438
4013 324
4014 4175
4015 2940
4016 320
4017 7
4018 3330
4019 3331
4020 4175
4021 3720
4022 2940
4023 6
4024 320
4025 348
4026 4175
4027 2940
4028 320
4029 320
4030 435
4031 3330
4032 2941
4033 2940
4034 2940
4035 2940
4036 320
4037 7
4038 324
4039 2773
4040 2941
4041 2941
4042 2941
4043 2940
4044 2940
4045 3651
4046 3651
4047 2940
4048 2940
4049 2940
4050 2940
4051 320
4052 2941
4053 2940
4054 3651
4055 2940
4056 320
4057 444
4058 2941
4059 3720
4060 2940
4061 3651
4062 3651
4063 6
4064 320
4065 438
4066 2941
4067 2940
4068 3651
4069 2940
4070 6
4071 6
4072 6
4073 2773
4074 2941
4075 3651
4076 2940
4077 6
4078 2773
4079 2941
4080 2941
4081 4196
4082 3651
4083 2940
4084 294
4085 7
4086 2941
4087 2941
4088 3720
4089 3651
4090 320
4091 294
4092 294
4093 2941
4094 3210
4095 3651
4096 3651
4097 4357
4098 4117
4099 2940
4100 3101
4101 294
4102 294
4103 2941
4104 4117
4105 4117
4106 2941
4107 3651
4108 3101
4109 2940
4110 294
4111 294
4112 294
4113 4117
4114 4117
4115 3830
4116 3101
4117 294
4118 4357
4119 4117
4120 4117
4121 3101
4122 371
4123 371
4124 2773
4125 4117
4126 4117
4127 3101
4128 3101
4129 286
4130 371
4131 2773
4132 4117
4133 4117
4134 3101
4135 286
4136 371
4137 286
4138 4117
4139 4117
4140 3101
4141 3101
4142 3101
4143 339
4144 286
4145 4301
4146 3101
4147 3101
4148 3101
4149 286
4150 286
4151 286
4152 2941
4153 4117
4154 3210
4155 3101
4156 286
4157 371
4158 286
4159 2941
4160 4117
4161 3720
4162 3210
4163 3101
4164 339
4165 339
4166 339
4167 4117
4168 4117
4169 3210
4170 3101
4171 339
4172 286
4173 4117
4174 4117
4175 3101
4176 3101
4177 3101
4178 339
4179 286
4180 6
4181 4117
4182 4117
4183 3210
4184 3101
4185 3101
4186 3101
4187 339
4188 4117
4189 3210
4190 3101
4191 3101
4192 339
4193 339
4194 339
4195 2941
4196 4117
4197 3210
4198 3101
4199 3101
4200 3356
4201 3101
4202 339
4203 4357
4204 3101
4205 3101
4206 3356
4207 3356
4208 4117
4209 3210
4210 3101
4211 3356
4212 3356
4213 339
4214 3720
4215 3356
4216 339
4217 2941
4218 3210
4219 3101
4220 3356
4221 4357
4222 3101
4223 3356
4224 3101
4225 4117
4226 3210
4227 3356
4228 3356
4229 3356
4230 3210
4231 3356
4232 3101
4233 3101
4234 4301
4235 3210
4236 3356
4237 3356
4238 3101
4239 3101
4240 86
4241 3095
4242 4117
4243 3356
4244 3101
4245 3101
4246 2941
4247 4117
4248 3101
4249 3356
4250 3101
4251 3095
4252 3356
4253 3356
4254 3101
4255 3101
4256 3356
4257 3095
4258 4271
4259 4117
4260 3356
4261 3101
4262 3095
4263 4117
4264 3101
4265 4117
4266 3356
4267 3095
4268 4117
4269 3356
4270 3095
4271 4301
4272 3210
4273 3356
4274 4301
4275 3356
4276 4117
4277 3356
4278 3095
4279 3210
4280 3101
4281 4271
4282 3210
4283 3095
4284 3356
4285 4301
4286 3356
4287 3356
4288 3095
4289 3356
4290 4117
4291 3356
4292 4301
4293 3356
4294 3356
4295 3356
4296 4271
4297 3356
4298 3101
4299 4117
4300 3095
4301 3210
4302 4301
4303 3356
4304 3356
4305 3356
4306 4271
4307 3356
4308 3210
4309 3101
4310 3210
4311 3210
4312 4117
4313 3356
4314 3356
4315 3210
4316 3095
4317 3210
4318 4301
4319 4271
4320 4117
4321 3720
4322 4117
4323 3095
4324 3210
4325 3210
4326 3210
4327 3210
4328 4117
4329 4117
4330 3210
4331 4117
4332 4117
4333 4117
4334 4117
4335 4117
4336 4117
4337 2941
4338 435
4339 435
4340 3331
4341 3331
4342 4175
4343 4175
4344 3331
4345 4175
4346 3331
4347 4175
4348 444
4349 437
4350 438
4351 438
4352 328
4353 444
4354 361
4355 3025
4356 3025
4357 3025
4358 2991
4359 444
4360 324
4361 323
4362 470
4363 323
4364 470
4365 324
4366 361
4367 324
4368 361
4369 470
4370 470
4371 470
4372 324
4373 324
4374 470
4375 324
4376 361
4377 470
4378 2552
4379 2205
4380 2467
4381 2389
4382 2389
4383 2206
4384 550
4385 507
4386 507
4387 2315
4388 550
4389 493
4390 2760
4391 2907
4392 552
4393 3405
4394 426
4395 426
4396 1103
4397 1103
4398 1103
4399 1320
4400 1103
4401 393
4402 1493
4403 393
4404 771
4405 3219
4406 3536
4407 2957
4408 3219
4409 3405
4410 2957
4411 2957
4412 2958
4413 2958
4414 2958
4415 3219
4416 2958
4417 930
4418 771
4419 785
4420 785
4421 3652
4422 930
4423 1365
4424 3536
4425 771
4426 771
4427 1468
4428 1468
4429 4022
4430 4424
4431 99
4432 5165
4433 2084
4434 1087
4435 1952
4436 4719
4437 4719
4438 4719
4439 4719
4440 4719
4441 3252
4442 1899
4443 1899
4444 1899
4445 1950
4446 1950
4447 1950
4448 1633
4449 3252
4450 1963
4451 1963
4452 1963
4453 3200
4454 1899
4455 1963
4456 1963
4457 3149
4458 3252
4459 1899
4460 1899
4461 1899
4462 3252
4463 1899
4464 3252
4465 3888
4466 522
4467 4361
4468 5100
4469 3618
4470 4151
4471 3921
4472 5100
4473 5100
4474 2773
4475 3330
4476 2941
4477 3330
4478 4356
4479 3330
4480 3330
4481 3330
4482 3330
4483 3330
4484 3330
4485 3330
4486 3331
4487 2941
4488 4356
4489 2941
4490 4175
4491 2941
4492 2941
4493 2941
4494 2941
4495 2941
4496 4117
4497 3025
4498 349
4499 3101
4500 6
4501 3101
4502 361
4503 3095
4504 7
4505 320
4506 7
4507 3095
4508 3341
4509 3095
4510 3101
4511 3101
4512 3101
4513 339
4514 339
4515 339
4516 339
4517 339
4518 3101
4519 3095
4520 286
4521 339
4522 286
4523 294
4524 6
4525 86
4526 286
4527 328
4528 320
4529 320
4530 7
4531 320
4532 320
4533 7
4534 6
4535 3341
4536 3341
4537 3341
4538 3330
4539 3330
4540 3341
4541 3330
4542 3330
4543 204
4544 204
4545 204
4546 963
4547 2298
4548 2332
4549 2298
4550 2395
4551 2332
4552 963
4553 2298
4554 2395
4555 2395
4556 2212
4557 2311
4558 389
4559 1468
4560 1468
4561 389
4562 1468
4563 425
4564 350
4565 1468
4566 425
4567 269
4568 269
4569 425
4570 425
4571 1493
4572 425
4573 1468
4574 1468
4575 1468
4576 1468
4577 1468
4578 1468
4579 1468
4580 1468
4581 1468
4582 1493
4583 425
4584 425
4585 1493
4586 1493
4587 425
4588 425
4589 1493
4590 1493
4591 1365
4592 427
4593 426
4594 426
4595 426
4596 1365
4597 4868
4598 4936
4599 1005
4600 1993
4601 1952
4602 1005
4603 1952
4604 1005
4605 1406
4606 1005
4607 648
4608 818
4609 818
4610 818
4611 646
4612 646
4613 646
4614 646
4615 4719
4616 5100
4617 5115
4618 3852
4619 3852
4620 3852
4621 4151
4622 5121
4623 3852
4624 3852
4625 5100
4626 5100
4627 5100
4628 5100
4629 5100
4630 5100
4631 5100
4632 4151
4633 4151
4634 3852
4635 3852
4636 3852
4637 3850
4638 3852
4639 3852
4640 3850
4641 3852
4642 3850
4643 3850
4644 5113
4645 5100
4646 5100
4647 5100
4648 5100
4649 5100
4650 5100
4651 5100
4652 5100
4653 5100
4654 5100
4655 5100
4656 5100
4657 5100
4658 5100
4659 5100
4660 5100
4661 5100
4662 5100
4663 5100
4664 5100
4665 5100
4666 5100
4667 5100
4668 5100
4669 5100
4670 5100
4671 5100
4672 4151
4673 4151
4674 5100
4675 5100
4676 5100
4677 5100
4678 5100
4679 5100
4680 5100
4681 5100
4682 4151
4683 4151
4684 4151
4685 4064
4686 5100
4687 4041
4688 5104
4689 5121
4690 4056
4691 4151
4692 4151
4693 4059
4694 4064
4695 3850
4696 5113
4697 5122
4698 5117
4699 5120
4700 3641
4701 5104
4702 4151
4703 4151
4704 4064
4705 4059
4706 5141
4707 4041
4708 4151
4709 4040
4710 4151
4711 5043
4712 3921
4713 3921
4714 3727
4715 3921
4716 3921
4717 1603
4718 3727
4719 522
4720 3921
4721 3921
4722 3921
4723 3921
4724 3921
4725 3921
4726 3921
4727 522
4728 3921
4729 5043
4730 3921
4731 3715
4732 522
4733 522
4734 522
4735 522
4736 522
4737 522
4738 522
4739 522
4740 522
4741 522
4742 522
4743 1283
4744 522
4745 1283
4746 1283
4747 1283
4748 1283
4749 1283
4750 1283
4751 1603
4752 1603
4753 1283
4754 1283
4755 1603
4756 1603
4757 1603
4758 1603
4759 1603
4760 1603
4761 3715
4762 5043
4763 3921
4764 1603
4765 3727
4766 1603
4767 5043
4768 3921
4769 3715
4770 5043
4771 5043
4772 3921
4773 3921
4774 5043
4775 5067
4776 3921
4777 3921
4778 3921
4779 3921
4780 3921
4781 5043
4782 5067
4783 3921
4784 3921
4785 5043
4786 3921
4787 3921
4788 3921
4789 3921
4790 3921
4791 3921
4792 3921
4793 3921
4794 3921
4795 3921
4796 3921
4797 3921
4798 3921
4799 3921
4800 3921
4801 3921
4802 5100
4803 755
4804 843
4805 3970
4806 4008
4807 4214
4808 4008
4809 3983
4810 3945
4811 3932
4812 4006
4813 4182
4814 4008
4815 4425
4816 5149
4817 5149
4818 5142
4819 5149
4820 5149
4821 4291
4822 4291
4823 4020
4824 3953
4825 4238
4826 5148
4827 4182
4828 4214
4829 4112
4830 3953
4831 4237
4832 3134
4833 3983
4834 3945
4835 3945
4836 3983
4837 4187
4838 3945
4839 3945
4840 3980
4841 3980
4842 3980
4843 3983
4844 3983
4845 3983
4846 3980
4847 3983
4848 3983
4849 3134
4850 3980
4851 4008
4852 3932
4853 4719
4854 4719
4855 4719
4856 4719
4857 4719
4858 4719
4859 4719
4860 4719
4861 4719
4862 4719
4863 4719
4864 4719
4865 798
4866 648
4867 648
4868 818
4869 648
4870 818
4871 823
4872 755
4873 823
4874 648
4875 648
4876 755
4877 798
4878 798
4879 650
4880 755
4881 3544
4882 823
4883 798
4884 650
4885 648
4886 4719
4887 4719
4888 4719
4889 4719
4890 646
4891 755
4892 755
4893 755
4894 755
4895 392
4896 778
4897 566
4898 392
4899 1612
4900 1365
4901 843
4902 843
4903 843
4904 755
4905 843
4906 843
4907 843
4908 843
4909 843
4910 843
4911 755
4912 843
4913 843
4914 4719
4915 4703
4916 4719
4917 4719
4918 4719
4919 4719
4920 4719
4921 4719
4922 4719
4923 4719
4924 4719
4925 4719
4926 843
4927 3356
4928 3101
4929 3101
4930 3095
4931 4117
4932 4117
4933 3210
4934 3210
4935 3095
4936 2907
4937 2469
4938 3015
4939 3015
4940 2995
4941 5100
4942 5100
4943 4719
4944 4719
4945 4719
4946 4719
4947 4719
4948 4719
4949 4719
4950 4719
4951 4719
4952 4719
4953 4719
4954 4719
4955 4719
4956 4719
4957 3980
4958 3983
4959 4008
4960 4008
4961 3561
4962 3931
4963 3561
4964 1415
4965 3236
4966 3743
4967 3561
4968 3561
4969 3983
4970 3983
4971 2298
4972 2395
4973 1365
4974 1612
4975 392
4976 1468
4977 1365
4978 1365
4979 1493
4980 1493
4981 1612
4982 1365
4983 1365
4984 4719
4985 4719
4986 4719
4987 4703
4988 755
4989 755
4990 755
4991 755
4992 755
4993 755
4994 755
4995 755
4996 755
4997 755
4998 755
4999 755
5000 755
5001 755
5002 755
5003 4117
5004 3101
5005 2940
5006 3651
5007 3651
5008 3025
5009 3341
5010 3341
5011 3341
5012 3341
5013 361
5014 444
5015 324
5016 843
5017 843
5018 843
5019 843
5020 843
5021 843
5022 4719
5023 4719
5024 4719
5025 4719
5026 4719
5027 4719
5028 4719
5029 4719
5030 4719
5031 4719
5032 4719
5033 4719
5034 4719
5035 755
5036 3544
5037 4719
5038 4719
5039 4719
5040 4117
5041 4719
5042 3921
5043 3921
5044 3921
5045 3921
5046 3921
5047 3921
5048 3921
5049 3921
5050 203
5051 203
5052 203
5053 550
5054 203
5055 203
5056 203
5057 203
5058 203
5059 550
5060 286
5061 3341
5062 371
5063 371
5064 371
5065 294
5066 320
5067 6
5068 6
5069 294
5070 320
5071 7
5072 320
5073 7
5074 6
5075 7
5076 435
5077 437
5078 348
5079 438
5080 349
5081 324
5082 444
5083 324
5084 349
5085 361
5086 361
5087 470
5088 323
5089 323
5090 361
5091 361
5092 444
5093 324
5094 470
5095 361
5096 470
5097 444
5098 444
5099 4117
5100 4117
5101 4117
5102 4117
5103 4117
5104 4117
5105 4117
5106 2334
5107 2568
5108 2207
5109 2315
5110 2207
5111 2207
5112 4794
5113 4839
5114 4868
5115 4795
5116 4794
5117 5100
5118 5100
5119 5100
5120 5100
5121 5100
5122 4719
5123 4687
5124 4711
5125 4717
5126 4717
5127 4717
5128 4687
5129 4719
5130 4703
5131 4717
5132 4564
5133 4703
5134 4703
5135 4703
5136 4711
5137 4717
5138 4703
5139 4696
5140 4674
5141 4687
5142 4567
5143 4687
5144 4688
5145 4687
5146 4719
5147 4719
5148 4719
5149 4719
5150 4719
5151 4719
5152 4719
5153 4719
5154 4719
5155 4719
5156 4719
5157 4719
5158 4719
5159 4790
5160 4637
5161 4790
5162 4790
5163 1487
5164 1487
5165 4939
5166 4949
5167 5152
5168 5152
5169 5152
5170 5152
5171 4975
5172 843
5173 2941
5174 2941
5175 2941
5176 2941
5177 4175
5178 646
5179 843
5180 3651
5181 3651
5182 646
5183 646
5184 1486
5185 1486
5186 4974
5187 4975
5188 4975
5189 4939
5190 843
5191 843
5192 843
5193 4175
5194 3651
5195 2941
5196 2941
5197 4175
5198 2941
5199 646
5200 4117
