0 2927
1 2958
2 2925
3 2951
4 2925
5 2926
6 2879
7 2926
8 2635
9 2929
10 2932
11 2933
12 3438
13 3376
14 3433
15 2872
16 2874
17 2874
18 2874
19 2866
20 2547
21 2554
22 2874
23 2867
24 2867
25 2871
26 2871
27 2878
28 2878
29 2554
30 2556
31 2556
32 2467
33 2493
34 2467
35 2564
36 2564
37 2556
38 2867
39 2872
40 2872
41 2874
42 2878
43 2878
44 2871
45 2878
46 2925
47 2951
48 2893
49 2954
50 2933
51 3346
52 2933
53 2929
54 2959
55 2893
56 2959
57 2959
58 2893
59 2952
60 2870
61 2874
62 2795
63 2871
64 2564
65 2564
66 2467
67 2564
68 2467
69 2467
70 2467
71 2554
72 2556
73 2556
74 2874
75 2872
76 2927
77 2875
78 2875
79 2872
80 2874
81 2927
82 2927
83 2872
84 2847
85 2866
86 2875
87 2875
88 2875
89 2875
90 2879
91 2926
92 2564
93 2564
94 2467
95 2467
96 2467
97 2795
98 2564
99 2564
100 2766
101 2564
102 2467
103 2871
104 2870
105 2871
106 2878
107 2878
108 2872
109 2564
110 2795
111 2467
112 2467
113 2467
114 2467
115 2467
116 2467
117 2927
118 2927
119 2872
120 2871
121 2871
122 2870
123 2766
124 2493
125 2467
126 2467
127 2467
128 2467
129 2925
130 2926
131 2959
132 2929
133 3438
134 3441
135 3437
136 3433
137 3433
138 3435
139 3625
140 3625
141 3666
142 3666
143 3625
144 3435
145 3433
146 3376
147 3378
148 3437
149 3437
150 3439
151 3438
152 2870
153 2878
154 2878
155 2927
156 2927
157 2925
158 2959
159 2954
160 2467
161 2875
162 2874
163 2925
164 2926
165 2556
166 2556
167 2564
168 2564
169 2564
170 2564
171 2564
172 2467
173 2467
174 2467
175 2467
176 2564
177 2548
178 2564
179 2564
180 2467
181 2467
182 2467
183 2467
184 2958
185 2958
186 2925
187 2925
188 2875
189 2556
190 2952
191 2564
192 2467
193 2925
194 2952
195 2926
196 3222
197 2932
198 3346
199 3438
200 3440
201 3440
202 3440
203 3380
204 3380
205 3439
206 3439
207 3437
208 3435
209 3666
210 2159
211 2159
212 3625
213 3625
214 3625
215 3435
216 3433
217 3439
218 2933
219 2933
220 3435
221 2959
222 2893
223 2933
224 3438
225 3439
226 3437
227 3437
228 2878
229 2556
230 2556
231 2556
232 2564
233 2872
234 2893
235 2929
236 2933
237 2929
238 2946
239 2954
240 2933
241 2893
242 2929
243 2929
244 2870
245 2874
246 2870
247 2870
248 2958
249 2952
250 2929
251 2927
252 2564
253 2564
254 2467
255 2959
256 2467
257 2954
258 2929
259 2954
260 2954
261 2933
262 2932
263 2467
264 2959
265 2959
266 2932
267 2954
268 3438
269 3376
270 3435
271 3435
272 2933
273 2467
274 2467
275 2467
276 2556
277 2556
278 2932
279 2933
280 3377
281 2929
282 2893
283 2875
284 2927
285 2927
286 2866
287 2952
288 3438
289 2564
290 2929
291 2564
292 2467
293 2879
294 2879
295 2873
296 2467
297 2927
298 2467
299 2925
300 2929
301 2929
302 2556
303 2932
304 2933
305 3438
306 3439
307 3377
308 3440
309 3439
310 3437
311 2868
312 2467
313 2467
314 2467
315 2467
316 2876
317 2925
318 3441
319 2926
320 2926
321 2893
322 3222
323 2932
324 3222
325 2932
326 2556
327 2926
328 2893
329 2875
330 3440
331 3376
332 2933
333 2467
334 2874
335 2556
336 2548
337 2547
338 2876
339 2572
340 2547
341 2548
342 2547
343 2547
344 2876
345 2866
346 2866
347 3377
348 2893
349 2893
350 3439
351 3437
352 2467
353 2954
354 2954
355 3437
356 2878
357 2564
358 2926
359 2926
360 2926
361 3222
362 2933
363 2847
364 2547
365 2847
366 2548
367 2467
368 3440
369 3437
370 3437
371 2875
372 2893
373 3433
374 2548
375 2548
376 2564
377 2564
378 2548
379 2932
380 2556
381 2564
382 2873
383 3346
384 2954
385 2954
386 2946
387 3376
388 2467
389 3439
390 3437
391 3435
392 3625
393 2159
394 3902
395 3902
396 2213
397 3766
398 3588
399 3712
400 3640
401 3876
402 3810
403 3288
404 3288
405 3288
406 3223
407 2999
408 3025
409 2982
410 2999
411 3235
412 3262
413 3780
414 2982
415 2554
416 2879
417 2875
418 3435
419 2467
420 3380
421 3437
422 3438
423 3439
424 3433
425 3435
426 3625
427 3625
428 2076
429 2159
430 2159
431 3674
432 2159
433 3435
434 3437
435 2893
436 2926
437 2893
438 2893
439 2556
440 2548
441 2556
442 2467
443 2866
444 2873
445 3435
446 2929
447 3435
448 2548
449 2467
450 2467
451 3433
452 2556
453 2866
454 2933
455 3376
456 3376
457 2554
458 3346
459 3378
460 3376
461 3376
462 3439
463 2564
464 2572
465 2548
466 3376
467 3435
468 2556
469 2564
470 3222
471 3222
472 3437
473 2556
474 2548
475 2556
476 2548
477 2556
478 2933
479 3625
480 3625
481 3376
482 3375
483 3625
484 3666
485 3666
486 2159
487 3435
488 3377
489 3346
490 2933
491 3377
492 3376
493 3376
494 3376
495 3437
496 3625
497 3437
498 3437
499 2933
500 3439
501 3440
502 3433
503 3438
504 3377
505 3377
506 3437
507 3432
508 3433
509 3625
510 3666
511 3674
512 3907
513 2189
514 2199
515 2193
516 2193
517 1615
518 1564
519 1623
520 1610
521 1548
522 1548
523 1545
524 1601
525 1672
526 1672
527 1368
528 1372
529 1407
530 932
531 933
532 934
533 1370
534 1680
535 1680
536 1687
537 1138
538 1137
539 1135
540 1137
541 1754
542 1754
543 3625
544 3625
545 3440
546 3433
547 3439
548 3440
549 3437
550 3440
551 3375
552 3625
553 3439
554 3378
555 3435
556 3625
557 3437
558 3625
559 3437
560 3433
561 3435
562 3625
563 2159
564 3625
565 3625
566 2159
567 3666
568 3666
569 3437
570 3433
571 3376
572 3376
573 3625
574 3625
575 3625
576 2159
577 3625
578 3625
579 3375
580 3625
581 3433
582 3625
583 3625
584 3435
585 3625
586 3746
587 3625
588 3666
589 3660
590 2176
591 3660
592 3658
593 2193
594 2497
595 2497
596 2406
597 2497
598 2497
599 2405
600 2405
601 2405
602 2405
603 2389
604 2497
605 2406
606 2446
607 2447
608 2446
609 2446
610 2446
611 2446
612 2446
613 2446
614 2446
615 2446
616 4979
617 4979
618 4979
619 4978
620 4978
621 4978
622 4956
623 5080
624 5055
625 4074
626 4099
627 5055
628 4968
629 5080
630 5080
631 5055
632 5055
633 4134
634 5072
635 5055
636 5080
637 2406
638 2497
639 2497
640 2497
641 2472
642 2497
643 2497
644 2497
645 2497
646 2472
647 2472
648 2497
649 2497
650 2802
651 2802
652 2802
653 2802
654 2802
655 2802
656 2497
657 2497
658 2497
659 3433
660 3435
661 3746
662 2406
663 2447
664 2446
665 2447
666 2447
667 2447
668 2446
669 2446
670 2446
671 2446
672 2446
673 2404
674 2404
675 2406
676 2404
677 2464
678 2396
679 2520
680 2521
681 2824
682 2405
683 2446
684 2446
685 2446
686 2446
687 2446
688 2396
689 2396
690 2520
691 4956
692 4968
693 3375
694 3625
695 2076
696 3674
697 3660
698 3710
699 2147
700 3641
701 2159
702 2497
703 2406
704 3746
705 2404
706 2497
707 2497
708 3746
709 3625
710 2406
711 3746
712 2497
713 2404
714 2446
715 2396
716 2396
717 2404
718 2446
719 3625
720 2076
721 3625
722 3658
723 3658
724 3902
725 2497
726 2497
727 2497
728 2497
729 2497
730 2406
731 2404
732 2406
733 2406
734 2497
735 2406
736 2404
737 2464
738 2464
739 3625
740 3625
741 2446
742 2446
743 2446
744 2396
745 2396
746 2521
747 2520
748 2521
749 2497
750 2497
751 2406
752 2406
753 2406
754 2497
755 2802
756 2802
757 2802
758 3375
759 2396
760 2497
761 2802
762 2802
763 3625
764 3746
765 3746
766 3435
767 3625
768 3666
769 3625
770 3658
771 2159
772 3658
773 3658
774 3658
775 3902
776 2497
777 3655
778 3625
779 3658
780 3902
781 3902
782 2396
783 2396
784 3625
785 3658
786 3902
787 2159
788 2464
789 3666
790 3666
791 2396
792 2497
793 2497
794 2497
795 2802
796 2802
797 2802
798 2802
799 2802
800 2802
801 2802
802 2125
803 3641
804 2182
805 2076
806 2802
807 2396
808 2446
809 3666
810 3625
811 2159
812 2522
813 3625
814 2802
815 2497
816 3625
817 2396
818 2802
819 2802
820 2802
821 2076
822 2159
823 2802
824 2802
825 2396
826 2404
827 2404
828 2159
829 2802
830 2802
831 2522
832 2521
833 2835
834 4968
835 5080
836 5084
837 5084
838 2159
839 2125
840 3709
841 3740
842 2125
843 2802
844 2802
845 2802
846 2402
847 2520
848 2404
849 2172
850 3625
851 3666
852 2497
853 2522
854 3668
855 2446
856 2497
857 2406
858 3666
859 3697
860 2824
861 2824
862 2396
863 2446
864 2446
865 2497
866 2522
867 2824
868 2076
869 3658
870 3902
871 2520
872 2396
873 2396
874 2446
875 2446
876 2446
877 2447
878 2446
879 2824
880 2824
881 2172
882 3697
883 2076
884 2094
885 2396
886 5084
887 5084
888 2522
889 3668
890 3693
891 3761
892 3834
893 3839
894 3848
895 3666
896 3693
897 3710
898 3839
899 3697
900 2824
901 2125
902 2835
903 5084
904 3700
905 3697
906 3697
907 3740
908 3693
909 5084
910 2497
911 2497
912 2389
913 2405
914 5084
915 4978
916 4978
917 4978
918 4978
919 2835
920 5084
921 4956
922 2404
923 2406
924 2497
925 3700
926 3710
927 5084
928 2159
929 3658
930 3902
931 3902
932 3902
933 3902
934 2199
935 2193
936 5084
937 4978
938 5084
939 4956
940 4956
941 5084
942 3660
943 2199
944 2154
945 2156
946 2148
947 3716
948 3716
949 3716
950 3716
951 2218
952 3727
953 3727
954 4219
955 4221
956 4220
957 3238
958 3256
959 4184
960 4136
961 4314
962 4166
963 2985
964 2497
965 2497
966 5084
967 5084
968 4968
969 4978
970 4979
971 4978
972 4978
973 4978
974 4979
975 2497
976 2521
977 4968
978 4123
979 4100
980 4047
981 4134
982 4020
983 5072
984 5055
985 5055
986 4123
987 5084
988 4123
989 4122
990 4133
991 4111
992 4110
993 4968
994 4085
995 4133
996 4110
997 4110
998 1736
999 4133
1000 1736
1001 1741
1002 817
1003 818
1004 744
1005 746
1006 765
1007 1276
1008 1832
1009 1863
1010 1868
1011 4085
1012 3946
1013 4133
1014 4110
1015 4110
1016 4133
1017 5080
1018 5080
1019 5080
1020 5080
1021 5080
1022 5055
1023 5055
1024 5080
1025 4968
1026 2824
1027 4133
1028 4100
1029 4100
1030 4101
1031 4100
1032 4133
1033 4085
1034 3946
1035 4020
1036 4047
1037 4047
1038 4134
1039 4968
1040 4968
1041 5080
1042 5055
1043 5080
1044 4968
1045 5055
1046 5055
1047 5072
1048 3946
1049 4085
1050 4047
1051 5080
1052 4968
1053 4133
1054 3946
1055 4110
1056 4121
1057 5055
1058 4108
1059 5072
1060 4020
1061 3658
1062 4978
1063 4978
1064 4978
1065 4956
1066 2159
1067 3660
1068 1734
1069 1734
1070 4110
1071 1087
1072 1081
1073 1081
1074 1081
1075 1734
1076 1734
1077 1711
1078 1081
1079 1081
1080 1081
1081 818
1082 818
1083 747
1084 754
1085 756
1086 825
1087 755
1088 844
1089 1298
1090 823
1091 759
1092 695
1093 695
1094 759
1095 5055
1096 5080
1097 4047
1098 4978
1099 4978
1100 4978
1101 4979
1102 3666
1103 2132
1104 4111
1105 1087
1106 817
1107 817
1108 744
1109 817
1110 762
1111 744
1112 1734
1113 3658
1114 1741
1115 2446
1116 2446
1117 2446
1118 4979
1119 5072
1120 4134
1121 5055
1122 4134
1123 2395
1124 2447
1125 2447
1126 2464
1127 2446
1128 2446
1129 2447
1130 2447
1131 2389
1132 2389
1133 2389
1134 2447
1135 2447
1136 2125
1137 1711
1138 1711
1139 3700
1140 2151
1141 3740
1142 3715
1143 4968
1144 4968
1145 5080
1146 5080
1147 4111
1148 3946
1149 4100
1150 3658
1151 2520
1152 2396
1153 1734
1154 1741
1155 1081
1156 1734
1157 3946
1158 4020
1159 5055
1160 5072
1161 4968
1162 3710
1163 2172
1164 2127
1165 4123
1166 4085
1167 4085
1168 4047
1169 5055
1170 5055
1171 5055
1172 4968
1173 4110
1174 4968
1175 5080
1176 4956
1177 4956
1178 4956
1179 4967
1180 4978
1181 2396
1182 5055
1183 5072
1184 1734
1185 5080
1186 1736
1187 5055
1188 4956
1189 4956
1190 5080
1191 4979
1192 2447
1193 2447
1194 2446
1195 2446
1196 1711
1197 2446
1198 2824
1199 5084
1200 4978
1201 1734
1202 1081
1203 818
1204 818
1205 3946
1206 5080
1207 4956
1208 2446
1209 818
1210 818
1211 759
1212 1081
1213 761
1214 759
1215 1711
1216 1736
1217 4133
1218 5080
1219 4087
1220 5080
1221 4968
1222 761
1223 4133
1224 704
1225 704
1226 704
1227 819
1228 823
1229 722
1230 802
1231 1102
1232 725
1233 795
1234 869
1235 870
1236 848
1237 1313
1238 865
1239 1529
1240 1806
1241 1528
1242 1595
1243 1496
1244 1696
1245 1690
1246 1681
1247 1137
1248 1135
1249 1489
1250 1489
1251 1769
1252 1769
1253 1595
1254 1697
1255 1805
1256 1273
1257 704
1258 802
1259 820
1260 704
1261 1741
1262 1734
1263 1734
1264 3946
1265 5055
1266 4047
1267 1081
1268 1081
1269 802
1270 2521
1271 2446
1272 2396
1273 827
1274 1296
1275 850
1276 733
1277 1297
1278 2824
1279 4978
1280 4979
1281 4978
1282 4979
1283 4979
1284 762
1285 1741
1286 1734
1287 5080
1288 5080
1289 5055
1290 5021
1291 5055
1292 5055
1293 5080
1294 5080
1295 759
1296 759
1297 5183
1298 818
1299 1081
1300 802
1301 819
1302 823
1303 818
1304 1102
1305 1102
1306 708
1307 1487
1308 760
1309 1081
1310 5080
1311 5080
1312 5080
1313 817
1314 817
1315 761
1316 759
1317 761
1318 759
1319 818
1320 3710
1321 802
1322 1102
1323 1094
1324 954
1325 946
1326 1033
1327 1344
1328 827
1329 1092
1330 1102
1331 1095
1332 827
1333 1102
1334 1111
1335 1092
1336 1345
1337 818
1338 5183
1339 4047
1340 1741
1341 1736
1342 4085
1343 4978
1344 1095
1345 760
1346 765
1347 755
1348 5072
1349 5072
1350 2396
1351 5084
1352 4956
1353 4956
1354 4978
1355 4978
1356 5084
1357 762
1358 4968
1359 5080
1360 4978
1361 4978
1362 4978
1363 4956
1364 1087
1365 1094
1366 5183
1367 759
1368 747
1369 760
1370 1344
1371 4956
1372 5080
1373 1094
1374 3902
1375 5080
1376 704
1377 819
1378 820
1379 759
1380 759
1381 759
1382 1345
1383 742
1384 761
1385 818
1386 1094
1387 3740
1388 2522
1389 5084
1390 4967
1391 744
1392 5080
1393 4956
1394 1092
1395 4099
1396 5084
1397 1345
1398 725
1399 3701
1400 5080
1401 704
1402 1095
1403 3645
1404 2155
1405 5055
1406 747
1407 747
1408 818
1409 1092
1410 3902
1411 2041
1412 2059
1413 3886
1414 3827
1415 3262
1416 3025
1417 3025
1418 3025
1419 3025
1420 523
1421 565
1422 569
1423 565
1424 557
1425 557
1426 556
1427 569
1428 556
1429 556
1430 4978
1431 4978
1432 4978
1433 4978
1434 747
1435 5080
1436 5080
1437 818
1438 4956
1439 4978
1440 4979
1441 827
1442 827
1443 827
1444 1741
1445 1734
1446 1736
1447 1736
1448 4110
1449 1736
1450 4956
1451 1801
1452 4968
1453 1298
1454 3902
1455 3902
1456 2199
1457 3902
1458 2199
1459 1113
1460 3902
1461 2053
1462 1561
1463 2208
1464 2141
1465 4133
1466 5055
1467 4020
1468 1083
1469 4047
1470 1345
1471 2199
1472 2199
1473 3902
1474 2193
1475 2040
1476 2040
1477 2193
1478 4968
1479 823
1480 1433
1481 1092
1482 869
1483 1081
1484 1081
1485 747
1486 765
1487 765
1488 744
1489 745
1490 755
1491 1092
1492 760
1493 1092
1494 725
1495 1115
1496 823
1497 1094
1498 1418
1499 1138
1500 4956
1501 747
1502 746
1503 1296
1504 827
1505 4978
1506 4978
1507 759
1508 759
1509 759
1510 839
1511 741
1512 745
1513 1083
1514 704
1515 1741
1516 945
1517 934
1518 889
1519 920
1520 1689
1521 920
1522 946
1523 979
1524 5080
1525 5080
1526 914
1527 4979
1528 4979
1529 4978
1530 4979
1531 4979
1532 4978
1533 4967
1534 4967
1535 4956
1536 4968
1537 4978
1538 4978
1539 4978
1540 4967
1541 4956
1542 4020
1543 5021
1544 4956
1545 4979
1546 920
1547 799
1548 2193
1549 1561
1550 2977
1551 2193
1552 2977
1553 2040
1554 1627
1555 1591
1556 1423
1557 932
1558 1604
1559 2193
1560 4979
1561 3895
1562 2193
1563 4956
1564 4956
1565 5080
1566 5080
1567 704
1568 744
1569 4956
1570 4968
1571 2040
1572 2193
1573 2980
1574 1560
1575 3755
1576 3628
1577 3859
1578 3741
1579 2054
1580 2046
1581 1628
1582 1584
1583 1672
1584 1673
1585 1671
1586 708
1587 4979
1588 4074
1589 5055
1590 4979
1591 5055
1592 902
1593 817
1594 2043
1595 2039
1596 1607
1597 1591
1598 1619
1599 2045
1600 4979
1601 4979
1602 4979
1603 4979
1604 4979
1605 4979
1606 2040
1607 2193
1608 2152
1609 4956
1610 5080
1611 4110
1612 1345
1613 1734
1614 946
1615 5080
1616 1594
1617 4968
1618 1561
1619 1612
1620 2047
1621 1576
1622 1653
1623 1679
1624 958
1625 5055
1626 1345
1627 5055
1628 4074
1629 4020
1630 1570
1631 2045
1632 762
1633 744
1634 817
1635 935
1636 2053
1637 1562
1638 4085
1639 4085
1640 759
1641 5183
1642 818
1643 818
1644 5183
1645 5183
1646 818
1647 1033
1648 4123
1649 4047
1650 3895
1651 3895
1652 1973
1653 2977
1654 2977
1655 762
1656 1309
1657 1992
1658 1625
1659 1607
1660 3895
1661 4121
1662 1087
1663 2045
1664 1736
1665 818
1666 3645
1667 3710
1668 3754
1669 2190
1670 2177
1671 2190
1672 2184
1673 1736
1674 2185
1675 903
1676 1607
1677 4968
1678 5080
1679 4110
1680 1081
1681 3848
1682 3701
1683 4133
1684 928
1685 2040
1686 2977
1687 950
1688 5055
1689 4036
1690 4085
1691 4087
1692 1083
1693 704
1694 759
1695 892
1696 3896
1697 2965
1698 2965
1699 3759
1700 3740
1701 933
1702 897
1703 878
1704 2207
1705 2151
1706 2090
1707 2151
1708 5080
1709 5055
1710 1276
1711 850
1712 1562
1713 3645
1714 3759
1715 4085
1716 4085
1717 2189
1718 1571
1719 2193
1720 933
1721 979
1722 1607
1723 5080
1724 818
1725 762
1726 1734
1727 3946
1728 3715
1729 3715
1730 933
1731 1336
1732 1577
1733 1062
1734 1062
1735 1424
1736 1576
1737 1664
1738 1457
1739 1607
1740 1590
1741 1741
1742 1734
1743 817
1744 762
1745 744
1746 5183
1747 979
1748 4074
1749 4074
1750 5055
1751 1741
1752 1276
1753 1806
1754 1344
1755 3946
1756 4133
1757 1607
1758 3740
1759 1604
1760 1609
1761 2053
1762 924
1763 1607
1764 1607
1765 1574
1766 1648
1767 3836
1768 3840
1769 1581
1770 1590
1771 1098
1772 1577
1773 1607
1774 1587
1775 763
1776 733
1777 2977
1778 1973
1779 2148
1780 2148
1781 3741
1782 3716
1783 3716
1784 897
1785 932
1786 1422
1787 1577
1788 5021
1789 763
1790 2156
1791 4111
1792 3715
1793 2133
1794 3740
1795 1422
1796 1576
1797 1337
1798 896
1799 1650
1800 1426
1801 1579
1802 745
1803 2151
1804 3740
1805 1670
1806 5055
1807 3962
1808 924
1809 2042
1810 1336
1811 4087
1812 1336
1813 1577
1814 3983
1815 4100
1816 1562
1817 1033
1818 1711
1819 3740
1820 1336
1821 1337
1822 1336
1823 704
1824 824
1825 1337
1826 932
1827 1590
1828 1423
1829 1576
1830 1584
1831 4074
1832 1309
1833 1634
1834 1769
1835 2979
1836 827
1837 1633
1838 1518
1839 1625
1840 1734
1841 1955
1842 1271
1843 1102
1844 820
1845 1276
1846 934
1847 3830
1848 3715
1849 1576
1850 896
1851 3946
1852 3946
1853 1736
1854 3946
1855 1033
1856 1568
1857 1560
1858 4047
1859 1633
1860 1584
1861 1576
1862 1629
1863 1604
1864 1682
1865 1140
1866 1489
1867 1102
1868 725
1869 734
1870 824
1871 837
1872 3767
1873 3761
1874 2968
1875 1534
1876 3629
1877 1426
1878 4047
1879 2050
1880 1298
1881 742
1882 933
1883 1587
1884 3740
1885 1741
1886 4047
1887 4087
1888 2141
1889 2210
1890 2151
1891 2148
1892 3716
1893 3716
1894 2208
1895 2201
1896 1345
1897 747
1898 934
1899 762
1900 4133
1901 1808
1902 1140
1903 889
1904 1741
1905 4047
1906 1621
1907 2047
1908 1629
1909 1423
1910 4110
1911 1623
1912 1983
1913 3915
1914 2201
1915 2056
1916 934
1917 1689
1918 1345
1919 1345
1920 1689
1921 1590
1922 817
1923 936
1924 1345
1925 823
1926 2090
1927 1741
1928 762
1929 1741
1930 762
1931 763
1932 2141
1933 1559
1934 1680
1935 1083
1936 1345
1937 3715
1938 1610
1939 1560
1940 821
1941 933
1942 1720
1943 1589
1944 819
1945 827
1946 3716
1947 756
1948 739
1949 4110
1950 745
1951 752
1952 746
1953 2209
1954 3739
1955 3712
1956 3235
1957 3879
1958 2151
1959 1354
1960 742
1961 924
1962 1424
1963 744
1964 850
1965 730
1966 1140
1967 1860
1968 1195
1969 730
1970 1577
1971 1537
1972 1094
1973 1093
1974 827
1975 1423
1976 1426
1977 1741
1978 765
1979 701
1980 1138
1981 1102
1982 1337
1983 1720
1984 1276
1985 1309
1986 1815
1987 1589
1988 1094
1989 1595
1990 1560
1991 915
1992 933
1993 746
1994 1302
1995 1498
1996 1777
1997 1140
1998 1373
1999 1611
2000 1544
2001 1623
2002 1602
2003 1675
2004 1674
2005 1654
2006 1769
2007 1686
2008 3847
2009 1668
2010 3766
2011 3891
2012 1092
2013 1093
2014 1591
2015 1423
2016 3716
2017 3716
2018 2148
2019 1486
2020 1139
2021 3755
2022 1579
2023 924
2024 888
2025 3715
2026 745
2027 744
2028 2148
2029 2148
2030 1272
2031 730
2032 1309
2033 1309
2034 1584
2035 823
2036 823
2037 3629
2038 1294
2039 744
2040 1604
2041 1659
2042 1689
2043 1587
2044 3716
2045 741
2046 1294
2047 1572
2048 3887
2049 3834
2050 3755
2051 2968
2052 2968
2053 824
2054 1062
2055 1423
2056 745
2057 1620
2058 1336
2059 745
2060 1272
2061 1271
2062 1680
2063 934
2064 1368
2065 3834
2066 3832
2067 3823
2068 927
2069 932
2070 1648
2071 1533
2072 1812
2073 1488
2074 1777
2075 1946
2076 1133
2077 954
2078 920
2079 924
2080 1668
2081 3788
2082 1296
2083 756
2084 1302
2085 1345
2086 909
2087 1697
2088 1422
2089 1138
2090 1422
2091 932
2092 1589
2093 821
2094 1660
2095 1611
2096 1679
2097 1345
2098 1422
2099 1422
2100 1389
2101 3860
2102 765
2103 1578
2104 1587
2105 1102
2106 1309
2107 822
2108 1302
2109 1811
2110 1590
2111 822
2112 3078
2113 2985
2114 4179
2115 3727
2116 4135
2117 4135
2118 2995
2119 4135
2120 4166
2121 2995
2122 3078
2123 2985
2124 4314
2125 2985
2126 4179
2127 3242
2128 3242
2129 2995
2130 2995
2131 2984
2132 2995
2133 3078
2134 2984
2135 1564
2136 3639
2137 3832
2138 946
2139 889
2140 920
2141 3078
2142 2985
2143 1777
2144 1777
2145 708
2146 738
2147 4135
2148 4179
2149 4179
2150 4314
2151 1812
2152 1658
2153 1138
2154 2968
2155 3799
2156 3446
2157 3631
2158 1534
2159 844
2160 2985
2161 2986
2162 2985
2163 2985
2164 4179
2165 4179
2166 3078
2167 1302
2168 2090
2169 3915
2170 1423
2171 1296
2172 3716
2173 2985
2174 2985
2175 2985
2176 3078
2177 2985
2178 2985
2179 2968
2180 933
2181 1138
2182 1138
2183 2995
2184 2218
2185 2218
2186 3716
2187 4166
2188 4166
2189 2985
2190 3078
2191 3716
2192 2218
2193 2218
2194 3727
2195 1578
2196 1062
2197 1496
2198 1094
2199 3254
2200 4420
2201 4659
2202 4659
2203 4666
2204 4664
2205 4664
2206 4663
2207 4209
2208 3244
2209 4139
2210 2984
2211 3860
2212 3244
2213 3716
2214 2985
2215 4668
2216 4214
2217 4209
2218 4166
2219 4145
2220 4659
2221 4664
2222 4664
2223 4655
2224 4655
2225 4655
2226 4655
2227 4655
2228 4655
2229 4209
2230 4669
2231 4211
2232 4664
2233 4655
2234 4211
2235 4669
2236 4209
2237 3716
2238 2985
2239 2148
2240 3741
2241 4160
2242 3237
2243 3259
2244 4416
2245 4427
2246 4416
2247 4425
2248 4425
2249 4664
2250 4427
2251 4427
2252 4427
2253 4427
2254 1354
2255 1486
2256 1423
2257 4183
2258 3250
2259 4139
2260 3250
2261 3250
2262 4176
2263 3259
2264 4423
2265 4664
2266 4664
2267 4655
2268 4196
2269 4196
2270 4668
2271 4663
2272 4209
2273 4660
2274 4664
2275 4655
2276 4655
2277 4655
2278 4655
2279 4655
2280 4655
2281 4655
2282 4209
2283 850
2284 1837
2285 1865
2286 1865
2287 1863
2288 1863
2289 1860
2290 4166
2291 2984
2292 4166
2293 3716
2294 4166
2295 2986
2296 2985
2297 4179
2298 4179
2299 4139
2300 2123
2301 3716
2302 3741
2303 1309
2304 1309
2305 1471
2306 4216
2307 4209
2308 1345
2309 4209
2310 4179
2311 4179
2312 4140
2313 4135
2314 3078
2315 2984
2316 3739
2317 1600
2318 933
2319 1113
2320 1345
2321 3247
2322 4220
2323 3716
2324 3244
2325 3243
2326 3716
2327 2123
2328 3725
2329 2218
2330 3725
2331 4221
2332 2985
2333 2985
2334 4135
2335 1272
2336 1208
2337 1863
2338 1814
2339 1865
2340 3888
2341 3639
2342 3455
2343 3889
2344 4659
2345 1102
2346 2123
2347 4166
2348 2150
2349 733
2350 1814
2351 1486
2352 1424
2353 1424
2354 3251
2355 1094
2356 3727
2357 3246
2358 2218
2359 4139
2360 4166
2361 1860
2362 1138
2363 1488
2364 1581
2365 4216
2366 4659
2367 4420
2368 4216
2369 4216
2370 4216
2371 4420
2372 4659
2373 4659
2374 4659
2375 4666
2376 4423
2377 4666
2378 4659
2379 4423
2380 4417
2381 4420
2382 4216
2383 4216
2384 4176
2385 4216
2386 4176
2387 3250
2388 4663
2389 4209
2390 1336
2391 4219
2392 3725
2393 4219
2394 3726
2395 3244
2396 1830
2397 1777
2398 1487
2399 4659
2400 1345
2401 1954
2402 1110
2403 1874
2404 4209
2405 3251
2406 4176
2407 1581
2408 1581
2409 1423
2410 3249
2411 954
2412 868
2413 1689
2414 3725
2415 3246
2416 4209
2417 1276
2418 3739
2419 1777
2420 1137
2421 1135
2422 1624
2423 4216
2424 4417
2425 4420
2426 4417
2427 4420
2428 4220
2429 3727
2430 4219
2431 4166
2432 3887
2433 2968
2434 4659
2435 4664
2436 3245
2437 3249
2438 3249
2439 3264
2440 3259
2441 3259
2442 3259
2443 4427
2444 1336
2445 3725
2446 3727
2447 3247
2448 3741
2449 4220
2450 3727
2451 3237
2452 3285
2453 3878
2454 4663
2455 4669
2456 1684
2457 903
2458 3817
2459 1804
2460 4221
2461 1865
2462 1208
2463 3249
2464 3249
2465 3249
2466 4220
2467 4211
2468 3727
2469 3244
2470 4176
2471 3844
2472 1422
2473 1830
2474 1276
2475 1860
2476 1611
2477 3834
2478 3716
2479 3834
2480 3249
2481 3820
2482 958
2483 958
2484 1697
2485 701
2486 1868
2487 1138
2488 3846
2489 3823
2490 1345
2491 1697
2492 1689
2493 1804
2494 4664
2495 4664
2496 4664
2497 1674
2498 4666
2499 3251
2500 3256
2501 4420
2502 4216
2503 4219
2504 1114
2505 1276
2506 4221
2507 4220
2508 1604
2509 1140
2510 1139
2511 4216
2512 4417
2513 4417
2514 2968
2515 1423
2516 1423
2517 1595
2518 1814
2519 1208
2520 4221
2521 1485
2522 1426
2523 1457
2524 1589
2525 1122
2526 1313
2527 4209
2528 4664
2529 4655
2530 4660
2531 4664
2532 4663
2533 4211
2534 4664
2535 4143
2536 1603
2537 1601
2538 1551
2539 946
2540 3631
2541 3446
2542 3805
2543 3881
2544 3486
2545 3283
2546 3227
2547 3796
2548 1777
2549 4420
2550 4664
2551 4655
2552 4655
2553 3841
2554 3634
2555 3798
2556 3446
2557 2150
2558 4183
2559 1597
2560 1600
2561 1140
2562 4216
2563 4420
2564 4420
2565 4417
2566 4220
2567 4220
2568 4669
2569 1208
2570 1496
2571 1689
2572 1688
2573 1815
2574 865
2575 4151
2576 4209
2577 1534
2578 4664
2579 3844
2580 3844
2581 3465
2582 3465
2583 1860
2584 1865
2585 4166
2586 4666
2587 4664
2588 3250
2589 3256
2590 3250
2591 3249
2592 3249
2593 1518
2594 3865
2595 4655
2596 865
2597 1314
2598 1314
2599 4211
2600 4669
2601 3838
2602 2975
2603 3250
2604 3250
2605 3264
2606 3259
2607 4416
2608 4416
2609 4417
2610 4423
2611 4664
2612 3237
2613 1865
2614 1865
2615 1471
2616 4420
2617 4417
2618 4666
2619 4666
2620 896
2621 3465
2622 3741
2623 4176
2624 4166
2625 1679
2626 4176
2627 4664
2628 3245
2629 1533
2630 4655
2631 1529
2632 1779
2633 1770
2634 1135
2635 866
2636 1313
2637 1776
2638 866
2639 1201
2640 1946
2641 1268
2642 3807
2643 3806
2644 3283
2645 1623
2646 1489
2647 1137
2648 1139
2649 1139
2650 1139
2651 4664
2652 3226
2653 4137
2654 1672
2655 2972
2656 3887
2657 3886
2658 3890
2659 3826
2660 3894
2661 3886
2662 1623
2663 1546
2664 1543
2665 4420
2666 4664
2667 878
2668 3739
2669 4420
2670 4420
2671 3249
2672 3465
2673 3872
2674 3881
2675 1655
2676 1675
2677 1551
2678 4664
2679 1533
2680 3836
2681 3844
2682 1806
2683 1503
2684 1770
2685 1489
2686 1757
2687 1757
2688 1145
2689 1376
2690 1473
2691 1392
2692 1478
2693 1392
2694 1862
2695 3235
2696 3808
2697 3264
2698 4136
2699 1600
2700 1544
2701 4420
2702 2969
2703 1494
2704 3281
2705 3283
2706 4660
2707 3871
2708 3876
2709 4209
2710 1574
2711 1423
2712 1336
2713 3235
2714 3264
2715 3572
2716 4160
2717 3238
2718 3582
2719 3512
2720 4417
2721 1537
2722 1806
2723 4669
2724 1085
2725 1588
2726 1416
2727 1684
2728 1364
2729 1674
2730 1594
2731 3889
2732 1687
2733 4420
2734 4420
2735 1533
2736 1407
2737 1409
2738 1588
2739 1407
2740 947
2741 1402
2742 1696
2743 1696
2744 1593
2745 3796
2746 3741
2747 3235
2748 3886
2749 4664
2750 4664
2751 3250
2752 1097
2753 3769
2754 3769
2755 3827
2756 3829
2757 3026
2758 915
2759 1546
2760 4176
2761 4655
2762 3825
2763 3769
2764 3845
2765 1136
2766 1136
2767 1840
2768 1136
2769 1840
2770 1376
2771 1473
2772 1376
2773 1473
2774 1376
2775 1473
2776 1850
2777 1259
2778 1478
2779 1376
2780 1135
2781 1541
2782 1545
2783 3838
2784 3835
2785 3889
2786 3827
2787 3890
2788 3889
2789 3886
2790 4417
2791 4423
2792 4423
2793 4417
2794 4423
2795 4664
2796 1388
2797 3580
2798 1674
2799 1684
2800 1139
2801 1684
2802 1486
2803 1681
2804 1696
2805 1696
2806 4664
2807 3842
2808 3842
2809 3237
2810 1852
2811 1841
2812 1852
2813 1853
2814 1850
2815 1850
2816 1376
2817 1376
2818 1754
2819 1840
2820 1754
2821 1851
2822 1841
2823 1853
2824 1851
2825 1473
2826 1376
2827 1853
2828 1473
2829 1851
2830 1473
2831 1478
2832 1478
2833 1491
2834 1478
2835 1478
2836 1392
2837 2258
2838 2257
2839 1375
2840 2262
2841 2257
2842 3712
2843 1674
2844 1675
2845 1655
2846 4666
2847 3249
2848 3840
2849 1097
2850 1576
2851 1754
2852 1841
2853 1851
2854 3256
2855 1852
2856 1139
2857 4420
2858 1389
2859 1424
2860 1629
2861 1470
2862 1693
2863 1852
2864 1473
2865 1473
2866 1473
2867 1392
2868 1259
2869 1478
2870 1491
2871 2258
2872 1506
2873 1506
2874 1491
2875 1478
2876 1491
2877 1478
2878 1478
2879 1259
2880 1852
2881 3238
2882 3250
2883 3260
2884 4664
2885 1673
2886 1136
2887 1598
2888 4664
2889 4216
2890 1428
2891 1135
2892 1851
2893 1851
2894 1853
2895 1853
2896 1670
2897 1601
2898 1554
2899 3250
2900 3635
2901 3461
2902 3872
2903 3872
2904 3805
2905 1840
2906 1145
2907 3256
2908 3260
2909 1536
2910 1681
2911 1681
2912 1849
2913 4664
2914 4145
2915 1841
2916 1564
2917 1539
2918 988
2919 1591
2920 897
2921 3226
2922 3872
2923 4655
2924 4663
2925 1136
2926 3256
2927 1575
2928 1423
2929 1473
2930 1473
2931 4663
2932 4664
2933 3250
2934 1376
2935 1145
2936 1145
2937 1137
2938 1139
2939 1363
2940 1376
2941 1473
2942 1392
2943 1478
2944 2266
2945 1850
2946 1841
2947 1139
2948 3881
2949 3483
2950 1478
2951 1478
2952 1392
2953 1674
2954 1545
2955 1683
2956 3844
2957 3871
2958 3870
2959 3285
2960 3234
2961 3635
2962 1577
2963 4655
2964 4655
2965 4655
2966 3264
2967 4216
2968 4416
2969 3227
2970 4427
2971 1427
2972 3454
2973 3285
2974 3285
2975 1473
2976 1392
2977 1473
2978 1259
2979 1392
2980 1853
2981 1140
2982 3836
2983 1423
2984 4655
2985 4668
2986 4664
2987 4664
2988 4664
2989 4664
2990 4657
2991 4655
2992 4423
2993 1577
2994 3280
2995 3260
2996 1136
2997 1135
2998 3804
2999 3634
3000 1500
3001 3446
3002 3280
3003 1392
3004 1259
3005 1392
3006 1392
3007 1473
3008 1376
3009 3890
3010 1573
3011 1684
3012 1583
3013 1531
3014 1539
3015 3260
3016 1478
3017 2258
3018 1506
3019 2262
3020 3259
3021 4196
3022 4657
3023 4655
3024 3260
3025 4655
3026 4655
3027 3881
3028 3485
3029 3872
3030 1392
3031 1478
3032 1478
3033 1478
3034 1491
3035 3829
3036 3826
3037 4664
3038 4423
3039 1032
3040 3264
3041 3483
3042 3878
3043 1478
3044 4655
3045 3640
3046 3235
3047 3262
3048 3880
3049 3235
3050 1547
3051 1364
3052 1683
3053 1684
3054 1687
3055 4655
3056 4655
3057 3259
3058 3805
3059 3483
3060 3483
3061 1478
3062 3283
3063 3486
3064 3486
3065 4427
3066 1696
3067 1489
3068 3260
3069 1684
3070 4655
3071 1649
3072 990
3073 1593
3074 3875
3075 1690
3076 3260
3077 1491
3078 1506
3079 1491
3080 3264
3081 3486
3082 3486
3083 4417
3084 4664
3085 4664
3086 4664
3087 4664
3088 4664
3089 4655
3090 4655
3091 4655
3092 1672
3093 4664
3094 1136
3095 1376
3096 1137
3097 1137
3098 1486
3099 1138
3100 1135
3101 1376
3102 3878
3103 4664
3104 3588
3105 3829
3106 3838
3107 1581
3108 1589
3109 1491
3110 3485
3111 1392
3112 1506
3113 1478
3114 1478
3115 1473
3116 1473
3117 1136
3118 1543
3119 1575
3120 1584
3121 1135
3122 1392
3123 1478
3124 4216
3125 4416
3126 4655
3127 3588
3128 4657
3129 3769
3130 3635
3131 3234
3132 3263
3133 3810
3134 3811
3135 4216
3136 4655
3137 3801
3138 3872
3139 3483
3140 3259
3141 1491
3142 2257
3143 2260
3144 2257
3145 2262
3146 1491
3147 3259
3148 1491
3149 2258
3150 2262
3151 2260
3152 1378
3153 1378
3154 4987
3155 4248
3156 4249
3157 4258
3158 4280
3159 4280
3160 4280
3161 4280
3162 4280
3163 4280
3164 4280
3165 4280
3166 4257
3167 4249
3168 4248
3169 1491
3170 1478
3171 1407
3172 911
3173 4416
3174 4427
3175 4416
3176 4427
3177 4416
3178 4416
3179 4416
3180 4216
3181 3259
3182 1506
3183 3486
3184 3485
3185 4664
3186 1506
3187 2260
3188 1375
3189 4248
3190 4249
3191 4257
3192 4280
3193 4612
3194 4612
3195 4612
3196 4612
3197 4612
3198 4280
3199 4996
3200 1491
3201 1546
3202 1139
3203 4657
3204 4427
3205 1696
3206 1696
3207 987
3208 1364
3209 1684
3210 1376
3211 1473
3212 4427
3213 3259
3214 3259
3215 4655
3216 4664
3217 1539
3218 1696
3219 3803
3220 3872
3221 3259
3222 2262
3223 3887
3224 4423
3225 4655
3226 1696
3227 4416
3228 1696
3229 4416
3230 1506
3231 4427
3232 2260
3233 3263
3234 3235
3235 3640
3236 3880
3237 2983
3238 1491
3239 1491
3240 2262
3241 1375
3242 1375
3243 1378
3244 1378
3245 4997
3246 5036
3247 4227
3248 4227
3249 1378
3250 1375
3251 2260
3252 1506
3253 4655
3254 4425
3255 1532
3256 1532
3257 4416
3258 4427
3259 2258
3260 4416
3261 4216
3262 4416
3263 4664
3264 4664
3265 4655
3266 4664
3267 3879
3268 3870
3269 1376
3270 1376
3271 3829
3272 4427
3273 4425
3274 4655
3275 4655
3276 4425
3277 4416
3278 3485
3279 3485
3280 3485
3281 3486
3282 2257
3283 3235
3284 1389
3285 1603
3286 4425
3287 1580
3288 4655
3289 3285
3290 3486
3291 4655
3292 4664
3293 3880
3294 1409
3295 1576
3296 1489
3297 4413
3298 1478
3299 4416
3300 4664
3301 4655
3302 4664
3303 4655
3304 2260
3305 1375
3306 2260
3307 2262
3308 1505
3309 1375
3310 4223
3311 5036
3312 4249
3313 4253
3314 4280
3315 4280
3316 4280
3317 4612
3318 4612
3319 2260
3320 1375
3321 1375
3322 1378
3323 1375
3324 1674
3325 3842
3326 3844
3327 1137
3328 1135
3329 1681
3330 4655
3331 4655
3332 4427
3333 4655
3334 4655
3335 1375
3336 1364
3337 2971
3338 1531
3339 4655
3340 4655
3341 4655
3342 4416
3343 4655
3344 4655
3345 4655
3346 4655
3347 4427
3348 4664
3349 4664
3350 4664
3351 1375
3352 3288
3353 3485
3354 1491
3355 948
3356 1145
3357 1478
3358 4655
3359 4427
3360 3285
3361 4655
3362 4664
3363 3485
3364 1378
3365 1375
3366 1378
3367 1378
3368 3235
3369 3882
3370 1653
3371 1145
3372 1138
3373 3840
3374 1696
3375 1491
3376 2257
3377 4655
3378 4655
3379 4655
3380 4655
3381 3486
3382 3804
3383 2257
3384 2260
3385 1539
3386 1478
3387 4223
3388 4997
3389 4248
3390 1551
3391 3771
3392 3234
3393 1073
3394 1375
3395 1364
3396 1603
3397 3825
3398 1378
3399 1392
3400 1376
3401 3234
3402 3263
3403 3804
3404 1696
3405 3879
3406 2260
3407 4249
3408 1478
3409 1137
3410 1506
3411 3485
3412 3485
3413 3486
3414 3485
3415 1375
3416 1378
3417 4997
3418 4248
3419 4249
3420 4258
3421 4280
3422 4280
3423 4280
3424 4614
3425 4631
3426 4631
3427 4631
3428 4612
3429 4612
3430 4987
3431 5036
3432 4997
3433 4997
3434 4257
3435 4257
3436 4257
3437 4280
3438 4253
3439 4258
3440 4257
3441 4258
3442 4257
3443 4257
3444 1473
3445 1473
3446 1473
3447 3825
3448 1376
3449 1603
3450 1668
3451 1506
3452 1506
3453 1506
3454 1506
3455 2262
3456 1378
3457 5036
3458 4248
3459 4249
3460 4996
3461 4280
3462 4254
3463 4227
3464 1375
3465 4249
3466 4254
3467 3842
3468 1667
3469 1649
3470 3880
3471 3288
3472 1378
3473 3486
3474 1375
3475 1669
3476 1401
3477 1506
3478 1375
3479 4280
3480 4612
3481 4280
3482 4280
3483 5036
3484 4280
3485 1392
3486 3640
3487 3771
3488 1364
3489 3263
3490 3879
3491 3811
3492 2257
3493 1473
3494 1655
3495 1473
3496 3486
3497 3288
3498 4249
3499 4258
3500 4248
3501 4257
3502 4280
3503 4249
3504 3235
3505 1145
3506 1473
3507 1376
3508 1593
3509 1602
3510 1551
3511 4248
3512 4280
3513 4248
3514 4280
3515 4257
3516 1486
3517 1478
3518 1696
3519 1487
3520 1375
3521 2260
3522 4997
3523 4987
3524 4996
3525 1375
3526 1137
3527 2262
3528 1375
3529 2260
3530 4280
3531 4248
3532 1364
3533 2262
3534 4223
3535 3234
3536 3871
3537 1378
3538 1506
3539 4612
3540 1674
3541 1674
3542 1139
3543 3263
3544 1588
3545 1602
3546 4249
3547 4280
3548 4612
3549 1674
3550 1364
3551 3263
3552 1375
3553 3810
3554 4254
3555 4248
3556 1376
3557 3825
3558 1554
3559 3811
3560 3883
3561 3811
3562 4612
3563 2971
3564 3887
3565 3826
3566 3882
3567 1539
3568 1506
3569 1670
3570 1551
3571 4280
3572 4614
3573 4631
3574 4631
3575 4631
3576 4630
3577 4630
3578 4630
3579 4694
3580 4698
3581 4698
3582 4698
3583 5164
3584 5164
3585 4684
3586 4684
3587 5164
3588 5164
3589 4684
3590 5164
3591 4631
3592 4631
3593 4631
3594 4631
3595 4631
3596 1491
3597 1603
3598 4597
3599 4694
3600 4597
3601 4597
3602 4596
3603 4630
3604 4630
3605 4630
3606 4630
3607 4596
3608 4698
3609 4698
3610 4698
3611 4698
3612 4698
3613 4698
3614 4698
3615 4698
3616 4597
3617 4597
3618 4597
3619 4597
3620 4597
3621 4630
3622 4630
3623 4630
3624 4630
3625 4630
3626 4631
3627 4627
3628 4739
3629 4631
3630 4631
3631 4631
3632 4597
3633 4597
3634 4698
3635 4698
3636 4698
3637 4698
3638 4698
3639 4698
3640 4698
3641 4698
3642 4698
3643 4698
3644 4698
3645 4698
3646 4694
3647 4597
3648 4694
3649 4597
3650 4597
3651 1376
3652 3263
3653 3229
3654 3879
3655 1505
3656 2257
3657 1506
3658 1532
3659 3288
3660 4612
3661 4612
3662 4614
3663 4614
3664 4631
3665 4614
3666 4631
3667 4614
3668 4631
3669 4631
3670 4614
3671 4631
3672 4631
3673 4597
3674 4597
3675 4612
3676 1573
3677 2971
3678 4596
3679 4630
3680 4630
3681 4630
3682 4630
3683 4631
3684 4631
3685 4631
3686 1473
3687 4257
3688 4280
3689 1551
3690 1378
3691 1378
3692 1378
3693 4225
3694 1392
3695 4597
3696 4630
3697 4249
3698 4253
3699 1506
3700 1375
3701 2260
3702 1555
3703 1554
3704 4612
3705 4597
3706 4597
3707 4631
3708 1543
3709 1376
3710 1684
3711 1478
3712 1604
3713 1375
3714 1601
3715 1601
3716 4596
3717 4579
3718 4596
3719 4597
3720 1473
3721 1473
3722 3263
3723 2258
3724 1378
3725 4223
3726 1601
3727 1597
3728 1573
3729 4631
3730 4631
3731 4631
3732 4614
3733 4631
3734 4631
3735 4739
3736 4597
3737 4630
3738 4630
3739 4630
3740 1140
3741 3827
3742 3770
3743 3810
3744 1532
3745 4630
3746 4630
3747 4631
3748 4631
3749 4579
3750 4631
3751 4631
3752 4631
3753 2257
3754 2262
3755 1506
3756 1505
3757 2262
3758 1375
3759 1491
3760 4630
3761 4630
3762 4630
3763 4630
3764 4597
3765 4597
3766 1670
3767 4630
3768 3640
3769 4739
3770 4630
3771 4630
3772 4630
3773 4630
3774 4630
3775 4280
3776 4257
3777 3455
3778 3829
3779 3635
3780 1491
3781 4596
3782 4630
3783 4630
3784 4579
3785 4739
3786 4579
3787 4248
3788 3838
3789 1531
3790 2971
3791 1672
3792 4258
3793 1551
3794 4579
3795 2971
3796 4631
3797 4631
3798 4627
3799 1137
3800 1376
3801 1376
3802 3769
3803 1478
3804 1392
3805 3825
3806 2260
3807 1531
3808 4612
3809 4612
3810 4630
3811 4630
3812 1138
3813 1378
3814 4612
3815 4597
3816 4698
3817 4698
3818 1674
3819 4254
3820 1687
3821 4612
3822 4739
3823 1506
3824 3770
3825 1670
3826 4612
3827 1601
3828 4248
3829 4597
3830 1473
3831 1669
3832 1375
3833 4612
3834 4280
3835 4280
3836 1674
3837 1378
3838 1375
3839 1378
3840 2257
3841 1375
3842 1375
3843 1375
3844 1378
3845 1363
3846 1137
3847 3455
3848 4597
3849 4597
3850 4597
3851 4597
3852 4597
3853 4597
3854 4597
3855 4694
3856 4694
3857 4694
3858 4698
3859 4698
3860 4698
3861 4698
3862 4698
3863 4698
3864 4597
3865 4596
3866 4597
3867 4698
3868 4698
3869 4698
3870 4698
3871 4698
3872 4698
3873 4698
3874 4698
3875 4698
3876 4698
3877 4694
3878 4596
3879 4630
3880 4630
3881 4630
3882 4630
3883 4630
3884 4630
3885 4630
3886 4739
3887 4579
3888 4630
3889 4630
3890 4596
3891 4694
3892 1376
3893 1135
3894 1145
3895 1684
3896 3829
3897 3887
3898 3825
3899 1601
3900 1674
3901 4612
3902 4612
3903 4631
3904 1478
3905 1392
3906 3262
3907 2983
3908 1376
3909 4280
3910 4631
3911 4627
3912 4630
3913 1378
3914 3771
3915 3455
3916 4249
3917 3838
3918 4596
3919 4596
3920 4698
3921 1655
3922 1378
3923 1360
3924 3829
3925 3455
3926 4248
3927 1139
3928 1140
3929 4630
3930 1145
3931 3880
3932 3288
3933 3223
3934 3263
3935 1364
3936 1649
3937 1543
3938 4630
3939 4631
3940 4631
3941 1375
3942 4596
3943 4596
3944 3635
3945 3223
3946 3640
3947 3451
3948 3810
3949 3640
3950 3263
3951 3263
3952 3452
3953 3882
3954 2983
3955 2982
3956 4597
3957 4698
3958 4280
3959 4280
3960 4280
3961 4631
3962 1478
3963 4280
3964 4614
3965 4248
3966 4597
3967 3827
3968 4597
3969 1392
3970 3811
3971 2983
3972 2999
3973 3455
3974 4630
3975 4739
3976 4631
3977 1392
3978 3879
3979 3452
3980 3882
3981 3234
3982 1378
3983 3882
3984 4257
3985 3811
3986 1478
3987 4630
3988 1375
3989 5036
3990 4280
3991 4579
3992 2260
3993 1392
3994 1473
3995 1376
3996 4248
3997 4248
3998 4248
3999 4597
4000 4597
4001 4597
4002 1506
4003 1506
4004 1491
4005 1506
4006 3811
4007 4698
4008 3811
4009 4698
4010 4698
4011 4597
4012 4698
4013 4694
4014 4597
4015 4997
4016 4996
4017 3829
4018 3235
4019 3235
4020 2983
4021 2983
4022 3025
4023 523
4024 577
4025 577
4026 523
4027 3025
4028 2982
4029 4280
4030 3838
4031 3827
4032 4631
4033 2262
4034 5164
4035 4684
4036 4684
4037 4684
4038 4698
4039 4698
4040 4698
4041 4698
4042 4698
4043 4698
4044 4698
4045 4698
4046 4698
4047 4698
4048 4698
4049 4698
4050 4698
4051 4698
4052 4698
4053 4698
4054 4698
4055 4698
4056 4698
4057 4698
4058 4698
4059 4698
4060 4698
4061 4698
4062 4698
4063 4698
4064 4698
4065 4698
4066 5164
4067 5164
4068 4684
4069 4684
4070 5164
4071 5164
4072 5164
4073 4698
4074 4698
4075 4698
4076 4698
4077 4698
4078 4698
4079 4698
4080 4698
4081 4698
4082 4698
4083 4698
4084 4698
4085 4698
4086 4698
4087 4698
4088 4698
4089 4698
4090 4630
4091 1375
4092 4631
4093 4631
4094 4631
4095 4596
4096 4698
4097 4698
4098 4698
4099 5164
4100 5164
4101 5164
4102 5164
4103 5164
4104 5164
4105 5164
4106 5164
4107 4698
4108 4698
4109 4698
4110 4698
4111 3229
4112 3882
4113 1378
4114 5036
4115 1139
4116 3829
4117 1473
4118 4698
4119 4698
4120 4698
4121 5164
4122 5164
4123 5164
4124 5164
4125 5164
4126 4684
4127 5164
4128 5164
4129 4698
4130 1483
4131 1393
4132 1491
4133 1478
4134 4614
4135 4614
4136 3235
4137 4612
4138 4630
4139 4597
4140 4597
4141 4597
4142 4698
4143 4698
4144 4698
4145 5164
4146 5164
4147 5164
4148 4698
4149 4698
4150 5164
4151 4684
4152 4684
4153 4684
4154 4684
4155 5164
4156 4684
4157 4698
4158 1478
4159 1375
4160 4248
4161 3826
4162 1392
4163 1473
4164 4631
4165 4631
4166 4627
4167 4249
4168 1392
4169 4234
4170 3826
4171 1473
4172 4249
4173 4684
4174 4684
4175 1473
4176 1378
4177 4253
4178 1506
4179 4612
4180 4258
4181 4698
4182 2983
4183 1378
4184 1140
4185 2999
4186 4698
4187 3882
4188 2999
4189 1506
4190 4254
4191 4612
4192 4631
4193 4597
4194 4597
4195 4597
4196 1473
4197 4698
4198 4258
4199 4280
4200 4257
4201 4249
4202 4253
4203 4631
4204 1478
4205 1478
4206 1473
4207 4612
4208 4631
4209 4612
4210 4612
4211 4612
4212 1137
4213 3882
4214 3811
4215 2260
4216 1375
4217 1375
4218 2262
4219 4597
4220 4698
4221 4596
4222 4596
4223 1483
4224 1491
4225 1378
4226 1378
4227 3455
4228 3882
4229 1145
4230 3455
4231 4248
4232 4257
4233 4630
4234 4684
4235 4684
4236 4684
4237 3882
4238 2983
4239 1375
4240 4248
4241 4254
4242 3882
4243 4612
4244 1491
4245 4631
4246 4227
4247 4684
4248 1375
4249 1491
4250 4631
4251 4223
4252 4254
4253 4631
4254 4631
4255 4280
4256 4280
4257 4257
4258 1473
4259 1392
4260 1376
4261 1378
4262 1375
4263 1375
4264 1375
4265 3780
4266 4631
4267 4631
4268 4614
4269 4612
4270 4612
4271 1376
4272 1478
4273 1376
4274 4627
4275 4630
4276 4597
4277 4597
4278 4630
4279 1376
4280 1376
4281 4609
4282 1376
4283 3262
4284 3235
4285 4614
4286 4698
4287 4698
4288 1145
4289 4280
4290 3235
4291 3026
4292 1145
4293 4630
4294 4630
4295 3811
4296 4739
4297 4631
4298 4614
4299 4631
4300 4597
4301 1473
4302 4225
4303 4258
4304 4257
4305 4257
4306 4223
4307 4227
4308 4254
4309 4612
4310 4597
4311 1392
4312 1378
4313 4630
4314 4614
4315 4612
4316 4739
4317 4249
4318 4630
4319 5164
4320 4684
4321 4698
4322 4996
4323 1392
4324 1376
4325 4612
4326 4597
4327 4698
4328 4698
4329 4698
4330 4597
4331 2999
4332 1145
4333 4252
4334 4254
4335 4280
4336 4280
4337 4630
4338 2982
4339 3025
4340 523
4341 2983
4342 2982
4343 3025
4344 3025
4345 3025
4346 3025
4347 538
4348 565
4349 565
4350 565
4351 556
4352 554
4353 554
4354 568
4355 557
4356 1473
4357 1473
4358 4596
4359 3882
4360 3443
4361 4630
4362 5164
4363 5164
4364 2982
4365 4248
4366 4248
4367 4630
4368 4694
4369 4694
4370 4684
4371 2999
4372 4248
4373 4258
4374 4684
4375 4684
4376 5164
4377 4698
4378 4698
4379 4698
4380 4698
4381 4698
4382 4698
4383 4684
4384 4684
4385 5164
4386 5164
4387 4698
4388 4597
4389 4698
4390 4698
4391 4694
4392 4698
4393 4698
4394 4698
4395 3025
4396 3025
4397 3025
4398 2983
4399 2982
4400 3882
4401 3025
4402 576
4403 577
4404 565
4405 565
4406 565
4407 577
4408 564
4409 2999
4410 3025
4411 3025
4412 3025
4413 3025
4414 3025
4415 2982
4416 564
4417 3025
4418 4698
4419 3025
4420 523
4421 3025
4422 5164
4423 5164
4424 2982
4425 2982
4426 4698
4427 4698
4428 4698
4429 5164
4430 5164
4431 5164
4432 5164
4433 5164
4434 5164
4435 5164
4436 5164
4437 4698
4438 3025
4439 3025
4440 3025
4441 4698
4442 3025
4443 3025
4444 523
4445 2982
4446 4698
4447 4698
4448 523
4449 3025
4450 577
4451 564
4452 3025
4453 3025
4454 523
4455 564
4456 2999
4457 2999
4458 3025
4459 4698
4460 2982
4461 3025
4462 564
4463 538
4464 565
4465 565
4466 3025
4467 3025
4468 523
4469 2982
4470 4698
4471 3025
4472 3025
4473 4698
4474 4698
4475 4698
4476 4698
4477 4698
4478 4698
4479 4698
4480 4698
4481 4698
4482 4698
4483 4698
4484 4698
4485 4698
4486 4698
4487 3025
4488 564
4489 3025
4490 4698
4491 4698
4492 3025
4493 565
4494 3025
4495 523
4496 3025
4497 3025
4498 3025
4499 3025
4500 523
4501 523
4502 3025
4503 3025
4504 3025
4505 523
4506 523
4507 577
4508 523
4509 577
4510 565
4511 577
4512 564
4513 565
4514 577
4515 564
4516 564
4517 564
4518 565
4519 569
4520 577
4521 565
4522 3025
4523 564
4524 577
4525 577
4526 577
4527 3025
4528 565
4529 565
4530 565
4531 570
4532 558
4533 567
4534 534
4535 553
4536 553
4537 553
4538 553
4539 219
4540 314
4541 337
4542 218
4543 337
4544 301
4545 305
4546 314
4547 333
4548 130
4549 135
4550 105
4551 105
4552 105
4553 105
4554 105
4555 105
4556 105
4557 105
4558 105
4559 105
4560 105
4561 105
4562 105
4563 105
4564 105
4565 105
4566 105
4567 105
4568 565
4569 569
4570 570
4571 563
4572 567
4573 599
4574 557
4575 557
4576 577
4577 569
4578 569
4579 577
4580 564
4581 577
4582 565
4583 570
4584 557
4585 561
4586 565
4587 565
4588 569
4589 570
4590 561
4591 561
4592 558
4593 565
4594 565
4595 564
4596 565
4597 569
4598 565
4599 569
4600 577
4601 577
4602 565
4603 569
4604 577
4605 565
4606 565
4607 523
4608 523
4609 569
4610 570
4611 565
4612 570
4613 561
4614 564
4615 563
4616 558
4617 554
4618 553
4619 218
4620 326
4621 352
4622 352
4623 110
4624 110
4625 110
4626 135
4627 105
4628 105
4629 105
4630 105
4631 105
4632 105
4633 135
4634 105
4635 130
4636 135
4637 110
4638 333
4639 333
4640 307
4641 301
4642 553
4643 569
4644 565
4645 565
4646 538
4647 130
4648 561
4649 565
4650 565
4651 570
4652 561
4653 547
4654 557
4655 570
4656 590
4657 553
4658 557
4659 538
4660 538
4661 577
4662 577
4663 540
4664 534
4665 565
4666 554
4667 554
4668 554
4669 218
4670 554
4671 554
4672 554
4673 577
4674 105
4675 105
4676 105
4677 105
4678 105
4679 105
4680 105
4681 105
4682 105
4683 105
4684 105
4685 105
4686 105
4687 135
4688 130
4689 105
4690 105
4691 105
4692 105
4693 105
4694 105
4695 105
4696 110
4697 538
4698 565
4699 105
4700 105
4701 105
4702 105
4703 105
4704 105
4705 130
4706 570
4707 554
4708 105
4709 105
4710 105
4711 105
4712 105
4713 553
4714 565
4715 534
4716 105
4717 105
4718 105
4719 105
4720 105
4721 105
4722 105
4723 577
4724 565
4725 565
4726 577
4727 577
4728 105
4729 105
4730 547
4731 218
4732 105
4733 569
4734 570
4735 561
4736 105
4737 599
4738 105
4739 105
4740 105
4741 105
4742 135
4743 130
4744 130
4745 135
4746 135
4747 569
4748 105
4749 105
4750 553
4751 553
4752 590
4753 557
4754 105
4755 105
4756 105
4757 540
4758 554
4759 558
4760 105
4761 553
4762 534
4763 105
4764 554
4765 553
4766 553
4767 553
4768 337
4769 565
4770 553
4771 105
4772 105
4773 105
4774 105
4775 135
4776 135
4777 534
4778 553
4779 105
4780 105
4781 570
4782 590
4783 301
4784 105
4785 557
4786 218
4787 105
4788 130
4789 110
4790 110
4791 333
4792 553
4793 218
4794 218
4795 218
4796 569
4797 557
4798 337
4799 561
4800 557
4801 569
4802 569
4803 110
4804 333
4805 333
4806 333
4807 266
4808 305
4809 333
4810 105
4811 569
4812 110
4813 130
4814 130
4815 110
4816 554
4817 563
4818 557
4819 105
4820 105
4821 105
4822 105
4823 554
4824 352
4825 352
4826 110
4827 110
4828 110
4829 135
4830 135
4831 554
4832 110
4833 110
4834 110
4835 110
4836 105
4837 105
4838 534
4839 218
4840 553
4841 553
4842 534
4843 553
4844 105
4845 110
4846 333
4847 105
4848 105
4849 333
4850 333
4851 352
4852 333
4853 105
4854 557
4855 556
4856 557
4857 105
4858 105
4859 135
4860 135
4861 135
4862 135
4863 135
4864 135
4865 135
4866 105
4867 135
4868 337
4869 135
4870 333
4871 333
4872 110
4873 110
4874 135
4875 563
4876 561
4877 553
4878 553
4879 314
4880 352
4881 314
4882 305
4883 557
4884 568
4885 553
4886 105
4887 105
4888 105
4889 105
4890 105
4891 105
4892 105
4893 105
4894 105
4895 130
4896 557
4897 352
4898 105
4899 105
4900 105
4901 135
4902 333
4903 352
4904 105
4905 352
4906 218
4907 599
4908 554
4909 534
4910 590
4911 333
4912 333
4913 105
4914 135
4915 130
4916 135
4917 135
4918 135
4919 135
4920 110
4921 553
4922 553
4923 130
4924 135
4925 314
4926 557
4927 600
4928 135
4929 130
4930 135
4931 130
4932 105
4933 105
4934 105
4935 105
4936 253
4937 333
4938 130
4939 333
4940 554
4941 599
4942 554
4943 553
4944 553
4945 554
4946 554
4947 105
4948 135
4949 333
4950 130
4951 110
4952 110
4953 253
4954 553
4955 534
4956 130
4957 218
4958 130
4959 110
4960 110
4961 352
4962 305
4963 553
4964 352
4965 553
4966 266
4967 218
4968 218
4969 135
4970 253
4971 105
4972 110
4973 110
4974 333
4975 105
4976 333
4977 352
4978 110
4979 135
4980 130
4981 130
4982 130
4983 130
4984 135
4985 110
4986 130
4987 110
4988 130
4989 130
4990 2554
4991 2879
4992 2467
4993 2467
4994 2467
4995 2467
4996 2467
4997 2467
4998 2467
4999 2467
5000 2467
5001 2467
5002 2564
5003 2556
5004 2556
5005 2556
5006 2556
5007 2556
5008 2870
5009 4979
5010 4979
5011 2447
5012 2497
5013 2497
5014 2497
5015 2497
5016 4979
5017 2802
5018 2802
5019 2447
5020 2802
5021 2446
5022 2497
5023 2497
5024 2447
5025 4979
5026 4979
5027 2802
5028 2802
5029 2447
5030 2447
5031 2447
5032 2447
5033 4979
5034 2802
5035 2406
5036 2446
5037 2446
5038 2446
5039 2446
5040 2446
5041 2446
5042 4979
5043 4979
5044 2802
5045 2802
5046 2446
5047 2446
5048 2447
5049 2447
5050 2389
5051 2802
5052 2802
5053 2497
5054 2446
5055 2446
5056 2446
5057 4979
5058 4979
5059 2446
5060 2389
5061 4979
5062 2497
5063 2446
5064 2446
5065 2446
5066 2497
5067 4979
5068 4979
5069 3902
5070 3658
5071 3902
5072 3625
5073 3902
5074 3658
5075 2199
5076 2177
5077 3660
5078 2190
5079 3641
5080 3715
5081 3716
5082 4655
5083 4664
5084 4664
5085 4655
5086 4211
5087 1135
5088 1681
5089 1489
5090 1758
5091 1946
5092 1489
5093 1861
5094 1868
5095 1840
5096 4209
5097 3878
5098 4698
5099 4698
5100 4684
5101 4698
5102 4698
5103 4698
5104 4698
5105 4698
5106 4698
5107 4698
5108 4597
5109 4698
5110 4694
5111 4597
5112 4694
5113 4694
5114 4694
5115 4694
5116 4694
5117 4698
5118 4698
5119 4698
5120 4698
5121 4698
5122 4698
5123 4698
5124 4698
5125 4597
5126 5164
5127 5164
5128 4684
5129 4698
5130 4597
5131 4694
5132 4698
5133 4698
5134 4698
5135 4698
5136 4698
5137 4698
5138 4694
5139 4698
5140 4698
5141 4698
5142 2999
5143 3262
5144 3235
5145 3223
5146 3263
5147 3262
5148 3882
5149 3882
5150 3810
5151 5164
5152 105
5153 105
5154 105
5155 105
5156 105
5157 337
5158 105
5159 105
5160 554
5161 105
5162 352
5163 333
5164 105
5165 105
5166 105
5167 105
5168 577
5169 105
5170 105
5171 105
5172 105
5173 2446
5174 2446
5175 2446
5176 1868
5177 1129
5178 1840
5179 1757
5180 1868
5181 1866
5182 1868
5183 1858
5184 1840
5185 1840
5186 1840
5187 1840
5188 1840
5189 1868
5190 1868
5191 1754
5192 1868
5193 1861
5194 1840
5195 1858
5196 1852
5197 1868
5198 1858
