0 232
1 421
2 5
3 249
4 2798
5 127
6 249
7 272
8 388
9 261
10 388
11 271
12 221
13 221
14 154
15 154
16 168
17 1776
18 1776
19 270
20 189
21 107
22 2808
23 109
24 168
25 199
26 168
27 190
28 189
29 189
30 107
31 351
32 190
33 190
34 352
35 190
36 107
37 107
38 107
39 107
40 389
41 393
42 490
43 494
44 168
45 488
46 488
47 486
48 486
49 361
50 406
51 394
52 221
53 221
54 173
55 200
56 200
57 221
58 255
59 394
60 386
61 255
62 255
63 488
64 488
65 488
66 488
67 492
68 492
69 490
70 490
71 488
72 492
73 492
74 494
75 490
76 1777
77 490
78 488
79 488
80 488
81 488
82 488
83 490
84 490
85 492
86 492
87 389
88 494
89 522
90 494
91 494
92 494
93 523
94 523
95 488
96 389
97 389
98 406
99 396
100 396
101 386
102 185
103 186
104 2788
105 2798
106 2808
107 2808
108 2798
109 2798
110 270
111 188
112 6
113 270
114 270
115 270
116 105
117 2
118 105
119 122
120 2
121 6
122 2788
123 127
124 127
125 2788
126 128
127 128
128 128
129 128
130 127
131 127
132 3770
133 3744
134 3762
135 414
136 249
137 221
138 200
139 200
140 201
141 200
142 172
143 201
144 172
145 299
146 205
147 205
148 175
149 205
150 441
151 1280
152 1313
153 219
154 200
155 274
156 272
157 10
158 411
159 414
160 249
161 411
162 3677
163 3772
164 3761
165 3761
166 411
167 3762
168 3695
169 3688
170 3522
171 3667
172 175
173 146
174 297
175 208
176 3908
177 3891
178 3562
179 3563
180 3889
181 3733
182 3525
183 3733
184 3715
185 3715
186 3816
187 3807
188 105
189 122
190 105
191 2
192 270
193 274
194 176
195 3922
196 3762
197 1907
198 3552
199 3766
200 146
201 172
202 148
203 172
204 3796
205 3722
206 208
207 219
208 211
209 213
210 211
211 3060
212 1331
213 1331
214 1279
215 3067
216 1300
217 1307
218 218
219 222
220 3715
221 54
222 219
223 308
224 213
225 3797
226 3797
227 6
228 2798
229 2788
230 127
231 127
232 3848
233 233
234 128
235 233
236 406
237 181
238 388
239 178
240 105
241 105
242 105
243 521
244 221
245 394
246 270
247 3645
248 3644
249 3894
250 3704
251 3778
252 3778
253 3778
254 3778
255 3807
256 1331
257 4800
258 3646
259 3745
260 272
261 261
262 388
263 388
264 387
265 394
266 221
267 226
268 173
269 3520
270 3894
271 3898
272 3527
273 3520
274 3777
275 482
276 488
277 374
278 494
279 1777
280 403
281 523
282 224
283 148
284 297
285 441
286 351
287 351
288 351
289 351
290 488
291 486
292 482
293 486
294 488
295 175
296 297
297 1313
298 218
299 829
300 3729
301 4800
302 4800
303 3935
304 3728
305 3728
306 175
307 224
308 206
309 297
310 351
311 351
312 190
313 190
314 190
315 190
316 190
317 351
318 352
319 351
320 351
321 351
322 351
323 352
324 352
325 352
326 107
327 351
328 2808
329 2808
330 109
331 107
332 107
333 213
334 297
335 3745
336 3746
337 492
338 127
339 181
340 168
341 1776
342 270
343 176
344 128
345 128
346 128
347 127
348 127
349 2798
350 127
351 105
352 105
353 125
354 2
355 105
356 2798
357 170
358 2
359 270
360 445
361 53
362 303
363 422
364 226
365 422
366 81
367 3055
368 1908
369 1908
370 1907
371 1907
372 81
373 81
374 3071
375 434
376 81
377 10
378 392
379 276
380 177
381 303
382 399
383 303
384 3886
385 3778
386 3566
387 3652
388 3732
389 3732
390 3652
391 3656
392 401
393 92
394 3715
395 3652
396 3713
397 3732
398 3658
399 3817
400 3817
401 446
402 446
403 445
404 446
405 390
406 401
407 2808
408 127
409 2788
410 128
411 3704
412 3772
413 3777
414 3894
415 386
416 255
417 478
418 478
419 480
420 482
421 128
422 3665
423 4800
424 4073
425 1320
426 4313
427 374
428 374
429 351
430 488
431 190
432 190
433 190
434 374
435 2
436 2798
437 351
438 351
439 351
440 819
441 817
442 480
443 486
444 3644
445 3665
446 3817
447 401
448 90
449 80
450 80
451 1309
452 1313
453 4292
454 189
455 107
456 127
457 3886
458 494
459 490
460 4800
461 224
462 351
463 3662
464 81
465 81
466 81
467 81
468 81
469 81
470 81
471 81
472 81
473 81
474 81
475 81
476 81
477 1908
478 81
479 81
480 81
481 81
482 81
483 81
484 401
485 90
486 81
487 81
488 70
489 337
490 86
491 86
492 90
493 86
494 90
495 446
496 81
497 81
498 81
499 81
500 80
501 81
502 81
503 71
504 90
505 86
506 86
507 86
508 86
509 70
510 86
511 86
512 86
513 86
514 86
515 70
516 86
517 401
518 90
519 457
520 90
521 384
522 384
523 384
524 66
525 64
526 457
527 86
528 86
529 86
530 90
531 90
532 446
533 384
534 90
535 86
536 86
537 86
538 86
539 86
540 86
541 86
542 70
543 70
544 86
545 70
546 80
547 70
548 86
549 86
550 86
551 70
552 70
553 80
554 81
555 81
556 81
557 81
558 81
559 81
560 81
561 81
562 81
563 81
564 81
565 81
566 81
567 81
568 81
569 81
570 6274
571 2872
572 6273
573 6274
574 81
575 81
576 81
577 81
578 81
579 81
580 81
581 70
582 86
583 70
584 2878
585 1304
586 805
587 2812
588 3471
589 694
590 1753
591 2813
592 2855
593 597
594 3031
595 2858
596 2857
597 1352
598 688
599 660
600 1758
601 1757
602 3031
603 2935
604 2966
605 622
606 608
607 744
608 742
609 608
610 2906
611 1191
612 2906
613 2906
614 2851
615 1486
616 2835
617 2840
618 1269
619 620
620 2883
621 2883
622 3036
623 3483
624 3031
625 3031
626 1678
627 1395
628 1382
629 1678
630 1705
631 1704
632 1712
633 1710
634 943
635 3042
636 1823
637 1821
638 3043
639 2940
640 2859
641 3039
642 1757
643 1415
644 646
645 1270
646 1268
647 795
648 3039
649 651
650 3483
651 3036
652 2844
653 2842
654 1696
655 721
656 721
657 1740
658 1496
659 1483
660 941
661 1493
662 720
663 633
664 633
665 630
666 2856
667 2856
668 2906
669 761
670 761
671 724
672 2961
673 2943
674 1885
675 1424
676 1705
677 1696
678 632
679 632
680 717
681 2996
682 755
683 716
684 767
685 891
686 1758
687 661
688 724
689 2842
690 618
691 765
692 2826
693 726
694 729
695 2852
696 4697
697 4217
698 4214
699 1755
700 4696
701 3074
702 2812
703 1346
704 613
705 1622
706 1872
707 1873
708 3009
709 1242
710 743
711 743
712 1880
713 2903
714 1879
715 1402
716 2955
717 2955
718 2953
719 1901
720 1710
721 1376
722 1436
723 1437
724 1253
725 893
726 3064
727 731
728 895
729 3064
730 1240
731 733
732 733
733 2887
734 1863
735 1245
736 1253
737 1888
738 1880
739 1879
740 754
741 2957
742 818
743 742
744 818
745 1304
746 1297
747 1816
748 745
749 2997
750 2931
751 684
752 3027
753 1879
754 713
755 754
756 756
757 1545
758 713
759 713
760 1545
761 1434
762 2960
763 1442
764 1508
765 751
766 752
767 749
768 927
769 1438
770 1874
771 1508
772 1342
773 2901
774 1433
775 779
776 1411
777 2984
778 1445
779 1444
780 1343
781 782
782 1810
783 1811
784 785
785 2983
786 779
787 1445
788 1678
789 1395
790 1382
791 1444
792 1409
793 1232
794 1757
795 659
796 1315
797 2821
798 1315
799 1376
800 1712
801 1376
802 1710
803 1280
804 586
805 584
806 1300
807 1702
808 1701
809 1730
810 1911
811 2872
812 3171
813 3067
814 1300
815 1700
816 1699
817 817
818 817
819 817
820 820
821 820
822 1911
823 1730
824 1427
825 3169
826 4302
827 4300
828 4293
829 4294
830 1696
831 1705
832 1687
833 1965
834 1690
835 1687
836 1588
837 1687
838 1690
839 1954
840 886
841 2928
842 1645
843 1725
844 1712
845 1719
846 1621
847 1689
848 1980
849 1690
850 1976
851 1977
852 1972
853 1978
854 1965
855 844
856 676
857 1567
858 3123
859 1449
860 844
861 845
862 3090
863 1789
864 3111
865 3090
866 1913
867 1701
868 1914
869 1575
870 1974
871 1949
872 1590
873 937
874 937
875 1797
876 1449
877 1797
878 1925
879 3087
880 3085
881 3085
882 1788
883 1729
884 1554
885 1789
886 1714
887 1310
888 2821
889 1493
890 2821
891 1834
892 1834
893 1434
894 1252
895 1899
896 2969
897 1972
898 1942
899 1942
900 1975
901 1967
902 1966
903 1966
904 1978
905 1966
906 822
907 822
908 869
909 1263
910 1446
911 809
912 1587
913 3100
914 1610
915 1608
916 2928
917 3122
918 801
919 663
920 2911
921 919
922 918
923 890
924 889
925 2833
926 1251
927 1250
928 1493
929 2827
930 3065
931 3029
932 1742
933 1925
934 1925
935 1970
936 1354
937 1752
938 1740
939 1621
940 1269
941 2851
942 2850
943 653
944 1686
945 823
946 823
947 1321
948 1321
949 1230
950 1230
951 1228
952 834
953 1478
954 905
955 848
956 849
957 1980
958 1228
959 1963
960 1977
961 1321
962 1967
963 1923
964 832
965 1979
966 1224
967 1935
968 1979
969 1967
970 1967
971 1963
972 1967
973 1968
974 1321
975 848
976 1937
977 1228
978 849
979 849
980 1937
981 847
982 1937
983 847
984 1940
985 1229
986 1944
987 1935
988 1943
989 1943
990 1938
991 969
992 1945
993 1945
994 969
995 4537
996 4537
997 4538
998 4537
999 4538
1000 4491
1001 958
1002 4538
1003 958
1004 4491
1005 4537
1006 958
1007 958
1008 4491
1009 974
1010 4491
1011 974
1012 4491
1013 958
1014 958
1015 4538
1016 4491
1017 974
1018 4493
1019 4493
1020 974
1021 1229
1022 1229
1023 973
1024 973
1025 958
1026 958
1027 904
1028 973
1029 973
1030 960
1031 1229
1032 1229
1033 959
1034 974
1035 974
1036 974
1037 974
1038 958
1039 958
1040 958
1041 974
1042 974
1043 4491
1044 4491
1045 974
1046 974
1047 4537
1048 4537
1049 4537
1050 4537
1051 4537
1052 4538
1053 4538
1054 4538
1055 4537
1056 4552
1057 4552
1058 4536
1059 4552
1060 4665
1061 4552
1062 4552
1063 4665
1064 4552
1065 4665
1066 4552
1067 4552
1068 4553
1069 4538
1070 4552
1071 4665
1072 4570
1073 4552
1074 4586
1075 4562
1076 4562
1077 4581
1078 4568
1079 4568
1080 4582
1081 4582
1082 4568
1083 4568
1084 4552
1085 4570
1086 4599
1087 4938
1088 4938
1089 4947
1090 4583
1091 4600
1092 4600
1093 4583
1094 4580
1095 4580
1096 4582
1097 4585
1098 4568
1099 4581
1100 4941
1101 4568
1102 4568
1103 4581
1104 4590
1105 4590
1106 4601
1107 4601
1108 4600
1109 4614
1110 4619
1111 4600
1112 4607
1113 4643
1114 4601
1115 4601
1116 4607
1117 4607
1118 4562
1119 4607
1120 6577
1121 6574
1122 6574
1123 6574
1124 6577
1125 4590
1126 4590
1127 6577
1128 4621
1129 6574
1130 6579
1131 4621
1132 6596
1133 6596
1134 4621
1135 6596
1136 6596
1137 2242
1138 1925
1139 1970
1140 1354
1141 1321
1142 1321
1143 849
1144 1228
1145 905
1146 974
1147 960
1148 4491
1149 4536
1150 4552
1151 4941
1152 4568
1153 4941
1154 4580
1155 4583
1156 4607
1157 4944
1158 6579
1159 1555
1160 1791
1161 3086
1162 1588
1163 1970
1164 1970
1165 2242
1166 2242
1167 959
1168 1945
1169 959
1170 959
1171 973
1172 973
1173 905
1174 905
1175 4568
1176 4665
1177 4568
1178 4665
1179 4552
1180 4668
1181 4582
1182 4582
1183 4582
1184 1228
1185 849
1186 1322
1187 1228
1188 2830
1189 2825
1190 647
1191 724
1192 618
1193 621
1194 647
1195 725
1196 646
1197 1193
1198 2959
1199 1868
1200 2837
1201 3020
1202 1248
1203 800
1204 1607
1205 1793
1206 1727
1207 3096
1208 832
1209 2110
1210 1970
1211 1202
1212 1235
1213 3496
1214 2884
1215 2882
1216 3471
1217 4701
1218 2882
1219 6432
1220 6333
1221 1354
1222 1970
1223 1354
1224 869
1225 3094
1226 1930
1227 2242
1228 1686
1229 1686
1230 1974
1231 1635
1232 1669
1233 1667
1234 1633
1235 2970
1236 2932
1237 818
1238 1318
1239 710
1240 1811
1241 1297
1242 2890
1243 1823
1244 1821
1245 1862
1246 1661
1247 2910
1248 2845
1249 767
1250 2845
1251 616
1252 2937
1253 2936
1254 1200
1255 686
1256 2998
1257 3026
1258 1669
1259 1668
1260 1414
1261 2820
1262 1965
1263 1686
1264 2830
1265 2841
1266 2830
1267 616
1268 722
1269 722
1270 1757
1271 2902
1272 1866
1273 1866
1274 937
1275 1953
1276 3086
1277 1354
1278 1354
1279 820
1280 819
1281 1416
1282 2985
1283 756
1284 1272
1285 1866
1286 1271
1287 1271
1288 1272
1289 622
1290 595
1291 594
1292 2858
1293 2858
1294 597
1295 596
1296 2858
1297 1304
1298 2877
1299 3495
1300 3495
1301 4785
1302 1306
1303 2812
1304 6274
1305 4183
1306 4234
1307 814
1308 700
1309 4698
1310 1678
1311 1398
1312 1280
1313 1313
1314 1678
1315 1737
1316 1216
1317 693
1318 1820
1319 820
1320 700
1321 1685
1322 1685
1323 1718
1324 1705
1325 3019
1326 3022
1327 919
1328 3018
1329 6299
1330 3023
1331 6333
1332 2929
1333 888
1334 2914
1335 1779
1336 3097
1337 3097
1338 3110
1339 3115
1340 1442
1341 1343
1342 942
1343 2893
1344 801
1345 887
1346 2959
1347 2959
1348 3173
1349 600
1350 3042
1351 669
1352 599
1353 1354
1354 1354
1355 785
1356 2979
1357 2994
1358 775
1359 1354
1360 1354
1361 1975
1362 3081
1363 3094
1364 3084
1365 867
1366 867
1367 823
1368 1321
1369 4538
1370 4552
1371 4585
1372 4580
1373 4600
1374 6579
1375 4607
1376 1482
1377 1481
1378 1231
1379 1675
1380 790
1381 1231
1382 1232
1383 1505
1384 1679
1385 1668
1386 1634
1387 1324
1388 1667
1389 1705
1390 1641
1391 2832
1392 1707
1393 1640
1394 1734
1395 1678
1396 1232
1397 1232
1398 1678
1399 1343
1400 637
1401 3000
1402 1871
1403 1510
1404 1884
1405 1505
1406 2821
1407 1341
1408 1444
1409 1341
1410 1445
1411 1445
1412 1341
1413 1414
1414 1668
1415 1850
1416 1874
1417 2958
1418 2957
1419 2957
1420 761
1421 2906
1422 764
1423 1270
1424 2908
1425 724
1426 2831
1427 6501
1428 1445
1429 1444
1430 1410
1431 1340
1432 1903
1433 777
1434 703
1435 2963
1436 2861
1437 2936
1438 1438
1439 1508
1440 1508
1441 775
1442 1440
1443 634
1444 1343
1445 1442
1446 1600
1447 1730
1448 1695
1449 1666
1450 1608
1451 1928
1452 3085
1453 1227
1454 1600
1455 1229
1456 1224
1457 1944
1458 1937
1459 1937
1460 1944
1461 1936
1462 1940
1463 1322
1464 4600
1465 4599
1466 4601
1467 4582
1468 4568
1469 4582
1470 4599
1471 4619
1472 4619
1473 4599
1474 4619
1475 1970
1476 3096
1477 1604
1478 1685
1479 3100
1480 1610
1481 1491
1482 798
1483 1490
1484 1491
1485 1489
1486 1264
1487 2840
1488 1710
1489 1315
1490 2841
1491 1315
1492 1391
1493 1426
1494 2846
1495 1426
1496 2845
1497 1954
1498 2110
1499 1797
1500 1579
1501 1797
1502 1342
1503 1840
1504 1840
1505 1444
1506 923
1507 1860
1508 2891
1509 2966
1510 3030
1511 1914
1512 1914
1513 1572
1514 832
1515 3087
1516 3086
1517 957
1518 1229
1519 974
1520 958
1521 958
1522 4537
1523 4536
1524 4665
1525 4582
1526 4668
1527 4582
1528 4599
1529 4601
1530 4947
1531 4590
1532 6596
1533 1970
1534 2110
1535 3471
1536 1271
1537 754
1538 1508
1539 3096
1540 3109
1541 1668
1542 1232
1543 1342
1544 2944
1545 2945
1546 4467
1547 4468
1548 4510
1549 4707
1550 4467
1551 4468
1552 5703
1553 4468
1554 4468
1555 5424
1556 4510
1557 4468
1558 4468
1559 4509
1560 4925
1561 1208
1562 1452
1563 878
1564 3145
1565 865
1566 865
1567 1338
1568 6565
1569 6552
1570 4693
1571 3147
1572 5390
1573 5417
1574 6335
1575 5390
1576 6565
1577 6565
1578 5424
1579 5382
1580 5381
1581 5424
1582 4970
1583 4651
1584 4708
1585 4970
1586 4509
1587 4468
1588 4509
1589 6556
1590 4450
1591 4462
1592 4652
1593 5393
1594 5381
1595 5382
1596 5390
1597 6562
1598 5381
1599 6553
1600 1208
1601 4693
1602 4925
1603 1161
1604 3132
1605 878
1606 1161
1607 1497
1608 3144
1609 3147
1610 1497
1611 1276
1612 881
1613 5056
1614 5415
1615 6563
1616 6563
1617 6564
1618 1338
1619 3150
1620 1802
1621 1801
1622 2921
1623 3103
1624 1161
1625 1160
1626 3105
1627 914
1628 1480
1629 912
1630 1801
1631 856
1632 857
1633 2920
1634 856
1635 2923
1636 5050
1637 5041
1638 860
1639 5041
1640 2922
1641 2925
1642 2922
1643 3091
1644 3086
1645 1804
1646 863
1647 864
1648 5160
1649 5047
1650 5057
1651 5057
1652 5047
1653 5047
1654 4349
1655 3510
1656 1804
1657 1794
1658 1794
1659 3110
1660 3108
1661 1801
1662 1794
1663 5052
1664 5057
1665 5219
1666 865
1667 657
1668 663
1669 655
1670 654
1671 1652
1672 1635
1673 1679
1674 1634
1675 1679
1676 5041
1677 5042
1678 1678
1679 1679
1680 920
1681 860
1682 664
1683 2920
1684 1803
1685 878
1686 4970
1687 4649
1688 879
1689 4970
1690 4649
1691 5382
1692 5424
1693 4510
1694 5052
1695 5418
1696 3156
1697 2926
1698 2920
1699 3086
1700 915
1701 1497
1702 1480
1703 3156
1704 2921
1705 2921
1706 1793
1707 5042
1708 5062
1709 664
1710 665
1711 2923
1712 679
1713 2920
1714 663
1715 678
1716 1678
1717 678
1718 655
1719 657
1720 857
1721 879
1722 3132
1723 1206
1724 912
1725 3150
1726 4925
1727 4468
1728 3147
1729 4364
1730 880
1731 3156
1732 1794
1733 3156
1734 1481
1735 2923
1736 1794
1737 1678
1738 1206
1739 3155
1740 1803
1741 4509
1742 6335
1743 5419
1744 6563
1745 677
1746 705
1747 2921
1748 5062
1749 5062
1750 4649
1751 5047
1752 3144
1753 6500
1754 4182
1755 4220
1756 1268
1757 1269
1758 1269
1759 762
1760 762
1761 1871
1762 1759
1763 1193
1764 75
1765 3765
1766 3603
1767 2929
1768 3123
1769 3098
1770 81
1771 70
1772 80
1773 81
1774 81
1775 1907
1776 3765
1777 5366
1778 1908
1779 2834
1780 1376
1781 3018
1782 1248
1783 3124
1784 3501
1785 3124
1786 1657
1787 1909
1788 1900
1789 1910
1790 1619
1791 1910
1792 1619
1793 1620
1794 1738
1795 1666
1796 1700
1797 1699
1798 1700
1799 1916
1800 1916
1801 1608
1802 1608
1803 1792
1804 1791
1805 3111
1806 3107
1807 3107
1808 693
1809 742
1810 607
1811 743
1812 1823
1813 1238
1814 2888
1815 1849
1816 743
1817 1297
1818 1810
1819 1811
1820 747
1821 783
1822 1238
1823 1238
1824 1238
1825 3009
1826 3011
1827 1887
1828 604
1829 1833
1830 637
1831 2894
1832 1881
1833 1873
1834 3037
1835 3034
1836 2941
1837 1840
1838 2942
1839 675
1840 1848
1841 1545
1842 2966
1843 599
1844 636
1845 1869
1846 738
1847 1869
1848 2903
1849 782
1850 2894
1851 637
1852 604
1853 2891
1854 1831
1855 1883
1856 1403
1857 1885
1858 771
1859 1866
1860 2891
1861 1849
1862 1316
1863 609
1864 1814
1865 1888
1866 1876
1867 770
1868 759
1869 738
1870 1860
1871 635
1872 666
1873 733
1874 637
1875 1842
1876 2953
1877 2953
1878 771
1879 1271
1880 759
1881 1849
1882 1510
1883 634
1884 1885
1885 3011
1886 3010
1887 3009
1888 1355
1889 1508
1890 1887
1891 1851
1892 785
1893 732
1894 732
1895 730
1896 1813
1897 2968
1898 1242
1899 693
1900 1795
1901 785
1902 779
1903 736
1904 1669
1905 1777
1906 403
1907 478
1908 478
1909 1795
1910 3107
1911 1516
1912 3147
1913 3147
1914 6335
1915 5417
1916 6562
1917 1479
1918 2241
1919 2279
1920 2279
1921 2241
1922 2209
1923 2234
1924 2228
1925 2234
1926 2228
1927 2228
1928 2234
1929 2234
1930 2228
1931 2208
1932 2241
1933 2234
1934 2234
1935 2228
1936 2209
1937 2228
1938 2228
1939 2112
1940 2228
1941 2228
1942 2112
1943 2017
1944 2228
1945 2017
1946 4520
1947 4509
1948 4510
1949 4509
1950 2241
1951 4510
1952 4510
1953 4509
1954 2241
1955 4510
1956 4520
1957 4510
1958 2241
1959 2279
1960 2234
1961 2279
1962 2209
1963 2279
1964 4480
1965 4480
1966 2208
1967 2234
1968 2241
1969 2228
1970 2228
1971 4520
1972 2019
1973 2241
1974 4480
1975 2019
1976 1210
1977 2241
1978 2241
1979 2017
1980 4652
1981 1988
1982 2024
1983 1988
1984 2024
1985 2071
1986 1985
1987 2070
1988 2022
1989 2252
1990 2024
1991 2287
1992 2287
1993 2287
1994 2287
1995 2287
1996 1988
1997 2000
1998 2004
1999 2004
2000 2000
2001 2077
2002 2000
2003 2000
2004 2061
2005 2249
2006 2251
2007 1988
2008 1988
2009 2287
2010 2287
2011 2252
2012 1988
2013 2023
2014 2023
2015 2092
2016 2021
2017 2023
2018 2023
2019 2018
2020 2021
2021 2023
2022 2071
2023 2021
2024 2022
2025 2023
2026 2023
2027 6165
2028 6162
2029 6162
2030 6165
2031 2023
2032 2023
2033 2023
2034 2071
2035 2022
2036 2701
2037 6165
2038 6162
2039 6162
2040 6165
2041 2251
2042 2251
2043 2052
2044 2052
2045 2287
2046 2287
2047 2287
2048 2287
2049 2251
2050 2251
2051 2113
2052 2287
2053 2287
2054 2287
2055 2062
2056 2063
2057 2165
2058 2598
2059 2020
2060 2023
2061 2041
2062 2165
2063 2123
2064 2075
2065 2072
2066 2023
2067 6165
2068 6162
2069 2022
2070 2021
2071 2023
2072 2023
2073 2020
2074 2052
2075 2251
2076 2252
2077 2249
2078 2249
2079 1988
2080 2698
2081 1981
2082 2012
2083 2049
2084 1981
2085 2287
2086 1988
2087 2021
2088 2023
2089 2020
2090 2070
2091 2070
2092 2021
2093 2092
2094 2070
2095 1985
2096 2022
2097 2014
2098 2018
2099 2018
2100 2018
2101 2020
2102 2018
2103 2018
2104 2018
2105 2018
2106 2018
2107 2020
2108 2020
2109 2018
2110 2018
2111 2018
2112 2018
2113 2024
2114 2252
2115 2252
2116 2252
2117 2287
2118 2772
2119 2772
2120 2072
2121 2072
2122 2772
2123 5728
2124 2771
2125 2771
2126 6165
2127 2165
2128 2605
2129 2605
2130 2595
2131 2770
2132 2194
2133 2173
2134 2773
2135 2776
2136 2287
2137 2174
2138 2174
2139 2772
2140 2776
2141 2772
2142 2772
2143 2238
2144 2000
2145 6162
2146 6165
2147 2020
2148 2018
2149 2251
2150 2077
2151 2252
2152 2697
2153 2262
2154 2262
2155 2181
2156 6162
2157 6162
2158 6162
2159 2604
2160 2772
2161 2771
2162 2771
2163 2278
2164 2278
2165 2771
2166 5654
2167 2606
2168 2155
2169 6162
2170 2700
2171 2000
2172 2701
2173 2174
2174 2133
2175 1997
2176 2000
2177 2165
2178 2165
2179 2165
2180 1988
2181 6165
2182 2023
2183 2023
2184 2022
2185 2023
2186 2613
2187 2155
2188 2772
2189 2697
2190 2127
2191 2127
2192 2094
2193 2123
2194 2126
2195 2071
2196 2071
2197 2701
2198 2174
2199 2700
2200 2701
2201 2071
2202 2023
2203 2023
2204 5728
2205 6162
2206 2018
2207 2014
2208 2018
2209 2020
2210 2071
2211 2070
2212 2094
2213 2143
2214 2173
2215 6165
2216 6165
2217 6162
2218 6165
2219 6162
2220 6165
2221 2091
2222 2772
2223 2022
2224 2070
2225 2238
2226 2023
2227 2023
2228 2020
2229 2071
2230 2018
2231 2022
2232 6165
2233 6165
2234 2020
2235 2018
2236 1988
2237 2116
2238 2201
2239 1985
2240 2703
2241 2018
2242 2228
2243 2228
2244 2017
2245 6165
2246 2165
2247 2165
2248 1985
2249 1988
2250 2251
2251 1988
2252 2024
2253 2252
2254 2022
2255 2072
2256 2094
2257 2094
2258 2772
2259 2772
2260 2772
2261 2595
2262 2127
2263 2127
2264 2070
2265 2014
2266 2287
2267 2251
2268 2776
2269 2165
2270 2165
2271 2193
2272 6165
2273 6165
2274 2772
2275 2053
2276 2294
2277 2605
2278 2123
2279 2020
2280 6162
2281 6165
2282 6165
2283 6165
2284 2022
2285 1988
2286 2228
2287 1988
2288 2287
2289 2770
2290 2181
2291 2181
2292 2697
2293 2697
2294 2276
2295 6165
2296 6165
2297 6165
2298 6165
2299 6165
2300 6165
2301 6165
2302 6165
2303 6165
2304 6165
2305 6165
2306 6165
2307 6165
2308 6165
2309 5654
2310 5654
2311 6162
2312 6165
2313 5654
2314 5654
2315 6165
2316 6165
2317 6165
2318 5654
2319 5654
2320 5654
2321 5654
2322 6165
2323 6165
2324 6162
2325 5654
2326 6165
2327 6165
2328 5654
2329 6165
2330 6162
2331 6165
2332 6165
2333 6162
2334 5654
2335 6165
2336 5654
2337 6165
2338 5654
2339 5654
2340 5654
2341 6165
2342 6165
2343 6165
2344 6165
2345 6165
2346 6165
2347 6165
2348 6165
2349 6162
2350 6162
2351 6162
2352 5654
2353 5654
2354 5654
2355 5654
2356 5654
2357 2683
2358 6165
2359 6165
2360 2660
2361 2683
2362 6165
2363 6165
2364 2683
2365 2683
2366 6165
2367 6165
2368 2610
2369 2612
2370 6165
2371 2604
2372 2592
2373 6165
2374 2660
2375 6165
2376 6165
2377 6165
2378 6165
2379 2605
2380 2605
2381 2605
2382 6162
2383 2615
2384 2604
2385 6162
2386 5452
2387 5452
2388 5452
2389 6162
2390 6165
2391 2668
2392 2668
2393 2660
2394 2660
2395 6165
2396 2660
2397 2661
2398 2661
2399 2661
2400 2613
2401 2661
2402 2661
2403 2660
2404 2668
2405 2668
2406 2661
2407 2668
2408 2665
2409 2668
2410 2668
2411 2668
2412 2665
2413 2665
2414 2668
2415 2671
2416 2671
2417 2663
2418 2663
2419 2663
2420 2663
2421 2663
2422 2671
2423 2663
2424 2663
2425 2663
2426 2663
2427 2663
2428 2663
2429 2663
2430 2663
2431 2671
2432 2665
2433 2666
2434 2663
2435 2663
2436 2671
2437 2663
2438 2663
2439 2671
2440 2663
2441 2665
2442 2665
2443 2663
2444 2663
2445 2663
2446 2663
2447 2663
2448 2663
2449 2663
2450 2663
2451 2663
2452 2663
2453 2668
2454 2668
2455 2665
2456 2671
2457 2665
2458 2662
2459 2663
2460 2666
2461 2663
2462 2663
2463 2663
2464 2663
2465 2663
2466 2663
2467 2663
2468 2663
2469 2681
2470 2639
2471 2634
2472 2681
2473 2683
2474 2681
2475 2681
2476 2683
2477 2683
2478 2681
2479 2584
2480 2593
2481 2294
2482 2585
2483 2681
2484 2681
2485 2621
2486 2634
2487 2634
2488 2621
2489 2369
2490 2593
2491 2615
2492 2618
2493 2276
2494 2276
2495 2585
2496 2631
2497 2618
2498 2631
2499 2631
2500 2637
2501 2660
2502 2660
2503 2683
2504 2683
2505 2634
2506 2683
2507 2683
2508 2683
2509 2683
2510 2204
2511 2204
2512 2683
2513 2660
2514 2681
2515 2683
2516 2660
2517 2660
2518 2660
2519 2660
2520 2660
2521 2660
2522 2660
2523 2660
2524 2660
2525 2660
2526 2661
2527 2661
2528 2668
2529 2668
2530 2661
2531 2661
2532 2661
2533 2661
2534 2661
2535 2661
2536 2668
2537 2668
2538 2661
2539 2661
2540 2668
2541 2668
2542 2661
2543 2660
2544 2661
2545 2668
2546 2668
2547 2661
2548 2661
2549 2668
2550 2661
2551 2661
2552 2660
2553 2660
2554 2668
2555 2668
2556 2668
2557 2668
2558 2661
2559 2668
2560 2661
2561 2668
2562 2668
2563 2668
2564 2660
2565 2660
2566 2660
2567 2661
2568 2660
2569 2660
2570 2661
2571 2661
2572 2661
2573 2661
2574 2661
2575 2668
2576 2668
2577 2668
2578 2668
2579 2668
2580 2204
2581 2322
2582 2294
2583 2294
2584 2322
2585 2322
2586 2492
2587 2586
2588 2322
2589 2326
2590 2294
2591 2220
2592 2697
2593 2204
2594 2204
2595 2181
2596 2697
2597 2697
2598 2181
2599 2599
2600 2585
2601 2220
2602 2492
2603 2492
2604 2220
2605 2126
2606 2697
2607 2222
2608 2278
2609 2179
2610 2283
2611 2697
2612 2697
2613 2283
2614 2369
2615 2220
2616 2204
2617 2220
2618 2492
2619 2640
2620 2640
2621 2322
2622 2322
2623 2492
2624 2322
2625 2640
2626 2640
2627 2640
2628 2697
2629 2640
2630 2636
2631 2296
2632 2640
2633 2636
2634 2635
2635 2683
2636 2642
2637 2683
2638 2682
2639 2682
2640 2642
2641 2642
2642 2642
2643 2683
2644 2643
2645 2660
2646 2660
2647 2660
2648 2660
2649 2660
2650 2683
2651 2660
2652 2660
2653 2660
2654 2660
2655 2660
2656 2660
2657 2660
2658 2660
2659 2683
2660 2683
2661 2660
2662 2660
2663 2660
2664 2683
2665 2660
2666 2660
2667 2683
2668 2660
2669 2682
2670 2682
2671 2660
2672 2660
2673 2660
2674 2660
2675 2660
2676 2660
2677 2660
2678 2660
2679 2660
2680 2660
2681 2682
2682 2642
2683 2682
2684 2683
2685 2642
2686 2642
2687 2660
2688 2683
2689 2660
2690 2660
2691 2660
2692 2660
2693 2660
2694 2660
2695 2660
2696 2660
2697 2141
2698 2287
2699 2287
2700 2287
2701 2287
2702 2287
2703 2287
2704 2287
2705 2287
2706 2287
2707 2287
2708 2287
2709 2287
2710 2287
2711 2287
2712 2287
2713 2287
2714 2287
2715 2287
2716 2127
2717 2127
2718 2127
2719 2127
2720 2127
2721 2127
2722 2127
2723 2287
2724 2127
2725 2127
2726 2127
2727 2127
2728 2127
2729 2127
2730 2127
2731 2127
2732 2127
2733 2287
2734 2287
2735 2127
2736 2127
2737 2287
2738 2127
2739 2127
2740 2287
2741 2127
2742 2287
2743 2287
2744 2127
2745 2127
2746 2127
2747 2127
2748 2127
2749 2127
2750 2127
2751 2127
2752 2127
2753 2127
2754 2287
2755 2287
2756 2287
2757 2287
2758 2287
2759 2287
2760 2127
2761 2127
2762 2127
2763 2127
2764 2127
2765 2127
2766 2127
2767 2127
2768 2127
2769 2127
2770 2165
2771 2181
2772 2165
2773 2266
2774 2116
2775 2113
2776 2006
2777 2139
2778 2249
2779 2798
2780 2808
2781 105
2782 108
2783 2808
2784 2798
2785 127
2786 2788
2787 128
2788 128
2789 127
2790 127
2791 127
2792 105
2793 105
2794 105
2795 2788
2796 105
2797 105
2798 127
2799 2808
2800 2798
2801 127
2802 2798
2803 127
2804 127
2805 125
2806 2788
2807 2798
2808 127
2809 127
2810 105
2811 105
2812 4217
2813 6315
2814 2808
2815 105
2816 105
2817 108
2818 105
2819 1505
2820 1341
2821 1405
2822 1406
2823 888
2824 616
2825 2843
2826 2849
2827 658
2828 1264
2829 1265
2830 1488
2831 1491
2832 721
2833 1494
2834 616
2835 3477
2836 1493
2837 766
2838 3025
2839 2851
2840 794
2841 616
2842 615
2843 661
2844 1236
2845 2835
2846 1251
2847 2840
2848 1332
2849 752
2850 749
2851 1495
2852 1256
2853 2950
2854 1349
2855 1256
2856 1351
2857 1351
2858 3036
2859 669
2860 669
2861 1424
2862 669
2863 2907
2864 2958
2865 2906
2866 1190
2867 2906
2868 2958
2869 1436
2870 927
2871 1328
2872 4696
2873 880
2874 2241
2875 2877
2876 4700
2877 6344
2878 6341
2879 1811
2880 782
2881 2880
2882 2882
2883 2851
2884 2885
2885 592
2886 2887
2887 783
2888 782
2889 783
2890 1872
2891 1872
2892 1863
2893 1872
2894 2890
2895 1343
2896 1444
2897 1409
2898 1383
2899 1232
2900 1380
2901 1383
2902 2953
2903 2955
2904 1545
2905 1840
2906 1434
2907 2962
2908 1434
2909 1632
2910 1634
2911 1670
2912 1704
2913 3504
2914 2823
2915 1619
2916 1696
2917 1704
2918 1697
2919 1900
2920 1567
2921 1744
2922 1449
2923 2918
2924 1666
2925 846
2926 1644
2927 1695
2928 1376
2929 1310
2930 2841
2931 2951
2932 3006
2933 2966
2934 2948
2935 640
2936 3038
2937 3037
2938 1843
2939 1857
2940 1837
2941 675
2942 673
2943 2945
2944 1892
2945 2979
2946 1440
2947 1854
2948 1843
2949 640
2950 727
2951 726
2952 1195
2953 1422
2954 762
2955 2866
2956 1545
2957 1401
2958 673
2959 673
2960 1837
2961 1837
2962 703
2963 1843
2964 603
2965 2862
2966 649
2967 2892
2968 1292
2969 706
2970 2971
2971 2968
2972 585
2973 585
2974 1413
2975 1383
2976 1409
2977 1411
2978 1409
2979 787
2980 778
2981 779
2982 1416
2983 2982
2984 2982
2985 1543
2986 2901
2987 1438
2988 1831
2989 1440
2990 2994
2991 2979
2992 1543
2993 1281
2994 1543
2995 785
2996 2979
2997 2857
2998 2858
2999 1401
3000 1889
3001 1888
3002 2993
3003 1856
3004 1404
3005 1404
3006 2858
3007 3065
3008 2971
3009 1813
3010 1239
3011 1821
3012 4235
3013 3156
3014 3076
3015 6456
3016 1348
3017 691
3018 3477
3019 2826
3020 765
3021 3504
3022 3023
3023 2848
3024 4256
3025 691
3026 3028
3027 6313
3028 6313
3029 4696
3030 668
3031 669
3032 598
3033 669
3034 1436
3035 613
3036 668
3037 613
3038 2907
3039 1436
3040 1437
3041 1436
3042 671
3043 1191
3044 1436
3045 224
3046 186
3047 490
3048 488
3049 213
3050 1320
3051 394
3052 255
3053 190
3054 374
3055 480
3056 486
3057 3062
3058 224
3059 4785
3060 6341
3061 4699
3062 6501
3063 3026
3064 3029
3065 3028
3066 4216
3067 4221
3068 6333
3069 1777
3070 360
3071 478
3072 480
3073 6317
3074 6426
3075 3007
3076 6475
3077 3017
3078 6428
3079 3173
3080 1685
3081 1976
3082 1685
3083 1604
3084 1913
3085 1701
3086 1699
3087 1685
3088 1562
3089 1721
3090 1700
3091 1702
3092 1601
3093 1603
3094 1601
3095 1721
3096 1604
3097 1634
3098 1633
3099 888
3100 1696
3101 1703
3102 3106
3103 1603
3104 1728
3105 2873
3106 1665
3107 1900
3108 1627
3109 1566
3110 1660
3111 1658
3112 3013
3113 1733
3114 1648
3115 1643
3116 1628
3117 1567
3118 2909
3119 841
3120 3099
3121 1745
3122 1672
3123 1735
3124 1495
3125 1228
3126 2110
3127 1354
3128 1604
3129 1685
3130 1604
3131 832
3132 3085
3133 1604
3134 1596
3135 1970
3136 1911
3137 1625
3138 1629
3139 1610
3140 2912
3141 842
3142 3085
3143 3085
3144 3115
3145 3137
3146 3137
3147 3093
3148 3094
3149 3087
3150 1916
3151 1744
3152 3114
3153 1792
3154 1738
3155 1607
3156 1644
3157 1700
3158 1781
3159 920
3160 3114
3161 204
3162 224
3163 3646
3164 4073
3165 3848
3166 488
3167 190
3168 4181
3169 4084
3170 1970
3171 4083
3172 2242
3173 1330
3174 6606
3175 6601
3176 6609
3177 6607
3178 6601
3179 6601
3180 6601
3181 6601
3182 6731
3183 6731
3184 6601
3185 6731
3186 6601
3187 6601
3188 6731
3189 6601
3190 6731
3191 6606
3192 6606
3193 6607
3194 6731
3195 6609
3196 6609
3197 6601
3198 6731
3199 6731
3200 6836
3201 6836
3202 6836
3203 6836
3204 6836
3205 6836
3206 6731
3207 6836
3208 6836
3209 6729
3210 6836
3211 6706
3212 6706
3213 6706
3214 6706
3215 6706
3216 6706
3217 6612
3218 6706
3219 6706
3220 6706
3221 6706
3222 6706
3223 6706
3224 6706
3225 6706
3226 6706
3227 6706
3228 6706
3229 6706
3230 6706
3231 6614
3232 6712
3233 6706
3234 6615
3235 6706
3236 6712
3237 6666
3238 6706
3239 6706
3240 6706
3241 6621
3242 6706
3243 6706
3244 6706
3245 6706
3246 6706
3247 6706
3248 6706
3249 6621
3250 6706
3251 6706
3252 6706
3253 6706
3254 6706
3255 6706
3256 6706
3257 6706
3258 6706
3259 6706
3260 6706
3261 6706
3262 6706
3263 6706
3264 6706
3265 6706
3266 6706
3267 6706
3268 6621
3269 6706
3270 6706
3271 6706
3272 6706
3273 6706
3274 6706
3275 6706
3276 6706
3277 6706
3278 6706
3279 6664
3280 6706
3281 6706
3282 6663
3283 6706
3284 6706
3285 6706
3286 6706
3287 6706
3288 6706
3289 6706
3290 6706
3291 6672
3292 6679
3293 6706
3294 6679
3295 6706
3296 6666
3297 6684
3298 6666
3299 6706
3300 6706
3301 6706
3302 6706
3303 6627
3304 6706
3305 6706
3306 6706
3307 6706
3308 6706
3309 6706
3310 6706
3311 6706
3312 6706
3313 6672
3314 6706
3315 6638
3316 6691
3317 6706
3318 6680
3319 6607
3320 6606
3321 6606
3322 6609
3323 6731
3324 6731
3325 6731
3326 6836
3327 6794
3328 6794
3329 6794
3330 6794
3331 6794
3332 6836
3333 6780
3334 6791
3335 6791
3336 6741
3337 6743
3338 6766
3339 6765
3340 6740
3341 6766
3342 6740
3343 6765
3344 6741
3345 6764
3346 6741
3347 6742
3348 6741
3349 6742
3350 6741
3351 6742
3352 6715
3353 6740
3354 6739
3355 6740
3356 6755
3357 6752
3358 6741
3359 6749
3360 6739
3361 6741
3362 6715
3363 6749
3364 6799
3365 6799
3366 6766
3367 6769
3368 6769
3369 6766
3370 6822
3371 6840
3372 6839
3373 6839
3374 6846
3375 6856
3376 6861
3377 6844
3378 6844
3379 6787
3380 6795
3381 6795
3382 6806
3383 6829
3384 6856
3385 6806
3386 6806
3387 6829
3388 6829
3389 6806
3390 6788
3391 6795
3392 6788
3393 6788
3394 6814
3395 6786
3396 6806
3397 6799
3398 6766
3399 6777
3400 6775
3401 6773
3402 6766
3403 6767
3404 6766
3405 6768
3406 6766
3407 6769
3408 6842
3409 6765
3410 6797
3411 6802
3412 6797
3413 6806
3414 6796
3415 6800
3416 6818
3417 6800
3418 6770
3419 6769
3420 6763
3421 6838
3422 6837
3423 6806
3424 6806
3425 6751
3426 6751
3427 6751
3428 6753
3429 6751
3430 6806
3431 6806
3432 6836
3433 6836
3434 6793
3435 6794
3436 6794
3437 6742
3438 6749
3439 6756
3440 6756
3441 6763
3442 6763
3443 6756
3444 6819
3445 6838
3446 6761
3447 6839
3448 6839
3449 6838
3450 6751
3451 6751
3452 6751
3453 6751
3454 6753
3455 6753
3456 6751
3457 6751
3458 6753
3459 6753
3460 6753
3461 6753
3462 6751
3463 6753
3464 6753
3465 6753
3466 6753
3467 6753
3468 6753
3469 6785
3470 6432
3471 6344
3472 4552
3473 4552
3474 4552
3475 1691
3476 887
3477 1188
3478 797
3479 1728
3480 2840
3481 3112
3482 4417
3483 598
3484 2923
3485 81
3486 81
3487 80
3488 80
3489 70
3490 70
3491 81
3492 81
3493 81
3494 81
3495 4739
3496 6409
3497 3028
3498 3027
3499 490
3500 1785
3501 1781
3502 1326
3503 3121
3504 1782
3505 3508
3506 2871
3507 842
3508 4216
3509 858
3510 3109
3511 3020
3512 3772
3513 3704
3514 3515
3515 3515
3516 3515
3517 3745
3518 3667
3519 3772
3520 3555
3521 3555
3522 3520
3523 3523
3524 3732
3525 3713
3526 138
3527 137
3528 3
3529 414
3530 342
3531 18
3532 2788
3533 2788
3534 127
3535 128
3536 6
3537 246
3538 125
3539 2
3540 2786
3541 109
3542 2808
3543 2808
3544 107
3545 107
3546 107
3547 109
3548 2808
3549 2808
3550 2808
3551 109
3552 88
3553 276
3554 450
3555 25
3556 7
3557 553
3558 486
3559 486
3560 486
3561 51
3562 137
3563 51
3564 239
3565 395
3566 203
3567 185
3568 184
3569 187
3570 185
3571 390
3572 187
3573 255
3574 386
3575 548
3576 548
3577 546
3578 1772
3579 540
3580 541
3581 515
3582 540
3583 500
3584 540
3585 1772
3586 401
3587 490
3588 488
3589 490
3590 401
3591 1772
3592 577
3593 569
3594 3491
3595 581
3596 393
3597 539
3598 520
3599 401
3600 392
3601 10
3602 520
3603 401
3604 365
3605 406
3606 401
3607 466
3608 89
3609 89
3610 405
3611 386
3612 394
3613 386
3614 186
3615 186
3616 3745
3617 3745
3618 3517
3619 3745
3620 3745
3621 3517
3622 3521
3623 3555
3624 3758
3625 3515
3626 3761
3627 3745
3628 3517
3629 3758
3630 3745
3631 3745
3632 3746
3633 3745
3634 3745
3635 3745
3636 3746
3637 3745
3638 3746
3639 3746
3640 3746
3641 3746
3642 3746
3643 3916
3644 3645
3645 3704
3646 3646
3647 3704
3648 3667
3649 3713
3650 138
3651 51
3652 3715
3653 146
3654 148
3655 172
3656 3715
3657 172
3658 148
3659 3715
3660 3715
3661 4188
3662 4293
3663 4293
3664 6431
3665 6431
3666 3715
3667 3522
3668 3523
3669 3555
3670 3881
3671 3884
3672 3881
3673 3772
3674 3704
3675 3772
3676 3704
3677 3704
3678 3672
3679 3881
3680 4009
3681 3667
3682 3667
3683 4010
3684 4780
3685 4188
3686 4188
3687 4781
3688 3520
3689 3704
3690 3562
3691 3562
3692 3523
3693 3524
3694 3780
3695 3777
3696 3652
3697 3807
3698 3809
3699 3943
3700 3515
3701 3644
3702 3515
3703 3515
3704 3667
3705 3667
3706 3895
3707 3884
3708 3881
3709 3670
3710 3523
3711 3903
3712 3715
3713 4780
3714 4074
3715 4780
3716 3935
3717 4309
3718 4306
3719 4306
3720 4096
3721 4096
3722 4306
3723 4308
3724 4309
3725 4309
3726 4302
3727 4300
3728 4236
3729 4236
3730 4077
3731 4094
3732 3715
3733 3715
3734 4097
3735 4308
3736 4074
3737 3935
3738 3664
3739 128
3740 3746
3741 3746
3742 3746
3743 3746
3744 3745
3745 3745
3746 3745
3747 3848
3748 280
3749 238
3750 18
3751 92
3752 3517
3753 3517
3754 3515
3755 94
3756 12
3757 3732
3758 3521
3759 3772
3760 3772
3761 3704
3762 3894
3763 3779
3764 3779
3765 3886
3766 3778
3767 3687
3768 4800
3769 4308
3770 3644
3771 3745
3772 3667
3773 3605
3774 3791
3775 3606
3776 3606
3777 100
3778 3712
3779 3562
3780 3713
3781 3908
3782 3907
3783 3523
3784 3523
3785 3881
3786 3523
3787 167
3788 6
3789 1764
3790 401
3791 403
3792 406
3793 401
3794 224
3795 299
3796 1320
3797 3168
3798 109
3799 109
3800 109
3801 109
3802 1772
3803 486
3804 488
3805 486
3806 482
3807 4789
3808 4900
3809 4232
3810 4294
3811 4307
3812 4308
3813 4309
3814 3943
3815 3935
3816 451
3817 3060
3818 213
3819 224
3820 107
3821 107
3822 190
3823 107
3824 107
3825 107
3826 107
3827 109
3828 109
3829 109
3830 107
3831 109
3832 109
3833 107
3834 109
3835 109
3836 109
3837 109
3838 2808
3839 1320
3840 213
3841 500
3842 3745
3843 76
3844 349
3845 3640
3846 414
3847 342
3848 3746
3849 3848
3850 3641
3851 3848
3852 3916
3853 3640
3854 233
3855 3517
3856 3517
3857 3640
3858 3916
3859 3641
3860 3165
3861 3761
3862 3512
3863 3758
3864 3566
3865 3651
3866 3756
3867 3887
3868 3566
3869 3562
3870 3975
3871 3678
3872 3678
3873 3678
3874 3678
3875 3678
3876 3707
3877 3678
3878 3678
3879 3678
3880 3678
3881 4009
3882 4005
3883 4037
3884 4021
3885 3756
3886 3562
3887 3713
3888 3656
3889 3566
3890 3660
3891 3562
3892 3778
3893 3778
3894 3908
3895 4022
3896 3652
3897 3652
3898 3715
3899 3660
3900 3817
3901 3817
3902 3665
3903 3906
3904 3906
3905 3564
3906 3906
3907 3906
3908 3611
3909 127
3910 255
3911 386
3912 478
3913 480
3914 480
3915 479
3916 3746
3917 3664
3918 4800
3919 4073
3920 4306
3921 4720
3922 195
3923 195
3924 109
3925 488
3926 107
3927 190
3928 190
3929 374
3930 3744
3931 3746
3932 107
3933 107
3934 4079
3935 5270
3936 486
3937 482
3938 4008
3939 3981
3940 3981
3941 4016
3942 3062
3943 4076
3944 4230
3945 3517
3946 3515
3947 3746
3948 401
3949 490
3950 224
3951 352
3952 3971
3953 3971
3954 3975
3955 3971
3956 3707
3957 3707
3958 3707
3959 3971
3960 3707
3961 3971
3962 3678
3963 3678
3964 3678
3965 3678
3966 3678
3967 3678
3968 3678
3969 3678
3970 3975
3971 3975
3972 4019
3973 4028
3974 4020
3975 4020
3976 4020
3977 4020
3978 4020
3979 4020
3980 4009
3981 4019
3982 3564
3983 4020
3984 3975
3985 3678
3986 4020
3987 3678
3988 4023
3989 4023
3990 4023
3991 4023
3992 4028
3993 4023
3994 4028
3995 4023
3996 4023
3997 4023
3998 4028
3999 4023
4000 4023
4001 4023
4002 4023
4003 4023
4004 4028
4005 4019
4006 3564
4007 4009
4008 4019
4009 4019
4010 3906
4011 3906
4012 4008
4013 4019
4014 3611
4015 4020
4016 4019
4017 4020
4018 4020
4019 4028
4020 4028
4021 4019
4022 4019
4023 4028
4024 4028
4025 4023
4026 4028
4027 4023
4028 4028
4029 4020
4030 4028
4031 4023
4032 4020
4033 4023
4034 4023
4035 4023
4036 4020
4037 4020
4038 4020
4039 4023
4040 4023
4041 4023
4042 4023
4043 4020
4044 4023
4045 3975
4046 4023
4047 3975
4048 4023
4049 3977
4050 3678
4051 3707
4052 3678
4053 3971
4054 3971
4055 3971
4056 3971
4057 3975
4058 4183
4059 4183
4060 4185
4061 4186
4062 3975
4063 3975
4064 3971
4065 4039
4066 3975
4067 3977
4068 4023
4069 4028
4070 4023
4071 4023
4072 4113
4073 4776
4074 5334
4075 6467
4076 4136
4077 5348
4078 6321
4079 6484
4080 4975
4081 6486
4082 6488
4083 6395
4084 6487
4085 6422
4086 4210
4087 6306
4088 6306
4089 4899
4090 6417
4091 6328
4092 4257
4093 4228
4094 4124
4095 4123
4096 6468
4097 5323
4098 6415
4099 4130
4100 4132
4101 6415
4102 4961
4103 4964
4104 4954
4105 6291
4106 4753
4107 5230
4108 4250
4109 4107
4110 6418
4111 6418
4112 6420
4113 6419
4114 5378
4115 5045
4116 5170
4117 5375
4118 4118
4119 4804
4120 4118
4121 4120
4122 4114
4123 4277
4124 4678
4125 5224
4126 4170
4127 4247
4128 4892
4129 4170
4130 6415
4131 4224
4132 4132
4133 6325
4134 5223
4135 6415
4136 4246
4137 6417
4138 6363
4139 6363
4140 6286
4141 4967
4142 4165
4143 4424
4144 4121
4145 4120
4146 6876
4147 6285
4148 4748
4149 4749
4150 4166
4151 4342
4152 4167
4153 4289
4154 6481
4155 6482
4156 4678
4157 4427
4158 4102
4159 4213
4160 4275
4161 4170
4162 5012
4163 4170
4164 4120
4165 4165
4166 4922
4167 4689
4168 4887
4169 4273
4170 4273
4171 4266
4172 4686
4173 4899
4174 6310
4175 4411
4176 4108
4177 6312
4178 6312
4179 6311
4180 4254
4181 6482
4182 4828
4183 6480
4184 4827
4185 6480
4186 6480
4187 6319
4188 6321
4189 4111
4190 4154
4191 4275
4192 4768
4193 4921
4194 5343
4195 5343
4196 4913
4197 5335
4198 4123
4199 4125
4200 6440
4201 4261
4202 5338
4203 6437
4204 5010
4205 4862
4206 4717
4207 5365
4208 4962
4209 4959
4210 6421
4211 6420
4212 4890
4213 4822
4214 4084
4215 4182
4216 4194
4217 5273
4218 5312
4219 6351
4220 6349
4221 4771
4222 5343
4223 5316
4224 4890
4225 4890
4226 5309
4227 6361
4228 4171
4229 6362
4230 4722
4231 4722
4232 5322
4233 5310
4234 5310
4235 5325
4236 4721
4237 6316
4238 4737
4239 6456
4240 6392
4241 6362
4242 4272
4243 4763
4244 5338
4245 5306
4246 6404
4247 5306
4248 5309
4249 4822
4250 5308
4251 4823
4252 6403
4253 4239
4254 4240
4255 6331
4256 3077
4257 4853
4258 4717
4259 4858
4260 5206
4261 5218
4262 5184
4263 5187
4264 5150
4265 5100
4266 5138
4267 5102
4268 5115
4269 4125
4270 5293
4271 4123
4272 5188
4273 5137
4274 5215
4275 5203
4276 4346
4277 5375
4278 5207
4279 5129
4280 5115
4281 5220
4282 4907
4283 4910
4284 6292
4285 4961
4286 4748
4287 6303
4288 4119
4289 6285
4290 4963
4291 4199
4292 4199
4293 4270
4294 4270
4295 4304
4296 4298
4297 4297
4298 4303
4299 4078
4300 4199
4301 4198
4302 5272
4303 5256
4304 5257
4305 4797
4306 4723
4307 5324
4308 4796
4309 4778
4310 4297
4311 4298
4312 4097
4313 4097
4314 4094
4315 4097
4316 4120
4317 4165
4318 6512
4319 4369
4320 4357
4321 4713
4322 882
4323 884
4324 1540
4325 4369
4326 6522
4327 6523
4328 6521
4329 5248
4330 4954
4331 4118
4332 4332
4333 4746
4334 4430
4335 4337
4336 4360
4337 4448
4338 4340
4339 4384
4340 4933
4341 6384
4342 6566
4343 6567
4344 3152
4345 4329
4346 1806
4347 1803
4348 1246
4349 3109
4350 1246
4351 3118
4352 4297
4353 6508
4354 6510
4355 4303
4356 3088
4357 871
4358 4320
4359 4318
4360 4324
4361 4357
4362 4365
4363 4319
4364 832
4365 3089
4366 837
4367 832
4368 1247
4369 3118
4370 6561
4371 6541
4372 4966
4373 6874
4374 6296
4375 6875
4376 4408
4377 6394
4378 6395
4379 6421
4380 6488
4381 4725
4382 5294
4383 4836
4384 870
4385 1361
4386 4419
4387 4385
4388 4448
4389 4387
4390 4448
4391 4393
4392 4357
4393 4357
4394 834
4395 1162
4396 871
4397 1230
4398 6541
4399 6530
4400 6540
4401 4368
4402 1783
4403 5248
4404 6523
4405 6521
4406 6544
4407 6474
4408 6545
4409 6387
4410 6387
4411 4732
4412 6294
4413 4410
4414 4966
4415 4409
4416 6396
4417 6393
4418 4297
4419 834
4420 1227
4421 908
4422 934
4423 4303
4424 4332
4425 4317
4426 4427
4427 6301
4428 4415
4429 4415
4430 4337
4431 4836
4432 4419
4433 4419
4434 4836
4435 897
4436 874
4437 911
4438 1365
4439 946
4440 1365
4441 946
4442 947
4443 4838
4444 4930
4445 4630
4446 4385
4447 4434
4448 4930
4449 1224
4450 1230
4451 967
4452 967
4453 934
4454 908
4455 4452
4456 4930
4457 4932
4458 4930
4459 4935
4460 4471
4461 4631
4462 4513
4463 4629
4464 4673
4465 4631
4466 4672
4467 4673
4468 4631
4469 4513
4470 4629
4471 4442
4472 4454
4473 4451
4474 966
4475 950
4476 4929
4477 950
4478 950
4479 1456
4480 968
4481 1037
4482 1037
4483 1025
4484 1170
4485 1145
4486 955
4487 1519
4488 1143
4489 4506
4490 954
4491 1028
4492 1028
4493 4506
4494 4505
4495 4506
4496 4633
4497 4499
4498 4506
4499 1170
4500 1038
4501 1173
4502 1170
4503 955
4504 955
4505 1028
4506 1027
4507 4657
4508 4657
4509 4632
4510 4657
4511 956
4512 953
4513 1187
4514 989
4515 1518
4516 1456
4517 4528
4518 4633
4519 4632
4520 4504
4521 4503
4522 4527
4523 950
4524 953
4525 953
4526 955
4527 1185
4528 989
4529 1028
4530 954
4531 4499
4532 1028
4533 1520
4534 1520
4535 1520
4536 1520
4537 1042
4538 1042
4539 1520
4540 1027
4541 1520
4542 1003
4543 1033
4544 1147
4545 999
4546 1002
4547 1013
4548 1042
4549 1033
4550 1521
4551 1521
4552 1014
4553 1013
4554 1520
4555 1014
4556 1014
4557 1013
4558 1147
4559 1015
4560 1150
4561 1150
4562 1177
4563 1102
4564 1004
4565 1004
4566 1149
4567 1015
4568 1015
4569 1013
4570 1013
4571 1015
4572 1071
4573 1071
4574 1073
4575 1073
4576 1149
4577 1056
4578 1073
4579 1150
4580 1079
4581 1058
4582 1057
4583 1079
4584 1018
4585 1015
4586 1058
4587 1149
4588 1018
4589 1149
4590 1470
4591 1103
4592 1103
4593 1470
4594 1102
4595 1102
4596 1103
4597 1103
4598 1074
4599 1102
4600 1371
4601 1074
4602 1074
4603 1177
4604 1074
4605 1075
4606 1075
4607 1074
4608 1115
4609 1115
4610 1115
4611 1115
4612 1074
4613 1074
4614 1074
4615 1074
4616 1115
4617 1118
4618 1118
4619 1074
4620 1118
4621 1075
4622 1075
4623 832
4624 1970
4625 2110
4626 3082
4627 900
4628 870
4629 1142
4630 911
4631 1141
4632 994
4633 1026
4634 1038
4635 1147
4636 1521
4637 1149
4638 1149
4639 1018
4640 1071
4641 1073
4642 1098
4643 1074
4644 1115
4645 4368
4646 882
4647 885
4648 4368
4649 1970
4650 1926
4651 2110
4652 1354
4653 4632
4654 4514
4655 1456
4656 953
4657 1518
4658 1141
4659 965
4660 1518
4661 1015
4662 1058
4663 1015
4664 1146
4665 1015
4666 1015
4667 1058
4668 1058
4669 1015
4670 900
4671 4422
4672 966
4673 966
4674 4752
4675 4378
4676 4135
4677 4427
4678 6301
4679 6300
4680 5223
4681 5223
4682 4131
4683 4131
4684 4272
4685 4275
4686 4734
4687 4731
4688 4806
4689 6568
4690 4730
4691 3140
4692 4349
4693 3087
4694 4719
4695 6391
4696 4112
4697 5276
4698 5274
4699 4776
4700 4154
4701 5275
4702 5270
4703 4079
4704 1354
4705 1354
4706 1970
4707 832
4708 853
4709 1926
4710 832
4711 4745
4712 4745
4713 4384
4714 5098
4715 5045
4716 5112
4717 5112
4718 6396
4719 6396
4720 5323
4721 5332
4722 5332
4723 4981
4724 5321
4725 5335
4726 5335
4727 5336
4728 5335
4729 3159
4730 4328
4731 4256
4732 4411
4733 4686
4734 4687
4735 6398
4736 6398
4737 3077
4738 6390
4739 6332
4740 4180
4741 5128
4742 5174
4743 5088
4744 5129
4745 4430
4746 4321
4747 4212
4748 4140
4749 4149
4750 4751
4751 4910
4752 4157
4753 4252
4754 4273
4755 4274
4756 4887
4757 838
4758 3102
4759 885
4760 1354
4761 4271
4762 4079
4763 5144
4764 5186
4765 4171
4766 4272
4767 4275
4768 6437
4769 6437
4770 4171
4771 4976
4772 6330
4773 4684
4774 4098
4775 4976
4776 4976
4777 6484
4778 5301
4779 6350
4780 4138
4781 4111
4782 4082
4783 4080
4784 4081
4785 6347
4786 5269
4787 4081
4788 4081
4789 4085
4790 5374
4791 5170
4792 4094
4793 4198
4794 5375
4795 5374
4796 5345
4797 4122
4798 5303
4799 4081
4800 4186
4801 4712
4802 4712
4803 4118
4804 4804
4805 6473
4806 6373
4807 6333
4808 5247
4809 1769
4810 3022
4811 5244
4812 2922
4813 1785
4814 3139
4815 3116
4816 5163
4817 5148
4818 5185
4819 5134
4820 6388
4821 4404
4822 4170
4823 4275
4824 6287
4825 4175
4826 4172
4827 4908
4828 4909
4829 1354
4830 5149
4831 5149
4832 5149
4833 5218
4834 1354
4835 1354
4836 3096
4837 853
4838 1539
4839 1540
4840 1476
4841 1361
4842 1520
4843 1521
4844 1149
4845 1071
4846 1102
4847 1074
4848 1118
4849 5374
4850 5192
4851 5093
4852 5094
4853 5361
4854 5129
4855 5112
4856 5113
4857 5193
4858 5377
4859 5192
4860 5093
4861 5374
4862 5168
4863 5112
4864 5094
4865 5112
4866 5112
4867 5372
4868 5098
4869 5098
4870 5192
4871 5096
4872 5185
4873 5134
4874 4764
4875 4266
4876 4278
4877 4268
4878 5192
4879 5207
4880 5207
4881 5221
4882 5131
4883 5131
4884 5124
4885 5124
4886 5129
4887 5088
4888 5146
4889 5163
4890 4170
4891 5328
4892 4170
4893 4107
4894 5223
4895 4131
4896 4132
4897 4135
4898 4130
4899 4675
4900 4084
4901 5207
4902 5087
4903 5184
4904 5179
4905 5138
4906 5208
4907 4126
4908 4126
4909 6401
4910 4160
4911 5149
4912 5144
4913 4849
4914 4849
4915 4867
4916 5180
4917 5102
4918 5185
4919 4297
4920 4920
4921 6377
4922 6386
4923 4923
4924 3089
4925 853
4926 1227
4927 4801
4928 908
4929 1457
4930 934
4931 4449
4932 4422
4933 900
4934 4629
4935 4437
4936 4451
4937 1150
4938 1177
4939 1057
4940 1177
4941 1057
4942 1058
4943 1079
4944 1103
4945 1371
4946 1079
4947 1371
4948 1354
4949 4359
4950 6506
4951 6560
4952 4368
4953 4151
4954 4143
4955 6293
4956 4963
4957 4119
4958 4208
4959 4959
4960 4109
4961 6301
4962 4962
4963 4959
4964 4108
4965 4380
4966 4379
4967 4141
4968 4735
4969 912
4970 1970
4971 1540
4972 4368
4973 4362
4974 4868
4975 5353
4976 5309
4977 5163
4978 5135
4979 5102
4980 4276
4981 5185
4982 4869
4983 4983
4984 6509
4985 6873
4986 832
4987 885
4988 1457
4989 993
4990 989
4991 1185
4992 1169
4993 1173
4994 1037
4995 1003
4996 1149
4997 1149
4998 1018
4999 1073
5000 1071
5001 1103
5002 1470
5003 1115
5004 1970
5005 1926
5006 5345
5007 4272
5008 4273
5009 5138
5010 5205
5011 5171
5012 5180
5013 4974
5014 4764
5015 4465
5016 4465
5017 4519
5018 4507
5019 4466
5020 4507
5021 4519
5022 4444
5023 4653
5024 4521
5025 4521
5026 5688
5027 4508
5028 4508
5029 4521
5030 5688
5031 5480
5032 4508
5033 6555
5034 4335
5035 4951
5036 5061
5037 4390
5038 4390
5039 4444
5040 4460
5041 6555
5042 6555
5043 4400
5044 4399
5045 4335
5046 4335
5047 4444
5048 4444
5049 4971
5050 4971
5051 5458
5052 5458
5053 5530
5054 5688
5055 4653
5056 4521
5057 4519
5058 5672
5059 5688
5060 5532
5061 5688
5062 4645
5063 6555
5064 4383
5065 4459
5066 4336
5067 4457
5068 5532
5069 4507
5070 4444
5071 4466
5072 5571
5073 5571
5074 5480
5075 5702
5076 4972
5077 4390
5078 4466
5079 4465
5080 4460
5081 4457
5082 5155
5083 5157
5084 4951
5085 5157
5086 5401
5087 5433
5088 5441
5089 5441
5090 5426
5091 5409
5092 5424
5093 5747
5094 5430
5095 5430
5096 5422
5097 4335
5098 4391
5099 5424
5100 5078
5101 5073
5102 5154
5103 5154
5104 5195
5105 5072
5106 5073
5107 5061
5108 5017
5109 5155
5110 5439
5111 5157
5112 5406
5113 5421
5114 5061
5115 5061
5116 5061
5117 5061
5118 5210
5119 5059
5120 5155
5121 5059
5122 5210
5123 5427
5124 5438
5125 5157
5126 5422
5127 5413
5128 5426
5129 5429
5130 5427
5131 5409
5132 5210
5133 5025
5134 5018
5135 5439
5136 5191
5137 5075
5138 5373
5139 5373
5140 5094
5141 5374
5142 5378
5143 5374
5144 5378
5145 6537
5146 5191
5147 5075
5148 5072
5149 5072
5150 5157
5151 5073
5152 5154
5153 5016
5154 5688
5155 5687
5156 5530
5157 5662
5158 5685
5159 5646
5160 4444
5161 4971
5162 4653
5163 5198
5164 5068
5165 5058
5166 5156
5167 5061
5168 5402
5169 5424
5170 5402
5171 5422
5172 5156
5173 5058
5174 5155
5175 5060
5176 5016
5177 5158
5178 5075
5179 5074
5180 5154
5181 5071
5182 5059
5183 5073
5184 5191
5185 5073
5186 5071
5187 5071
5188 5373
5189 5094
5190 5532
5191 5480
5192 5409
5193 4336
5194 5418
5195 4653
5196 5688
5197 4459
5198 4466
5199 4444
5200 5025
5201 5053
5202 5426
5203 5378
5204 5073
5205 5422
5206 5375
5207 5429
5208 5439
5209 5421
5210 5688
5211 4648
5212 5068
5213 6527
5214 5156
5215 5159
5216 5154
5217 5210
5218 6527
5219 5459
5220 5020
5221 5413
5222 5273
5223 4279
5224 4747
5225 6301
5226 4272
5227 4272
5228 5363
5229 5012
5230 6413
5231 4022
5232 3904
5233 3881
5234 859
5235 3977
5236 4023
5237 4023
5238 3975
5239 3975
5240 3678
5241 3757
5242 3894
5243 3678
5244 4731
5245 4810
5246 5234
5247 4808
5248 3022
5249 6385
5250 5257
5251 4316
5252 4316
5253 4164
5254 4424
5255 4317
5256 6375
5257 4332
5258 5253
5259 6378
5260 5256
5261 5250
5262 4353
5263 4923
5264 5264
5265 4348
5266 4690
5267 1204
5268 3120
5269 4127
5270 5322
5271 6469
5272 4124
5273 4980
5274 5336
5275 5293
5276 5336
5277 5325
5278 4722
5279 5322
5280 5356
5281 5322
5282 5321
5283 5321
5284 5321
5285 4915
5286 4913
5287 4831
5288 4915
5289 4915
5290 6282
5291 4917
5292 4794
5293 4794
5294 5321
5295 6397
5296 6464
5297 6462
5298 5014
5299 4877
5300 4877
5301 6443
5302 6440
5303 4869
5304 4853
5305 4117
5306 4744
5307 6358
5308 6358
5309 4744
5310 4980
5311 4794
5312 4917
5313 4428
5314 4850
5315 4850
5316 4428
5317 6355
5318 4850
5319 4744
5320 6358
5321 4114
5322 4917
5323 4917
5324 4918
5325 4918
5326 4871
5327 4117
5328 4279
5329 4273
5330 4870
5331 4858
5332 5141
5333 4819
5334 4918
5335 4790
5336 4850
5337 4717
5338 4717
5339 5189
5340 4763
5341 4274
5342 4915
5343 4849
5344 4141
5345 4915
5346 4918
5347 4915
5348 4915
5349 4849
5350 4864
5351 6354
5352 6355
5353 4716
5354 5332
5355 6329
5356 6459
5357 4816
5358 6325
5359 4882
5360 4127
5361 5426
5362 5188
5363 5166
5364 5182
5365 5168
5366 403
5367 401
5368 480
5369 478
5370 5426
5371 5413
5372 4460
5373 4460
5374 4459
5375 6555
5376 4951
5377 4951
5378 4460
5379 5685
5380 5464
5381 5611
5382 5611
5383 2392
5384 2392
5385 5611
5386 2392
5387 5611
5388 2392
5389 2392
5390 5611
5391 5611
5392 5611
5393 5611
5394 5611
5395 5611
5396 2392
5397 2392
5398 2392
5399 1999
5400 1999
5401 1999
5402 2392
5403 2392
5404 2392
5405 2392
5406 1999
5407 5688
5408 5459
5409 5458
5410 5685
5411 5458
5412 5459
5413 5685
5414 5688
5415 5458
5416 5458
5417 5458
5418 5458
5419 5611
5420 1999
5421 5611
5422 5611
5423 5611
5424 5611
5425 5458
5426 5685
5427 5685
5428 2004
5429 5464
5430 2392
5431 2392
5432 5458
5433 5611
5434 1999
5435 5611
5436 5464
5437 5685
5438 5611
5439 5611
5440 2392
5441 5464
5442 1183
5443 2445
5444 2445
5445 1183
5446 2444
5447 2425
5448 2445
5449 2445
5450 5586
5451 5586
5452 5842
5453 5648
5454 5648
5455 5848
5456 1183
5457 1183
5458 1182
5459 1182
5460 1182
5461 1183
5462 1183
5463 1183
5464 1182
5465 1182
5466 2445
5467 2445
5468 2445
5469 2445
5470 5626
5471 1183
5472 5586
5473 5626
5474 2448
5475 2457
5476 2392
5477 2392
5478 2457
5479 2457
5480 2392
5481 2457
5482 2457
5483 2457
5484 2457
5485 2444
5486 2457
5487 2448
5488 5905
5489 5905
5490 5905
5491 5905
5492 2448
5493 2426
5494 2457
5495 2457
5496 2444
5497 2445
5498 5905
5499 5905
5500 5905
5501 5905
5502 1183
5503 1183
5504 5849
5505 1183
5506 5848
5507 5848
5508 1183
5509 1183
5510 1183
5511 1183
5512 1183
5513 1183
5514 1183
5515 1183
5516 1183
5517 5893
5518 5882
5519 1183
5520 2457
5521 2457
5522 1182
5523 1183
5524 1183
5525 1183
5526 2452
5527 2457
5528 5905
5529 5905
5530 2457
5531 2444
5532 2457
5533 2413
5534 2393
5535 5848
5536 1183
5537 2445
5538 1183
5539 2445
5540 2445
5541 1183
5542 1183
5543 1183
5544 1183
5545 1183
5546 5586
5547 2445
5548 2448
5549 2457
5550 2392
5551 2444
5552 2392
5553 2457
5554 2444
5555 2445
5556 2425
5557 2445
5558 2392
5559 2392
5560 2392
5561 2457
5562 2392
5563 2393
5564 2392
5565 2393
5566 2392
5567 2393
5568 2392
5569 2457
5570 2393
5571 2392
5572 2393
5573 2393
5574 2445
5575 5623
5576 5586
5577 5623
5578 5849
5579 5849
5580 5848
5581 2444
5582 2444
5583 5849
5584 5879
5585 5884
5586 5893
5587 5882
5588 5893
5589 5893
5590 5882
5591 5882
5592 5882
5593 1183
5594 1183
5595 1183
5596 1183
5597 1183
5598 1183
5599 1183
5600 5849
5601 5870
5602 5849
5603 1183
5604 1182
5605 1182
5606 5905
5607 5905
5608 2392
5609 2392
5610 1183
5611 1182
5612 2445
5613 5870
5614 5893
5615 5882
5616 5882
5617 5879
5618 5879
5619 5905
5620 5905
5621 5870
5622 5870
5623 5893
5624 5882
5625 5870
5626 5893
5627 5890
5628 5890
5629 5882
5630 5884
5631 2445
5632 2445
5633 1182
5634 1182
5635 1183
5636 1183
5637 1182
5638 5882
5639 5893
5640 5893
5641 2445
5642 5884
5643 2412
5644 2457
5645 2459
5646 2427
5647 5884
5648 5884
5649 1183
5650 5882
5651 5882
5652 5893
5653 2445
5654 5767
5655 1183
5656 2445
5657 2445
5658 2426
5659 1183
5660 2445
5661 2445
5662 2448
5663 2457
5664 2457
5665 5879
5666 5905
5667 2457
5668 2393
5669 2392
5670 2392
5671 2445
5672 2451
5673 2445
5674 2445
5675 1183
5676 5905
5677 5905
5678 5905
5679 5905
5680 5905
5681 5905
5682 2444
5683 5870
5684 2425
5685 1182
5686 2444
5687 2457
5688 2457
5689 2392
5690 2458
5691 2393
5692 2444
5693 5905
5694 5905
5695 2393
5696 2393
5697 2445
5698 2445
5699 2445
5700 2445
5701 2445
5702 2393
5703 2392
5704 2392
5705 2392
5706 5905
5707 5882
5708 5882
5709 2445
5710 5623
5711 5623
5712 5623
5713 2445
5714 2445
5715 2445
5716 2445
5717 2444
5718 2444
5719 5870
5720 5848
5721 5870
5722 5882
5723 5882
5724 5882
5725 2392
5726 2444
5727 5626
5728 5586
5729 1183
5730 5893
5731 5893
5732 1183
5733 5905
5734 5905
5735 5870
5736 1183
5737 5893
5738 5882
5739 1183
5740 2392
5741 5905
5742 5905
5743 5905
5744 5905
5745 2444
5746 2445
5747 2392
5748 2445
5749 5840
5750 5870
5751 5870
5752 1183
5753 5893
5754 5882
5755 5882
5756 5905
5757 5905
5758 5905
5759 5905
5760 5905
5761 5905
5762 5905
5763 5905
5764 5905
5765 5905
5766 5905
5767 5905
5768 5905
5769 5905
5770 5905
5771 5905
5772 5905
5773 5905
5774 5905
5775 5905
5776 5905
5777 5905
5778 5905
5779 5905
5780 5905
5781 5905
5782 5905
5783 5905
5784 5905
5785 5905
5786 5905
5787 5905
5788 5905
5789 5905
5790 5905
5791 5905
5792 5905
5793 5905
5794 5905
5795 5905
5796 5905
5797 5905
5798 5905
5799 5905
5800 5905
5801 5905
5802 5905
5803 5905
5804 5905
5805 5905
5806 5905
5807 5905
5808 5905
5809 5905
5810 5905
5811 5905
5812 5905
5813 5905
5814 5905
5815 5905
5816 5905
5817 5905
5818 6133
5819 6133
5820 5905
5821 5905
5822 6016
5823 6133
5824 5905
5825 5905
5826 6133
5827 5905
5828 5905
5829 5905
5830 5882
5831 5882
5832 5882
5833 5894
5834 6133
5835 5905
5836 5905
5837 5905
5838 5905
5839 5905
5840 5882
5841 5882
5842 5882
5843 5905
5844 5905
5845 5879
5846 5879
5847 5905
5848 5905
5849 5905
5850 5905
5851 5905
5852 6140
5853 6133
5854 6133
5855 6140
5856 5905
5857 5905
5858 6140
5859 6140
5860 6140
5861 5884
5862 6140
5863 6140
5864 6133
5865 6140
5866 6140
5867 6140
5868 6140
5869 6140
5870 5755
5871 5755
5872 5738
5873 5755
5874 5755
5875 5755
5876 3400
5877 3400
5878 3400
5879 3400
5880 3400
5881 3400
5882 3400
5883 3400
5884 3400
5885 3400
5886 3400
5887 3400
5888 3400
5889 3400
5890 3400
5891 3400
5892 3400
5893 3400
5894 3400
5895 3400
5896 3400
5897 3400
5898 3400
5899 3400
5900 3400
5901 3400
5902 3400
5903 3400
5904 3400
5905 3400
5906 3400
5907 3400
5908 3400
5909 3400
5910 3400
5911 3400
5912 3400
5913 3400
5914 2556
5915 5755
5916 3400
5917 3400
5918 3400
5919 3400
5920 3400
5921 3400
5922 3400
5923 3400
5924 3400
5925 3400
5926 3400
5927 3400
5928 3400
5929 3400
5930 6016
5931 6016
5932 5905
5933 5905
5934 6016
5935 6016
5936 5905
5937 5905
5938 6016
5939 5905
5940 5905
5941 5905
5942 5879
5943 5879
5944 6016
5945 5905
5946 5905
5947 5905
5948 5905
5949 5905
5950 5883
5951 5879
5952 5894
5953 5905
5954 5905
5955 5879
5956 5879
5957 5905
5958 5905
5959 5905
5960 5905
5961 5905
5962 6140
5963 6016
5964 6016
5965 6140
5966 5905
5967 6016
5968 6140
5969 6140
5970 6140
5971 5883
5972 5894
5973 6133
5974 6140
5975 6016
5976 6140
5977 6140
5978 6133
5979 2556
5980 2556
5981 2556
5982 2556
5983 2556
5984 2556
5985 2556
5986 2556
5987 2556
5988 2556
5989 2556
5990 2556
5991 2556
5992 3400
5993 2556
5994 2556
5995 2556
5996 2556
5997 2556
5998 2556
5999 3400
6000 2556
6001 3400
6002 3400
6003 2556
6004 2556
6005 2556
6006 2556
6007 3400
6008 2556
6009 2556
6010 2556
6011 2556
6012 2556
6013 2556
6014 2556
6015 2556
6016 3400
6017 3400
6018 3400
6019 2556
6020 2556
6021 2556
6022 2556
6023 3400
6024 3400
6025 2556
6026 2556
6027 2556
6028 2556
6029 2556
6030 2556
6031 2556
6032 2556
6033 2556
6034 2556
6035 2556
6036 2556
6037 3400
6038 2556
6039 2556
6040 2556
6041 5884
6042 5878
6043 5878
6044 5879
6045 5879
6046 5891
6047 5891
6048 5878
6049 5878
6050 5891
6051 5878
6052 5882
6053 5883
6054 5882
6055 5870
6056 1183
6057 5849
6058 1183
6059 1183
6060 5878
6061 5878
6062 5882
6063 5882
6064 5879
6065 5879
6066 5870
6067 5870
6068 5893
6069 1183
6070 5882
6071 5882
6072 5882
6073 1183
6074 1183
6075 5883
6076 5882
6077 5882
6078 5882
6079 5879
6080 5896
6081 5878
6082 5878
6083 5896
6084 5879
6085 5878
6086 5896
6087 5896
6088 5896
6089 1183
6090 5896
6091 5896
6092 5878
6093 5896
6094 5896
6095 5896
6096 6016
6097 6016
6098 6016
6099 6016
6100 6016
6101 6016
6102 6016
6103 6016
6104 6016
6105 6133
6106 2556
6107 6133
6108 6133
6109 2556
6110 6133
6111 6133
6112 6133
6113 6133
6114 6133
6115 2556
6116 2556
6117 6133
6118 2556
6119 2556
6120 6133
6121 6016
6122 6133
6123 2556
6124 2556
6125 6133
6126 2556
6127 2556
6128 6133
6129 2556
6130 6016
6131 6016
6132 2556
6133 2556
6134 2556
6135 2556
6136 6133
6137 2556
6138 6133
6139 2556
6140 2556
6141 2556
6142 6016
6143 6016
6144 6016
6145 6133
6146 6016
6147 6016
6148 6133
6149 6133
6150 2556
6151 6140
6152 6140
6153 2556
6154 2556
6155 2556
6156 2556
6157 2556
6158 1183
6159 5831
6160 5722
6161 5842
6162 5722
6163 5626
6164 5842
6165 5842
6166 5722
6167 5842
6168 5842
6169 5648
6170 5648
6171 5648
6172 5648
6173 5842
6174 5648
6175 5648
6176 5648
6177 5849
6178 5849
6179 5607
6180 5847
6181 5607
6182 5607
6183 5848
6184 5847
6185 5870
6186 5607
6187 5870
6188 5807
6189 5607
6190 5607
6191 5607
6192 5607
6193 5849
6194 5848
6195 5849
6196 5807
6197 5807
6198 5849
6199 5870
6200 5807
6201 5849
6202 5784
6203 5648
6204 5648
6205 5870
6206 5607
6207 5807
6208 5870
6209 5807
6210 5807
6211 5805
6212 5767
6213 5807
6214 5807
6215 5722
6216 5648
6217 5642
6218 5849
6219 5848
6220 5848
6221 5784
6222 5849
6223 5765
6224 5784
6225 5784
6226 5767
6227 5807
6228 5767
6229 5870
6230 5870
6231 1183
6232 1183
6233 1183
6234 1183
6235 1183
6236 1183
6237 1183
6238 1183
6239 1183
6240 3745
6241 3745
6242 3745
6243 3517
6244 3745
6245 3745
6246 3745
6247 3745
6248 3746
6249 3746
6250 3746
6251 3746
6252 3746
6253 3517
6254 3517
6255 3517
6256 3746
6257 3517
6258 3517
6259 3746
6260 3745
6261 3745
6262 3745
6263 3746
6264 3746
6265 3746
6266 3745
6267 3746
6268 3745
6269 3746
6270 3746
6271 3517
6272 3517
6273 4827
6274 4826
6275 3745
6276 3517
6277 3517
6278 3517
6279 3517
6280 5192
6281 5221
6282 5086
6283 5171
6284 4404
6285 4379
6286 4909
6287 6311
6288 4377
6289 4804
6290 4962
6291 4150
6292 4153
6293 4208
6294 6305
6295 4412
6296 4377
6297 4377
6298 1330
6299 1330
6300 4109
6301 4212
6302 6366
6303 4908
6304 6394
6305 5295
6306 6295
6307 6297
6308 4959
6309 6474
6310 6392
6311 6391
6312 4176
6313 6409
6314 6429
6315 4738
6316 3498
6317 4173
6318 4907
6319 4910
6320 4248
6321 4247
6322 4228
6323 4248
6324 4228
6325 4227
6326 4170
6327 4227
6328 4226
6329 4226
6330 4226
6331 3511
6332 2871
6333 6318
6334 5559
6335 5685
6336 6346
6337 6347
6338 6469
6339 4124
6340 4124
6341 5283
6342 4959
6343 4727
6344 4774
6345 5291
6346 5290
6347 5293
6348 4980
6349 4915
6350 5321
6351 5321
6352 4918
6353 4915
6354 5208
6355 5215
6356 5088
6357 5370
6358 5128
6359 5090
6360 5174
6361 4717
6362 4744
6363 5338
6364 5306
6365 6402
6366 6402
6367 5298
6368 4374
6369 4289
6370 4152
6371 4821
6372 4734
6373 6299
6374 4121
6375 4164
6376 4285
6377 4121
6378 4317
6379 6566
6380 6571
6381 4350
6382 1204
6383 6375
6384 5265
6385 6572
6386 6379
6387 6288
6388 4811
6389 6874
6390 4223
6391 6425
6392 6407
6393 4128
6394 4129
6395 5352
6396 4161
6397 4833
6398 4877
6399 6449
6400 6438
6401 6440
6402 6357
6403 6358
6404 4744
6405 4850
6406 6283
6407 4911
6408 5350
6409 4222
6410 6428
6411 4905
6412 4904
6413 5338
6414 5353
6415 5308
6416 6403
6417 6404
6418 6403
6419 6403
6420 6403
6421 4160
6422 6460
6423 5318
6424 6447
6425 5315
6426 4093
6427 4090
6428 5346
6429 5348
6430 4137
6431 4722
6432 4723
6433 5174
6434 5174
6435 5174
6436 5174
6437 5088
6438 5208
6439 5121
6440 5208
6441 5208
6442 5119
6443 5119
6444 5149
6445 5125
6446 5149
6447 4850
6448 4849
6449 5149
6450 5183
6451 5150
6452 5208
6453 5150
6454 5150
6455 4861
6456 6425
6457 4196
6458 6354
6459 6357
6460 5010
6461 4741
6462 6355
6463 6354
6464 4912
6465 5287
6466 6314
6467 6282
6468 4819
6469 4819
6470 4917
6471 5157
6472 3017
6473 6298
6474 4253
6475 6390
6476 6499
6477 4157
6478 6366
6479 4157
6480 4252
6481 4251
6482 4249
6483 4252
6484 6416
6485 6415
6486 4226
6487 4250
6488 4178
6489 6367
6490 4132
6491 4224
6492 224
6493 204
6494 490
6495 488
6496 4084
6497 4181
6498 2870
6499 6410
6500 6465
6501 6393
6502 4222
6503 3063
6504 6505
6505 4318
6506 6506
6507 4973
6508 4295
6509 6508
6510 4304
6511 6512
6512 4371
6513 6560
6514 5261
6515 5249
6516 6516
6517 6517
6518 6554
6519 6528
6520 6527
6521 6373
6522 5246
6523 5247
6524 4289
6525 6376
6526 6873
6527 6530
6528 4730
6529 6542
6530 6535
6531 6536
6532 6525
6533 6524
6534 5252
6535 6543
6536 6369
6537 4342
6538 4354
6539 3158
6540 6529
6541 3158
6542 6371
6543 6389
6544 4376
6545 4407
6546 4422
6547 1354
6548 1926
6549 4801
6550 4712
6551 6551
6552 3089
6553 1927
6554 6517
6555 4987
6556 1970
6557 6515
6558 6534
6559 6532
6560 4729
6561 3120
6562 3088
6563 3088
6564 3137
6565 3105
6566 5263
6567 4690
6568 3120
6569 1204
6570 5257
6571 4326
6572 6572
6573 5261
6574 1131
6575 1130
6576 1119
6577 1373
6578 1373
6579 1373
6580 1373
6581 1119
6582 1375
6583 1373
6584 1126
6585 1124
6586 1124
6587 1125
6588 1125
6589 1116
6590 1123
6591 1116
6592 1116
6593 1132
6594 1116
6595 1116
6596 1373
6597 1119
6598 1121
6599 3181
6600 1121
6601 1121
6602 1120
6603 1121
6604 3179
6605 1375
6606 1120
6607 3179
6608 3175
6609 3187
6610 1121
6611 3261
6612 3261
6613 3261
6614 3261
6615 3261
6616 3261
6617 3300
6618 3261
6619 3261
6620 3261
6621 3261
6622 3261
6623 3235
6624 3236
6625 3236
6626 3235
6627 3261
6628 3261
6629 3261
6630 3261
6631 3235
6632 3300
6633 3250
6634 3282
6635 3277
6636 3250
6637 3310
6638 3282
6639 3300
6640 3238
6641 3300
6642 3261
6643 3261
6644 3261
6645 3261
6646 3261
6647 3261
6648 3300
6649 3300
6650 3261
6651 3261
6652 3261
6653 3261
6654 3261
6655 3261
6656 3261
6657 3261
6658 3261
6659 3261
6660 3261
6661 3261
6662 3261
6663 3261
6664 3261
6665 3261
6666 3261
6667 3235
6668 3261
6669 3261
6670 3235
6671 3261
6672 3261
6673 3261
6674 3261
6675 3261
6676 3261
6677 3261
6678 3218
6679 3294
6680 3294
6681 3236
6682 3236
6683 3236
6684 3236
6685 3236
6686 3236
6687 3236
6688 3236
6689 3236
6690 3294
6691 3362
6692 3294
6693 3300
6694 3316
6695 3261
6696 3310
6697 3316
6698 3235
6699 3261
6700 3261
6701 3300
6702 3261
6703 3235
6704 3235
6705 3261
6706 3261
6707 3261
6708 3261
6709 3261
6710 3236
6711 3236
6712 3261
6713 3294
6714 3236
6715 3336
6716 3350
6717 3236
6718 3350
6719 1116
6720 1136
6721 1116
6722 1136
6723 1121
6724 3189
6725 3320
6726 3189
6727 3192
6728 3196
6729 3321
6730 3179
6731 3192
6732 3185
6733 3185
6734 3190
6735 3176
6736 3343
6737 3366
6738 3365
6739 3341
6740 3365
6741 3397
6742 3402
6743 3397
6744 3402
6745 3397
6746 3364
6747 3397
6748 3364
6749 3397
6750 3343
6751 3367
6752 3343
6753 3367
6754 3343
6755 3364
6756 3364
6757 3339
6758 3341
6759 3364
6760 3341
6761 3364
6762 3339
6763 3364
6764 3370
6765 3415
6766 3334
6767 3418
6768 3402
6769 3402
6770 3325
6771 3418
6772 3418
6773 3433
6774 3393
6775 3324
6776 3334
6777 3334
6778 3324
6779 3210
6780 3177
6781 3177
6782 3335
6783 3334
6784 3324
6785 3325
6786 3208
6787 3328
6788 3325
6789 3328
6790 3176
6791 3176
6792 3194
6793 3185
6794 3185
6795 3326
6796 3335
6797 3370
6798 3371
6799 3325
6800 3325
6801 3326
6802 3380
6803 3370
6804 3380
6805 3335
6806 3371
6807 3370
6808 3380
6809 3335
6810 3327
6811 3335
6812 3326
6813 3326
6814 3335
6815 3190
6816 3190
6817 3323
6818 3208
6819 3402
6820 3404
6821 3418
6822 3393
6823 3392
6824 3392
6825 3335
6826 3334
6827 3335
6828 3335
6829 3335
6830 3380
6831 3381
6832 3321
6833 3189
6834 3191
6835 3181
6836 3191
6837 3402
6838 3402
6839 3402
6840 3402
6841 3402
6842 3402
6843 3370
6844 3370
6845 3418
6846 3370
6847 3370
6848 3370
6849 3391
6850 3391
6851 3391
6852 3391
6853 3391
6854 3391
6855 3391
6856 3391
6857 3390
6858 3334
6859 3381
6860 3334
6861 3381
6862 3381
6863 3391
6864 3381
6865 3391
6866 3390
6867 3381
6868 3381
6869 3177
6870 1521
6871 1521
6872 1521
6873 4972
6874 4374
6875 4375
6876 4372
6877 6519
6878 4962
6879 6416
6880 3975
6881 4023
6882 4023
6883 4023
6884 4023
6885 4028
6886 4023
6887 3977
6888 3975
6889 3975
