0 39
1 39
2 39
3 277
4 39
5 39
6 35
7 44
8 41
9 40
10 41
11 17
12 99
13 99
14 265
15 265
16 44
17 17
18 17
19 44
20 39
21 331
22 330
23 330
24 32
25 275
26 33
27 321
28 331
29 331
30 331
31 331
32 39
33 39
34 331
35 39
36 331
37 331
38 330
39 331
40 40
41 25
42 46
43 69
44 32
45 81
46 48
47 275
48 47
49 99
50 98
51 99
52 264
53 99
54 244
55 49
56 52
57 100
58 100
59 3070
60 3792
61 3574
62 100
63 63
64 71
65 82
66 82
67 72
68 63
69 63
70 63
71 71
72 63
73 63
74 63
75 86
76 86
77 63
78 63
79 82
80 82
81 81
82 82
83 82
84 63
85 86
86 68
87 91
88 88
89 97
90 88
91 88
92 91
93 89
94 96
95 48
96 96
97 87
98 89
99 94
100 94
101 5366
102 49
103 49
104 331
105 39
106 39
107 39
108 39
109 39
110 44
111 39
112 321
113 17
114 32
115 44
116 39
117 39
118 39
119 331
120 39
121 39
122 331
123 330
124 330
125 331
126 131
127 131
128 131
129 131
130 131
131 131
132 32
133 39
134 44
135 44
136 17
137 264
138 53
139 244
140 62
141 14
142 54
143 61
144 54
145 54
146 53
147 49
148 139
149 53
150 3045
151 143
152 282
153 3162
154 49
155 41
156 17
157 41
158 276
159 44
160 276
161 276
162 110
163 16
164 19
165 357
166 95
167 80
168 41
169 25
170 378
171 113
172 54
173 49
174 3046
175 138
176 3552
177 136
178 3605
179 3609
180 3599
181 3608
182 273
183 3749
184 12
185 3526
186 3526
187 3527
188 39
189 39
190 39
191 321
192 44
193 17
194 276
195 46
196 82
197 81
198 1441
199 1441
200 14
201 138
202 138
203 14
204 364
205 15
206 146
207 6492
208 3058
209 3162
210 3058
211 3058
212 3794
213 3162
214 282
215 143
216 144
217 140
218 307
219 307
220 12
221 522
222 283
223 3161
224 138
225 399
226 3865
227 39
228 329
229 131
230 131
231 131
232 131
233 131
234 330
235 331
236 238
237 17
238 237
239 236
240 39
241 39
242 39
243 98
244 99
245 98
246 44
247 3
248 343
249 3520
250 169
251 3749
252 198
253 1777
254 4007
255 179
256 3058
257 3162
258 20
259 131
260 17
261 40
262 17
263 17
264 50
265 98
266 99
267 51
268 49
269 3599
270 392
271 392
272 518
273 72
274 3520
275 44
276 276
277 321
278 91
279 91
280 157
281 89
282 3052
283 416
284 103
285 103
286 331
287 331
288 331
289 331
290 82
291 419
292 1908
293 443
294 48
295 3161
296 103
297 282
298 3162
299 138
300 3161
301 422
302 3902
303 446
304 446
305 399
306 54
307 381
308 3161
309 3161
310 331
311 331
312 331
313 331
314 331
315 331
316 331
317 331
318 331
319 331
320 331
321 331
322 331
323 331
324 331
325 331
326 331
327 331
328 329
329 131
330 329
331 330
332 330
333 364
334 3161
335 126
336 3639
337 63
338 330
339 17
340 26
341 44
342 26
343 39
344 131
345 131
346 131
347 131
348 131
349 131
350 131
351 39
352 39
353 330
354 39
355 331
356 329
357 44
358 321
359 277
360 89
361 265
362 522
363 60
364 404
365 522
366 64
367 64
368 82
369 82
370 82
371 82
372 82
373 82
374 81
375 81
376 82
377 41
378 68
379 71
380 81
381 60
382 5366
383 51
384 5232
385 3980
386 3523
387 3523
388 3605
389 406
390 270
391 3781
392 88
393 88
394 3523
395 3527
396 523
397 522
398 3908
399 3982
400 3982
401 406
402 406
403 406
404 406
405 96
406 88
407 131
408 3639
409 131
410 3639
411 169
412 159
413 3520
414 3520
415 3792
416 3574
417 277
418 277
419 1907
420 417
421 131
422 457
423 422
424 223
425 283
426 145
427 321
428 321
429 331
430 46
431 331
432 331
433 331
434 321
435 331
436 330
437 331
438 331
439 330
440 143
441 307
442 1908
443 293
444 134
445 3982
446 3982
447 86
448 88
449 63
450 63
451 282
452 307
453 3654
454 39
455 39
456 131
457 3903
458 88
459 459
460 445
461 363
462 330
463 457
464 63
465 63
466 63
467 63
468 71
469 63
470 71
471 82
472 82
473 63
474 71
475 82
476 82
477 82
478 71
479 82
480 63
481 64
482 63
483 63
484 540
485 540
486 84
487 84
488 86
489 1441
490 88
491 1441
492 1441
493 1441
494 1441
495 1441
496 63
497 63
498 63
499 71
500 84
501 84
502 68
503 1441
504 88
505 540
506 88
507 540
508 1441
509 540
510 88
511 540
512 1441
513 1441
514 1441
515 540
516 543
517 88
518 1441
519 89
520 540
521 406
522 406
523 406
524 1441
525 1441
526 406
527 1441
528 1441
529 1441
530 1441
531 1441
532 520
533 520
534 1441
535 1441
536 1441
537 1441
538 1441
539 1441
540 1441
541 540
542 1441
543 1441
544 1441
545 86
546 86
547 1441
548 1441
549 86
550 1441
551 86
552 86
553 86
554 84
555 63
556 63
557 84
558 63
559 63
560 63
561 63
562 71
563 71
564 64
565 71
566 63
567 71
568 63
569 63
570 295
571 142
572 142
573 308
574 63
575 63
576 63
577 63
578 84
579 63
580 63
581 86
582 86
583 1441
584 152
585 817
586 218
587 298
588 744
589 1809
590 1810
591 743
592 1863
593 1820
594 695
595 589
596 696
597 695
598 1255
599 3063
600 1254
601 1211
602 734
603 1898
604 2890
605 3010
606 742
607 1279
608 818
609 742
610 1212
611 1352
612 767
613 1211
614 661
615 929
616 928
617 658
618 1195
619 1193
620 1757
621 1194
622 666
623 593
624 592
625 593
626 2976
627 1430
628 1432
629 2976
630 664
631 861
632 1203
633 665
634 1832
635 707
636 1832
637 2893
638 651
639 649
640 649
641 649
642 1420
643 1419
644 2952
645 1420
646 1191
647 688
648 623
649 1292
650 666
651 1296
652 2870
653 942
654 858
655 1344
656 916
657 1768
658 685
659 685
660 685
661 691
662 1336
663 916
664 1767
665 1336
666 1808
667 1316
668 943
669 1254
670 768
671 1211
672 639
673 2948
674 1829
675 640
676 859
677 859
678 3503
679 1769
680 1198
681 672
682 2869
683 1346
684 6332
685 6298
686 3016
687 3075
688 685
689 599
690 686
691 4253
692 6331
693 588
694 696
695 2875
696 2972
697 2973
698 701
699 805
700 814
701 1312
702 298
703 640
704 1834
705 1769
706 589
707 1294
708 593
709 592
710 1241
711 1241
712 2941
713 675
714 704
715 639
716 1840
717 672
718 1346
719 714
720 861
721 664
722 1493
723 601
724 671
725 600
726 3482
727 3029
728 6476
729 3027
730 1316
731 1535
732 1298
733 591
734 696
735 695
736 1425
737 1868
738 1536
739 2866
740 1759
741 1759
742 452
743 1279
744 452
745 440
746 1280
747 805
748 806
749 4179
750 3076
751 4734
752 6288
753 714
754 1417
755 1198
756 1346
757 2868
758 3043
759 612
760 3039
761 670
762 669
763 1419
764 669
765 3079
766 4824
767 6473
768 1329
769 703
770 2869
771 704
772 675
773 1837
774 1855
775 1841
776 1841
777 1536
778 1197
779 1272
780 1536
781 1810
782 1241
783 1810
784 2866
785 1199
786 1868
787 1285
788 1413
789 1902
790 1190
791 1197
792 1868
793 1190
794 653
795 1267
796 916
797 923
798 3478
799 1344
800 859
801 858
802 858
803 153
804 297
805 298
806 206
807 881
808 3132
809 1207
810 1207
811 219
812 296
813 296
814 150
815 1339
816 1339
817 207
818 218
819 207
820 218
821 218
822 1225
823 3149
824 333
825 306
826 306
827 202
828 202
829 3657
830 2922
831 3152
832 949
833 4449
834 4449
835 4436
836 4627
837 4438
838 4438
839 4453
840 4759
841 4969
842 4814
843 6563
844 859
845 1769
846 3152
847 1021
848 1022
849 1022
850 1022
851 1027
852 4449
853 4449
854 950
855 1768
856 6382
857 6382
858 6568
859 4351
860 4351
861 4347
862 4396
863 4647
864 4839
865 4396
866 3149
867 3147
868 6565
869 4836
870 4397
871 4440
872 1021
873 1027
874 1171
875 1145
876 1027
877 1028
878 4452
879 4479
880 4452
881 4422
882 4395
883 4395
884 4436
885 4627
886 1769
887 1336
888 1767
889 1335
890 1332
891 1250
892 2837
893 1493
894 685
895 1213
896 3027
897 4928
898 4928
899 4439
900 4452
901 1517
902 1022
903 1171
904 1171
905 1171
906 1147
907 1017
908 4477
909 4990
910 4989
911 4988
912 4396
913 4710
914 6552
915 4366
916 4812
917 4812
918 4813
919 4812
920 4347
921 1201
922 1328
923 1328
924 1202
925 1200
926 1200
927 2871
928 691
929 684
930 1300
931 700
932 3149
933 4479
934 4480
935 4477
936 4511
937 881
938 859
939 3160
940 689
941 690
942 3016
943 3075
944 1021
945 1045
946 1013
947 1008
948 1006
949 4526
950 4488
951 4483
952 4990
953 4529
954 4993
955 4506
956 4505
957 1033
958 1007
959 1033
960 1045
961 1008
962 4926
963 4511
964 4511
965 4513
966 4442
967 4442
968 4513
969 1007
970 1036
971 1034
972 1007
973 1034
974 1007
975 1179
976 1053
977 1053
978 1179
979 1179
980 1053
981 1068
982 1008
983 1068
984 1008
985 1068
986 1008
987 1146
988 1053
989 1053
990 1146
991 4993
992 4992
993 4992
994 4993
995 1154
996 1087
997 1087
998 1154
999 1087
1000 1099
1001 1077
1002 1155
1003 1099
1004 1372
1005 1154
1006 1099
1007 1100
1008 1076
1009 1074
1010 1075
1011 1074
1012 1075
1013 1074
1014 1087
1015 1086
1016 1086
1017 1074
1018 1075
1019 1075
1020 1074
1021 1468
1022 1468
1023 1468
1024 1085
1025 4635
1026 1177
1027 4635
1028 4545
1029 1074
1030 1077
1031 1371
1032 1371
1033 1097
1034 1371
1035 1371
1036 1153
1037 1371
1038 1153
1039 1525
1040 1525
1041 1074
1042 4546
1043 1075
1044 1075
1045 1074
1046 1074
1047 1375
1048 1375
1049 1092
1050 1528
1051 1528
1052 1118
1053 1118
1054 1116
1055 1116
1056 1106
1057 1375
1058 1157
1059 1089
1060 1089
1061 1089
1062 1086
1063 1089
1064 1464
1065 1530
1066 1466
1067 1112
1068 1466
1069 1464
1070 1112
1071 1134
1072 1113
1073 1531
1074 1122
1075 1123
1076 1123
1077 1129
1078 1105
1079 1105
1080 1110
1081 1110
1082 1134
1083 1134
1084 1114
1085 1113
1086 1532
1087 1130
1088 1158
1089 1158
1090 1471
1091 1134
1092 1134
1093 1131
1094 1132
1095 1132
1096 1130
1097 1130
1098 1130
1099 1130
1100 1130
1101 1134
1102 1130
1103 1532
1104 1123
1105 3174
1106 1123
1107 1122
1108 1158
1109 1121
1110 1122
1111 1158
1112 3184
1113 3174
1114 1129
1115 1129
1116 3179
1117 3179
1118 1123
1119 3179
1120 3195
1121 3178
1122 3179
1123 3179
1124 3174
1125 1123
1126 1123
1127 3174
1128 3174
1129 3174
1130 3174
1131 1123
1132 3184
1133 3184
1134 3174
1135 3181
1136 3180
1137 4475
1138 4479
1139 996
1140 1061
1141 4526
1142 4990
1143 4506
1144 4633
1145 6871
1146 1074
1147 1371
1148 1157
1149 1116
1150 1156
1151 1128
1152 1105
1153 1128
1154 1124
1155 1130
1156 3174
1157 1123
1158 3176
1159 4438
1160 4394
1161 4438
1162 4397
1163 1059
1164 1061
1165 996
1166 4477
1167 1077
1168 1179
1169 1177
1170 1177
1171 1074
1172 1074
1173 4636
1174 4636
1175 1134
1176 1128
1177 1130
1178 1128
1179 1114
1180 1466
1181 1471
1182 1466
1183 1471
1184 4633
1185 4842
1186 4544
1187 1053
1188 924
1189 3477
1190 601
1191 601
1192 653
1193 671
1194 671
1195 601
1196 668
1197 1211
1198 675
1199 1401
1200 4824
1201 3079
1202 1348
1203 6382
1204 4366
1205 4647
1206 4396
1207 4930
1208 4473
1209 4479
1210 996
1211 1329
1212 2871
1213 3062
1214 1300
1215 702
1216 1304
1217 1301
1218 1302
1219 299
1220 3050
1221 1060
1222 1060
1223 1060
1224 4454
1225 4454
1226 996
1227 996
1228 983
1229 955
1230 4449
1231 2899
1232 2976
1233 2976
1234 2899
1235 4253
1236 3077
1237 817
1238 781
1239 782
1240 781
1241 1849
1242 2886
1243 1872
1244 2880
1245 2887
1246 4356
1247 4323
1248 1202
1249 1201
1250 926
1251 922
1252 2870
1253 768
1254 3505
1255 6503
1256 3064
1257 6316
1258 776
1259 776
1260 716
1261 716
1262 1455
1263 953
1264 614
1265 617
1266 616
1267 659
1268 1193
1269 690
1270 1425
1271 1346
1272 1346
1273 1840
1274 4929
1275 4436
1276 4436
1277 1061
1278 1061
1279 306
1280 333
1281 1536
1282 2866
1283 1199
1284 714
1285 2869
1286 611
1287 1199
1288 1199
1289 3010
1290 1881
1291 1238
1292 1290
1293 1295
1294 1239
1295 1240
1296 2885
1297 804
1298 804
1299 817
1300 803
1301 3057
1302 824
1303 813
1304 812
1305 812
1306 826
1307 153
1308 175
1309 285
1310 2900
1311 1902
1312 333
1313 333
1314 2900
1315 2976
1316 781
1317 2880
1318 1810
1319 142
1320 142
1321 956
1322 956
1323 1482
1324 3476
1325 1330
1326 1325
1327 1325
1328 3511
1329 4180
1330 4688
1331 3795
1332 3504
1333 3509
1334 1326
1335 3504
1336 4345
1337 4346
1338 4841
1339 4841
1340 1538
1341 1883
1342 1443
1343 1443
1344 3501
1345 3501
1346 648
1347 675
1348 4731
1349 3065
1350 931
1351 6503
1352 694
1353 1060
1354 1060
1355 1442
1356 2946
1357 1415
1358 1415
1359 1060
1360 1060
1361 4452
1362 4479
1363 4452
1364 4672
1365 4442
1366 4928
1367 4989
1368 4632
1369 1116
1370 1105
1371 1532
1372 1122
1373 1123
1374 3195
1375 3179
1376 2900
1377 2900
1378 2976
1379 2974
1380 1869
1381 1433
1382 1432
1383 2953
1384 2900
1385 1902
1386 2900
1387 2899
1388 2976
1389 2976
1390 790
1391 2901
1392 790
1393 2976
1394 2976
1395 1902
1396 644
1397 1190
1398 1902
1399 1883
1400 1443
1401 2948
1402 639
1403 674
1404 1885
1405 2825
1406 2825
1407 723
1408 771
1409 2945
1410 1847
1411 1847
1412 2953
1413 716
1414 776
1415 1871
1416 771
1417 3032
1418 611
1419 610
1420 599
1421 943
1422 1271
1423 2953
1424 943
1425 599
1426 692
1427 298
1428 770
1429 795
1430 1847
1431 1868
1432 1199
1433 1545
1434 1350
1435 1349
1436 599
1437 767
1438 1442
1439 1415
1440 1415
1441 1416
1442 1883
1443 1890
1444 2988
1445 1442
1446 3149
1447 3149
1448 3507
1449 3507
1450 4366
1451 4479
1452 4452
1453 4482
1454 879
1455 4525
1456 4511
1457 4442
1458 4929
1459 4929
1460 1013
1461 1519
1462 1007
1463 1179
1464 1134
1465 1132
1466 1132
1467 1130
1468 1134
1469 1130
1470 1129
1471 1129
1472 1129
1473 1132
1474 1129
1475 1060
1476 4630
1477 1143
1478 955
1479 4436
1480 4710
1481 1332
1482 1333
1483 2845
1484 3477
1485 3477
1486 2845
1487 617
1488 2830
1489 3478
1490 1483
1491 2831
1492 1482
1493 928
1494 692
1495 928
1496 658
1497 4627
1498 1061
1499 4449
1500 1174
1501 955
1502 1346
1503 2862
1504 3031
1505 722
1506 1507
1507 771
1508 1885
1509 707
1510 1400
1511 6562
1512 4836
1513 4710
1514 4475
1515 4479
1516 4397
1517 4994
1518 4993
1519 4549
1520 4546
1521 1087
1522 1154
1523 1089
1524 1106
1525 1128
1526 1109
1527 1131
1528 1158
1529 1122
1530 1158
1531 1123
1532 3174
1533 1060
1534 996
1535 1810
1536 673
1537 672
1538 1403
1539 4627
1540 4841
1541 776
1542 776
1543 769
1544 3005
1545 3005
1546 1626
1547 1624
1548 1624
1549 1623
1550 1626
1551 1624
1552 1628
1553 1624
1554 1624
1555 1628
1556 1137
1557 1624
1558 1624
1559 1137
1560 1623
1561 1623
1562 1626
1563 1623
1564 1703
1565 1704
1566 1705
1567 1703
1568 1229
1569 833
1570 833
1571 1229
1572 1229
1573 1658
1574 1658
1575 1659
1576 3133
1577 1477
1578 1626
1579 1644
1580 1644
1581 1626
1582 1137
1583 1624
1584 1624
1585 1137
1586 1137
1587 1624
1588 1137
1589 3172
1590 1624
1591 1624
1592 3172
1593 1659
1594 1643
1595 1643
1596 1659
1597 3081
1598 1644
1599 853
1600 944
1601 833
1602 1623
1603 1322
1604 833
1605 833
1606 3081
1607 1658
1608 1658
1609 1644
1610 1658
1611 1658
1612 1644
1613 1746
1614 1706
1615 3475
1616 1704
1617 3475
1618 1704
1619 1718
1620 1717
1621 1719
1622 1669
1623 3475
1624 1322
1625 1322
1626 1706
1627 1703
1628 1706
1629 1706
1630 1705
1631 1393
1632 1719
1633 1719
1634 1393
1635 1389
1636 1389
1637 1258
1638 1904
1639 1386
1640 1672
1641 1672
1642 1386
1643 1706
1644 1703
1645 1719
1646 1717
1647 1717
1648 1719
1649 1389
1650 1717
1651 1719
1652 1389
1653 1669
1654 1683
1655 1683
1656 1718
1657 1704
1658 1717
1659 1717
1660 1704
1661 1704
1662 1704
1663 1704
1664 1717
1665 1746
1666 1704
1667 1393
1668 1258
1669 1258
1670 1393
1671 1258
1672 1258
1673 2899
1674 2899
1675 2899
1676 1259
1677 1386
1678 1315
1679 1315
1680 1315
1681 1672
1682 1737
1683 1389
1684 1670
1685 1623
1686 1624
1687 1459
1688 1623
1689 1459
1690 1137
1691 1644
1692 1623
1693 1137
1694 1746
1695 1703
1696 1669
1697 1671
1698 1671
1699 1703
1700 869
1701 3475
1702 3475
1703 1719
1704 1389
1705 1389
1706 1719
1707 1386
1708 1389
1709 1414
1710 1381
1711 1232
1712 1232
1713 1671
1714 1414
1715 1388
1716 1315
1717 1388
1718 1258
1719 1259
1720 1388
1721 1623
1722 1628
1723 1747
1724 1706
1725 1704
1726 1623
1727 1624
1728 1657
1729 1644
1730 1229
1731 1717
1732 1704
1733 1717
1734 1414
1735 1904
1736 1704
1737 2976
1738 1705
1739 1672
1740 1719
1741 1137
1742 1229
1743 1703
1744 1703
1745 1719
1746 1719
1747 1719
1748 1393
1749 1393
1750 1137
1751 1389
1752 932
1753 3061
1754 1755
1755 2877
1756 671
1757 929
1758 661
1759 1402
1760 1199
1761 675
1762 675
1763 599
1764 63
1765 1441
1766 63
1767 4402
1768 6381
1769 6381
1770 63
1771 1441
1772 84
1773 63
1774 63
1775 82
1776 1441
1777 520
1778 82
1779 4344
1780 4347
1781 6381
1782 4345
1783 6568
1784 4346
1785 5268
1786 4815
1787 865
1788 865
1789 1339
1790 1805
1791 862
1792 1805
1793 1805
1794 862
1795 1805
1796 1339
1797 4815
1798 4815
1799 6562
1800 6564
1801 4815
1802 6563
1803 4647
1804 4647
1805 4646
1806 4758
1807 4971
1808 1863
1809 820
1810 742
1811 744
1812 1317
1813 1808
1814 1820
1815 1819
1816 744
1817 819
1818 2972
1819 2972
1820 1319
1821 781
1822 2889
1823 1821
1824 2888
1825 1895
1826 1896
1827 1896
1828 1895
1829 1832
1830 708
1831 1887
1832 707
1833 733
1834 3016
1835 749
1836 750
1837 1352
1838 3031
1839 2858
1840 1843
1841 1843
1842 2891
1843 2894
1844 1826
1845 1839
1846 2959
1847 1839
1848 2941
1849 782
1850 1343
1851 1830
1852 1833
1853 1832
1854 1843
1855 1843
1856 1829
1857 1509
1858 2941
1859 603
1860 1400
1861 1822
1862 2888
1863 2888
1864 1822
1865 672
1866 1198
1867 1346
1868 2959
1869 1346
1870 2948
1871 1874
1872 2889
1873 1822
1874 1400
1875 1874
1876 1841
1877 673
1878 672
1879 672
1880 2959
1881 1822
1882 1844
1883 1443
1884 1897
1885 2969
1886 1812
1887 2893
1888 1871
1889 1871
1890 2969
1891 3008
1892 2940
1893 2888
1894 1239
1895 1238
1896 1881
1897 1813
1898 706
1899 781
1900 1746
1901 2943
1902 3001
1903 769
1904 776
1905 91
1906 406
1907 277
1908 1908
1909 1717
1910 1717
1911 1322
1912 1477
1913 1322
1914 1322
1915 1477
1916 1658
1917 1322
1918 1976
1919 5053
1920 5053
1921 1976
1922 5436
1923 5053
1924 5425
1925 5053
1926 5425
1927 5436
1928 5053
1929 5053
1930 5436
1931 1976
1932 1976
1933 5053
1934 5053
1935 5425
1936 5053
1937 5053
1938 5425
1939 1139
1940 5051
1941 5053
1942 1139
1943 5425
1944 5030
1945 5410
1946 3126
1947 3126
1948 1137
1949 1976
1950 1976
1951 3126
1952 3126
1953 1137
1954 3126
1955 3126
1956 1976
1957 3126
1958 1976
1959 5053
1960 1976
1961 5053
1962 5052
1963 1976
1964 3126
1965 3126
1966 3126
1967 1139
1968 3126
1969 5436
1970 5436
1971 3126
1972 1222
1973 3170
1974 3170
1975 1139
1976 3172
1977 3126
1978 3170
1979 5425
1980 3172
1981 5493
1982 5526
1983 5690
1984 5690
1985 5705
1986 5702
1987 5669
1988 5405
1989 5526
1990 5493
1991 5526
1992 5713
1993 5526
1994 5448
1995 5715
1996 5530
1997 5725
1998 5725
1999 5725
2000 5725
2001 5477
2002 5725
2003 5725
2004 5477
2005 5493
2006 5493
2007 5561
2008 5561
2009 5493
2010 5526
2011 5646
2012 5702
2013 5398
2014 5423
2015 5403
2016 5399
2017 5423
2018 5400
2019 5403
2020 5434
2021 5428
2022 5403
2023 5400
2024 5403
2025 5400
2026 5396
2027 6088
2028 6087
2029 6087
2030 6142
2031 5389
2032 5402
2033 5402
2034 5403
2035 5747
2036 5565
2037 6142
2038 6087
2039 6191
2040 6142
2041 5526
2042 5526
2043 5712
2044 5712
2045 5709
2046 5713
2047 5632
2048 5698
2049 5526
2050 5493
2051 5493
2052 5493
2053 5497
2054 5497
2055 5746
2056 5537
2057 6162
2058 6162
2059 5403
2060 5419
2061 5474
2062 5701
2063 5701
2064 5582
2065 5403
2066 5402
2067 6088
2068 6088
2069 5705
2070 5423
2071 5400
2072 5428
2073 5439
2074 5709
2075 5493
2076 5493
2077 5487
2078 5492
2079 5561
2080 5486
2081 5745
2082 5701
2083 5701
2084 5745
2085 5493
2086 5702
2087 5747
2088 5398
2089 5395
2090 5669
2091 5669
2092 5423
2093 5399
2094 5669
2095 5702
2096 5403
2097 5403
2098 5395
2099 5395
2100 5428
2101 5395
2102 5435
2103 5435
2104 5435
2105 5419
2106 5395
2107 5419
2108 5395
2109 5439
2110 5439
2111 5435
2112 5435
2113 5533
2114 5646
2115 5526
2116 5690
2117 5713
2118 5712
2119 5712
2120 5559
2121 5566
2122 5712
2123 6206
2124 6167
2125 5712
2126 6159
2127 6162
2128 6162
2129 6167
2130 6167
2131 5537
2132 5727
2133 5715
2134 5556
2135 5715
2136 5497
2137 5698
2138 5698
2139 5709
2140 5746
2141 5712
2142 5712
2143 5725
2144 5725
2145 6191
2146 6143
2147 5419
2148 5419
2149 5493
2150 5725
2151 5493
2152 5576
2153 6162
2154 6162
2155 5727
2156 6206
2157 6088
2158 6088
2159 6206
2160 5712
2161 6167
2162 6164
2163 5712
2164 5712
2165 6164
2166 6206
2167 6166
2168 6162
2169 6206
2170 5476
2171 5725
2172 5558
2173 5715
2174 5716
2175 5477
2176 5725
2177 6162
2178 5727
2179 5727
2180 5493
2181 6159
2182 5428
2183 5403
2184 5402
2185 5428
2186 6159
2187 6159
2188 5576
2189 6162
2190 6166
2191 6166
2192 5550
2193 5537
2194 5537
2195 5565
2196 5403
2197 5747
2198 5551
2199 5558
2200 5563
2201 5403
2202 5428
2203 5428
2204 6159
2205 6088
2206 5395
2207 5419
2208 5395
2209 5395
2210 5564
2211 5564
2212 5608
2213 5550
2214 5551
2215 5827
2216 5827
2217 5939
2218 5939
2219 6088
2220 6088
2221 5669
2222 5473
2223 5404
2224 5431
2225 5669
2226 5423
2227 5400
2228 5439
2229 5403
2230 5435
2231 5431
2232 5937
2233 5937
2234 5439
2235 5439
2236 5533
2237 5561
2238 5561
2239 5561
2240 5608
2241 5395
2242 5425
2243 5425
2244 5436
2245 5937
2246 6166
2247 6166
2248 5702
2249 5690
2250 5690
2251 5702
2252 5691
2253 5690
2254 5669
2255 5565
2256 5550
2257 5550
2258 5712
2259 5712
2260 5709
2261 5712
2262 6166
2263 6166
2264 5669
2265 5423
2266 5709
2267 5526
2268 5698
2269 5727
2270 5727
2271 5574
2272 5937
2273 5937
2274 5712
2275 5698
2276 6206
2277 5727
2278 5537
2279 5419
2280 6088
2281 5937
2282 5937
2283 5937
2284 5559
2285 5561
2286 5425
2287 5702
2288 5646
2289 5712
2290 5537
2291 5727
2292 5537
2293 5537
2294 6206
2295 5827
2296 5822
2297 5827
2298 5827
2299 5937
2300 5825
2301 5825
2302 5827
2303 5922
2304 5922
2305 5888
2306 5888
2307 5886
2308 5822
2309 5888
2310 5888
2311 5888
2312 5909
2313 5907
2314 5913
2315 5888
2316 5887
2317 5822
2318 5907
2319 5913
2320 5907
2321 5907
2322 5822
2323 5885
2324 5888
2325 5907
2326 5889
2327 5888
2328 5907
2329 5886
2330 5888
2331 5827
2332 5827
2333 5907
2334 5913
2335 5913
2336 5913
2337 5913
2338 5913
2339 5913
2340 5913
2341 5827
2342 5827
2343 5822
2344 5888
2345 5822
2346 5822
2347 5913
2348 5888
2349 5913
2350 5913
2351 5913
2352 5913
2353 5913
2354 5913
2355 5913
2356 5913
2357 5923
2358 5848
2359 5848
2360 5923
2361 5843
2362 5966
2363 6099
2364 5851
2365 5848
2366 6102
2367 6206
2368 6166
2369 6162
2370 6206
2371 6166
2372 6162
2373 5959
2374 5851
2375 5946
2376 5836
2377 5850
2378 6093
2379 6162
2380 6162
2381 6162
2382 6093
2383 6166
2384 6166
2385 6093
2386 6206
2387 6191
2388 6191
2389 6206
2390 5941
2391 5913
2392 5913
2393 5928
2394 5928
2395 5844
2396 6023
2397 5913
2398 5913
2399 5907
2400 6166
2401 5913
2402 5906
2403 5928
2404 5913
2405 5907
2406 5913
2407 5913
2408 5913
2409 5913
2410 5913
2411 5913
2412 5913
2413 5913
2414 5913
2415 5913
2416 5913
2417 5913
2418 5913
2419 5913
2420 5913
2421 5913
2422 5913
2423 5913
2424 5913
2425 5913
2426 5913
2427 5913
2428 5913
2429 5913
2430 5913
2431 5913
2432 5913
2433 5913
2434 5913
2435 5913
2436 5913
2437 5913
2438 5913
2439 5913
2440 5913
2441 5913
2442 5913
2443 5913
2444 5913
2445 5913
2446 5913
2447 5913
2448 5913
2449 5913
2450 5913
2451 5913
2452 5913
2453 5913
2454 5913
2455 5913
2456 5913
2457 5913
2458 5913
2459 5913
2460 5913
2461 5913
2462 5913
2463 5913
2464 5913
2465 5913
2466 5913
2467 5913
2468 5913
2469 5961
2470 6093
2471 6093
2472 6090
2473 5961
2474 6093
2475 6093
2476 5939
2477 5966
2478 6093
2479 6206
2480 6206
2481 6206
2482 6206
2483 6090
2484 5844
2485 6092
2486 6093
2487 6093
2488 6206
2489 6166
2490 6166
2491 6206
2492 6092
2493 6206
2494 6192
2495 6092
2496 6206
2497 6206
2498 6206
2499 6206
2500 6093
2501 5905
2502 5927
2503 6094
2504 5966
2505 6093
2506 5961
2507 5928
2508 5926
2509 5926
2510 6206
2511 6192
2512 5926
2513 5927
2514 6093
2515 5837
2516 5926
2517 5928
2518 5913
2519 5913
2520 5913
2521 5913
2522 5913
2523 5913
2524 5913
2525 5913
2526 5913
2527 5912
2528 5913
2529 5913
2530 5913
2531 5913
2532 5913
2533 5913
2534 5913
2535 5913
2536 5913
2537 5913
2538 5912
2539 5912
2540 5913
2541 5913
2542 5913
2543 5913
2544 5913
2545 5913
2546 5913
2547 5913
2548 5913
2549 5913
2550 5913
2551 5913
2552 5913
2553 5913
2554 5913
2555 5913
2556 5913
2557 5913
2558 5912
2559 5913
2560 5912
2561 5913
2562 5913
2563 5913
2564 5913
2565 5913
2566 5913
2567 5913
2568 5913
2569 5913
2570 5912
2571 5912
2572 5913
2573 5913
2574 5913
2575 5913
2576 5913
2577 5913
2578 5913
2579 5913
2580 6166
2581 6092
2582 6092
2583 6092
2584 6092
2585 6092
2586 6092
2587 6092
2588 6092
2589 6092
2590 6092
2591 6197
2592 6162
2593 6162
2594 6197
2595 5537
2596 5537
2597 5537
2598 5537
2599 6092
2600 6092
2601 6162
2602 6082
2603 6082
2604 6162
2605 5537
2606 6162
2607 6162
2608 5727
2609 6162
2610 6162
2611 5727
2612 5727
2613 6162
2614 6207
2615 6166
2616 6197
2617 6162
2618 6082
2619 6092
2620 6092
2621 6082
2622 6092
2623 6082
2624 6092
2625 6060
2626 6060
2627 6047
2628 6162
2629 6047
2630 6047
2631 6082
2632 6042
2633 6042
2634 6047
2635 5953
2636 5953
2637 5953
2638 5953
2639 5953
2640 5953
2641 5953
2642 5953
2643 5850
2644 5850
2645 5926
2646 5926
2647 5912
2648 5926
2649 5926
2650 5850
2651 5926
2652 5926
2653 5926
2654 5926
2655 5912
2656 5926
2657 5926
2658 5926
2659 5850
2660 5850
2661 5912
2662 5926
2663 5926
2664 5912
2665 5926
2666 5926
2667 5828
2668 5912
2669 5941
2670 5953
2671 5926
2672 5926
2673 5926
2674 5926
2675 5912
2676 5926
2677 5913
2678 5926
2679 5926
2680 5926
2681 5953
2682 5953
2683 5953
2684 5850
2685 5953
2686 5953
2687 5926
2688 5926
2689 5912
2690 5912
2691 5926
2692 5926
2693 5926
2694 5926
2695 5926
2696 5926
2697 5537
2698 5713
2699 5709
2700 5709
2701 5526
2702 5526
2703 5526
2704 5526
2705 5709
2706 5713
2707 5526
2708 5709
2709 5709
2710 5713
2711 5709
2712 5709
2713 5709
2714 5709
2715 5709
2716 5712
2717 5712
2718 5712
2719 5712
2720 5712
2721 5712
2722 5712
2723 5712
2724 5712
2725 5712
2726 5712
2727 5712
2728 5712
2729 5712
2730 5712
2731 5712
2732 5712
2733 5712
2734 5712
2735 5712
2736 5712
2737 5712
2738 5712
2739 5712
2740 5712
2741 5712
2742 5709
2743 5709
2744 5712
2745 5712
2746 5712
2747 5712
2748 5712
2749 5712
2750 5712
2751 5712
2752 5712
2753 5712
2754 5709
2755 5712
2756 5712
2757 5712
2758 5712
2759 5712
2760 5712
2761 5712
2762 5712
2763 5712
2764 5712
2765 5712
2766 5712
2767 5712
2768 5712
2769 5712
2770 5698
2771 5746
2772 5698
2773 5745
2774 5487
2775 5497
2776 5701
2777 5746
2778 5493
2779 39
2780 39
2781 39
2782 39
2783 39
2784 331
2785 330
2786 331
2787 131
2788 131
2789 131
2790 131
2791 131
2792 39
2793 39
2794 39
2795 330
2796 39
2797 39
2798 131
2799 39
2800 331
2801 330
2802 331
2803 131
2804 131
2805 39
2806 330
2807 39
2808 131
2809 131
2810 39
2811 39
2812 1302
2813 1309
2814 39
2815 39
2816 39
2817 39
2818 39
2819 785
2820 785
2821 1432
2822 1433
2823 1334
2824 925
2825 658
2826 1200
2827 1200
2828 616
2829 2830
2830 925
2831 924
2832 3478
2833 924
2834 926
2835 925
2836 924
2837 1330
2838 4687
2839 2883
2840 614
2841 690
2842 661
2843 685
2844 929
2845 929
2846 692
2847 659
2848 4687
2849 6331
2850 3077
2851 1757
2852 697
2853 3064
2854 698
2855 697
2856 930
2857 693
2858 596
2859 624
2860 597
2861 640
2862 651
2863 1352
2864 3030
2865 3040
2866 3042
2867 943
2868 3032
2869 1350
2870 4255
2871 4179
2872 811
2873 1229
2874 1976
2875 571
2876 1220
2877 1301
2878 1220
2879 743
2880 1809
2881 1297
2882 745
2883 660
2884 701
2885 1303
2886 2875
2887 609
2888 1811
2889 2879
2890 733
2891 1822
2892 1822
2893 2892
2894 2892
2895 1888
2896 774
2897 1892
2898 1892
2899 718
2900 1846
2901 1868
2902 1840
2903 2959
2904 672
2905 3040
2906 668
2907 3042
2908 599
2909 3160
2910 3507
2911 3160
2912 3160
2913 4403
2914 5234
2915 3152
2916 3152
2917 3152
2918 2922
2919 1805
2920 4348
2921 4349
2922 4691
2923 4969
2924 1805
2925 4969
2926 3160
2927 3160
2928 1768
2929 1768
2930 3500
2931 4256
2932 751
2933 3505
2934 3497
2935 595
2936 2853
2937 3498
2938 597
2939 623
2940 622
2941 625
2942 640
2943 1843
2944 1843
2945 603
2946 1843
2947 1509
2948 1296
2949 596
2950 4238
2951 6315
2952 1536
2953 1536
2954 1284
2955 1285
2956 1419
2957 1421
2958 3042
2959 3040
2960 943
2961 3030
2962 1350
2963 1256
2964 597
2965 595
2966 693
2967 693
2968 698
2969 696
2970 6503
2971 3026
2972 452
2973 1313
2974 2944
2975 1847
2976 3002
2977 3001
2978 1858
2979 3001
2980 1847
2981 1848
2982 1859
2983 3001
2984 1502
2985 3001
2986 1442
2987 3001
2988 1844
2989 1415
2990 1442
2991 3004
2992 2940
2993 2947
2994 2946
2995 2999
2996 3005
2997 4239
2998 3014
2999 649
3000 1842
3001 1829
3002 603
3003 3008
3004 1897
3005 1289
3006 3015
3007 4239
3008 1245
3009 1823
3010 1822
3011 2892
3012 3808
3013 1717
3014 6294
3015 4965
3016 4688
3017 6474
3018 3504
3019 4809
3020 1325
3021 4345
3022 4403
3023 1325
3024 1330
3025 4731
3026 4255
3027 4240
3028 4237
3029 3073
3030 2853
3031 2855
3032 694
3033 2853
3034 1256
3035 2857
3036 594
3037 2856
3038 2858
3039 1350
3040 3063
3041 1256
3042 3506
3043 2850
3044 2850
3045 3573
3046 382
3047 86
3048 63
3049 364
3050 268
3051 3792
3052 3574
3053 331
3054 321
3055 442
3056 293
3057 3794
3058 363
3059 3795
3060 209
3061 206
3062 219
3063 4239
3064 700
3065 6476
3066 1300
3067 824
3068 3795
3069 91
3070 406
3071 277
3072 3071
3073 1304
3074 3061
3075 3496
3076 4173
3077 4179
3078 811
3079 4732
3080 964
3081 4837
3082 964
3083 1186
3084 1207
3085 3147
3086 910
3087 4837
3088 4394
3089 4419
3090 910
3091 910
3092 964
3093 3149
3094 3149
3095 4837
3096 964
3097 6382
3098 4348
3099 4351
3100 1805
3101 1807
3102 4628
3103 3149
3104 6552
3105 4710
3106 6563
3107 6565
3108 1539
3109 6562
3110 3146
3111 4815
3112 4814
3113 4815
3114 4349
3115 3148
3116 6552
3117 4366
3118 4396
3119 4839
3120 4646
3121 4349
3122 4347
3123 5267
3124 1335
3125 1053
3126 996
3127 1060
3128 4693
3129 956
3130 879
3131 996
3132 4454
3133 4710
3134 4394
3135 1060
3136 909
3137 1539
3138 4836
3139 4757
3140 4396
3141 4838
3142 4930
3143 4933
3144 4933
3145 4841
3146 4671
3147 4930
3148 4930
3149 4473
3150 4814
3151 4349
3152 4758
3153 4987
3154 1807
3155 4814
3156 4349
3157 3510
3158 4645
3159 4370
3160 4645
3161 382
3162 3573
3163 127
3164 3652
3165 3639
3166 63
3167 330
3168 3839
3169 825
3170 1060
3171 824
3172 996
3173 4411
3174 3198
3175 3198
3176 3434
3177 3434
3178 3176
3179 3196
3180 3196
3181 3195
3182 3203
3183 3201
3184 3195
3185 3203
3186 3194
3187 3194
3188 3435
3189 3200
3190 3435
3191 3200
3192 3200
3193 3416
3194 3201
3195 3201
3196 3433
3197 3196
3198 3395
3199 3395
3200 3436
3201 3416
3202 3436
3203 3436
3204 3331
3205 3331
3206 3203
3207 3331
3208 3393
3209 3393
3210 3416
3211 3228
3212 3228
3213 3228
3214 3228
3215 3228
3216 3228
3217 3228
3218 3228
3219 3228
3220 3228
3221 3228
3222 3228
3223 3228
3224 3228
3225 3228
3226 3228
3227 3228
3228 3228
3229 3228
3230 3228
3231 3228
3232 3264
3233 3228
3234 3228
3235 3228
3236 3264
3237 3264
3238 3228
3239 3228
3240 3228
3241 3228
3242 3228
3243 3228
3244 3228
3245 3228
3246 3228
3247 3228
3248 3228
3249 3228
3250 3228
3251 3228
3252 3228
3253 3228
3254 3228
3255 3228
3256 3228
3257 3228
3258 3228
3259 3228
3260 3228
3261 3228
3262 3228
3263 3228
3264 3228
3265 3228
3266 3228
3267 3228
3268 3228
3269 3228
3270 3228
3271 3228
3272 3228
3273 3228
3274 3228
3275 3228
3276 3228
3277 3228
3278 3228
3279 3270
3280 3228
3281 3228
3282 3269
3283 3228
3284 3228
3285 3228
3286 3228
3287 3228
3288 3228
3289 3228
3290 3228
3291 3264
3292 3238
3293 3228
3294 3238
3295 3228
3296 3264
3297 3254
3298 3228
3299 3228
3300 3228
3301 3228
3302 3228
3303 3228
3304 3228
3305 3228
3306 3228
3307 3228
3308 3228
3309 3228
3310 3228
3311 3228
3312 3228
3313 3228
3314 3228
3315 3289
3316 3282
3317 3228
3318 3282
3319 3416
3320 3434
3321 3200
3322 3416
3323 3416
3324 3393
3325 3393
3326 3393
3327 3391
3328 3391
3329 3393
3330 3393
3331 3393
3332 3394
3333 3388
3334 3388
3335 3388
3336 3236
3337 3297
3338 3294
3339 3297
3340 3297
3341 3294
3342 3297
3343 3294
3344 3315
3345 3294
3346 3315
3347 3316
3348 3315
3349 3316
3350 3236
3351 3297
3352 3236
3353 3297
3354 3236
3355 3297
3356 3316
3357 3315
3358 3236
3359 3297
3360 3236
3361 3297
3362 3315
3363 3316
3364 3352
3365 3460
3366 3460
3367 3352
3368 3362
3369 3362
3370 3386
3371 3459
3372 3361
3373 3459
3374 3426
3375 3371
3376 3382
3377 3465
3378 3371
3379 3384
3380 3383
3381 3387
3382 3371
3383 3370
3384 3413
3385 3371
3386 3444
3387 3407
3388 3413
3389 3429
3390 3399
3391 3399
3392 3399
3393 3411
3394 3413
3395 3394
3396 3428
3397 3352
3398 3294
3399 3389
3400 3389
3401 3389
3402 3460
3403 3352
3404 3428
3405 3460
3406 3294
3407 3352
3408 3350
3409 3428
3410 3428
3411 3429
3412 3428
3413 3428
3414 3396
3415 3388
3416 3394
3417 3413
3418 3396
3419 3362
3420 3361
3421 3468
3422 3465
3423 3455
3424 3456
3425 3443
3426 3429
3427 3428
3428 3428
3429 3428
3430 3428
3431 3428
3432 3394
3433 3394
3434 3414
3435 3395
3436 3393
3437 3294
3438 3294
3439 3362
3440 3362
3441 3352
3442 3352
3443 3352
3444 3352
3445 3361
3446 3350
3447 3352
3448 3352
3449 3460
3450 3460
3451 3460
3452 3468
3453 3428
3454 3428
3455 3428
3456 3428
3457 3428
3458 3428
3459 3428
3460 3428
3461 3428
3462 3428
3463 3428
3464 3428
3465 3428
3466 3428
3467 3428
3468 3428
3469 3387
3470 211
3471 3060
3472 1105
3473 1105
3474 1156
3475 4710
3476 1334
3477 2846
3478 921
3479 1143
3480 659
3481 4840
3482 6410
3483 596
3484 4758
3485 63
3486 63
3487 63
3488 86
3489 1441
3490 1441
3491 63
3492 63
3493 63
3494 63
3495 3067
3496 2872
3497 6476
3498 4238
3499 86
3500 4345
3501 4402
3502 4810
3503 4952
3504 3509
3505 4141
3506 4255
3507 4648
3508 4968
3509 4810
3510 4840
3511 4411
3512 3770
3513 444
3514 3770
3515 3515
3516 3515
3517 3637
3518 3759
3519 444
3520 3518
3521 3759
3522 3648
3523 3520
3524 273
3525 3523
3526 3523
3527 273
3528 134
3529 134
3530 3623
3531 7
3532 3638
3533 3638
3534 3638
3535 3641
3536 0
3537 3530
3538 3640
3539 3744
3540 129
3541 129
3542 129
3543 3639
3544 1
3545 128
3546 128
3547 3851
3548 3639
3549 3639
3550 131
3551 131
3552 157
3553 524
3554 376
3555 3751
3556 2
3557 3594
3558 3560
3559 3787
3560 3607
3561 199
3562 180
3563 495
3564 157
3565 180
3566 3561
3567 3756
3568 3612
3569 402
3570 3651
3571 98
3572 3612
3573 3571
3574 98
3575 578
3576 466
3577 3491
3578 578
3579 543
3580 578
3581 578
3582 543
3583 578
3584 543
3585 543
3586 543
3587 86
3588 63
3589 3499
3590 86
3591 3491
3592 466
3593 470
3594 466
3595 466
3596 543
3597 1772
3598 543
3599 543
3600 540
3601 494
3602 543
3603 540
3604 406
3605 406
3606 504
3607 376
3608 406
3609 377
3610 157
3611 157
3612 3755
3613 3755
3614 3756
3615 3573
3616 3515
3617 3947
3618 3515
3619 3515
3620 3515
3621 3515
3622 444
3623 3759
3624 444
3625 3770
3626 3770
3627 3515
3628 3515
3629 444
3630 3515
3631 3515
3632 3515
3633 3515
3634 3947
3635 3947
3636 3641
3637 3641
3638 3641
3639 3641
3640 3641
3641 3641
3642 3641
3643 3641
3644 3770
3645 412
3646 3745
3647 3759
3648 3761
3649 274
3650 3668
3651 199
3652 183
3653 274
3654 388
3655 252
3656 251
3657 3691
3658 3778
3659 3763
3660 3763
3661 3890
3662 187
3663 3696
3664 463
3665 226
3666 274
3667 411
3668 3772
3669 411
3670 3689
3671 3689
3672 3761
3673 3761
3674 411
3675 3761
3676 3759
3677 412
3678 3678
3679 3689
3680 3785
3681 3678
3682 3761
3683 3681
3684 3763
3685 3890
3686 3889
3687 3887
3688 3681
3689 411
3690 4007
3691 3980
3692 3785
3693 3980
3694 5232
3695 4007
3696 385
3697 384
3698 3892
3699 3690
3700 3770
3701 444
3702 3770
3703 3515
3704 411
3705 3759
3706 3689
3707 3678
3708 5240
3709 5240
3710 3981
3711 3976
3712 385
3713 3690
3714 3888
3715 3890
3716 446
3717 3888
3718 3697
3719 3697
3720 463
3721 463
3722 463
3723 3767
3724 3902
3725 463
3726 186
3727 226
3728 204
3729 185
3730 303
3731 303
3732 3695
3733 413
3734 3732
3735 3897
3736 3897
3737 457
3738 446
3739 3745
3740 3641
3741 3641
3742 3641
3743 3641
3744 3641
3745 3641
3746 3641
3747 3638
3748 3520
3749 155
3750 3751
3751 3623
3752 3515
3753 3515
3754 3770
3755 157
3756 1765
3757 168
3758 3759
3759 165
3760 248
3761 250
3762 3772
3763 4007
3764 3980
3765 5232
3766 5232
3767 457
3768 3767
3769 186
3770 3771
3771 3641
3772 3761
3773 3520
3774 3520
3775 3758
3776 3645
3777 168
3778 170
3779 3782
3780 3710
3781 3681
3782 5231
3783 3680
3784 3680
3785 3873
3786 3980
3787 16
3788 329
3789 3537
3790 91
3791 406
3792 406
3793 91
3794 457
3795 383
3796 3780
3797 187
3798 129
3799 129
3800 129
3801 129
3802 3491
3803 3055
3804 6495
3805 3936
3806 442
3807 387
3808 3896
3809 463
3810 3696
3811 3889
3812 399
3813 3902
3814 3902
3815 446
3816 364
3817 399
3818 3869
3819 446
3820 329
3821 329
3822 330
3823 330
3824 129
3825 409
3826 129
3827 129
3828 129
3829 131
3830 329
3831 129
3832 131
3833 131
3834 129
3835 129
3836 131
3837 129
3838 129
3839 268
3840 364
3841 578
3842 3641
3843 3758
3844 3646
3845 3745
3846 3770
3847 163
3848 3641
3849 3641
3850 3638
3851 3641
3852 3641
3853 3641
3854 3638
3855 3515
3856 3515
3857 3641
3858 3641
3859 3947
3860 3637
3861 3644
3862 3770
3863 444
3864 3762
3865 5232
3866 3895
3867 3895
3868 3711
3869 3711
3870 3873
3871 5240
3872 5240
3873 3873
3874 5240
3875 5240
3876 5240
3877 5240
3878 5240
3879 5240
3880 5240
3881 3707
3882 5240
3883 5240
3884 4040
3885 3980
3886 3782
3887 3781
3888 3784
3889 3784
3890 4007
3891 3980
3892 3781
3893 3781
3894 3895
3895 4021
3896 3784
3897 413
3898 3784
3899 3688
3900 3693
3901 3982
3902 3982
3903 4009
3904 3895
3905 3895
3906 3895
3907 3980
3908 3980
3909 3639
3910 3911
3911 3792
3912 26
3913 417
3914 1908
3915 277
3916 3641
3917 446
3918 3767
3919 184
3920 3712
3921 3712
3922 321
3923 332
3924 131
3925 3576
3926 409
3927 329
3928 331
3929 321
3930 3637
3931 3947
3932 329
3933 329
3934 3732
3935 3732
3936 293
3937 442
3938 3983
3939 4044
3940 4040
3941 3983
3942 3794
3943 3699
3944 3657
3945 3515
3946 3770
3947 3641
3948 3599
3949 3579
3950 363
3951 330
3952 4044
3953 4044
3954 4044
3955 3969
3956 5240
3957 5240
3958 5240
3959 5240
3960 5240
3961 3969
3962 5240
3963 5240
3964 5240
3965 5240
3966 5240
3967 5240
3968 3873
3969 3873
3970 3975
3971 3975
3972 4021
3973 4021
3974 3977
3975 3977
3976 3978
3977 3978
3978 3983
3979 3983
3980 4021
3981 3983
3982 4009
3983 4021
3984 4044
3985 3873
3986 4044
3987 5240
3988 4023
3989 4023
3990 4025
3991 4023
3992 3983
3993 4021
3994 4021
3995 4021
3996 4021
3997 4021
3998 4021
3999 4021
4000 4021
4001 4021
4002 4021
4003 4021
4004 4021
4005 4021
4006 3980
4007 4009
4008 4021
4009 4009
4010 3895
4011 3895
4012 4040
4013 4023
4014 3980
4015 3983
4016 4021
4017 4021
4018 3983
4019 4021
4020 4021
4021 4009
4022 4009
4023 4021
4024 4021
4025 4021
4026 4021
4027 4021
4028 4021
4029 4021
4030 4021
4031 4021
4032 3983
4033 3983
4034 4023
4035 3978
4036 3983
4037 3983
4038 3983
4039 3977
4040 3978
4041 3977
4042 4040
4043 3977
4044 4040
4045 4044
4046 4040
4047 4044
4048 4040
4049 4044
4050 5240
4051 5240
4052 5240
4053 3873
4054 5240
4055 3873
4056 4044
4057 4044
4058 202
4059 202
4060 205
4061 205
4062 4044
4063 4044
4064 3873
4065 4040
4066 4044
4067 4044
4068 4040
4069 3983
4070 3983
4071 3983
4072 3685
4073 3715
4074 3919
4075 3685
4076 3661
4077 4762
4078 4799
4079 4799
4080 4190
4081 4700
4082 4186
4083 6333
4084 6502
4085 4782
4086 6478
4087 4749
4088 4086
4089 6488
4090 5297
4091 6393
4092 5360
4093 4910
4094 4312
4095 4792
4096 3720
4097 3920
4098 6319
4099 6477
4100 6479
4101 4111
4102 4103
4103 6292
4104 6306
4105 4105
4106 4427
4107 4427
4108 4962
4109 6878
4110 4186
4111 4186
4112 4187
4113 4187
4114 4273
4115 4273
4116 4266
4117 4266
4118 6383
4119 5259
4120 4304
4121 5258
4122 5310
4123 6347
4124 6347
4125 5310
4126 4081
4127 4736
4128 4908
4129 4777
4130 4676
4131 4676
4132 4099
4133 4099
4134 4677
4135 4677
4136 4079
4137 4079
4138 4188
4139 4908
4140 4158
4141 4158
4142 5260
4143 6514
4144 6570
4145 4304
4146 4148
4147 4287
4148 4176
4149 5224
4150 6573
4151 6379
4152 6386
4153 4922
4154 5222
4155 4789
4156 6478
4157 4156
4158 6301
4159 6487
4160 4113
4161 4778
4162 5300
4163 4773
4164 4423
4165 4423
4166 6538
4167 6566
4168 4191
4169 4191
4170 4126
4171 4161
4172 6489
4173 4828
4174 6489
4175 4089
4176 4750
4177 4176
4178 4750
4179 4173
4180 4174
4181 6496
4182 3171
4183 2878
4184 2877
4185 1305
4186 4799
4187 3012
4188 3661
4189 3685
4190 3715
4191 4776
4192 4080
4193 5264
4194 6343
4195 6465
4196 6429
4197 4221
4198 4312
4199 4291
4200 4248
4201 4248
4202 6320
4203 4229
4204 4754
4205 4754
4206 4768
4207 4770
4208 6383
4209 4425
4210 4960
4211 4679
4212 4109
4213 6301
4214 1754
4215 6390
4216 3078
4217 4215
4218 4701
4219 4784
4220 4700
4221 4789
4222 4696
4223 6465
4224 4682
4225 4676
4226 4098
4227 4098
4228 4101
4229 4098
4230 3725
4231 3920
4232 3920
4233 4315
4234 4702
4235 4314
4236 3685
4237 4428
4238 4965
4239 6296
4240 6296
4241 6324
4242 4126
4243 4126
4244 6322
4245 6323
4246 6486
4247 6486
4248 6486
4249 6487
4250 4099
4251 4100
4252 6481
4253 6307
4254 4415
4255 4376
4256 4414
4257 4091
4258 4203
4259 4754
4260 4754
4261 6458
4262 6468
4263 5291
4264 6458
4265 4877
4266 4874
4267 4876
4268 4205
4269 4294
4270 4291
4271 4291
4272 4874
4273 5304
4274 5304
4275 4874
4276 6443
4277 4905
4278 5331
4279 5331
4280 4258
4281 4258
4282 4961
4283 6342
4284 4166
4285 4921
4286 5251
4287 6368
4288 4303
4289 6533
4290 5260
4291 3768
4292 3768
4293 3725
4294 3725
4295 4712
4296 5098
4297 5098
4298 4745
4299 453
4300 3769
4301 3164
4302 3715
4303 6550
4304 6550
4305 3768
4306 3725
4307 3725
4308 3768
4309 3713
4310 5098
4311 4745
4312 3768
4313 3713
4314 3713
4315 3657
4316 4423
4317 4298
4318 4460
4319 4455
4320 4467
4321 4466
4322 4932
4323 4671
4324 4461
4325 4934
4326 4972
4327 4972
4328 6555
4329 4401
4330 6534
4331 6510
4332 4311
4333 5015
4334 5015
4335 5016
4336 5016
4337 5021
4338 5016
4339 4465
4340 4465
4341 6380
4342 5263
4343 4399
4344 4690
4345 4399
4346 4951
4347 4398
4348 4431
4349 4838
4350 4971
4351 4361
4352 4745
4353 4745
4354 4711
4355 4712
4356 4473
4357 4468
4358 5016
4359 5015
4360 5018
4361 5028
4362 4466
4363 5016
4364 4472
4365 4934
4366 4470
4367 4472
4368 4434
4369 4433
4370 4935
4371 4431
4372 6536
4373 6532
4374 4406
4375 4151
4376 4151
4377 4287
4378 4287
4379 4750
4380 4675
4381 6333
4382 4214
4383 4507
4384 4510
4385 4519
4386 4519
4387 5057
4388 5027
4389 5079
4390 5032
4391 5028
4392 5027
4393 4465
4394 4507
4395 4461
4396 4469
4397 4519
4398 4446
4399 4391
4400 4337
4401 4446
4402 4689
4403 4343
4404 6567
4405 4343
4406 6379
4407 4408
4408 4408
4409 6284
4410 4805
4411 4686
4412 4412
4413 4141
4414 4088
4415 4375
4416 1755
4417 6410
4418 5037
4419 4522
4420 4482
4421 4487
4422 4489
4423 4801
4424 4355
4425 4311
4426 4961
4427 6878
4428 4827
4429 4828
4430 5071
4431 4507
4432 4520
4433 4520
4434 4519
4435 4496
4436 4520
4437 4495
4438 4493
4439 4538
4440 4538
4441 4570
4442 4570
4443 5027
4444 4520
4445 4520
4446 4507
4447 5055
4448 4510
4449 4494
4450 4487
4451 4539
4452 4493
4453 4496
4454 4493
4455 4496
4456 4520
4457 4507
4458 4519
4459 5055
4460 4520
4461 4555
4462 4555
4463 4495
4464 4495
4465 4570
4466 4495
4467 4495
4468 4555
4469 4570
4470 4495
4471 4495
4472 4555
4473 4495
4474 4495
4475 4559
4476 4555
4477 4559
4478 4559
4479 4538
4480 4555
4481 4615
4482 4615
4483 4562
4484 4562
4485 4615
4486 4599
4487 4946
4488 4603
4489 4603
4490 4603
4491 4600
4492 4600
4493 4600
4494 4603
4495 4600
4496 4603
4497 4603
4498 4599
4499 4603
4500 4643
4501 4643
4502 4563
4503 4603
4504 4603
4505 4846
4506 4846
4507 4571
4508 4568
4509 4571
4510 4568
4511 4942
4512 4942
4513 4585
4514 4585
4515 4561
4516 4581
4517 4568
4518 4561
4519 4582
4520 4582
4521 4582
4522 4582
4523 4561
4524 4943
4525 4561
4526 4560
4527 4561
4528 4561
4529 4599
4530 4603
4531 4603
4532 4599
4533 4604
4534 4607
4535 4604
4536 4598
4537 4601
4538 4601
4539 4601
4540 4601
4541 4601
4542 6578
4543 4607
4544 4607
4545 4606
4546 6578
4547 4606
4548 4617
4549 4617
4550 4622
4551 4621
4552 4621
4553 4622
4554 4601
4555 4621
4556 4605
4557 6589
4558 4605
4559 6591
4560 6735
4561 6728
4562 6779
4563 6779
4564 6719
4565 6719
4566 6594
4567 6594
4568 6590
4569 6589
4570 6589
4571 6586
4572 6732
4573 6732
4574 6730
4575 6730
4576 6603
4577 6603
4578 6730
4579 6726
4580 6728
4581 6608
4582 6607
4583 6728
4584 6590
4585 6590
4586 6608
4587 6607
4588 6593
4589 6607
4590 6775
4591 6779
4592 6779
4593 6778
4594 6728
4595 6735
4596 6779
4597 6779
4598 6778
4599 6779
4600 6779
4601 6778
4602 6778
4603 6779
4604 6778
4605 6774
4606 6774
4607 6778
4608 6823
4609 6777
4610 6777
4611 6776
4612 6775
4613 6775
4614 6778
4615 6775
4616 6776
4617 6776
4618 6777
4619 6775
4620 6777
4621 6777
4622 6774
4623 996
4624 1060
4625 1060
4626 4475
4627 4496
4628 4520
4629 4570
4630 4540
4631 4581
4632 4561
4633 4603
4634 4846
4635 4607
4636 4606
4637 6593
4638 6593
4639 6719
4640 6735
4641 6730
4642 6779
4643 6778
4644 6823
4645 4466
4646 4467
4647 4464
4648 4444
4649 996
4650 4475
4651 4475
4652 1061
4653 4561
4654 4568
4655 4942
4656 4942
4657 4561
4658 4581
4659 4581
4660 4561
4661 6581
4662 6720
4663 6719
4664 6578
4665 6589
4666 6587
4667 6590
4668 6590
4669 6589
4670 4495
4671 4495
4672 4555
4673 4570
4674 4153
4675 4953
4676 4156
4677 4157
4678 4679
4679 4106
4680 4106
4681 4894
4682 6477
4683 4898
4684 6320
4685 6323
4686 4415
4687 4413
4688 4180
4689 4399
4690 4360
4691 4392
4692 4360
4693 4473
4694 4374
4695 4375
4696 6496
4697 3169
4698 1305
4699 1306
4700 1306
4701 1305
4702 3807
4703 426
4704 1061
4705 1061
4706 1060
4707 4507
4708 4517
4709 4654
4710 4469
4711 5198
4712 5378
4713 4461
4714 4267
4715 4267
4716 4904
4717 5012
4718 6285
4719 4966
4720 3725
4721 4231
4722 4231
4723 4231
4724 4294
4725 6338
4726 4232
4727 5277
4728 6341
4729 4362
4730 4363
4731 6284
4732 6284
4733 4408
4734 4408
4735 6285
4736 4749
4737 4825
4738 6310
4739 4417
4740 4826
4741 5331
4742 5328
4743 4258
4744 5331
4745 5039
4746 5071
4747 6293
4748 4955
4749 4954
4750 4142
4751 4961
4752 6342
4753 4677
4754 6326
4755 4823
4756 5008
4757 4465
4758 4445
4759 4445
4760 1061
4761 302
4762 3712
4763 4874
4764 5304
4765 4101
4766 6330
4767 4126
4768 4191
4769 5008
4770 4098
4771 6394
4772 6430
4773 4780
4774 4381
4775 4781
4776 4781
4777 4696
4778 4696
4779 3685
4780 3661
4781 3661
4782 3661
4783 827
4784 1219
4785 3470
4786 828
4787 3684
4788 3684
4789 426
4790 6443
4791 4905
4792 3737
4793 3737
4794 6454
4795 6443
4796 4233
4797 4294
4798 4235
4799 3712
4800 3684
4801 5099
4802 5373
4803 4425
4804 4425
4805 6309
4806 4805
4807 3795
4808 4808
4809 4405
4810 4810
4811 4811
4812 4345
4813 4346
4814 4434
4815 4433
4816 6468
4817 5285
4818 5285
4819 5322
4820 4341
4821 4406
4822 4776
4823 4137
4824 4175
4825 4083
4826 4182
4827 4416
4828 4083
4829 1060
4830 5325
4831 6349
4832 6464
4833 5352
4834 1059
4835 4482
4836 4472
4837 4479
4838 4465
4839 4461
4840 4519
4841 4520
4842 4607
4843 4606
4844 6730
4845 6735
4846 6779
4847 6778
4848 6774
4849 6443
4850 6454
4851 4904
4852 6443
4853 5331
4854 4259
4855 4905
4856 4904
4857 4917
4858 4917
4859 4265
4860 4906
4861 4906
4862 4904
4863 4904
4864 6443
4865 4904
4866 4904
4867 6442
4868 6443
4869 6443
4870 4905
4871 4905
4872 5325
4873 5312
4874 4773
4875 4975
4876 5354
4877 4773
4878 4206
4879 5304
4880 5292
4881 4259
4882 4258
4883 4259
4884 5304
4885 5304
4886 5331
4887 4258
4888 5324
4889 6468
4890 4112
4891 6481
4892 6330
4893 4159
4894 6477
4895 4106
4896 4099
4897 6487
4898 6477
4899 4146
4900 826
4901 5359
4902 5304
4903 5359
4904 5014
4905 4874
4906 5304
4907 4211
4908 6303
4909 4108
4910 6319
4911 5325
4912 5312
4913 6349
4914 6353
4915 6349
4916 5312
4917 5312
4918 6349
4919 5077
4920 5077
4921 4354
4922 4983
4923 4359
4924 4470
4925 4472
4926 4485
4927 5077
4928 4493
4929 4539
4930 4496
4931 4496
4932 4520
4933 4520
4934 4496
4935 4520
4936 4555
4937 6730
4938 6728
4939 6730
4940 6728
4941 6604
4942 6586
4943 6728
4944 6779
4945 6779
4946 6728
4947 6779
4948 996
4949 5019
4950 5160
4951 4447
4952 4387
4953 4151
4954 4166
4955 6291
4956 4954
4957 5251
4958 4152
4959 4145
4960 4145
4961 4142
4962 4424
4963 4425
4964 4424
4965 6306
4966 6292
4967 4105
4968 4372
4969 4445
4970 4475
4971 4466
4972 4444
4973 5071
4974 4874
4975 4776
4976 4137
4977 5292
4978 5292
4979 6403
4980 5282
4981 5285
4982 4723
4983 4336
4984 4389
4985 4389
4986 996
4987 4464
4988 4538
4989 4559
4990 4585
4991 4560
4992 4563
4993 4615
4994 4607
4995 6578
4996 6720
4997 6720
4998 6594
4999 6726
5000 6732
5001 6779
5002 6775
5003 6777
5004 1060
5005 1061
5006 4786
5007 6324
5008 4126
5009 4091
5010 6450
5011 6455
5012 4874
5013 4229
5014 4241
5015 5123
5016 5091
5017 1742
5018 1742
5019 5123
5020 1742
5021 5123
5022 5123
5023 1573
5024 1573
5025 1580
5026 1580
5027 1573
5028 1742
5029 5091
5030 5091
5031 5121
5032 5119
5033 5188
5034 5139
5035 5203
5036 4849
5037 5174
5038 5174
5039 5088
5040 5088
5041 5174
5042 5174
5043 5183
5044 5100
5045 5181
5046 5187
5047 5123
5048 5123
5049 5121
5050 5121
5051 1580
5052 1580
5053 1742
5054 1742
5055 1580
5056 1580
5057 1742
5058 1580
5059 1578
5060 1742
5061 1742
5062 5176
5063 5176
5064 5121
5065 5121
5066 5174
5067 5088
5068 5091
5069 5091
5070 5119
5071 5119
5072 5175
5073 5175
5074 5119
5075 5119
5076 5178
5077 5187
5078 5174
5079 5174
5080 5163
5081 5163
5082 4866
5083 4860
5084 5188
5085 4852
5086 5188
5087 4860
5088 5010
5089 5011
5090 4791
5091 4791
5092 5178
5093 5183
5094 5163
5095 5163
5096 4867
5097 4852
5098 5204
5099 5204
5100 6357
5101 4902
5102 4901
5103 6280
5104 4902
5105 4884
5106 6437
5107 4902
5108 6356
5109 6356
5110 6359
5111 4978
5112 4867
5113 4867
5114 6280
5115 6282
5116 4871
5117 4857
5118 4879
5119 4741
5120 4859
5121 4859
5122 4741
5123 5011
5124 4866
5125 4850
5126 4860
5127 4715
5128 4851
5129 4863
5130 4861
5131 4860
5132 4851
5133 4115
5134 4870
5135 4791
5136 4978
5137 6359
5138 4268
5139 4889
5140 4268
5141 4281
5142 4742
5143 6355
5144 6355
5145 4917
5146 4280
5147 4280
5148 6355
5149 6441
5150 4978
5151 6441
5152 4870
5153 4901
5154 5123
5155 5123
5156 5209
5157 5087
5158 1691
5159 1573
5160 5091
5161 5122
5162 1580
5163 4866
5164 4852
5165 5010
5166 4886
5167 4883
5168 4867
5169 5178
5170 5183
5171 4867
5172 5010
5173 5010
5174 4886
5175 4882
5176 4816
5177 6356
5178 6436
5179 4887
5180 4978
5181 6440
5182 6358
5183 6440
5184 4887
5185 4917
5186 4887
5187 4887
5188 6436
5189 4281
5190 5091
5191 5166
5192 4852
5193 5204
5194 4858
5195 5123
5196 1573
5197 5174
5198 5119
5199 5215
5200 4870
5201 4855
5202 4860
5203 4281
5204 4978
5205 4860
5206 4979
5207 4860
5208 5010
5209 6357
5210 1578
5211 5174
5212 4852
5213 4852
5214 4859
5215 4882
5216 4882
5217 4887
5218 4854
5219 1580
5220 4883
5221 5151
5222 2877
5223 4677
5224 4286
5225 4678
5226 6480
5227 6483
5228 6322
5229 4093
5230 6477
5231 3975
5232 3983
5233 3873
5234 4403
5235 4040
5236 3983
5237 4025
5238 4044
5239 4044
5240 5240
5241 3983
5242 4009
5243 5240
5244 4404
5245 4404
5246 6567
5247 6384
5248 4690
5249 4801
5250 6550
5251 4927
5252 6551
5253 4297
5254 4310
5255 4920
5256 4927
5257 4297
5258 4927
5259 4297
5260 4927
5261 4802
5262 4334
5263 4973
5264 6506
5265 4363
5266 4973
5267 4362
5268 4362
5269 4787
5270 4312
5271 4792
5272 4792
5273 4699
5274 4234
5275 4785
5276 4698
5277 4313
5278 4312
5279 4301
5280 4703
5281 4302
5282 4231
5283 5277
5284 4232
5285 4231
5286 4382
5287 6393
5288 6393
5289 4218
5290 6339
5291 6339
5292 6348
5293 6347
5294 6346
5295 4749
5296 6303
5297 6303
5298 6416
5299 4080
5300 4776
5301 6417
5302 4247
5303 5299
5304 4728
5305 5310
5306 5298
5307 5298
5308 4241
5309 4241
5310 4294
5311 6348
5312 6347
5313 6348
5314 4724
5315 4724
5316 4724
5317 4724
5318 5282
5319 6399
5320 5299
5321 5282
5322 4232
5323 5271
5324 4232
5325 4231
5326 5008
5327 4823
5328 5008
5329 4770
5330 5008
5331 5334
5332 5324
5333 4198
5334 5271
5335 5282
5336 4726
5337 6401
5338 6401
5339 5333
5340 4892
5341 4201
5342 4232
5343 5283
5344 5283
5345 5310
5346 6347
5347 4269
5348 4270
5349 4721
5350 4721
5351 4223
5352 5310
5353 6400
5354 4232
5355 6344
5356 6344
5357 4797
5358 4779
5359 4798
5360 4309
5361 4851
5362 5307
5363 4877
5364 6468
5365 6450
5366 406
5367 91
5368 1908
5369 277
5370 4863
5371 4715
5372 5163
5373 5175
5374 5176
5375 5187
5376 5178
5377 5100
5378 5186
5379 1951
5380 1951
5381 1950
5382 1950
5383 1929
5384 1918
5385 1950
5386 1918
5387 1946
5388 1931
5389 1923
5390 1946
5391 1946
5392 1951
5393 1947
5394 1946
5395 1951
5396 1923
5397 1918
5398 1946
5399 1946
5400 1952
5401 1952
5402 1946
5403 1949
5404 1950
5405 1918
5406 1949
5407 1580
5408 1557
5409 1557
5410 1951
5411 1557
5412 1557
5413 1951
5414 1580
5415 1557
5416 1557
5417 1951
5418 1557
5419 1951
5420 1946
5421 1951
5422 1951
5423 1946
5424 1950
5425 1557
5426 1557
5427 1557
5428 1952
5429 1550
5430 1923
5431 1923
5432 1557
5433 1951
5434 1952
5435 1550
5436 1550
5437 1691
5438 1550
5439 1550
5440 1950
5441 1691
5442 2251
5443 1987
5444 2248
5445 2252
5446 2070
5447 2070
5448 2069
5449 1987
5450 2253
5451 2252
5452 2253
5453 2116
5454 2253
5455 2253
5456 2224
5457 2113
5458 2226
5459 2024
5460 1986
5461 2248
5462 2224
5463 1986
5464 2024
5465 2024
5466 2248
5467 1987
5468 1987
5469 1986
5470 2253
5471 2248
5472 2252
5473 2253
5474 2073
5475 2244
5476 1969
5477 2111
5478 2098
5479 2244
5480 2109
5481 2098
5482 2098
5483 2111
5484 2070
5485 2226
5486 2111
5487 2019
5488 2068
5489 2068
5490 2245
5491 2145
5492 2073
5493 2018
5494 2112
5495 2112
5496 2265
5497 2023
5498 2245
5499 2205
5500 2145
5501 2245
5502 2116
5503 2252
5504 2707
5505 2253
5506 2253
5507 2702
5508 2252
5509 2113
5510 2249
5511 2116
5512 2113
5513 2113
5514 2113
5515 2252
5516 2703
5517 2735
5518 2739
5519 2703
5520 2109
5521 2109
5522 1987
5523 2248
5524 2116
5525 2113
5526 2018
5527 2112
5528 2272
5529 2245
5530 2265
5531 2069
5532 2244
5533 2112
5534 1922
5535 2703
5536 2251
5537 2248
5538 1987
5539 2024
5540 1987
5541 1987
5542 2248
5543 2248
5544 2113
5545 2249
5546 2253
5547 1986
5548 2073
5549 2111
5550 1924
5551 2226
5552 2019
5553 2111
5554 2226
5555 2226
5556 2023
5557 1987
5558 1969
5559 1961
5560 1961
5561 2111
5562 1919
5563 1919
5564 1919
5565 1919
5566 1919
5567 1919
5568 1924
5569 2109
5570 1924
5571 1922
5572 1924
5573 1919
5574 2251
5575 2252
5576 2253
5577 2252
5578 2707
5579 2266
5580 2250
5581 2265
5582 2265
5583 2712
5584 2187
5585 2187
5586 2698
5587 2714
5588 2714
5589 2705
5590 2714
5591 2714
5592 2711
5593 2754
5594 2703
5595 2703
5596 2248
5597 2252
5598 2252
5599 2116
5600 2754
5601 2712
5602 2712
5603 2253
5604 2070
5605 2024
5606 2068
5607 2145
5608 1924
5609 1924
5610 2248
5611 2069
5612 2248
5613 2711
5614 2712
5615 2736
5616 2729
5617 2187
5618 2187
5619 2245
5620 2245
5621 2705
5622 2705
5623 2698
5624 2714
5625 2705
5626 2698
5627 2126
5628 2181
5629 2739
5630 2724
5631 2070
5632 2070
5633 2070
5634 2224
5635 2249
5636 2249
5637 2070
5638 2739
5639 2739
5640 2741
5641 2248
5642 2261
5643 2112
5644 2112
5645 2265
5646 2111
5647 2187
5648 2261
5649 2711
5650 2736
5651 2736
5652 2712
5653 2070
5654 2703
5655 2703
5656 2018
5657 2071
5658 2018
5659 2116
5660 2226
5661 2071
5662 2023
5663 2112
5664 2112
5665 2187
5666 2245
5667 1926
5668 1924
5669 1924
5670 1926
5671 2070
5672 2023
5673 2070
5674 2070
5675 2116
5676 2320
5677 2309
5678 2272
5679 2411
5680 2272
5681 2272
5682 2265
5683 2712
5684 2265
5685 2231
5686 2070
5687 2111
5688 2098
5689 1970
5690 2111
5691 1924
5692 2070
5693 2218
5694 2310
5695 1969
5696 1924
5697 2248
5698 1987
5699 1987
5700 2070
5701 2022
5702 1926
5703 1918
5704 1918
5705 1923
5706 2218
5707 2739
5708 2739
5709 1987
5710 2252
5711 2116
5712 2251
5713 2251
5714 2248
5715 2226
5716 2226
5717 2070
5718 2070
5719 2712
5720 2703
5721 2712
5722 2714
5723 2739
5724 2766
5725 2023
5726 2226
5727 2253
5728 2253
5729 2116
5730 2733
5731 2733
5732 2703
5733 2310
5734 2218
5735 2714
5736 2253
5737 2735
5738 2753
5739 2116
5740 1927
5741 2272
5742 2313
5743 2320
5744 2310
5745 2265
5746 1987
5747 1918
5748 2248
5749 2253
5750 2712
5751 2711
5752 2703
5753 2711
5754 2736
5755 2753
5756 2411
5757 2411
5758 2411
5759 2411
5760 2401
5761 2411
5762 2411
5763 2411
5764 2431
5765 2431
5766 2431
5767 2431
5768 2431
5769 2431
5770 2421
5771 2421
5772 2431
5773 2421
5774 2421
5775 2421
5776 2421
5777 2431
5778 2431
5779 2421
5780 2421
5781 2421
5782 2421
5783 2411
5784 2431
5785 2421
5786 2421
5787 2431
5788 2421
5789 2421
5790 2431
5791 2421
5792 2411
5793 2411
5794 2421
5795 2421
5796 2421
5797 2421
5798 2421
5799 2421
5800 2421
5801 2421
5802 2401
5803 2411
5804 2411
5805 2431
5806 2411
5807 2431
5808 2431
5809 2431
5810 2421
5811 2421
5812 2421
5813 2421
5814 2421
5815 2421
5816 2421
5817 2421
5818 2436
5819 2434
5820 2321
5821 2321
5822 2321
5823 2321
5824 2309
5825 2309
5826 2321
5827 2321
5828 2181
5829 2126
5830 2714
5831 2739
5832 2741
5833 2739
5834 2411
5835 2309
5836 2027
5837 2123
5838 2321
5839 2321
5840 2712
5841 2733
5842 2714
5843 2027
5844 2123
5845 2739
5846 2739
5847 2181
5848 2187
5849 2181
5850 2181
5851 2321
5852 2445
5853 2429
5854 2429
5855 2445
5856 2321
5857 2435
5858 2429
5859 2429
5860 2429
5861 2739
5862 2429
5863 2418
5864 2435
5865 2430
5866 2429
5867 2429
5868 2445
5869 2445
5870 2429
5871 2429
5872 2429
5873 2445
5874 2445
5875 2445
5876 2445
5877 2445
5878 2446
5879 2446
5880 2446
5881 2446
5882 2445
5883 2446
5884 2446
5885 2446
5886 2446
5887 2446
5888 2446
5889 2446
5890 2446
5891 2446
5892 2445
5893 2445
5894 2446
5895 2446
5896 2446
5897 2446
5898 2446
5899 2446
5900 2446
5901 2446
5902 2445
5903 2445
5904 2446
5905 2446
5906 2446
5907 2446
5908 2446
5909 2446
5910 2446
5911 2446
5912 2446
5913 2446
5914 2429
5915 2445
5916 2445
5917 2446
5918 2445
5919 2445
5920 2446
5921 2446
5922 2446
5923 2446
5924 2446
5925 2446
5926 2446
5927 2446
5928 2446
5929 2446
5930 2321
5931 2318
5932 2324
5933 2318
5934 2318
5935 2321
5936 2309
5937 2326
5938 2326
5939 2326
5940 2187
5941 2181
5942 2739
5943 2746
5944 2429
5945 2309
5946 2187
5947 2187
5948 2324
5949 2324
5950 2739
5951 2736
5952 2739
5953 2181
5954 2187
5955 2746
5956 2746
5957 2181
5958 2187
5959 2181
5960 2746
5961 2326
5962 2446
5963 2318
5964 2329
5965 2446
5966 2326
5967 2318
5968 2446
5969 2446
5970 2446
5971 2746
5972 2736
5973 2446
5974 2446
5975 2329
5976 2446
5977 2446
5978 2446
5979 2446
5980 2446
5981 2446
5982 2446
5983 2446
5984 2446
5985 2446
5986 2446
5987 2446
5988 2446
5989 2446
5990 2446
5991 2446
5992 2446
5993 2446
5994 2446
5995 2446
5996 2446
5997 2446
5998 2446
5999 2446
6000 2446
6001 2446
6002 2446
6003 2446
6004 2446
6005 2446
6006 2446
6007 2446
6008 2446
6009 2446
6010 2446
6011 2446
6012 2446
6013 2446
6014 2446
6015 2446
6016 2446
6017 2446
6018 2446
6019 2446
6020 2446
6021 2446
6022 2446
6023 2446
6024 2446
6025 2446
6026 2446
6027 2446
6028 2446
6029 2446
6030 2446
6031 2446
6032 2446
6033 2446
6034 2446
6035 2446
6036 2446
6037 2446
6038 2446
6039 2446
6040 2446
6041 2734
6042 2322
6043 2181
6044 2753
6045 2753
6046 2126
6047 2322
6048 2753
6049 2753
6050 2322
6051 2746
6052 2731
6053 2746
6054 2731
6055 2733
6056 2703
6057 2703
6058 2703
6059 2703
6060 2322
6061 2753
6062 2734
6063 2731
6064 2753
6065 2746
6066 2703
6067 2712
6068 2733
6069 2711
6070 2733
6071 2734
6072 2734
6073 2711
6074 2703
6075 2746
6076 2731
6077 2746
6078 2731
6079 2746
6080 2446
6081 2753
6082 2753
6083 2446
6084 2746
6085 2322
6086 2446
6087 2446
6088 2446
6089 2711
6090 2446
6091 2446
6092 2753
6093 2446
6094 2446
6095 2446
6096 2446
6097 2445
6098 2445
6099 2446
6100 2446
6101 2446
6102 2446
6103 2446
6104 2318
6105 2318
6106 2321
6107 2321
6108 2321
6109 2321
6110 2321
6111 2321
6112 2321
6113 2321
6114 2321
6115 2321
6116 2321
6117 2321
6118 2321
6119 2321
6120 2318
6121 2321
6122 2321
6123 2321
6124 2321
6125 2321
6126 2321
6127 2321
6128 2321
6129 2321
6130 2445
6131 2430
6132 2321
6133 2321
6134 2321
6135 2321
6136 2321
6137 2321
6138 2318
6139 2321
6140 2321
6141 2321
6142 2446
6143 2446
6144 2445
6145 2321
6146 2430
6147 2430
6148 2318
6149 2318
6150 2321
6151 2321
6152 2321
6153 2321
6154 2321
6155 2321
6156 2321
6157 2321
6158 2703
6159 2288
6160 2288
6161 2253
6162 2266
6163 2253
6164 2253
6165 2253
6166 2266
6167 2288
6168 2253
6169 2266
6170 2288
6171 2288
6172 2266
6173 2288
6174 2266
6175 2266
6176 2266
6177 2698
6178 2705
6179 2705
6180 2705
6181 2705
6182 2705
6183 2266
6184 2705
6185 2705
6186 2705
6187 2705
6188 2705
6189 2705
6190 2705
6191 2705
6192 2705
6193 2698
6194 2266
6195 2705
6196 2705
6197 2705
6198 2705
6199 2705
6200 2705
6201 2705
6202 2705
6203 2266
6204 2266
6205 2705
6206 2705
6207 2705
6208 2705
6209 2705
6210 2705
6211 2705
6212 2705
6213 2705
6214 2705
6215 2266
6216 2266
6217 2266
6218 2705
6219 2266
6220 2266
6221 2705
6222 2705
6223 2705
6224 2705
6225 2705
6226 2705
6227 2705
6228 2705
6229 2705
6230 2705
6231 2116
6232 2703
6233 2116
6234 2248
6235 1987
6236 2248
6237 2252
6238 2253
6239 2248
6240 3515
6241 3515
6242 3515
6243 3515
6244 3637
6245 3515
6246 3947
6247 3641
6248 3641
6249 3641
6250 3641
6251 3641
6252 3641
6253 3515
6254 3515
6255 3515
6256 3947
6257 3515
6258 3515
6259 3641
6260 3637
6261 3515
6262 3637
6263 3641
6264 3641
6265 3641
6266 3515
6267 3947
6268 3515
6269 3641
6270 3641
6271 3515
6272 3515
6273 1301
6274 3061
6275 3515
6276 3515
6277 3515
6278 3515
6279 3515
6280 4258
6281 4258
6282 4915
6283 4915
6284 4811
6285 4958
6286 4955
6287 4412
6288 4412
6289 4424
6290 6293
6291 6874
6292 6291
6293 4193
6294 6543
6295 6874
6296 4953
6297 6544
6298 4411
6299 6309
6300 4957
6301 4957
6302 4102
6303 5224
6304 4284
6305 4375
6306 6306
6307 4146
6308 4957
6309 4411
6310 6295
6311 6295
6312 4956
6313 3073
6314 3078
6315 3074
6316 4377
6317 6273
6318 4184
6319 4183
6320 4081
6321 4183
6322 4080
6323 4080
6324 4112
6325 4110
6326 4753
6327 4751
6328 6319
6329 4211
6330 4112
6331 4174
6332 4173
6333 1220
6334 5174
6335 1951
6336 3012
6337 3012
6338 4300
6339 4292
6340 4299
6341 4783
6342 4102
6343 2878
6344 4784
6345 4783
6346 4786
6347 4294
6348 4231
6349 5271
6350 5272
6351 6339
6352 6339
6353 4232
6354 5315
6355 6461
6356 4205
6357 4205
6358 4205
6359 5328
6360 5306
6361 5302
6362 4201
6363 6322
6364 6320
6365 6879
6366 4108
6367 6301
6368 4923
6369 6518
6370 6538
6371 6531
6372 4405
6373 4405
6374 4311
6375 4311
6376 4354
6377 4354
6378 4311
6379 6873
6380 6873
6381 4951
6382 4952
6383 4310
6384 4951
6385 4984
6386 4985
6387 4341
6388 4343
6389 6532
6390 6489
6391 4967
6392 4377
6393 4718
6394 4378
6395 4155
6396 4185
6397 4908
6398 4909
6399 6365
6400 4907
6401 6418
6402 6419
6403 5299
6404 4722
6405 5282
6406 4723
6407 6394
6408 6392
6409 6476
6410 4237
6411 6482
6412 6490
6413 4682
6414 4100
6415 4098
6416 6485
6417 6320
6418 6879
6419 4137
6420 4110
6421 4112
6422 4080
6423 4735
6424 4908
6425 6392
6426 4186
6427 6502
6428 4697
6429 6391
6430 4719
6431 3920
6432 3921
6433 6403
6434 5291
6435 6460
6436 5306
6437 5306
6438 5291
6439 5291
6440 6460
6441 5292
6442 5312
6443 5292
6444 5312
6445 5291
6446 5312
6447 6350
6448 6349
6449 5325
6450 6400
6451 6463
6452 6463
6453 6463
6454 5325
6455 5285
6456 4237
6457 4719
6458 6421
6459 6422
6460 6408
6461 5299
6462 4724
6463 6425
6464 6395
6465 4718
6466 4240
6467 4269
6468 6339
6469 5271
6470 6339
6471 4116
6472 4805
6473 4810
6474 4811
6475 4175
6476 4968
6477 4084
6478 4182
6479 4181
6480 4181
6481 4084
6482 4085
6483 4155
6484 4085
6485 4082
6486 4085
6487 6319
6488 6318
6489 6317
6490 6319
6491 4111
6492 3573
6493 382
6494 86
6495 63
6496 826
6497 211
6498 4695
6499 4237
6500 2872
6501 3062
6502 812
6503 6315
6504 5039
6505 5071
6506 4459
6507 4459
6508 4430
6509 5077
6510 4712
6511 4460
6512 4458
6513 4340
6514 4712
6515 4335
6516 5198
6517 5378
6518 4388
6519 4340
6520 4459
6521 4690
6522 4398
6523 6513
6524 4984
6525 6516
6526 4388
6527 4388
6528 4443
6529 4318
6530 4363
6531 4336
6532 4973
6533 6506
6534 4333
6535 6511
6536 6877
6537 6873
6538 4335
6539 4360
6540 4321
6541 4361
6542 6519
6543 4399
6544 4923
6545 6542
6546 4495
6547 1061
6548 1061
6549 5067
6550 5099
6551 5374
6552 4468
6553 4472
6554 5197
6555 4457
6556 996
6557 4389
6558 4390
6559 4337
6560 4392
6561 4838
6562 4934
6563 4433
6564 4932
6565 4932
6566 6873
6567 6877
6568 4972
6569 4972
6570 4418
6571 6555
6572 6517
6573 6554
6574 6821
6575 6769
6576 6769
6577 6821
6578 6771
6579 6771
6580 6771
6581 6820
6582 6820
6583 6771
6584 6771
6585 6768
6586 6769
6587 6821
6588 6771
6589 6772
6590 6769
6591 6820
6592 6772
6593 6769
6594 6820
6595 6820
6596 6771
6597 6820
6598 6748
6599 6748
6600 6746
6601 6746
6602 6819
6603 6819
6604 6746
6605 6820
6606 6746
6607 6746
6608 6748
6609 6748
6610 6746
6611 5377
6612 5377
6613 5377
6614 5377
6615 5377
6616 5041
6617 5377
6618 5377
6619 5377
6620 5377
6621 5377
6622 5377
6623 5041
6624 6630
6625 6630
6626 5041
6627 5377
6628 5377
6629 5377
6630 5377
6631 6706
6632 5377
6633 5377
6634 6706
6635 5041
6636 5041
6637 6706
6638 6706
6639 5041
6640 6706
6641 5377
6642 5377
6643 5377
6644 5377
6645 5377
6646 5377
6647 5377
6648 5377
6649 5377
6650 5377
6651 5377
6652 5041
6653 5377
6654 5377
6655 5377
6656 5377
6657 5377
6658 5377
6659 5377
6660 5377
6661 5377
6662 5377
6663 5377
6664 5377
6665 5377
6666 5377
6667 5041
6668 5377
6669 5377
6670 5041
6671 5377
6672 5377
6673 5377
6674 5377
6675 5377
6676 5377
6677 5377
6678 5377
6679 6630
6680 6630
6681 6630
6682 6630
6683 6630
6684 6630
6685 6630
6686 6630
6687 6630
6688 6630
6689 6630
6690 6630
6691 6706
6692 6706
6693 5041
6694 6706
6695 5041
6696 6706
6697 6706
6698 6706
6699 5377
6700 5377
6701 5377
6702 5377
6703 5377
6704 5377
6705 5377
6706 5377
6707 5377
6708 5377
6709 5377
6710 6630
6711 6630
6712 5377
6713 6630
6714 6630
6715 6628
6716 6630
6717 6630
6718 6627
6719 6820
6720 6769
6721 6820
6722 6769
6723 6769
6724 6748
6725 6748
6726 6748
6727 6756
6728 6756
6729 6756
6730 6756
6731 6756
6732 6749
6733 6749
6734 6749
6735 6749
6736 6706
6737 6622
6738 6651
6739 6706
6740 6670
6741 6706
6742 6670
6743 6628
6744 6681
6745 6628
6746 6681
6747 6668
6748 6624
6749 6628
6750 6706
6751 6621
6752 6706
6753 6706
6754 6706
6755 6621
6756 6678
6757 6628
6758 6630
6759 6678
6760 6629
6761 6678
6762 6628
6763 6678
6764 6680
6765 6680
6766 6718
6767 6680
6768 6680
6769 6680
6770 6715
6771 6718
6772 6718
6773 6715
6774 6716
6775 6762
6776 6715
6777 6715
6778 6715
6779 6757
6780 6749
6781 6749
6782 6715
6783 6715
6784 6762
6785 6762
6786 6762
6787 6715
6788 6762
6789 6715
6790 6749
6791 6749
6792 6749
6793 6749
6794 6749
6795 6762
6796 6715
6797 6696
6798 6636
6799 6715
6800 6715
6801 6715
6802 6716
6803 6680
6804 6716
6805 6716
6806 6626
6807 6680
6808 6716
6809 6716
6810 6715
6811 6716
6812 6715
6813 6715
6814 6715
6815 6757
6816 6749
6817 6757
6818 6762
6819 6679
6820 6680
6821 6716
6822 6716
6823 6715
6824 6715
6825 6715
6826 6715
6827 6715
6828 6716
6829 6716
6830 6716
6831 6716
6832 6749
6833 6743
6834 6756
6835 6756
6836 6756
6837 6625
6838 6625
6839 6681
6840 6681
6841 6680
6842 6680
6843 6680
6844 6680
6845 6716
6846 6716
6847 6716
6848 6716
6849 6716
6850 6716
6851 6716
6852 6716
6853 6716
6854 6716
6855 6716
6856 6716
6857 6716
6858 6715
6859 6715
6860 6716
6861 6716
6862 6716
6863 6716
6864 6716
6865 6716
6866 6716
6867 6716
6868 6716
6869 6749
6870 4644
6871 4644
6872 4644
6873 4390
6874 4151
6875 4408
6876 6284
6877 4459
6878 4957
6879 4183
6880 4044
6881 4044
6882 4025
6883 4023
6884 3983
6885 3983
6886 4040
6887 4040
6888 4044
6889 4044
